# LECROYWM813Zi	51496	Waveform
# Segments	1	SegmentSize	4002
# Segment	TrigTime	TimeSinceSegment1
# #1	30-Nov-2018 17:24:55	0                 
# Time	Ampl
-5.001142e-008	0.0288086
-4.998642e-008	0.0144775
-4.996142e-008	0.0251221
-4.993642e-008	0.0353027
-4.991142e-008	0.0175537
-4.988642e-008	0.0141357
-4.986142e-008	0.0254639
-4.983642e-008	0.0267822
-4.981142e-008	0.0180908
-4.978642e-008	0.0177246
-4.976142e-008	0.030542
-4.973642e-008	0.0295899
-4.971142e-008	0.0133545
-4.968642e-008	0.00852052
-4.966142e-008	0.01604
-4.963642e-008	0.0139404
-4.961142e-008	0.0114746
-4.958642e-008	0.0209961
-4.956142e-008	0.0219482
-4.953642e-008	0.0243652
-4.951142e-008	0.0314209
-4.948642e-008	0.0265137
-4.946142e-008	0.0220459
-4.943642e-008	0.0186035
-4.941142e-008	0.0236572
-4.938642e-008	0.0265381
-4.936142e-008	0.0121826
-4.933642e-008	0.0140381
-4.931142e-008	0.0190918
-4.928642e-008	0.0140137
-4.926142e-008	0.0248047
-4.923642e-008	0.0348145
-4.921142e-008	0.0273682
-4.918642e-008	0.00922852
-4.916142e-008	0.00437012
-4.913642e-008	0.024292
-4.911142e-008	0.0256592
-4.908642e-008	0.0147949
-4.906142e-008	0.0263916
-4.903642e-008	0.0225098
-4.901142e-008	0.00966798
-4.898642e-008	0.0172852
-4.896142e-008	0.0256836
-4.893642e-008	0.0345459
-4.891142e-008	0.0339844
-4.888642e-008	0.0292725
-4.886142e-008	0.0287598
-4.883642e-008	0.0216065
-4.881142e-008	0.0212402
-4.878642e-008	0.0176758
-4.876142e-008	0.021167
-4.873642e-008	0.0331299
-4.871142e-008	0.0213867
-4.868642e-008	0.0177734
-4.866142e-008	0.0286133
-4.863642e-008	0.0159424
-4.861142e-008	0.00476075
-4.858642e-008	0.0192383
-4.856142e-008	0.0252197
-4.853642e-008	0.0176025
-4.851142e-008	0.0127441
-4.848642e-008	0.0128906
-4.846142e-008	0.0280762
-4.843642e-008	0.032959
-4.841142e-008	0.0266602
-4.838642e-008	0.0277588
-4.836142e-008	0.0267578
-4.833642e-008	0.027417
-4.831142e-008	0.014209
-4.828642e-008	0.00837403
-4.826142e-008	0.0137451
-4.823642e-008	0.00715333
-4.821142e-008	0.0258545
-4.818642e-008	0.0378174
-4.816142e-008	0.0267334
-4.813642e-008	0.0221436
-4.811142e-008	0.00742188
-4.808642e-008	0.010791
-4.806142e-008	0.0239258
-4.803642e-008	0.0232422
-4.801142e-008	0.0271973
-4.798642e-008	0.0146973
-4.796142e-008	0.0154785
-4.793642e-008	0.034375
-4.791142e-008	0.0234131
-4.788642e-008	0.0249268
-4.786142e-008	0.0322998
-4.783642e-008	0.019751
-4.781142e-008	0.0215576
-4.778642e-008	0.019165
-4.776142e-008	0.0177246
-4.773642e-008	0.0236816
-4.771142e-008	0.0215576
-4.768642e-008	0.0232666
-4.766142e-008	0.0218506
-4.763642e-008	0.021582
-4.761142e-008	0.01875
-4.758642e-008	0.017334
-4.756142e-008	0.0314209
-4.753642e-008	0.0338379
-4.751142e-008	0.0218506
-4.748642e-008	0.0199463
-4.746142e-008	0.0240234
-4.743642e-008	0.0113281
-4.741142e-008	0.0027588
-4.738642e-008	0.0189453
-4.736142e-008	0.0304688
-4.733642e-008	0.0316895
-4.731142e-008	0.0294678
-4.728642e-008	0.0270508
-4.726142e-008	0.0277344
-4.723642e-008	0.0203613
-4.721142e-008	0.0159912
-4.718642e-008	0.0198486
-4.716142e-008	0.0236084
-4.713642e-008	0.0297852
-4.711142e-008	0.0269531
-4.708642e-008	0.0212891
-4.706142e-008	0.0298584
-4.703642e-008	0.0333496
-4.701142e-008	0.0230957
-4.698642e-008	0.0234619
-4.696142e-008	0.0307129
-4.693642e-008	0.022583
-4.691142e-008	0.0190918
-4.688642e-008	0.023584
-4.686142e-008	0.0159912
-4.683642e-008	0.0150635
-4.681142e-008	0.0178711
-4.678642e-008	0.0144287
-4.676142e-008	0.0250977
-4.673642e-008	0.0299561
-4.671142e-008	0.0125488
-4.668642e-008	0.0205566
-4.666142e-008	0.0408691
-4.663642e-008	0.0218994
-4.661142e-008	0.0158936
-4.658642e-008	0.0328369
-4.656142e-008	0.0267578
-4.653642e-008	0.0212647
-4.651142e-008	0.0171631
-4.648642e-008	0.0140137
-4.646142e-008	0.0238037
-4.643642e-008	0.0269043
-4.641142e-008	0.027124
-4.638642e-008	0.0254639
-4.636142e-008	0.0241699
-4.633642e-008	0.0303711
-4.631142e-008	0.0249756
-4.628642e-008	0.0244629
-4.626142e-008	0.0328858
-4.623642e-008	0.0229492
-4.621142e-008	0.0172607
-4.618642e-008	0.02229
-4.616142e-008	0.0236328
-4.613642e-008	0.0239502
-4.611142e-008	0.019043
-4.608642e-008	0.0170654
-4.606142e-008	0.022876
-4.603642e-008	0.0295654
-4.601142e-008	0.0222656
-4.598642e-008	0.00217286
-4.596142e-008	0.00754395
-4.593642e-008	0.0267578
-4.591142e-008	0.0189209
-4.588642e-008	0.0165527
-4.586142e-008	0.0249756
-4.583642e-008	0.0159424
-4.581142e-008	0.0234619
-4.578642e-008	0.0325684
-4.576142e-008	0.0226807
-4.573642e-008	0.0221191
-4.571142e-008	0.0149414
-4.568642e-008	0.0171387
-4.566142e-008	0.0331055
-4.563642e-008	0.0294922
-4.561142e-008	0.0219971
-4.558642e-008	0.0164063
-4.556142e-008	0.0223145
-4.553642e-008	0.0348389
-4.551142e-008	0.0211914
-4.548642e-008	0.00942384
-4.546142e-008	0.0178711
-4.543642e-008	0.0217529
-4.541142e-008	0.0262451
-4.538642e-008	0.0210205
-4.536142e-008	0.0139404
-4.533642e-008	0.0303955
-4.531142e-008	0.0186524
-4.528642e-008	-0.00131835
-4.526142e-008	0.0227539
-4.523642e-008	0.0335449
-4.521142e-008	0.0313721
-4.518642e-008	0.0317871
-4.516142e-008	0.0139893
-4.513642e-008	0.0123535
-4.511142e-008	0.016919
-4.508642e-008	0.0170899
-4.506142e-008	0.0341309
-4.503642e-008	0.0339844
-4.501142e-008	0.0262695
-4.498642e-008	0.0352295
-4.496142e-008	0.0358887
-4.493642e-008	0.0356445
-4.491142e-008	0.0313477
-4.488642e-008	0.0171631
-4.486142e-008	0.0134277
-4.483642e-008	0.0135742
-4.481142e-008	0.0178955
-4.478642e-008	0.0253906
-4.476142e-008	0.0219971
-4.473642e-008	0.0198975
-4.471142e-008	0.0200928
-4.468642e-008	0.0241455
-4.466142e-008	0.0386475
-4.463642e-008	0.0255859
-4.461142e-008	0.0041504
-4.458642e-008	0.0177979
-4.456142e-008	0.0187744
-4.453642e-008	0.0169922
-4.451142e-008	0.0321533
-4.448642e-008	0.0216797
-4.446142e-008	0.0195068
-4.443642e-008	0.030127
-4.441142e-008	0.0265381
-4.438642e-008	0.0252686
-4.436142e-008	0.0250977
-4.433642e-008	0.0363281
-4.431142e-008	0.0342041
-4.428642e-008	0.0212158
-4.426142e-008	0.027002
-4.423642e-008	0.0173828
-4.421142e-008	0.0185547
-4.418642e-008	0.0291992
-4.416142e-008	0.0215576
-4.413642e-008	0.0322998
-4.411142e-008	0.0341553
-4.408642e-008	0.0231445
-4.406142e-008	0.0305908
-4.403642e-008	0.0285645
-4.401142e-008	0.0162598
-4.398642e-008	0.0202881
-4.396142e-008	0.0301514
-4.393642e-008	0.030127
-4.391142e-008	0.0257813
-4.388642e-008	0.0205078
-4.386142e-008	0.0263672
-4.383642e-008	0.0304199
-4.381142e-008	0.0167969
-4.378642e-008	0.0138184
-4.376142e-008	0.0237305
-4.373642e-008	0.0258301
-4.371142e-008	0.0209473
-4.368642e-008	0.0227539
-4.366142e-008	0.0252686
-4.363642e-008	0.027417
-4.361142e-008	0.0370606
-4.358642e-008	0.0289551
-4.356142e-008	0.0223145
-4.353642e-008	0.0309326
-4.351142e-008	0.0188477
-4.348642e-008	0.016626
-4.346142e-008	0.0319336
-4.343642e-008	0.0238281
-4.341142e-008	0.0135254
-4.338642e-008	0.0156494
-4.336142e-008	0.0234619
-4.333642e-008	0.0287109
-4.331142e-008	0.0165527
-4.328642e-008	0.0141846
-4.326142e-008	0.0212158
-4.323642e-008	0.023999
-4.321142e-008	0.0305664
-4.318642e-008	0.0195801
-4.316142e-008	0.0128418
-4.313642e-008	0.0268066
-4.311142e-008	0.0198731
-4.308642e-008	0.0101074
-4.306142e-008	0.0208496
-4.303642e-008	0.0161621
-4.301142e-008	0.0108887
-4.298642e-008	0.0226318
-4.296142e-008	0.030249
-4.293642e-008	0.0373047
-4.291142e-008	0.0293945
-4.288642e-008	0.0168945
-4.286142e-008	0.0176514
-4.283642e-008	0.0157471
-4.281142e-008	0.0223633
-4.278642e-008	0.0199219
-4.276142e-008	0.00874024
-4.273642e-008	0.0229981
-4.271142e-008	0.027002
-4.268642e-008	0.0136719
-4.266142e-008	0.0209473
-4.263642e-008	0.0216797
-4.261142e-008	0.0133301
-4.258642e-008	0.025293
-4.256142e-008	0.0345947
-4.253642e-008	0.0292725
-4.251142e-008	0.0134766
-4.248642e-008	0.00983887
-4.246142e-008	0.0263428
-4.243642e-008	0.0254639
-4.241142e-008	0.020874
-4.238642e-008	0.0223389
-4.236142e-008	0.0238525
-4.233642e-008	0.0282227
-4.231142e-008	0.0165039
-4.228642e-008	0.0186279
-4.226142e-008	0.0293213
-4.223642e-008	0.0196533
-4.221142e-008	0.0272217
-4.218642e-008	0.0394531
-4.216142e-008	0.0273438
-4.213642e-008	0.0165527
-4.211142e-008	0.0230957
-4.208642e-008	0.0236084
-4.206142e-008	0.0102051
-4.203642e-008	0.0132813
-4.201142e-008	0.0251709
-4.198642e-008	0.0245117
-4.196142e-008	0.0276367
-4.193642e-008	0.0289795
-4.191142e-008	0.013501
-4.188642e-008	0.0161377
-4.186142e-008	0.0277344
-4.183642e-008	0.0144531
-4.181142e-008	0.0133789
-4.178642e-008	0.018042
-4.176142e-008	0.0214111
-4.173642e-008	0.0343506
-4.171142e-008	0.0225098
-4.168642e-008	0.0184082
-4.166142e-008	0.0292725
-4.163642e-008	0.02229
-4.161142e-008	0.019751
-4.158642e-008	0.0285889
-4.156142e-008	0.0401367
-4.153642e-008	0.0324219
-4.151142e-008	0.0143066
-4.148642e-008	0.0174561
-4.146142e-008	0.0281006
-4.143642e-008	0.0324463
-4.141142e-008	0.024707
-4.138642e-008	0.0169678
-4.136142e-008	0.021582
-4.133642e-008	0.0316895
-4.131142e-008	0.0385986
-4.128642e-008	0.0335449
-4.126142e-008	0.0322022
-4.123642e-008	0.0324219
-4.121142e-008	0.0243652
-4.118642e-008	0.0200684
-4.116142e-008	0.0225586
-4.113642e-008	0.0290039
-4.111142e-008	0.0215088
-4.108642e-008	0.0153076
-4.106142e-008	0.0260498
-4.103642e-008	0.0187256
-4.101142e-008	0.00834962
-4.098642e-008	0.0230713
-4.096142e-008	0.0332764
-4.093642e-008	0.0244141
-4.091142e-008	0.0132568
-4.088642e-008	0.00954591
-4.086142e-008	0.0137207
-4.083642e-008	0.0223389
-4.081142e-008	0.0246338
-4.078642e-008	0.0182129
-4.076142e-008	0.0210449
-4.073642e-008	0.0223145
-4.071142e-008	0.00478516
-4.068642e-008	0.00312501
-4.066142e-008	0.014209
-4.063642e-008	0.0132568
-4.061142e-008	0.0171143
-4.058642e-008	0.0161377
-4.056142e-008	0.0195557
-4.053642e-008	0.0307617
-4.051142e-008	0.0220703
-4.048642e-008	0.0218506
-4.046142e-008	0.0265625
-4.043642e-008	0.0173584
-4.041142e-008	0.0197998
-4.038642e-008	0.0261963
-4.036142e-008	0.0345215
-4.033642e-008	0.0363037
-4.031142e-008	0.0179199
-4.028642e-008	0.0166748
-4.026142e-008	0.0307129
-4.023642e-008	0.0282227
-4.021142e-008	0.0240967
-4.018642e-008	0.0287109
-4.016142e-008	0.0351074
-4.013642e-008	0.0296143
-4.011142e-008	0.0106445
-4.008642e-008	0.0113281
-4.006142e-008	0.0262695
-4.003642e-008	0.0279541
-4.001142e-008	0.0154053
-3.998642e-008	0.00817872
-3.996142e-008	0.0266602
-3.993642e-008	0.0286133
-3.991142e-008	0.0165527
-3.988642e-008	0.0244141
-3.986142e-008	0.0218018
-3.983642e-008	0.0206543
-3.981142e-008	0.0219971
-3.978642e-008	0.0105225
-3.976142e-008	0.0180664
-3.973642e-008	0.0317383
-3.971142e-008	0.0234619
-3.968642e-008	0.0172119
-3.966142e-008	0.0219727
-3.963642e-008	0.0216309
-3.961142e-008	0.025293
-3.958642e-008	0.0248779
-3.956142e-008	0.022876
-3.953642e-008	0.0311279
-3.951142e-008	0.0277588
-3.948642e-008	0.0250733
-3.946142e-008	0.0273193
-3.943642e-008	0.0246338
-3.941142e-008	0.0261719
-3.938642e-008	0.0222656
-3.936142e-008	0.0203125
-3.933642e-008	0.0216553
-3.931142e-008	0.0147217
-3.928642e-008	0.0174805
-3.926142e-008	0.0226074
-3.923642e-008	0.0166748
-3.921142e-008	0.0234619
-3.918642e-008	0.0250733
-3.916142e-008	0.019458
-3.913642e-008	0.030835
-3.911142e-008	0.0227539
-3.908642e-008	0.017334
-3.906142e-008	0.0295899
-3.903642e-008	0.0216797
-3.901142e-008	0.0226563
-3.898642e-008	0.0286865
-3.896142e-008	0.0251221
-3.893642e-008	0.0226074
-3.891142e-008	0.018335
-3.888642e-008	0.0288086
-3.886142e-008	0.0288574
-3.883642e-008	0.0169678
-3.881142e-008	0.035791
-3.878642e-008	0.042041
-3.876142e-008	0.0127686
-3.873642e-008	0.0105469
-3.871142e-008	0.0284424
-3.868642e-008	0.0244629
-3.866142e-008	0.020044
-3.863642e-008	0.0219971
-3.861142e-008	0.022168
-3.858642e-008	0.025
-3.856142e-008	0.0276123
-3.853642e-008	0.0275635
-3.851142e-008	0.0203613
-3.848642e-008	0.0208984
-3.846142e-008	0.0283203
-3.843642e-008	0.0233887
-3.841142e-008	0.016626
-3.838642e-008	0.014502
-3.836142e-008	0.0219727
-3.833642e-008	0.032544
-3.831142e-008	0.0286621
-3.828642e-008	0.020044
-3.826142e-008	0.0237793
-3.823642e-008	0.0331299
-3.821142e-008	0.0176025
-3.818642e-008	0.00627442
-3.816142e-008	0.0283936
-3.813642e-008	0.0304199
-3.811142e-008	0.019751
-3.808642e-008	0.0228027
-3.806142e-008	0.024707
-3.803642e-008	0.0286621
-3.801142e-008	0.0139404
-3.798642e-008	0.00270997
-3.796142e-008	0.0198975
-3.793642e-008	0.0226563
-3.791142e-008	0.0195313
-3.788642e-008	0.0270264
-3.786142e-008	0.0222656
-3.783642e-008	0.0187988
-3.781142e-008	0.0303223
-3.778642e-008	0.0356201
-3.776142e-008	0.0290527
-3.773642e-008	0.0145996
-3.771142e-008	0.00578614
-3.768642e-008	0.0188721
-3.766142e-008	0.0241211
-3.763642e-008	0.0234863
-3.761142e-008	0.0286377
-3.758642e-008	0.0215088
-3.756142e-008	0.0250733
-3.753642e-008	0.023877
-3.751142e-008	0.00878907
-3.748642e-008	0.0165527
-3.746142e-008	0.0293945
-3.743642e-008	0.031543
-3.741142e-008	0.0322266
-3.738642e-008	0.0276367
-3.736142e-008	0.0215088
-3.733642e-008	0.0212402
-3.731142e-008	0.0186524
-3.728642e-008	0.0130859
-3.726142e-008	0.0140625
-3.723642e-008	0.023999
-3.721142e-008	0.0296143
-3.718642e-008	0.0114014
-3.716142e-008	0.00771485
-3.713642e-008	0.0250488
-3.711142e-008	0.0143555
-3.708642e-008	0.00864259
-3.706142e-008	0.0200195
-3.703642e-008	0.0147461
-3.701142e-008	0.0128174
-3.698642e-008	0.0104248
-3.696142e-008	0.0107422
-3.693642e-008	0.0314209
-3.691142e-008	0.0237549
-3.688642e-008	0.00700684
-3.686142e-008	0.0141602
-3.683642e-008	0.0122559
-3.681142e-008	0.0275879
-3.678642e-008	0.0317139
-3.676142e-008	0.0177002
-3.673642e-008	0.0364014
-3.671142e-008	0.0283691
-3.668642e-008	0.0125244
-3.666142e-008	0.0285156
-3.663642e-008	0.0243408
-3.661142e-008	0.0188477
-3.658642e-008	0.0216553
-3.656142e-008	0.0239502
-3.653642e-008	0.0362549
-3.651142e-008	0.0214356
-3.648642e-008	0.00410157
-3.646142e-008	0.0266602
-3.643642e-008	0.0365234
-3.641142e-008	0.0240479
-3.638642e-008	0.015332
-3.636142e-008	0.0100586
-3.633642e-008	0.015332
-3.631142e-008	0.0138428
-3.628642e-008	0.0136231
-3.626142e-008	0.0261963
-3.623642e-008	0.028125
-3.621142e-008	0.023291
-3.618642e-008	0.019165
-3.616142e-008	0.0216309
-3.613642e-008	0.0242432
-3.611142e-008	0.0174072
-3.608642e-008	0.0205078
-3.606142e-008	0.0238525
-3.603642e-008	0.0169922
-3.601142e-008	0.0171143
-3.598642e-008	0.0189209
-3.596142e-008	0.0183838
-3.593642e-008	0.016919
-3.591142e-008	0.00590821
-3.588642e-008	-0.0010498
-3.586142e-008	0.0165527
-3.583642e-008	0.0356934
-3.581142e-008	0.0279785
-3.578642e-008	0.0177246
-3.576142e-008	0.0225586
-3.573642e-008	0.0243897
-3.571142e-008	0.0227783
-3.568642e-008	0.0184815
-3.566142e-008	0.0120361
-3.563642e-008	0.0143555
-3.561142e-008	0.0181641
-3.558642e-008	0.0227783
-3.556142e-008	0.0218262
-3.553642e-008	0.00847169
-3.551142e-008	0.0135986
-3.548642e-008	0.0293945
-3.546142e-008	0.0251465
-3.543642e-008	0.0221924
-3.541142e-008	0.0277588
-3.538642e-008	0.0230713
-3.536142e-008	0.0207275
-3.533642e-008	0.028418
-3.531142e-008	0.0252686
-3.528642e-008	0.016626
-3.526142e-008	0.0168457
-3.523642e-008	0.0168457
-3.521142e-008	0.0197754
-3.518642e-008	0.0240723
-3.516142e-008	0.0194092
-3.513642e-008	0.0126709
-3.511142e-008	0.0145508
-3.508642e-008	0.0260254
-3.506142e-008	0.0303467
-3.503642e-008	0.0238281
-3.501142e-008	0.02229
-3.498642e-008	0.0213379
-3.496142e-008	0.0201416
-3.493642e-008	0.030835
-3.491142e-008	0.0324951
-3.488642e-008	0.0136475
-3.486142e-008	0.00808106
-3.483642e-008	0.0189209
-3.481142e-008	0.0257324
-3.478642e-008	0.0312988
-3.476142e-008	0.028833
-3.473642e-008	0.0244141
-3.471142e-008	0.027124
-3.468642e-008	0.0257324
-3.466142e-008	0.0253906
-3.463642e-008	0.021875
-3.461142e-008	0.0294434
-3.458642e-008	0.0387695
-3.456142e-008	0.0186279
-3.453642e-008	0.0202881
-3.451142e-008	0.0230957
-3.448642e-008	0.00212403
-3.446142e-008	0.0131592
-3.443642e-008	0.0206787
-3.441142e-008	0.017334
-3.438642e-008	0.0201172
-3.436142e-008	0.0195801
-3.433642e-008	0.0283691
-3.431142e-008	0.0218262
-3.428642e-008	0.0153565
-3.426142e-008	0.0220947
-3.423642e-008	0.0275147
-3.421142e-008	0.0380859
-3.418642e-008	0.0282715
-3.416142e-008	0.0207764
-3.413642e-008	0.0424561
-3.411142e-008	0.037207
-3.408642e-008	0.0154053
-3.406142e-008	0.0225586
-3.403642e-008	0.0227295
-3.401142e-008	0.0199463
-3.398642e-008	0.023584
-3.396142e-008	0.017749
-3.393642e-008	0.0305664
-3.391142e-008	0.0311035
-3.388642e-008	0.0186035
-3.386142e-008	0.0269287
-3.383642e-008	0.0223633
-3.381142e-008	0.0195068
-3.378642e-008	0.0231201
-3.376142e-008	0.0149414
-3.373642e-008	0.0220947
-3.371142e-008	0.0282959
-3.368642e-008	0.0205322
-3.366142e-008	0.0282715
-3.363642e-008	0.0344727
-3.361142e-008	0.0208008
-3.358642e-008	0.0230957
-3.356142e-008	0.0383545
-3.353642e-008	0.0214844
-3.351142e-008	0.00419923
-3.348642e-008	0.0255615
-3.346142e-008	0.026416
-3.343642e-008	0.00783692
-3.341142e-008	0.0229248
-3.338642e-008	0.0286621
-3.336142e-008	0.0222168
-3.333642e-008	0.0321533
-3.331142e-008	0.0287354
-3.328642e-008	0.0230957
-3.326142e-008	0.0238037
-3.323642e-008	0.017334
-3.321142e-008	0.0151856
-3.318642e-008	0.0185303
-3.316142e-008	0.0287354
-3.313642e-008	0.0337647
-3.311142e-008	0.022168
-3.308642e-008	0.0196777
-3.306142e-008	0.0226074
-3.303642e-008	0.0131836
-3.301142e-008	0.0172852
-3.298642e-008	0.0260254
-3.296142e-008	0.0273682
-3.293642e-008	0.0397949
-3.291142e-008	0.0317871
-3.288642e-008	0.0167969
-3.286142e-008	0.0219971
-3.283642e-008	0.0172607
-3.281142e-008	0.0226563
-3.278642e-008	0.0256592
-3.276142e-008	0.0128906
-3.273642e-008	0.0229004
-3.271142e-008	0.0248779
-3.268642e-008	0.0144775
-3.266142e-008	0.0221436
-3.263642e-008	0.0244873
-3.261142e-008	0.0137207
-3.258642e-008	0.0136475
-3.256142e-008	0.0261231
-3.253642e-008	0.0285156
-3.251142e-008	0.0219482
-3.248642e-008	0.0218506
-3.246142e-008	0.0261231
-3.243642e-008	0.0249756
-3.241142e-008	0.0171631
-3.238642e-008	0.0163574
-3.236142e-008	0.0266113
-3.233642e-008	0.0213867
-3.231142e-008	0.00424805
-3.228642e-008	0.0146729
-3.226142e-008	0.0218994
-3.223642e-008	0.0118897
-3.221142e-008	0.0177246
-3.218642e-008	0.0161865
-3.216142e-008	0.020166
-3.213642e-008	0.0213867
-3.211142e-008	0.00097657
-3.208642e-008	0.00830079
-3.206142e-008	0.0195801
-3.203642e-008	0.0274658
-3.201142e-008	0.0373779
-3.198642e-008	0.0278809
-3.196142e-008	0.0352051
-3.193642e-008	0.0302246
-3.191142e-008	0.0145996
-3.188642e-008	0.0247559
-3.186142e-008	0.0184815
-3.183642e-008	0.0135254
-3.181142e-008	0.0191162
-3.178642e-008	0.0108154
-3.176142e-008	0.0150635
-3.173642e-008	0.0244629
-3.171142e-008	0.0142822
-3.168642e-008	0.00834962
-3.166142e-008	0.0139649
-3.163642e-008	0.0118897
-3.161142e-008	0.0241699
-3.158642e-008	0.0384522
-3.156142e-008	0.0182617
-3.153642e-008	0.00590821
-3.151142e-008	0.0145264
-3.148642e-008	0.0143799
-3.146142e-008	0.0165283
-3.143642e-008	0.0238525
-3.141142e-008	0.0263672
-3.138642e-008	0.02229
-3.136142e-008	0.0247803
-3.133642e-008	0.0380371
-3.131142e-008	0.030542
-3.128642e-008	0.0231201
-3.126142e-008	0.0379395
-3.123642e-008	0.0279785
-3.121142e-008	0.00856934
-3.118642e-008	0.0141846
-3.116142e-008	0.0240479
-3.113642e-008	0.0266113
-3.111142e-008	0.0216309
-3.108642e-008	0.0219727
-3.106142e-008	0.0302002
-3.103642e-008	0.0320557
-3.101142e-008	0.0261231
-3.098642e-008	0.0201904
-3.096142e-008	0.0197754
-3.093642e-008	0.0229981
-3.091142e-008	0.0294434
-3.088642e-008	0.0320313
-3.086142e-008	0.0246582
-3.083642e-008	0.0225098
-3.081142e-008	0.0361816
-3.078642e-008	0.0348145
-3.076142e-008	0.0230957
-3.073642e-008	0.0329102
-3.071142e-008	0.0264404
-3.068642e-008	0.017041
-3.066142e-008	0.0305908
-3.063642e-008	0.0262451
-3.061142e-008	0.0217529
-3.058642e-008	0.0261231
-3.056142e-008	0.0229004
-3.053642e-008	0.029126
-3.051142e-008	0.0324951
-3.048642e-008	0.01875
-3.046142e-008	0.0133545
-3.043642e-008	0.0138672
-3.041142e-008	0.00576173
-3.038642e-008	0.0125244
-3.036142e-008	0.0227295
-3.033642e-008	0.0250733
-3.031142e-008	0.0273926
-3.028642e-008	0.0170166
-3.026142e-008	0.0193115
-3.023642e-008	0.0244629
-3.021142e-008	0.0194336
-3.018642e-008	0.0370361
-3.016142e-008	0.0417236
-3.013642e-008	0.0260742
-3.011142e-008	0.0183838
-3.008642e-008	0.0108643
-3.006142e-008	0.0192139
-3.003642e-008	0.0179199
-3.001142e-008	0.00410157
-2.998642e-008	0.0178711
-2.996142e-008	0.0230469
-2.993642e-008	0.0200195
-2.991142e-008	0.0272461
-2.988642e-008	0.020459
-2.986142e-008	0.0238281
-2.983642e-008	0.0320557
-2.981142e-008	0.0205078
-2.978642e-008	0.0149414
-2.976142e-008	0.0202881
-2.973642e-008	0.0258301
-2.971142e-008	0.0248535
-2.968642e-008	0.0183594
-2.966142e-008	0.0161377
-2.963642e-008	0.0153809
-2.961142e-008	0.024292
-2.958642e-008	0.0310059
-2.956142e-008	0.0198975
-2.953642e-008	0.0129639
-2.951142e-008	0.00717774
-2.948642e-008	0.00734864
-2.946142e-008	0.0241455
-2.943642e-008	0.0199463
-2.941142e-008	0.00378419
-2.938642e-008	0.00939942
-2.936142e-008	0.0181641
-2.933642e-008	0.0271484
-2.931142e-008	0.0296631
-2.928642e-008	0.0158691
-2.926142e-008	0.0115723
-2.923642e-008	0.0145264
-2.921142e-008	0.0175049
-2.918642e-008	0.020166
-2.916142e-008	0.0204102
-2.913642e-008	0.0305908
-2.911142e-008	0.0318848
-2.908642e-008	0.0251953
-2.906142e-008	0.0242432
-2.903642e-008	0.0174561
-2.901142e-008	0.0222412
-2.898642e-008	0.0290527
-2.896142e-008	0.0243897
-2.893642e-008	0.029834
-2.891142e-008	0.0322754
-2.888642e-008	0.0214356
-2.886142e-008	0.0193359
-2.883642e-008	0.0268066
-2.881142e-008	0.0250733
-2.878642e-008	0.0131592
-2.876142e-008	0.00646973
-2.873642e-008	0.013501
-2.871142e-008	0.0189697
-2.868642e-008	0.0132324
-2.866142e-008	0.0165283
-2.863642e-008	0.0233887
-2.861142e-008	0.0184082
-2.858642e-008	0.0217041
-2.856142e-008	0.0307861
-2.853642e-008	0.0228272
-2.851142e-008	0.0104981
-2.848642e-008	0.0044922
-2.846142e-008	0.00378419
-2.843642e-008	0.0206299
-2.841142e-008	0.0317139
-2.838642e-008	0.0120606
-2.836142e-008	0.0128662
-2.833642e-008	0.0310547
-2.831142e-008	0.0136963
-2.828642e-008	0.0133301
-2.826142e-008	0.0376953
-2.823642e-008	0.0267334
-2.821142e-008	0.0121826
-2.818642e-008	0.0172119
-2.816142e-008	0.023291
-2.813642e-008	0.0198731
-2.811142e-008	0.00607911
-2.808642e-008	0.017627
-2.806142e-008	0.0408936
-2.803642e-008	0.0397461
-2.801142e-008	0.0343018
-2.798642e-008	0.0241211
-2.796142e-008	0.0210205
-2.793642e-008	0.0317627
-2.791142e-008	0.0252441
-2.788642e-008	0.0234863
-2.786142e-008	0.0265381
-2.783642e-008	0.021582
-2.781142e-008	0.0260498
-2.778642e-008	0.0223145
-2.776142e-008	0.0214111
-2.773642e-008	0.0318115
-2.771142e-008	0.0283691
-2.768642e-008	0.0180908
-2.766142e-008	0.0166016
-2.763642e-008	0.0244873
-2.761142e-008	0.0315918
-2.758642e-008	0.0248291
-2.756142e-008	0.0128662
-2.753642e-008	0.0130615
-2.751142e-008	0.0114502
-2.748642e-008	0.0197998
-2.746142e-008	0.0358643
-2.743642e-008	0.0242188
-2.741142e-008	0.0181885
-2.738642e-008	0.0221436
-2.736142e-008	0.0259522
-2.733642e-008	0.0426758
-2.731142e-008	0.0375
-2.728642e-008	0.0181885
-2.726142e-008	0.0105713
-2.723642e-008	0.00895997
-2.721142e-008	0.0136719
-2.718642e-008	0.0231934
-2.716142e-008	0.033374
-2.713642e-008	0.0395508
-2.711142e-008	0.0390869
-2.708642e-008	0.0304443
-2.706142e-008	0.0288086
-2.703642e-008	0.0342285
-2.701142e-008	0.0234131
-2.698642e-008	0.00935059
-2.696142e-008	0.0165039
-2.693642e-008	0.025708
-2.691142e-008	0.0144043
-2.688642e-008	0.0126953
-2.686142e-008	0.0298584
-2.683642e-008	0.0339111
-2.681142e-008	0.0209229
-2.678642e-008	0.0101807
-2.676142e-008	0.0224365
-2.673642e-008	0.034375
-2.671142e-008	0.0175293
-2.668642e-008	0.0104004
-2.666142e-008	0.024585
-2.663642e-008	0.023877
-2.661142e-008	0.0180664
-2.658642e-008	0.0196533
-2.656142e-008	0.013501
-2.653642e-008	0.0102783
-2.651142e-008	0.0119873
-2.648642e-008	0.0137695
-2.646142e-008	0.0171143
-2.643642e-008	0.0212647
-2.641142e-008	0.0284424
-2.638642e-008	0.021582
-2.636142e-008	0.0194824
-2.633642e-008	0.0306397
-2.631142e-008	0.0202637
-2.628642e-008	0.0150879
-2.626142e-008	0.0234619
-2.623642e-008	0.0182373
-2.621142e-008	0.0151856
-2.618642e-008	0.0175537
-2.616142e-008	0.0240234
-2.613642e-008	0.0331299
-2.611142e-008	0.0291016
-2.608642e-008	0.0168213
-2.606142e-008	0.00686036
-2.603642e-008	0.0131348
-2.601142e-008	0.0243408
-2.598642e-008	0.0177734
-2.596142e-008	0.0223389
-2.593642e-008	0.0363037
-2.591142e-008	0.0322022
-2.588642e-008	0.0316162
-2.586142e-008	0.0344727
-2.583642e-008	0.0282227
-2.581142e-008	0.02146
-2.578642e-008	0.0121338
-2.576142e-008	0.0154541
-2.573642e-008	0.0297852
-2.571142e-008	0.0288574
-2.568642e-008	0.022168
-2.566142e-008	0.0210938
-2.563642e-008	0.0210938
-2.561142e-008	0.0174805
-2.558642e-008	0.0177734
-2.556142e-008	0.0342774
-2.553642e-008	0.039209
-2.551142e-008	0.0209961
-2.548642e-008	0.0161865
-2.546142e-008	0.0262207
-2.543642e-008	0.0239502
-2.541142e-008	0.0164063
-2.538642e-008	0.0186768
-2.536142e-008	0.027002
-2.533642e-008	0.0354004
-2.531142e-008	0.0311524
-2.528642e-008	0.018335
-2.526142e-008	0.0183106
-2.523642e-008	0.0202881
-2.521142e-008	0.0238037
-2.518642e-008	0.0376709
-2.516142e-008	0.0235596
-2.513642e-008	-0.00239257
-2.511142e-008	0.0112061
-2.508642e-008	0.028125
-2.506142e-008	0.0235596
-2.503642e-008	0.0234375
-2.501142e-008	0.019458
-2.498642e-008	0.0109619
-2.496142e-008	0.0161377
-2.493642e-008	0.0212158
-2.491142e-008	0.0187012
-2.488642e-008	0.0182129
-2.486142e-008	0.0209473
-2.483642e-008	0.0243164
-2.481142e-008	0.0191162
-2.478642e-008	0.0158203
-2.476142e-008	0.0274414
-2.473642e-008	0.0265625
-2.471142e-008	0.011499
-2.468642e-008	0.015918
-2.466142e-008	0.0272461
-2.463642e-008	0.0282227
-2.461142e-008	0.0249024
-2.458642e-008	0.013916
-2.456142e-008	0.0178955
-2.453642e-008	0.0255371
-2.451142e-008	0.0158936
-2.448642e-008	0.0220215
-2.446142e-008	0.0242188
-2.443642e-008	0.0215332
-2.441142e-008	0.0334717
-2.438642e-008	0.0253418
-2.436142e-008	0.0199951
-2.433642e-008	0.0240723
-2.431142e-008	0.0134033
-2.428642e-008	0.0203369
-2.426142e-008	0.0250488
-2.423642e-008	0.0147217
-2.421142e-008	0.0269531
-2.418642e-008	0.0276856
-2.416142e-008	0.019165
-2.413642e-008	0.0254395
-2.411142e-008	0.0139649
-2.408642e-008	0.0111084
-2.406142e-008	0.0198242
-2.403642e-008	0.0164795
-2.401142e-008	0.0184082
-2.398642e-008	0.0166504
-2.396142e-008	0.0204346
-2.393642e-008	0.0295654
-2.391142e-008	0.0192139
-2.388642e-008	0.0139404
-2.386142e-008	0.021582
-2.383642e-008	0.021875
-2.381142e-008	0.0280274
-2.378642e-008	0.0343018
-2.376142e-008	0.0304443
-2.373642e-008	0.0315674
-2.371142e-008	0.0247559
-2.368642e-008	0.0188965
-2.366142e-008	0.0256592
-2.363642e-008	0.0260742
-2.361142e-008	0.024585
-2.358642e-008	0.0213623
-2.356142e-008	0.0228027
-2.353642e-008	0.0271973
-2.351142e-008	0.0229004
-2.348642e-008	0.0224121
-2.346142e-008	0.0222168
-2.343642e-008	0.0209717
-2.341142e-008	0.0181152
-2.338642e-008	0.0142578
-2.336142e-008	0.0247559
-2.333642e-008	0.0293945
-2.331142e-008	0.0173096
-2.328642e-008	0.0139404
-2.326142e-008	0.0175537
-2.323642e-008	0.0169922
-2.321142e-008	0.0174072
-2.318642e-008	0.0202637
-2.316142e-008	0.0287109
-2.313642e-008	0.0360108
-2.311142e-008	0.03396
-2.308642e-008	0.0290283
-2.306142e-008	0.0155274
-2.303642e-008	0.0090088
-2.301142e-008	0.0149414
-2.298642e-008	0.0160889
-2.296142e-008	0.0328369
-2.293642e-008	0.0315674
-2.291142e-008	0.00593262
-2.288642e-008	0.00981446
-2.286142e-008	0.0136719
-2.283642e-008	0.0195068
-2.281142e-008	0.0281494
-2.278642e-008	0.0120117
-2.276142e-008	0.0216065
-2.273642e-008	0.0362061
-2.271142e-008	0.0181152
-2.268642e-008	0.0173828
-2.266142e-008	0.024585
-2.263642e-008	0.020459
-2.261142e-008	0.0260986
-2.258642e-008	0.0229492
-2.256142e-008	0.0259277
-2.253642e-008	0.0424805
-2.251142e-008	0.0244629
-2.248642e-008	0.0143555
-2.246142e-008	0.0286865
-2.243642e-008	0.0139893
-2.241142e-008	0.016626
-2.238642e-008	0.0248047
-2.236142e-008	-0.00437011
-2.233642e-008	0.00549317
-2.231142e-008	0.0372559
-2.228642e-008	0.0332764
-2.226142e-008	0.0336914
-2.223642e-008	0.0252197
-2.221142e-008	0.00522462
-2.218642e-008	0.0149414
-2.216142e-008	0.0226807
-2.213642e-008	0.0133057
-2.211142e-008	0.00964356
-2.208642e-008	0.0167725
-2.206142e-008	0.0263916
-2.203642e-008	0.025293
-2.201142e-008	0.0293213
-2.198642e-008	0.0206055
-2.196142e-008	-0.00395507
-2.193642e-008	0.0114502
-2.191142e-008	0.0298828
-2.188642e-008	0.0155762
-2.186142e-008	0.0116699
-2.183642e-008	0.0184326
-2.181142e-008	0.0188232
-2.178642e-008	0.0108887
-2.176142e-008	0.0145508
-2.173642e-008	0.0353272
-2.171142e-008	0.0411621
-2.168642e-008	0.0334717
-2.166142e-008	0.0187012
-2.163642e-008	0.005542
-2.161142e-008	0.0104736
-2.158642e-008	0.0177734
-2.156142e-008	0.0225342
-2.153642e-008	0.0232666
-2.151142e-008	0.0196777
-2.148642e-008	0.0211914
-2.146142e-008	0.0189453
-2.143642e-008	0.0213867
-2.141142e-008	0.0289063
-2.138642e-008	0.0241455
-2.136142e-008	0.0224609
-2.133642e-008	0.020166
-2.131142e-008	0.0098877
-2.128642e-008	0.012207
-2.126142e-008	0.0175781
-2.123642e-008	0.0249512
-2.121142e-008	0.029834
-2.118642e-008	0.0186279
-2.116142e-008	0.0243897
-2.113642e-008	0.0286865
-2.111142e-008	0.0116699
-2.108642e-008	0.0141846
-2.106142e-008	0.0230469
-2.103642e-008	0.0221436
-2.101142e-008	0.0192871
-2.098642e-008	0.0155518
-2.096142e-008	0.025293
-2.093642e-008	0.029834
-2.091142e-008	0.0168945
-2.088642e-008	0.0165283
-2.086142e-008	0.021875
-2.083642e-008	0.0234375
-2.081142e-008	0.0352539
-2.078642e-008	0.0347412
-2.076142e-008	0.0280518
-2.073642e-008	0.0327881
-2.071142e-008	0.0243652
-2.068642e-008	0.0145508
-2.066142e-008	0.0192627
-2.063642e-008	0.0253418
-2.061142e-008	0.0236328
-2.058642e-008	0.0123291
-2.056142e-008	0.0102539
-2.053642e-008	0.0180176
-2.051142e-008	0.00927735
-2.048642e-008	0.00163575
-2.046142e-008	0.0226318
-2.043642e-008	0.0361084
-2.041142e-008	0.0253174
-2.038642e-008	0.020166
-2.036142e-008	0.0188721
-2.033642e-008	0.013916
-2.031142e-008	0.0154297
-2.028642e-008	0.0165527
-2.026142e-008	0.0158447
-2.023642e-008	0.0211914
-2.021142e-008	0.0190674
-2.018642e-008	0.0190186
-2.016142e-008	0.0332031
-2.013642e-008	0.0316895
-2.011142e-008	0.0174561
-2.008642e-008	0.014624
-2.006142e-008	0.016626
-2.003642e-008	0.0195557
-2.001142e-008	0.026416
-1.998642e-008	0.0307129
-1.996142e-008	0.0309326
-1.993642e-008	0.0320801
-1.991142e-008	0.023584
-1.988642e-008	0.0130859
-1.986142e-008	0.0188965
-1.983642e-008	0.0267334
-1.981142e-008	0.0255615
-1.978642e-008	0.0220215
-1.976142e-008	0.0258301
-1.973642e-008	0.0218018
-1.971142e-008	0.00371095
-1.968642e-008	0.0135986
-1.966142e-008	0.0373535
-1.963642e-008	0.0319824
-1.961142e-008	0.018335
-1.958642e-008	0.0112549
-1.956142e-008	0.0166504
-1.953642e-008	0.0320313
-1.951142e-008	0.0264649
-1.948642e-008	0.0186279
-1.946142e-008	0.0221924
-1.943642e-008	0.0160645
-1.941142e-008	0.019165
-1.938642e-008	0.0284668
-1.936142e-008	0.0272949
-1.933642e-008	0.0230957
-1.931142e-008	0.0157227
-1.928642e-008	0.0178467
-1.926142e-008	0.0227295
-1.923642e-008	0.0222412
-1.921142e-008	0.023291
-1.918642e-008	0.0134766
-1.916142e-008	0.0170166
-1.913642e-008	0.0300293
-1.911142e-008	0.0193848
-1.908642e-008	0.0146484
-1.906142e-008	0.012207
-1.903642e-008	0.0053711
-1.901142e-008	0.00983887
-1.898642e-008	0.00939942
-1.896142e-008	0.01604
-1.893642e-008	0.0228027
-1.891142e-008	0.0161865
-1.888642e-008	0.0132813
-1.886142e-008	0.0134277
-1.883642e-008	0.0156006
-1.881142e-008	0.0193604
-1.878642e-008	0.0207031
-1.876142e-008	0.0166992
-1.873642e-008	0.0124756
-1.871142e-008	0.0121582
-1.868642e-008	0.0184326
-1.866142e-008	0.0262451
-1.863642e-008	0.0231201
-1.861142e-008	0.0259277
-1.858642e-008	0.0325928
-1.856142e-008	0.0318848
-1.853642e-008	0.0342041
-1.851142e-008	0.0263184
-1.848642e-008	0.012793
-1.846142e-008	0.0139649
-1.843642e-008	0.0175293
-1.841142e-008	0.019458
-1.838642e-008	0.0217285
-1.836142e-008	0.0205322
-1.833642e-008	0.0283936
-1.831142e-008	0.0296143
-1.828642e-008	0.0255127
-1.826142e-008	0.0297608
-1.823642e-008	0.0184326
-1.821142e-008	0.0204102
-1.818642e-008	0.0341065
-1.816142e-008	0.0226074
-1.813642e-008	0.0188721
-1.811142e-008	0.0226563
-1.808642e-008	0.0219727
-1.806142e-008	0.0207275
-1.803642e-008	0.00583497
-1.801142e-008	0.00217286
-1.798642e-008	0.0148926
-1.796142e-008	0.0253418
-1.793642e-008	0.0341309
-1.791142e-008	0.027832
-1.788642e-008	0.0171387
-1.786142e-008	0.018335
-1.783642e-008	0.0189209
-1.781142e-008	0.0181152
-1.778642e-008	0.0204346
-1.776142e-008	0.0290527
-1.773642e-008	0.0336914
-1.771142e-008	0.0253662
-1.768642e-008	0.0199463
-1.766142e-008	0.0212402
-1.763642e-008	0.0180908
-1.761142e-008	0.0195801
-1.758642e-008	0.0265381
-1.756142e-008	0.0219727
-1.753642e-008	0.023169
-1.751142e-008	0.0263184
-1.748642e-008	0.0175537
-1.746142e-008	0.0244629
-1.743642e-008	0.0259766
-1.741142e-008	0.0195313
-1.738642e-008	0.0273682
-1.736142e-008	0.0207275
-1.733642e-008	0.0103272
-1.731142e-008	0.0113037
-1.728642e-008	0.0135498
-1.726142e-008	0.0185059
-1.723642e-008	0.0182861
-1.721142e-008	0.0160645
-1.718642e-008	0.0236572
-1.716142e-008	0.0410156
-1.713642e-008	0.0385498
-1.711142e-008	0.0191162
-1.708642e-008	0.0251709
-1.706142e-008	0.0299561
-1.703642e-008	0.0204346
-1.701142e-008	0.0220459
-1.698642e-008	0.0213623
-1.696142e-008	0.0189697
-1.693642e-008	0.0180908
-1.691142e-008	0.0167236
-1.688642e-008	0.0180664
-1.686142e-008	0.016333
-1.683642e-008	0.0176758
-1.681142e-008	0.0183106
-1.678642e-008	0.0165772
-1.676142e-008	0.0221924
-1.673642e-008	0.0245606
-1.671142e-008	0.0191895
-1.668642e-008	0.0183594
-1.666142e-008	0.0194824
-1.663642e-008	0.0134033
-1.661142e-008	0.0150391
-1.658642e-008	0.0260498
-1.656142e-008	0.0285889
-1.653642e-008	0.0279541
-1.651142e-008	0.019458
-1.648642e-008	0.0130127
-1.646142e-008	0.0229248
-1.643642e-008	0.0179443
-1.641142e-008	0.00986329
-1.638642e-008	0.0174072
-1.636142e-008	0.0210693
-1.633642e-008	0.0233154
-1.631142e-008	0.0211182
-1.628642e-008	0.018335
-1.626142e-008	0.0197998
-1.623642e-008	0.0140869
-1.621142e-008	0.0131348
-1.618642e-008	0.0207031
-1.616142e-008	0.0230225
-1.613642e-008	0.0275391
-1.611142e-008	0.0231445
-1.608642e-008	0.00700684
-1.606142e-008	0.0215088
-1.603642e-008	0.0342774
-1.601142e-008	0.0168213
-1.598642e-008	0.0242676
-1.596142e-008	0.0349365
-1.593642e-008	0.0195068
-1.591142e-008	0.0155762
-1.588642e-008	0.0178711
-1.586142e-008	0.019458
-1.583642e-008	0.0239258
-1.581142e-008	0.0159424
-1.578642e-008	0.0138184
-1.576142e-008	0.0205566
-1.573642e-008	0.0154297
-1.571142e-008	0.00270997
-1.568642e-008	0.00476075
-1.566142e-008	0.0303955
-1.563642e-008	0.0319336
-1.561142e-008	0.012793
-1.558642e-008	0.0180908
-1.556142e-008	0.0247803
-1.553642e-008	0.0164063
-1.551142e-008	0.00881348
-1.548642e-008	0.0184326
-1.546142e-008	0.0239014
-1.543642e-008	0.0194336
-1.541142e-008	0.0316162
-1.538642e-008	0.0313233
-1.536142e-008	0.0265137
-1.533642e-008	0.0237061
-1.531142e-008	0.00327149
-1.528642e-008	0.0141602
-1.526142e-008	0.039502
-1.523642e-008	0.0305176
-1.521142e-008	0.0173584
-1.518642e-008	0.0189941
-1.516142e-008	0.0256836
-1.513642e-008	0.026294
-1.511142e-008	0.0155029
-1.508642e-008	0.00837403
-1.506142e-008	0.0246094
-1.503642e-008	0.0359619
-1.501142e-008	0.0197754
-1.498642e-008	0.0206543
-1.496142e-008	0.0355713
-1.493642e-008	0.0364502
-1.491142e-008	0.0341553
-1.488642e-008	0.018335
-1.486142e-008	0.00976563
-1.483642e-008	0.0244629
-1.481142e-008	0.0233154
-1.478642e-008	0.0131592
-1.476142e-008	0.0293701
-1.473642e-008	0.045752
-1.471142e-008	0.0343018
-1.468642e-008	0.0261475
-1.466142e-008	0.020044
-1.463642e-008	0.0128174
-1.461142e-008	0.0206299
-1.458642e-008	0.0120361
-1.456142e-008	0.0107422
-1.453642e-008	0.0197022
-1.451142e-008	0.00915528
-1.448642e-008	0.0185059
-1.446142e-008	0.0242432
-1.443642e-008	0.0121826
-1.441142e-008	0.0139649
-1.438642e-008	0.015918
-1.436142e-008	0.0259522
-1.433642e-008	0.0347656
-1.431142e-008	0.0223145
-1.428642e-008	0.0170899
-1.426142e-008	0.0225586
-1.423642e-008	0.0218994
-1.421142e-008	0.026294
-1.418642e-008	0.029126
-1.416142e-008	0.020166
-1.413642e-008	0.0235107
-1.411142e-008	0.0301514
-1.408642e-008	0.0215576
-1.406142e-008	0.0215332
-1.403642e-008	0.0162842
-1.401142e-008	0.00322266
-1.398642e-008	0.0213623
-1.396142e-008	0.0331055
-1.393642e-008	0.0181397
-1.391142e-008	0.0133301
-1.388642e-008	0.0125488
-1.386142e-008	0.0117676
-1.383642e-008	0.0144531
-1.381142e-008	0.0210449
-1.378642e-008	0.025
-1.376142e-008	0.0223877
-1.373642e-008	0.0219727
-1.371142e-008	0.0110107
-1.368642e-008	0.00749512
-1.366142e-008	0.0294678
-1.363642e-008	0.0417725
-1.361142e-008	0.0265137
-1.358642e-008	0.0135742
-1.356142e-008	0.0284912
-1.353642e-008	0.0365967
-1.351142e-008	0.0163574
-1.348642e-008	0.0081543
-1.346142e-008	0.0223633
-1.343642e-008	0.0275879
-1.341142e-008	0.0223877
-1.338642e-008	0.020752
-1.336142e-008	0.0292725
-1.333642e-008	0.0341797
-1.331142e-008	0.0130371
-1.328642e-008	0.0107178
-1.326142e-008	0.0282227
-1.323642e-008	0.0217041
-1.321142e-008	0.0237549
-1.318642e-008	0.0259277
-1.316142e-008	0.0211914
-1.313642e-008	0.0281738
-1.311142e-008	0.0255615
-1.308642e-008	0.0234619
-1.306142e-008	0.0291504
-1.303642e-008	0.0306641
-1.301142e-008	0.0279053
-1.298642e-008	0.025
-1.296142e-008	0.0200928
-1.293642e-008	0.0111328
-1.291142e-008	0.0034668
-1.288642e-008	0.0084961
-1.286142e-008	0.0259033
-1.283642e-008	0.0210449
-1.281142e-008	0.0165039
-1.278642e-008	0.0332031
-1.276142e-008	0.0307129
-1.273642e-008	0.0183106
-1.271142e-008	0.0150391
-1.268642e-008	0.0257324
-1.266142e-008	0.0259766
-1.263642e-008	0.0143066
-1.261142e-008	0.0287842
-1.258642e-008	0.0248047
-1.256142e-008	0.0187256
-1.253642e-008	0.0429199
-1.251142e-008	0.031958
-1.248642e-008	0.0117676
-1.246142e-008	0.0126709
-1.243642e-008	0.0128662
-1.241142e-008	0.0226807
-1.238642e-008	0.0270508
-1.236142e-008	0.0336182
-1.233642e-008	0.036084
-1.231142e-008	0.0166992
-1.228642e-008	0.013794
-1.226142e-008	0.0115723
-1.223642e-008	0.00729981
-1.221142e-008	0.0206787
-1.218642e-008	0.0220947
-1.216142e-008	0.0276123
-1.213642e-008	0.0314453
-1.211142e-008	0.0226074
-1.208642e-008	0.0241943
-1.206142e-008	0.0230469
-1.203642e-008	0.0260742
-1.201142e-008	0.0240479
-1.198642e-008	0.0165772
-1.196142e-008	0.0334961
-1.193642e-008	0.0359619
-1.191142e-008	0.0150391
-1.188642e-008	0.01604
-1.186142e-008	0.0297363
-1.183642e-008	0.02771
-1.181142e-008	0.0242432
-1.178642e-008	0.0296387
-1.176142e-008	0.0295899
-1.173642e-008	0.0295166
-1.171142e-008	0.0248291
-1.168642e-008	0.0144531
-1.166142e-008	0.0186279
-1.163642e-008	0.0225098
-1.161142e-008	0.0171143
-1.158642e-008	0.0151611
-1.156142e-008	0.0179688
-1.153642e-008	0.028125
-1.151142e-008	0.0352051
-1.148642e-008	0.0265381
-1.146142e-008	0.0165772
-1.143642e-008	0.0193848
-1.141142e-008	0.0217774
-1.138642e-008	0.0218506
-1.136142e-008	0.0280274
-1.133642e-008	0.0173096
-1.131142e-008	0.00180665
-1.128642e-008	0.0112793
-1.126142e-008	0.0224609
-1.123642e-008	0.0267334
-1.121142e-008	0.0257813
-1.118642e-008	0.0208496
-1.116142e-008	0.0231934
-1.113642e-008	0.0180176
-1.111142e-008	0.0151367
-1.108642e-008	0.0357666
-1.106142e-008	0.0421631
-1.103642e-008	0.0193848
-1.101142e-008	0.0159424
-1.098642e-008	0.0285156
-1.096142e-008	0.0236328
-1.093642e-008	0.0113525
-1.091142e-008	0.00566407
-1.088642e-008	0.011792
-1.086142e-008	0.0204102
-1.083642e-008	0.0241211
-1.081142e-008	0.0217774
-1.078642e-008	0.0126465
-1.076142e-008	0.0132813
-1.073642e-008	0.0164307
-1.071142e-008	0.00798341
-1.068642e-008	0.0103516
-1.066142e-008	0.0301758
-1.063642e-008	0.0368897
-1.061142e-008	0.0236572
-1.058642e-008	0.0206787
-1.056142e-008	0.0368897
-1.053642e-008	0.0307617
-1.051142e-008	0.00576173
-1.048642e-008	0.0142822
-1.046142e-008	0.0240234
-1.043642e-008	0.0153076
-1.041142e-008	0.0181152
-1.038642e-008	0.0165527
-1.036142e-008	0.0220215
-1.033642e-008	0.0347168
-1.031142e-008	0.0258545
-1.028642e-008	0.0197998
-1.026142e-008	0.0297363
-1.023642e-008	0.0299805
-1.021142e-008	0.0219238
-1.018642e-008	0.020752
-1.016142e-008	0.0250488
-1.013642e-008	0.0278565
-1.011142e-008	0.0149414
-1.008642e-008	0.00629884
-1.006142e-008	0.022876
-1.003642e-008	0.0291504
-1.001142e-008	0.021582
-9.986424e-009	0.0223877
-9.961424e-009	0.0273682
-9.936424e-009	0.0195801
-9.911424e-009	0.00739747
-9.886424e-009	0.0239014
-9.861424e-009	0.0326416
-9.836424e-009	0.0165772
-9.811424e-009	0.0170654
-9.786424e-009	0.0179932
-9.761424e-009	0.0189697
-9.736424e-009	0.0254395
-9.711424e-009	0.016626
-9.686424e-009	0.0165527
-9.661424e-009	0.0263672
-9.636424e-009	0.0231201
-9.611424e-009	0.0249268
-9.586424e-009	0.0321777
-9.561424e-009	0.0276856
-9.536424e-009	0.0256348
-9.511424e-009	0.0241699
-9.486424e-009	0.0162109
-9.461424e-009	0.0154297
-9.436424e-009	0.014917
-9.411424e-009	0.0220459
-9.386424e-009	0.036084
-9.361424e-009	0.0299072
-9.336424e-009	0.0213135
-9.311424e-009	0.0183594
-9.286424e-009	0.0116455
-9.261424e-009	0.00939942
-9.236424e-009	0.00393067
-9.211424e-009	0.00778809
-9.186424e-009	0.0215576
-9.161424e-009	0.0222412
-9.136424e-009	0.0268066
-9.111424e-009	0.0316406
-9.086424e-009	0.023999
-9.061424e-009	0.029419
-9.036424e-009	0.039502
-9.011424e-009	0.0331543
-8.986424e-009	0.0265625
-8.961424e-009	0.0218018
-8.936424e-009	0.014917
-8.911424e-009	0.0206299
-8.886424e-009	0.0249024
-8.861424e-009	0.023584
-8.836424e-009	0.0303467
-8.811424e-009	0.0236328
-8.786424e-009	0.017627
-8.761424e-009	0.0272217
-8.736424e-009	0.023291
-8.711424e-009	0.0194336
-8.686424e-009	0.0262451
-8.661424e-009	0.0303223
-8.636424e-009	0.0293213
-8.611424e-009	0.0189453
-8.586424e-009	0.0106445
-8.561424e-009	0.01521
-8.536424e-009	0.0216553
-8.511424e-009	0.0169434
-8.486424e-009	0.015918
-8.461424e-009	0.0253174
-8.436424e-009	0.0271484
-8.411424e-009	0.0267578
-8.386424e-009	0.0240234
-8.361424e-009	0.0249512
-8.336424e-009	0.0291504
-8.311424e-009	0.0168701
-8.286424e-009	0.0161133
-8.261424e-009	0.0270752
-8.236424e-009	0.0218262
-8.211424e-009	0.0201904
-8.186424e-009	0.0229248
-8.161424e-009	0.0222412
-8.136424e-009	0.0198242
-8.111424e-009	0.00773927
-8.086424e-009	0.00773927
-8.061424e-009	0.0154297
-8.036424e-009	0.00500489
-8.011424e-009	0.00578614
-7.986424e-009	0.0190186
-7.961424e-009	0.019458
-7.936424e-009	0.0201172
-7.911424e-009	0.0172607
-7.886424e-009	0.0114258
-7.861424e-009	0.0173096
-7.836424e-009	0.0251465
-7.811424e-009	0.0252441
-7.786424e-009	0.0183838
-7.761424e-009	0.0226318
-7.736424e-009	0.0370361
-7.711424e-009	0.0378418
-7.686424e-009	0.0279053
-7.661424e-009	0.0173584
-7.636424e-009	0.0189209
-7.611424e-009	0.0232422
-7.586424e-009	0.0128662
-7.561424e-009	0.017749
-7.536424e-009	0.0284668
-7.511424e-009	0.0168701
-7.486424e-009	0.0139649
-7.461424e-009	0.0198486
-7.436424e-009	0.0171143
-7.411424e-009	0.0178223
-7.386424e-009	0.0214356
-7.361424e-009	0.0260498
-7.336424e-009	0.0314941
-7.311424e-009	0.0293457
-7.286424e-009	0.0235596
-7.261424e-009	0.0208496
-7.236424e-009	0.0213135
-7.211424e-009	0.030835
-7.186424e-009	0.0234863
-7.161424e-009	0.00146485
-7.136424e-009	0.0119141
-7.111424e-009	0.0149902
-7.086424e-009	0.00764161
-7.061424e-009	0.0245117
-7.036424e-009	0.0136719
-7.011424e-009	0.00854493
-6.986424e-009	0.0299072
-6.961424e-009	0.0292236
-6.936424e-009	0.0319092
-6.911424e-009	0.0281494
-6.886424e-009	0.0191895
-6.861424e-009	0.0244385
-6.836424e-009	0.0192139
-6.811424e-009	0.0160156
-6.786424e-009	0.0172119
-6.761424e-009	0.0239746
-6.736424e-009	0.0268066
-6.711424e-009	0.0127197
-6.686424e-009	0.0148682
-6.661424e-009	0.0181641
-6.636424e-009	0.0172852
-6.611424e-009	0.0348145
-6.586424e-009	0.038916
-6.561424e-009	0.030835
-6.536424e-009	0.0320557
-6.511424e-009	0.0253418
-6.486424e-009	0.0165283
-6.461424e-009	0.0198486
-6.436424e-009	0.0214356
-6.411424e-009	0.0229248
-6.386424e-009	0.0254395
-6.361424e-009	0.0258545
-6.336424e-009	0.0265869
-6.311424e-009	0.0152588
-6.286424e-009	0.0175049
-6.261424e-009	0.029126
-6.236424e-009	0.0223877
-6.211424e-009	0.0259033
-6.186424e-009	0.01604
-6.161424e-009	0.00871583
-6.136424e-009	0.0365723
-6.111424e-009	0.0234619
-6.086424e-009	0.00285645
-6.061424e-009	0.0250977
-6.036424e-009	0.0252441
-6.011424e-009	0.0186035
-5.986424e-009	0.0251953
-5.961424e-009	0.0218262
-5.936424e-009	0.0209961
-5.911424e-009	0.0194824
-5.886424e-009	0.0219238
-5.861424e-009	0.0275391
-5.836424e-009	0.0218018
-5.811424e-009	0.0243897
-5.786424e-009	0.0287109
-5.761424e-009	0.0216065
-5.736424e-009	0.0216553
-5.711424e-009	0.0227539
-5.686424e-009	0.0110596
-5.661424e-009	0.00510255
-5.636424e-009	0.0157959
-5.611424e-009	0.0155762
-5.586424e-009	0.0107422
-5.561424e-009	0.0230225
-5.536424e-009	0.0226318
-5.511424e-009	0.0142334
-5.486424e-009	0.01604
-5.461424e-009	0.0214111
-5.436424e-009	0.0299805
-5.411424e-009	0.0219238
-5.386424e-009	0.013501
-5.361424e-009	0.0306152
-5.336424e-009	0.0354981
-5.311424e-009	0.0158936
-5.286424e-009	0.0168213
-5.261424e-009	0.0362793
-5.236424e-009	0.0342529
-5.211424e-009	0.0225586
-5.186424e-009	0.0212891
-5.161424e-009	0.0241699
-5.136424e-009	0.0217285
-5.111424e-009	0.0191162
-5.086424e-009	0.0305664
-5.061424e-009	0.029541
-5.036424e-009	0.0111084
-5.011424e-009	0.016626
-4.986424e-009	0.0282715
-4.961424e-009	0.0219238
-4.936424e-009	0.021875
-4.911424e-009	0.0199707
-4.886424e-009	0.0137207
-4.861424e-009	0.0248047
-4.836424e-009	0.026709
-4.811424e-009	0.0160156
-4.786424e-009	0.0228516
-4.761424e-009	0.0325928
-4.736424e-009	0.0287109
-4.711424e-009	0.0180908
-4.686424e-009	0.0171875
-4.661424e-009	0.0275879
-4.636424e-009	0.0317139
-4.611424e-009	0.0363037
-4.586424e-009	0.0268555
-4.561424e-009	0.0083252
-4.536424e-009	0.018042
-4.511424e-009	0.0205078
-4.486424e-009	0.0127197
-4.461424e-009	0.0242432
-4.436424e-009	0.0265381
-4.411424e-009	0.0282959
-4.386424e-009	0.0299805
-4.361424e-009	0.0226563
-4.336424e-009	0.0231201
-4.311424e-009	0.0117432
-4.286424e-009	0.00791016
-4.261424e-009	0.0271973
-4.236424e-009	0.0249024
-4.211424e-009	0.0125732
-4.186424e-009	0.0186768
-4.161424e-009	0.0237061
-4.136424e-009	0.0228516
-4.111424e-009	0.0161621
-4.086424e-009	0.0153565
-4.061424e-009	0.0354492
-4.036424e-009	0.029126
-4.011424e-009	0.00227052
-3.986424e-009	0.00146485
-3.961424e-009	0.0145508
-3.936424e-009	0.0244141
-3.911424e-009	0.0136475
-3.886424e-009	0.0113281
-3.861424e-009	0.0279297
-3.836424e-009	0.0273438
-3.811424e-009	0.0259033
-3.786424e-009	0.0286865
-3.761424e-009	0.028418
-3.736424e-009	0.0210449
-3.711424e-009	0.00725098
-3.686424e-009	0.0140625
-3.661424e-009	0.0273438
-3.636424e-009	0.0213867
-3.611424e-009	0.0110352
-3.586424e-009	0.01521
-3.561424e-009	0.0320557
-3.536424e-009	0.0263672
-3.511424e-009	-0.000561516
-3.486424e-009	0.00986329
-3.461424e-009	0.0301758
-3.436424e-009	0.0196045
-3.411424e-009	0.017334
-3.386424e-009	0.0259033
-3.361424e-009	0.0342041
-3.336424e-009	0.0334229
-3.311424e-009	0.0201416
-3.286424e-009	0.0158691
-3.261424e-009	0.0198975
-3.236424e-009	0.0238525
-3.211424e-009	0.0129639
-3.186424e-009	0.00688477
-3.161424e-009	0.0191895
-3.136424e-009	0.026416
-3.111424e-009	0.0326416
-3.086424e-009	0.0203613
-3.061424e-009	0.0147461
-3.036424e-009	0.0383545
-3.011424e-009	0.0251953
-2.986424e-009	0.00732423
-2.961424e-009	0.0300293
-2.936424e-009	0.0316162
-2.911424e-009	0.0123535
-2.886424e-009	0.0112793
-2.861424e-009	0.0185303
-2.836424e-009	0.0247315
-2.811424e-009	0.0310059
-2.786424e-009	0.0296875
-2.761424e-009	0.0257324
-2.736424e-009	0.0264649
-2.711424e-009	0.019751
-2.686424e-009	0.0154053
-2.661424e-009	0.0148682
-2.636424e-009	0.0097168
-2.611424e-009	0.0158447
-2.586424e-009	0.0182861
-2.561424e-009	0.0148438
-2.536424e-009	0.0256592
-2.511424e-009	0.0298584
-2.486424e-009	0.0240723
-2.461424e-009	0.0297119
-2.436424e-009	0.0334473
-2.411424e-009	0.0327881
-2.386424e-009	0.0358887
-2.361424e-009	0.03479
-2.336424e-009	0.0374756
-2.311424e-009	0.0326416
-2.286424e-009	0.0208252
-2.261424e-009	0.0244873
-2.236424e-009	0.0304688
-2.211424e-009	0.0155274
-2.186424e-009	-0.00329589
-2.161424e-009	0.0168213
-2.136424e-009	0.039502
-2.111424e-009	0.0249512
-2.086424e-009	0.0135498
-2.061424e-009	0.0170654
-2.036424e-009	0.0239502
-2.011424e-009	0.034375
-1.986424e-009	0.0344238
-1.961424e-009	0.0286133
-1.936424e-009	0.0359863
-1.911424e-009	0.0349365
-1.886424e-009	0.0246582
-1.861424e-009	0.0295654
-1.836424e-009	0.0301514
-1.811424e-009	0.0243652
-1.786424e-009	0.0189453
-1.761424e-009	0.021167
-1.736424e-009	0.0338379
-1.711424e-009	0.0226318
-1.686424e-009	0.0119385
-1.661424e-009	0.0168457
-1.636424e-009	0.005542
-1.611424e-009	0.0174805
-1.586424e-009	0.0356201
-1.561424e-009	0.0246338
-1.536424e-009	0.0322022
-1.511424e-009	0.0322022
-1.486424e-009	0.0172363
-1.461424e-009	0.0222412
-1.436424e-009	0.0259033
-1.411424e-009	0.0254395
-1.386424e-009	0.0213135
-1.361424e-009	0.0267578
-1.336424e-009	0.0305908
-1.311424e-009	0.0151123
-1.286424e-009	0.0187988
-1.261424e-009	0.0307861
-1.236424e-009	0.0275635
-1.211424e-009	0.0215332
-1.186424e-009	0.01875
-1.161424e-009	0.023584
-1.136424e-009	0.0313477
-1.111424e-009	0.0252686
-1.086424e-009	0.00549317
-1.061424e-009	0.00175782
-1.036424e-009	0.0139649
-1.011424e-009	0.0254639
-9.864236e-010	0.029419
-9.614236e-010	0.0223145
-9.364236e-010	0.0235596
-9.114236e-010	0.030249
-8.864236e-010	0.0283203
-8.614236e-010	0.020459
-8.364236e-010	0.0108643
-8.114236e-010	0.0200928
-7.864236e-010	0.0313965
-7.614236e-010	0.0269775
-7.364236e-010	0.0299805
-7.114236e-010	0.0205078
-6.864236e-010	0.0147949
-6.614236e-010	0.033252
-6.364236e-010	0.0276367
-6.114236e-010	0.0156738
-5.864236e-010	0.0113037
-5.614236e-010	0.0153809
-5.364236e-010	0.037085
-5.114236e-010	0.020166
-4.864236e-010	0.00493165
-4.614236e-010	0.025708
-4.364236e-010	0.0227051
-4.114236e-010	0.0264404
-3.864236e-010	0.0377441
-3.614236e-010	0.0264893
-3.364236e-010	0.0168213
-3.114236e-010	0.0140869
-2.864236e-010	0.0275147
-2.614236e-010	0.0324463
-2.364236e-010	0.0172363
-2.114236e-010	0.0103027
-1.864236e-010	0.0166748
-1.614236e-010	0.035083
-1.364236e-010	0.0310303
-1.114236e-010	0.0146484
-8.642361e-011	0.0118164
-6.142361e-011	0.00371095
-3.642361e-011	0.00407716
-1.142361e-011	-0.00954589
1.357639e-011	-0.0418945
3.857639e-011	-0.0517334
6.357639e-011	-0.0479004
8.857639e-011	-0.0510742
1.135764e-010	-0.0681396
1.385764e-010	-0.078833
1.635764e-010	-0.0843506
1.885764e-010	-0.0955078
2.135764e-010	-0.101636
2.385764e-010	-0.121851
2.635764e-010	-0.132935
2.885764e-010	-0.11958
3.135764e-010	-0.127051
3.385764e-010	-0.150659
3.635764e-010	-0.159106
3.885764e-010	-0.151392
4.135764e-010	-0.153467
4.385764e-010	-0.151953
4.635764e-010	-0.127441
4.885764e-010	-0.129468
5.135764e-010	-0.140088
5.385764e-010	-0.122119
5.635764e-010	-0.109302
5.885764e-010	-0.103662
6.135764e-010	-0.101904
6.385764e-010	-0.0847412
6.635764e-010	-0.0544189
6.885764e-010	-0.0461426
7.135764e-010	-0.0434082
7.385764e-010	-0.0413086
7.635764e-010	-0.0331787
7.885764e-010	-0.0187744
8.135764e-010	-0.00952148
8.385764e-010	0.00151368
8.635764e-010	0.00568848
8.885764e-010	0.00830079
9.135764e-010	0.00156251
9.385764e-010	-0.00615234
9.635764e-010	-0.000537102
9.885764e-010	-0.00251464
1.013576e-009	0.00168458
1.038576e-009	0.0243164
1.063576e-009	0.0375
1.088576e-009	0.026709
1.113576e-009	0.0254395
1.138576e-009	0.0379639
1.163576e-009	0.0391113
1.188576e-009	0.0432129
1.213576e-009	0.0413818
1.238576e-009	0.03396
1.263576e-009	0.0414063
1.288576e-009	0.0448486
1.313576e-009	0.0436524
1.338576e-009	0.0415283
1.363576e-009	0.0296143
1.388576e-009	0.0241699
1.413576e-009	0.0260986
1.438576e-009	0.0317383
1.463576e-009	0.0397949
1.488576e-009	0.0397949
1.513576e-009	0.0406983
1.538576e-009	0.0302979
1.563576e-009	0.0174316
1.588576e-009	0.0292725
1.613576e-009	0.0331543
1.638576e-009	0.0244629
1.663576e-009	0.0253174
1.688576e-009	0.0268555
1.713576e-009	0.0180664
1.738576e-009	0.0104492
1.763576e-009	0.0203369
1.788576e-009	0.0209473
1.813576e-009	0.0143799
1.838576e-009	0.0231445
1.863576e-009	0.0256836
1.888576e-009	0.0161133
1.913576e-009	0.00446778
1.938576e-009	0.00874024
1.963576e-009	0.0264404
1.988576e-009	0.0188232
2.013576e-009	-4.88207e-005
2.038576e-009	0.0141846
2.063576e-009	0.0275635
2.088576e-009	0.01521
2.113576e-009	0.0219727
2.138576e-009	0.0292725
2.163576e-009	0.0176514
2.188576e-009	0.0180664
2.213576e-009	0.0234131
2.238576e-009	0.0315918
2.263576e-009	0.0308106
2.288576e-009	0.0212158
2.313576e-009	0.0304688
2.338576e-009	0.0333252
2.363576e-009	0.0266846
2.388576e-009	0.0305176
2.413576e-009	0.0240479
2.438576e-009	0.0207031
2.463576e-009	0.0303467
2.488576e-009	0.0340332
2.513576e-009	0.0340332
2.538576e-009	0.0302002
2.563576e-009	0.0324463
2.588576e-009	0.0340332
2.613576e-009	0.0207275
2.638576e-009	0.0192383
2.663576e-009	0.0247559
2.688576e-009	0.0191162
2.713576e-009	0.0180664
2.738576e-009	0.0178223
2.763576e-009	0.0102539
2.788576e-009	0.017749
2.813576e-009	0.0289307
2.838576e-009	0.0237793
2.863576e-009	0.0221191
2.888576e-009	0.0161133
2.913576e-009	0.0145264
2.938576e-009	0.0255859
2.963576e-009	0.0168457
2.988576e-009	0.010376
3.013576e-009	0.0168213
3.038576e-009	0.0217285
3.063576e-009	0.0262207
3.088576e-009	0.00861817
3.113576e-009	0.00209962
3.138576e-009	0.0254395
3.163576e-009	0.0273193
3.188576e-009	0.0212402
3.213576e-009	0.0239746
3.238576e-009	0.0233643
3.263576e-009	0.0309082
3.288576e-009	0.0326416
3.313576e-009	0.0245117
3.338576e-009	0.0200928
3.363576e-009	0.0222412
3.388576e-009	0.0303711
3.413576e-009	0.0299805
3.438576e-009	0.0286865
3.463576e-009	0.0342285
3.488576e-009	0.0261231
3.513576e-009	0.0176025
3.538576e-009	0.021167
3.563576e-009	0.0154541
3.588576e-009	0.0189209
3.613576e-009	0.0356445
3.638576e-009	0.0327881
3.663576e-009	0.0204346
3.688576e-009	0.0161377
3.713576e-009	0.0284424
3.738576e-009	0.0384033
3.763576e-009	0.0286133
3.788576e-009	0.0252197
3.813576e-009	0.0162354
3.838576e-009	0.013501
3.863576e-009	0.036084
3.888576e-009	0.0272705
3.913576e-009	0.00568848
3.938576e-009	0.0208008
3.963576e-009	0.0296631
3.988576e-009	0.0183838
4.013576e-009	0.0126709
4.038576e-009	0.0158447
4.063576e-009	0.0224121
4.088576e-009	0.0121338
4.113576e-009	-0.000195305
4.138576e-009	0.0105713
4.163576e-009	0.0204834
4.188576e-009	0.0128174
4.213576e-009	0.00144044
4.238576e-009	0.00991212
4.263576e-009	0.0209229
4.288576e-009	0.0199219
4.313576e-009	0.0272705
4.338576e-009	0.026416
4.363576e-009	0.0201904
4.388576e-009	0.0276367
4.413576e-009	0.032251
4.438576e-009	0.0318604
4.463576e-009	0.0338623
4.488576e-009	0.0345703
4.513576e-009	0.03396
4.538576e-009	0.03125
4.563576e-009	0.0252441
4.588576e-009	0.0278809
4.613576e-009	0.0248047
4.638576e-009	0.0220703
4.663576e-009	0.0483399
4.688576e-009	0.048877
4.713576e-009	0.0255615
4.738576e-009	0.0282227
4.763576e-009	0.0245361
4.788576e-009	0.0234863
4.813576e-009	0.0344727
4.838576e-009	0.0341309
4.863576e-009	0.0285645
4.888576e-009	0.0135986
4.913576e-009	0.0190674
4.938576e-009	0.030835
4.963576e-009	0.00683595
4.988576e-009	0.0129395
5.013576e-009	0.0335938
5.038576e-009	0.0112061
5.063576e-009	0.019043
5.088576e-009	0.0351318
5.113576e-009	0.0112061
5.138576e-009	0.00861817
5.163576e-009	0.008667
5.188576e-009	0.0114014
5.213576e-009	0.0198242
5.238576e-009	-0.00288085
5.263576e-009	0.00278321
5.288576e-009	0.00944825
5.313576e-009	-0.00334472
5.338576e-009	0.0180908
5.363576e-009	0.0273682
5.388576e-009	0.0302734
5.413576e-009	0.0347168
5.438576e-009	0.0244141
5.463576e-009	0.0246094
5.488576e-009	0.0185059
5.513576e-009	0.0237305
5.538576e-009	0.0282959
5.563576e-009	0.0114502
5.588576e-009	0.0165527
5.613576e-009	0.021582
5.638576e-009	0.0311279
5.663576e-009	0.0475586
5.688576e-009	0.0210205
5.713576e-009	0.00668946
5.738576e-009	0.0208496
5.763576e-009	0.0242676
5.788576e-009	0.0351807
5.813576e-009	0.0297608
5.838576e-009	0.0251221
5.863576e-009	0.0368408
5.888576e-009	0.0203613
5.913576e-009	0.0219482
5.938576e-009	0.038794
5.963576e-009	0.0255615
5.988576e-009	0.0259522
6.013576e-009	0.0279053
6.038576e-009	0.0212891
6.063576e-009	0.0296143
6.088576e-009	0.0215332
6.113576e-009	0.0170166
6.138576e-009	0.0338379
6.163576e-009	0.0331299
6.188576e-009	0.022583
6.213576e-009	0.0162109
6.238576e-009	0.0125732
6.263576e-009	0.0226074
6.288576e-009	0.0308594
6.313576e-009	0.0213623
6.338576e-009	0.0176758
6.363576e-009	0.02229
6.388576e-009	0.0170166
6.413576e-009	0.0164063
6.438576e-009	0.0211426
6.463576e-009	0.0247803
6.488576e-009	0.0326904
6.513576e-009	0.0212647
6.538576e-009	0.00839845
6.563576e-009	0.0241211
6.588576e-009	0.0236572
6.613576e-009	0.0114258
6.638576e-009	0.0162598
6.663576e-009	0.00598145
6.688576e-009	-0.00412597
6.713576e-009	0.0131348
6.738576e-009	0.0276367
6.763576e-009	0.0158203
6.788576e-009	-0.00112304
6.813576e-009	0.00607911
6.838576e-009	0.0237549
6.863576e-009	0.0285645
6.888576e-009	0.0191406
6.913576e-009	0.012793
6.938576e-009	0.0178711
6.963576e-009	0.016919
6.988576e-009	0.0145508
7.013576e-009	0.0186524
7.038576e-009	0.0213379
7.063576e-009	0.0265381
7.088576e-009	0.0306641
7.113576e-009	0.0302734
7.138576e-009	0.0334961
7.163576e-009	0.0270264
7.188576e-009	0.0122315
7.213576e-009	0.0179688
7.238576e-009	0.0281006
7.263576e-009	0.0229004
7.288576e-009	0.0174316
7.313576e-009	0.0137695
7.338576e-009	0.0210938
7.363576e-009	0.037207
7.388576e-009	0.0337647
7.413576e-009	0.0198975
7.438576e-009	0.00871583
7.463576e-009	0.000415047
7.488576e-009	0.0152832
7.513576e-009	0.0288818
7.538576e-009	0.0208008
7.563576e-009	0.0229736
7.588576e-009	0.0350586
7.613576e-009	0.0385986
7.638576e-009	0.0278076
7.663576e-009	0.0170654
7.688576e-009	0.0165283
7.713576e-009	0.0147705
7.738576e-009	0.016626
7.763576e-009	0.0178467
7.788576e-009	0.0154541
7.813576e-009	0.0172363
7.838576e-009	0.0177246
7.863576e-009	0.0181397
7.888576e-009	0.0223877
7.913576e-009	0.0292481
7.938576e-009	0.0303955
7.963576e-009	0.0207031
7.988576e-009	0.0116211
8.013576e-009	0.0143311
8.038576e-009	0.0266358
8.063576e-009	0.0289795
8.088576e-009	0.0196289
8.113576e-009	0.0253418
8.138576e-009	0.0259033
8.163576e-009	0.014209
8.188576e-009	0.0273438
8.213576e-009	0.0347168
8.238576e-009	0.0295166
8.263576e-009	0.0298828
8.288576e-009	0.0147705
8.313576e-009	0.0184326
8.338576e-009	0.0338623
8.363576e-009	0.0199707
8.388576e-009	0.0160156
8.413576e-009	0.0263672
8.438576e-009	0.0284668
8.463576e-009	0.0178467
8.488576e-009	-0.00524902
8.513576e-009	0.0038086
8.538576e-009	0.021582
8.563576e-009	0.010376
8.588576e-009	0.0134766
8.613576e-009	0.0122559
8.638576e-009	0.00776368
8.663576e-009	0.0258057
8.688576e-009	0.025708
8.713576e-009	0.0160156
8.738576e-009	0.0159424
8.763576e-009	0.0107422
8.788576e-009	0.00590821
8.813576e-009	0.0123779
8.838576e-009	0.0165039
8.863576e-009	0.0140625
8.888576e-009	0.0179443
8.913576e-009	0.00949708
8.938576e-009	0.00903321
8.963576e-009	0.0265625
8.988576e-009	0.0223877
9.013576e-009	0.0211182
9.038576e-009	0.0313233
9.063576e-009	0.024585
9.088576e-009	0.0158691
9.113576e-009	0.0249512
9.138576e-009	0.027417
9.163576e-009	0.0119629
9.188576e-009	0.0205566
9.213576e-009	0.0343994
9.238576e-009	0.0297852
9.263576e-009	0.0331055
9.288576e-009	0.025293
9.313576e-009	0.0168701
9.338576e-009	0.0289551
9.363576e-009	0.0330811
9.388576e-009	0.0306397
9.413576e-009	0.0272217
9.438576e-009	0.0198486
9.463576e-009	0.0192871
9.488576e-009	0.0220459
9.513576e-009	0.0214111
9.538576e-009	0.0242432
9.563576e-009	0.0306641
9.588576e-009	0.0234131
9.613576e-009	0.0163574
9.638576e-009	0.0349121
9.663576e-009	0.0385254
9.688576e-009	0.00568848
9.713576e-009	-0.000903313
9.738576e-009	0.0241699
9.763576e-009	0.025415
9.788576e-009	0.0162598
9.813576e-009	0.0175049
9.838576e-009	0.0232422
9.863576e-009	0.0283936
9.888576e-009	0.0218506
9.913576e-009	0.0173584
9.938576e-009	0.0102539
9.963576e-009	0.00891114
9.988576e-009	0.0160889
1.001358e-008	0.0044922
1.003858e-008	0.0172363
1.006358e-008	0.0308594
1.008858e-008	0.00678712
1.011358e-008	0.0123779
1.013858e-008	0.0236572
1.016358e-008	0.0136475
1.018858e-008	0.018457
1.021358e-008	0.0154053
1.023858e-008	0.0205811
1.026358e-008	0.0429932
1.028858e-008	0.0350342
1.031358e-008	0.0227051
1.033858e-008	0.0259522
1.036358e-008	0.0241699
1.038858e-008	0.0364502
1.041358e-008	0.041919
1.043858e-008	0.026294
1.046358e-008	0.0179932
1.048858e-008	0.0167481
1.051358e-008	0.0291992
1.053858e-008	0.0347168
1.056358e-008	0.0279297
1.058858e-008	0.0302979
1.061358e-008	0.0213135
1.063858e-008	0.0210693
1.066358e-008	0.0282715
1.068858e-008	0.0236084
1.071358e-008	0.0294434
1.073858e-008	0.0266602
1.076358e-008	0.0207764
1.078858e-008	0.0324463
1.081358e-008	0.0369385
1.083858e-008	0.0281983
1.086358e-008	0.0166748
1.088858e-008	0.0131104
1.091358e-008	0.0183106
1.093858e-008	0.0255127
1.096358e-008	0.0235352
1.098858e-008	0.0140625
1.101358e-008	0.023584
1.103858e-008	0.0365234
1.106358e-008	0.0372315
1.108858e-008	0.0325928
1.111358e-008	0.0144531
1.113858e-008	0.0149414
1.116358e-008	0.0256592
1.118858e-008	0.0123291
1.121358e-008	0.011792
1.123858e-008	0.0255859
1.126358e-008	0.0269043
1.128858e-008	0.01875
1.131358e-008	0.0160889
1.133858e-008	0.0227295
1.136358e-008	0.0153076
1.138858e-008	0.0143066
1.141358e-008	0.0229492
1.143858e-008	0.0204102
1.146358e-008	0.0292725
1.148858e-008	0.0244629
1.151358e-008	0.012207
1.153858e-008	0.0257324
1.156358e-008	0.0328369
1.158858e-008	0.0285645
1.161358e-008	0.021875
1.163858e-008	0.0251465
1.166358e-008	0.0372315
1.168858e-008	0.0292725
1.171358e-008	0.017334
1.173858e-008	0.0210693
1.176358e-008	0.0288818
1.178858e-008	0.0311035
1.181358e-008	0.0259277
1.183858e-008	0.0235352
1.186358e-008	0.0317139
1.188858e-008	0.0275879
1.191358e-008	0.0174316
1.193858e-008	0.0215576
1.196358e-008	0.0175293
1.198858e-008	0.0142578
1.201358e-008	0.0142578
1.203858e-008	0.0135254
1.206358e-008	0.0220947
1.208858e-008	0.0175293
1.211358e-008	0.0131348
1.213858e-008	0.0175049
1.216358e-008	0.0242188
1.218858e-008	0.0307129
1.221358e-008	0.0188477
1.223858e-008	0.0218018
1.226358e-008	0.0379395
1.228858e-008	0.0277832
1.231358e-008	0.0191162
1.233858e-008	0.0269531
1.236358e-008	0.0240234
1.238858e-008	0.0114746
1.241358e-008	0.0136475
1.243858e-008	0.0267822
1.246358e-008	0.0233154
1.248858e-008	0.0112549
1.251358e-008	0.023877
1.253858e-008	0.0271973
1.256358e-008	0.011084
1.258858e-008	0.0229736
1.261358e-008	0.0272705
1.263858e-008	0.0218262
1.266358e-008	0.0310303
1.268858e-008	0.0201904
1.271358e-008	0.0135742
1.273858e-008	0.0219727
1.276358e-008	0.0215576
1.278858e-008	0.0220215
1.281358e-008	0.0253906
1.283858e-008	0.0230225
1.286358e-008	0.0191406
1.288858e-008	0.0262695
1.291358e-008	0.0296387
1.293858e-008	0.0217529
1.296358e-008	0.0207764
1.298858e-008	0.0245117
1.301358e-008	0.0256104
1.303858e-008	0.0299561
1.306358e-008	0.0302734
1.308858e-008	0.0188477
1.311358e-008	0.011377
1.313858e-008	0.0107422
1.316358e-008	0.0136231
1.318858e-008	0.0246826
1.321358e-008	0.0314941
1.323858e-008	0.0286377
1.326358e-008	0.0225586
1.328858e-008	0.0154297
1.331358e-008	0.0145996
1.333858e-008	0.0281006
1.336358e-008	0.0456787
1.338858e-008	0.0418213
1.341358e-008	0.0220215
1.343858e-008	0.0130371
1.346358e-008	0.0189209
1.348858e-008	0.02854
1.351358e-008	0.0236572
1.353858e-008	0.0200928
1.356358e-008	0.0285645
1.358858e-008	0.0276367
1.361358e-008	0.0334961
1.363858e-008	0.0376953
1.366358e-008	0.0198975
1.368858e-008	-0.000170891
1.371358e-008	0.00109864
1.373858e-008	0.0302979
1.376358e-008	0.0405518
1.378858e-008	0.0291016
1.381358e-008	0.0303223
1.383858e-008	0.0303223
1.386358e-008	0.0272949
1.388858e-008	0.0206543
1.391358e-008	0.0187988
1.393858e-008	0.0239746
1.396358e-008	0.0242676
1.398858e-008	0.0255127
1.401358e-008	0.0149414
1.403858e-008	0.012085
1.406358e-008	0.0196777
1.408858e-008	0.0132813
1.411358e-008	0.0154297
1.413858e-008	0.0178467
1.416358e-008	0.0203613
1.418858e-008	0.0321289
1.421358e-008	0.0355713
1.423858e-008	0.0381836
1.426358e-008	0.0300049
1.428858e-008	0.0180176
1.431358e-008	0.0233399
1.433858e-008	0.0267578
1.436358e-008	0.0214844
1.438858e-008	0.0187988
1.441358e-008	0.0224365
1.443858e-008	0.0286377
1.446358e-008	0.0322754
1.448858e-008	0.0241455
1.451358e-008	0.0141846
1.453858e-008	0.0194824
1.456358e-008	0.0188965
1.458858e-008	0.0152588
1.461358e-008	0.0219238
1.463858e-008	0.0187988
1.466358e-008	0.0108887
1.468858e-008	0.0133301
1.471358e-008	0.022583
1.473858e-008	0.0264404
1.476358e-008	0.0204102
1.478858e-008	0.0101807
1.481358e-008	0.00803223
1.483858e-008	0.0270752
1.486358e-008	0.0404541
1.488858e-008	0.0327149
1.491358e-008	0.0273926
1.493858e-008	0.0255371
1.496358e-008	0.0214844
1.498858e-008	0.0249756
1.501358e-008	0.0308594
1.503858e-008	0.0269531
1.506358e-008	0.0231934
1.508858e-008	0.0165283
1.511358e-008	0.0193359
1.513858e-008	0.0328858
1.516358e-008	0.0243897
1.518858e-008	0.0226074
1.521358e-008	0.0244873
1.523858e-008	0.0175293
1.526358e-008	0.0275879
1.528858e-008	0.0200195
1.531358e-008	0.0058838
1.533858e-008	0.0135986
1.536358e-008	0.0242676
1.538858e-008	0.0297608
1.541358e-008	0.0210938
1.543858e-008	0.0118897
1.546358e-008	0.0121094
1.548858e-008	0.0168213
1.551358e-008	0.0215332
1.553858e-008	0.0202393
1.556358e-008	0.0153565
1.558858e-008	0.00336915
1.561358e-008	0.00808106
1.563858e-008	0.030542
1.566358e-008	0.0240479
1.568858e-008	0.00830079
1.571358e-008	0.0220215
1.573858e-008	0.0271484
1.576358e-008	0.0151123
1.578858e-008	0.0197022
1.581358e-008	0.0129395
1.583858e-008	0.00234376
1.586358e-008	0.0243897
1.588858e-008	0.0331299
1.591358e-008	0.0225098
1.593858e-008	0.0227783
1.596358e-008	0.0240723
1.598858e-008	0.0229981
1.601358e-008	0.0126221
1.603858e-008	0.0155762
1.606358e-008	0.0222412
1.608858e-008	0.0041504
1.611358e-008	0.0127441
1.613858e-008	0.0268799
1.616358e-008	0.0205078
1.618858e-008	0.0304688
1.621358e-008	0.0200684
1.623858e-008	0.00510255
1.626358e-008	0.0185059
1.628858e-008	0.0133789
1.631358e-008	0.00949708
1.633858e-008	0.029834
1.636358e-008	0.0346191
1.638858e-008	0.0306397
1.641358e-008	0.0317871
1.643858e-008	0.0361816
1.646358e-008	0.0436768
1.648858e-008	0.0208984
1.651358e-008	0.0010254
1.653858e-008	0.0145264
1.656358e-008	0.018457
1.658858e-008	0.0135498
1.661358e-008	-0.00290527
1.663858e-008	0.00253907
1.666358e-008	0.0307861
1.668858e-008	0.0157959
1.671358e-008	0.0118897
1.673858e-008	0.024292
1.676358e-008	0.0114502
1.678858e-008	0.0167969
1.681358e-008	0.0304443
1.683858e-008	0.0304199
1.686358e-008	0.0208984
1.688858e-008	0.0104492
1.691358e-008	0.0131348
1.693858e-008	0.0148438
1.696358e-008	0.0185059
1.698858e-008	0.0124268
1.701358e-008	0.00424805
1.703858e-008	0.0287109
1.706358e-008	0.0318848
1.708858e-008	0.0161377
1.711358e-008	0.0304932
1.713858e-008	0.0295899
1.716358e-008	0.0203857
1.718858e-008	0.0314697
1.721358e-008	0.0300537
1.723858e-008	0.0196045
1.726358e-008	0.0235596
1.728858e-008	0.0315186
1.731358e-008	0.0258301
1.733858e-008	0.019458
1.736358e-008	0.0253418
1.738858e-008	0.0263184
1.741358e-008	0.0192627
1.743858e-008	0.0298096
1.746358e-008	0.0367188
1.748858e-008	0.00561524
1.751358e-008	0.00104981
1.753858e-008	0.0355713
1.756358e-008	0.0318359
1.758858e-008	0.0175293
1.761358e-008	0.0299072
1.763858e-008	0.0355225
1.766358e-008	0.0293701
1.768858e-008	0.0190186
1.771358e-008	0.00891114
1.773858e-008	0.00805665
1.776358e-008	0.0154541
1.778858e-008	0.0180664
1.781358e-008	0.0158691
1.783858e-008	0.0253174
1.786358e-008	0.0267578
1.788858e-008	0.0157715
1.791358e-008	0.0155518
1.793858e-008	0.00939942
1.796358e-008	0.0117188
1.798858e-008	0.0326904
1.801358e-008	0.0260742
1.803858e-008	0.017749
1.806358e-008	0.0351318
1.808858e-008	0.0296143
1.811358e-008	0.0218262
1.813858e-008	0.0337158
1.816358e-008	0.0284912
1.818858e-008	0.0232422
1.821358e-008	0.0236084
1.823858e-008	0.0194092
1.826358e-008	0.0223389
1.828858e-008	0.0158203
1.831358e-008	0.00615235
1.833858e-008	0.0124024
1.836358e-008	0.0246582
1.838858e-008	0.0317627
1.841358e-008	0.0281983
1.843858e-008	0.0271484
1.846358e-008	0.0266846
1.848858e-008	0.0182861
1.851358e-008	0.0292236
1.853858e-008	0.0366455
1.856358e-008	0.0243408
1.858858e-008	0.0277344
1.861358e-008	0.0233643
1.863858e-008	0.023584
1.866358e-008	0.0392334
1.868858e-008	0.0251953
1.871358e-008	0.0135254
1.873858e-008	0.0189941
1.876358e-008	0.0205566
1.878858e-008	0.0228027
1.881358e-008	0.0105225
1.883858e-008	0.00427247
1.886358e-008	0.0156738
1.888858e-008	0.0132568
1.891358e-008	0.0120117
1.893858e-008	0.0227295
1.896358e-008	0.0308838
1.898858e-008	0.0316162
1.901358e-008	0.021167
1.903858e-008	0.0178467
1.906358e-008	0.015918
1.908858e-008	0.010083
1.911358e-008	0.0164307
1.913858e-008	0.0176025
1.916358e-008	0.0195313
1.918858e-008	0.0244141
1.921358e-008	0.0178223
1.923858e-008	0.0200195
1.926358e-008	0.03125
1.928858e-008	0.0351318
1.931358e-008	0.0311035
1.933858e-008	0.0229492
1.936358e-008	0.0183594
1.938858e-008	0.017627
1.941358e-008	0.00454102
1.943858e-008	0.00522462
1.946358e-008	0.0339356
1.948858e-008	0.0306885
1.951358e-008	0.0166504
1.953858e-008	0.027417
1.956358e-008	0.0263672
1.958858e-008	0.0291992
1.961358e-008	0.0351318
1.963858e-008	0.0273438
1.966358e-008	0.0243652
1.968858e-008	0.0175293
1.971358e-008	0.0237305
1.973858e-008	0.0351074
1.976358e-008	0.014209
1.978858e-008	0.0126709
1.981358e-008	0.0314453
1.983858e-008	0.0258057
1.986358e-008	0.0298828
1.988858e-008	0.0265137
1.991358e-008	0.0106934
1.993858e-008	0.0255615
1.996358e-008	0.0359375
1.998858e-008	0.0286865
2.001358e-008	0.0151856
2.003858e-008	0.00390626
2.006358e-008	0.0181885
2.008858e-008	0.016626
2.011358e-008	0.00607911
2.013858e-008	0.0238525
2.016358e-008	0.0306152
2.018858e-008	0.0234375
2.021358e-008	0.00891114
2.023858e-008	0.00695802
2.026358e-008	0.0269775
2.028858e-008	0.0261963
2.031358e-008	0.0270752
2.033858e-008	0.0225098
2.036358e-008	0.0108643
2.038858e-008	0.0306885
2.041358e-008	0.0258545
2.043858e-008	0.0104492
2.046358e-008	0.0188721
2.048858e-008	0.00998536
2.051358e-008	0.0131104
2.053858e-008	0.0295899
2.056358e-008	0.0283447
2.058858e-008	0.0236328
2.061358e-008	0.0181885
2.063858e-008	0.0199951
2.066358e-008	0.0278076
2.068858e-008	0.0317627
2.071358e-008	0.0248047
2.073858e-008	0.014502
2.076358e-008	0.0196045
2.078858e-008	0.0188721
2.081358e-008	0.0184326
2.083858e-008	0.0289063
2.086358e-008	0.0237549
2.088858e-008	0.016333
2.091358e-008	0.0175049
2.093858e-008	0.0220703
2.096358e-008	0.0205811
2.098858e-008	0.0106445
2.101358e-008	0.0221191
2.103858e-008	0.0379395
2.106358e-008	0.0295654
2.108858e-008	0.0233154
2.111358e-008	0.0224854
2.113858e-008	0.0193359
2.116358e-008	0.0292481
2.118858e-008	0.0310303
2.121358e-008	0.0209229
2.123858e-008	0.0211426
2.126358e-008	0.0135986
2.128858e-008	0.0140869
2.131358e-008	0.0256348
2.133858e-008	0.0209473
2.136358e-008	0.0249024
2.138858e-008	0.0299805
2.141358e-008	0.0154785
2.143858e-008	0.00817872
2.146358e-008	0.00903321
2.148858e-008	0.00654298
2.151358e-008	0.014624
2.153858e-008	0.0204102
2.156358e-008	0.0134766
2.158858e-008	0.0220215
2.161358e-008	0.0189941
2.163858e-008	0.00512696
2.166358e-008	0.0287598
2.168858e-008	0.0357178
2.171358e-008	0.0172363
2.173858e-008	0.0191162
2.176358e-008	0.0140137
2.178858e-008	0.0163574
2.181358e-008	0.0286133
2.183858e-008	0.0316895
2.186358e-008	0.0374756
2.188858e-008	0.0216309
2.191358e-008	0.0162109
2.193858e-008	0.0293945
2.196358e-008	0.0220215
2.198858e-008	0.0289307
2.201358e-008	0.0229492
2.203858e-008	0.00969239
2.206358e-008	0.0296875
2.208858e-008	0.022168
2.211358e-008	0.0163818
2.213858e-008	0.0310791
2.216358e-008	0.0184082
2.218858e-008	0.014624
2.221358e-008	0.0174561
2.223858e-008	0.0226563
2.226358e-008	0.038794
2.228858e-008	0.0193848
2.231358e-008	0.00661622
2.233858e-008	0.0295899
2.236358e-008	0.0276611
2.238858e-008	0.0195557
2.241358e-008	0.0205078
2.243858e-008	0.0192871
2.246358e-008	0.0235596
2.248858e-008	0.00915528
2.251358e-008	0.00788575
2.253858e-008	0.023877
2.256358e-008	0.0209961
2.258858e-008	0.0225342
2.261358e-008	0.0244385
2.263858e-008	0.0247559
2.266358e-008	0.0250488
2.268858e-008	0.024292
2.271358e-008	0.027832
2.273858e-008	0.0217529
2.276358e-008	0.0212158
2.278858e-008	0.0192871
2.281358e-008	0.0147949
2.283858e-008	0.0235596
2.286358e-008	0.0165039
2.288858e-008	0.00549317
2.291358e-008	0.0145996
2.293858e-008	0.0215088
2.296358e-008	0.0234131
2.298858e-008	0.0282959
2.301358e-008	0.0205322
2.303858e-008	0.0206299
2.306358e-008	0.0266113
2.308858e-008	0.00478516
2.311358e-008	0.0112061
2.313858e-008	0.0334961
2.316358e-008	0.0182617
2.318858e-008	0.0155518
2.321358e-008	0.0236084
2.323858e-008	0.0245117
2.326358e-008	0.0259522
2.328858e-008	0.0248535
2.331358e-008	0.0214111
2.333858e-008	0.0104981
2.336358e-008	0.0185059
2.338858e-008	0.0262695
2.341358e-008	0.0156494
2.343858e-008	0.0261475
2.346358e-008	0.027417
2.348858e-008	0.00795899
2.351358e-008	0.0147949
2.353858e-008	0.0216797
2.356358e-008	0.0146973
2.358858e-008	0.0252441
2.361358e-008	0.0305176
2.363858e-008	0.0220947
2.366358e-008	0.0192627
2.368858e-008	0.0166992
2.371358e-008	0.0210938
2.373858e-008	0.0281006
2.376358e-008	0.020166
2.378858e-008	0.0188477
2.381358e-008	0.0266113
2.383858e-008	0.0184082
2.386358e-008	0.0220703
2.388858e-008	0.0307861
2.391358e-008	0.0204834
2.393858e-008	0.0234863
2.396358e-008	0.029126
2.398858e-008	0.0298096
2.401358e-008	0.0214356
2.403858e-008	0.0124268
2.406358e-008	0.0282471
2.408858e-008	0.0244385
2.411358e-008	0.0242432
2.413858e-008	0.0412109
2.416358e-008	0.0273926
2.418858e-008	0.0191895
2.421358e-008	0.0225586
2.423858e-008	0.0212891
2.426358e-008	0.0188965
2.428858e-008	0.00729981
2.431358e-008	0.0122803
2.433858e-008	0.0257813
2.436358e-008	0.0235352
2.438858e-008	0.0207764
2.441358e-008	0.0223877
2.443858e-008	0.0291748
2.446358e-008	0.030835
2.448858e-008	0.0250488
2.451358e-008	0.0253174
2.453858e-008	0.0211914
2.456358e-008	0.0194824
2.458858e-008	0.0223389
2.461358e-008	0.0185303
2.463858e-008	0.0282471
2.466358e-008	0.0376953
2.468858e-008	0.0224609
2.471358e-008	0.0148193
2.473858e-008	0.0218506
2.476358e-008	0.0220947
2.478858e-008	0.0180908
2.481358e-008	0.0128906
2.483858e-008	0.0174561
2.486358e-008	0.0241211
2.488858e-008	0.0191162
2.491358e-008	0.019165
2.493858e-008	0.0247803
2.496358e-008	0.027124
2.498858e-008	0.0275635
2.501358e-008	0.0271729
2.503858e-008	0.0233887
2.506358e-008	0.0194336
2.508858e-008	0.0209229
2.511358e-008	0.0254639
2.513858e-008	0.0279297
2.516358e-008	0.0183594
2.518858e-008	0.0174561
2.521358e-008	0.0260254
2.523858e-008	0.0255859
2.526358e-008	0.0311524
2.528858e-008	0.0226807
2.531358e-008	0.0114502
2.533858e-008	0.0255859
2.536358e-008	0.0303955
2.538858e-008	0.0158691
2.541358e-008	0.00559083
2.543858e-008	0.0176514
2.546358e-008	0.025293
2.548858e-008	0.0136719
2.551358e-008	0.0208984
2.553858e-008	0.0329834
2.556358e-008	0.0275147
2.558858e-008	0.0226318
2.561358e-008	0.0255859
2.563858e-008	0.0297119
2.566358e-008	0.0305908
2.568858e-008	0.0332031
2.571358e-008	0.0298096
2.573858e-008	0.0226074
2.576358e-008	0.0263916
2.578858e-008	0.0230713
2.581358e-008	0.00935059
2.583858e-008	0.0203125
2.586358e-008	0.0382813
2.588858e-008	0.0199707
2.591358e-008	0.00476075
2.593858e-008	0.0191162
2.596358e-008	0.0264649
2.598858e-008	0.022583
2.601358e-008	0.0218018
2.603858e-008	0.0288574
2.606358e-008	0.0323731
2.608858e-008	0.0237305
2.611358e-008	0.0225342
2.613858e-008	0.0255859
2.616358e-008	0.0211914
2.618858e-008	0.0245606
2.621358e-008	0.0236816
2.623858e-008	0.0146973
2.626358e-008	0.023584
2.628858e-008	0.0197754
2.631358e-008	0.00803223
2.633858e-008	0.0321045
2.636358e-008	0.0445068
2.638858e-008	0.0177002
2.641358e-008	-0.00319823
2.643858e-008	0.0119629
2.646358e-008	0.0252441
2.648858e-008	0.00996095
2.651358e-008	0.0176514
2.653858e-008	0.0335938
2.656358e-008	0.0303223
2.658858e-008	0.025708
2.661358e-008	0.0175049
2.663858e-008	0.031958
2.666358e-008	0.0382813
2.668858e-008	0.0151611
2.671358e-008	0.0211914
2.673858e-008	0.0278565
2.676358e-008	0.0143311
2.678858e-008	0.0222656
2.681358e-008	0.029126
2.683858e-008	0.0246582
2.686358e-008	0.022876
2.688858e-008	0.016626
2.691358e-008	0.0216309
2.693858e-008	0.0309082
2.696358e-008	0.0307861
2.698858e-008	0.031958
2.701358e-008	0.0258789
2.703858e-008	0.0247315
2.706358e-008	0.0287598
2.708858e-008	0.0111816
2.711358e-008	0.00712891
2.713858e-008	0.0218994
2.716358e-008	0.0122803
2.718858e-008	0.0153809
2.721358e-008	0.0348877
2.723858e-008	0.0205566
2.726358e-008	0.00993653
2.728858e-008	0.0219727
2.731358e-008	0.0182129
2.733858e-008	0.00852052
2.736358e-008	0.00844727
2.738858e-008	0.0110352
2.741358e-008	0.0206787
2.743858e-008	0.0276611
2.746358e-008	0.013794
2.748858e-008	0.00539552
2.751358e-008	0.0168701
2.753858e-008	0.0175781
2.756358e-008	0.0135986
2.758858e-008	0.0182861
2.761358e-008	0.0217285
2.763858e-008	0.0274414
2.766358e-008	0.027832
2.768858e-008	0.0206787
2.771358e-008	0.0181152
2.773858e-008	0.0255859
2.776358e-008	0.0323975
2.778858e-008	0.0175781
2.781358e-008	0.00446778
2.783858e-008	0.0151856
2.786358e-008	0.0230957
2.788858e-008	0.0201904
2.791358e-008	0.0185547
2.793858e-008	0.0203613
2.796358e-008	0.0256348
2.798858e-008	0.0321289
2.801358e-008	0.0304688
2.803858e-008	0.0272461
2.806358e-008	0.0246338
2.808858e-008	0.0126709
2.811358e-008	0.012085
2.813858e-008	0.0246338
2.816358e-008	0.0306152
2.818858e-008	0.0327637
2.821358e-008	0.0237793
2.823858e-008	0.0159912
2.826358e-008	0.0218018
2.828858e-008	0.0127441
2.831358e-008	0.0088379
2.833858e-008	0.0265869
2.836358e-008	0.0252686
2.838858e-008	0.0150635
2.841358e-008	0.0169434
2.843858e-008	0.0289551
2.846358e-008	0.036084
2.848858e-008	0.0195557
2.851358e-008	0.0171875
2.853858e-008	0.0239746
2.856358e-008	0.0166504
2.858858e-008	0.0175537
2.861358e-008	0.0133789
2.863858e-008	0.0201904
2.866358e-008	0.0357178
2.868858e-008	0.0219482
2.871358e-008	0.0100586
2.873858e-008	0.0189453
2.876358e-008	0.0298828
2.878858e-008	0.0320557
2.881358e-008	0.0232422
2.883858e-008	0.0126953
2.886358e-008	0.0174805
2.888858e-008	0.0209229
2.891358e-008	0.00898438
2.893858e-008	0.0177979
2.896358e-008	0.0215576
2.898858e-008	0.0151611
2.901358e-008	0.0337647
2.903858e-008	0.0330078
2.906358e-008	0.0137451
2.908858e-008	0.0122803
2.911358e-008	0.0193359
2.913858e-008	0.0270264
2.916358e-008	0.0333252
2.918858e-008	0.0240234
2.921358e-008	0.00817872
2.923858e-008	0.019165
2.926358e-008	0.0280518
2.928858e-008	0.00800782
2.931358e-008	0.000512703
2.933858e-008	0.0180664
2.936358e-008	0.0247559
2.938858e-008	0.0214356
2.941358e-008	0.0278809
2.943858e-008	0.0286865
2.946358e-008	0.0271484
2.948858e-008	0.0215088
2.951358e-008	0.0147461
2.953858e-008	0.0243408
2.956358e-008	0.0274414
2.958858e-008	0.0293701
2.961358e-008	0.0293213
2.963858e-008	0.0212891
2.966358e-008	0.0232178
2.968858e-008	0.00881348
2.971358e-008	0.00178223
2.973858e-008	0.0245606
2.976358e-008	0.030127
2.978858e-008	0.0225098
2.981358e-008	0.0142578
2.983858e-008	0.016626
2.986358e-008	0.0333252
2.988858e-008	0.0288818
2.991358e-008	0.0182373
2.993858e-008	0.020874
2.996358e-008	0.0259766
2.998858e-008	0.0223145
3.001358e-008	0.00444337
3.003858e-008	0.0052002
3.006358e-008	0.0265869
3.008858e-008	0.0433838
3.011358e-008	0.045752
3.013858e-008	0.0289307
3.016358e-008	0.0220459
3.018858e-008	0.0301025
3.021358e-008	0.0274658
3.023858e-008	0.0268555
3.026358e-008	0.0264404
3.028858e-008	0.00976563
3.031358e-008	0.0130859
3.033858e-008	0.029126
3.036358e-008	0.019458
3.038858e-008	0.014209
3.041358e-008	0.0142578
3.043858e-008	0.0170166
3.046358e-008	0.0289063
3.048858e-008	0.024707
3.051358e-008	0.0207031
3.053858e-008	0.0186279
3.056358e-008	0.0187256
3.058858e-008	0.0254395
3.061358e-008	0.0189209
3.063858e-008	0.0164795
3.066358e-008	0.0183838
3.068858e-008	0.0160889
3.071358e-008	0.0188232
3.073858e-008	0.0218994
3.076358e-008	0.0194336
3.078858e-008	0.0191406
3.081358e-008	0.0269043
3.083858e-008	0.0286377
3.086358e-008	0.0277832
3.088858e-008	0.0231201
3.091358e-008	0.0074463
3.093858e-008	0.00437012
3.096358e-008	0.0195801
3.098858e-008	0.0255127
3.101358e-008	0.0168701
3.103858e-008	0.0245117
3.106358e-008	0.0311035
3.108858e-008	0.0169434
3.111358e-008	0.0159668
3.113858e-008	0.0164063
3.116358e-008	0.0101807
3.118858e-008	0.020874
3.121358e-008	0.0248535
3.123858e-008	0.0185303
3.126358e-008	0.0194336
3.128858e-008	0.0053711
3.131358e-008	0.00339356
3.133858e-008	0.0327881
3.136358e-008	0.0356201
3.138858e-008	0.0135254
3.141358e-008	0.0144531
3.143858e-008	0.0350586
3.146358e-008	0.0307861
3.148858e-008	0.0118652
3.151358e-008	0.0204102
3.153858e-008	0.0269531
3.156358e-008	0.0217529
3.158858e-008	0.0208252
3.161358e-008	0.0152588
3.163858e-008	0.018457
3.166358e-008	0.0320313
3.168858e-008	0.0234619
3.171358e-008	0.0044922
3.173858e-008	0.0121094
3.176358e-008	0.022168
3.178858e-008	0.028418
3.181358e-008	0.0360596
3.183858e-008	0.0286621
3.186358e-008	0.0211426
3.188858e-008	0.014502
3.191358e-008	0.0234375
3.193858e-008	0.0355713
3.196358e-008	0.0261475
3.198858e-008	0.0250488
3.201358e-008	0.0230713
3.203858e-008	0.0174316
3.206358e-008	0.0221191
3.208858e-008	0.0292481
3.211358e-008	0.0281494
3.213858e-008	0.0174561
3.216358e-008	0.026416
3.218858e-008	0.0372315
3.221358e-008	0.0264649
3.223858e-008	0.0249024
3.226358e-008	0.0308594
3.228858e-008	0.0237549
3.231358e-008	0.0165527
3.233858e-008	0.0163574
3.236358e-008	0.0143555
3.238858e-008	0.0221191
3.241358e-008	0.0250244
3.243858e-008	0.0162354
3.246358e-008	0.0205811
3.248858e-008	0.0198242
3.251358e-008	0.0165527
3.253858e-008	0.0199463
3.256358e-008	0.0125732
3.258858e-008	0.0174805
3.261358e-008	0.0282959
3.263858e-008	0.0241943
3.266358e-008	0.0235352
3.268858e-008	0.0148682
3.271358e-008	0.00759278
3.273858e-008	0.0220703
3.276358e-008	0.0219727
3.278858e-008	0.0140137
3.281358e-008	0.0240967
3.283858e-008	0.0366211
3.286358e-008	0.0366943
3.288858e-008	0.0159668
3.291358e-008	0.00559083
3.293858e-008	0.0160156
3.296358e-008	0.0217774
3.298858e-008	0.023877
3.301358e-008	0.0178223
3.303858e-008	0.020874
3.306358e-008	0.0322754
3.308858e-008	0.0286377
3.311358e-008	0.0280518
3.313858e-008	0.0247315
3.316358e-008	0.0192383
3.318858e-008	0.0220215
3.321358e-008	0.0196777
3.323858e-008	0.0275879
3.326358e-008	0.0379395
3.328858e-008	0.0235107
3.331358e-008	0.014209
3.333858e-008	0.0209473
3.336358e-008	0.0142822
3.338858e-008	0.016626
3.341358e-008	0.024292
3.343858e-008	0.0178467
3.346358e-008	0.0309082
3.348858e-008	0.0355713
3.351358e-008	0.028833
3.353858e-008	0.0400147
3.356358e-008	0.0234375
3.358858e-008	0.00402833
3.361358e-008	0.0175781
3.363858e-008	0.0217529
3.366358e-008	0.0232422
3.368858e-008	0.0233887
3.371358e-008	0.0125
3.373858e-008	0.0220947
3.376358e-008	0.0273193
3.378858e-008	0.0155274
3.381358e-008	0.0243164
3.383858e-008	0.0370117
3.386358e-008	0.0296387
3.388858e-008	0.0174561
3.391358e-008	0.0192627
3.393858e-008	0.0250977
3.396358e-008	0.0258545
3.398858e-008	0.0287354
3.401358e-008	0.0183106
3.403858e-008	0.0111328
3.406358e-008	0.0279541
3.408858e-008	0.0309326
3.411358e-008	0.0217285
3.413858e-008	0.0219971
3.416358e-008	0.0174072
3.418858e-008	0.0175781
3.421358e-008	0.023169
3.423858e-008	0.0256104
3.426358e-008	0.0285156
3.428858e-008	0.0196533
3.431358e-008	0.0151123
3.433858e-008	0.0263184
3.436358e-008	0.0257568
3.438858e-008	0.0133057
3.441358e-008	0.0134033
3.443858e-008	0.0263428
3.446358e-008	0.0253418
3.448858e-008	0.0113281
3.451358e-008	0.0150879
3.453858e-008	0.0333252
3.456358e-008	0.0385498
3.458858e-008	0.034082
3.461358e-008	0.0273926
3.463858e-008	0.0190674
3.466358e-008	0.0269531
3.468858e-008	0.0297608
3.471358e-008	0.0187988
3.473858e-008	0.0272461
3.476358e-008	0.0289795
3.478858e-008	0.0154297
3.481358e-008	0.0162598
3.483858e-008	0.0175537
3.486358e-008	0.0154541
3.488858e-008	0.016333
3.491358e-008	0.0194824
3.493858e-008	0.0298584
3.496358e-008	0.0312256
3.498858e-008	0.0193848
3.501358e-008	0.0117432
3.503858e-008	0.0192627
3.506358e-008	0.0288086
3.508858e-008	0.0182617
3.511358e-008	0.0150147
3.513858e-008	0.0305176
3.516358e-008	0.0294922
3.518858e-008	0.0188477
3.521358e-008	0.0167481
3.523858e-008	0.0213623
3.526358e-008	0.0234131
3.528858e-008	0.012207
3.531358e-008	0.0100342
3.533858e-008	0.0162354
3.536358e-008	0.019751
3.538858e-008	0.0276611
3.541358e-008	0.0215332
3.543858e-008	0.022583
3.546358e-008	0.0317139
3.548858e-008	0.0192871
3.551358e-008	0.0201904
3.553858e-008	0.0311035
3.556358e-008	0.030835
3.558858e-008	0.0317871
3.561358e-008	0.0233887
3.563858e-008	0.0191895
3.566358e-008	0.0258789
3.568858e-008	0.0198242
3.571358e-008	0.0157471
3.573858e-008	0.0139649
3.576358e-008	0.0058838
3.578858e-008	0.0130859
3.581358e-008	0.0159424
3.583858e-008	0.0197022
3.586358e-008	0.027124
3.588858e-008	0.0114014
3.591358e-008	0.0183594
3.593858e-008	0.0335693
3.596358e-008	0.023877
3.598858e-008	0.0211914
3.601358e-008	0.0131104
3.603858e-008	0.0119385
3.606358e-008	0.0299561
3.608858e-008	0.034082
3.611358e-008	0.0280762
3.613858e-008	0.0258057
3.616358e-008	0.0220703
3.618858e-008	0.023584
3.621358e-008	0.0277832
3.623858e-008	0.0254883
3.626358e-008	0.0278809
3.628858e-008	0.0301758
3.631358e-008	0.0293701
3.633858e-008	0.0237549
3.636358e-008	0.0159424
3.638858e-008	0.0311768
3.641358e-008	0.0424316
3.643858e-008	0.0267822
3.646358e-008	0.0221191
3.648858e-008	0.0291748
3.651358e-008	0.0249512
3.653858e-008	0.027417
3.656358e-008	0.0333496
3.658858e-008	0.0238281
3.661358e-008	0.02146
3.663858e-008	0.0292969
3.666358e-008	0.0302002
3.668858e-008	0.0269775
3.671358e-008	0.0219971
3.673858e-008	0.0142578
3.676358e-008	0.0152832
3.678858e-008	0.0324951
3.681358e-008	0.0333008
3.683858e-008	0.0231201
3.686358e-008	0.0320313
3.688858e-008	0.0305908
3.691358e-008	0.0264893
3.693858e-008	0.0281006
3.696358e-008	0.0195557
3.698858e-008	0.030835
3.701358e-008	0.0236572
3.703858e-008	0.0008545
3.706358e-008	0.0211426
3.708858e-008	0.0227539
3.711358e-008	0.0115479
3.713858e-008	0.0278565
3.716358e-008	0.0276611
3.718858e-008	0.0203613
3.721358e-008	0.0209229
3.723858e-008	0.0282715
3.726358e-008	0.0371094
3.728858e-008	0.0338623
3.731358e-008	0.0257813
3.733858e-008	0.0149414
3.736358e-008	0.0167236
3.738858e-008	0.0259522
3.741358e-008	0.0228516
3.743858e-008	0.0206543
3.746358e-008	0.0162109
3.748858e-008	0.0161865
3.751358e-008	0.0297363
3.753858e-008	0.0297608
3.756358e-008	0.0249756
3.758858e-008	0.0272949
3.761358e-008	0.020874
3.763858e-008	0.024292
3.766358e-008	0.0284424
3.768858e-008	0.016333
3.771358e-008	0.021582
3.773858e-008	0.0286377
3.776358e-008	0.0210693
3.778858e-008	0.0211426
3.781358e-008	0.015918
3.783858e-008	0.0243897
3.786358e-008	0.0443359
3.788858e-008	0.024707
3.791358e-008	0.00893555
3.793858e-008	0.0205811
3.796358e-008	0.0174805
3.798858e-008	0.0185547
3.801358e-008	0.0237305
3.803858e-008	0.023877
3.806358e-008	0.027002
3.808858e-008	0.0156738
3.811358e-008	0.0190674
3.813858e-008	0.0305176
3.816358e-008	0.0166504
3.818858e-008	0.0213379
3.821358e-008	0.0370606
3.823858e-008	0.0314209
3.826358e-008	0.026709
3.828858e-008	0.0222412
3.831358e-008	0.0184326
3.833858e-008	0.0210449
3.836358e-008	0.0182617
3.838858e-008	0.0159424
3.841358e-008	0.0163574
3.843858e-008	0.0159668
3.846358e-008	0.0181641
3.848858e-008	0.0144775
3.851358e-008	0.011792
3.853858e-008	0.0176025
3.856358e-008	0.0154297
3.858858e-008	0.0157227
3.861358e-008	0.0236572
3.863858e-008	0.0234863
3.866358e-008	0.0233399
3.868858e-008	0.02229
3.871358e-008	0.0149414
3.873858e-008	0.00903321
3.876358e-008	0.0109375
3.878858e-008	0.0190186
3.881358e-008	0.0197266
3.883858e-008	0.0140381
3.886358e-008	0.0131836
3.888858e-008	0.0175293
3.891358e-008	0.0192871
3.893858e-008	0.0227051
3.896358e-008	0.0296143
3.898858e-008	0.0237549
3.901358e-008	0.0231934
3.903858e-008	0.0378174
3.906358e-008	0.0354736
3.908858e-008	0.0216309
3.911358e-008	0.0199463
3.913858e-008	0.0176514
3.916358e-008	0.0148193
3.918858e-008	0.0209229
3.921358e-008	0.0174561
3.923858e-008	0.0205078
3.926358e-008	0.037915
3.928858e-008	0.0282959
3.931358e-008	0.0117432
3.933858e-008	0.0188965
3.936358e-008	0.0261231
3.938858e-008	0.030542
3.941358e-008	0.0300293
3.943858e-008	0.018457
3.946358e-008	0.0142578
3.948858e-008	0.0107422
3.951358e-008	0.0157715
3.953858e-008	0.0365723
3.956358e-008	0.0311035
3.958858e-008	0.021167
3.961358e-008	0.0314209
3.963858e-008	0.0318359
3.966358e-008	0.0270996
3.968858e-008	0.0231201
3.971358e-008	0.0237305
3.973858e-008	0.026709
3.976358e-008	0.0205322
3.978858e-008	0.016919
3.981358e-008	0.0201416
3.983858e-008	0.0173828
3.986358e-008	0.0119629
3.988858e-008	0.0190186
3.991358e-008	0.0184815
3.993858e-008	0.0162598
3.996358e-008	0.0286621
3.998858e-008	0.029834
4.001358e-008	0.0196777
4.003858e-008	0.00922852
4.006358e-008	0.0134033
4.008858e-008	0.0199951
4.011358e-008	0.014917
4.013858e-008	0.02229
4.016358e-008	0.0229981
4.018858e-008	0.0179443
4.021358e-008	0.032666
4.023858e-008	0.0486328
4.026358e-008	0.0424072
4.028858e-008	0.0158936
4.031358e-008	0.0119385
4.033858e-008	0.0263672
4.036358e-008	0.020044
4.038858e-008	0.0146729
4.041358e-008	0.0125732
4.043858e-008	0.0153809
4.046358e-008	0.0290527
4.048858e-008	0.0179688
4.051358e-008	0.00861817
4.053858e-008	0.0211426
4.056358e-008	0.0233887
4.058858e-008	0.0237061
4.061358e-008	0.0203613
4.063858e-008	0.0159668
4.066358e-008	0.0215332
4.068858e-008	0.0187012
4.071358e-008	0.020044
4.073858e-008	0.024707
4.076358e-008	0.0187988
4.078858e-008	0.0178467
4.081358e-008	0.0101807
4.083858e-008	0.0130371
4.086358e-008	0.030249
4.088858e-008	0.0146973
4.091358e-008	0.00830079
4.093858e-008	0.0272217
4.096358e-008	0.0275147
4.098858e-008	0.0324707
4.101358e-008	0.0292481
4.103858e-008	0.0109863
4.106358e-008	0.0180908
4.108858e-008	0.0247803
4.111358e-008	0.0223633
4.113858e-008	0.0273926
4.116358e-008	0.0192871
4.118858e-008	0.0174316
4.121358e-008	0.0229248
4.123858e-008	0.0206299
4.126358e-008	0.0348877
4.128858e-008	0.02854
4.131358e-008	0.00759278
4.133858e-008	0.0162842
4.136358e-008	0.0133789
4.138858e-008	0.0162598
4.141358e-008	0.033252
4.143858e-008	0.0278809
4.146358e-008	0.0299805
4.148858e-008	0.0213867
4.151358e-008	0.00546876
4.153858e-008	0.0237305
4.156358e-008	0.0320801
4.158858e-008	0.0205566
4.161358e-008	0.0166504
4.163858e-008	0.0268555
4.166358e-008	0.0348633
4.168858e-008	0.019458
4.171358e-008	0.0182861
4.173858e-008	0.023584
4.176358e-008	0.0172607
4.178858e-008	0.0286133
4.181358e-008	0.0324219
4.183858e-008	0.0321045
4.186358e-008	0.0392578
4.188858e-008	0.0239258
4.191358e-008	0.00336915
4.193858e-008	0.00185548
4.196358e-008	0.0166504
4.198858e-008	0.0312012
4.201358e-008	0.0285889
4.203858e-008	0.0215332
4.206358e-008	0.0208496
4.208858e-008	0.0183838
4.211358e-008	0.0179443
4.213858e-008	0.0236572
4.216358e-008	0.0236816
4.218858e-008	0.0171875
4.221358e-008	0.0139404
4.223858e-008	0.0234863
4.226358e-008	0.0364746
4.228858e-008	0.0282715
4.231358e-008	0.0222656
4.233858e-008	0.0283691
4.236358e-008	0.0196777
4.238858e-008	0.0148926
4.241358e-008	0.013916
4.243858e-008	0.0160645
4.246358e-008	0.0312988
4.248858e-008	0.0260986
4.251358e-008	0.0154541
4.253858e-008	0.0170899
4.256358e-008	0.0197022
4.258858e-008	0.0281983
4.261358e-008	0.0212891
4.263858e-008	0.0153076
4.266358e-008	0.0238281
4.268858e-008	0.00927735
4.271358e-008	0.00126954
4.273858e-008	0.0207275
4.276358e-008	0.0243897
4.278858e-008	0.0246826
4.281358e-008	0.0304443
4.283858e-008	0.025293
4.286358e-008	0.0201172
4.288858e-008	0.00229493
4.291358e-008	0.00412598
4.293858e-008	0.0342285
4.296358e-008	0.0253906
4.298858e-008	0.00678712
4.301358e-008	0.0113525
4.303858e-008	0.0198242
4.306358e-008	0.0330566
4.308858e-008	0.0157715
4.311358e-008	-0.0126709
4.313858e-008	0.00422364
4.316358e-008	0.0209229
4.318858e-008	0.0232178
4.321358e-008	0.0317383
4.323858e-008	0.0167725
4.326358e-008	0.0153076
4.328858e-008	0.030542
4.331358e-008	0.0224121
4.333858e-008	0.0227051
4.336358e-008	0.0250733
4.338858e-008	0.019458
4.341358e-008	0.0187988
4.343858e-008	0.0254639
4.346358e-008	0.0282715
4.348858e-008	0.00993653
4.351358e-008	0.00820313
4.353858e-008	0.0222412
4.356358e-008	0.0239502
4.358858e-008	0.0209717
4.361358e-008	0.00910645
4.363858e-008	0.0130615
4.366358e-008	0.0289063
4.368858e-008	0.0225586
4.371358e-008	0.0186035
4.373858e-008	0.0215576
4.376358e-008	0.00981446
4.378858e-008	0.0065918
4.381358e-008	0.0186279
4.383858e-008	0.0208984
4.386358e-008	0.0142822
4.388858e-008	0.0128906
4.391358e-008	0.0162354
4.393858e-008	0.0177246
4.396358e-008	0.0272705
4.398858e-008	0.0317871
4.401358e-008	0.0196045
4.403858e-008	0.0258057
4.406358e-008	0.0245361
4.408858e-008	0.00859376
4.411358e-008	0.0237793
4.413858e-008	0.0276856
4.416358e-008	0.0159668
4.418858e-008	0.0180176
4.421358e-008	0.0112305
4.423858e-008	0.0261475
4.426358e-008	0.0434815
4.428858e-008	0.0186279
4.431358e-008	0.0116943
4.433858e-008	0.0240234
4.436358e-008	0.0226318
4.438858e-008	0.0203613
4.441358e-008	0.0128418
4.443858e-008	0.0212158
4.446358e-008	0.0311524
4.448858e-008	0.0191162
4.451358e-008	0.0156982
4.453858e-008	0.0223633
4.456358e-008	0.0393311
4.458858e-008	0.0404297
4.461358e-008	0.0107178
4.463858e-008	0.00803223
4.466358e-008	0.0190186
4.468858e-008	0.00722657
4.471358e-008	0.00766602
4.473858e-008	0.022168
4.476358e-008	0.0223389
4.478858e-008	0.0168457
4.481358e-008	0.0217041
4.483858e-008	0.0320801
4.486358e-008	0.0344238
4.488858e-008	0.0270508
4.491358e-008	0.0191895
4.493858e-008	0.0154297
4.496358e-008	0.0200195
4.498858e-008	0.0235107
4.501358e-008	0.0178711
4.503858e-008	0.0182129
4.506358e-008	0.0258057
4.508858e-008	0.0316406
4.511358e-008	0.0260986
4.513858e-008	0.0196045
4.516358e-008	0.0250977
4.518858e-008	0.0256104
4.521358e-008	0.0287354
4.523858e-008	0.0338135
4.526358e-008	0.0257324
4.528858e-008	0.0208252
4.531358e-008	0.0200684
4.533858e-008	0.0203613
4.536358e-008	0.0259033
4.538858e-008	0.0232422
4.541358e-008	0.0149414
4.543858e-008	0.0230713
4.546358e-008	0.0297852
4.548858e-008	0.0171631
4.551358e-008	0.0135742
4.553858e-008	0.020044
4.556358e-008	0.0245606
4.558858e-008	0.0329346
4.561358e-008	0.0259277
4.563858e-008	0.0098877
4.566358e-008	0.0210693
4.568858e-008	0.0326172
4.571358e-008	0.0158936
4.573858e-008	0.00847169
4.576358e-008	0.0242432
4.578858e-008	0.0297608
4.581358e-008	0.0109131
4.583858e-008	0.0058838
4.586358e-008	0.0314697
4.588858e-008	0.0460693
4.591358e-008	0.0362061
4.593858e-008	0.0205811
4.596358e-008	0.0139893
4.598858e-008	0.0153076
4.601358e-008	0.0155274
4.603858e-008	0.0244873
4.606358e-008	0.035669
4.608858e-008	0.0278565
4.611358e-008	0.0167481
4.613858e-008	0.0185059
4.616358e-008	0.0114258
4.618858e-008	0.00461427
4.621358e-008	0.0134766
4.623858e-008	0.0271729
4.626358e-008	0.048999
4.628858e-008	0.0399414
4.631358e-008	0.0138916
4.633858e-008	0.02854
4.636358e-008	0.0288086
4.638858e-008	0.0142334
4.641358e-008	0.0220215
4.643858e-008	0.0201172
4.646358e-008	0.0210938
4.648858e-008	0.0230225
4.651358e-008	0.019458
4.653858e-008	0.0241455
4.656358e-008	0.0158203
4.658858e-008	0.00646973
4.661358e-008	0.0109619
4.663858e-008	0.024292
4.666358e-008	0.0306152
4.668858e-008	0.0158936
4.671358e-008	0.0195557
4.673858e-008	0.03396
4.676358e-008	0.0242676
4.678858e-008	0.0239746
4.681358e-008	0.0351807
4.683858e-008	0.037915
4.686358e-008	0.0414307
4.688858e-008	0.0320801
4.691358e-008	0.015918
4.693858e-008	0.0220947
4.696358e-008	0.0209717
4.698858e-008	0.00541993
4.701358e-008	0.0146484
4.703858e-008	0.0263428
4.706358e-008	0.0242432
4.708858e-008	0.0230713
4.711358e-008	0.0208252
4.713858e-008	0.0212402
4.716358e-008	0.0190186
4.718858e-008	0.0204102
4.721358e-008	0.0237061
4.723858e-008	0.023584
4.726358e-008	0.0273926
4.728858e-008	0.0236572
4.731358e-008	0.0202393
4.733858e-008	0.0183106
4.736358e-008	0.019043
4.738858e-008	0.0245606
4.741358e-008	0.0179443
4.743858e-008	0.0156006
4.746358e-008	0.0172363
4.748858e-008	0.0186279
4.751358e-008	0.0277832
4.753858e-008	0.0251709
4.756358e-008	0.0186035
4.758858e-008	0.0176514
4.761358e-008	0.0121826
4.763858e-008	0.0197022
4.766358e-008	0.0300293
4.768858e-008	0.0172607
4.771358e-008	0.0157227
4.773858e-008	0.0212647
4.776358e-008	0.0112793
4.778858e-008	0.0190186
4.781358e-008	0.0300537
4.783858e-008	0.0269287
4.786358e-008	0.0248047
4.788858e-008	0.0207031
4.791358e-008	0.0162109
4.793858e-008	0.0126465
4.796358e-008	0.0141113
4.798858e-008	0.0150879
4.801358e-008	0.00429688
4.803858e-008	0.00500489
4.806358e-008	0.0219482
4.808858e-008	0.0213623
4.811358e-008	0.0144043
4.813858e-008	0.0243897
4.816358e-008	0.0315918
4.818858e-008	0.0191162
4.821358e-008	0.00522462
4.823858e-008	0.0173828
4.826358e-008	0.0157959
4.828858e-008	-0.00131835
4.831358e-008	0.0145508
4.833858e-008	0.021167
4.836358e-008	0.0159912
4.838858e-008	0.0254395
4.841358e-008	0.0203369
4.843858e-008	0.0249756
4.846358e-008	0.0367432
4.848858e-008	0.0191406
4.851358e-008	0.0140869
4.853858e-008	0.0254639
4.856358e-008	0.0180664
4.858858e-008	0.0165039
4.861358e-008	0.0236328
4.863858e-008	0.0220947
4.866358e-008	0.0185059
4.868858e-008	0.0178711
4.871358e-008	0.0192139
4.873858e-008	0.0170166
4.876358e-008	0.0187744
4.878858e-008	0.0203369
4.881358e-008	0.00895997
4.883858e-008	0.0143555
4.886358e-008	0.0302246
4.888858e-008	0.0141113
4.891358e-008	0.0076172
4.893858e-008	0.0211182
4.896358e-008	0.0173584
4.898858e-008	0.0215088
4.901358e-008	0.0265137
4.903858e-008	0.0254395
4.906358e-008	0.0273438
4.908858e-008	0.0165283
4.911358e-008	0.00852052
4.913858e-008	0.0140625
4.916358e-008	0.0270508
4.918858e-008	0.0265625
4.921358e-008	0.0154541
4.923858e-008	0.0245361
4.926358e-008	0.0334229
4.928858e-008	0.0256836
4.931358e-008	0.0185303
4.933858e-008	0.0171143
4.936358e-008	0.0201416
4.938858e-008	0.0216309
4.941358e-008	0.0214111
4.943858e-008	0.0313965
4.946358e-008	0.0269531
4.948858e-008	0.00556641
4.951358e-008	0.0210693
4.953858e-008	0.0379395
4.956358e-008	0.0199463
4.958858e-008	0.0151367
4.961358e-008	0.018335
4.963858e-008	0.0192139
4.966358e-008	0.0210938
4.968858e-008	0.0138184
4.971358e-008	0.0152588
4.973858e-008	0.0173584
4.976358e-008	0.0154785
4.978858e-008	0.027002
4.981358e-008	0.0290772
4.983858e-008	0.0212647
4.986358e-008	0.0296387
4.988858e-008	0.030127
4.991358e-008	0.0196777
4.993858e-008	0.0221436
4.996358e-008	0.0226807
4.998858e-008	0.0197754
5.001358e-008	0.0213867
