# LECROYWM813Zi	51496	Waveform
# Segments	1	SegmentSize	4002
# Segment	TrigTime	TimeSinceSegment1
# #1	30-Nov-2018 17:17:37	0                 
# Time	Ampl
-5.00189e-008	0.0247559
-4.99939e-008	0.0248291
-4.99689e-008	0.0194824
-4.99439e-008	0.0264893
-4.99189e-008	0.0304443
-4.98939e-008	0.0330811
-4.98689e-008	0.0135254
-4.98439e-008	0.00454102
-4.98189e-008	0.0327393
-4.97939e-008	0.0377441
-4.97689e-008	0.0232178
-4.97439e-008	0.0134033
-4.97189e-008	0.0163574
-4.96939e-008	0.0293457
-4.96689e-008	0.0112549
-4.96439e-008	0.00283204
-4.96189e-008	0.0245361
-4.95939e-008	0.0266358
-4.95689e-008	0.0260498
-4.95439e-008	0.0300049
-4.95189e-008	0.0262451
-4.94939e-008	0.0233887
-4.94689e-008	0.0199219
-4.94439e-008	0.0196777
-4.94189e-008	0.0215576
-4.93939e-008	0.0182129
-4.93689e-008	0.0121582
-4.93439e-008	0.0141846
-4.93189e-008	0.0229004
-4.92939e-008	0.0230469
-4.92689e-008	0.0155029
-4.92439e-008	0.0212647
-4.92189e-008	0.0296143
-4.91939e-008	0.0213135
-4.91689e-008	0.019043
-4.91439e-008	0.00749512
-4.91189e-008	0.000219734
-4.90939e-008	0.0289795
-4.90689e-008	0.0310303
-4.90439e-008	0.0210693
-4.90189e-008	0.0305176
-4.89939e-008	0.0199707
-4.89689e-008	0.0146729
-4.89439e-008	0.0185791
-4.89189e-008	0.0273193
-4.88939e-008	0.0428955
-4.88689e-008	0.0296631
-4.88439e-008	0.0187012
-4.88189e-008	0.0197022
-4.87939e-008	0.00805665
-4.87689e-008	0.0114746
-4.87439e-008	0.0119629
-4.87189e-008	0.00458985
-4.86939e-008	0.0155518
-4.86689e-008	0.0170654
-4.86439e-008	0.0168457
-4.86189e-008	0.0276367
-4.85939e-008	0.0242676
-4.85689e-008	0.00534669
-4.85439e-008	-0.00424804
-4.85189e-008	0.0150879
-4.84939e-008	0.0318848
-4.84689e-008	0.0214356
-4.84439e-008	0.0139893
-4.84189e-008	0.0220459
-4.83939e-008	0.0177246
-4.83689e-008	0.00146485
-4.83439e-008	-0.00466308
-4.83189e-008	0.00837403
-4.82939e-008	0.0324219
-4.82689e-008	0.0264649
-4.82439e-008	0.0145996
-4.82189e-008	0.027832
-4.81939e-008	0.0301758
-4.81689e-008	0.0298096
-4.81439e-008	0.0251221
-4.81189e-008	0.017627
-4.80939e-008	0.0153809
-4.80689e-008	0.00253907
-4.80439e-008	0.00910645
-4.80189e-008	0.016626
-4.79939e-008	0.00700684
-4.79689e-008	0.0168945
-4.79439e-008	0.0186035
-4.79189e-008	0.0119141
-4.78939e-008	0.0243164
-4.78689e-008	0.0240723
-4.78439e-008	0.0180664
-4.78189e-008	0.0251465
-4.77939e-008	0.0224365
-4.77689e-008	0.0142334
-4.77439e-008	0.0126465
-4.77189e-008	0.0211426
-4.76939e-008	0.0284424
-4.76689e-008	0.0224121
-4.76439e-008	0.0243164
-4.76189e-008	0.0216797
-4.75939e-008	0.0148682
-4.75689e-008	0.0229736
-4.75439e-008	0.019751
-4.75189e-008	0.0229981
-4.74939e-008	0.0317627
-4.74689e-008	0.0182617
-4.74439e-008	0.0148682
-4.74189e-008	0.0222656
-4.73939e-008	0.0227295
-4.73689e-008	0.0224854
-4.73439e-008	0.0213867
-4.73189e-008	0.0260498
-4.72939e-008	0.0287109
-4.72689e-008	0.0189209
-4.72439e-008	0.0148926
-4.72189e-008	0.0223877
-4.71939e-008	0.0202149
-4.71689e-008	0.0129883
-4.71439e-008	0.0153076
-4.71189e-008	0.0212647
-4.70939e-008	0.0276123
-4.70689e-008	0.0212402
-4.70439e-008	0.00996095
-4.70189e-008	0.014624
-4.69939e-008	0.0232422
-4.69689e-008	0.0274658
-4.69439e-008	0.0207275
-4.69189e-008	0.0237793
-4.68939e-008	0.0321777
-4.68689e-008	0.00778809
-4.68439e-008	0.00515137
-4.68189e-008	0.0303955
-4.67939e-008	0.0262451
-4.67689e-008	0.0107422
-4.67439e-008	0.0053711
-4.67189e-008	0.0226807
-4.66939e-008	0.0342774
-4.66689e-008	0.0100586
-4.66439e-008	0.0052002
-4.66189e-008	0.0285156
-4.65939e-008	0.0306641
-4.65689e-008	0.0263184
-4.65439e-008	0.0331055
-4.65189e-008	0.0324463
-4.64939e-008	0.0276611
-4.64689e-008	0.0146973
-4.64439e-008	0.00908204
-4.64189e-008	0.0290772
-4.63939e-008	0.0323486
-4.63689e-008	0.0103516
-4.63439e-008	0.00314942
-4.63189e-008	0.023291
-4.62939e-008	0.0295899
-4.62689e-008	0.00478516
-4.62439e-008	0.000390632
-4.62189e-008	0.0151367
-4.61939e-008	0.0217041
-4.61689e-008	0.0264649
-4.61439e-008	0.0210449
-4.61189e-008	0.0183106
-4.60939e-008	0.0310547
-4.60689e-008	0.0346191
-4.60439e-008	0.0241455
-4.60189e-008	0.0170654
-4.59939e-008	0.0166748
-4.59689e-008	0.0162109
-4.59439e-008	0.016333
-4.59189e-008	0.0258789
-4.58939e-008	0.0302734
-4.58689e-008	0.0141113
-4.58439e-008	0.00834962
-4.58189e-008	0.0178467
-4.57939e-008	0.0195313
-4.57689e-008	0.019751
-4.57439e-008	0.0110352
-4.57189e-008	0.00939942
-4.56939e-008	0.0233643
-4.56689e-008	0.0123291
-4.56439e-008	0.0168945
-4.56189e-008	0.0458252
-4.55939e-008	0.0297852
-4.55689e-008	0.0161621
-4.55439e-008	0.0321045
-4.55189e-008	0.0364502
-4.54939e-008	0.0352539
-4.54689e-008	0.0164063
-4.54439e-008	0.00424805
-4.54189e-008	0.019751
-4.53939e-008	0.0150391
-4.53689e-008	0.00949708
-4.53439e-008	0.0251709
-4.53189e-008	0.0245606
-4.52939e-008	0.0162109
-4.52689e-008	0.0173584
-4.52439e-008	0.0202393
-4.52189e-008	0.0225586
-4.51939e-008	0.0232422
-4.51689e-008	0.0271729
-4.51439e-008	0.023291
-4.51189e-008	0.0219727
-4.50939e-008	0.0371826
-4.50689e-008	0.0318604
-4.50439e-008	0.0148438
-4.50189e-008	0.0178467
-4.49939e-008	0.0278076
-4.49689e-008	0.0367432
-4.49439e-008	0.0315186
-4.49189e-008	0.00898438
-4.48939e-008	0.0020752
-4.48689e-008	0.0148682
-4.48439e-008	0.0185303
-4.48189e-008	0.0204834
-4.47939e-008	0.0277344
-4.47689e-008	0.0228027
-4.47439e-008	0.0203857
-4.47189e-008	0.0256348
-4.46939e-008	0.0208496
-4.46689e-008	0.0105957
-4.46439e-008	0.011792
-4.46189e-008	0.0249268
-4.45939e-008	0.0285645
-4.45689e-008	0.0257324
-4.45439e-008	0.0271973
-4.45189e-008	0.0266358
-4.44939e-008	0.0271729
-4.44689e-008	0.023877
-4.44439e-008	0.0220947
-4.44189e-008	0.0208008
-4.43939e-008	0.00351563
-4.43689e-008	0.00114747
-4.43439e-008	0.0206299
-4.43189e-008	0.0235107
-4.42939e-008	0.0210938
-4.42689e-008	0.0281006
-4.42439e-008	0.0290772
-4.42189e-008	0.0280518
-4.41939e-008	0.0261231
-4.41689e-008	0.0188965
-4.41439e-008	0.0180664
-4.41189e-008	0.0255371
-4.40939e-008	0.0328125
-4.40689e-008	0.0212402
-4.40439e-008	0.0034668
-4.40189e-008	0.0112793
-4.39939e-008	0.0221924
-4.39689e-008	0.0289795
-4.39439e-008	0.0317139
-4.39189e-008	0.021582
-4.38939e-008	0.0196533
-4.38689e-008	0.0216065
-4.38439e-008	0.0299316
-4.38189e-008	0.0329346
-4.37939e-008	0.0178223
-4.37689e-008	0.0145264
-4.37439e-008	0.0161377
-4.37189e-008	0.0239502
-4.36939e-008	0.0278565
-4.36689e-008	0.0116699
-4.36439e-008	0.0110352
-4.36189e-008	0.0172607
-4.35939e-008	0.0205811
-4.35689e-008	0.0246094
-4.35439e-008	0.021582
-4.35189e-008	0.0319336
-4.34939e-008	0.0259766
-4.34689e-008	-0.000952141
-4.34439e-008	0.00817872
-4.34189e-008	0.0285645
-4.33939e-008	0.0246094
-4.33689e-008	0.0179199
-4.33439e-008	0.0208008
-4.33189e-008	0.0270264
-4.32939e-008	0.0214111
-4.32689e-008	0.0125488
-4.32439e-008	0.0188965
-4.32189e-008	0.0256104
-4.31939e-008	0.027124
-4.31689e-008	0.02854
-4.31439e-008	0.022168
-4.31189e-008	0.0229981
-4.30939e-008	0.0329346
-4.30689e-008	0.025415
-4.30439e-008	0.013916
-4.30189e-008	0.0206299
-4.29939e-008	0.0231934
-4.29689e-008	0.00827637
-4.29439e-008	0.0148438
-4.29189e-008	0.0379395
-4.28939e-008	0.027002
-4.28689e-008	0.0142334
-4.28439e-008	0.0223389
-4.28189e-008	0.0213135
-4.27939e-008	0.0216797
-4.27689e-008	0.0241455
-4.27439e-008	0.0215332
-4.27189e-008	0.0212891
-4.26939e-008	0.0190674
-4.26689e-008	0.0145264
-4.26439e-008	0.0117432
-4.26189e-008	0.0187012
-4.25939e-008	0.0287354
-4.25689e-008	0.0236816
-4.25439e-008	0.0169434
-4.25189e-008	0.0261719
-4.24939e-008	0.0274414
-4.24689e-008	0.0129883
-4.24439e-008	0.00549317
-4.24189e-008	0.000952156
-4.23939e-008	0.00927735
-4.23689e-008	0.0349365
-4.23439e-008	0.0403565
-4.23189e-008	0.0322754
-4.22939e-008	0.0314453
-4.22689e-008	0.0267578
-4.22439e-008	0.0303223
-4.22189e-008	0.0339111
-4.21939e-008	0.015625
-4.21689e-008	0.00187989
-4.21439e-008	0.0104736
-4.21189e-008	0.032666
-4.20939e-008	0.0384522
-4.20689e-008	0.0144775
-4.20439e-008	0.00544434
-4.20189e-008	0.0184815
-4.19939e-008	0.0276367
-4.19689e-008	0.0294434
-4.19439e-008	0.0223145
-4.19189e-008	0.0271729
-4.18939e-008	0.0339356
-4.18689e-008	0.0182617
-4.18439e-008	0.0169434
-4.18189e-008	0.0283691
-4.17939e-008	0.0226318
-4.17689e-008	0.0166992
-4.17439e-008	0.01521
-4.17189e-008	0.022583
-4.16939e-008	0.033252
-4.16689e-008	0.0188477
-4.16439e-008	0.010083
-4.16189e-008	0.0256836
-4.15939e-008	0.024585
-4.15689e-008	0.0164551
-4.15439e-008	0.0251953
-4.15189e-008	0.0255859
-4.14939e-008	0.0275879
-4.14689e-008	0.0387451
-4.14439e-008	0.0266113
-4.14189e-008	0.0199951
-4.13939e-008	0.0283203
-4.13689e-008	0.0239746
-4.13439e-008	0.0253418
-4.13189e-008	0.0289551
-4.12939e-008	0.0176758
-4.12689e-008	0.00341798
-4.12439e-008	0.0126465
-4.12189e-008	0.0219727
-4.11939e-008	0.0102295
-4.11689e-008	0.0185791
-4.11439e-008	0.0290039
-4.11189e-008	0.025708
-4.10939e-008	0.0259277
-4.10689e-008	0.018335
-4.10439e-008	0.01875
-4.10189e-008	0.0297119
-4.09939e-008	0.0343994
-4.09689e-008	0.0283691
-4.09439e-008	0.0160889
-4.09189e-008	0.0217041
-4.08939e-008	0.0316162
-4.08689e-008	0.0264404
-4.08439e-008	0.0290039
-4.08189e-008	0.0290283
-4.07939e-008	0.0186035
-4.07689e-008	0.0199463
-4.07439e-008	0.0237305
-4.07189e-008	0.0281006
-4.06939e-008	0.0353027
-4.06689e-008	0.0306152
-4.06439e-008	0.0237305
-4.06189e-008	0.0214844
-4.05939e-008	0.0174805
-4.05689e-008	0.0151856
-4.05439e-008	0.0148926
-4.05189e-008	0.0229004
-4.04939e-008	0.0318115
-4.04689e-008	0.0216797
-4.04439e-008	0.0163818
-4.04189e-008	0.019043
-4.03939e-008	0.0156006
-4.03689e-008	0.020459
-4.03439e-008	0.023169
-4.03189e-008	0.029126
-4.02939e-008	0.0267822
-4.02689e-008	0.0118652
-4.02439e-008	0.0246582
-4.02189e-008	0.0341309
-4.01939e-008	0.030835
-4.01689e-008	0.0296631
-4.01439e-008	0.0150635
-4.01189e-008	0.0240479
-4.00939e-008	0.0395508
-4.00689e-008	0.0241211
-4.00439e-008	0.0143311
-4.00189e-008	0.0112549
-3.99939e-008	0.0117188
-3.99689e-008	0.0218018
-3.99439e-008	0.0206299
-3.99189e-008	0.0162598
-3.98939e-008	0.0129395
-3.98689e-008	0.0161133
-3.98439e-008	0.0285889
-3.98189e-008	0.0226807
-3.97939e-008	0.00788575
-3.97689e-008	0.0126221
-3.97439e-008	0.0290527
-3.97189e-008	0.0346436
-3.96939e-008	0.0317871
-3.96689e-008	0.0280762
-3.96439e-008	0.0236572
-3.96189e-008	0.0231201
-3.95939e-008	0.0194824
-3.95689e-008	0.0168457
-3.95439e-008	0.0126221
-3.95189e-008	0.0130371
-3.94939e-008	0.0237061
-3.94689e-008	0.014209
-3.94439e-008	0.00688477
-3.94189e-008	0.0214356
-3.93939e-008	0.0247803
-3.93689e-008	0.0213135
-3.93439e-008	0.026294
-3.93189e-008	0.0364502
-3.92939e-008	0.0357422
-3.92689e-008	0.0195557
-3.92439e-008	0.0158203
-3.92189e-008	0.0159424
-3.91939e-008	0.00290528
-3.91689e-008	0.0038086
-3.91439e-008	0.0179199
-3.91189e-008	0.0328858
-3.90939e-008	0.0437988
-3.90689e-008	0.0310547
-3.90439e-008	0.0188477
-3.90189e-008	0.0233887
-3.89939e-008	0.0198731
-3.89689e-008	0.0159668
-3.89439e-008	0.0214844
-3.89189e-008	0.026416
-3.88939e-008	0.0159912
-3.88689e-008	0.00412598
-3.88439e-008	0.0135254
-3.88189e-008	0.0187256
-3.87939e-008	0.0209961
-3.87689e-008	0.0266602
-3.87439e-008	0.0178467
-3.87189e-008	0.0203613
-3.86939e-008	0.0273438
-3.86689e-008	0.0106934
-3.86439e-008	0.00388184
-3.86189e-008	0.0123779
-3.85939e-008	0.0124268
-3.85689e-008	0.0216309
-3.85439e-008	0.0352539
-3.85189e-008	0.0393066
-3.84939e-008	0.0255859
-3.84689e-008	0.00019532
-3.84439e-008	0.0126953
-3.84189e-008	0.0330322
-3.83939e-008	0.0198731
-3.83689e-008	0.0130615
-3.83439e-008	0.0180176
-3.83189e-008	0.025293
-3.82939e-008	0.0300293
-3.82689e-008	0.0198731
-3.82439e-008	0.0131348
-3.82189e-008	0.0157471
-3.81939e-008	0.0188721
-3.81689e-008	0.0229492
-3.81439e-008	0.0124512
-3.81189e-008	0.0134277
-3.80939e-008	0.024292
-3.80689e-008	-0.00175781
-3.80439e-008	-0.000659172
-3.80189e-008	0.0276123
-3.79939e-008	0.0186768
-3.79689e-008	0.0204102
-3.79439e-008	0.0352539
-3.79189e-008	0.0312988
-3.78939e-008	0.0174316
-3.78689e-008	0.00615235
-3.78439e-008	0.0185791
-3.78189e-008	0.0304443
-3.77939e-008	0.0134033
-3.77689e-008	0.00786134
-3.77439e-008	0.021582
-3.77189e-008	0.0229004
-3.76939e-008	0.0247803
-3.76689e-008	0.0192871
-3.76439e-008	0.0102783
-3.76189e-008	0.0185303
-3.75939e-008	0.0135986
-3.75689e-008	0.00708009
-3.75439e-008	0.013916
-3.75189e-008	0.0179443
-3.74939e-008	0.0203857
-3.74689e-008	0.0157227
-3.74439e-008	0.0166992
-3.74189e-008	0.0215088
-3.73939e-008	0.01604
-3.73689e-008	0.0156738
-3.73439e-008	0.014917
-3.73189e-008	0.0134522
-3.72939e-008	0.0202149
-3.72689e-008	0.00957032
-3.72439e-008	0.00400391
-3.72189e-008	0.0301025
-3.71939e-008	0.0355225
-3.71689e-008	0.0239014
-3.71439e-008	0.0206787
-3.71189e-008	0.0167236
-3.70939e-008	0.0260986
-3.70689e-008	0.0218506
-3.70439e-008	0.0125488
-3.70189e-008	0.022583
-3.69939e-008	0.0167481
-3.69689e-008	0.021582
-3.69439e-008	0.0385742
-3.69189e-008	0.0333008
-3.68939e-008	0.0313965
-3.68689e-008	0.0234863
-3.68439e-008	0.0164795
-3.68189e-008	0.0315674
-3.67939e-008	0.0236328
-3.67689e-008	0.00715333
-3.67439e-008	0.0181397
-3.67189e-008	0.0300293
-3.66939e-008	0.0290039
-3.66689e-008	0.0186279
-3.66439e-008	0.0191406
-3.66189e-008	0.0248779
-3.65939e-008	0.0105957
-3.65689e-008	0.00620118
-3.65439e-008	0.0154785
-3.65189e-008	0.0199463
-3.64939e-008	0.0311035
-3.64689e-008	0.0267822
-3.64439e-008	0.013916
-3.64189e-008	0.0214844
-3.63939e-008	0.021875
-3.63689e-008	0.0166504
-3.63439e-008	0.0180176
-3.63189e-008	0.0222656
-3.62939e-008	0.0360352
-3.62689e-008	0.0336426
-3.62439e-008	0.0196533
-3.62189e-008	0.0203613
-3.61939e-008	0.0224854
-3.61689e-008	0.0222412
-3.61439e-008	0.0188965
-3.61189e-008	0.0168213
-3.60939e-008	0.017749
-3.60689e-008	0.00673829
-3.60439e-008	0.00632325
-3.60189e-008	0.019751
-3.59939e-008	0.0156982
-3.59689e-008	0.0115479
-3.59439e-008	0.0200195
-3.59189e-008	0.0348145
-3.58939e-008	0.0469727
-3.58689e-008	0.0248047
-3.58439e-008	0.00097657
-3.58189e-008	0.017749
-3.57939e-008	0.0311524
-3.57689e-008	0.016626
-3.57439e-008	0.00983887
-3.57189e-008	0.0241699
-3.56939e-008	0.0261963
-3.56689e-008	0.0103516
-3.56439e-008	0.00732423
-3.56189e-008	0.0189941
-3.55939e-008	0.0284668
-3.55689e-008	0.0260498
-3.55439e-008	0.0157959
-3.55189e-008	0.0161133
-3.54939e-008	0.0209229
-3.54689e-008	0.00996095
-3.54439e-008	-0.00119628
-3.54189e-008	0.00620118
-3.53939e-008	0.0186524
-3.53689e-008	0.013501
-3.53439e-008	0.00732423
-3.53189e-008	0.0238281
-3.52939e-008	0.0259522
-3.52689e-008	0.00610352
-3.52439e-008	0.00600587
-3.52189e-008	0.0222656
-3.51939e-008	0.030957
-3.51689e-008	0.023291
-3.51439e-008	0.0146973
-3.51189e-008	0.0180908
-3.50939e-008	0.0165283
-3.50689e-008	0.0111084
-3.50439e-008	0.014502
-3.50189e-008	0.0254639
-3.49939e-008	0.0302734
-3.49689e-008	0.0210938
-3.49439e-008	0.0186524
-3.49189e-008	0.0163086
-3.48939e-008	0.00830079
-3.48689e-008	0.017749
-3.48439e-008	0.0166504
-3.48189e-008	0.00839845
-3.47939e-008	0.0248047
-3.47689e-008	0.0303955
-3.47439e-008	0.0256104
-3.47189e-008	0.0339356
-3.46939e-008	0.0345459
-3.46689e-008	0.0236572
-3.46439e-008	0.0215332
-3.46189e-008	0.0277344
-3.45939e-008	0.0204834
-3.45689e-008	0.0155762
-3.45439e-008	0.0104492
-3.45189e-008	-0.0019287
-3.44939e-008	0.0198975
-3.44689e-008	0.0333984
-3.44439e-008	0.0200195
-3.44189e-008	0.0308594
-3.43939e-008	0.0322022
-3.43689e-008	0.0205322
-3.43439e-008	0.0231934
-3.43189e-008	0.0269775
-3.42939e-008	0.0272461
-3.42689e-008	0.0220947
-3.42439e-008	0.0211182
-3.42189e-008	0.0150635
-3.41939e-008	0.0084961
-3.41689e-008	0.0166748
-3.41439e-008	0.0174072
-3.41189e-008	0.0244141
-3.40939e-008	0.0316162
-3.40689e-008	0.0162598
-3.40439e-008	0.0164063
-3.40189e-008	0.0288818
-3.39939e-008	0.0261963
-3.39689e-008	0.0198731
-3.39439e-008	0.00947266
-3.39189e-008	0.00869141
-3.38939e-008	0.0218018
-3.38689e-008	0.0186035
-3.38439e-008	0.0179443
-3.38189e-008	0.0292236
-3.37939e-008	0.02146
-3.37689e-008	0.0119141
-3.37439e-008	0.0174316
-3.37189e-008	0.0274414
-3.36939e-008	0.0256592
-3.36689e-008	0.0151367
-3.36439e-008	0.0220215
-3.36189e-008	0.0211182
-3.35939e-008	0.0145508
-3.35689e-008	0.0239258
-3.35439e-008	0.0191895
-3.35189e-008	0.022168
-3.34939e-008	0.0310059
-3.34689e-008	0.0205566
-3.34439e-008	0.0242676
-3.34189e-008	0.0254639
-3.33939e-008	0.0148193
-3.33689e-008	0.0241455
-3.33439e-008	0.033252
-3.33189e-008	0.0243408
-3.32939e-008	0.0164795
-3.32689e-008	0.0148193
-3.32439e-008	0.0171387
-3.32189e-008	0.0261719
-3.31939e-008	0.0261963
-3.31689e-008	0.0175781
-3.31439e-008	0.016333
-3.31189e-008	0.0174561
-3.30939e-008	0.018042
-3.30689e-008	0.0174805
-3.30439e-008	0.0215576
-3.30189e-008	0.0213135
-3.29939e-008	0.00695802
-3.29689e-008	0.00615235
-3.29439e-008	0.00620118
-3.29189e-008	0.00886231
-3.28939e-008	0.0292236
-3.28689e-008	0.0208008
-3.28439e-008	0.0141113
-3.28189e-008	0.0269531
-3.27939e-008	0.0187988
-3.27689e-008	0.0263672
-3.27439e-008	0.0328613
-3.27189e-008	0.0168945
-3.26939e-008	0.0244385
-3.26689e-008	0.0258789
-3.26439e-008	0.00957032
-3.26189e-008	0.0144775
-3.25939e-008	0.0230469
-3.25689e-008	0.0217041
-3.25439e-008	0.0227295
-3.25189e-008	0.0245117
-3.24939e-008	0.0194824
-3.24689e-008	0.00935059
-3.24439e-008	0.0178223
-3.24189e-008	0.023877
-3.23939e-008	0.00556641
-3.23689e-008	0.00874024
-3.23439e-008	0.0174072
-3.23189e-008	0.0115723
-3.22939e-008	0.0200195
-3.22689e-008	0.019458
-3.22439e-008	0.0103516
-3.22189e-008	0.00664063
-3.21939e-008	0.00268555
-3.21689e-008	0.0170654
-3.21439e-008	0.0283447
-3.21189e-008	0.0139649
-3.20939e-008	0.00739747
-3.20689e-008	0.013794
-3.20439e-008	0.0184326
-3.20189e-008	0.0259522
-3.19939e-008	0.0242676
-3.19689e-008	0.0178711
-3.19439e-008	0.016919
-3.19189e-008	0.0115234
-3.18939e-008	0.00595704
-3.18689e-008	0.00837403
-3.18439e-008	0.0185303
-3.18189e-008	0.0174805
-3.17939e-008	0.0126465
-3.17689e-008	0.0208984
-3.17439e-008	0.0166748
-3.17189e-008	0.0115967
-3.16939e-008	0.0269043
-3.16689e-008	0.0369629
-3.16439e-008	0.0327393
-3.16189e-008	0.0284912
-3.15939e-008	0.0241211
-3.15689e-008	0.0241211
-3.15439e-008	0.0283936
-3.15189e-008	0.023877
-3.14939e-008	0.0210205
-3.14689e-008	0.0192627
-3.14439e-008	0.0109375
-3.14189e-008	0.0104248
-3.13939e-008	0.0203125
-3.13689e-008	0.0242188
-3.13439e-008	0.018335
-3.13189e-008	0.0218994
-3.12939e-008	0.0221436
-3.12689e-008	0.0131592
-3.12439e-008	0.0128906
-3.12189e-008	0.0160645
-3.11939e-008	0.0289795
-3.11689e-008	0.0326904
-3.11439e-008	0.0217041
-3.11189e-008	0.0228516
-3.10939e-008	0.0233643
-3.10689e-008	0.0189697
-3.10439e-008	0.0150879
-3.10189e-008	0.0108154
-3.09939e-008	0.0154053
-3.09689e-008	0.024585
-3.09439e-008	0.0214844
-3.09189e-008	0.020874
-3.08939e-008	0.0253662
-3.08689e-008	0.0131836
-3.08439e-008	0.017334
-3.08189e-008	0.0280274
-3.07939e-008	0.0178467
-3.07689e-008	0.0166748
-3.07439e-008	0.0173828
-3.07189e-008	0.0243897
-3.06939e-008	0.0324463
-3.06689e-008	0.0155518
-3.06439e-008	0.0084961
-3.06189e-008	0.0209229
-3.05939e-008	0.0243164
-3.05689e-008	0.0209229
-3.05439e-008	0.0159912
-3.05189e-008	0.00446778
-3.04939e-008	0.00336915
-3.04689e-008	0.0169434
-3.04439e-008	0.0285645
-3.04189e-008	0.0306885
-3.03939e-008	0.0207031
-3.03689e-008	0.0188965
-3.03439e-008	0.0236084
-3.03189e-008	0.0299561
-3.02939e-008	0.0413574
-3.02689e-008	0.023999
-3.02439e-008	0.00607911
-3.02189e-008	0.023169
-3.01939e-008	0.0310303
-3.01689e-008	0.0151123
-3.01439e-008	0.00937501
-3.01189e-008	0.0232422
-3.00939e-008	0.028125
-3.00689e-008	0.0255859
-3.00439e-008	0.0280762
-3.00189e-008	0.0263428
-2.99939e-008	0.0239746
-2.99689e-008	0.0158936
-2.99439e-008	0.00678712
-2.99189e-008	0.0145508
-2.98939e-008	0.0226807
-2.98689e-008	0.0180176
-2.98439e-008	0.0189697
-2.98189e-008	0.0278809
-2.97939e-008	0.0254639
-2.97689e-008	0.0167481
-2.97439e-008	0.0140381
-2.97189e-008	0.00927735
-2.96939e-008	0.0100342
-2.96689e-008	0.0197266
-2.96439e-008	0.0169678
-2.96189e-008	0.0102783
-2.95939e-008	0.0157959
-2.95689e-008	0.0298584
-2.95439e-008	0.0362305
-2.95189e-008	0.0300049
-2.94939e-008	0.0293213
-2.94689e-008	0.0178955
-2.94439e-008	-0.00046386
-2.94189e-008	0.00507813
-2.93939e-008	0.0210938
-2.93689e-008	0.0257324
-2.93439e-008	0.0112305
-2.93189e-008	0.00998536
-2.92939e-008	0.0204346
-2.92689e-008	0.0108399
-2.92439e-008	0.0163574
-2.92189e-008	0.0285156
-2.91939e-008	0.0239258
-2.91689e-008	0.0167236
-2.91439e-008	0.00834962
-2.91189e-008	0.0197998
-2.90939e-008	0.0277344
-2.90689e-008	0.0160156
-2.90439e-008	0.0194092
-2.90189e-008	0.0229248
-2.89939e-008	0.0250244
-2.89689e-008	0.0295654
-2.89439e-008	0.0228516
-2.89189e-008	0.0282715
-2.88939e-008	0.0352051
-2.88689e-008	0.026416
-2.88439e-008	0.0166748
-2.88189e-008	0.0142578
-2.87939e-008	0.0208496
-2.87689e-008	0.0183106
-2.87439e-008	0.0143799
-2.87189e-008	0.0255127
-2.86939e-008	0.0286865
-2.86689e-008	0.0203857
-2.86439e-008	0.0140625
-2.86189e-008	0.0157471
-2.85939e-008	0.0213623
-2.85689e-008	0.022876
-2.85439e-008	0.027417
-2.85189e-008	0.0256348
-2.84939e-008	0.0132324
-2.84689e-008	0.0107178
-2.84439e-008	0.0164063
-2.84189e-008	0.022583
-2.83939e-008	0.0226807
-2.83689e-008	0.0111816
-2.83439e-008	0.00178223
-2.83189e-008	0.00908204
-2.82939e-008	0.0260986
-2.82689e-008	0.0294922
-2.82439e-008	0.0258301
-2.82189e-008	0.0214111
-2.81939e-008	0.0156982
-2.81689e-008	0.0226563
-2.81439e-008	0.0247559
-2.81189e-008	0.0258789
-2.80939e-008	0.03125
-2.80689e-008	0.0137451
-2.80439e-008	0.00317384
-2.80189e-008	0.0157715
-2.79939e-008	0.01521
-2.79689e-008	0.0181152
-2.79439e-008	0.0293213
-2.79189e-008	0.0244873
-2.78939e-008	0.0232666
-2.78689e-008	0.0128906
-2.78439e-008	0.00185548
-2.78189e-008	0.0173584
-2.77939e-008	0.0201416
-2.77689e-008	0.0199219
-2.77439e-008	0.0287354
-2.77189e-008	0.0266113
-2.76939e-008	0.0277588
-2.76689e-008	0.0268799
-2.76439e-008	0.0214844
-2.76189e-008	0.0139649
-2.75939e-008	0.00925294
-2.75689e-008	0.0233887
-2.75439e-008	0.0306397
-2.75189e-008	0.0190186
-2.74939e-008	0.0131348
-2.74689e-008	0.0132813
-2.74439e-008	0.0126221
-2.74189e-008	0.0143066
-2.73939e-008	0.0185791
-2.73689e-008	0.0195068
-2.73439e-008	0.0160889
-2.73189e-008	0.0219238
-2.72939e-008	0.0303711
-2.72689e-008	0.020459
-2.72439e-008	0.0105713
-2.72189e-008	0.0175293
-2.71939e-008	0.0197998
-2.71689e-008	0.0182373
-2.71439e-008	0.0195313
-2.71189e-008	0.0137207
-2.70939e-008	0.0158203
-2.70689e-008	0.0190674
-2.70439e-008	0.0156006
-2.70189e-008	0.0259277
-2.69939e-008	0.0317871
-2.69689e-008	0.0244141
-2.69439e-008	0.0156738
-2.69189e-008	0.0123047
-2.68939e-008	0.0190918
-2.68689e-008	0.0105469
-2.68439e-008	0.00266114
-2.68189e-008	0.0172607
-2.67939e-008	0.0202637
-2.67689e-008	0.0135254
-2.67439e-008	0.0178223
-2.67189e-008	0.0275879
-2.66939e-008	0.0322754
-2.66689e-008	0.0209717
-2.66439e-008	0.00529786
-2.66189e-008	0.0143555
-2.65939e-008	0.0363037
-2.65689e-008	0.0402344
-2.65439e-008	0.0306641
-2.65189e-008	0.018457
-2.64939e-008	0.013794
-2.64689e-008	0.0193604
-2.64439e-008	0.0218262
-2.64189e-008	0.0142334
-2.63939e-008	0.00808106
-2.63689e-008	0.0223877
-2.63439e-008	0.0274902
-2.63189e-008	0.0136475
-2.62939e-008	0.0169922
-2.62689e-008	0.019458
-2.62439e-008	0.0163818
-2.62189e-008	0.0227539
-2.61939e-008	0.0136719
-2.61689e-008	-0.00339355
-2.61439e-008	0.0104004
-2.61189e-008	0.0390381
-2.60939e-008	0.0358399
-2.60689e-008	0.0147949
-2.60439e-008	0.0118897
-2.60189e-008	0.0181152
-2.59939e-008	0.0134033
-2.59689e-008	0.00910645
-2.59439e-008	0.0129395
-2.59189e-008	0.0161377
-2.58939e-008	0.0221436
-2.58689e-008	0.0204346
-2.58439e-008	0.0198486
-2.58189e-008	0.0234619
-2.57939e-008	0.0111084
-2.57689e-008	0.0100342
-2.57439e-008	0.0230957
-2.57189e-008	0.0323486
-2.56939e-008	0.0280274
-2.56689e-008	0.0133789
-2.56439e-008	0.0259522
-2.56189e-008	0.0343994
-2.55939e-008	0.0126709
-2.55689e-008	0.0067627
-2.55439e-008	0.0145752
-2.55189e-008	0.0249024
-2.54939e-008	0.0323731
-2.54689e-008	0.010376
-2.54439e-008	-0.00327148
-2.54189e-008	0.0114502
-2.53939e-008	0.0158936
-2.53689e-008	0.0207275
-2.53439e-008	0.017627
-2.53189e-008	0.00817872
-2.52939e-008	0.0301025
-2.52689e-008	0.0325195
-2.52439e-008	0.0109619
-2.52189e-008	0.0164551
-2.51939e-008	0.0160889
-2.51689e-008	0.0189941
-2.51439e-008	0.027124
-2.51189e-008	0.0118897
-2.50939e-008	0.0281006
-2.50689e-008	0.0403809
-2.50439e-008	0.0170899
-2.50189e-008	0.0242188
-2.49939e-008	0.0298584
-2.49689e-008	0.027832
-2.49439e-008	0.0312256
-2.49189e-008	0.0169434
-2.48939e-008	0.0215088
-2.48689e-008	0.0232178
-2.48439e-008	0.0127441
-2.48189e-008	0.0217529
-2.47939e-008	0.0224121
-2.47689e-008	0.0196289
-2.47439e-008	0.0231201
-2.47189e-008	0.0210449
-2.46939e-008	0.0253418
-2.46689e-008	0.0302734
-2.46439e-008	0.0212158
-2.46189e-008	0.0137451
-2.45939e-008	0.0276367
-2.45689e-008	0.0341797
-2.45439e-008	0.0207275
-2.45189e-008	0.0282959
-2.44939e-008	0.0394287
-2.44689e-008	0.0165283
-2.44439e-008	0.00888673
-2.44189e-008	0.0306641
-2.43939e-008	0.027002
-2.43689e-008	0.0118408
-2.43439e-008	0.0041504
-2.43189e-008	4.88356e-005
-2.42939e-008	0.0280518
-2.42689e-008	0.0475586
-2.42439e-008	0.031958
-2.42189e-008	0.0230713
-2.41939e-008	0.00952149
-2.41689e-008	0.00861817
-2.41439e-008	0.0324463
-2.41189e-008	0.0352783
-2.40939e-008	0.0266846
-2.40689e-008	0.0185059
-2.40439e-008	0.0131348
-2.40189e-008	0.0229492
-2.39939e-008	0.0224365
-2.39689e-008	0.00539552
-2.39439e-008	0.00632325
-2.39189e-008	0.0254639
-2.38939e-008	0.0270752
-2.38689e-008	0.0154053
-2.38439e-008	0.0143066
-2.38189e-008	0.0211426
-2.37939e-008	0.0175293
-2.37689e-008	0.0109375
-2.37439e-008	0.0255859
-2.37189e-008	0.0357666
-2.36939e-008	0.0210938
-2.36689e-008	0.00861817
-2.36439e-008	0.0135986
-2.36189e-008	0.0188965
-2.35939e-008	0.0184326
-2.35689e-008	0.0199707
-2.35439e-008	0.0161133
-2.35189e-008	0.0269775
-2.34939e-008	0.037915
-2.34689e-008	0.0188721
-2.34439e-008	0.015625
-2.34189e-008	0.0273682
-2.33939e-008	0.0267822
-2.33689e-008	0.0280029
-2.33439e-008	0.0236816
-2.33189e-008	0.0190674
-2.32939e-008	0.0219971
-2.32689e-008	0.0187988
-2.32439e-008	0.0165039
-2.32189e-008	0.0218262
-2.31939e-008	0.0209717
-2.31689e-008	0.00905762
-2.31439e-008	0.00424805
-2.31189e-008	0.0233154
-2.30939e-008	0.0356201
-2.30689e-008	0.0228516
-2.30439e-008	0.0214111
-2.30189e-008	0.0273438
-2.29939e-008	0.0306885
-2.29689e-008	0.033667
-2.29439e-008	0.0124268
-2.29189e-008	0.00285645
-2.28939e-008	0.0164795
-2.28689e-008	0.00810548
-2.28439e-008	0.0117432
-2.28189e-008	0.0300781
-2.27939e-008	0.0203369
-2.27689e-008	0.0160645
-2.27439e-008	0.0187744
-2.27189e-008	0.00935059
-2.26939e-008	0.0105957
-2.26689e-008	0.0192627
-2.26439e-008	0.0348145
-2.26189e-008	0.0301758
-2.25939e-008	0.0067627
-2.25689e-008	0.0213379
-2.25439e-008	0.0274658
-2.25189e-008	0.0218018
-2.24939e-008	0.0436279
-2.24689e-008	0.0325195
-2.24439e-008	0.0108887
-2.24189e-008	0.0133057
-2.23939e-008	0.0141602
-2.23689e-008	0.0208252
-2.23439e-008	0.0230469
-2.23189e-008	0.025708
-2.22939e-008	0.0258301
-2.22689e-008	0.0121338
-2.22439e-008	0.0114746
-2.22189e-008	0.0177002
-2.21939e-008	0.0182373
-2.21689e-008	0.0213867
-2.21439e-008	0.0220459
-2.21189e-008	0.0266602
-2.20939e-008	0.0300781
-2.20689e-008	0.0123291
-2.20439e-008	0.0119141
-2.20189e-008	0.0292481
-2.19939e-008	0.0223389
-2.19689e-008	0.0265625
-2.19439e-008	0.0393799
-2.19189e-008	0.0313721
-2.18939e-008	0.0223145
-2.18689e-008	0.0210938
-2.18439e-008	0.0257813
-2.18189e-008	0.0217285
-2.17939e-008	0.0231445
-2.17689e-008	0.0296387
-2.17439e-008	0.0127686
-2.17189e-008	0.00583497
-2.16939e-008	0.0240967
-2.16689e-008	0.0350342
-2.16439e-008	0.0282715
-2.16189e-008	0.0256348
-2.15939e-008	0.025
-2.15689e-008	0.011499
-2.15439e-008	0.0156738
-2.15189e-008	0.0337647
-2.14939e-008	0.0336914
-2.14689e-008	0.0125488
-2.14439e-008	0.00183106
-2.14189e-008	0.0185303
-2.13939e-008	0.0235107
-2.13689e-008	0.0248535
-2.13439e-008	0.0310303
-2.13189e-008	0.0219727
-2.12939e-008	0.0173584
-2.12689e-008	0.0144775
-2.12439e-008	0.0158203
-2.12189e-008	0.0219727
-2.11939e-008	0.0221436
-2.11689e-008	0.0276856
-2.11439e-008	0.0140381
-2.11189e-008	-0.00195312
-2.10939e-008	0.0178711
-2.10689e-008	0.0316162
-2.10439e-008	0.0319824
-2.10189e-008	0.027832
-2.09939e-008	0.0067627
-2.09689e-008	0.0172852
-2.09439e-008	0.04104
-2.09189e-008	0.027124
-2.08939e-008	0.0202881
-2.08689e-008	0.018335
-2.08439e-008	0.0110596
-2.08189e-008	0.0218018
-2.07939e-008	0.0207031
-2.07689e-008	0.019165
-2.07439e-008	0.0261475
-2.07189e-008	0.0228516
-2.06939e-008	0.0274658
-2.06689e-008	0.014502
-2.06439e-008	0.00139161
-2.06189e-008	0.0215332
-2.05939e-008	0.0219971
-2.05689e-008	0.0156738
-2.05439e-008	0.0200195
-2.05189e-008	0.0148682
-2.04939e-008	0.0248047
-2.04689e-008	0.031958
-2.04439e-008	0.0241699
-2.04189e-008	0.0222656
-2.03939e-008	0.0227295
-2.03689e-008	0.0230957
-2.03439e-008	0.0147461
-2.03189e-008	0.0136231
-2.02939e-008	0.0263916
-2.02689e-008	0.0241211
-2.02439e-008	0.0175781
-2.02189e-008	0.0149658
-2.01939e-008	0.0105225
-2.01689e-008	0.0168945
-2.01439e-008	0.0237061
-2.01189e-008	0.0186035
-2.00939e-008	0.0219482
-2.00689e-008	0.0253906
-2.00439e-008	0.00595704
-2.00189e-008	0.00703126
-1.99939e-008	0.0228027
-1.99689e-008	0.0128906
-1.99439e-008	0.0177734
-1.99189e-008	0.0339356
-1.98939e-008	0.0368652
-1.98689e-008	0.0296387
-1.98439e-008	0.0150879
-1.98189e-008	0.0198242
-1.97939e-008	0.0236572
-1.97689e-008	0.0192627
-1.97439e-008	0.0307129
-1.97189e-008	0.0329102
-1.96939e-008	0.0216797
-1.96689e-008	0.0181885
-1.96439e-008	0.0186035
-1.96189e-008	0.0165283
-1.95939e-008	0.0207031
-1.95689e-008	0.0230225
-1.95439e-008	0.0166504
-1.95189e-008	0.0227783
-1.94939e-008	0.0296387
-1.94689e-008	0.0272461
-1.94439e-008	0.0199219
-1.94189e-008	0.0100342
-1.93939e-008	0.0233887
-1.93689e-008	0.0291504
-1.93439e-008	0.00661622
-1.93189e-008	0.0113037
-1.92939e-008	0.0351563
-1.92689e-008	0.0303467
-1.92439e-008	0.016333
-1.92189e-008	0.0224365
-1.91939e-008	0.0241943
-1.91689e-008	0.011499
-1.91439e-008	0.0183838
-1.91189e-008	0.0374268
-1.90939e-008	0.0304688
-1.90689e-008	0.0146973
-1.90439e-008	0.0190186
-1.90189e-008	0.0218994
-1.89939e-008	0.0204346
-1.89689e-008	0.0270264
-1.89439e-008	0.0235596
-1.89189e-008	0.0226563
-1.88939e-008	0.0286621
-1.88689e-008	0.0190674
-1.88439e-008	0.0149414
-1.88189e-008	0.0180176
-1.87939e-008	0.0146484
-1.87689e-008	0.0232422
-1.87439e-008	0.0318359
-1.87189e-008	0.0311524
-1.86939e-008	0.0321777
-1.86689e-008	0.0226318
-1.86439e-008	0.0175781
-1.86189e-008	0.0244141
-1.85939e-008	0.0159424
-1.85689e-008	0.00593262
-1.85439e-008	0.0097168
-1.85189e-008	0.0184815
-1.84939e-008	0.0275635
-1.84689e-008	0.0259033
-1.84439e-008	0.0186035
-1.84189e-008	0.0172119
-1.83939e-008	0.0186768
-1.83689e-008	0.0189209
-1.83439e-008	0.0182861
-1.83189e-008	0.022168
-1.82939e-008	0.0203369
-1.82689e-008	0.0113525
-1.82439e-008	0.0140137
-1.82189e-008	0.0237549
-1.81939e-008	0.0262207
-1.81689e-008	0.013208
-1.81439e-008	0.00471192
-1.81189e-008	0.0217774
-1.80939e-008	0.0251709
-1.80689e-008	0.00339356
-1.80439e-008	0.00126954
-1.80189e-008	0.0198975
-1.79939e-008	0.0268555
-1.79689e-008	0.0210938
-1.79439e-008	0.0185547
-1.79189e-008	0.026416
-1.78939e-008	0.030957
-1.78689e-008	0.01521
-1.78439e-008	0.00991212
-1.78189e-008	0.0237305
-1.77939e-008	0.0258789
-1.77689e-008	0.00922852
-1.77439e-008	-0.00336913
-1.77189e-008	0.0162354
-1.76939e-008	0.0277588
-1.76689e-008	0.0239014
-1.76439e-008	0.0305908
-1.76189e-008	0.0161621
-1.75939e-008	0.00852052
-1.75689e-008	0.0199707
-1.75439e-008	0.0223633
-1.75189e-008	0.0276367
-1.74939e-008	0.028418
-1.74689e-008	0.0234375
-1.74439e-008	0.0199707
-1.74189e-008	0.0147705
-1.73939e-008	0.00910645
-1.73689e-008	0.0101807
-1.73439e-008	0.020752
-1.73189e-008	0.0278565
-1.72939e-008	0.0288574
-1.72689e-008	0.0198242
-1.72439e-008	0.0147705
-1.72189e-008	0.0226074
-1.71939e-008	0.0216309
-1.71689e-008	0.0216553
-1.71439e-008	0.0151123
-1.71189e-008	0.0146484
-1.70939e-008	0.0400391
-1.70689e-008	0.0336426
-1.70439e-008	0.0173096
-1.70189e-008	0.023999
-1.69939e-008	0.0204346
-1.69689e-008	0.0248535
-1.69439e-008	0.0258789
-1.69189e-008	0.020044
-1.68939e-008	0.023169
-1.68689e-008	0.010669
-1.68439e-008	0.0104248
-1.68189e-008	0.0275391
-1.67939e-008	0.0235596
-1.67689e-008	0.022583
-1.67439e-008	0.0362549
-1.67189e-008	0.034668
-1.66939e-008	0.0228027
-1.66689e-008	0.0171875
-1.66439e-008	0.0188965
-1.66189e-008	0.0258301
-1.65939e-008	0.0240723
-1.65689e-008	0.0163818
-1.65439e-008	0.0182129
-1.65189e-008	0.0250244
-1.64939e-008	0.0277832
-1.64689e-008	0.0237549
-1.64439e-008	0.0217285
-1.64189e-008	0.0223877
-1.63939e-008	0.0155274
-1.63689e-008	0.0115723
-1.63439e-008	0.00805665
-1.63189e-008	0.0123779
-1.62939e-008	0.0321045
-1.62689e-008	0.0237061
-1.62439e-008	0.00759278
-1.62189e-008	0.0165283
-1.61939e-008	0.0224609
-1.61689e-008	0.028125
-1.61439e-008	0.022583
-1.61189e-008	0.019043
-1.60939e-008	0.0293213
-1.60689e-008	0.0148682
-1.60439e-008	0.00678712
-1.60189e-008	0.0186524
-1.59939e-008	0.0213623
-1.59689e-008	0.0193359
-1.59439e-008	0.0179688
-1.59189e-008	0.023291
-1.58939e-008	0.0179199
-1.58689e-008	0.00734864
-1.58439e-008	0.0140137
-1.58189e-008	0.0178223
-1.57939e-008	0.0167725
-1.57689e-008	0.0255859
-1.57439e-008	0.0345947
-1.57189e-008	0.0284668
-1.56939e-008	0.0113281
-1.56689e-008	-0.000512688
-1.56439e-008	0.0134033
-1.56189e-008	0.0354492
-1.55939e-008	0.0248047
-1.55689e-008	0.0103027
-1.55439e-008	0.0156738
-1.55189e-008	0.0246338
-1.54939e-008	0.0313965
-1.54689e-008	0.0251953
-1.54439e-008	0.0144043
-1.54189e-008	0.00947266
-1.53939e-008	0.0177246
-1.53689e-008	0.0340088
-1.53439e-008	0.0266358
-1.53189e-008	0.0158936
-1.52939e-008	0.0216797
-1.52689e-008	0.018457
-1.52439e-008	0.015918
-1.52189e-008	0.0164551
-1.51939e-008	0.0119873
-1.51689e-008	0.0160889
-1.51439e-008	0.0141602
-1.51189e-008	0.0184815
-1.50939e-008	0.0350098
-1.50689e-008	0.0264649
-1.50439e-008	0.016333
-1.50189e-008	0.0202637
-1.49939e-008	0.0149414
-1.49689e-008	0.0121338
-1.49439e-008	0.0169678
-1.49189e-008	0.0239502
-1.48939e-008	0.0218262
-1.48689e-008	0.000805672
-1.48439e-008	0.00134278
-1.48189e-008	0.0227539
-1.47939e-008	0.0243408
-1.47689e-008	0.0317871
-1.47439e-008	0.0335205
-1.47189e-008	0.0160645
-1.46939e-008	0.0244141
-1.46689e-008	0.0277588
-1.46439e-008	0.0164551
-1.46189e-008	0.0188477
-1.45939e-008	0.0133057
-1.45689e-008	0.0131348
-1.45439e-008	0.0200195
-1.45189e-008	0.0177002
-1.44939e-008	0.0172363
-1.44689e-008	0.0203369
-1.44439e-008	0.03125
-1.44189e-008	0.0321045
-1.43939e-008	0.0228516
-1.43689e-008	0.0230957
-1.43439e-008	0.0192627
-1.43189e-008	0.0167969
-1.42939e-008	0.0148193
-1.42689e-008	0.0136963
-1.42439e-008	0.0252441
-1.42189e-008	0.0272949
-1.41939e-008	0.0255615
-1.41689e-008	0.0322022
-1.41439e-008	0.028125
-1.41189e-008	0.0230957
-1.40939e-008	0.0226563
-1.40689e-008	0.0142822
-1.40439e-008	0.0187744
-1.40189e-008	0.0207031
-1.39939e-008	0.0101563
-1.39689e-008	0.0229981
-1.39439e-008	0.0192139
-1.39189e-008	0.0112549
-1.38939e-008	0.0302734
-1.38689e-008	0.0214844
-1.38439e-008	0.0132813
-1.38189e-008	0.0161377
-1.37939e-008	0.014624
-1.37689e-008	0.0233887
-1.37439e-008	0.0148926
-1.37189e-008	0.0221191
-1.36939e-008	0.0376709
-1.36689e-008	0.0190186
-1.36439e-008	0.0140381
-1.36189e-008	0.0239746
-1.35939e-008	0.0224609
-1.35689e-008	0.018457
-1.35439e-008	0.0188477
-1.35189e-008	0.030542
-1.34939e-008	0.03396
-1.34689e-008	0.0165039
-1.34439e-008	0.0142578
-1.34189e-008	0.0265381
-1.33939e-008	0.0231201
-1.33689e-008	0.0249024
-1.33439e-008	0.026709
-1.33189e-008	0.0150879
-1.32939e-008	0.0144287
-1.32689e-008	0.0226074
-1.32439e-008	0.0304688
-1.32189e-008	0.0189453
-1.31939e-008	0.00097657
-1.31689e-008	0.0091797
-1.31439e-008	0.0137207
-1.31189e-008	0.0184815
-1.30939e-008	0.0341553
-1.30689e-008	0.0309082
-1.30439e-008	0.0226807
-1.30189e-008	0.0238281
-1.29939e-008	0.0239502
-1.29689e-008	0.0191895
-1.29439e-008	0.018335
-1.29189e-008	0.0293457
-1.28939e-008	0.0362549
-1.28689e-008	0.0278565
-1.28439e-008	0.0207031
-1.28189e-008	0.0244385
-1.27939e-008	0.0216065
-1.27689e-008	0.0266602
-1.27439e-008	0.0381592
-1.27189e-008	0.0227051
-1.26939e-008	0.0194336
-1.26689e-008	0.0289307
-1.26439e-008	0.0203369
-1.26189e-008	0.0247803
-1.25939e-008	0.0253418
-1.25689e-008	0.0140381
-1.25439e-008	0.0184815
-1.25189e-008	0.0249024
-1.24939e-008	0.030249
-1.24689e-008	0.0314453
-1.24439e-008	0.0210938
-1.24189e-008	0.0184082
-1.23939e-008	0.0213379
-1.23689e-008	0.0231934
-1.23439e-008	0.0309326
-1.23189e-008	0.0312256
-1.22939e-008	0.0249512
-1.22689e-008	0.0288574
-1.22439e-008	0.0278076
-1.22189e-008	0.020874
-1.21939e-008	0.0210693
-1.21689e-008	0.0178711
-1.21439e-008	0.0161133
-1.21189e-008	0.0209229
-1.20939e-008	0.0292969
-1.20689e-008	0.0243164
-1.20439e-008	0.00769044
-1.20189e-008	0.0223877
-1.19939e-008	0.0298584
-1.19689e-008	0.00737305
-1.19439e-008	0.0136719
-1.19189e-008	0.0277344
-1.18939e-008	0.0217774
-1.18689e-008	0.0212891
-1.18439e-008	0.0280029
-1.18189e-008	0.0240967
-1.17939e-008	0.0160645
-1.17689e-008	0.021875
-1.17439e-008	0.0218506
-1.17189e-008	0.0230713
-1.16939e-008	0.0378662
-1.16689e-008	0.0199707
-1.16439e-008	0.000805672
-1.16189e-008	0.0229736
-1.15939e-008	0.0301514
-1.15689e-008	0.024292
-1.15439e-008	0.0290772
-1.15189e-008	0.026001
-1.14939e-008	0.0213867
-1.14689e-008	0.0178955
-1.14439e-008	0.0227783
-1.14189e-008	0.0221191
-1.13939e-008	0.00322266
-1.13689e-008	0.00344239
-1.13439e-008	0.0164307
-1.13189e-008	0.0220215
-1.12939e-008	0.025708
-1.12689e-008	0.0157959
-1.12439e-008	0.00759278
-1.12189e-008	0.0190674
-1.11939e-008	0.0333496
-1.11689e-008	0.0364014
-1.11439e-008	0.024707
-1.11189e-008	0.0181152
-1.10939e-008	0.029541
-1.10689e-008	0.0307373
-1.10439e-008	0.0230713
-1.10189e-008	0.0296143
-1.09939e-008	0.0291748
-1.09689e-008	0.0155274
-1.09439e-008	0.0137695
-1.09189e-008	0.0243652
-1.08939e-008	0.0310059
-1.08689e-008	0.0234863
-1.08439e-008	0.0175781
-1.08189e-008	0.0236816
-1.07939e-008	0.0302246
-1.07689e-008	0.0325195
-1.07439e-008	0.0241699
-1.07189e-008	0.0223389
-1.06939e-008	0.0284912
-1.06689e-008	0.0198242
-1.06439e-008	0.0126465
-1.06189e-008	0.0183594
-1.05939e-008	0.025293
-1.05689e-008	0.0239014
-1.05439e-008	0.0159668
-1.05189e-008	0.0154297
-1.04939e-008	0.0282959
-1.04689e-008	0.0269775
-1.04439e-008	0.010791
-1.04189e-008	0.0222412
-1.03939e-008	0.0304199
-1.03689e-008	0.0208252
-1.03439e-008	0.0235596
-1.03189e-008	0.0194092
-1.02939e-008	0.0150147
-1.02689e-008	0.0123779
-1.02439e-008	0.0124268
-1.02189e-008	0.023877
-1.01939e-008	0.0171631
-1.01689e-008	0.00595704
-1.01439e-008	0.0104492
-1.01189e-008	0.028418
-1.00939e-008	0.0426758
-1.00689e-008	0.0235596
-1.00439e-008	0.00952149
-1.00189e-008	0.0167481
-9.993902e-009	0.0161377
-9.968902e-009	0.0259522
-9.943902e-009	0.0316406
-9.918902e-009	0.0168701
-9.893902e-009	0.0175781
-9.868902e-009	0.023999
-9.843902e-009	0.0227051
-9.818902e-009	0.0206543
-9.793902e-009	0.0135986
-9.768902e-009	0.0137207
-9.743902e-009	0.0171631
-9.718902e-009	0.0291748
-9.693902e-009	0.0344971
-9.668902e-009	0.0131104
-9.643902e-009	0.010669
-9.618902e-009	0.0218506
-9.593902e-009	0.0279541
-9.568902e-009	0.0379639
-9.543902e-009	0.0365479
-9.518902e-009	0.0353516
-9.493902e-009	0.0294678
-9.468902e-009	0.0164063
-9.443902e-009	0.0156982
-9.418902e-009	0.0162354
-9.393902e-009	0.0154785
-9.368902e-009	0.0162598
-9.343902e-009	0.0148682
-9.318902e-009	0.019043
-9.293902e-009	0.027417
-9.268902e-009	0.0256104
-9.243902e-009	0.0184815
-9.218902e-009	0.022168
-9.193902e-009	0.021167
-9.168902e-009	0.0126709
-9.143902e-009	0.0146729
-9.118902e-009	0.0212647
-9.093902e-009	0.0301025
-9.068902e-009	0.0255127
-9.043902e-009	0.0150391
-9.018902e-009	0.021875
-8.993902e-009	0.015625
-8.968902e-009	0.0166748
-8.943902e-009	0.0300293
-8.918902e-009	0.0211182
-8.893902e-009	0.0270996
-8.868902e-009	0.0313965
-8.843902e-009	0.0201416
-8.818902e-009	0.0185547
-8.793902e-009	0.0151611
-8.768902e-009	0.0271484
-8.743902e-009	0.0312988
-8.718902e-009	0.0207275
-8.693902e-009	0.0234619
-8.668902e-009	0.0112305
-8.643902e-009	0.00957032
-8.618902e-009	0.0256348
-8.593902e-009	0.0159912
-8.568902e-009	0.0102051
-8.543902e-009	0.0177734
-8.518902e-009	0.0156982
-8.493902e-009	0.0240479
-8.468902e-009	0.0380127
-8.443902e-009	0.0293457
-8.418902e-009	0.020044
-8.393902e-009	0.0271484
-8.368902e-009	0.024292
-8.343902e-009	0.0196045
-8.318902e-009	0.0285889
-8.293902e-009	0.0222412
-8.268902e-009	0.000146492
-8.243902e-009	-0.000708
-8.218902e-009	0.0186035
-8.193902e-009	0.0287598
-8.168902e-009	0.0278076
-8.143902e-009	0.0238281
-8.118902e-009	0.0239258
-8.093902e-009	0.0317139
-8.068902e-009	0.0331543
-8.043902e-009	0.027002
-8.018902e-009	0.0217041
-7.993902e-009	0.0196045
-7.968902e-009	0.0213135
-7.943902e-009	0.0206299
-7.918902e-009	0.0210938
-7.893902e-009	0.0261231
-7.868902e-009	0.0182617
-7.843902e-009	0.00800782
-7.818902e-009	0.0172852
-7.793902e-009	0.0171631
-7.768902e-009	0.00463868
-7.743902e-009	0.00778809
-7.718902e-009	0.00888673
-7.693902e-009	0.0103516
-7.668902e-009	0.0250733
-7.643902e-009	0.0296143
-7.618902e-009	0.0286133
-7.593902e-009	0.0239746
-7.568902e-009	0.0127686
-7.543902e-009	0.0174072
-7.518902e-009	0.0246582
-7.493902e-009	0.0180176
-7.468902e-009	0.0204102
-7.443902e-009	0.0319824
-7.418902e-009	0.0252197
-7.393902e-009	0.0195068
-7.368902e-009	0.0292969
-7.343902e-009	0.0198975
-7.318902e-009	0.0135742
-7.293902e-009	0.0273926
-7.268902e-009	0.0222412
-7.243902e-009	0.0174316
-7.218902e-009	0.0276856
-7.193902e-009	0.020752
-7.168902e-009	0.01521
-7.143902e-009	0.0195557
-7.118902e-009	0.0127686
-7.093902e-009	0.0185059
-7.068902e-009	0.0266358
-7.043902e-009	0.0185059
-7.018902e-009	0.0212647
-6.993902e-009	0.0222656
-6.968902e-009	0.0141113
-6.943902e-009	0.0091797
-6.918902e-009	0.0114502
-6.893902e-009	0.0234863
-6.868902e-009	0.0171387
-6.843902e-009	0.00371095
-6.818902e-009	0.0117188
-6.793902e-009	0.0229004
-6.768902e-009	0.0224121
-6.743902e-009	0.0160645
-6.718902e-009	0.0179443
-6.693902e-009	0.0199219
-6.668902e-009	0.0189697
-6.643902e-009	0.0237061
-6.618902e-009	0.0197754
-6.593902e-009	0.0130859
-6.568902e-009	0.0208984
-6.543902e-009	0.020752
-6.518902e-009	0.0162842
-6.493902e-009	0.0313477
-6.468902e-009	0.0233399
-6.443902e-009	0.00585938
-6.418902e-009	0.0179443
-6.393902e-009	0.0196533
-6.368902e-009	0.0198486
-6.343902e-009	0.0240234
-6.318902e-009	0.0302734
-6.293902e-009	0.0372559
-6.268902e-009	0.00681153
-6.243902e-009	0.00239259
-6.218902e-009	0.0258057
-6.193902e-009	0.0161377
-6.168902e-009	0.0267334
-6.143902e-009	0.0377686
-6.118902e-009	0.0238525
-6.093902e-009	0.0265869
-6.068902e-009	0.0254639
-6.043902e-009	0.0215332
-6.018902e-009	0.02229
-5.993902e-009	0.0207764
-5.968902e-009	0.0257324
-5.943902e-009	0.0180664
-5.918902e-009	0.0182373
-5.893902e-009	0.029541
-5.868902e-009	0.0123291
-5.843902e-009	0.00886231
-5.818902e-009	0.0208984
-5.793902e-009	0.0115234
-5.768902e-009	0.0179199
-5.743902e-009	0.0301025
-5.718902e-009	0.0266358
-5.693902e-009	0.0246582
-5.668902e-009	0.0200928
-5.643902e-009	0.0170654
-5.618902e-009	0.0210205
-5.593902e-009	0.0286377
-5.568902e-009	0.0217041
-5.543902e-009	0.0084961
-5.518902e-009	0.0238037
-5.493902e-009	0.0321045
-5.468902e-009	0.0124268
-5.443902e-009	0.0116699
-5.418902e-009	0.0229981
-5.393902e-009	0.0188721
-5.368902e-009	0.0165527
-5.343902e-009	0.0186768
-5.318902e-009	0.0242188
-5.293902e-009	0.0298096
-5.268902e-009	0.0213867
-5.243902e-009	0.016919
-5.218902e-009	0.0205811
-5.193902e-009	0.0248779
-5.168902e-009	0.0327881
-5.143902e-009	0.027832
-5.118902e-009	0.0236572
-5.093902e-009	0.0351318
-5.068902e-009	0.0269043
-5.043902e-009	0.00998536
-5.018902e-009	0.0150391
-4.993902e-009	0.0170166
-4.968902e-009	0.0177246
-4.943902e-009	0.0227539
-4.918902e-009	0.0255615
-4.893902e-009	0.0296875
-4.868902e-009	0.0111816
-4.843902e-009	0.00122071
-4.818902e-009	0.0172607
-4.793902e-009	0.0179443
-4.768902e-009	0.0239502
-4.743902e-009	0.0301514
-4.718902e-009	0.0250244
-4.693902e-009	0.0321777
-4.668902e-009	0.0235352
-4.643902e-009	0.0105957
-4.618902e-009	0.0175049
-4.593902e-009	0.0167236
-4.568902e-009	0.0192871
-4.543902e-009	0.0277832
-4.518902e-009	0.0224365
-4.493902e-009	0.0214111
-4.468902e-009	0.0227783
-4.443902e-009	0.0112061
-4.418902e-009	0.0134522
-4.393902e-009	0.0306885
-4.368902e-009	0.0185791
-4.343902e-009	-0.00270995
-4.318902e-009	0.0138184
-4.293902e-009	0.0236572
-4.268902e-009	0.0115234
-4.243902e-009	0.0129883
-4.218902e-009	0.00612794
-4.193902e-009	0.00739747
-4.168902e-009	0.0276856
-4.143902e-009	0.0164795
-4.118902e-009	0.00180665
-4.093902e-009	0.0147217
-4.068902e-009	0.0271484
-4.043902e-009	0.0333496
-4.018902e-009	0.0282959
-3.993902e-009	0.0263428
-3.968902e-009	0.0310791
-3.943902e-009	0.0116699
-3.918902e-009	0.00764161
-3.893902e-009	0.0323486
-3.868902e-009	0.0247803
-3.843902e-009	0.00834962
-3.818902e-009	0.0152588
-3.793902e-009	0.0216309
-3.768902e-009	0.0268555
-3.743902e-009	0.0189453
-3.718902e-009	0.0145752
-3.693902e-009	0.0276611
-3.668902e-009	0.0185791
-3.643902e-009	0.0152832
-3.618902e-009	0.0332031
-3.593902e-009	0.0342041
-3.568902e-009	0.0248779
-3.543902e-009	0.0130859
-3.518902e-009	0.0173096
-3.493902e-009	0.0328125
-3.468902e-009	0.0238525
-3.443902e-009	0.0135498
-3.418902e-009	0.0190918
-3.393902e-009	0.0254883
-3.368902e-009	0.0263916
-3.343902e-009	0.0126953
-3.318902e-009	0.00192872
-3.293902e-009	0.00891114
-3.268902e-009	0.0131348
-3.243902e-009	0.0209473
-3.218902e-009	0.0274658
-3.193902e-009	0.0198242
-3.168902e-009	0.0150635
-3.143902e-009	0.00490723
-3.118902e-009	0.0140625
-3.093902e-009	0.0479981
-3.068902e-009	0.0455078
-3.043902e-009	0.0198486
-3.018902e-009	0.0140625
-2.993902e-009	0.0256836
-2.968902e-009	0.0230713
-2.943902e-009	0.00319825
-2.918902e-009	0.0148438
-2.893902e-009	0.0360108
-2.868902e-009	0.0266358
-2.843902e-009	0.025
-2.818902e-009	0.0336914
-2.793902e-009	0.0247559
-2.768902e-009	0.0166504
-2.743902e-009	0.0149658
-2.718902e-009	0.0148193
-2.693902e-009	0.0196777
-2.668902e-009	0.0213379
-2.643902e-009	0.0249268
-2.618902e-009	0.023584
-2.593902e-009	0.0211182
-2.568902e-009	0.0256348
-2.543902e-009	0.0103272
-2.518902e-009	0.0104004
-2.493902e-009	0.0371094
-2.468902e-009	0.0268555
-2.443902e-009	0.00800782
-2.418902e-009	0.0156494
-2.393902e-009	0.0205078
-2.368902e-009	0.0263916
-2.343902e-009	0.0270996
-2.318902e-009	0.0186279
-2.293902e-009	0.0174072
-2.268902e-009	0.00742188
-2.243902e-009	0.00563966
-2.218902e-009	0.0210693
-2.193902e-009	0.0266358
-2.168902e-009	0.0348389
-2.143902e-009	0.0328125
-2.118902e-009	0.020874
-2.093902e-009	0.0233399
-2.068902e-009	0.019165
-2.043902e-009	0.0204346
-2.018902e-009	0.0279053
-1.993902e-009	0.0199219
-1.968902e-009	0.0273438
-1.943902e-009	0.0343262
-1.918902e-009	0.0150879
-1.893902e-009	0.0138428
-1.868902e-009	0.0138184
-1.843902e-009	0.00290528
-1.818902e-009	0.0272705
-1.793902e-009	0.0403565
-1.768902e-009	0.0137451
-1.743902e-009	0.00834962
-1.718902e-009	0.0293701
-1.693902e-009	0.0326416
-1.668902e-009	0.0211426
-1.643902e-009	0.0200684
-1.618902e-009	0.0156738
-1.593902e-009	0.0168701
-1.568902e-009	0.028418
-1.543902e-009	0.0226318
-1.518902e-009	0.023999
-1.493902e-009	0.0342041
-1.468902e-009	0.0148193
-1.443902e-009	0.00466309
-1.418902e-009	0.0227783
-1.393902e-009	0.0171387
-1.368902e-009	0.00830079
-1.343902e-009	0.0185791
-1.318902e-009	0.0212158
-1.293902e-009	0.0226563
-1.268902e-009	0.0222656
-1.243902e-009	0.019751
-1.218902e-009	0.0175781
-1.193902e-009	0.0188232
-1.168902e-009	0.0321777
-1.143902e-009	0.0347168
-1.118902e-009	0.0236816
-1.093902e-009	0.0167969
-1.068902e-009	0.0150391
-1.043902e-009	0.0191895
-1.018902e-009	0.0221436
-9.939024e-010	0.0247803
-9.689024e-010	0.0302734
-9.439024e-010	0.0274658
-9.189024e-010	0.0247315
-8.939024e-010	0.0280029
-8.689024e-010	0.0246826
-8.439024e-010	0.0184815
-8.189024e-010	0.0156982
-7.939024e-010	0.0196289
-7.689024e-010	0.0223145
-7.439024e-010	0.0164795
-7.189024e-010	0.019458
-6.939024e-010	0.0271729
-6.689024e-010	0.0253174
-6.439024e-010	0.0212647
-6.189024e-010	0.0186524
-5.939024e-010	0.0142578
-5.689024e-010	0.010669
-5.439024e-010	0.012085
-5.189024e-010	0.0214111
-4.939024e-010	0.0252686
-4.689024e-010	0.0139404
-4.439024e-010	0.0137695
-4.189024e-010	0.0207275
-3.939024e-010	0.0207275
-3.689024e-010	0.0155029
-3.439024e-010	-0.00629882
-3.189024e-010	-0.00449218
-2.939024e-010	0.0134522
-2.689024e-010	-0.0116943
-2.439024e-010	-0.0404053
-2.189024e-010	-0.0454346
-1.939024e-010	-0.0421875
-1.689024e-010	-0.0489746
-1.439024e-010	-0.0833008
-1.189024e-010	-0.102148
-9.390244e-011	-0.124707
-6.890244e-011	-0.165747
-4.390244e-011	-0.181787
-1.890244e-011	-0.216455
6.097561e-012	-0.256885
3.109756e-011	-0.276416
5.609756e-011	-0.322314
8.109756e-011	-0.368188
1.060976e-010	-0.389868
1.310976e-010	-0.41626
1.560976e-010	-0.451025
1.810976e-010	-0.467407
2.060976e-010	-0.480542
2.310976e-010	-0.499927
2.560976e-010	-0.496875
2.810976e-010	-0.508643
3.060976e-010	-0.517969
3.310976e-010	-0.496777
3.560976e-010	-0.494775
3.810976e-010	-0.486987
4.060976e-010	-0.465601
4.310976e-010	-0.453833
4.560976e-010	-0.41626
4.810976e-010	-0.357764
5.060976e-010	-0.337183
5.310976e-010	-0.334863
5.560976e-010	-0.282275
5.810976e-010	-0.230737
6.060976e-010	-0.213916
6.310976e-010	-0.181934
6.560976e-010	-0.151001
6.810976e-010	-0.125269
7.060976e-010	-0.0917236
7.310976e-010	-0.0744629
7.560976e-010	-0.0611816
7.810976e-010	-0.044458
8.060976e-010	-0.0401855
8.310976e-010	-0.0241699
8.560976e-010	-0.000854485
8.810976e-010	0.00942384
9.060976e-010	0.0172119
9.310976e-010	0.0168701
9.560976e-010	0.0234375
9.810976e-010	0.0257324
1.006098e-009	0.0251953
1.031098e-009	0.0472656
1.056098e-009	0.0388672
1.081098e-009	0.03479
1.106098e-009	0.0614502
1.131098e-009	0.05
1.156098e-009	0.0407471
1.181098e-009	0.0477539
1.206098e-009	0.043042
1.231098e-009	0.0413574
1.256098e-009	0.0441406
1.281098e-009	0.0631836
1.306098e-009	0.0614014
1.331098e-009	0.0324219
1.356098e-009	0.0377441
1.381098e-009	0.0533936
1.406098e-009	0.0451904
1.431098e-009	0.0332275
1.456098e-009	0.0257324
1.481098e-009	0.0229736
1.506098e-009	0.0216553
1.531098e-009	0.0185059
1.556098e-009	0.0137207
1.581098e-009	0.00852052
1.606098e-009	0.00256348
1.631098e-009	-0.0118652
1.656098e-009	-0.0145996
1.681098e-009	-2.44066e-005
1.706098e-009	-0.0100098
1.731098e-009	-0.0201172
1.756098e-009	-0.000903313
1.781098e-009	-0.00263671
1.806098e-009	-0.0176269
1.831098e-009	-0.0116455
1.856098e-009	-0.00659179
1.881098e-009	-0.00161132
1.906098e-009	0.002417
1.931098e-009	-0.0116211
1.956098e-009	-0.0110596
1.981098e-009	0.002417
2.006098e-009	0.00170899
2.031098e-009	0.0163574
2.056098e-009	0.0253662
2.081098e-009	0.0172119
2.106098e-009	0.0234375
2.131098e-009	0.0198486
2.156098e-009	0.0221924
2.181098e-009	0.0337647
2.206098e-009	0.0260254
2.231098e-009	0.0240967
2.256098e-009	0.0167236
2.281098e-009	0.00549317
2.306098e-009	0.0145264
2.331098e-009	0.0203613
2.356098e-009	0.0276367
2.381098e-009	0.03479
2.406098e-009	0.0235596
2.431098e-009	0.0185303
2.456098e-009	0.025708
2.481098e-009	0.0307617
2.506098e-009	0.0281494
2.531098e-009	0.020044
2.556098e-009	0.0218506
2.581098e-009	0.0246338
2.606098e-009	0.0239746
2.631098e-009	0.0244385
2.656098e-009	0.0226318
2.681098e-009	0.0312256
2.706098e-009	0.0333008
2.731098e-009	0.0210938
2.756098e-009	0.0188232
2.781098e-009	0.0286865
2.806098e-009	0.0258545
2.831098e-009	-0.00583495
2.856098e-009	-0.00549316
2.881098e-009	0.0257324
2.906098e-009	0.0162109
2.931098e-009	0.002417
2.956098e-009	0.00429688
2.981098e-009	0.00847169
3.006098e-009	0.019165
3.031098e-009	0.0154053
3.056098e-009	0.00661622
3.081098e-009	0.0083252
3.106098e-009	0.0179932
3.131098e-009	0.0162842
3.156098e-009	0.00708009
3.181098e-009	0.0123291
3.206098e-009	0.022583
3.231098e-009	0.0389893
3.256098e-009	0.0486816
3.281098e-009	0.0459473
3.306098e-009	0.041626
3.331098e-009	0.0310547
3.356098e-009	0.0288086
3.381098e-009	0.0325684
3.406098e-009	0.0351563
3.431098e-009	0.0398193
3.456098e-009	0.0357666
3.481098e-009	0.0380127
3.506098e-009	0.0430908
3.531098e-009	0.0295166
3.556098e-009	0.0255859
3.581098e-009	0.0218018
3.606098e-009	0.0091797
3.631098e-009	0.0229981
3.656098e-009	0.0248291
3.681098e-009	0.0151856
3.706098e-009	0.0223877
3.731098e-009	0.0168457
3.756098e-009	0.00578614
3.781098e-009	-0.00502929
3.806098e-009	0.00253907
3.831098e-009	0.0147217
3.856098e-009	-0.0020996
3.881098e-009	-0.00346679
3.906098e-009	-0.00295409
3.931098e-009	-0.0158935
3.956098e-009	-0.00502929
3.981098e-009	0.00625001
4.006098e-009	0.0069336
4.031098e-009	0.00686036
4.056098e-009	-0.00947265
4.081098e-009	-0.00949706
4.106098e-009	0.0128418
4.131098e-009	0.00703126
4.156098e-009	-0.00258788
4.181098e-009	0.0081543
4.206098e-009	0.0213867
4.231098e-009	0.0275635
4.256098e-009	0.0153809
4.281098e-009	0.0195801
4.306098e-009	0.0328369
4.331098e-009	0.017749
4.356098e-009	0.0244141
4.381098e-009	0.0465332
4.406098e-009	0.0367188
4.431098e-009	0.038794
4.456098e-009	0.0590088
4.481098e-009	0.0601318
4.506098e-009	0.0501465
4.531098e-009	0.0319824
4.556098e-009	0.0312012
4.581098e-009	0.0532959
4.606098e-009	0.0506836
4.631098e-009	0.0341553
4.656098e-009	0.0283691
4.681098e-009	0.0337891
4.706098e-009	0.0424805
4.731098e-009	0.034082
4.756098e-009	0.0206787
4.781098e-009	0.0179932
4.806098e-009	0.0211914
4.831098e-009	0.0208984
4.856098e-009	0.0109131
4.881098e-009	0.008667
4.906098e-009	0.014502
4.931098e-009	0.00688477
4.956098e-009	0.00778809
4.981098e-009	0.0133301
5.006098e-009	-0.00295409
5.031098e-009	-0.00285644
5.056098e-009	-0.000122063
5.081098e-009	-0.00429687
5.106098e-009	0.0196533
5.131098e-009	0.0203857
5.156098e-009	0.00146485
5.181098e-009	0.00610352
5.206098e-009	0.00944825
5.231098e-009	0.0132324
5.256098e-009	0.00434571
5.281098e-009	-0.00439452
5.306098e-009	0.0108399
5.331098e-009	0.00307618
5.356098e-009	0.0034668
5.381098e-009	0.0192139
5.406098e-009	0.00510255
5.431098e-009	0.00847169
5.456098e-009	0.0124756
5.481098e-009	0.0151611
5.506098e-009	0.0389893
5.531098e-009	0.024292
5.556098e-009	0.0164063
5.581098e-009	0.034375
5.606098e-009	0.0229492
5.631098e-009	0.0146484
5.656098e-009	0.0186524
5.681098e-009	0.020459
5.706098e-009	0.0249268
5.731098e-009	0.0313233
5.756098e-009	0.0344971
5.781098e-009	0.0231201
5.806098e-009	0.0208252
5.831098e-009	0.0381348
5.856098e-009	0.0463623
5.881098e-009	0.0430176
5.906098e-009	0.0284912
5.931098e-009	0.0116943
5.956098e-009	0.022583
5.981098e-009	0.0395752
6.006098e-009	0.0395508
6.031098e-009	0.0374268
6.056098e-009	0.0327637
6.081098e-009	0.0354492
6.106098e-009	0.0337647
6.131098e-009	0.0186279
6.156098e-009	0.0197266
6.181098e-009	0.0198731
6.206098e-009	0.0168945
6.231098e-009	0.021582
6.256098e-009	0.0121094
6.281098e-009	0.0141113
6.306098e-009	0.0172363
6.331098e-009	-0.00183105
6.356098e-009	0.00749512
6.381098e-009	0.0238281
6.406098e-009	0.008667
6.431098e-009	0.000756843
6.456098e-009	-0.0020996
6.481098e-009	-0.00151366
6.506098e-009	0.00966798
6.531098e-009	-0.000268547
6.556098e-009	-0.00659179
6.581098e-009	0.00957032
6.606098e-009	0.0197266
6.631098e-009	0.0170654
6.656098e-009	0.00163575
6.681098e-009	0.00769044
6.706098e-009	0.0227051
6.731098e-009	0.00366212
6.756098e-009	0.00473634
6.781098e-009	0.0268066
6.806098e-009	0.0208984
6.831098e-009	0.0223877
6.856098e-009	0.0359131
6.881098e-009	0.0310791
6.906098e-009	0.0269287
6.931098e-009	0.0260254
6.956098e-009	0.0205322
6.981098e-009	0.0205811
7.006098e-009	0.0241211
7.031098e-009	0.0343262
7.056098e-009	0.0378174
7.081098e-009	0.0285156
7.106098e-009	0.0333252
7.131098e-009	0.0404785
7.156098e-009	0.0268066
7.181098e-009	0.0211914
7.206098e-009	0.0345215
7.231098e-009	0.0280762
7.256098e-009	0.0136963
7.281098e-009	0.0195801
7.306098e-009	0.0193848
7.331098e-009	0.0197754
7.356098e-009	0.0353027
7.381098e-009	0.02854
7.406098e-009	0.00930177
7.431098e-009	0.0149902
7.456098e-009	0.0216309
7.481098e-009	0.00688477
7.506098e-009	-0.00520019
7.531098e-009	0.00212403
7.556098e-009	0.00615235
7.581098e-009	0.00620118
7.606098e-009	0.017334
7.631098e-009	0.0175293
7.656098e-009	0.00925294
7.681098e-009	0.0155274
7.706098e-009	0.0268066
7.731098e-009	0.0201172
7.756098e-009	0.00717774
7.781098e-009	0.0167236
7.806098e-009	0.029419
7.831098e-009	0.0244629
7.856098e-009	0.0221191
7.881098e-009	0.0364502
7.906098e-009	0.0333984
7.931098e-009	0.0132813
7.956098e-009	0.0243897
7.981098e-009	0.0375977
8.006098e-009	0.0338867
8.031098e-009	0.0352783
8.056098e-009	0.0334229
8.081098e-009	0.0412109
8.106098e-009	0.0392822
8.131098e-009	0.0209473
8.156098e-009	0.0263184
8.181098e-009	0.0294922
8.206098e-009	0.0277588
8.231098e-009	0.0393555
8.256098e-009	0.0351563
8.281098e-009	0.0275147
8.306098e-009	0.0228027
8.331098e-009	0.012207
8.356098e-009	0.0116943
8.381098e-009	0.0153565
8.406098e-009	0.0166504
8.431098e-009	0.0104004
8.456098e-009	0.00302735
8.481098e-009	0.00168458
8.506098e-009	-0.00773925
8.531098e-009	-0.0108154
8.556098e-009	0.00356446
8.581098e-009	0.0157715
8.606098e-009	0.0185791
8.631098e-009	0.0146973
8.656098e-009	0.00820313
8.681098e-009	0.0102783
8.706098e-009	0.0184082
8.731098e-009	0.01875
8.756098e-009	0.0170654
8.781098e-009	0.0162354
8.806098e-009	0.0123047
8.831098e-009	0.0105225
8.856098e-009	0.00541993
8.881098e-009	0.0146484
8.906098e-009	0.0394043
8.931098e-009	0.0280762
8.956098e-009	0.0140137
8.981098e-009	0.0363281
9.006098e-009	0.0419678
9.031098e-009	0.0295166
9.056098e-009	0.022876
9.081098e-009	0.0263184
9.106098e-009	0.0380859
9.131098e-009	0.0366943
9.156098e-009	0.0352783
9.181098e-009	0.0313233
9.206098e-009	0.0210205
9.231098e-009	0.0302002
9.256098e-009	0.0335693
9.281098e-009	0.026709
9.306098e-009	0.0295654
9.331098e-009	0.0271484
9.356098e-009	0.0228272
9.381098e-009	0.0204834
9.406098e-009	0.0150879
9.431098e-009	0.0179688
9.456098e-009	0.0247803
9.481098e-009	0.0229248
9.506098e-009	0.0213135
9.531098e-009	0.0156738
9.556098e-009	0.00187989
9.581098e-009	0.00136719
9.606098e-009	0.0091797
9.631098e-009	0.0124512
9.656098e-009	0.00485841
9.681098e-009	-0.0108154
9.706098e-009	-0.0100098
9.731098e-009	-0.0105957
9.756098e-009	-0.00734863
9.781098e-009	0.0192627
9.806098e-009	0.0186279
9.831098e-009	-0.00439452
9.856098e-009	-0.0110351
9.881098e-009	0.00478516
9.906098e-009	0.0280518
9.931098e-009	0.00991212
9.956098e-009	-0.00180663
9.981098e-009	0.0290772
1.00061e-008	0.028418
1.00311e-008	0.0183838
1.00561e-008	0.029126
1.00811e-008	0.0300537
1.01061e-008	0.026001
1.01311e-008	0.0170899
1.01561e-008	0.0202637
1.01811e-008	0.0285889
1.02061e-008	0.025415
1.02311e-008	0.0324463
1.02561e-008	0.0288818
1.02811e-008	0.0229736
1.03061e-008	0.0357178
1.03311e-008	0.0285645
1.03561e-008	0.0219482
1.03811e-008	0.0288818
1.04061e-008	0.0125488
1.04311e-008	0.0134766
1.04561e-008	0.0344727
1.04811e-008	0.0343506
1.05061e-008	0.0424316
1.05311e-008	0.0371826
1.05561e-008	0.0162354
1.05811e-008	0.022876
1.06061e-008	0.0254883
1.06311e-008	0.0196533
1.06561e-008	0.0102539
1.06811e-008	0.00993653
1.07061e-008	0.0238281
1.07311e-008	0.00991212
1.07561e-008	0.00769044
1.07811e-008	0.0183838
1.08061e-008	0.00664063
1.08311e-008	0.00158692
1.08561e-008	-0.00793456
1.08811e-008	0.00314942
1.09061e-008	0.0294434
1.09311e-008	0.0103516
1.09561e-008	-0.00246581
1.09811e-008	0.0112061
1.10061e-008	0.0188232
1.10311e-008	0.0247803
1.10561e-008	0.0197998
1.10811e-008	0.0181885
1.11061e-008	0.0230469
1.11311e-008	0.0171387
1.11561e-008	0.00422364
1.11811e-008	0.000830086
1.12061e-008	0.0138672
1.12311e-008	0.0165283
1.12561e-008	0.0148926
1.12811e-008	0.0187988
1.13061e-008	0.0116699
1.13311e-008	0.0074463
1.13561e-008	0.00686036
1.13811e-008	0.00622559
1.14061e-008	0.0184815
1.14311e-008	0.020752
1.14561e-008	0.0102783
1.14811e-008	0.0183594
1.15061e-008	0.0242188
1.15311e-008	0.0174316
1.15561e-008	0.0148682
1.15811e-008	0.0104004
1.16061e-008	0.0137207
1.16311e-008	0.0153565
1.16561e-008	0.0119385
1.16811e-008	0.0313233
1.17061e-008	0.0406006
1.17311e-008	0.0132568
1.17561e-008	0.00307618
1.17811e-008	0.02229
1.18061e-008	0.0287598
1.18311e-008	0.0191162
1.18561e-008	-0.00166015
1.18811e-008	-0.00378417
1.19061e-008	0.0233399
1.19311e-008	0.019165
1.19561e-008	-0.000708
1.19811e-008	0.0104981
1.20061e-008	0.0273926
1.20311e-008	0.02854
1.20561e-008	0.0229004
1.20811e-008	0.0207275
1.21061e-008	0.0183838
1.21311e-008	0.0192139
1.21561e-008	0.0210205
1.21811e-008	0.0206543
1.22061e-008	0.033374
1.22311e-008	0.0391358
1.22561e-008	0.0280762
1.22811e-008	0.0302002
1.23061e-008	0.0297852
1.23311e-008	0.0196777
1.23561e-008	0.0246094
1.23811e-008	0.0307861
1.24061e-008	0.0279053
1.24311e-008	0.0283936
1.24561e-008	0.0368897
1.24811e-008	0.0369385
1.25061e-008	0.0294922
1.25311e-008	0.0282715
1.25561e-008	0.0174561
1.25811e-008	0.0182617
1.26061e-008	0.0313477
1.26311e-008	0.0244873
1.26561e-008	0.0250488
1.26811e-008	0.0341553
1.27061e-008	0.0350586
1.27311e-008	0.0298096
1.27561e-008	0.0177246
1.27811e-008	0.0193604
1.28061e-008	0.0189209
1.28311e-008	0.00395509
1.28561e-008	0.0157959
1.28811e-008	0.0364746
1.29061e-008	0.0120361
1.29311e-008	-0.0165527
1.29561e-008	-0.00485839
1.29811e-008	0.00183106
1.30061e-008	0.00273438
1.30311e-008	0.0143555
1.30561e-008	0.00920411
1.30811e-008	0.00393067
1.31061e-008	0.00507813
1.31311e-008	0.0124268
1.31561e-008	0.0236328
1.31811e-008	0.0139893
1.32061e-008	0.0131592
1.32311e-008	0.0238281
1.32561e-008	0.0172363
1.32811e-008	0.00529786
1.33061e-008	0.0141602
1.33311e-008	0.0395996
1.33561e-008	0.0322998
1.33811e-008	0.0161865
1.34061e-008	0.0231201
1.34311e-008	0.0248291
1.34561e-008	0.033667
1.34811e-008	0.0406006
1.35061e-008	0.0350342
1.35311e-008	0.0322022
1.35561e-008	0.026709
1.35811e-008	0.0217285
1.36061e-008	0.0194336
1.36311e-008	0.0262695
1.36561e-008	0.0307129
1.36811e-008	0.0275879
1.37061e-008	0.0336182
1.37311e-008	0.0311768
1.37561e-008	0.0284668
1.37811e-008	0.0326416
1.38061e-008	0.0223877
1.38311e-008	0.0215576
1.38561e-008	0.0227051
1.38811e-008	0.0136475
1.39061e-008	0.0223145
1.39311e-008	0.0228272
1.39561e-008	0.0171631
1.39811e-008	0.0222168
1.40061e-008	0.01604
1.40311e-008	0.0259766
1.40561e-008	0.032959
1.40811e-008	0.0178711
1.41061e-008	0.0175537
1.41311e-008	0.00986329
1.41561e-008	0.0044922
1.41811e-008	0.00512696
1.42061e-008	-0.0115723
1.42311e-008	-0.00151366
1.42561e-008	0.0178955
1.42811e-008	0.00800782
1.43061e-008	0.00466309
1.43311e-008	0.0158691
1.43561e-008	0.0220703
1.43811e-008	0.0236816
1.44061e-008	0.020874
1.44311e-008	0.0119629
1.44561e-008	0.0110596
1.44811e-008	0.0245606
1.45061e-008	0.0292481
1.45311e-008	0.0120361
1.45561e-008	0.00405274
1.45811e-008	0.0158447
1.46061e-008	0.0200195
1.46311e-008	0.0256836
1.46561e-008	0.0304443
1.46811e-008	0.030957
1.47061e-008	0.0341309
1.47311e-008	0.0167969
1.47561e-008	0.0249756
1.47811e-008	0.0508789
1.48061e-008	0.029834
1.48311e-008	0.0272217
1.48561e-008	0.0428223
1.48811e-008	0.0328125
1.49061e-008	0.0303467
1.49311e-008	0.0228516
1.49561e-008	0.0180908
1.49811e-008	0.0272461
1.50061e-008	0.0287842
1.50311e-008	0.030249
1.50561e-008	0.0266358
1.50811e-008	0.0204102
1.51061e-008	0.0132568
1.51311e-008	0.00932618
1.51561e-008	0.0160889
1.51811e-008	0.00947266
1.52061e-008	0.00712891
1.52311e-008	0.0187012
1.52561e-008	0.0179932
1.52811e-008	0.019165
1.53061e-008	0.0179932
1.53311e-008	0.00683595
1.53561e-008	0.00964356
1.53811e-008	0.0159668
1.54061e-008	0.011377
1.54311e-008	0.0142822
1.54561e-008	0.0140625
1.54811e-008	-0.000244133
1.55061e-008	0.00581055
1.55311e-008	0.0240234
1.55561e-008	0.0205078
1.55811e-008	0.0106445
1.56061e-008	0.0143555
1.56311e-008	0.0202149
1.56561e-008	0.0128906
1.56811e-008	0.0143799
1.57061e-008	0.0224121
1.57311e-008	0.013208
1.57561e-008	0.0156006
1.57811e-008	0.0202881
1.58061e-008	0.00991212
1.58311e-008	0.0125488
1.58561e-008	0.0155518
1.58811e-008	0.0211914
1.59061e-008	0.0318604
1.59311e-008	0.020459
1.59561e-008	0.0140137
1.59811e-008	0.023999
1.60061e-008	0.025
1.60311e-008	0.0209961
1.60561e-008	0.0181885
1.60811e-008	0.017334
1.61061e-008	0.020752
1.61311e-008	0.0203369
1.61561e-008	0.0228272
1.61811e-008	0.0334473
1.62061e-008	0.0277832
1.62311e-008	0.0119141
1.62561e-008	0.0148926
1.62811e-008	0.0303223
1.63061e-008	0.0327393
1.63311e-008	0.0158691
1.63561e-008	0.00485841
1.63811e-008	0.0142822
1.64061e-008	0.0210938
1.64311e-008	0.00876466
1.64561e-008	0.00544434
1.64811e-008	0.0175049
1.65061e-008	0.0186768
1.65311e-008	0.019458
1.65561e-008	0.0220215
1.65811e-008	0.0185303
1.66061e-008	0.0191406
1.66311e-008	0.0203125
1.66561e-008	0.0201904
1.66811e-008	0.0212891
1.67061e-008	0.0123047
1.67311e-008	-0.00295409
1.67561e-008	0.00976563
1.67811e-008	0.0322266
1.68061e-008	0.0260254
1.68311e-008	0.00620118
1.68561e-008	-0.0108643
1.68811e-008	0.00097657
1.69061e-008	0.0308106
1.69311e-008	0.0300537
1.69561e-008	0.0201416
1.69811e-008	0.0270508
1.70061e-008	0.0241699
1.70311e-008	0.0112305
1.70561e-008	0.0101318
1.70811e-008	0.0181885
1.71061e-008	0.0234375
1.71311e-008	0.0146729
1.71561e-008	0.0131348
1.71811e-008	0.025
1.72061e-008	0.016626
1.72311e-008	0.0117432
1.72561e-008	0.0243897
1.72811e-008	0.0249512
1.73061e-008	0.019043
1.73311e-008	0.0172363
1.73561e-008	0.0254395
1.73811e-008	0.0339844
1.74061e-008	0.0230713
1.74311e-008	0.014917
1.74561e-008	0.0203369
1.74811e-008	0.0305908
1.75061e-008	0.0360108
1.75311e-008	0.0150635
1.75561e-008	0.0081543
1.75811e-008	0.019043
1.76061e-008	0.00864259
1.76311e-008	0.0183106
1.76561e-008	0.0230469
1.76811e-008	0.0170166
1.77061e-008	0.0356445
1.77311e-008	0.0156494
1.77561e-008	-0.00610351
1.77811e-008	0.0122559
1.78061e-008	0.00930177
1.78311e-008	-0.00864257
1.78561e-008	-0.00156249
1.78811e-008	0.0314697
1.79061e-008	0.0345947
1.79311e-008	0.00576173
1.79561e-008	0.00485841
1.79811e-008	0.0220459
1.80061e-008	0.0331055
1.80311e-008	0.0229004
1.80561e-008	0.00661622
1.80811e-008	0.0222412
1.81061e-008	0.03479
1.81311e-008	0.0227539
1.81561e-008	0.0273926
1.81811e-008	0.0414307
1.82061e-008	0.0374512
1.82311e-008	0.0318359
1.82561e-008	0.0285889
1.82811e-008	0.0220459
1.83061e-008	0.0258301
1.83311e-008	0.0396973
1.83561e-008	0.0354248
1.83811e-008	0.0142334
1.84061e-008	0.0162109
1.84311e-008	0.022876
1.84561e-008	0.0110352
1.84811e-008	0.0171387
1.85061e-008	0.0311768
1.85311e-008	0.0273926
1.85561e-008	0.0230225
1.85811e-008	0.0238281
1.86061e-008	0.0197266
1.86311e-008	0.00903321
1.86561e-008	0.00610352
1.86811e-008	0.0185303
1.87061e-008	0.0179199
1.87311e-008	-0.00415038
1.87561e-008	-0.00319823
1.87811e-008	0.019458
1.88061e-008	0.020459
1.88311e-008	0.00590821
1.88561e-008	-0.00222167
1.88811e-008	0.000634773
1.89061e-008	0.00378419
1.89311e-008	0.00151368
1.89561e-008	0.0105225
1.89811e-008	0.0162354
1.90061e-008	0.00168458
1.90311e-008	-0.00427245
1.90561e-008	0.00771485
1.90811e-008	0.0189209
1.91061e-008	0.0174072
1.91311e-008	0.00708009
1.91561e-008	0.015332
1.91811e-008	0.0361328
1.92061e-008	0.0334473
1.92311e-008	0.0179932
1.92561e-008	0.0138916
1.92811e-008	0.0217774
1.93061e-008	0.0259522
1.93311e-008	0.0202393
1.93561e-008	0.0244141
1.93811e-008	0.0312744
1.94061e-008	0.0312012
1.94311e-008	0.0338867
1.94561e-008	0.0272461
1.94811e-008	0.0273438
1.95061e-008	0.0410645
1.95311e-008	0.0285156
1.95561e-008	0.0181885
1.95811e-008	0.0337402
1.96061e-008	0.0288574
1.96311e-008	0.0214844
1.96561e-008	0.0277344
1.96811e-008	0.0246094
1.97061e-008	0.0199463
1.97311e-008	0.0192627
1.97561e-008	0.0277832
1.97811e-008	0.0252686
1.98061e-008	0.0146729
1.98311e-008	0.0191406
1.98561e-008	0.00996095
1.98811e-008	0.00478516
1.99061e-008	0.0143555
1.99311e-008	0.0103272
1.99561e-008	0.0133057
1.99811e-008	0.0168945
2.00061e-008	0.00981446
2.00311e-008	0.0137451
2.00561e-008	0.0133545
2.00811e-008	0.0108399
2.01061e-008	0.0140381
2.01311e-008	-0.00134277
2.01561e-008	-0.00187988
2.01811e-008	0.021582
2.02061e-008	0.0212891
2.02311e-008	0.00937501
2.02561e-008	0.00290528
2.02811e-008	0.00358887
2.03061e-008	0.0148926
2.03311e-008	0.0210693
2.03561e-008	0.0260254
2.03811e-008	0.0273682
2.04061e-008	0.0159668
2.04311e-008	0.0165283
2.04561e-008	0.0289063
2.04811e-008	0.0292236
2.05061e-008	0.0322266
2.05311e-008	0.0335938
2.05561e-008	0.0160889
2.05811e-008	0.00966798
2.06061e-008	0.0169434
2.06311e-008	0.0198731
2.06561e-008	0.0290527
2.06811e-008	0.0373291
2.07061e-008	0.0326172
2.07311e-008	0.0257324
2.07561e-008	0.0258301
2.07811e-008	0.0285156
2.08061e-008	0.0232178
2.08311e-008	0.0153565
2.08561e-008	0.0258301
2.08811e-008	0.0337647
2.09061e-008	0.0194336
2.09311e-008	0.0102051
2.09561e-008	0.00925294
2.09811e-008	0.0153076
2.10061e-008	0.030957
2.10311e-008	0.0375244
2.10561e-008	0.0328613
2.10811e-008	0.0256592
2.11061e-008	0.0256348
2.11311e-008	0.0266113
2.11561e-008	0.0164795
2.11811e-008	0.00869141
2.12061e-008	0.00622559
2.12311e-008	0.000756843
2.12561e-008	0.0123047
2.12811e-008	0.0304443
2.13061e-008	0.0180908
2.13311e-008	0.0108887
2.13561e-008	0.0222168
2.13811e-008	0.0122803
2.14061e-008	0.00810548
2.14311e-008	0.0195068
2.14561e-008	0.014624
2.14811e-008	0.0188721
2.15061e-008	0.0318848
2.15311e-008	0.0216797
2.15561e-008	0.0169678
2.15811e-008	0.02146
2.16061e-008	0.0128174
2.16311e-008	0.0188232
2.16561e-008	0.0322998
2.16811e-008	0.027832
2.17061e-008	0.029126
2.17311e-008	0.0297852
2.17561e-008	0.0208984
2.17811e-008	0.0245117
2.18061e-008	0.0286377
2.18311e-008	0.0302002
2.18561e-008	0.0231445
2.18811e-008	0.0143799
2.19061e-008	0.0394531
2.19311e-008	0.0448731
2.19561e-008	0.0172852
2.19811e-008	0.0180664
2.20061e-008	0.0248291
2.20311e-008	0.023169
2.20561e-008	0.0268555
2.20811e-008	0.0258545
2.21061e-008	0.0244141
2.21311e-008	0.0218262
2.21561e-008	0.0178711
2.21811e-008	0.0250488
2.22061e-008	0.0256348
2.22311e-008	0.0122803
2.22561e-008	0.0141357
2.22811e-008	0.0184082
2.23061e-008	0.0145752
2.23311e-008	0.0219727
2.23561e-008	0.0248535
2.23811e-008	0.0146973
2.24061e-008	0.0118897
2.24311e-008	0.0156982
2.24561e-008	0.0105957
2.24811e-008	0.00808106
2.25061e-008	0.0153076
2.25311e-008	0.0104248
2.25561e-008	0.00217286
2.25811e-008	0.0126465
2.26061e-008	0.0191406
2.26311e-008	0.00976563
2.26561e-008	0.0114258
2.26811e-008	0.0317627
2.27061e-008	0.0425293
2.27311e-008	0.0246826
2.27561e-008	0.0111328
2.27811e-008	0.0170654
2.28061e-008	0.0209473
2.28311e-008	0.0275879
2.28561e-008	0.0308106
2.28811e-008	0.0230957
2.29061e-008	0.0133057
2.29311e-008	0.00954591
2.29561e-008	0.0213623
2.29811e-008	0.0260498
2.30061e-008	0.0159424
2.30311e-008	0.0127197
2.30561e-008	0.00747071
2.30811e-008	0.0149902
2.31061e-008	0.0328613
2.31311e-008	0.00686036
2.31561e-008	-0.00781249
2.31811e-008	0.0217774
2.32061e-008	0.0276123
2.32311e-008	0.025
2.32561e-008	0.0155762
2.32811e-008	0.0117676
2.33061e-008	0.0310547
2.33311e-008	0.0134766
2.33561e-008	0.00522462
2.33811e-008	0.0249756
2.34061e-008	0.0188721
2.34311e-008	0.0182129
2.34561e-008	0.0167969
2.34811e-008	0.0133301
2.35061e-008	0.0328369
2.35311e-008	0.0294678
2.35561e-008	0.00153809
2.35811e-008	0.00302735
2.36061e-008	0.023291
2.36311e-008	0.0182129
2.36561e-008	0.00854493
2.36811e-008	0.0226807
2.37061e-008	0.0234863
2.37311e-008	0.0101563
2.37561e-008	0.0113525
2.37811e-008	0.0187988
2.38061e-008	0.0246094
2.38311e-008	0.014502
2.38561e-008	0.00983887
2.38811e-008	0.022168
2.39061e-008	0.0262451
2.39311e-008	0.0367676
2.39561e-008	0.0359375
2.39811e-008	0.0186035
2.40061e-008	0.00922852
2.40311e-008	0.00891114
2.40561e-008	0.025293
2.40811e-008	0.0267334
2.41061e-008	0.0189697
2.41311e-008	0.0236572
2.41561e-008	0.0175781
2.41811e-008	0.0172363
2.42061e-008	0.0206299
2.42311e-008	0.0176514
2.42561e-008	0.02146
2.42811e-008	0.0222412
2.43061e-008	0.0253418
2.43311e-008	0.0307617
2.43561e-008	0.022583
2.43811e-008	0.00878907
2.44061e-008	0.0101318
2.44311e-008	0.0203613
2.44561e-008	0.0195557
2.44811e-008	0.0251465
2.45061e-008	0.0282227
2.45311e-008	0.0140869
2.45561e-008	0.0136963
2.45811e-008	0.0162842
2.46061e-008	0.0119385
2.46311e-008	0.01875
2.46561e-008	0.0230957
2.46811e-008	0.0151123
2.47061e-008	0.0156738
2.47311e-008	0.0225098
2.47561e-008	0.0131348
2.47811e-008	0.00803223
2.48061e-008	0.0114746
2.48311e-008	0.0117188
2.48561e-008	0.0177002
2.48811e-008	0.0240234
2.49061e-008	0.0304443
2.49311e-008	0.019043
2.49561e-008	0.00529786
2.49811e-008	0.0182373
2.50061e-008	0.0221436
2.50311e-008	0.0171387
2.50561e-008	0.0187256
2.50811e-008	0.0256104
2.51061e-008	0.0318604
2.51311e-008	0.0135742
2.51561e-008	0.00349122
2.51811e-008	0.0202637
2.52061e-008	0.0296875
2.52311e-008	0.026709
2.52561e-008	0.0121094
2.52811e-008	0.00842286
2.53061e-008	0.0226318
2.53311e-008	0.0183106
2.53561e-008	0.0126465
2.53811e-008	0.0182129
2.54061e-008	0.0216553
2.54311e-008	0.0252441
2.54561e-008	0.0125488
2.54811e-008	0.0124756
2.55061e-008	0.0331543
2.55311e-008	0.0267578
2.55561e-008	0.0204102
2.55811e-008	0.0332031
2.56061e-008	0.0310791
2.56311e-008	0.0150147
2.56561e-008	0.00681153
2.56811e-008	0.0187988
2.57061e-008	0.02854
2.57311e-008	0.0197022
2.57561e-008	0.0166504
2.57811e-008	0.0220947
2.58061e-008	0.0197266
2.58311e-008	0.0115479
2.58561e-008	0.00871583
2.58811e-008	0.0133789
2.59061e-008	0.0148438
2.59311e-008	0.0107422
2.59561e-008	0.00720216
2.59811e-008	0.013501
2.60061e-008	0.0329102
2.60311e-008	0.0359375
2.60561e-008	0.012915
2.60811e-008	0.010791
2.61061e-008	0.0255127
2.61311e-008	0.0119873
2.61561e-008	0.00466309
2.61811e-008	0.0188232
2.62061e-008	0.0157959
2.62311e-008	0.0129883
2.62561e-008	0.0091797
2.62811e-008	0.00505372
2.63061e-008	0.0255859
2.63311e-008	0.0296631
2.63561e-008	0.0228027
2.63811e-008	0.0263916
2.64061e-008	0.0179932
2.64311e-008	0.0244141
2.64561e-008	0.033374
2.64811e-008	0.0204102
2.65061e-008	0.0133301
2.65311e-008	0.012207
2.65561e-008	0.0167969
2.65811e-008	0.0242676
2.66061e-008	0.0159912
2.66311e-008	0.0148682
2.66561e-008	0.0233643
2.66811e-008	0.0160156
2.67061e-008	0.0157227
2.67311e-008	0.0190674
2.67561e-008	0.0158936
2.67811e-008	0.026416
2.68061e-008	0.0334717
2.68311e-008	0.03125
2.68561e-008	0.0324219
2.68811e-008	0.0366943
2.69061e-008	0.0277588
2.69311e-008	0.0146729
2.69561e-008	0.0215332
2.69811e-008	0.0192383
2.70061e-008	0.00991212
2.70311e-008	0.012085
2.70561e-008	0.0137207
2.70811e-008	0.0205322
2.71061e-008	0.0280274
2.71311e-008	0.0253662
2.71561e-008	0.0175781
2.71811e-008	0.0168213
2.72061e-008	0.0205078
2.72311e-008	0.0184815
2.72561e-008	0.0134277
2.72811e-008	0.0204834
2.73061e-008	0.0267578
2.73311e-008	0.00871583
2.73561e-008	0.00576173
2.73811e-008	0.0148193
2.74061e-008	0.0155274
2.74311e-008	0.0287598
2.74561e-008	0.0196533
2.74811e-008	0.0125
2.75061e-008	0.0295166
2.75311e-008	0.0193604
2.75561e-008	0.0163086
2.75811e-008	0.0265381
2.76061e-008	0.0212891
2.76311e-008	0.0233887
2.76561e-008	0.0201416
2.76811e-008	0.0144043
2.77061e-008	0.0253174
2.77311e-008	0.0309815
2.77561e-008	0.0237061
2.77811e-008	0.0167236
2.78061e-008	0.0128662
2.78311e-008	0.0183594
2.78561e-008	0.0239258
2.78811e-008	0.0234375
2.79061e-008	0.0273193
2.79311e-008	0.0117432
2.79561e-008	0.00925294
2.79811e-008	0.0321533
2.80061e-008	0.0186279
2.80311e-008	0.00844727
2.80561e-008	0.0187012
2.80811e-008	0.0224121
2.81061e-008	0.034082
2.81311e-008	0.0311279
2.81561e-008	0.0124512
2.81811e-008	0.00493165
2.82061e-008	0.0145752
2.82311e-008	0.0221436
2.82561e-008	0.0167481
2.82811e-008	0.0174316
2.83061e-008	0.0259522
2.83311e-008	0.0194092
2.83561e-008	0.00961915
2.83811e-008	0.0253906
2.84061e-008	0.0280518
2.84311e-008	0.0217285
2.84561e-008	0.0333496
2.84811e-008	0.0334961
2.85061e-008	0.0289795
2.85311e-008	0.0106934
2.85561e-008	0.00253907
2.85811e-008	0.0250488
2.86061e-008	0.0246582
2.86311e-008	0.0231445
2.86561e-008	0.0290283
2.86811e-008	0.0241699
2.87061e-008	0.0263672
2.87311e-008	0.0241699
2.87561e-008	0.0251953
2.87811e-008	0.0207275
2.88061e-008	0.0122315
2.88311e-008	0.0251221
2.88561e-008	0.0256836
2.88811e-008	0.0172363
2.89061e-008	0.011499
2.89311e-008	0.00158692
2.89561e-008	0.0155029
2.89811e-008	0.0260498
2.90061e-008	0.0187744
2.90311e-008	0.0223877
2.90561e-008	0.0187256
2.90811e-008	0.0203125
2.91061e-008	0.0305664
2.91311e-008	0.0168457
2.91561e-008	0.0179443
2.91811e-008	0.0248291
2.92061e-008	0.00466309
2.92311e-008	0.00534669
2.92561e-008	0.0115479
2.92811e-008	0.00996095
2.93061e-008	0.0202881
2.93311e-008	0.0182129
2.93561e-008	0.0196777
2.93811e-008	0.0272705
2.94061e-008	0.0195557
2.94311e-008	0.00739747
2.94561e-008	0.00244141
2.94811e-008	0.016919
2.95061e-008	0.0242188
2.95311e-008	0.00686036
2.95561e-008	0.00895997
2.95811e-008	0.0287109
2.96061e-008	0.0266602
2.96311e-008	0.0205811
2.96561e-008	0.0289307
2.96811e-008	0.0223633
2.97061e-008	0.0112549
2.97311e-008	0.0171143
2.97561e-008	0.0223633
2.97811e-008	0.0293701
2.98061e-008	0.027002
2.98311e-008	0.0226318
2.98561e-008	0.0323486
2.98811e-008	0.0285156
2.99061e-008	0.0255371
2.99311e-008	0.0255859
2.99561e-008	0.0172607
2.99811e-008	0.0226807
3.00061e-008	0.0347656
3.00311e-008	0.0332764
3.00561e-008	0.0216065
3.00811e-008	0.0266602
3.01061e-008	0.029126
3.01311e-008	0.0225586
3.01561e-008	0.0358399
3.01811e-008	0.0386719
3.02061e-008	0.0265137
3.02311e-008	0.0125244
3.02561e-008	0.00942384
3.02811e-008	0.0291016
3.03061e-008	0.030127
3.03311e-008	0.0150635
3.03561e-008	0.015625
3.03811e-008	0.0253174
3.04061e-008	0.0355469
3.04311e-008	0.0379639
3.04561e-008	0.028833
3.04811e-008	0.0244385
3.05061e-008	0.0228027
3.05311e-008	0.0119385
3.05561e-008	0.0123291
3.05811e-008	0.0165772
3.06061e-008	0.0161865
3.06311e-008	0.0262451
3.06561e-008	0.0263428
3.06811e-008	0.0100098
3.07061e-008	0.00244141
3.07311e-008	0.013208
3.07561e-008	0.0189453
3.07811e-008	0.0216797
3.08061e-008	0.0230713
3.08311e-008	0.00893555
3.08561e-008	0.0147461
3.08811e-008	0.0196777
3.09061e-008	0.00759278
3.09311e-008	0.021167
3.09561e-008	0.0214111
3.09811e-008	0.00646973
3.10061e-008	0.0179199
3.10311e-008	0.0189453
3.10561e-008	0.00766602
3.10811e-008	0.0196533
3.11061e-008	0.0219482
3.11311e-008	-0.00380859
3.11561e-008	-0.00356445
3.11811e-008	0.0258057
3.12061e-008	0.0276856
3.12311e-008	-0.000317375
3.12561e-008	-0.000854485
3.12811e-008	0.0278809
3.13061e-008	0.0266358
3.13311e-008	0.0156494
3.13561e-008	0.0214111
3.13811e-008	0.0166992
3.14061e-008	0.0246338
3.14311e-008	0.0347412
3.14561e-008	0.0206787
3.14811e-008	0.0203125
3.15061e-008	0.0261719
3.15311e-008	0.0157715
3.15561e-008	0.0101074
3.15811e-008	0.0134033
3.16061e-008	0.0102539
3.16311e-008	0.00700684
3.16561e-008	0.0126221
3.16811e-008	0.018335
3.17061e-008	0.0273926
3.17311e-008	0.0229004
3.17561e-008	0.0140869
3.17811e-008	0.0324219
3.18061e-008	0.0314209
3.18311e-008	0.0125977
3.18561e-008	0.0198731
3.18811e-008	0.0312012
3.19061e-008	0.0324219
3.19311e-008	0.022876
3.19561e-008	0.0222168
3.19811e-008	0.0321289
3.20061e-008	0.0193359
3.20311e-008	0.0180176
3.20561e-008	0.0281006
3.20811e-008	0.0182861
3.21061e-008	0.0303711
3.21311e-008	0.0385742
3.21561e-008	0.0162842
3.21811e-008	0.0187256
3.22061e-008	0.0259033
3.22311e-008	0.00959473
3.22561e-008	0.00939942
3.22811e-008	0.0186035
3.23061e-008	0.0136719
3.23311e-008	0.0134033
3.23561e-008	0.0141113
3.23811e-008	0.0108643
3.24061e-008	0.0151611
3.24311e-008	0.0191895
3.24561e-008	0.0139893
3.24811e-008	0.0195068
3.25061e-008	0.0429688
3.25311e-008	0.0269775
3.25561e-008	-0.00058593
3.25811e-008	0.0197022
3.26061e-008	0.0310303
3.26311e-008	0.0232422
3.26561e-008	0.0162598
3.26811e-008	0.0188232
3.27061e-008	0.0253906
3.27311e-008	0.00522462
3.27561e-008	0.0115723
3.27811e-008	0.0358154
3.28061e-008	0.0225586
3.28311e-008	0.0224365
3.28561e-008	0.0404541
3.28811e-008	0.0410156
3.29061e-008	0.0391846
3.29311e-008	0.0371094
3.29561e-008	0.0351074
3.29811e-008	0.0275879
3.30061e-008	0.0109863
3.30311e-008	0.0193604
3.30561e-008	0.0196289
3.30811e-008	0.00822755
3.31061e-008	0.031958
3.31311e-008	0.0302979
3.31561e-008	0.0134766
3.31811e-008	0.0236572
3.32061e-008	0.022876
3.32311e-008	0.0167481
3.32561e-008	0.0161377
3.32811e-008	0.02854
3.33061e-008	0.031543
3.33311e-008	0.0148926
3.33561e-008	0.0200928
3.33811e-008	0.0230713
3.34061e-008	0.0155518
3.34311e-008	0.0256104
3.34561e-008	0.0242188
3.34811e-008	0.0186035
3.35061e-008	0.0311279
3.35311e-008	0.0200684
3.35561e-008	0.00698243
3.35811e-008	0.0212402
3.36061e-008	0.0272217
3.36311e-008	0.0277588
3.36561e-008	0.0181397
3.36811e-008	0.00957032
3.37061e-008	0.0135254
3.37311e-008	0.0108399
3.37561e-008	0.020874
3.37811e-008	0.025
3.38061e-008	0.0192139
3.38311e-008	0.0300537
3.38561e-008	0.0303223
3.38811e-008	0.0259522
3.39061e-008	0.0291016
3.39311e-008	0.0254639
3.39561e-008	0.0186768
3.39811e-008	0.0115967
3.40061e-008	0.0179932
3.40311e-008	0.0235596
3.40561e-008	0.0144775
3.40811e-008	0.0267822
3.41061e-008	0.0405762
3.41311e-008	0.0266358
3.41561e-008	0.00942384
3.41811e-008	0.00541993
3.42061e-008	0.0196045
3.42311e-008	0.0184815
3.42561e-008	0.00495606
3.42811e-008	0.0195313
3.43061e-008	0.0282715
3.43311e-008	0.0197754
3.43561e-008	0.0276611
3.43811e-008	0.0313477
3.44061e-008	0.0142334
3.44311e-008	0.0209961
3.44561e-008	0.0320068
3.44811e-008	0.0168945
3.45061e-008	0.0230713
3.45311e-008	0.0199219
3.45561e-008	0.00629884
3.45811e-008	0.0184326
3.46061e-008	0.01875
3.46311e-008	0.0202881
3.46561e-008	0.0210693
3.46811e-008	0.0182373
3.47061e-008	0.0290039
3.47311e-008	0.0265625
3.47561e-008	0.0165772
3.47811e-008	0.00895997
3.48061e-008	0.013208
3.48311e-008	0.0206055
3.48561e-008	0.0169434
3.48811e-008	0.0208496
3.49061e-008	0.0262451
3.49311e-008	0.0340332
3.49561e-008	0.0328858
3.49811e-008	0.015625
3.50061e-008	0.0090088
3.50311e-008	0.00805665
3.50561e-008	0.00683595
3.50811e-008	0.0121094
3.51061e-008	0.021875
3.51311e-008	0.0204346
3.51561e-008	0.0117432
3.51811e-008	0.0180664
3.52061e-008	0.021875
3.52311e-008	0.0175537
3.52561e-008	0.0227539
3.52811e-008	0.0323731
3.53061e-008	0.029834
3.53311e-008	0.0221436
3.53561e-008	0.0263428
3.53811e-008	0.0238281
3.54061e-008	0.022876
3.54311e-008	0.0326172
3.54561e-008	0.026294
3.54811e-008	0.0265625
3.55061e-008	0.037085
3.55311e-008	0.0279785
3.55561e-008	0.0205811
3.55811e-008	0.0210938
3.56061e-008	0.0162354
3.56311e-008	0.0211182
3.56561e-008	0.0225342
3.56811e-008	0.026001
3.57061e-008	0.041333
3.57311e-008	0.0266846
3.57561e-008	0.0113281
3.57811e-008	0.0152832
3.58061e-008	0.0119141
3.58311e-008	0.0105713
3.58561e-008	-0.000390618
3.58811e-008	0.00561524
3.59061e-008	0.0255859
3.59311e-008	0.0146484
3.59561e-008	0.010669
3.59811e-008	0.0202393
3.60061e-008	0.0192871
3.60311e-008	0.0192383
3.60561e-008	0.0235596
3.60811e-008	0.0292236
3.61061e-008	0.0255127
3.61311e-008	0.0130371
3.61561e-008	0.0140869
3.61811e-008	0.0232178
3.62061e-008	0.0200684
3.62311e-008	0.0170899
3.62561e-008	0.0185791
3.62811e-008	0.0204834
3.63061e-008	0.0253174
3.63311e-008	0.0186768
3.63561e-008	0.00905762
3.63811e-008	0.0193848
3.64061e-008	0.0263428
3.64311e-008	0.0164551
3.64561e-008	0.0173584
3.64811e-008	0.0127441
3.65061e-008	0.00478516
3.65311e-008	0.0167236
3.65561e-008	0.0146729
3.65811e-008	0.0101563
3.66061e-008	0.0195801
3.66311e-008	0.0237061
3.66561e-008	0.0219238
3.66811e-008	0.0158203
3.67061e-008	0.0183594
3.67311e-008	0.0150391
3.67561e-008	0.0136719
3.67811e-008	0.0262207
3.68061e-008	0.0166748
3.68311e-008	0.0139893
3.68561e-008	0.0253174
3.68811e-008	0.0189697
3.69061e-008	0.022168
3.69311e-008	0.0237549
3.69561e-008	0.012915
3.69811e-008	0.0161865
3.70061e-008	0.0213623
3.70311e-008	0.0188721
3.70561e-008	0.0102051
3.70811e-008	0.0141602
3.71061e-008	0.0296143
3.71311e-008	0.0199951
3.71561e-008	0.0172119
3.71811e-008	0.0287842
3.72061e-008	0.0294922
3.72311e-008	0.0375244
3.72561e-008	0.0321289
3.72811e-008	0.0191162
3.73061e-008	0.0257813
3.73311e-008	0.0272217
3.73561e-008	0.0123047
3.73811e-008	0.00339356
3.74061e-008	0.0171143
3.74311e-008	0.0240967
3.74561e-008	0.0164307
3.74811e-008	0.0217285
3.75061e-008	0.0267334
3.75311e-008	0.0261475
3.75561e-008	0.0300537
3.75811e-008	0.0262207
3.76061e-008	0.0167969
3.76311e-008	0.0195068
3.76561e-008	0.0237793
3.76811e-008	0.0181152
3.77061e-008	0.0161621
3.77311e-008	0.0152344
3.77561e-008	0.0175293
3.77811e-008	0.0240479
3.78061e-008	0.0196289
3.78311e-008	0.0158203
3.78561e-008	0.0203857
3.78811e-008	0.0290527
3.79061e-008	0.0386231
3.79311e-008	0.0339844
3.79561e-008	0.0169922
3.79811e-008	0.00979005
3.80061e-008	0.0160889
3.80311e-008	0.0176514
3.80561e-008	0.0156006
3.80811e-008	0.0239502
3.81061e-008	0.0311768
3.81311e-008	0.0272949
3.81561e-008	0.0270264
3.81811e-008	0.0338379
3.82061e-008	0.0265869
3.82311e-008	0.0130127
3.82561e-008	0.0145752
3.82811e-008	0.0169922
3.83061e-008	0.0185303
3.83311e-008	0.0212647
3.83561e-008	0.0189697
3.83811e-008	0.0167236
3.84061e-008	0.0162109
3.84311e-008	0.0262451
3.84561e-008	0.0268555
3.84811e-008	0.0167236
3.85061e-008	0.0228516
3.85311e-008	0.014502
3.85561e-008	0.00595704
3.85811e-008	0.021167
3.86061e-008	0.0234375
3.86311e-008	0.0273438
3.86561e-008	0.0345459
3.86811e-008	0.0308106
3.87061e-008	0.0322266
3.87311e-008	0.0260986
3.87561e-008	0.0223389
3.87811e-008	0.0192383
3.88061e-008	0.00903321
3.88311e-008	0.0211426
3.88561e-008	0.025415
3.88811e-008	0.0176758
3.89061e-008	0.0259522
3.89311e-008	0.0288818
3.89561e-008	0.02771
3.89811e-008	0.0245606
3.90061e-008	0.0243652
3.90311e-008	0.0254883
3.90561e-008	0.0152588
3.90811e-008	0.0143311
3.91061e-008	0.0238525
3.91311e-008	0.0303955
3.91561e-008	0.0292969
3.91811e-008	0.030835
3.92061e-008	0.0265137
3.92311e-008	0.00932618
3.92561e-008	0.019751
3.92811e-008	0.038208
3.93061e-008	0.033252
3.93311e-008	0.0192139
3.93561e-008	0.00810548
3.93811e-008	0.0175781
3.94061e-008	0.0212402
3.94311e-008	0.0112061
3.94561e-008	0.0198975
3.94811e-008	0.0276611
3.95061e-008	0.0193604
3.95311e-008	0.0150391
3.95561e-008	0.0148193
3.95811e-008	0.0158203
3.96061e-008	0.022876
3.96311e-008	0.0212647
3.96561e-008	0.0149902
3.96811e-008	0.0258057
3.97061e-008	0.0320557
3.97311e-008	0.0104492
3.97561e-008	7.45058e-009
3.97811e-008	0.0229736
3.98061e-008	0.0315918
3.98311e-008	0.0229981
3.98561e-008	0.0223145
3.98811e-008	0.0236328
3.99061e-008	0.0339111
3.99311e-008	0.0326416
3.99561e-008	0.0215088
3.99811e-008	0.025708
4.00061e-008	0.0219482
4.00311e-008	0.0192383
4.00561e-008	0.0259277
4.00811e-008	0.0250977
4.01061e-008	0.0281494
4.01311e-008	0.0248779
4.01561e-008	0.0249756
4.01811e-008	0.0324707
4.02061e-008	0.0225098
4.02311e-008	0.0263672
4.02561e-008	0.0284668
4.02811e-008	0.00979005
4.03061e-008	0.00864259
4.03311e-008	0.0175293
4.03561e-008	0.0322022
4.03811e-008	0.0321045
4.04061e-008	0.0188477
4.04311e-008	0.0256592
4.04561e-008	0.0232178
4.04811e-008	0.0203369
4.05061e-008	0.0254883
4.05311e-008	0.0155274
4.05561e-008	0.0108643
4.05811e-008	0.0185547
4.06061e-008	0.0303467
4.06311e-008	0.0299072
4.06561e-008	0.0208008
4.06811e-008	0.0263916
4.07061e-008	0.026001
4.07311e-008	0.0126953
4.07561e-008	0.0101807
4.07811e-008	0.0179688
4.08061e-008	0.025293
4.08311e-008	0.0308106
4.08561e-008	0.0272217
4.08811e-008	0.0251465
4.09061e-008	0.0362061
4.09311e-008	0.0206787
4.09561e-008	0.00673829
4.09811e-008	0.0268555
4.10061e-008	0.0212158
4.10311e-008	0.0114746
4.10561e-008	0.0179443
4.10811e-008	0.02146
4.11061e-008	0.0374756
4.11311e-008	0.0287109
4.11561e-008	0.00534669
4.11811e-008	0.00825196
4.12061e-008	0.0158447
4.12311e-008	0.0248047
4.12561e-008	0.0254395
4.12811e-008	0.0228272
4.13061e-008	0.0332275
4.13311e-008	0.0352783
4.13561e-008	0.0353027
4.13811e-008	0.0279541
4.14061e-008	0.0129639
4.14311e-008	0.0221436
4.14561e-008	0.0271484
4.14811e-008	0.0233399
4.15061e-008	0.0295166
4.15311e-008	0.0229736
4.15561e-008	0.023291
4.15811e-008	0.0292969
4.16061e-008	0.0220459
4.16311e-008	0.0206543
4.16561e-008	0.0166504
4.16811e-008	0.021167
4.17061e-008	0.0330078
4.17311e-008	0.0223145
4.17561e-008	0.0174072
4.17811e-008	0.025293
4.18061e-008	0.0263428
4.18311e-008	0.0275879
4.18561e-008	0.0196533
4.18811e-008	0.0127197
4.19061e-008	0.0232666
4.19311e-008	0.0296143
4.19561e-008	0.0250977
4.19811e-008	0.0212158
4.20061e-008	0.0197998
4.20311e-008	0.0246826
4.20561e-008	0.0283691
4.20811e-008	0.019458
4.21061e-008	0.0150635
4.21311e-008	0.0179932
4.21561e-008	0.0119629
4.21811e-008	0.0135498
4.22061e-008	0.0264649
4.22311e-008	0.028125
4.22561e-008	0.0213867
4.22811e-008	0.0245361
4.23061e-008	0.0353516
4.23311e-008	0.0337891
4.23561e-008	0.0255615
4.23811e-008	0.0268311
4.24061e-008	0.027832
4.24311e-008	0.0144287
4.24561e-008	0.00300294
4.24811e-008	0.0193848
4.25061e-008	0.0376465
4.25311e-008	0.0314209
4.25561e-008	0.0163574
4.25811e-008	0.0115967
4.26061e-008	0.0230225
4.26311e-008	0.0327393
4.26561e-008	0.029419
4.26811e-008	0.0239746
4.27061e-008	0.0168457
4.27311e-008	0.00336915
4.27561e-008	0.00717774
4.27811e-008	0.024292
4.28061e-008	0.0224121
4.28311e-008	0.0188477
4.28561e-008	0.0292969
4.28811e-008	0.0418701
4.29061e-008	0.0356201
4.29311e-008	0.00981446
4.29561e-008	0.00336915
4.29811e-008	0.0145264
4.30061e-008	0.0177246
4.30311e-008	0.0167725
4.30561e-008	0.0204346
4.30811e-008	0.024585
4.31061e-008	0.0260498
4.31311e-008	0.0331543
4.31561e-008	0.0316162
4.31811e-008	0.0204834
4.32061e-008	0.0240723
4.32311e-008	0.03125
4.32561e-008	0.0265869
4.32811e-008	0.0250244
4.33061e-008	0.026709
4.33311e-008	0.0177246
4.33561e-008	0.0141602
4.33811e-008	0.0173584
4.34061e-008	0.0150635
4.34311e-008	0.0225342
4.34561e-008	0.0270264
4.34811e-008	0.0283936
4.35061e-008	0.0375977
4.35311e-008	0.0253906
4.35561e-008	0.0162109
4.35811e-008	0.029419
4.36061e-008	0.0316406
4.36311e-008	0.0339844
4.36561e-008	0.0292969
4.36811e-008	0.0177979
4.37061e-008	0.0245361
4.37311e-008	0.0180908
4.37561e-008	0.00920411
4.37811e-008	0.0250977
4.38061e-008	0.0297363
4.38311e-008	0.0105713
4.38561e-008	0.00212403
4.38811e-008	0.0223145
4.39061e-008	0.0350586
4.39311e-008	0.0245606
4.39561e-008	0.0184082
4.39811e-008	0.0206543
4.40061e-008	0.0179688
4.40311e-008	0.0159424
4.40561e-008	0.0253662
4.40811e-008	0.0329834
4.41061e-008	0.027124
4.41311e-008	0.0154053
4.41561e-008	0.015332
4.41811e-008	0.0158691
4.42061e-008	0.00927735
4.42311e-008	0.0184082
4.42561e-008	0.0305908
4.42811e-008	0.040332
4.43061e-008	0.0361084
4.43311e-008	0.00695802
4.43561e-008	0.00541993
4.43811e-008	0.0270996
4.44061e-008	0.0196533
4.44311e-008	0.0057129
4.44561e-008	0.0142822
4.44811e-008	0.0211426
4.45061e-008	0.0217285
4.45311e-008	0.0236816
4.45561e-008	0.0204834
4.45811e-008	0.0169678
4.46061e-008	0.0171631
4.46311e-008	0.0259033
4.46561e-008	0.0288086
4.46811e-008	0.0306397
4.47061e-008	0.0333008
4.47311e-008	0.00527345
4.47561e-008	-0.00773925
4.47811e-008	0.0130615
4.48061e-008	0.0156006
4.48311e-008	0.00922852
4.48561e-008	0.0114502
4.48811e-008	0.0200684
4.49061e-008	0.0296875
4.49311e-008	0.0239014
4.49561e-008	0.0148682
4.49811e-008	0.0177246
4.50061e-008	0.0201904
4.50311e-008	0.0188477
4.50561e-008	0.0179688
4.50811e-008	0.0255615
4.51061e-008	0.0318359
4.51311e-008	0.0106934
4.51561e-008	-0.000439446
4.51811e-008	0.0200195
4.52061e-008	0.0298096
4.52311e-008	0.0250733
4.52561e-008	0.0182861
4.52811e-008	0.0218018
4.53061e-008	0.0365723
4.53311e-008	0.0334717
4.53561e-008	0.0200195
4.53811e-008	0.0210938
4.54061e-008	0.023877
4.54311e-008	0.0105713
4.54561e-008	0.00468751
4.54811e-008	0.021167
4.55061e-008	0.0215332
4.55311e-008	0.00541993
4.55561e-008	0.00700684
4.55811e-008	0.0169922
4.56061e-008	0.0278076
4.56311e-008	0.0257568
4.56561e-008	0.00874024
4.56811e-008	0.0188477
4.57061e-008	0.0326416
4.57311e-008	0.0134522
4.57561e-008	0.0113281
4.57811e-008	0.0318848
4.58061e-008	0.0272461
4.58311e-008	0.0170654
4.58561e-008	0.0162842
4.58811e-008	0.0108154
4.59061e-008	0.0195557
4.59311e-008	0.0246338
4.59561e-008	0.0143799
4.59811e-008	0.0183838
4.60061e-008	0.0268555
4.60311e-008	0.0325928
4.60561e-008	0.0283447
4.60811e-008	0.0137451
4.61061e-008	0.0148926
4.61311e-008	0.0178223
4.61561e-008	0.0198486
4.61811e-008	0.0272705
4.62061e-008	0.0267334
4.62311e-008	0.0305664
4.62561e-008	0.0225342
4.62811e-008	0.010669
4.63061e-008	0.0214356
4.63311e-008	0.0177246
4.63561e-008	0.0148193
4.63811e-008	0.0251465
4.64061e-008	0.018042
4.64311e-008	0.0154541
4.64561e-008	0.018042
4.64811e-008	0.0254395
4.65061e-008	0.031665
4.65311e-008	0.0166016
4.65561e-008	0.0164795
4.65811e-008	0.0175049
4.66061e-008	0.00559083
4.66311e-008	0.0152344
4.66561e-008	0.0236572
4.66811e-008	0.0261719
4.67061e-008	0.0279053
4.67311e-008	0.0135742
4.67561e-008	0.00856934
4.67811e-008	0.01875
4.68061e-008	0.0213867
4.68311e-008	0.0101563
4.68561e-008	0.0112549
4.68811e-008	0.0343262
4.69061e-008	0.040625
4.69311e-008	0.0310303
4.69561e-008	0.0270752
4.69811e-008	0.0210938
4.70061e-008	0.0170899
4.70311e-008	0.0249756
4.70561e-008	0.0237061
4.70811e-008	0.0172363
4.71061e-008	0.0340576
4.71311e-008	0.0245361
4.71561e-008	-0.00058593
4.71811e-008	0.0249024
4.72061e-008	0.0419434
4.72311e-008	0.0273438
4.72561e-008	0.022168
4.72811e-008	0.0236084
4.73061e-008	0.0293457
4.73311e-008	0.0274902
4.73561e-008	0.0154541
4.73811e-008	0.0110596
4.74061e-008	0.0147461
4.74311e-008	0.00996095
4.74561e-008	0.00874024
4.74811e-008	0.026294
4.75061e-008	0.0261475
4.75311e-008	0.0148193
4.75561e-008	0.0217529
4.75811e-008	0.0203857
4.76061e-008	0.0165772
4.76311e-008	0.0231934
4.76561e-008	0.0191895
4.76811e-008	0.023877
4.77061e-008	0.0315186
4.77311e-008	0.0135254
4.77561e-008	0.0111084
4.77811e-008	0.0237549
4.78061e-008	0.0197266
4.78311e-008	0.0193115
4.78561e-008	0.00847169
4.78811e-008	-0.00129394
4.79061e-008	0.0166748
4.79311e-008	0.0179688
4.79561e-008	0.0100098
4.79811e-008	0.0256836
4.80061e-008	0.0356934
4.80311e-008	0.0263672
4.80561e-008	0.0184326
4.80811e-008	0.0266358
4.81061e-008	0.0315918
4.81311e-008	0.0162354
4.81561e-008	0.0058838
4.81811e-008	0.0141846
4.82061e-008	0.02146
4.82311e-008	0.0194092
4.82561e-008	0.0210449
4.82811e-008	0.0230957
4.83061e-008	0.0244385
4.83311e-008	0.0282959
4.83561e-008	0.028833
4.83811e-008	0.0291992
4.84061e-008	0.0174316
4.84311e-008	0.00812989
4.84561e-008	0.0167236
4.84811e-008	0.021875
4.85061e-008	0.0228272
4.85311e-008	0.0166016
4.85561e-008	0.0198486
4.85811e-008	0.0291504
4.86061e-008	0.0245361
4.86311e-008	0.0242432
4.86561e-008	0.0118897
4.86811e-008	0.0101318
4.87061e-008	0.0299072
4.87311e-008	0.021167
4.87561e-008	0.0147461
4.87811e-008	0.0267578
4.88061e-008	0.0247315
4.88311e-008	0.0190674
4.88561e-008	0.0136963
4.88811e-008	0.0159912
4.89061e-008	0.0271484
4.89311e-008	0.0148682
4.89561e-008	0.00329591
4.89811e-008	0.0134277
4.90061e-008	0.0183838
4.90311e-008	0.0163086
4.90561e-008	0.00961915
4.90811e-008	0.0243897
4.91061e-008	0.0327393
4.91311e-008	0.000268562
4.91561e-008	0.00400391
4.91811e-008	0.0331787
4.92061e-008	0.0341309
4.92311e-008	0.0300781
4.92561e-008	0.0245606
4.92811e-008	0.0248047
4.93061e-008	0.0255615
4.93311e-008	0.015918
4.93561e-008	0.0129639
4.93811e-008	0.0143555
4.94061e-008	0.0200684
4.94311e-008	0.0244873
4.94561e-008	0.014624
4.94811e-008	0.0148682
4.95061e-008	0.0236816
4.95311e-008	0.0174072
4.95561e-008	0.0217285
4.95811e-008	0.0372315
4.96061e-008	0.0390381
4.96311e-008	0.0301025
4.96561e-008	0.0150147
4.96811e-008	0.0141846
4.97061e-008	0.019165
4.97311e-008	0.0124268
4.97561e-008	0.0144287
4.97811e-008	0.0168457
4.98061e-008	0.0205566
4.98311e-008	0.018457
4.98561e-008	-0.000683586
4.98811e-008	0.0115723
4.99061e-008	0.0331299
4.99311e-008	0.0224854
4.99561e-008	0.0150147
4.99811e-008	0.0232178
5.00061e-008	0.0226563
