# LECROYWM813Zi	51496	Waveform
# Segments	1	SegmentSize	4002
# Segment	TrigTime	TimeSinceSegment1
# #1	30-Nov-2018 17:19:07	0                 
# Time	Ampl
-5.00099e-008	0.0167725
-4.99849e-008	0.030542
-4.99599e-008	0.0324463
-4.99349e-008	0.0226563
-4.99099e-008	0.0211426
-4.98849e-008	0.0266846
-4.98599e-008	0.0185303
-4.98349e-008	0.0161133
-4.98099e-008	0.0342529
-4.97849e-008	0.037793
-4.97599e-008	0.0287354
-4.97349e-008	0.0177734
-4.97099e-008	0.00183106
-4.96849e-008	0.00261231
-4.96599e-008	0.0170166
-4.96349e-008	0.0201416
-4.96099e-008	0.0115479
-4.95849e-008	0.0187744
-4.95599e-008	0.0304199
-4.95349e-008	0.013916
-4.95099e-008	0.0106445
-4.94849e-008	0.0297363
-4.94599e-008	0.025293
-4.94349e-008	0.020752
-4.94099e-008	0.0275391
-4.93849e-008	0.0254639
-4.93599e-008	0.0305664
-4.93349e-008	0.0259033
-4.93099e-008	0.0132568
-4.92849e-008	0.0271973
-4.92599e-008	0.0319824
-4.92349e-008	0.0172607
-4.92099e-008	0.0155762
-4.91849e-008	0.0193115
-4.91599e-008	0.0251221
-4.91349e-008	0.0255615
-4.91099e-008	0.0176514
-4.90849e-008	0.0239502
-4.90599e-008	0.0287109
-4.90349e-008	0.0187988
-4.90099e-008	0.0200684
-4.89849e-008	0.0241699
-4.89599e-008	0.0167481
-4.89349e-008	0.0142578
-4.89099e-008	0.0196533
-4.88849e-008	0.0227051
-4.88599e-008	0.0188232
-4.88349e-008	0.0170899
-4.88099e-008	0.0187256
-4.87849e-008	0.0178467
-4.87599e-008	0.0180664
-4.87349e-008	0.0165772
-4.87099e-008	0.0195557
-4.86849e-008	0.0156982
-4.86599e-008	0.00957032
-4.86349e-008	0.0265381
-4.86099e-008	0.0239258
-4.85849e-008	0.00927735
-4.85599e-008	0.0266602
-4.85349e-008	0.0277588
-4.85099e-008	0.011377
-4.84849e-008	0.0205811
-4.84599e-008	0.0294434
-4.84349e-008	0.0224121
-4.84099e-008	0.0224609
-4.83849e-008	0.0244141
-4.83599e-008	0.0179932
-4.83349e-008	0.0178467
-4.83099e-008	0.0212158
-4.82849e-008	0.0217774
-4.82599e-008	0.0203857
-4.82349e-008	0.0131104
-4.82099e-008	0.0102295
-4.81849e-008	0.02146
-4.81599e-008	0.0291748
-4.81349e-008	0.0161865
-4.81099e-008	0.0168945
-4.80849e-008	0.0304688
-4.80599e-008	0.0235107
-4.80349e-008	0.0234619
-4.80099e-008	0.0226318
-4.79849e-008	0.00688477
-4.79599e-008	0.0102295
-4.79349e-008	0.0196289
-4.79099e-008	0.0153565
-4.78849e-008	0.0156006
-4.78599e-008	0.0193604
-4.78349e-008	0.0182373
-4.78099e-008	0.0193848
-4.77849e-008	0.0156982
-4.77599e-008	0.0159424
-4.77349e-008	0.0265625
-4.77099e-008	0.0239014
-4.76849e-008	0.0179688
-4.76599e-008	0.0194824
-4.76349e-008	0.0168701
-4.76099e-008	0.0173584
-4.75849e-008	0.0278076
-4.75599e-008	0.0274902
-4.75349e-008	0.012915
-4.75099e-008	0.014917
-4.74849e-008	0.0207275
-4.74599e-008	0.0136231
-4.74349e-008	0.0132568
-4.74099e-008	0.0170166
-4.73849e-008	0.0210938
-4.73599e-008	0.0278565
-4.73349e-008	0.0270508
-4.73099e-008	0.0202149
-4.72849e-008	0.0168945
-4.72599e-008	0.0176758
-4.72349e-008	0.0260498
-4.72099e-008	0.0259277
-4.71849e-008	0.0173828
-4.71599e-008	0.0229736
-4.71349e-008	0.0121826
-4.71099e-008	-0.00270995
-4.70849e-008	0.0116699
-4.70599e-008	0.0200928
-4.70349e-008	0.0183594
-4.70099e-008	0.0151367
-4.69849e-008	0.0205078
-4.69599e-008	0.0323486
-4.69349e-008	0.0148438
-4.69099e-008	-0.000659172
-4.68849e-008	0.0106201
-4.68599e-008	0.0261475
-4.68349e-008	0.0334229
-4.68099e-008	0.0147461
-4.67849e-008	0.00478516
-4.67599e-008	0.0191162
-4.67349e-008	0.0116943
-4.67099e-008	0.0052002
-4.66849e-008	0.0235107
-4.66599e-008	0.0275391
-4.66349e-008	0.0112305
-4.66099e-008	0.00712891
-4.65849e-008	0.0229004
-4.65599e-008	0.0284668
-4.65349e-008	0.0126465
-4.65099e-008	0.00708009
-4.64849e-008	0.0202149
-4.64599e-008	0.0247803
-4.64349e-008	0.0226807
-4.64099e-008	0.0281006
-4.63849e-008	0.033252
-4.63599e-008	0.0297608
-4.63349e-008	0.0154785
-4.63099e-008	0.013916
-4.62849e-008	0.0195068
-4.62599e-008	0.0120606
-4.62349e-008	0.0188477
-4.62099e-008	0.0214111
-4.61849e-008	0.0176025
-4.61599e-008	0.0294678
-4.61349e-008	0.0237061
-4.61099e-008	0.0121582
-4.60849e-008	0.0168213
-4.60599e-008	0.0255859
-4.60349e-008	0.0261475
-4.60099e-008	0.0214111
-4.59849e-008	0.0237549
-4.59599e-008	0.0184815
-4.59349e-008	0.0143799
-4.59099e-008	0.0236816
-4.58849e-008	0.0256348
-4.58599e-008	0.0116455
-4.58349e-008	0.0052002
-4.58099e-008	0.0172363
-4.57849e-008	0.0157227
-4.57599e-008	0.0116455
-4.57349e-008	0.0205078
-4.57099e-008	0.019751
-4.56849e-008	0.0170654
-4.56599e-008	0.0201416
-4.56349e-008	0.0280762
-4.56099e-008	0.0214356
-4.55849e-008	0.0138184
-4.55599e-008	0.0361572
-4.55349e-008	0.0289307
-4.55099e-008	0.00461427
-4.54849e-008	0.0241211
-4.54599e-008	0.0346924
-4.54349e-008	0.0235352
-4.54099e-008	0.0237549
-4.53849e-008	0.0162598
-4.53599e-008	0.00661622
-4.53349e-008	0.00825196
-4.53099e-008	0.00541993
-4.52849e-008	0.0053711
-4.52599e-008	0.013208
-4.52349e-008	0.0198486
-4.52099e-008	0.0173096
-4.51849e-008	0.00612794
-4.51599e-008	0.0165772
-4.51349e-008	0.0195557
-4.51099e-008	0.00598145
-4.50849e-008	0.0250977
-4.50599e-008	0.0331787
-4.50349e-008	0.0293945
-4.50099e-008	0.0352051
-4.49849e-008	0.0120117
-4.49599e-008	0.00637208
-4.49349e-008	0.0263184
-4.49099e-008	0.0271729
-4.48849e-008	0.0273438
-4.48599e-008	0.0247559
-4.48349e-008	0.0152832
-4.48099e-008	0.0173096
-4.47849e-008	0.0226563
-4.47599e-008	0.00961915
-4.47349e-008	-0.00534667
-4.47099e-008	0.00817872
-4.46849e-008	0.0143311
-4.46599e-008	-0.00046386
-4.46349e-008	0.0081543
-4.46099e-008	0.0170899
-4.45849e-008	0.00932618
-4.45599e-008	0.0236816
-4.45349e-008	0.02854
-4.45099e-008	0.0115234
-4.44849e-008	0.0173828
-4.44599e-008	0.01875
-4.44349e-008	0.017627
-4.44099e-008	0.0349365
-4.43849e-008	0.0326904
-4.43599e-008	0.0191406
-4.43349e-008	0.0147705
-4.43099e-008	0.0160889
-4.42849e-008	0.0189697
-4.42599e-008	0.0213135
-4.42349e-008	0.0241699
-4.42099e-008	0.0209229
-4.41849e-008	0.0246582
-4.41599e-008	0.030249
-4.41349e-008	0.0255127
-4.41099e-008	0.021167
-4.40849e-008	0.0171143
-4.40599e-008	0.0164063
-4.40349e-008	0.0203125
-4.40099e-008	0.0276611
-4.39849e-008	0.0260742
-4.39599e-008	0.00913087
-4.39349e-008	0.00993653
-4.39099e-008	0.0247803
-4.38849e-008	0.0216309
-4.38599e-008	0.0138672
-4.38349e-008	0.0139649
-4.38099e-008	0.0153565
-4.37849e-008	0.0192139
-4.37599e-008	0.0204346
-4.37349e-008	0.0133789
-4.37099e-008	0.0129395
-4.36849e-008	0.0184326
-4.36599e-008	0.0188965
-4.36349e-008	0.0252686
-4.36099e-008	0.0269043
-4.35849e-008	0.0256348
-4.35599e-008	0.0275147
-4.35349e-008	0.0174561
-4.35099e-008	0.0140381
-4.34849e-008	0.0176514
-4.34599e-008	0.0207764
-4.34349e-008	0.0241699
-4.34099e-008	0.0173584
-4.33849e-008	0.0212647
-4.33599e-008	0.0254639
-4.33349e-008	0.0117188
-4.33099e-008	0.0147705
-4.32849e-008	0.033374
-4.32599e-008	0.0319824
-4.32349e-008	0.014624
-4.32099e-008	0.0133057
-4.31849e-008	0.0301025
-4.31599e-008	0.0312256
-4.31349e-008	0.0190918
-4.31099e-008	0.0181641
-4.30849e-008	0.012085
-4.30599e-008	0.00834962
-4.30349e-008	0.025
-4.30099e-008	0.0257324
-4.29849e-008	0.0239258
-4.29599e-008	0.033374
-4.29349e-008	0.0167481
-4.29099e-008	0.0170166
-4.28849e-008	0.0268311
-4.28599e-008	0.00454102
-4.28349e-008	0.00356446
-4.28099e-008	0.0132568
-4.27849e-008	0.0227295
-4.27599e-008	0.0345703
-4.27349e-008	0.0104981
-4.27099e-008	0.00393067
-4.26849e-008	0.0276611
-4.26599e-008	0.0250244
-4.26349e-008	0.0156738
-4.26099e-008	0.010791
-4.25849e-008	0.0084961
-4.25599e-008	0.0243408
-4.25349e-008	0.0303467
-4.25099e-008	0.0202881
-4.24849e-008	0.0173828
-4.24599e-008	0.0215332
-4.24349e-008	0.0249024
-4.24099e-008	0.0157471
-4.23849e-008	0.0178711
-4.23599e-008	0.0332031
-4.23349e-008	0.0256348
-4.23099e-008	0.0185791
-4.22849e-008	0.0231201
-4.22599e-008	0.0177246
-4.22349e-008	0.0192871
-4.22099e-008	0.0272217
-4.21849e-008	0.0272461
-4.21599e-008	0.0307861
-4.21349e-008	0.0213867
-4.21099e-008	0.00698243
-4.20849e-008	0.019751
-4.20599e-008	0.0256592
-4.20349e-008	0.0174805
-4.20099e-008	0.0180908
-4.19849e-008	0.0174316
-4.19599e-008	0.0164551
-4.19349e-008	0.017334
-4.19099e-008	0.0228027
-4.18849e-008	0.0245117
-4.18599e-008	0.0178955
-4.18349e-008	0.0214844
-4.18099e-008	0.0202393
-4.17849e-008	0.0151367
-4.17599e-008	0.0273682
-4.17349e-008	0.0244385
-4.17099e-008	0.00783692
-4.16849e-008	0.0140625
-4.16599e-008	0.0228516
-4.16349e-008	0.0252197
-4.16099e-008	0.0288574
-4.15849e-008	0.0280274
-4.15599e-008	0.0272949
-4.15349e-008	0.0199707
-4.15099e-008	0.0161621
-4.14849e-008	0.0222412
-4.14599e-008	0.0216553
-4.14349e-008	0.0239502
-4.14099e-008	0.0263184
-4.13849e-008	0.0293701
-4.13599e-008	0.0333008
-4.13349e-008	0.0198975
-4.13099e-008	0.021875
-4.12849e-008	0.038794
-4.12599e-008	0.0296387
-4.12349e-008	0.0157227
-4.12099e-008	0.018042
-4.11849e-008	0.0279053
-4.11599e-008	0.0287109
-4.11349e-008	0.020752
-4.11099e-008	0.0200928
-4.10849e-008	0.0205811
-4.10599e-008	0.0174072
-4.10349e-008	0.0144043
-4.10099e-008	0.0148193
-4.09849e-008	0.0169678
-4.09599e-008	0.0197754
-4.09349e-008	0.020874
-4.09099e-008	0.0179932
-4.08849e-008	0.0175049
-4.08599e-008	0.021167
-4.08349e-008	0.0273682
-4.08099e-008	0.0260254
-4.07849e-008	0.0212647
-4.07599e-008	0.0186035
-4.07349e-008	0.0192139
-4.07099e-008	0.0279541
-4.06849e-008	0.0207275
-4.06599e-008	0.0140381
-4.06349e-008	0.0221924
-4.06099e-008	0.017627
-4.05849e-008	0.0203125
-4.05599e-008	0.0259033
-4.05349e-008	0.015918
-4.05099e-008	0.0172119
-4.04849e-008	0.0270996
-4.04599e-008	0.0280274
-4.04349e-008	0.0268311
-4.04099e-008	0.0280518
-4.03849e-008	0.024292
-4.03599e-008	0.0137451
-4.03349e-008	0.0113525
-4.03099e-008	0.0169678
-4.02849e-008	0.0163086
-4.02599e-008	0.0206543
-4.02349e-008	0.0245361
-4.02099e-008	0.0137207
-4.01849e-008	0.0151123
-4.01599e-008	0.0261719
-4.01349e-008	0.0195068
-4.01099e-008	0.00766602
-4.00849e-008	0.00742188
-4.00599e-008	0.00891114
-4.00349e-008	0.0114258
-4.00099e-008	0.0189453
-3.99849e-008	0.0217529
-3.99599e-008	0.0197754
-3.99349e-008	0.0103516
-3.99099e-008	0.00847169
-3.98849e-008	0.0171387
-3.98599e-008	0.0152588
-3.98349e-008	0.0175781
-3.98099e-008	0.0202881
-3.97849e-008	0.0247803
-3.97599e-008	0.0324707
-3.97349e-008	0.0229736
-3.97099e-008	0.0155029
-3.96849e-008	0.0104004
-3.96599e-008	0.0101318
-3.96349e-008	0.0187012
-3.96099e-008	0.0175781
-3.95849e-008	0.0267822
-3.95599e-008	0.0297363
-3.95349e-008	0.00422364
-3.95099e-008	0.0025879
-3.94849e-008	0.0249024
-3.94599e-008	0.0167969
-3.94349e-008	0.00751954
-3.94099e-008	0.0116455
-3.93849e-008	0.00639649
-3.93599e-008	0.0198731
-3.93349e-008	0.0265137
-3.93099e-008	0.0127441
-3.92849e-008	0.0113525
-3.92599e-008	0.0130371
-3.92349e-008	0.0158447
-3.92099e-008	0.0200195
-3.91849e-008	0.0239258
-3.91599e-008	0.0219971
-3.91349e-008	0.0178467
-3.91099e-008	0.0173096
-3.90849e-008	0.0137207
-3.90599e-008	0.0191895
-3.90349e-008	0.0172119
-3.90099e-008	0.0113281
-3.89849e-008	0.0234619
-3.89599e-008	0.0223145
-3.89349e-008	0.0114502
-3.89099e-008	0.0153809
-3.88849e-008	0.0156494
-3.88599e-008	0.0163574
-3.88349e-008	0.0258057
-3.88099e-008	0.0200195
-3.87849e-008	0.019458
-3.87599e-008	0.0349365
-3.87349e-008	0.0211182
-3.87099e-008	0.0076172
-3.86849e-008	0.0271729
-3.86599e-008	0.0214844
-3.86349e-008	0.00383302
-3.86099e-008	0.0158447
-3.85849e-008	0.0289795
-3.85599e-008	0.0267578
-3.85349e-008	0.00273438
-3.85099e-008	0.00214844
-3.84849e-008	0.0335205
-3.84599e-008	0.0290527
-3.84349e-008	0.0191406
-3.84099e-008	0.0209229
-3.83849e-008	0.0144775
-3.83599e-008	0.0213867
-3.83349e-008	0.0239014
-3.83099e-008	0.0243408
-3.82849e-008	0.0281006
-3.82599e-008	0.0227051
-3.82349e-008	0.0235596
-3.82099e-008	0.0168457
-3.81849e-008	0.00598145
-3.81599e-008	0.0157715
-3.81349e-008	0.0189697
-3.81099e-008	0.0153565
-3.80849e-008	0.022168
-3.80599e-008	0.0202393
-3.80349e-008	0.0205078
-3.80099e-008	0.0224365
-3.79849e-008	0.017041
-3.79599e-008	0.0222656
-3.79349e-008	0.0266113
-3.79099e-008	0.0208252
-3.78849e-008	0.0142334
-3.78599e-008	0.0155274
-3.78349e-008	0.0173828
-3.78099e-008	0.0126709
-3.77849e-008	0.0103272
-3.77599e-008	0.0111572
-3.77349e-008	0.0183838
-3.77099e-008	0.0281738
-3.76849e-008	0.030542
-3.76599e-008	0.0193359
-3.76349e-008	0.0147461
-3.76099e-008	0.0166016
-3.75849e-008	0.012085
-3.75599e-008	0.0262451
-3.75349e-008	0.0230957
-3.75099e-008	0.00600587
-3.74849e-008	0.0140381
-3.74599e-008	0.013794
-3.74349e-008	0.0160156
-3.74099e-008	0.0250733
-3.73849e-008	0.0283447
-3.73599e-008	0.0275879
-3.73349e-008	0.0119629
-3.73099e-008	0.0120117
-3.72849e-008	0.0318604
-3.72599e-008	0.0328858
-3.72349e-008	0.0213379
-3.72099e-008	0.0138916
-3.71849e-008	0.00341798
-3.71599e-008	0.00795899
-3.71349e-008	0.0195557
-3.71099e-008	0.0162109
-3.70849e-008	0.0206543
-3.70599e-008	0.0250733
-3.70349e-008	0.0223145
-3.70099e-008	0.0226563
-3.69849e-008	0.0203125
-3.69599e-008	0.0116943
-3.69349e-008	0.00825196
-3.69099e-008	0.0226807
-3.68849e-008	0.0298096
-3.68599e-008	0.0314453
-3.68349e-008	0.0253418
-3.68099e-008	0.00905762
-3.67849e-008	0.0196045
-3.67599e-008	0.0307617
-3.67349e-008	0.0211182
-3.67099e-008	0.0198975
-3.66849e-008	0.0298828
-3.66599e-008	0.0215332
-3.66349e-008	0.012085
-3.66099e-008	0.0308594
-3.65849e-008	0.0296387
-3.65599e-008	0.0227295
-3.65349e-008	0.0344727
-3.65099e-008	0.0214844
-3.64849e-008	0.00563966
-3.64599e-008	0.00256348
-3.64349e-008	0.00783692
-3.64099e-008	0.0242676
-3.63849e-008	0.0292725
-3.63599e-008	0.0308594
-3.63349e-008	0.023584
-3.63099e-008	0.0159424
-3.62849e-008	0.0211914
-3.62599e-008	0.015332
-3.62349e-008	0.0181397
-3.62099e-008	0.0211182
-3.61849e-008	0.0216065
-3.61599e-008	0.031665
-3.61349e-008	0.0166992
-3.61099e-008	0.0091797
-3.60849e-008	0.0224854
-3.60599e-008	0.023999
-3.60349e-008	0.0196289
-3.60099e-008	0.0154297
-3.59849e-008	0.0253174
-3.59599e-008	0.0306397
-3.59349e-008	0.0125244
-3.59099e-008	0.0139404
-3.58849e-008	0.0339844
-3.58599e-008	0.0393066
-3.58349e-008	0.0391113
-3.58099e-008	0.0186768
-3.57849e-008	0.0053711
-3.57599e-008	0.0264893
-3.57349e-008	0.0112061
-3.57099e-008	-0.000927727
-3.56849e-008	0.0267334
-3.56599e-008	0.0243164
-3.56349e-008	0.0161133
-3.56099e-008	0.0167969
-3.55849e-008	0.0154785
-3.55599e-008	0.0233643
-3.55349e-008	0.0214356
-3.55099e-008	0.0181152
-3.54849e-008	0.0197022
-3.54599e-008	0.0281494
-3.54349e-008	0.0407471
-3.54099e-008	0.0239502
-3.53849e-008	0.00534669
-3.53599e-008	0.0188477
-3.53349e-008	0.0192871
-3.53099e-008	0.00908204
-3.52849e-008	0.0139649
-3.52599e-008	0.0112549
-3.52349e-008	0.0151367
-3.52099e-008	0.0223633
-3.51849e-008	0.0104492
-3.51599e-008	0.0145508
-3.51349e-008	0.0273682
-3.51099e-008	0.0175293
-3.50849e-008	0.0161377
-3.50599e-008	0.0271484
-3.50349e-008	0.016333
-3.50099e-008	0.00251466
-3.49849e-008	0.0199707
-3.49599e-008	0.0332031
-3.49349e-008	0.0156738
-3.49099e-008	0.0109863
-3.48849e-008	0.0194336
-3.48599e-008	0.0177246
-3.48349e-008	0.019751
-3.48099e-008	0.017041
-3.47849e-008	0.0124756
-3.47599e-008	0.0170166
-3.47349e-008	0.018335
-3.47099e-008	0.0229981
-3.46849e-008	0.0218994
-3.46599e-008	0.0131836
-3.46349e-008	0.021875
-3.46099e-008	0.0191162
-3.45849e-008	0.00617677
-3.45599e-008	0.0207764
-3.45349e-008	0.0266602
-3.45099e-008	0.0173828
-3.44849e-008	0.0196045
-3.44599e-008	0.0191895
-3.44349e-008	0.0182861
-3.44099e-008	0.0192383
-3.43849e-008	0.0197998
-3.43599e-008	0.0207764
-3.43349e-008	0.00864259
-3.43099e-008	0.00270997
-3.42849e-008	0.0168457
-3.42599e-008	0.0214111
-3.42349e-008	0.0188232
-3.42099e-008	0.0199951
-3.41849e-008	0.0183594
-3.41599e-008	0.0240479
-3.41349e-008	0.0190674
-3.41099e-008	0.00739747
-3.40849e-008	0.0174316
-3.40599e-008	0.0168701
-3.40349e-008	0.0119873
-3.40099e-008	0.025
-3.39849e-008	0.0137207
-3.39599e-008	0.00327149
-3.39349e-008	0.0245361
-3.39099e-008	0.0300781
-3.38849e-008	0.0227539
-3.38599e-008	0.0242676
-3.38349e-008	0.0260498
-3.38099e-008	0.0272461
-3.37849e-008	0.0276367
-3.37599e-008	0.0328369
-3.37349e-008	0.0261231
-3.37099e-008	0.0161377
-3.36849e-008	0.0230469
-3.36599e-008	0.0117432
-3.36349e-008	0.00424805
-3.36099e-008	0.0239502
-3.35849e-008	0.0358154
-3.35599e-008	0.0379883
-3.35349e-008	0.0269531
-3.35099e-008	0.0195068
-3.34849e-008	0.0226563
-3.34599e-008	0.0164063
-3.34349e-008	0.0277832
-3.34099e-008	0.0337402
-3.33849e-008	0.0226807
-3.33599e-008	0.0325928
-3.33349e-008	0.0280518
-3.33099e-008	0.0199707
-3.32849e-008	0.0222168
-3.32599e-008	0.00534669
-3.32349e-008	0.0131592
-3.32099e-008	0.0334717
-3.31849e-008	0.0277344
-3.31599e-008	0.0183838
-3.31349e-008	0.014502
-3.31099e-008	0.0242432
-3.30849e-008	0.0287109
-3.30599e-008	0.0230957
-3.30349e-008	0.0299805
-3.30099e-008	0.0243408
-3.29849e-008	0.0170899
-3.29599e-008	0.0283936
-3.29349e-008	0.0246582
-3.29099e-008	0.00876466
-3.28849e-008	0.0118897
-3.28599e-008	0.0303223
-3.28349e-008	0.0277344
-3.28099e-008	0.0101318
-3.27849e-008	0.0205078
-3.27599e-008	0.0302002
-3.27349e-008	0.00781251
-3.27099e-008	0.00412598
-3.26849e-008	0.0230469
-3.26599e-008	0.0200928
-3.26349e-008	0.0161621
-3.26099e-008	0.017334
-3.25849e-008	0.0146484
-3.25599e-008	0.0230469
-3.25349e-008	0.0248291
-3.25099e-008	0.0177734
-3.24849e-008	0.0147705
-3.24599e-008	0.013794
-3.24349e-008	0.00769044
-3.24099e-008	0.00246583
-3.23849e-008	0.0126221
-3.23599e-008	0.0205322
-3.23349e-008	0.0187256
-3.23099e-008	0.0109131
-3.22849e-008	0.00742188
-3.22599e-008	0.0153076
-3.22349e-008	0.0158203
-3.22099e-008	0.0187256
-3.21849e-008	0.0257324
-3.21599e-008	0.0241455
-3.21349e-008	0.0210693
-3.21099e-008	0.0212891
-3.20849e-008	0.0231445
-3.20599e-008	0.0091797
-3.20349e-008	-0.00229491
-3.20099e-008	0.0114014
-3.19849e-008	0.0153809
-3.19599e-008	0.0155762
-3.19349e-008	0.0271484
-3.19099e-008	0.0230225
-3.18849e-008	0.020874
-3.18599e-008	0.0275147
-3.18349e-008	0.0239746
-3.18099e-008	0.0234375
-3.17849e-008	0.028125
-3.17599e-008	0.0246338
-3.17349e-008	0.0166992
-3.17099e-008	0.0198975
-3.16849e-008	0.0219238
-3.16599e-008	0.0128906
-3.16349e-008	0.00895997
-3.16099e-008	0.0136963
-3.15849e-008	0.0249756
-3.15599e-008	0.0336426
-3.15349e-008	0.0308838
-3.15099e-008	0.019458
-3.14849e-008	0.0181641
-3.14599e-008	0.0295654
-3.14349e-008	0.0255127
-3.14099e-008	0.0157959
-3.13849e-008	0.0234863
-3.13599e-008	0.0319336
-3.13349e-008	0.0230225
-3.13099e-008	0.0185303
-3.12849e-008	0.0293701
-3.12599e-008	0.031958
-3.12349e-008	0.0312012
-3.12099e-008	0.0242188
-3.11849e-008	0.0181152
-3.11599e-008	0.0282959
-3.11349e-008	0.0210205
-3.11099e-008	0.0165772
-3.10849e-008	0.0238525
-3.10599e-008	0.01875
-3.10349e-008	0.0233399
-3.10099e-008	0.0238281
-3.09849e-008	0.0303711
-3.09599e-008	0.0373779
-3.09349e-008	0.0202393
-3.09099e-008	0.022583
-3.08849e-008	0.0317139
-3.08599e-008	0.0285889
-3.08349e-008	0.028833
-3.08099e-008	0.0257813
-3.07849e-008	0.0135254
-3.07599e-008	0.00649415
-3.07349e-008	0.020874
-3.07099e-008	0.0221924
-3.06849e-008	0.0149658
-3.06599e-008	0.0155274
-3.06349e-008	0.00576173
-3.06099e-008	0.0117188
-3.05849e-008	0.0322266
-3.05599e-008	0.0408203
-3.05349e-008	0.0241943
-3.05099e-008	0.00466309
-3.04849e-008	0.0132568
-3.04599e-008	0.0223389
-3.04349e-008	0.0300537
-3.04099e-008	0.032666
-3.03849e-008	0.017627
-3.03599e-008	0.0147217
-3.03349e-008	0.0145752
-3.03099e-008	0.0167725
-3.02849e-008	0.0250488
-3.02599e-008	0.0145752
-3.02349e-008	0.0162598
-3.02099e-008	0.0257568
-3.01849e-008	0.0185791
-3.01599e-008	0.0184815
-3.01349e-008	0.0142334
-3.01099e-008	0.0154541
-3.00849e-008	0.0287354
-3.00599e-008	0.0294434
-3.00349e-008	0.0255371
-3.00099e-008	0.0153565
-2.99849e-008	0.0117188
-2.99599e-008	0.0130127
-2.99349e-008	0.0036377
-2.99099e-008	0.00617677
-2.98849e-008	0.0171631
-2.98599e-008	0.018457
-2.98349e-008	0.0172363
-2.98099e-008	0.0301758
-2.97849e-008	0.0388184
-2.97599e-008	0.0220703
-2.97349e-008	0.0114258
-2.97099e-008	0.0182617
-2.96849e-008	0.0220215
-2.96599e-008	0.0265381
-2.96349e-008	0.0296875
-2.96099e-008	0.0193848
-2.95849e-008	0.0162842
-2.95599e-008	0.0124268
-2.95349e-008	0.00212403
-2.95099e-008	0.0192871
-2.94849e-008	0.027002
-2.94599e-008	0.0190918
-2.94349e-008	0.027417
-2.94099e-008	0.0253418
-2.93849e-008	0.0214356
-2.93599e-008	0.0221191
-2.93349e-008	0.0197754
-2.93099e-008	0.0214844
-2.92849e-008	0.0253174
-2.92599e-008	0.0257568
-2.92349e-008	0.0140137
-2.92099e-008	0.0131348
-2.91849e-008	0.0192383
-2.91599e-008	0.0197998
-2.91349e-008	0.0260254
-2.91099e-008	0.0249756
-2.90849e-008	0.0251221
-2.90599e-008	0.0244385
-2.90349e-008	0.0230713
-2.90099e-008	0.0305176
-2.89849e-008	0.026294
-2.89599e-008	0.0067627
-2.89349e-008	-0.00305175
-2.89099e-008	0.0171387
-2.88849e-008	0.041626
-2.88599e-008	0.0447022
-2.88349e-008	0.0287598
-2.88099e-008	0.0130371
-2.87849e-008	0.0194336
-2.87599e-008	0.0282471
-2.87349e-008	0.025708
-2.87099e-008	0.0185059
-2.86849e-008	0.0174805
-2.86599e-008	0.0184815
-2.86349e-008	0.0122315
-2.86099e-008	0.0122559
-2.85849e-008	0.0160889
-2.85599e-008	0.0250733
-2.85349e-008	0.0278565
-2.85099e-008	0.0194336
-2.84849e-008	0.0255127
-2.84599e-008	0.025293
-2.84349e-008	0.0191162
-2.84099e-008	0.0298096
-2.83849e-008	0.037915
-2.83599e-008	0.032959
-2.83349e-008	0.0192383
-2.83099e-008	0.0129883
-2.82849e-008	0.0118408
-2.82599e-008	0.0116943
-2.82349e-008	0.0273682
-2.82099e-008	0.0345703
-2.81849e-008	0.0310059
-2.81599e-008	0.0227295
-2.81349e-008	0.00798341
-2.81099e-008	0.0127197
-2.80849e-008	0.0149658
-2.80599e-008	0.0109619
-2.80349e-008	0.0222168
-2.80099e-008	0.0151611
-2.79849e-008	0.00905762
-2.79599e-008	0.0268066
-2.79349e-008	0.0207764
-2.79099e-008	0.0143311
-2.78849e-008	0.0329102
-2.78599e-008	0.0343262
-2.78349e-008	0.0310547
-2.78099e-008	0.0293701
-2.77849e-008	0.023584
-2.77599e-008	0.0311279
-2.77349e-008	0.026416
-2.77099e-008	0.0114258
-2.76849e-008	0.017334
-2.76599e-008	0.0249512
-2.76349e-008	0.020752
-2.76099e-008	0.028125
-2.75849e-008	0.0310059
-2.75599e-008	0.0164063
-2.75349e-008	0.0159424
-2.75099e-008	0.0203613
-2.74849e-008	0.017041
-2.74599e-008	0.0129639
-2.74349e-008	0.0164307
-2.74099e-008	0.0295654
-2.73849e-008	0.0359619
-2.73599e-008	0.038501
-2.73349e-008	0.0287598
-2.73099e-008	0.0126709
-2.72849e-008	0.00991212
-2.72599e-008	0.0131104
-2.72349e-008	0.0320313
-2.72099e-008	0.0365234
-2.71849e-008	0.0161865
-2.71599e-008	0.0169678
-2.71349e-008	0.0206299
-2.71099e-008	0.0222168
-2.70849e-008	0.0271729
-2.70599e-008	0.0162598
-2.70349e-008	0.0209717
-2.70099e-008	0.0320313
-2.69849e-008	0.0267578
-2.69599e-008	0.0271729
-2.69349e-008	0.0212891
-2.69099e-008	0.0166992
-2.68849e-008	0.0222168
-2.68599e-008	0.0190674
-2.68349e-008	0.0203369
-2.68099e-008	0.0154541
-2.67849e-008	0.00827637
-2.67599e-008	0.0206543
-2.67349e-008	0.023999
-2.67099e-008	0.0209717
-2.66849e-008	0.0240723
-2.66599e-008	0.0219238
-2.66349e-008	0.0228027
-2.66099e-008	0.0221924
-2.65849e-008	0.0206299
-2.65599e-008	0.0302734
-2.65349e-008	0.0306152
-2.65099e-008	0.0135742
-2.64849e-008	0.011792
-2.64599e-008	0.0250488
-2.64349e-008	0.0315918
-2.64099e-008	0.0293213
-2.63849e-008	0.0194336
-2.63599e-008	0.0142822
-2.63349e-008	0.011792
-2.63099e-008	0.0187256
-2.62849e-008	0.0313477
-2.62599e-008	0.0195557
-2.62349e-008	0.013794
-2.62099e-008	0.0232666
-2.61849e-008	0.018335
-2.61599e-008	0.0155518
-2.61349e-008	0.024585
-2.61099e-008	0.0323975
-2.60849e-008	0.0207764
-2.60599e-008	0.0090088
-2.60349e-008	0.0273193
-2.60099e-008	0.0327149
-2.59849e-008	0.0171143
-2.59599e-008	0.0168945
-2.59349e-008	0.0203369
-2.59099e-008	0.0258301
-2.58849e-008	0.0263916
-2.58599e-008	0.0130371
-2.58349e-008	0.0169922
-2.58099e-008	0.0258545
-2.57849e-008	0.0253174
-2.57599e-008	0.0360352
-2.57349e-008	0.0301758
-2.57099e-008	0.015918
-2.56849e-008	0.0286865
-2.56599e-008	0.0305176
-2.56349e-008	0.0228027
-2.56099e-008	0.0289063
-2.55849e-008	0.0338867
-2.55599e-008	0.0361572
-2.55349e-008	0.0219971
-2.55099e-008	0.0117432
-2.54849e-008	0.0265625
-2.54599e-008	0.0353272
-2.54349e-008	0.0325928
-2.54099e-008	0.0210449
-2.53849e-008	0.0196777
-2.53599e-008	0.0339844
-2.53349e-008	0.0253662
-2.53099e-008	0.0182617
-2.52849e-008	0.0314209
-2.52599e-008	0.0247559
-2.52349e-008	0.00654298
-2.52099e-008	0.00827637
-2.51849e-008	0.024292
-2.51599e-008	0.0253662
-2.51349e-008	0.0119629
-2.51099e-008	0.0101318
-2.50849e-008	0.00839845
-2.50599e-008	0.00581055
-2.50349e-008	0.0141602
-2.50099e-008	0.0194336
-2.49849e-008	0.022583
-2.49599e-008	0.0217285
-2.49349e-008	0.0149658
-2.49099e-008	0.015332
-2.48849e-008	0.0190674
-2.48599e-008	0.0153565
-2.48349e-008	0.0173828
-2.48099e-008	0.0248047
-2.47849e-008	0.0109375
-2.47599e-008	0.0105713
-2.47349e-008	0.0314453
-2.47099e-008	0.0272461
-2.46849e-008	0.0202393
-2.46599e-008	0.0273193
-2.46349e-008	0.0368164
-2.46099e-008	0.0254883
-2.45849e-008	0.0008545
-2.45599e-008	0.0155518
-2.45349e-008	0.0318359
-2.45099e-008	0.0204346
-2.44849e-008	0.0171143
-2.44599e-008	0.0194092
-2.44349e-008	0.0277588
-2.44099e-008	0.0314697
-2.43849e-008	0.0205322
-2.43599e-008	0.0168945
-2.43349e-008	0.0173096
-2.43099e-008	0.0162354
-2.42849e-008	0.0253662
-2.42599e-008	0.0327149
-2.42349e-008	0.0274902
-2.42099e-008	0.0249512
-2.41849e-008	0.0227051
-2.41599e-008	0.0234863
-2.41349e-008	0.0333252
-2.41099e-008	0.0320313
-2.40849e-008	0.0293457
-2.40599e-008	0.0236572
-2.40349e-008	0.0156494
-2.40099e-008	0.0285156
-2.39849e-008	0.03125
-2.39599e-008	0.0168945
-2.39349e-008	0.00893555
-2.39099e-008	0.0140625
-2.38849e-008	0.0272217
-2.38599e-008	0.020874
-2.38349e-008	0.0148926
-2.38099e-008	0.0215576
-2.37849e-008	0.0214111
-2.37599e-008	0.0243897
-2.37349e-008	0.0161377
-2.37099e-008	0.00725098
-2.36849e-008	0.025293
-2.36599e-008	0.0250244
-2.36349e-008	0.00385743
-2.36099e-008	0.0119385
-2.35849e-008	0.026294
-2.35599e-008	0.0314941
-2.35349e-008	0.0351563
-2.35099e-008	0.0187256
-2.34849e-008	0.020044
-2.34599e-008	0.0318848
-2.34349e-008	0.0150147
-2.34099e-008	0.0201904
-2.33849e-008	0.0357422
-2.33599e-008	0.0234131
-2.33349e-008	0.00549317
-2.33099e-008	0.00388184
-2.32849e-008	0.0208252
-2.32599e-008	0.0176758
-2.32349e-008	0.00981446
-2.32099e-008	0.0227295
-2.31849e-008	0.0268555
-2.31599e-008	0.0238281
-2.31349e-008	0.0169678
-2.31099e-008	0.0254883
-2.30849e-008	0.0410889
-2.30599e-008	0.0233154
-2.30349e-008	0.0102051
-2.30099e-008	0.0189453
-2.29849e-008	0.0270264
-2.29599e-008	0.037207
-2.29349e-008	0.0325928
-2.29099e-008	0.0171143
-2.28849e-008	0.0183106
-2.28599e-008	0.0190674
-2.28349e-008	0.0126465
-2.28099e-008	0.0195313
-2.27849e-008	0.0228272
-2.27599e-008	0.0192871
-2.27349e-008	0.0221436
-2.27099e-008	0.0225342
-2.26849e-008	0.0226318
-2.26599e-008	0.0199707
-2.26349e-008	0.0173828
-2.26099e-008	0.0181152
-2.25849e-008	0.0164063
-2.25599e-008	0.0220459
-2.25349e-008	0.0213867
-2.25099e-008	0.0128906
-2.24849e-008	0.0157959
-2.24599e-008	0.0183106
-2.24349e-008	0.0239746
-2.24099e-008	0.0293701
-2.23849e-008	0.0264649
-2.23599e-008	0.031665
-2.23349e-008	0.0270752
-2.23099e-008	0.0164551
-2.22849e-008	0.0250733
-2.22599e-008	0.0277832
-2.22349e-008	0.0241455
-2.22099e-008	0.0301025
-2.21849e-008	0.0296875
-2.21599e-008	0.0183594
-2.21349e-008	0.0041504
-2.21099e-008	0.00869141
-2.20849e-008	0.0226807
-2.20599e-008	0.0178955
-2.20349e-008	0.0225098
-2.20099e-008	0.0293945
-2.19849e-008	0.025415
-2.19599e-008	0.0299072
-2.19349e-008	0.0167725
-2.19099e-008	0.00612794
-2.18849e-008	0.0166504
-2.18599e-008	0.0203125
-2.18349e-008	0.0266602
-2.18099e-008	0.0253906
-2.17849e-008	0.0151367
-2.17599e-008	0.0198731
-2.17349e-008	0.0294678
-2.17099e-008	0.0282715
-2.16849e-008	0.0225098
-2.16599e-008	0.0225098
-2.16349e-008	0.0191406
-2.16099e-008	0.0111572
-2.15849e-008	0.0123291
-2.15599e-008	0.0206787
-2.15349e-008	0.0156982
-2.15099e-008	0.0140869
-2.14849e-008	0.0276123
-2.14599e-008	0.0239746
-2.14349e-008	0.0267822
-2.14099e-008	0.0371338
-2.13849e-008	0.0272949
-2.13599e-008	0.0220947
-2.13349e-008	0.0223877
-2.13099e-008	0.0265137
-2.12849e-008	0.0288818
-2.12599e-008	0.0177734
-2.12349e-008	0.0142822
-2.12099e-008	0.0182373
-2.11849e-008	0.0240967
-2.11599e-008	0.0356934
-2.11349e-008	0.0311279
-2.11099e-008	0.0158203
-2.10849e-008	0.0158203
-2.10599e-008	0.0151123
-2.10349e-008	0.0109863
-2.10099e-008	0.0117188
-2.09849e-008	0.0218262
-2.09599e-008	0.0367676
-2.09349e-008	0.0281006
-2.09099e-008	0.0214356
-2.08849e-008	0.0258545
-2.08599e-008	0.0210938
-2.08349e-008	0.0185791
-2.08099e-008	0.0189697
-2.07849e-008	0.0330566
-2.07599e-008	0.0364258
-2.07349e-008	0.0131592
-2.07099e-008	0.013916
-2.06849e-008	0.0278076
-2.06599e-008	0.0169922
-2.06349e-008	0.00957032
-2.06099e-008	0.0160889
-2.05849e-008	0.0227539
-2.05599e-008	0.0317871
-2.05349e-008	0.0257813
-2.05099e-008	0.0171387
-2.04849e-008	0.0248779
-2.04599e-008	0.031665
-2.04349e-008	0.0316162
-2.04099e-008	0.0186524
-2.03849e-008	0.0129883
-2.03599e-008	0.0265137
-2.03349e-008	0.0163818
-2.03099e-008	-0.000732414
-2.02849e-008	0.0174316
-2.02599e-008	0.0224854
-2.02349e-008	0.00812989
-2.02099e-008	0.0255615
-2.01849e-008	0.036792
-2.01599e-008	0.0197754
-2.01349e-008	0.0156006
-2.01099e-008	0.021167
-2.00849e-008	0.0181641
-2.00599e-008	0.0174072
-2.00349e-008	0.0201172
-2.00099e-008	0.0129639
-1.99849e-008	0.014502
-1.99599e-008	0.0240723
-1.99349e-008	0.0183594
-1.99099e-008	0.0199463
-1.98849e-008	0.0250244
-1.98599e-008	0.0174561
-1.98349e-008	0.0250488
-1.98099e-008	0.0274902
-1.97849e-008	0.0123291
-1.97599e-008	0.0185791
-1.97349e-008	0.0230225
-1.97099e-008	0.0225586
-1.96849e-008	0.0343994
-1.96599e-008	0.0215332
-1.96349e-008	0.015332
-1.96099e-008	0.0321289
-1.95849e-008	0.0293457
-1.95599e-008	0.0215576
-1.95349e-008	0.0196045
-1.95099e-008	0.0260254
-1.94849e-008	0.0320068
-1.94599e-008	0.0136719
-1.94349e-008	-0.00354003
-1.94099e-008	0.00227052
-1.93849e-008	0.0235352
-1.93599e-008	0.0329346
-1.93349e-008	0.0198731
-1.93099e-008	0.014917
-1.92849e-008	0.017041
-1.92599e-008	0.0193359
-1.92349e-008	0.0223877
-1.92099e-008	0.0104981
-1.91849e-008	0.012915
-1.91599e-008	0.0298096
-1.91349e-008	0.0160156
-1.91099e-008	0.00747071
-1.90849e-008	0.0231201
-1.90599e-008	0.0196289
-1.90349e-008	0.0207764
-1.90099e-008	0.0319336
-1.89849e-008	0.0167236
-1.89599e-008	0.00747071
-1.89349e-008	0.0196533
-1.89099e-008	0.0294922
-1.88849e-008	0.030249
-1.88599e-008	0.0241211
-1.88349e-008	0.0221191
-1.88099e-008	0.0182373
-1.87849e-008	0.0216309
-1.87599e-008	0.0246582
-1.87349e-008	0.00031739
-1.87099e-008	0.000366218
-1.86849e-008	0.0231201
-1.86599e-008	0.0158447
-1.86349e-008	0.0191162
-1.86099e-008	0.0277588
-1.85849e-008	0.0192139
-1.85599e-008	0.0203369
-1.85349e-008	0.00417481
-1.85099e-008	0.00205079
-1.84849e-008	0.0314453
-1.84599e-008	0.0262695
-1.84349e-008	0.00239259
-1.84099e-008	-0.00234374
-1.83849e-008	0.0133789
-1.83599e-008	0.0241943
-1.83349e-008	0.0220703
-1.83099e-008	0.0253174
-1.82849e-008	0.022583
-1.82599e-008	0.019458
-1.82349e-008	0.0166748
-1.82099e-008	0.0167725
-1.81849e-008	0.024585
-1.81599e-008	0.0233887
-1.81349e-008	0.0194336
-1.81099e-008	0.0169434
-1.80849e-008	0.0161377
-1.80599e-008	0.0223633
-1.80349e-008	0.0301025
-1.80099e-008	0.0185303
-1.79849e-008	0.0060547
-1.79599e-008	0.0171387
-1.79349e-008	0.0130127
-1.79099e-008	0.0098877
-1.78849e-008	0.024707
-1.78599e-008	0.0237061
-1.78349e-008	0.0221436
-1.78099e-008	0.0239014
-1.77849e-008	0.0261963
-1.77599e-008	0.0350586
-1.77349e-008	0.0235352
-1.77099e-008	0.005542
-1.76849e-008	0.020044
-1.76599e-008	0.0351563
-1.76349e-008	0.0246582
-1.76099e-008	0.0179199
-1.75849e-008	0.0172363
-1.75599e-008	0.0167969
-1.75349e-008	0.0171143
-1.75099e-008	0.0111328
-1.74849e-008	0.0182129
-1.74599e-008	0.0293457
-1.74349e-008	0.0197022
-1.74099e-008	0.0151123
-1.73849e-008	0.028125
-1.73599e-008	0.0300781
-1.73349e-008	0.0133301
-1.73099e-008	0.010791
-1.72849e-008	0.0190674
-1.72599e-008	0.0176514
-1.72349e-008	0.0182861
-1.72099e-008	0.00996095
-1.71849e-008	0.0182129
-1.71599e-008	0.0445313
-1.71349e-008	0.0342041
-1.71099e-008	0.0185791
-1.70849e-008	0.0157959
-1.70599e-008	0.0105469
-1.70349e-008	0.00937501
-1.70099e-008	0.0116943
-1.69849e-008	0.0216065
-1.69599e-008	0.0199463
-1.69349e-008	0.017041
-1.69099e-008	0.0229736
-1.68849e-008	0.0223145
-1.68599e-008	0.0256836
-1.68349e-008	0.0216797
-1.68099e-008	0.0128418
-1.67849e-008	0.0175781
-1.67599e-008	0.0203857
-1.67349e-008	0.0107178
-1.67099e-008	0.00488282
-1.66849e-008	0.0160889
-1.66599e-008	0.0239258
-1.66349e-008	0.0190918
-1.66099e-008	0.025708
-1.65849e-008	0.0352539
-1.65599e-008	0.0245117
-1.65349e-008	0.0197266
-1.65099e-008	0.0323242
-1.64849e-008	0.030127
-1.64599e-008	0.0193115
-1.64349e-008	0.0174805
-1.64099e-008	0.0083252
-1.63849e-008	0.0108399
-1.63599e-008	0.028125
-1.63349e-008	0.0239746
-1.63099e-008	0.0180176
-1.62849e-008	0.0148193
-1.62599e-008	0.015332
-1.62349e-008	0.0343018
-1.62099e-008	0.032666
-1.61849e-008	0.0133057
-1.61599e-008	0.0147949
-1.61349e-008	0.0232178
-1.61099e-008	0.0171631
-1.60849e-008	0.0198731
-1.60599e-008	0.0233154
-1.60349e-008	0.0105713
-1.60099e-008	0.0146973
-1.59849e-008	0.0196289
-1.59599e-008	0.0236816
-1.59349e-008	0.0336914
-1.59099e-008	0.0216553
-1.58849e-008	0.0189209
-1.58599e-008	0.0291748
-1.58349e-008	0.0234619
-1.58099e-008	0.0172607
-1.57849e-008	0.0271729
-1.57599e-008	0.0236328
-1.57349e-008	-0.00141601
-1.57099e-008	0.00717774
-1.56849e-008	0.025293
-1.56599e-008	0.0178955
-1.56349e-008	0.0215576
-1.56099e-008	0.0204346
-1.55849e-008	0.0196533
-1.55599e-008	0.0315918
-1.55349e-008	0.0117188
-1.55099e-008	0.00256348
-1.54849e-008	0.0244141
-1.54599e-008	0.0169434
-1.54349e-008	0.0111816
-1.54099e-008	0.0207764
-1.53849e-008	0.0117432
-1.53599e-008	0.0172363
-1.53349e-008	0.0391113
-1.53099e-008	0.0333008
-1.52849e-008	0.0155518
-1.52599e-008	0.0238281
-1.52349e-008	0.0335205
-1.52099e-008	0.0233643
-1.51849e-008	0.0268555
-1.51599e-008	0.0281983
-1.51349e-008	0.000878914
-1.51099e-008	-0.00332031
-1.50849e-008	0.0182617
-1.50599e-008	0.0192871
-1.50349e-008	0.0131592
-1.50099e-008	0.0172852
-1.49849e-008	0.0218994
-1.49599e-008	0.0254883
-1.49349e-008	0.0242188
-1.49099e-008	0.00959473
-1.48849e-008	0.00317384
-1.48599e-008	0.0134033
-1.48349e-008	0.02146
-1.48099e-008	0.0259522
-1.47849e-008	0.0217285
-1.47599e-008	0.0137695
-1.47349e-008	0.0116211
-1.47099e-008	0.0142822
-1.46849e-008	0.0213623
-1.46599e-008	0.0205811
-1.46349e-008	0.0138672
-1.46099e-008	0.0154053
-1.45849e-008	0.0279297
-1.45599e-008	0.0293701
-1.45349e-008	0.0111816
-1.45099e-008	0.00498048
-1.44849e-008	0.0154053
-1.44599e-008	0.022876
-1.44349e-008	0.0283936
-1.44099e-008	0.0294678
-1.43849e-008	0.0246094
-1.43599e-008	0.0203857
-1.43349e-008	0.00478516
-1.43099e-008	0.000268562
-1.42849e-008	0.0188721
-1.42599e-008	0.0159424
-1.42349e-008	0.0142578
-1.42099e-008	0.0284424
-1.41849e-008	0.0246826
-1.41599e-008	0.0218994
-1.41349e-008	0.022583
-1.41099e-008	0.0281006
-1.40849e-008	0.0359619
-1.40599e-008	0.0212402
-1.40349e-008	0.0168945
-1.40099e-008	0.0268311
-1.39849e-008	0.0291016
-1.39599e-008	0.0304199
-1.39349e-008	0.0196045
-1.39099e-008	0.0122803
-1.38849e-008	0.0227783
-1.38599e-008	0.0317627
-1.38349e-008	0.0298096
-1.38099e-008	0.0197266
-1.37849e-008	0.0213867
-1.37599e-008	0.0381592
-1.37349e-008	0.0377197
-1.37099e-008	0.019165
-1.36849e-008	0.0135742
-1.36599e-008	0.0198242
-1.36349e-008	0.0204834
-1.36099e-008	0.0156982
-1.35849e-008	0.0259522
-1.35599e-008	0.04104
-1.35349e-008	0.0274902
-1.35099e-008	0.0221924
-1.34849e-008	0.029541
-1.34599e-008	0.0160645
-1.34349e-008	0.0194336
-1.34099e-008	0.0326904
-1.33849e-008	0.0330566
-1.33599e-008	0.0321289
-1.33349e-008	0.0228027
-1.33099e-008	0.0193604
-1.32849e-008	0.0216065
-1.32599e-008	0.0214844
-1.32349e-008	0.0185059
-1.32099e-008	0.00927735
-1.31849e-008	0.0216553
-1.31599e-008	0.0311768
-1.31349e-008	0.0109619
-1.31099e-008	0.00881348
-1.30849e-008	0.0223389
-1.30599e-008	0.026001
-1.30349e-008	0.0256592
-1.30099e-008	0.0216309
-1.29849e-008	0.0237061
-1.29599e-008	0.0309326
-1.29349e-008	0.0298096
-1.29099e-008	0.0196533
-1.28849e-008	0.017334
-1.28599e-008	0.0254639
-1.28349e-008	0.0261231
-1.28099e-008	0.0254883
-1.27849e-008	0.0277344
-1.27599e-008	0.0229736
-1.27349e-008	0.00993653
-1.27099e-008	0.0097168
-1.26849e-008	0.029541
-1.26599e-008	0.0312988
-1.26349e-008	0.0215576
-1.26099e-008	0.018042
-1.25849e-008	0.0156494
-1.25599e-008	0.0227783
-1.25349e-008	0.0097168
-1.25099e-008	-0.000341789
-1.24849e-008	0.0246826
-1.24599e-008	0.0320313
-1.24349e-008	0.016333
-1.24099e-008	0.0081543
-1.23849e-008	0.0191406
-1.23599e-008	0.0273438
-1.23349e-008	0.0124512
-1.23099e-008	0.0161133
-1.22849e-008	0.0321533
-1.22599e-008	0.0284668
-1.22349e-008	0.0226318
-1.22099e-008	0.0224609
-1.21849e-008	0.0291748
-1.21599e-008	0.0294434
-1.21349e-008	0.0219238
-1.21099e-008	0.0257813
-1.20849e-008	0.0225586
-1.20599e-008	0.016919
-1.20349e-008	0.0256104
-1.20099e-008	0.0311035
-1.19849e-008	0.0280762
-1.19599e-008	0.0196533
-1.19349e-008	0.0112305
-1.19099e-008	0.00979005
-1.18849e-008	0.0229981
-1.18599e-008	0.0280029
-1.18349e-008	0.0122803
-1.18099e-008	0.0165283
-1.17849e-008	0.0282959
-1.17599e-008	0.0265137
-1.17349e-008	0.0249024
-1.17099e-008	0.0213867
-1.16849e-008	0.020044
-1.16599e-008	0.0207764
-1.16349e-008	0.0296631
-1.16099e-008	0.0289795
-1.15849e-008	0.0226563
-1.15599e-008	0.0365967
-1.15349e-008	0.0204346
-1.15099e-008	0.00100098
-1.14849e-008	0.0249268
-1.14599e-008	0.0257324
-1.14349e-008	0.0133789
-1.14099e-008	0.0250488
-1.13849e-008	0.027002
-1.13599e-008	0.0261475
-1.13349e-008	0.0252197
-1.13099e-008	0.00837403
-1.12849e-008	0.00686036
-1.12599e-008	0.0193115
-1.12349e-008	0.0178467
-1.12099e-008	0.0127197
-1.11849e-008	0.0214111
-1.11599e-008	0.0270996
-1.11349e-008	0.00468751
-1.11099e-008	0.00266114
-1.10849e-008	0.0319092
-1.10599e-008	0.0347656
-1.10349e-008	0.0322266
-1.10099e-008	0.0306885
-1.09849e-008	0.020459
-1.09599e-008	0.0263428
-1.09349e-008	0.0167725
-1.09099e-008	0.00461427
-1.08849e-008	0.0229736
-1.08599e-008	0.0286133
-1.08349e-008	0.0221191
-1.08099e-008	0.019751
-1.07849e-008	0.0108887
-1.07599e-008	0.0188232
-1.07349e-008	0.0306397
-1.07099e-008	0.0176025
-1.06849e-008	0.0104492
-1.06599e-008	0.0134033
-1.06349e-008	0.0114258
-1.06099e-008	0.0176025
-1.05849e-008	0.0201416
-1.05599e-008	0.0197754
-1.05349e-008	0.0291748
-1.05099e-008	0.0308838
-1.04849e-008	0.0286377
-1.04599e-008	0.0300049
-1.04349e-008	0.0186279
-1.04099e-008	0.0131592
-1.03849e-008	0.0355469
-1.03599e-008	0.0310059
-1.03349e-008	0.000634773
-1.03099e-008	0.0141357
-1.02849e-008	0.032544
-1.02599e-008	0.0296387
-1.02349e-008	0.0330322
-1.02099e-008	0.0278565
-1.01849e-008	0.0283691
-1.01599e-008	0.0267334
-1.01349e-008	0.0126709
-1.01099e-008	0.0148682
-1.00849e-008	0.0154297
-1.00599e-008	0.0165039
-1.00349e-008	0.0311524
-1.00099e-008	0.0297119
-9.984896e-009	0.0175293
-9.959896e-009	0.0165527
-9.934896e-009	0.0186768
-9.909896e-009	0.0180908
-9.884896e-009	0.0183594
-9.859896e-009	0.017627
-9.834896e-009	0.0166748
-9.809896e-009	0.0183594
-9.784896e-009	0.0151856
-9.759896e-009	0.00920411
-9.734896e-009	0.0148193
-9.709896e-009	0.0185791
-9.684896e-009	0.0121582
-9.659896e-009	0.016919
-9.634896e-009	0.0287109
-9.609896e-009	0.0210205
-9.584896e-009	0.0125977
-9.559896e-009	0.0277344
-9.534896e-009	0.0193115
-9.509896e-009	0.00192872
-9.484896e-009	0.021875
-9.459896e-009	0.0237793
-9.434896e-009	0.0140381
-9.409896e-009	0.0198242
-9.384896e-009	0.0223145
-9.359896e-009	0.0298828
-9.334896e-009	0.0139649
-9.309896e-009	0.00153809
-9.284896e-009	0.0233154
-9.259896e-009	0.0187012
-9.234896e-009	0.00822755
-9.209896e-009	0.0162842
-9.184896e-009	0.00747071
-9.159896e-009	0.00266114
-9.134896e-009	0.00446778
-9.109896e-009	0.00795899
-9.084896e-009	0.0281006
-9.059896e-009	0.0305176
-9.034896e-009	0.0193604
-9.009896e-009	0.0200195
-8.984896e-009	0.0226563
-8.959896e-009	0.0300049
-8.934896e-009	0.0249268
-8.909896e-009	0.0130615
-8.884896e-009	0.0195801
-8.859896e-009	0.0229248
-8.834896e-009	0.0217285
-8.809896e-009	0.0279541
-8.784896e-009	0.0249756
-8.759896e-009	0.0166992
-8.734896e-009	0.0174805
-8.709896e-009	0.0243164
-8.684896e-009	0.0250733
-8.659896e-009	0.0101318
-8.634896e-009	0.0119873
-8.609896e-009	0.0284424
-8.584896e-009	0.0196045
-8.559896e-009	0.0194336
-8.534896e-009	0.0273926
-8.509896e-009	0.0175293
-8.484896e-009	0.0166992
-8.459896e-009	0.0192627
-8.434896e-009	0.0213867
-8.409896e-009	0.0227783
-8.384896e-009	0.0205566
-8.359896e-009	0.0304688
-8.334896e-009	0.0300293
-8.309896e-009	0.0203857
-8.284896e-009	0.0261475
-8.259896e-009	0.0288818
-8.234896e-009	0.0219727
-8.209896e-009	0.0175537
-8.184896e-009	0.0192383
-8.159896e-009	0.022168
-8.134896e-009	0.0240723
-8.109896e-009	0.0214844
-8.084896e-009	0.0184815
-8.059896e-009	0.0293701
-8.034896e-009	0.0312256
-8.009896e-009	0.0192871
-7.984896e-009	0.024707
-7.959896e-009	0.0373291
-7.934896e-009	0.0236084
-7.909896e-009	-0.00397948
-7.884896e-009	0.0010254
-7.859896e-009	0.0210449
-7.834896e-009	0.0185303
-7.809896e-009	0.0168945
-7.784896e-009	0.0263916
-7.759896e-009	0.027417
-7.734896e-009	0.0238281
-7.709896e-009	0.0265137
-7.684896e-009	0.0208496
-7.659896e-009	0.0155762
-7.634896e-009	0.0231201
-7.609896e-009	0.0126221
-7.584896e-009	0.00266114
-7.559896e-009	0.0199707
-7.534896e-009	0.0278809
-7.509896e-009	0.0179443
-7.484896e-009	0.013501
-7.459896e-009	0.0168945
-7.434896e-009	0.0188965
-7.409896e-009	0.0187012
-7.384896e-009	0.0188721
-7.359896e-009	0.0246338
-7.334896e-009	0.0314697
-7.309896e-009	0.0249756
-7.284896e-009	0.0186524
-7.259896e-009	0.0156006
-7.234896e-009	0.00993653
-7.209896e-009	0.0164795
-7.184896e-009	0.0291504
-7.159896e-009	0.0235596
-7.134896e-009	0.00266114
-7.109896e-009	0.00393067
-7.084896e-009	0.0275147
-7.059896e-009	0.0336426
-7.034896e-009	0.014917
-7.009896e-009	0.00507813
-6.984896e-009	0.0199219
-6.959896e-009	0.0259033
-6.934896e-009	0.02146
-6.909896e-009	0.02146
-6.884896e-009	0.0195068
-6.859896e-009	0.0266846
-6.834896e-009	0.0283447
-6.809896e-009	0.0120117
-6.784896e-009	0.00524903
-6.759896e-009	0.0157959
-6.734896e-009	0.0240723
-6.709896e-009	0.0157715
-6.684896e-009	0.00649415
-6.659896e-009	0.0151856
-6.634896e-009	0.0240479
-6.609896e-009	0.0201904
-6.584896e-009	0.0241455
-6.559896e-009	0.0264649
-6.534896e-009	0.011792
-6.509896e-009	0.0155274
-6.484896e-009	0.0359863
-6.459896e-009	0.0297363
-6.434896e-009	0.0074463
-6.409896e-009	0.00151368
-6.384896e-009	0.00722657
-6.359896e-009	0.0133301
-6.334896e-009	0.0165039
-6.309896e-009	0.0153809
-6.284896e-009	0.0197998
-6.259896e-009	0.0214844
-6.234896e-009	0.0221924
-6.209896e-009	0.0264404
-6.184896e-009	0.0239502
-6.159896e-009	0.0273193
-6.134896e-009	0.0225586
-6.109896e-009	0.0128662
-6.084896e-009	0.0223877
-6.059896e-009	0.0291748
-6.034896e-009	0.016919
-6.009896e-009	0.0057129
-5.984896e-009	0.0223145
-5.959896e-009	0.0328613
-5.934896e-009	0.0211182
-5.909896e-009	0.0177002
-5.884896e-009	0.0187744
-5.859896e-009	0.0258057
-5.834896e-009	0.0302002
-5.809896e-009	0.0197998
-5.784896e-009	0.0143555
-5.759896e-009	0.0261231
-5.734896e-009	0.0376465
-5.709896e-009	0.0300049
-5.684896e-009	0.0151856
-5.659896e-009	0.00500489
-5.634896e-009	0.0119873
-5.609896e-009	0.0266358
-5.584896e-009	0.0286865
-5.559896e-009	0.0281006
-5.534896e-009	0.0192871
-5.509896e-009	0.00534669
-5.484896e-009	0.00307618
-5.459896e-009	0.0118897
-5.434896e-009	0.0203613
-5.409896e-009	0.0133545
-5.384896e-009	0.0177734
-5.359896e-009	0.0368897
-5.334896e-009	0.0278809
-5.309896e-009	0.0216553
-5.284896e-009	0.0324219
-5.259896e-009	0.0206543
-5.234896e-009	0.0138428
-5.209896e-009	0.0217041
-5.184896e-009	0.0287354
-5.159896e-009	0.0355225
-5.134896e-009	0.01521
-5.109896e-009	-4.88207e-005
-5.084896e-009	0.0225342
-5.059896e-009	0.0262451
-5.034896e-009	0.0188721
-5.009896e-009	0.038916
-4.984896e-009	0.0353516
-4.959896e-009	0.0208008
-4.934896e-009	0.0357422
-4.909896e-009	0.0301025
-4.884896e-009	0.0130371
-4.859896e-009	0.0240479
-4.834896e-009	0.0275879
-4.809896e-009	0.0156738
-4.784896e-009	0.0228272
-4.759896e-009	0.0255615
-4.734896e-009	0.0120117
-4.709896e-009	0.02146
-4.684896e-009	0.0271973
-4.659896e-009	0.0154297
-4.634896e-009	0.0168457
-4.609896e-009	0.0211426
-4.584896e-009	0.0226563
-4.559896e-009	0.0189453
-4.534896e-009	0.0136719
-4.509896e-009	0.0221924
-4.484896e-009	0.0283203
-4.459896e-009	0.0214111
-4.434896e-009	0.0186035
-4.409896e-009	0.0108154
-4.384896e-009	0.002417
-4.359896e-009	0.0225586
-4.334896e-009	0.0384766
-4.309896e-009	0.0266113
-4.284896e-009	0.0161377
-4.259896e-009	0.0233643
-4.234896e-009	0.0323242
-4.209896e-009	0.0239014
-4.184896e-009	0.0282227
-4.159896e-009	0.0384033
-4.134896e-009	0.0252686
-4.109896e-009	0.0226318
-4.084896e-009	0.0290283
-4.059896e-009	0.023584
-4.034896e-009	0.00935059
-4.009896e-009	-0.000732414
-3.984896e-009	0.0163086
-3.959896e-009	0.0289063
-3.934896e-009	0.0210938
-3.909896e-009	0.0256348
-3.884896e-009	0.029419
-3.859896e-009	0.0194092
-3.834896e-009	0.012793
-3.809896e-009	0.0196289
-3.784896e-009	0.0327637
-3.759896e-009	0.0263672
-3.734896e-009	0.00910645
-3.709896e-009	0.014917
-3.684896e-009	0.0275879
-3.659896e-009	0.020459
-3.634896e-009	0.016919
-3.609896e-009	0.0230469
-3.584896e-009	0.0190186
-3.559896e-009	0.0133545
-3.534896e-009	0.00664063
-3.509896e-009	0.0104981
-3.484896e-009	0.021582
-3.459896e-009	0.0074463
-3.434896e-009	0.00292969
-3.409896e-009	0.0256348
-3.384896e-009	0.0384277
-3.359896e-009	0.0343994
-3.334896e-009	0.0189941
-3.309896e-009	0.00700684
-3.284896e-009	0.0103516
-3.259896e-009	0.0188477
-3.234896e-009	0.0202637
-3.209896e-009	0.0192871
-3.184896e-009	0.0281983
-3.159896e-009	0.0376465
-3.134896e-009	0.0329834
-3.109896e-009	0.0204102
-3.084896e-009	0.0211182
-3.059896e-009	0.0252441
-3.034896e-009	0.00905762
-3.009896e-009	0.0102783
-2.984896e-009	0.0358399
-2.959896e-009	0.0277832
-2.934896e-009	0.00932618
-2.909896e-009	0.0191895
-2.884896e-009	0.0267334
-2.859896e-009	0.0278809
-2.834896e-009	0.0244873
-2.809896e-009	0.020166
-2.784896e-009	0.0351318
-2.759896e-009	0.0260986
-2.734896e-009	-0.000415032
-2.709896e-009	0.0102539
-2.684896e-009	0.0183594
-2.659896e-009	0.0188721
-2.634896e-009	0.0266113
-2.609896e-009	0.0135254
-2.584896e-009	0.0166016
-2.559896e-009	0.030542
-2.534896e-009	0.0185303
-2.509896e-009	0.0187744
-2.484896e-009	0.0238525
-2.459896e-009	0.0185303
-2.434896e-009	0.0324707
-2.409896e-009	0.0397461
-2.384896e-009	0.0318848
-2.359896e-009	0.0300293
-2.334896e-009	0.00935059
-2.309896e-009	-0.00266113
-2.284896e-009	0.0193604
-2.259896e-009	0.0251465
-2.234896e-009	0.0158447
-2.209896e-009	0.0171875
-2.184896e-009	0.0224609
-2.159896e-009	0.0175537
-2.134896e-009	0.00395509
-2.109896e-009	0.00976563
-2.084896e-009	0.0205078
-2.059896e-009	0.0147461
-2.034896e-009	0.0131104
-2.009896e-009	0.0182861
-1.984896e-009	0.0245117
-1.959896e-009	0.0184326
-1.934896e-009	0.0060547
-1.909896e-009	0.0163574
-1.884896e-009	0.0177979
-1.859896e-009	0.0158691
-1.834896e-009	0.0268555
-1.809896e-009	0.00759278
-1.784896e-009	0.0134277
-1.759896e-009	0.0398438
-1.734896e-009	0.0192383
-1.709896e-009	0.0163086
-1.684896e-009	0.0267822
-1.659896e-009	0.0205322
-1.634896e-009	0.0247803
-1.609896e-009	0.0157959
-1.584896e-009	0.0134033
-1.559896e-009	0.0274414
-1.534896e-009	0.0192871
-1.509896e-009	0.0135254
-1.484896e-009	0.0219971
-1.459896e-009	0.0228272
-1.434896e-009	0.0253906
-1.409896e-009	0.0244873
-1.384896e-009	0.0282471
-1.359896e-009	0.0398926
-1.334896e-009	0.022876
-1.309896e-009	0.00881348
-1.284896e-009	0.0212891
-1.259896e-009	0.0198975
-1.234896e-009	0.0115234
-1.209896e-009	0.0128906
-1.184896e-009	0.0186279
-1.159896e-009	0.0119873
-1.134896e-009	-0.00551757
-1.109896e-009	0.0076172
-1.084896e-009	0.0269287
-1.059896e-009	0.0209473
-1.034896e-009	0.0200195
-1.009896e-009	0.0175049
-9.848956e-010	0.0167969
-9.598956e-010	0.0181397
-9.348956e-010	0.0109131
-9.098956e-010	0.0228272
-8.848956e-010	0.0280762
-8.598956e-010	0.0177734
-8.348956e-010	0.0165039
-8.098956e-010	0.0126465
-7.848956e-010	0.0169922
-7.598956e-010	0.0212891
-7.348956e-010	0.0151856
-7.098956e-010	0.0188965
-6.848956e-010	0.0251465
-6.598956e-010	0.0182617
-6.348956e-010	0.0076172
-6.098956e-010	0.00637208
-5.848956e-010	9.76637e-005
-5.598956e-010	-0.00668945
-5.348956e-010	-0.00905761
-5.098956e-010	-0.0200928
-4.848956e-010	-0.0220215
-4.598956e-010	-0.0285889
-4.348956e-010	-0.0578613
-4.098956e-010	-0.0813965
-3.848956e-010	-0.0852295
-3.598956e-010	-0.0850098
-3.348956e-010	-0.104102
-3.098956e-010	-0.134082
-2.848956e-010	-0.161133
-2.598956e-010	-0.177148
-2.348956e-010	-0.181104
-2.098956e-010	-0.196729
-1.848956e-010	-0.208105
-1.598956e-010	-0.229175
-1.348956e-010	-0.266162
-1.098956e-010	-0.256885
-8.489565e-011	-0.255371
-5.989565e-011	-0.284985
-3.489565e-011	-0.277124
-9.895648e-012	-0.273315
1.510435e-011	-0.291699
4.010435e-011	-0.295532
6.510435e-011	-0.290845
9.010435e-011	-0.28457
1.151044e-010	-0.27876
1.401044e-010	-0.277148
1.651044e-010	-0.267017
1.901044e-010	-0.247412
2.151044e-010	-0.246509
2.401044e-010	-0.246338
2.651044e-010	-0.226318
2.901044e-010	-0.196973
3.151044e-010	-0.167871
3.401044e-010	-0.162305
3.651044e-010	-0.147241
3.901044e-010	-0.129785
4.151044e-010	-0.129736
4.401044e-010	-0.100342
4.651044e-010	-0.0943848
4.901044e-010	-0.101196
5.151044e-010	-0.0686279
5.401044e-010	-0.0652588
5.651044e-010	-0.0629883
5.901044e-010	-0.0330566
6.151044e-010	-0.0268555
6.401044e-010	-0.0250732
6.651044e-010	-0.0130615
6.901044e-010	-0.00566406
7.151044e-010	-0.00395507
7.401044e-010	-0.00107421
7.651044e-010	0.0053711
7.901044e-010	0.00820313
8.151044e-010	0.00871583
8.401044e-010	0.0137207
8.651044e-010	0.0307129
8.901044e-010	0.0373779
9.151044e-010	0.0236328
9.401044e-010	0.0263184
9.651044e-010	0.0431885
9.901044e-010	0.048169
1.015104e-009	0.0509766
1.040104e-009	0.051416
1.065104e-009	0.036377
1.090104e-009	0.025708
1.115104e-009	0.0260498
1.140104e-009	0.0267334
1.165104e-009	0.0345703
1.190104e-009	0.0380371
1.215104e-009	0.0362549
1.240104e-009	0.0298096
1.265104e-009	0.0176758
1.290104e-009	0.0175293
1.315104e-009	0.0117432
1.340104e-009	0.00585938
1.365104e-009	0.00952149
1.390104e-009	0.00263673
1.415104e-009	0.00939942
1.440104e-009	0.0202393
1.465104e-009	0.0162354
1.490104e-009	0.0271729
1.515104e-009	0.0299316
1.540104e-009	0.0114746
1.565104e-009	0.0119385
1.590104e-009	0.0112549
1.615104e-009	0.00444337
1.640104e-009	0.0244629
1.665104e-009	0.0249756
1.690104e-009	0.00578614
1.715104e-009	0.0118408
1.740104e-009	0.0126953
1.765104e-009	0.00776368
1.790104e-009	0.00234376
1.815104e-009	0.0044922
1.840104e-009	0.0240723
1.865104e-009	0.0091797
1.890104e-009	-0.00322265
1.915104e-009	0.0190674
1.940104e-009	0.0160889
1.965104e-009	0.0141846
1.990104e-009	0.0288574
2.015104e-009	0.031958
2.040104e-009	0.031543
2.065104e-009	0.0222168
2.090104e-009	0.0259522
2.115104e-009	0.033252
2.140104e-009	0.0178955
2.165104e-009	0.0310791
2.190104e-009	0.0480713
2.215104e-009	0.0286865
2.240104e-009	0.0207031
2.265104e-009	0.022876
2.290104e-009	0.0236572
2.315104e-009	0.0280762
2.340104e-009	0.0273438
2.365104e-009	0.0274658
2.390104e-009	0.022876
2.415104e-009	0.0166016
2.440104e-009	0.0171387
2.465104e-009	0.0208984
2.490104e-009	0.0265381
2.515104e-009	0.0309815
2.540104e-009	0.0318848
2.565104e-009	0.0316406
2.590104e-009	0.0328125
2.615104e-009	0.0210205
2.640104e-009	0.00908204
2.665104e-009	0.020459
2.690104e-009	0.0260986
2.715104e-009	0.0177246
2.740104e-009	0.00837403
2.765104e-009	0.0065918
2.790104e-009	0.0216309
2.815104e-009	0.0343018
2.840104e-009	0.0347168
2.865104e-009	0.0172363
2.890104e-009	0.0105225
2.915104e-009	0.0307617
2.940104e-009	0.0274658
2.965104e-009	0.0229736
2.990104e-009	0.0241211
3.015104e-009	0.0155518
3.040104e-009	0.0318848
3.065104e-009	0.0303711
3.090104e-009	0.019165
3.115104e-009	0.0307129
3.140104e-009	0.0252686
3.165104e-009	0.026294
3.190104e-009	0.0319824
3.215104e-009	0.0269531
3.240104e-009	0.0328858
3.265104e-009	0.0303223
3.290104e-009	0.0262207
3.315104e-009	0.0283203
3.340104e-009	0.0310791
3.365104e-009	0.0401123
3.390104e-009	0.0259766
3.415104e-009	0.00737305
3.440104e-009	0.0130615
3.465104e-009	0.0136475
3.490104e-009	0.0187744
3.515104e-009	0.0218018
3.540104e-009	0.0019043
3.565104e-009	0.0050293
3.590104e-009	0.0247315
3.615104e-009	0.0195313
3.640104e-009	0.00749512
3.665104e-009	-0.00598144
3.690104e-009	-0.00561523
3.715104e-009	0.0174805
3.740104e-009	0.0218506
3.765104e-009	0.0154541
3.790104e-009	0.00874024
3.815104e-009	0.00673829
3.840104e-009	0.0216065
3.865104e-009	0.0161865
3.890104e-009	0.0118408
3.915104e-009	0.0187744
3.940104e-009	0.00935059
3.965104e-009	0.0138916
3.990104e-009	0.0150147
4.015104e-009	0.00927735
4.040104e-009	0.0159912
4.065104e-009	0.00800782
4.090104e-009	0.0157959
4.115104e-009	0.0329834
4.140104e-009	0.0208008
4.165104e-009	0.0269531
4.190104e-009	0.0417725
4.215104e-009	0.0334961
4.240104e-009	0.0288086
4.265104e-009	0.0243164
4.290104e-009	0.023584
4.315104e-009	0.026001
4.340104e-009	0.0276367
4.365104e-009	0.0354004
4.390104e-009	0.030542
4.415104e-009	0.028833
4.440104e-009	0.0289063
4.465104e-009	0.013208
4.490104e-009	0.017334
4.515104e-009	0.0304688
4.540104e-009	0.0300293
4.565104e-009	0.0298584
4.590104e-009	0.0228272
4.615104e-009	0.0221436
4.640104e-009	0.0244385
4.665104e-009	0.0178223
4.690104e-009	0.0236084
4.715104e-009	0.0197998
4.740104e-009	0.00483399
4.765104e-009	0.0141357
4.790104e-009	0.0199463
4.815104e-009	0.0110352
4.840104e-009	0.0106201
4.865104e-009	-0.00285644
4.890104e-009	-0.0121826
4.915104e-009	0.00229493
4.940104e-009	-0.00344238
4.965104e-009	-0.00324706
4.990104e-009	0.0101807
5.015104e-009	0.00703126
5.040104e-009	0.0163574
5.065104e-009	0.0164307
5.090104e-009	0.0134277
5.115104e-009	0.0201172
5.140104e-009	0.00122071
5.165104e-009	-0.00190429
5.190104e-009	0.016333
5.215104e-009	0.0205811
5.240104e-009	0.0233887
5.265104e-009	0.0208496
5.290104e-009	0.00683595
5.315104e-009	0.0090088
5.340104e-009	0.0344238
5.365104e-009	0.0366211
5.390104e-009	0.0182861
5.415104e-009	0.0250488
5.440104e-009	0.0341309
5.465104e-009	0.0231934
5.490104e-009	0.0198975
5.515104e-009	0.0310791
5.540104e-009	0.0365723
5.565104e-009	0.0278565
5.590104e-009	0.0239502
5.615104e-009	0.0339356
5.640104e-009	0.0323242
5.665104e-009	0.0233154
5.690104e-009	0.0286133
5.715104e-009	0.0342041
5.740104e-009	0.0306641
5.765104e-009	0.0258057
5.790104e-009	0.0237061
5.815104e-009	0.0231934
5.840104e-009	0.0268799
5.865104e-009	0.0300781
5.890104e-009	0.0284912
5.915104e-009	0.0295166
5.940104e-009	0.0267334
5.965104e-009	0.0200928
5.990104e-009	0.0178223
6.015104e-009	0.018335
6.040104e-009	0.00766602
6.065104e-009	-0.0101562
6.090104e-009	-0.00407714
6.115104e-009	0.0053711
6.140104e-009	0.00310059
6.165104e-009	0.00903321
6.190104e-009	0.0154053
6.215104e-009	0.0250977
6.240104e-009	0.023169
6.265104e-009	0.00825196
6.290104e-009	0.010376
6.315104e-009	0.0114746
6.340104e-009	0.0130859
6.365104e-009	0.0233399
6.390104e-009	0.0136719
6.415104e-009	0.00307618
6.440104e-009	0.0147217
6.465104e-009	0.0168213
6.490104e-009	0.00378419
6.515104e-009	0.00769044
6.540104e-009	0.0174316
6.565104e-009	0.0159912
6.590104e-009	0.0123779
6.615104e-009	0.0113037
6.640104e-009	0.0186524
6.665104e-009	0.0172363
6.690104e-009	0.0171143
6.715104e-009	0.0293213
6.740104e-009	0.0152588
6.765104e-009	0.00441895
6.790104e-009	0.0219727
6.815104e-009	0.0329102
6.840104e-009	0.0354492
6.865104e-009	0.0282471
6.890104e-009	0.0179199
6.915104e-009	0.0211426
6.940104e-009	0.024707
6.965104e-009	0.0200195
6.990104e-009	0.0162354
7.015104e-009	0.020166
7.040104e-009	0.0258789
7.065104e-009	0.023877
7.090104e-009	0.0233887
7.115104e-009	0.0239014
7.140104e-009	0.0157959
7.165104e-009	0.0164307
7.190104e-009	0.00898438
7.215104e-009	0.00366212
7.240104e-009	0.0223145
7.265104e-009	0.0144775
7.290104e-009	0.0125244
7.315104e-009	0.0260254
7.340104e-009	0.0126465
7.365104e-009	0.00654298
7.390104e-009	-0.00175781
7.415104e-009	0.00888673
7.440104e-009	0.0278809
7.465104e-009	-0.00217284
7.490104e-009	-0.00195312
7.515104e-009	0.0330322
7.540104e-009	0.0358154
7.565104e-009	0.0367432
7.590104e-009	0.0340332
7.615104e-009	0.016919
7.640104e-009	0.0219727
7.665104e-009	0.0361328
7.690104e-009	0.0311768
7.715104e-009	0.0256104
7.740104e-009	0.0221924
7.765104e-009	0.0161133
7.790104e-009	0.015625
7.815104e-009	0.0166504
7.840104e-009	0.025
7.865104e-009	0.025415
7.890104e-009	0.0124024
7.915104e-009	0.0176025
7.940104e-009	0.0246826
7.965104e-009	0.0251953
7.990104e-009	0.0251465
8.015104e-009	0.0226807
8.040104e-009	0.0285889
8.065104e-009	0.00556641
8.090104e-009	-0.00749511
8.115104e-009	0.0239014
8.140104e-009	0.0200195
8.165104e-009	0.00173341
8.190104e-009	0.008667
8.215104e-009	0.019458
8.240104e-009	0.0268066
8.265104e-009	0.0236084
8.290104e-009	0.0232178
8.315104e-009	0.0245117
8.340104e-009	0.0161377
8.365104e-009	0.010669
8.390104e-009	0.0150635
8.415104e-009	0.0180664
8.440104e-009	0.0290039
8.465104e-009	0.0304688
8.490104e-009	0.00812989
8.515104e-009	0.0163818
8.540104e-009	0.0300781
8.565104e-009	0.0182861
8.590104e-009	0.0113037
8.615104e-009	0.0143555
8.640104e-009	0.0253418
8.665104e-009	0.0221436
8.690104e-009	0.0312256
8.715104e-009	0.04375
8.740104e-009	0.0226318
8.765104e-009	0.0222168
8.790104e-009	0.0321289
8.815104e-009	0.0319092
8.840104e-009	0.0419678
8.865104e-009	0.03125
8.890104e-009	0.0141113
8.915104e-009	0.0218262
8.940104e-009	0.0199951
8.965104e-009	0.0128418
8.990104e-009	0.0235596
9.015104e-009	0.0276367
9.040104e-009	0.0242676
9.065104e-009	0.0148926
9.090104e-009	0.0164063
9.115104e-009	0.0296631
9.140104e-009	0.0193359
9.165104e-009	0.0187256
9.190104e-009	0.0243408
9.215104e-009	0.0224609
9.240104e-009	0.0306641
9.265104e-009	0.0163086
9.290104e-009	0.00261231
9.315104e-009	0.0128174
9.340104e-009	0.0112793
9.365104e-009	0.000927742
9.390104e-009	0.00524903
9.415104e-009	0.0151123
9.440104e-009	0.0155274
9.465104e-009	0.0105957
9.490104e-009	0.00842286
9.515104e-009	0.0180908
9.540104e-009	0.020166
9.565104e-009	0.0145508
9.590104e-009	0.0202881
9.615104e-009	0.0206299
9.640104e-009	0.0203125
9.665104e-009	0.0134033
9.690104e-009	0.00629884
9.715104e-009	0.0177246
9.740104e-009	0.0166504
9.765104e-009	0.0207275
9.790104e-009	0.0275147
9.815104e-009	0.0135254
9.840104e-009	0.0231445
9.865104e-009	0.0279297
9.890104e-009	0.0185303
9.915104e-009	0.0294678
9.940104e-009	0.022168
9.965104e-009	0.0168457
9.990104e-009	0.025293
1.00151e-008	0.0248291
1.00401e-008	0.0282471
1.00651e-008	0.0244385
1.00901e-008	0.0223633
1.01151e-008	0.0147949
1.01401e-008	0.0109619
1.01651e-008	0.0309082
1.01901e-008	0.026709
1.02151e-008	0.0289551
1.02401e-008	0.0565186
1.02651e-008	0.0369141
1.02901e-008	0.010083
1.03151e-008	0.0166504
1.03401e-008	0.0155029
1.03651e-008	0.020874
1.03901e-008	0.0242188
1.04151e-008	0.0220703
1.04401e-008	0.0318604
1.04651e-008	0.0128418
1.04901e-008	0.00771485
1.05151e-008	0.0303223
1.05401e-008	0.0158936
1.05651e-008	0.0151856
1.05901e-008	0.0314941
1.06151e-008	0.0190918
1.06401e-008	0.0119873
1.06651e-008	0.0104981
1.06901e-008	0.0111328
1.07151e-008	0.0118164
1.07401e-008	0.00368653
1.07651e-008	0.0102295
1.07901e-008	0.0187012
1.08151e-008	0.027124
1.08401e-008	0.0307861
1.08651e-008	0.0114258
1.08901e-008	0.00952149
1.09151e-008	0.0169434
1.09401e-008	0.0143066
1.09651e-008	0.0200195
1.09901e-008	0.0125977
1.10151e-008	0.00910645
1.10401e-008	0.0195801
1.10651e-008	0.0207275
1.10901e-008	0.0250488
1.11151e-008	0.026294
1.11401e-008	0.0230957
1.11651e-008	0.0211426
1.11901e-008	0.0179932
1.12151e-008	0.0208252
1.12401e-008	0.0130371
1.12651e-008	0.00170899
1.12901e-008	0.00517579
1.13151e-008	0.011792
1.13401e-008	0.0195068
1.13651e-008	0.0217285
1.13901e-008	0.0137695
1.14151e-008	0.0192871
1.14401e-008	0.038501
1.14651e-008	0.035376
1.14901e-008	0.0207275
1.15151e-008	0.0237549
1.15401e-008	0.0172119
1.15651e-008	0.00556641
1.15901e-008	0.014917
1.16151e-008	0.0262695
1.16401e-008	0.0313233
1.16651e-008	0.0264649
1.16901e-008	0.0130859
1.17151e-008	0.00476075
1.17401e-008	0.00549317
1.17651e-008	0.0136231
1.17901e-008	0.0209961
1.18151e-008	0.0299561
1.18401e-008	0.0386963
1.18651e-008	0.0320557
1.18901e-008	0.0167725
1.19151e-008	0.0155518
1.19401e-008	0.0238525
1.19651e-008	0.0217774
1.19901e-008	0.0208252
1.20151e-008	0.0299805
1.20401e-008	0.0286377
1.20651e-008	0.0170166
1.20901e-008	0.0197022
1.21151e-008	0.0322022
1.21401e-008	0.0302979
1.21651e-008	0.0174561
1.21901e-008	0.0168945
1.22151e-008	0.0336914
1.22401e-008	0.0352051
1.22651e-008	0.0149902
1.22901e-008	0.017627
1.23151e-008	0.0309815
1.23401e-008	0.025293
1.23651e-008	0.0300049
1.23901e-008	0.0345215
1.24151e-008	0.0154053
1.24401e-008	0.0152588
1.24651e-008	0.0310059
1.24901e-008	0.0232422
1.25151e-008	0.013794
1.25401e-008	0.0157227
1.25651e-008	0.0215088
1.25901e-008	0.0270508
1.26151e-008	0.0273438
1.26401e-008	0.0279297
1.26651e-008	0.0193359
1.26901e-008	0.0142822
1.27151e-008	0.0197022
1.27401e-008	0.0140869
1.27651e-008	0.0115234
1.27901e-008	0.0124756
1.28151e-008	0.0156738
1.28401e-008	0.025293
1.28651e-008	0.0133545
1.28901e-008	-0.000830071
1.29151e-008	0.00991212
1.29401e-008	0.0241211
1.29651e-008	0.0274414
1.29901e-008	0.0141846
1.30151e-008	0.0071045
1.30401e-008	0.0156494
1.30651e-008	0.00852052
1.30901e-008	0.00300294
1.31151e-008	0.0144043
1.31401e-008	0.0188477
1.31651e-008	0.0166748
1.31901e-008	0.0263916
1.32151e-008	0.0455566
1.32401e-008	0.0330322
1.32651e-008	0.00808106
1.32901e-008	0.0171387
1.33151e-008	0.0200928
1.33401e-008	0.0145264
1.33651e-008	0.0264893
1.33901e-008	0.0264649
1.34151e-008	0.0265625
1.34401e-008	0.0415039
1.34651e-008	0.0340576
1.34901e-008	0.016919
1.35151e-008	0.0168213
1.35401e-008	0.0165527
1.35651e-008	0.0182129
1.35901e-008	0.0226074
1.36151e-008	0.026416
1.36401e-008	0.0218262
1.36651e-008	0.00268555
1.36901e-008	0.00366212
1.37151e-008	0.0122559
1.37401e-008	0.0041504
1.37651e-008	0.00756837
1.37901e-008	0.0175049
1.38151e-008	0.0231201
1.38401e-008	0.0266358
1.38651e-008	0.0169434
1.38901e-008	0.0123047
1.39151e-008	0.018457
1.39401e-008	0.00563966
1.39651e-008	-0.00273437
1.39901e-008	0.0119141
1.40151e-008	0.019165
1.40401e-008	0.0245361
1.40651e-008	0.0193604
1.40901e-008	0.0071045
1.41151e-008	0.0187988
1.41401e-008	0.0168945
1.41651e-008	0.00856934
1.41901e-008	0.0209961
1.42151e-008	0.0128418
1.42401e-008	0.00505372
1.42651e-008	0.0198975
1.42901e-008	0.0269531
1.43151e-008	0.0232178
1.43401e-008	0.0123291
1.43651e-008	0.0112549
1.43901e-008	0.0235107
1.44151e-008	0.0257568
1.44401e-008	0.0207275
1.44651e-008	0.0184082
1.44901e-008	0.0217285
1.45151e-008	0.0231201
1.45401e-008	0.0231934
1.45651e-008	0.0306397
1.45901e-008	0.0278076
1.46151e-008	0.0318115
1.46401e-008	0.045166
1.46651e-008	0.0258789
1.46901e-008	0.0135254
1.47151e-008	0.0334229
1.47401e-008	0.0377441
1.47651e-008	0.0261963
1.47901e-008	0.0238281
1.48151e-008	0.0296387
1.48401e-008	0.0224365
1.48651e-008	0.0134277
1.48901e-008	0.0233643
1.49151e-008	0.0223389
1.49401e-008	0.0188721
1.49651e-008	0.0241699
1.49901e-008	0.00910645
1.50151e-008	0.0104004
1.50401e-008	0.0299072
1.50651e-008	0.0210449
1.50901e-008	0.0122803
1.51151e-008	0.0153076
1.51401e-008	0.00810548
1.51651e-008	0.00595704
1.51901e-008	0.0207275
1.52151e-008	0.0318604
1.52401e-008	0.021875
1.52651e-008	0.0058838
1.52901e-008	0.010669
1.53151e-008	0.032251
1.53401e-008	0.0309082
1.53651e-008	0.0148926
1.53901e-008	0.0163574
1.54151e-008	0.0180664
1.54401e-008	0.0186524
1.54651e-008	0.0140625
1.54901e-008	0.00205079
1.55151e-008	0.00485841
1.55401e-008	0.0124512
1.55651e-008	0.0215576
1.55901e-008	0.0265137
1.56151e-008	0.0273682
1.56401e-008	0.0305176
1.56651e-008	0.0184082
1.56901e-008	0.0213623
1.57151e-008	0.0370606
1.57401e-008	0.0258057
1.57651e-008	0.0160156
1.57901e-008	0.0207031
1.58151e-008	0.0264893
1.58401e-008	0.0229004
1.58651e-008	0.00344239
1.58901e-008	-0.000854485
1.59151e-008	0.0174316
1.59401e-008	0.0312012
1.59651e-008	0.0250244
1.59901e-008	0.00136719
1.60151e-008	0.00141602
1.60401e-008	0.0275391
1.60651e-008	0.0260742
1.60901e-008	0.0151611
1.61151e-008	0.018335
1.61401e-008	0.0161865
1.61651e-008	0.0250488
1.61901e-008	0.0281494
1.62151e-008	0.0217285
1.62401e-008	0.0317383
1.62651e-008	0.0208008
1.62901e-008	0.0102539
1.63151e-008	0.0240967
1.63401e-008	0.0199219
1.63651e-008	0.0162354
1.63901e-008	0.0150147
1.64151e-008	0.0129395
1.64401e-008	0.0307861
1.64651e-008	0.0296143
1.64901e-008	0.0141357
1.65151e-008	0.0166992
1.65401e-008	0.0190918
1.65651e-008	0.0168457
1.65901e-008	0.0141357
1.66151e-008	0.0235352
1.66401e-008	0.0342774
1.66651e-008	0.0249512
1.66901e-008	0.0224365
1.67151e-008	0.0252441
1.67401e-008	0.0211914
1.67651e-008	0.0188965
1.67901e-008	0.0187988
1.68151e-008	0.0298096
1.68401e-008	0.0332031
1.68651e-008	0.0193604
1.68901e-008	0.0205566
1.69151e-008	0.0305664
1.69401e-008	0.0276611
1.69651e-008	0.028833
1.69901e-008	0.0287598
1.70151e-008	0.0237793
1.70401e-008	0.0273438
1.70651e-008	0.0144531
1.70901e-008	0.00463868
1.71151e-008	0.020166
1.71401e-008	0.0230225
1.71651e-008	0.016626
1.71901e-008	0.020044
1.72151e-008	0.0260254
1.72401e-008	0.027417
1.72651e-008	0.0243408
1.72901e-008	0.0225098
1.73151e-008	0.0225586
1.73401e-008	0.0324951
1.73651e-008	0.0455322
1.73901e-008	0.0359375
1.74151e-008	0.0236328
1.74401e-008	0.0231201
1.74651e-008	0.0133789
1.74901e-008	0.00812989
1.75151e-008	0.018457
1.75401e-008	0.0291992
1.75651e-008	0.0241943
1.75901e-008	0.0144531
1.76151e-008	0.0220947
1.76401e-008	0.0204346
1.76651e-008	0.0113281
1.76901e-008	0.0165283
1.77151e-008	0.0173584
1.77401e-008	0.0200684
1.77651e-008	0.0240479
1.77901e-008	0.0185791
1.78151e-008	0.0214111
1.78401e-008	0.0218506
1.78651e-008	0.0127686
1.78901e-008	0.0147949
1.79151e-008	0.0256348
1.79401e-008	0.0327393
1.79651e-008	0.025
1.79901e-008	0.0185303
1.80151e-008	0.0311279
1.80401e-008	0.0307129
1.80651e-008	0.0164307
1.80901e-008	0.018457
1.81151e-008	0.0260498
1.81401e-008	0.0233154
1.81651e-008	0.0161865
1.81901e-008	0.0150879
1.82151e-008	0.027417
1.82401e-008	0.0341553
1.82651e-008	0.0245606
1.82901e-008	0.0216797
1.83151e-008	0.0138428
1.83401e-008	0.0100098
1.83651e-008	0.0309326
1.83901e-008	0.0317627
1.84151e-008	0.0164307
1.84401e-008	0.0164307
1.84651e-008	0.0165772
1.84901e-008	0.0174561
1.85151e-008	0.0207275
1.85401e-008	0.0116943
1.85651e-008	0.00444337
1.85901e-008	0.0149658
1.86151e-008	0.0239746
1.86401e-008	0.0243897
1.86651e-008	0.0218994
1.86901e-008	0.0141602
1.87151e-008	0.00898438
1.87401e-008	0.0131836
1.87651e-008	0.0165772
1.87901e-008	0.013916
1.88151e-008	0.0168701
1.88401e-008	0.0203369
1.88651e-008	0.0203857
1.88901e-008	0.0182373
1.89151e-008	0.0174316
1.89401e-008	0.0244385
1.89651e-008	0.0213379
1.89901e-008	0.0169434
1.90151e-008	0.0199219
1.90401e-008	0.0176758
1.90651e-008	0.0184082
1.90901e-008	0.0194824
1.91151e-008	0.0216797
1.91401e-008	0.0233399
1.91651e-008	0.0251465
1.91901e-008	0.032544
1.92151e-008	0.0300781
1.92401e-008	0.0225098
1.92651e-008	0.0165039
1.92901e-008	0.0169678
1.93151e-008	0.0225098
1.93401e-008	0.0215088
1.93651e-008	0.0253906
1.93901e-008	0.0237061
1.94151e-008	0.0188965
1.94401e-008	0.0272949
1.94651e-008	0.0255615
1.94901e-008	0.0174805
1.95151e-008	0.0177734
1.95401e-008	0.0167236
1.95651e-008	0.0158936
1.95901e-008	0.0216797
1.96151e-008	0.0245361
1.96401e-008	0.0151367
1.96651e-008	0.0132568
1.96901e-008	0.0170899
1.97151e-008	0.0126465
1.97401e-008	0.0159424
1.97651e-008	0.0216065
1.97901e-008	0.0307373
1.98151e-008	0.0376221
1.98401e-008	0.0147705
1.98651e-008	0.00485841
1.98901e-008	0.0195801
1.99151e-008	0.0163086
1.99401e-008	0.0129883
1.99651e-008	0.010083
1.99901e-008	0.0126221
2.00151e-008	0.0300537
2.00401e-008	0.0169922
2.00651e-008	0.00512696
2.00901e-008	0.0190918
2.01151e-008	0.0175781
2.01401e-008	0.0112793
2.01651e-008	0.00429688
2.01901e-008	0.00800782
2.02151e-008	0.0213379
2.02401e-008	0.0171143
2.02651e-008	0.0143555
2.02901e-008	0.0143555
2.03151e-008	0.0175049
2.03401e-008	0.0194092
2.03651e-008	0.0140137
2.03901e-008	0.0224365
2.04151e-008	0.0253418
2.04401e-008	0.0231445
2.04651e-008	0.0218994
2.04901e-008	0.016626
2.05151e-008	0.0290283
2.05401e-008	0.0332031
2.05651e-008	0.0272217
2.05901e-008	0.0210205
2.06151e-008	0.0102051
2.06401e-008	0.0231934
2.06651e-008	0.0222168
2.06901e-008	0.0113281
2.07151e-008	0.0202881
2.07401e-008	0.0101807
2.07651e-008	0.0112793
2.07901e-008	0.0123535
2.08151e-008	-0.00820312
2.08401e-008	0.00788575
2.08651e-008	0.0289551
2.08901e-008	0.0243652
2.09151e-008	0.0212647
2.09401e-008	0.0166016
2.09651e-008	0.0177002
2.09901e-008	0.0176514
2.10151e-008	0.0146729
2.10401e-008	0.0240479
2.10651e-008	0.0178711
2.10901e-008	0.00612794
2.11151e-008	0.0173096
2.11401e-008	0.0199951
2.11651e-008	0.0208252
2.11901e-008	0.0302734
2.12151e-008	0.0271973
2.12401e-008	0.0196289
2.12651e-008	0.0069336
2.12901e-008	0.00852052
2.13151e-008	0.0254639
2.13401e-008	0.0220459
2.13651e-008	0.012793
2.13901e-008	0.0117432
2.14151e-008	0.0277832
2.14401e-008	0.0392822
2.14651e-008	0.0194092
2.14901e-008	0.0168457
2.15151e-008	0.0288574
2.15401e-008	0.0231201
2.15651e-008	0.0190674
2.15901e-008	0.0217529
2.16151e-008	0.0224609
2.16401e-008	0.0170899
2.16651e-008	0.0158447
2.16901e-008	0.0226318
2.17151e-008	0.0185059
2.17401e-008	0.0130127
2.17651e-008	0.0223389
2.17901e-008	0.0125
2.18151e-008	0.00573731
2.18401e-008	0.0359863
2.18651e-008	0.0311768
2.18901e-008	0.00805665
2.19151e-008	0.0184326
2.19401e-008	0.0195313
2.19651e-008	0.0176025
2.19901e-008	0.0176758
2.20151e-008	0.0133545
2.20401e-008	0.0152344
2.20651e-008	0.00578614
2.20901e-008	0.0011963
2.21151e-008	0.0124512
2.21401e-008	0.0196777
2.21651e-008	0.0212891
2.21901e-008	0.0174316
2.22151e-008	0.0134033
2.22401e-008	0.0180908
2.22651e-008	0.0263672
2.22901e-008	0.0281494
2.23151e-008	0.0301514
2.23401e-008	0.027417
2.23651e-008	0.0058838
2.23901e-008	0.0100342
2.24151e-008	0.0359619
2.24401e-008	0.0236572
2.24651e-008	0.00979005
2.24901e-008	0.0176514
2.25151e-008	0.0174805
2.25401e-008	0.0147461
2.25651e-008	0.0147461
2.25901e-008	0.0180908
2.26151e-008	0.0186524
2.26401e-008	0.0192139
2.26651e-008	0.0196289
2.26901e-008	0.00764161
2.27151e-008	0.0106201
2.27401e-008	0.0178711
2.27651e-008	0.0106201
2.27901e-008	0.0162598
2.28151e-008	0.0157471
2.28401e-008	0.022583
2.28651e-008	0.0371582
2.28901e-008	0.0156494
2.29151e-008	0.0161133
2.29401e-008	0.0341309
2.29651e-008	0.0208496
2.29901e-008	0.0131348
2.30151e-008	0.0125488
2.30401e-008	0.0234375
2.30651e-008	0.0268311
2.30901e-008	0.00209962
2.31151e-008	-0.00114745
2.31401e-008	0.0150391
2.31651e-008	0.0266602
2.31901e-008	0.0284668
2.32151e-008	0.0236084
2.32401e-008	0.0238037
2.32651e-008	0.020044
2.32901e-008	0.0195313
2.33151e-008	0.0260498
2.33401e-008	0.0258301
2.33651e-008	0.0110596
2.33901e-008	0.00322266
2.34151e-008	0.0241699
2.34401e-008	0.0325928
2.34651e-008	0.0207275
2.34901e-008	0.0173584
2.35151e-008	0.0126953
2.35401e-008	0.0116211
2.35651e-008	0.0197266
2.35901e-008	0.0177246
2.36151e-008	0.0101318
2.36401e-008	0.00756837
2.36651e-008	0.00468751
2.36901e-008	0.0155274
2.37151e-008	0.0244385
2.37401e-008	0.0186035
2.37651e-008	0.0233154
2.37901e-008	0.0211182
2.38151e-008	0.0247559
2.38401e-008	0.0341797
2.38651e-008	0.0178711
2.38901e-008	0.0175293
2.39151e-008	0.0249756
2.39401e-008	0.0159668
2.39651e-008	0.0250977
2.39901e-008	0.0312988
2.40151e-008	0.0157227
2.40401e-008	0.00827637
2.40651e-008	0.00327149
2.40901e-008	0.000610359
2.41151e-008	0.0189941
2.41401e-008	0.0311279
2.41651e-008	0.0271973
2.41901e-008	0.0276123
2.42151e-008	0.0320557
2.42401e-008	0.0310547
2.42651e-008	0.0258545
2.42901e-008	0.025
2.43151e-008	0.0192383
2.43401e-008	0.0140137
2.43651e-008	0.01521
2.43901e-008	0.0225586
2.44151e-008	0.0378174
2.44401e-008	0.0252441
2.44651e-008	0.00358887
2.44901e-008	0.0118408
2.45151e-008	0.0255615
2.45401e-008	0.0301514
2.45651e-008	0.0221191
2.45901e-008	0.0138184
2.46151e-008	0.0210205
2.46401e-008	0.0254639
2.46651e-008	0.0105957
2.46901e-008	0.00178223
2.47151e-008	0.0155762
2.47401e-008	0.0168213
2.47651e-008	0.0125732
2.47901e-008	0.016333
2.48151e-008	0.012915
2.48401e-008	0.0169434
2.48651e-008	0.0202149
2.48901e-008	0.0207764
2.49151e-008	0.022168
2.49401e-008	0.019165
2.49651e-008	0.0158936
2.49901e-008	0.00852052
2.50151e-008	0.0239258
2.50401e-008	0.0321777
2.50651e-008	0.00600587
2.50901e-008	0.00947266
2.51151e-008	0.0275635
2.51401e-008	0.0270508
2.51651e-008	0.0337647
2.51901e-008	0.0314453
2.52151e-008	0.0161133
2.52401e-008	0.0222168
2.52651e-008	0.0311279
2.52901e-008	0.0234375
2.53151e-008	0.025293
2.53401e-008	0.0245606
2.53651e-008	0.0150879
2.53901e-008	0.0157471
2.54151e-008	0.019751
2.54401e-008	0.0290527
2.54651e-008	0.0340576
2.54901e-008	0.0292481
2.55151e-008	0.0308838
2.55401e-008	0.0239502
2.55651e-008	0.0181152
2.55901e-008	0.0299072
2.56151e-008	0.029541
2.56401e-008	0.0209473
2.56651e-008	0.0112793
2.56901e-008	0.0036377
2.57151e-008	0.0150147
2.57401e-008	0.0191406
2.57651e-008	0.0162598
2.57901e-008	0.0225098
2.58151e-008	0.0232422
2.58401e-008	0.0189697
2.58651e-008	0.0165772
2.58901e-008	0.0218018
2.59151e-008	0.0177002
2.59401e-008	0.00610352
2.59651e-008	0.0157227
2.59901e-008	0.0253418
2.60151e-008	0.0155029
2.60401e-008	0.00959473
2.60651e-008	0.0136231
2.60901e-008	0.0149902
2.61151e-008	0.0229492
2.61401e-008	0.0208984
2.61651e-008	0.00627442
2.61901e-008	0.0224609
2.62151e-008	0.0340332
2.62401e-008	0.0194824
2.62651e-008	0.0183594
2.62901e-008	0.0215332
2.63151e-008	0.0254639
2.63401e-008	0.0303467
2.63651e-008	0.0254639
2.63901e-008	0.018335
2.64151e-008	0.012207
2.64401e-008	0.0116455
2.64651e-008	0.0170899
2.64901e-008	0.0245361
2.65151e-008	0.0214356
2.65401e-008	0.00405274
2.65651e-008	0.0107666
2.65901e-008	0.0303711
2.66151e-008	0.0218994
2.66401e-008	0.0162598
2.66651e-008	0.0231445
2.66901e-008	0.025415
2.67151e-008	0.0244141
2.67401e-008	0.0222168
2.67651e-008	0.0308594
2.67901e-008	0.0283447
2.68151e-008	0.0233399
2.68401e-008	0.036499
2.68651e-008	0.0266113
2.68901e-008	0.0187256
2.69151e-008	0.025415
2.69401e-008	0.0111328
2.69651e-008	0.0156738
2.69901e-008	0.0293945
2.70151e-008	0.0166504
2.70401e-008	0.0189697
2.70651e-008	0.0266846
2.70901e-008	0.0141357
2.71151e-008	0.0222412
2.71401e-008	0.0340088
2.71651e-008	0.0151611
2.71901e-008	0.00820313
2.72151e-008	0.0219971
2.72401e-008	0.0275147
2.72651e-008	0.0202149
2.72901e-008	0.0177246
2.73151e-008	0.0234619
2.73401e-008	0.0102783
2.73651e-008	0.0110596
2.73901e-008	0.0296387
2.74151e-008	0.0223145
2.74401e-008	0.0272461
2.74651e-008	0.0350098
2.74901e-008	0.0200684
2.75151e-008	0.017627
2.75401e-008	0.0157715
2.75651e-008	0.0109619
2.75901e-008	0.0133057
2.76151e-008	0.0168213
2.76401e-008	0.0178955
2.76651e-008	0.0155518
2.76901e-008	0.0255127
2.77151e-008	0.0241211
2.77401e-008	0.0123779
2.77651e-008	0.0202149
2.77901e-008	0.0126953
2.78151e-008	0.00437012
2.78401e-008	0.0226807
2.78651e-008	0.0217041
2.78901e-008	0.0113525
2.79151e-008	0.0187988
2.79401e-008	0.0171143
2.79651e-008	0.0118652
2.79901e-008	0.0194092
2.80151e-008	0.0251221
2.80401e-008	0.0209229
2.80651e-008	0.0140869
2.80901e-008	0.0164063
2.81151e-008	0.0270508
2.81401e-008	0.030957
2.81651e-008	0.02229
2.81901e-008	0.01521
2.82151e-008	0.0217285
2.82401e-008	0.0277344
2.82651e-008	0.0176025
2.82901e-008	0.015918
2.83151e-008	0.0228027
2.83401e-008	0.0165039
2.83651e-008	0.0263184
2.83901e-008	0.0333008
2.84151e-008	0.0242676
2.84401e-008	0.0286865
2.84651e-008	0.0218262
2.84901e-008	0.0160156
2.85151e-008	0.0189941
2.85401e-008	0.0152832
2.85651e-008	0.0200928
2.85901e-008	0.0222412
2.86151e-008	0.0255615
2.86401e-008	0.025293
2.86651e-008	0.0189697
2.86901e-008	0.020459
2.87151e-008	0.0129639
2.87401e-008	0.0168213
2.87651e-008	0.0324463
2.87901e-008	0.0270996
2.88151e-008	0.030957
2.88401e-008	0.0337402
2.88651e-008	0.000732429
2.88901e-008	-0.0012207
2.89151e-008	0.0267334
2.89401e-008	0.0090088
2.89651e-008	0.000488289
2.89901e-008	0.0216309
2.90151e-008	0.025
2.90401e-008	0.0353027
2.90651e-008	0.0355957
2.90901e-008	0.0222168
2.91151e-008	0.0201416
2.91401e-008	0.00986329
2.91651e-008	0.014624
2.91901e-008	0.0212402
2.92151e-008	0.0102051
2.92401e-008	0.0187256
2.92651e-008	0.0234375
2.92901e-008	0.0205322
2.93151e-008	0.0265137
2.93401e-008	0.0174316
2.93651e-008	0.0113525
2.93901e-008	0.0129395
2.94151e-008	0.0185303
2.94401e-008	0.0363525
2.94651e-008	0.0317139
2.94901e-008	0.0192627
2.95151e-008	0.0220703
2.95401e-008	0.0214844
2.95651e-008	0.0308594
2.95901e-008	0.0290039
2.96151e-008	0.0108643
2.96401e-008	0.0129883
2.96651e-008	0.0201416
2.96901e-008	0.0259766
2.97151e-008	0.0248779
2.97401e-008	0.0181885
2.97651e-008	0.0316406
2.97901e-008	0.0388672
2.98151e-008	0.0341065
2.98401e-008	0.0258789
2.98651e-008	0.0041504
2.98901e-008	0.014917
2.99151e-008	0.0366211
2.99401e-008	0.0200195
2.99651e-008	0.0140869
2.99901e-008	0.0162598
3.00151e-008	0.0142334
3.00401e-008	0.0386231
3.00651e-008	0.046582
3.00901e-008	0.0223389
3.01151e-008	0.0168457
3.01401e-008	0.0234375
3.01651e-008	0.0177002
3.01901e-008	0.0117432
3.02151e-008	0.0141113
3.02401e-008	0.0268799
3.02651e-008	0.0312012
3.02901e-008	0.020874
3.03151e-008	0.0181397
3.03401e-008	0.014624
3.03651e-008	0.0104248
3.03901e-008	0.0133301
3.04151e-008	0.0218994
3.04401e-008	0.0259766
3.04651e-008	0.00729981
3.04901e-008	0.00927735
3.05151e-008	0.0318359
3.05401e-008	0.0164063
3.05651e-008	0.00173341
3.05901e-008	0.0121582
3.06151e-008	0.0213379
3.06401e-008	0.0284912
3.06651e-008	0.0193604
3.06901e-008	0.0191406
3.07151e-008	0.0302002
3.07401e-008	0.0203613
3.07651e-008	0.0235107
3.07901e-008	0.0209229
3.08151e-008	0.00131837
3.08401e-008	0.00595704
3.08651e-008	0.0111572
3.08901e-008	0.018042
3.09151e-008	0.0235596
3.09401e-008	0.010083
3.09651e-008	0.0112305
3.09901e-008	0.0202149
3.10151e-008	0.024707
3.10401e-008	0.0236816
3.10651e-008	0.0116943
3.10901e-008	0.0171875
3.11151e-008	0.0252441
3.11401e-008	0.018457
3.11651e-008	0.0267578
3.11901e-008	0.0310303
3.12151e-008	0.0187012
3.12401e-008	0.0171143
3.12651e-008	0.0168701
3.12901e-008	0.0174316
3.13151e-008	0.0192383
3.13401e-008	0.016333
3.13651e-008	0.0251709
3.13901e-008	0.0249756
3.14151e-008	0.0204346
3.14401e-008	0.0297363
3.14651e-008	0.0189941
3.14901e-008	0.0100342
3.15151e-008	0.0261719
3.15401e-008	0.0291016
3.15651e-008	0.0208984
3.15901e-008	0.0280274
3.16151e-008	0.0364746
3.16401e-008	0.0326904
3.16651e-008	0.0288818
3.16901e-008	0.0242432
3.17151e-008	0.0264404
3.17401e-008	0.0330322
3.17651e-008	0.0219727
3.17901e-008	0.0176025
3.18151e-008	0.0253418
3.18401e-008	0.0207764
3.18651e-008	0.0202149
3.18901e-008	0.0270508
3.19151e-008	0.0260498
3.19401e-008	0.0254883
3.19651e-008	0.0232422
3.19901e-008	0.0162109
3.20151e-008	0.0196533
3.20401e-008	0.0233643
3.20651e-008	0.0181885
3.20901e-008	0.0174316
3.21151e-008	0.0166748
3.21401e-008	0.0157959
3.21651e-008	0.0205078
3.21901e-008	0.0230713
3.22151e-008	0.0270508
3.22401e-008	0.0255859
3.22651e-008	0.0135498
3.22901e-008	0.0139649
3.23151e-008	0.0218506
3.23401e-008	0.0260254
3.23651e-008	0.0278809
3.23901e-008	0.0219238
3.24151e-008	0.0288086
3.24401e-008	0.0322022
3.24651e-008	0.0130127
3.24901e-008	0.013208
3.25151e-008	0.0228027
3.25401e-008	0.0163818
3.25651e-008	0.0193359
3.25901e-008	0.0265137
3.26151e-008	0.0267822
3.26401e-008	0.0273926
3.26651e-008	0.015918
3.26901e-008	0.0161377
3.27151e-008	0.0374268
3.27401e-008	0.0322022
3.27651e-008	0.0163574
3.27901e-008	0.0196289
3.28151e-008	0.0233887
3.28401e-008	0.0261963
3.28651e-008	0.0287842
3.28901e-008	0.0244141
3.29151e-008	0.0249268
3.29401e-008	0.0191895
3.29651e-008	0.0067627
3.29901e-008	0.0248779
3.30151e-008	0.029541
3.30401e-008	0.0104492
3.30651e-008	0.0123291
3.30901e-008	0.00595704
3.31151e-008	0.0150635
3.31401e-008	0.0305908
3.31651e-008	0.0146729
3.31901e-008	0.0150879
3.32151e-008	0.0218994
3.32401e-008	0.0256836
3.32651e-008	0.0348389
3.32901e-008	0.0251709
3.33151e-008	0.019458
3.33401e-008	0.0237061
3.33651e-008	0.0179199
3.33901e-008	0.0147461
3.34151e-008	0.0241455
3.34401e-008	0.0364258
3.34651e-008	0.0279053
3.34901e-008	0.0120117
3.35151e-008	0.0230469
3.35401e-008	0.0283691
3.35651e-008	0.0138672
3.35901e-008	0.00434571
3.36151e-008	0.00764161
3.36401e-008	0.023877
3.36651e-008	0.0260742
3.36901e-008	0.02229
3.37151e-008	0.0224365
3.37401e-008	0.0115479
3.37651e-008	0.0128662
3.37901e-008	0.0226563
3.38151e-008	0.0232666
3.38401e-008	0.0258057
3.38651e-008	0.027002
3.38901e-008	0.0222656
3.39151e-008	0.0257568
3.39401e-008	0.0268311
3.39651e-008	0.0170166
3.39901e-008	0.0177734
3.40151e-008	0.0197998
3.40401e-008	0.00927735
3.40651e-008	0.00500489
3.40901e-008	0.0150635
3.41151e-008	0.0190186
3.41401e-008	0.0171387
3.41651e-008	0.0243897
3.41901e-008	0.0208008
3.42151e-008	0.017041
3.42401e-008	0.0244141
3.42651e-008	0.018042
3.42901e-008	0.0179932
3.43151e-008	0.0183594
3.43401e-008	0.0072754
3.43651e-008	0.0142822
3.43901e-008	0.0205566
3.44151e-008	0.0267578
3.44401e-008	0.0269531
3.44651e-008	0.00249024
3.44901e-008	0.00439454
3.45151e-008	0.0175293
3.45401e-008	0.0151856
3.45651e-008	0.0129883
3.45901e-008	0.00341798
3.46151e-008	0.0182861
3.46401e-008	0.0306885
3.46651e-008	0.0138428
3.46901e-008	0.0201172
3.47151e-008	0.0273193
3.47401e-008	0.0189209
3.47651e-008	0.0199707
3.47901e-008	0.0178223
3.48151e-008	0.0233154
3.48401e-008	0.0383545
3.48651e-008	0.0290772
3.48901e-008	0.0119629
3.49151e-008	0.0137695
3.49401e-008	0.0209229
3.49651e-008	0.0306641
3.49901e-008	0.0280029
3.50151e-008	0.0153076
3.50401e-008	0.0198731
3.50651e-008	0.0215576
3.50901e-008	0.0157227
3.51151e-008	0.015918
3.51401e-008	0.00876466
3.51651e-008	0.0053711
3.51901e-008	0.0187744
3.52151e-008	0.0287109
3.52401e-008	0.0319092
3.52651e-008	0.0313965
3.52901e-008	0.0209961
3.53151e-008	0.0177734
3.53401e-008	0.0149414
3.53651e-008	0.0133057
3.53901e-008	0.032666
3.54151e-008	0.0393311
3.54401e-008	0.0302002
3.54651e-008	0.0248779
3.54901e-008	0.0277344
3.55151e-008	0.0389893
3.55401e-008	0.020459
3.55651e-008	0.00563966
3.55901e-008	0.0201416
3.56151e-008	0.0164551
3.56401e-008	0.0182373
3.56651e-008	0.0195801
3.56901e-008	0.0160889
3.57151e-008	0.0318604
3.57401e-008	0.0197998
3.57651e-008	0.0156738
3.57901e-008	0.03125
3.58151e-008	0.0180176
3.58401e-008	0.0202393
3.58651e-008	0.0198242
3.58901e-008	0.00300294
3.59151e-008	0.00981446
3.59401e-008	0.0212158
3.59651e-008	0.0277832
3.59901e-008	0.0246582
3.60151e-008	0.0247803
3.60401e-008	0.0307373
3.60651e-008	0.0212158
3.60901e-008	0.0144531
3.61151e-008	0.0122559
3.61401e-008	0.0179199
3.61651e-008	0.0280518
3.61901e-008	0.02229
3.62151e-008	0.0250733
3.62401e-008	0.0308594
3.62651e-008	0.0141602
3.62901e-008	0.0081543
3.63151e-008	0.0258789
3.63401e-008	0.0263428
3.63651e-008	0.0167725
3.63901e-008	0.0214844
3.64151e-008	0.0182617
3.64401e-008	0.0183838
3.64651e-008	0.0258789
3.64901e-008	0.0194336
3.65151e-008	0.0201904
3.65401e-008	0.0231201
3.65651e-008	0.0212158
3.65901e-008	0.0266358
3.66151e-008	0.0232178
3.66401e-008	0.0234863
3.66651e-008	0.028125
3.66901e-008	0.0225342
3.67151e-008	0.0219727
3.67401e-008	0.0186035
3.67651e-008	0.0189941
3.67901e-008	0.021582
3.68151e-008	0.00932618
3.68401e-008	0.00573731
3.68651e-008	0.00981446
3.68901e-008	0.016919
3.69151e-008	0.0253906
3.69401e-008	0.0233399
3.69651e-008	0.0245606
3.69901e-008	0.0217285
3.70151e-008	0.00908204
3.70401e-008	0.0104248
3.70651e-008	0.0286133
3.70901e-008	0.0312744
3.71151e-008	0.0129883
3.71401e-008	0.0129639
3.71651e-008	0.0288086
3.71901e-008	0.0325928
3.72151e-008	0.033374
3.72401e-008	0.0342529
3.72651e-008	0.0218994
3.72901e-008	0.016333
3.73151e-008	0.0228516
3.73401e-008	0.0213379
3.73651e-008	0.0230469
3.73901e-008	0.0269775
3.74151e-008	0.0263916
3.74401e-008	0.020166
3.74651e-008	0.0116455
3.74901e-008	0.016333
3.75151e-008	0.0169434
3.75401e-008	0.0174561
3.75651e-008	0.0350586
3.75901e-008	0.0352539
3.76151e-008	0.0179688
3.76401e-008	0.0202149
3.76651e-008	0.0211426
3.76901e-008	0.0107666
3.77151e-008	0.0197998
3.77401e-008	0.0260498
3.77651e-008	0.0160645
3.77901e-008	0.0111572
3.78151e-008	0.0204102
3.78401e-008	0.0308594
3.78651e-008	0.0109619
3.78901e-008	0.00419923
3.79151e-008	0.0276611
3.79401e-008	0.020874
3.79651e-008	0.0186768
3.79901e-008	0.0314941
3.80151e-008	0.0164063
3.80401e-008	0.0207031
3.80651e-008	0.0417236
3.80901e-008	0.0272949
3.81151e-008	0.0192383
3.81401e-008	0.0262695
3.81651e-008	0.00627442
3.81901e-008	0.00031739
3.82151e-008	0.0232178
3.82401e-008	0.025293
3.82651e-008	0.0108154
3.82901e-008	0.0137451
3.83151e-008	0.0247803
3.83401e-008	0.0141357
3.83651e-008	0.00639649
3.83901e-008	0.0150391
3.84151e-008	0.0215332
3.84401e-008	0.0251709
3.84651e-008	0.0147949
3.84901e-008	0.0157471
3.85151e-008	0.0265137
3.85401e-008	0.0186768
3.85651e-008	0.0193359
3.85901e-008	0.0236816
3.86151e-008	0.020459
3.86401e-008	0.0263672
3.86651e-008	0.031958
3.86901e-008	0.0248535
3.87151e-008	0.0201416
3.87401e-008	0.015918
3.87651e-008	0.0126221
3.87901e-008	0.0256348
3.88151e-008	0.0300537
3.88401e-008	0.0227051
3.88651e-008	0.0152588
3.88901e-008	0.00820313
3.89151e-008	0.0165527
3.89401e-008	0.0246826
3.89651e-008	0.0181885
3.89901e-008	0.0110107
3.90151e-008	0.0158936
3.90401e-008	0.0248535
3.90651e-008	0.0180176
3.90901e-008	0.00512696
3.91151e-008	0.0102295
3.91401e-008	0.0167969
3.91651e-008	0.0120117
3.91901e-008	0.0181641
3.92151e-008	0.0302246
3.92401e-008	0.0227051
3.92651e-008	0.00732423
3.92901e-008	0.017334
3.93151e-008	0.0251465
3.93401e-008	0.0135254
3.93651e-008	0.0134033
3.93901e-008	0.0175781
3.94151e-008	0.0288086
3.94401e-008	0.029419
3.94651e-008	0.0220703
3.94901e-008	0.0316162
3.95151e-008	0.0244873
3.95401e-008	0.0201172
3.95651e-008	0.0251709
3.95901e-008	0.0205078
3.96151e-008	0.0239502
3.96401e-008	0.0145996
3.96651e-008	0.0039795
3.96901e-008	0.0229492
3.97151e-008	0.0286621
3.97401e-008	0.0140381
3.97651e-008	0.0176514
3.97901e-008	0.010669
3.98151e-008	0.0103027
3.98401e-008	0.0388184
3.98651e-008	0.0265869
3.98901e-008	0.0124268
3.99151e-008	0.028418
3.99401e-008	0.021167
3.99651e-008	0.0197998
3.99901e-008	0.0188232
4.00151e-008	0.0137207
4.00401e-008	0.0232422
4.00651e-008	0.0127686
4.00901e-008	0.014209
4.01151e-008	0.0223389
4.01401e-008	0.012915
4.01651e-008	0.0292969
4.01901e-008	0.0380127
4.02151e-008	0.0230469
4.02401e-008	0.0182373
4.02651e-008	0.0217285
4.02901e-008	0.0252686
4.03151e-008	0.0223389
4.03401e-008	0.0217529
4.03651e-008	0.022168
4.03901e-008	0.0205322
4.04151e-008	0.0194336
4.04401e-008	0.0164795
4.04651e-008	0.0174072
4.04901e-008	0.0178955
4.05151e-008	0.00969239
4.05401e-008	0.00500489
4.05651e-008	0.0221924
4.05901e-008	0.030957
4.06151e-008	0.0274414
4.06401e-008	0.0316162
4.06651e-008	0.0137695
4.06901e-008	0.00920411
4.07151e-008	0.0276611
4.07401e-008	0.0138428
4.07651e-008	0.00332032
4.07901e-008	0.0158936
4.08151e-008	0.0266358
4.08401e-008	0.0276856
4.08651e-008	0.0108887
4.08901e-008	0.00617677
4.09151e-008	0.0173828
4.09401e-008	0.0238281
4.09651e-008	0.0281738
4.09901e-008	0.0133057
4.10151e-008	0.0039795
4.10401e-008	0.0174805
4.10651e-008	0.0186279
4.10901e-008	0.0215576
4.11151e-008	0.0263672
4.11401e-008	0.0183838
4.11651e-008	0.0214844
4.11901e-008	0.0200928
4.12151e-008	0.018335
4.12401e-008	0.0396729
4.12651e-008	0.0390381
4.12901e-008	0.0164063
4.13151e-008	0.0144531
4.13401e-008	0.0244629
4.13651e-008	0.0291016
4.13901e-008	0.0197266
4.14151e-008	0.0142334
4.14401e-008	0.0242432
4.14651e-008	0.0212402
4.14901e-008	0.0196045
4.15151e-008	0.0290527
4.15401e-008	0.0203613
4.15651e-008	0.0131104
4.15901e-008	0.0192627
4.16151e-008	0.0228272
4.16401e-008	0.0206787
4.16651e-008	0.00871583
4.16901e-008	0.0124512
4.17151e-008	0.0282471
4.17401e-008	0.0229004
4.17651e-008	0.0135742
4.17901e-008	0.00876466
4.18151e-008	0.0181885
4.18401e-008	0.031543
4.18651e-008	0.0173096
4.18901e-008	0.0142578
4.19151e-008	0.0206055
4.19401e-008	0.0110352
4.19651e-008	0.0203613
4.19901e-008	0.0295899
4.20151e-008	0.0251953
4.20401e-008	0.0352539
4.20651e-008	0.0330811
4.20901e-008	0.0180176
4.21151e-008	0.0207275
4.21401e-008	0.0195557
4.21651e-008	0.0190918
4.21901e-008	0.0229248
4.22151e-008	0.0151611
4.22401e-008	0.0260498
4.22651e-008	0.032251
4.22901e-008	0.0169678
4.23151e-008	0.0179932
4.23401e-008	0.0154785
4.23651e-008	0.0100342
4.23901e-008	0.0161865
4.24151e-008	0.0256592
4.24401e-008	0.0348389
4.24651e-008	0.0159912
4.24901e-008	0.0011963
4.25151e-008	0.0171143
4.25401e-008	0.0165772
4.25651e-008	0.0155518
4.25901e-008	0.0260742
4.26151e-008	0.0191895
4.26401e-008	0.0112793
4.26651e-008	0.0163818
4.26901e-008	0.0270996
4.27151e-008	0.0230225
4.27401e-008	0.0158447
4.27651e-008	0.0240479
4.27901e-008	0.0182617
4.28151e-008	0.0186524
4.28401e-008	0.0345459
4.28651e-008	0.02229
4.28901e-008	0.0146484
4.29151e-008	0.0321533
4.29401e-008	0.0272461
4.29651e-008	0.0149658
4.29901e-008	0.0218262
4.30151e-008	0.0211426
4.30401e-008	0.0235596
4.30651e-008	0.0332031
4.30901e-008	0.0237061
4.31151e-008	0.0214111
4.31401e-008	0.0295166
4.31651e-008	0.0229981
4.31901e-008	0.0158447
4.32151e-008	0.0197998
4.32401e-008	0.0295654
4.32651e-008	0.0240234
4.32901e-008	0.0163574
4.33151e-008	0.0294922
4.33401e-008	0.0340088
4.33651e-008	0.0237305
4.33901e-008	0.0140137
4.34151e-008	0.0148193
4.34401e-008	0.0181641
4.34651e-008	0.0101074
4.34901e-008	0.0172607
4.35151e-008	0.0240723
4.35401e-008	0.0151367
4.35651e-008	0.0253906
4.35901e-008	0.0269043
4.36151e-008	0.0150147
4.36401e-008	0.0290039
4.36651e-008	0.0314453
4.36901e-008	0.0196777
4.37151e-008	0.0260254
4.37401e-008	0.0235107
4.37651e-008	0.0224854
4.37901e-008	0.0286865
4.38151e-008	0.0227783
4.38401e-008	0.0215088
4.38651e-008	0.0134522
4.38901e-008	0.00690919
4.39151e-008	0.0132568
4.39401e-008	0.0119873
4.39651e-008	0.0157959
4.39901e-008	0.0196533
4.40151e-008	0.0220703
4.40401e-008	0.0231445
4.40651e-008	0.00964356
4.40901e-008	0.00991212
4.41151e-008	0.0195801
4.41401e-008	0.0181885
4.41651e-008	0.0218506
4.41901e-008	0.0276856
4.42151e-008	0.028418
4.42401e-008	0.0257813
4.42651e-008	0.0159912
4.42901e-008	0.0106934
4.43151e-008	0.022583
4.43401e-008	0.0336426
4.43651e-008	0.033374
4.43901e-008	0.024585
4.44151e-008	0.0140137
4.44401e-008	0.012207
4.44651e-008	0.00124512
4.44901e-008	0.00649415
4.45151e-008	0.0267578
4.45401e-008	0.0114746
4.45651e-008	0.0100342
4.45901e-008	0.026416
4.46151e-008	0.0270752
4.46401e-008	0.0282959
4.46651e-008	0.0157227
4.46901e-008	0.0168945
4.47151e-008	0.0256348
4.47401e-008	0.0167236
4.47651e-008	0.0255859
4.47901e-008	0.0286621
4.48151e-008	0.0236572
4.48401e-008	0.0327881
4.48651e-008	0.0270508
4.48901e-008	0.0130127
4.49151e-008	0.00383302
4.49401e-008	0.00375977
4.49651e-008	0.0168457
4.49901e-008	0.0150635
4.50151e-008	0.0143555
4.50401e-008	0.0280518
4.50651e-008	0.021582
4.50901e-008	0.0221924
4.51151e-008	0.0376709
4.51401e-008	0.0240723
4.51651e-008	0.0121338
4.51901e-008	0.0186279
4.52151e-008	0.00839845
4.52401e-008	0.0103272
4.52651e-008	0.0329102
4.52901e-008	0.03125
4.53151e-008	0.0210449
4.53401e-008	0.0235596
4.53651e-008	0.0230957
4.53901e-008	0.0176514
4.54151e-008	0.0221924
4.54401e-008	0.029541
4.54651e-008	0.0103516
4.54901e-008	0.00593262
4.55151e-008	0.0254395
4.55401e-008	0.0127441
4.55651e-008	0.00732423
4.55901e-008	0.020874
4.56151e-008	0.0210693
4.56401e-008	0.0244385
4.56651e-008	0.0229492
4.56901e-008	0.0191162
4.57151e-008	0.0191162
4.57401e-008	0.0178711
4.57651e-008	0.0185547
4.57901e-008	0.0207275
4.58151e-008	0.0324707
4.58401e-008	0.0280029
4.58651e-008	0.0097168
4.58901e-008	0.0181641
4.59151e-008	0.0210205
4.59401e-008	0.0104492
4.59651e-008	0.0238525
4.59901e-008	0.029834
4.60151e-008	0.0247803
4.60401e-008	0.0292481
4.60651e-008	0.0183594
4.60901e-008	0.0152588
4.61151e-008	0.0217774
4.61401e-008	0.0124756
4.61651e-008	0.014209
4.61901e-008	0.0270508
4.62151e-008	0.0295899
4.62401e-008	0.011499
4.62651e-008	0.00905762
4.62901e-008	0.0361328
4.63151e-008	0.0288818
4.63401e-008	0.0139649
4.63651e-008	0.0287598
4.63901e-008	0.0245606
4.64151e-008	0.00639649
4.64401e-008	0.0140137
4.64651e-008	0.0283203
4.64901e-008	0.0235596
4.65151e-008	0.0246826
4.65401e-008	0.0267334
4.65651e-008	0.0193115
4.65901e-008	0.0218262
4.66151e-008	0.0232178
4.66401e-008	0.0257324
4.66651e-008	0.026001
4.66901e-008	0.0174561
4.67151e-008	0.0165772
4.67401e-008	0.0180176
4.67651e-008	0.018335
4.67901e-008	0.0112793
4.68151e-008	0.00549317
4.68401e-008	0.0145264
4.68651e-008	0.0263184
4.68901e-008	0.0354248
4.69151e-008	0.0214844
4.69401e-008	0.00454102
4.69651e-008	0.0159424
4.69901e-008	0.0208252
4.70151e-008	0.0184815
4.70401e-008	0.0197998
4.70651e-008	0.0173828
4.70901e-008	0.0271973
4.71151e-008	0.0393799
4.71401e-008	0.0330811
4.71651e-008	0.019165
4.71901e-008	0.0157227
4.72151e-008	0.0180908
4.72401e-008	0.0170166
4.72651e-008	0.0162354
4.72901e-008	0.0199219
4.73151e-008	0.0223877
4.73401e-008	0.0145264
4.73651e-008	0.0144775
4.73901e-008	0.0229004
4.74151e-008	0.0265381
4.74401e-008	0.0328613
4.74651e-008	0.0255371
4.74901e-008	0.0184082
4.75151e-008	0.0232178
4.75401e-008	0.0184815
4.75651e-008	0.0200928
4.75901e-008	0.0190674
4.76151e-008	0.0220947
4.76401e-008	0.0352295
4.76651e-008	0.0159668
4.76901e-008	0.00454102
4.77151e-008	0.0224121
4.77401e-008	0.020166
4.77651e-008	0.0131592
4.77901e-008	0.0177246
4.78151e-008	0.0180176
4.78401e-008	0.0166748
4.78651e-008	0.0162109
4.78901e-008	0.0247803
4.79151e-008	0.034668
4.79401e-008	0.0227539
4.79651e-008	0.0151611
4.79901e-008	0.0218506
4.80151e-008	0.026709
4.80401e-008	0.0303955
4.80651e-008	0.00822755
4.80901e-008	0.00168458
4.81151e-008	0.0270264
4.81401e-008	0.0212402
4.81651e-008	0.0179199
4.81901e-008	0.0287842
4.82151e-008	0.033252
4.82401e-008	0.0358643
4.82651e-008	0.0188232
4.82901e-008	0.0204834
4.83151e-008	0.0286865
4.83401e-008	0.0180664
4.83651e-008	0.032544
4.83901e-008	0.0361084
4.84151e-008	0.0187744
4.84401e-008	0.0209229
4.84651e-008	0.0186768
4.84901e-008	0.0134033
4.85151e-008	0.0209961
4.85401e-008	0.0229981
4.85651e-008	0.0164551
4.85901e-008	0.0176514
4.86151e-008	0.0305664
4.86401e-008	0.0342041
4.86651e-008	0.0246094
4.86901e-008	0.0178467
4.87151e-008	0.0116211
4.87401e-008	0.0144531
4.87651e-008	0.0231445
4.87901e-008	0.014209
4.88151e-008	0.0171143
4.88401e-008	0.030542
4.88651e-008	0.0151367
4.88901e-008	0.00764161
4.89151e-008	0.0219727
4.89401e-008	0.0276123
4.89651e-008	0.0271973
4.89901e-008	0.0238037
4.90151e-008	0.0262451
4.90401e-008	0.0251709
4.90651e-008	0.0125
4.90901e-008	0.0154297
4.91151e-008	0.022168
4.91401e-008	0.0190918
4.91651e-008	0.0297852
4.91901e-008	0.0333008
4.92151e-008	0.020874
4.92401e-008	0.0328125
4.92651e-008	0.0290527
4.92901e-008	0.00231934
4.93151e-008	0.017041
4.93401e-008	0.0268311
4.93651e-008	0.0146484
4.93901e-008	0.0176514
4.94151e-008	0.0174316
4.94401e-008	0.0207764
4.94651e-008	0.0145264
4.94901e-008	0.0118652
4.95151e-008	0.0360596
4.95401e-008	0.0296875
4.95651e-008	0.0179443
4.95901e-008	0.0243408
4.96151e-008	0.019043
4.96401e-008	0.0334717
4.96651e-008	0.031543
4.96901e-008	0.00798341
4.97151e-008	0.0231934
4.97401e-008	0.0283447
4.97651e-008	0.00419923
4.97901e-008	0.00354005
4.98151e-008	0.0239014
4.98401e-008	0.0291016
4.98651e-008	0.0227295
4.98901e-008	0.0246338
4.99151e-008	0.0204834
4.99401e-008	0.0119385
4.99651e-008	0.0103027
4.99901e-008	0.0173828
5.00151e-008	0.0297608
