# LECROYWM813Zi	51496	Waveform
# Segments	1	SegmentSize	4002
# Segment	TrigTime	TimeSinceSegment1
# #1	30-Nov-2018 17:25:02	0                 
# Time	Ampl
-5.001655e-008	0.0152588
-4.999155e-008	0.0399902
-4.996655e-008	0.0389893
-4.994155e-008	0.0218018
-4.991655e-008	0.0218994
-4.989155e-008	0.0309815
-4.986655e-008	0.0244385
-4.984155e-008	0.0110107
-4.981655e-008	0.0172363
-4.979155e-008	0.0287842
-4.976655e-008	0.0233643
-4.974155e-008	0.0196777
-4.971655e-008	0.02771
-4.969155e-008	0.026001
-4.966655e-008	0.0172119
-4.964155e-008	0.0217774
-4.961655e-008	0.028833
-4.959155e-008	0.035791
-4.956655e-008	0.0490479
-4.954155e-008	0.0407959
-4.951655e-008	0.0274902
-4.949155e-008	0.0267578
-4.946655e-008	0.016333
-4.944155e-008	0.0172119
-4.941655e-008	0.016919
-4.939155e-008	0.0144531
-4.936655e-008	0.0298828
-4.934155e-008	0.018335
-4.931655e-008	0.00803223
-4.929155e-008	0.0227295
-4.926655e-008	0.020459
-4.924155e-008	0.0129639
-4.921655e-008	0.00942384
-4.919155e-008	0.0187256
-4.916655e-008	0.0232178
-4.914155e-008	0.00793458
-4.911655e-008	0.0139893
-4.909155e-008	0.0209229
-4.906655e-008	0.0174805
-4.904155e-008	0.0184326
-4.901655e-008	0.00893555
-4.899155e-008	0.0144287
-4.896655e-008	0.0256104
-4.894155e-008	0.0177734
-4.891655e-008	0.0188721
-4.889155e-008	0.0312744
-4.886655e-008	0.0348877
-4.884155e-008	0.0275635
-4.881655e-008	0.0161621
-4.879155e-008	0.00327149
-4.876655e-008	0.00566407
-4.874155e-008	0.0252686
-4.871655e-008	0.0340088
-4.869155e-008	0.033374
-4.866655e-008	0.0262207
-4.864155e-008	0.0107422
-4.861655e-008	0.0148438
-4.859155e-008	0.0355469
-4.856655e-008	0.0223145
-4.854155e-008	-0.00507812
-4.851655e-008	0.0148682
-4.849155e-008	0.0321045
-4.846655e-008	0.0154297
-4.844155e-008	0.0133545
-4.841655e-008	0.0147949
-4.839155e-008	0.0150147
-4.836655e-008	0.0203857
-4.834155e-008	0.0185791
-4.831655e-008	0.024292
-4.829155e-008	0.0241211
-4.826655e-008	0.0208984
-4.824155e-008	0.0296631
-4.821655e-008	0.0210449
-4.819155e-008	0.0154541
-4.816655e-008	0.0249268
-4.814155e-008	0.013916
-4.811655e-008	0.00690919
-4.809155e-008	0.015918
-4.806655e-008	0.0205078
-4.804155e-008	0.0300537
-4.801655e-008	0.0308594
-4.799155e-008	0.0262207
-4.796655e-008	0.0292969
-4.794155e-008	0.020044
-4.791655e-008	0.0150879
-4.789155e-008	0.0192627
-4.786655e-008	0.0149414
-4.784155e-008	0.0177734
-4.781655e-008	0.0326904
-4.779155e-008	0.043335
-4.776655e-008	0.031665
-4.774155e-008	0.0132813
-4.771655e-008	0.020459
-4.769155e-008	0.0322022
-4.766655e-008	0.023584
-4.764155e-008	0.0230713
-4.761655e-008	0.0304688
-4.759155e-008	0.0201904
-4.756655e-008	0.0215088
-4.754155e-008	0.0301514
-4.751655e-008	0.0219727
-4.749155e-008	0.0191162
-4.746655e-008	0.0203369
-4.744155e-008	0.0275147
-4.741655e-008	0.0301514
-4.739155e-008	0.0163574
-4.736655e-008	0.018457
-4.734155e-008	0.0246826
-4.731655e-008	0.0185059
-4.729155e-008	0.0166016
-4.726655e-008	0.0206055
-4.724155e-008	0.0256592
-4.721655e-008	0.0196777
-4.719155e-008	0.0167481
-4.716655e-008	0.0206543
-4.714155e-008	0.00830079
-4.711655e-008	0.00720216
-4.709155e-008	0.0239258
-4.706655e-008	0.0212158
-4.704155e-008	0.0111084
-4.701655e-008	0.0195801
-4.699155e-008	0.0328125
-4.696655e-008	0.0304443
-4.694155e-008	0.0236328
-4.691655e-008	0.0268799
-4.689155e-008	0.031543
-4.686655e-008	0.0292969
-4.684155e-008	0.0196045
-4.681655e-008	0.0156982
-4.679155e-008	0.0178955
-4.676655e-008	0.00969239
-4.674155e-008	0.00590821
-4.671655e-008	0.0119629
-4.669155e-008	0.0175781
-4.666655e-008	0.0172852
-4.664155e-008	0.00319825
-4.661655e-008	0.00292969
-4.659155e-008	0.0219971
-4.656655e-008	0.0347656
-4.654155e-008	0.0326904
-4.651655e-008	0.0102539
-4.649155e-008	0.00270997
-4.646655e-008	0.0188965
-4.644155e-008	0.022168
-4.641655e-008	0.0146973
-4.639155e-008	0.0160645
-4.636655e-008	0.0304199
-4.634155e-008	0.0222656
-4.631655e-008	0.00869141
-4.629155e-008	0.0243652
-4.626655e-008	0.0189697
-4.624155e-008	0.00852052
-4.621655e-008	0.0194092
-4.619155e-008	0.0262451
-4.616655e-008	0.0276856
-4.614155e-008	0.020874
-4.611655e-008	0.0317383
-4.609155e-008	0.0309082
-4.606655e-008	0.00939942
-4.604155e-008	0.0237793
-4.601655e-008	0.0272461
-4.599155e-008	0.0208252
-4.596655e-008	0.0302734
-4.594155e-008	0.0216309
-4.591655e-008	0.0234863
-4.589155e-008	0.0324707
-4.586655e-008	0.0278076
-4.584155e-008	0.027002
-4.581655e-008	0.020752
-4.579155e-008	0.0183106
-4.576655e-008	0.0325684
-4.574155e-008	0.0293701
-4.571655e-008	0.0172119
-4.569155e-008	0.0222412
-4.566655e-008	0.0148438
-4.564155e-008	0.00805665
-4.561655e-008	0.0164795
-4.559155e-008	0.0256104
-4.556655e-008	0.0310059
-4.554155e-008	0.00874024
-4.551655e-008	0.00109864
-4.549155e-008	0.0259033
-4.546655e-008	0.0270996
-4.544155e-008	0.0226563
-4.541655e-008	0.0199219
-4.539155e-008	0.0167725
-4.536655e-008	0.0341553
-4.534155e-008	0.0335693
-4.531655e-008	0.0206543
-4.529155e-008	0.0221924
-4.526655e-008	0.0194824
-4.524155e-008	0.0227783
-4.521655e-008	0.0330078
-4.519155e-008	0.0323242
-4.516655e-008	0.0183838
-4.514155e-008	0.0185303
-4.511655e-008	0.0317871
-4.509155e-008	0.0196777
-4.506655e-008	0.0131836
-4.504155e-008	0.0223145
-4.501655e-008	0.0197998
-4.499155e-008	0.0227295
-4.496655e-008	0.0203125
-4.494155e-008	0.0083252
-4.491655e-008	0.0139893
-4.489155e-008	0.0238525
-4.486655e-008	0.0234619
-4.484155e-008	0.0233154
-4.481655e-008	0.0185791
-4.479155e-008	0.0188477
-4.476655e-008	0.0286377
-4.474155e-008	0.0244141
-4.471655e-008	0.0206787
-4.469155e-008	0.0314697
-4.466655e-008	0.0277344
-4.464155e-008	0.0081543
-4.461655e-008	0.00751954
-4.459155e-008	0.025708
-4.456655e-008	0.0301758
-4.454155e-008	0.0151123
-4.451655e-008	0.00773927
-4.449155e-008	0.0192383
-4.446655e-008	0.0246582
-4.444155e-008	0.0189453
-4.441655e-008	0.0215088
-4.439155e-008	0.0305908
-4.436655e-008	0.0290039
-4.434155e-008	0.022583
-4.431655e-008	0.0269043
-4.429155e-008	0.027417
-4.426655e-008	0.0248047
-4.424155e-008	0.0278076
-4.421655e-008	0.0218994
-4.419155e-008	0.0174561
-4.416655e-008	0.0280029
-4.414155e-008	0.0352295
-4.411655e-008	0.0266602
-4.409155e-008	0.0202149
-4.406655e-008	0.0176025
-4.404155e-008	0.0144043
-4.401655e-008	0.0203369
-4.399155e-008	0.0234131
-4.396655e-008	0.0207764
-4.394155e-008	0.0157959
-4.391655e-008	0.0167725
-4.389155e-008	0.0270752
-4.386655e-008	0.0244141
-4.384155e-008	0.0241455
-4.381655e-008	0.0275635
-4.379155e-008	0.0283691
-4.376655e-008	0.0370117
-4.374155e-008	0.0243897
-4.371655e-008	0.0141846
-4.369155e-008	0.0215576
-4.366655e-008	0.0186279
-4.364155e-008	0.0280762
-4.361655e-008	0.030127
-4.359155e-008	0.0184082
-4.356655e-008	0.0258301
-4.354155e-008	0.0217774
-4.351655e-008	0.00695802
-4.349155e-008	0.0102539
-4.346655e-008	0.0176758
-4.344155e-008	0.017041
-4.341655e-008	0.0128906
-4.339155e-008	0.0210938
-4.336655e-008	0.0261719
-4.334155e-008	0.0135742
-4.331655e-008	0.0154541
-4.329155e-008	0.0227051
-4.326655e-008	0.0159424
-4.324155e-008	0.00627442
-4.321655e-008	0.00144044
-4.319155e-008	0.0192383
-4.316655e-008	0.0288818
-4.314155e-008	0.013794
-4.311655e-008	0.0158691
-4.309155e-008	0.0210693
-4.306655e-008	0.0146484
-4.304155e-008	0.0150635
-4.301655e-008	0.0187012
-4.299155e-008	0.0235596
-4.296655e-008	0.0208008
-4.294155e-008	0.0110596
-4.291655e-008	0.017627
-4.289155e-008	0.0253174
-4.286655e-008	0.019458
-4.284155e-008	0.0219727
-4.281655e-008	0.0241455
-4.279155e-008	0.0251465
-4.276655e-008	0.0292481
-4.274155e-008	0.0218262
-4.271655e-008	0.0228027
-4.269155e-008	0.020752
-4.266655e-008	0.0134033
-4.264155e-008	0.0265381
-4.261655e-008	0.0259277
-4.259155e-008	0.0157227
-4.256655e-008	0.0180664
-4.254155e-008	0.0160889
-4.251655e-008	0.0161133
-4.249155e-008	0.010376
-4.246655e-008	0.00776368
-4.244155e-008	0.0285889
-4.241655e-008	0.0353027
-4.239155e-008	0.0254883
-4.236655e-008	0.0344727
-4.234155e-008	0.0419434
-4.231655e-008	0.0280518
-4.229155e-008	0.0165527
-4.226655e-008	0.0200195
-4.224155e-008	0.0243897
-4.221655e-008	0.0197754
-4.219155e-008	0.022876
-4.216655e-008	0.0347656
-4.214155e-008	0.0269287
-4.211655e-008	0.0166504
-4.209155e-008	0.0251953
-4.206655e-008	0.0304443
-4.204155e-008	0.0303223
-4.201655e-008	0.0282715
-4.199155e-008	0.0215332
-4.196655e-008	0.0157471
-4.194155e-008	0.0139649
-4.191655e-008	0.0205811
-4.189155e-008	0.0230713
-4.186655e-008	0.0167236
-4.184155e-008	0.0188721
-4.181655e-008	0.0210205
-4.179155e-008	0.0241699
-4.176655e-008	0.0383545
-4.174155e-008	0.0276123
-4.171655e-008	-0.00178222
-4.169155e-008	-0.0024414
-4.166655e-008	0.0154297
-4.164155e-008	0.0230713
-4.161655e-008	0.0160889
-4.159155e-008	0.018457
-4.156655e-008	0.0279541
-4.154155e-008	0.0270508
-4.151655e-008	0.024585
-4.149155e-008	0.0153076
-4.146655e-008	0.0224854
-4.144155e-008	0.0288574
-4.141655e-008	0.00456544
-4.139155e-008	0.010669
-4.136655e-008	0.0284668
-4.134155e-008	0.0258789
-4.131655e-008	0.0303467
-4.129155e-008	0.0215332
-4.126655e-008	0.0174316
-4.124155e-008	0.0248291
-4.121655e-008	0.0177979
-4.119155e-008	0.0205078
-4.116655e-008	0.0262451
-4.114155e-008	0.0225586
-4.111655e-008	0.0291992
-4.109155e-008	0.0303467
-4.106655e-008	0.0169678
-4.104155e-008	0.0201416
-4.101655e-008	0.0350586
-4.099155e-008	0.0404785
-4.096655e-008	0.038501
-4.094155e-008	0.0238037
-4.091655e-008	0.0131104
-4.089155e-008	0.0147705
-4.086655e-008	0.0147705
-4.084155e-008	0.0243652
-4.081655e-008	0.0237793
-4.079155e-008	0.0122803
-4.076655e-008	0.0268555
-4.074155e-008	0.0323242
-4.071655e-008	0.0190674
-4.069155e-008	0.0190186
-4.066655e-008	0.00944825
-4.064155e-008	0.0107422
-4.061655e-008	0.0283203
-4.059155e-008	0.0214356
-4.056655e-008	0.0165039
-4.054155e-008	0.00759278
-4.051655e-008	0.000781257
-4.049155e-008	0.026416
-4.046655e-008	0.0293701
-4.044155e-008	0.0196045
-4.041655e-008	0.0313233
-4.039155e-008	0.0336914
-4.036655e-008	0.0257324
-4.034155e-008	0.0125244
-4.031655e-008	0.0150879
-4.029155e-008	0.0324219
-4.026655e-008	0.0227295
-4.024155e-008	0.0102539
-4.021655e-008	0.0154053
-4.019155e-008	0.0188477
-4.016655e-008	0.0257813
-4.014155e-008	0.0304688
-4.011655e-008	0.0287354
-4.009155e-008	0.0242432
-4.006655e-008	0.0126465
-4.004155e-008	0.0136231
-4.001655e-008	0.0298584
-3.999155e-008	0.0327393
-3.996655e-008	0.0253662
-3.994155e-008	0.0299561
-3.991655e-008	0.0334473
-3.989155e-008	0.0224121
-3.986655e-008	0.0209473
-3.984155e-008	0.0225098
-3.981655e-008	0.0139649
-3.979155e-008	0.0273438
-3.976655e-008	0.0326172
-3.974155e-008	0.00720216
-3.971655e-008	0.00954591
-3.969155e-008	0.0198975
-3.966655e-008	0.0188232
-3.964155e-008	0.0247315
-3.961655e-008	0.0177246
-3.959155e-008	0.0258057
-3.956655e-008	0.0366211
-3.954155e-008	0.0227295
-3.951655e-008	0.0220947
-3.949155e-008	0.0195557
-3.946655e-008	0.0118897
-3.944155e-008	0.0143066
-3.941655e-008	0.00551759
-3.939155e-008	0.00385743
-3.936655e-008	0.0168701
-3.934155e-008	0.0202393
-3.931655e-008	0.0196777
-3.929155e-008	0.0203369
-3.926655e-008	0.0203857
-3.924155e-008	0.0170899
-3.921655e-008	0.00620118
-3.919155e-008	0.0105225
-3.916655e-008	0.0244629
-3.914155e-008	0.0206299
-3.911655e-008	0.0176025
-3.909155e-008	0.0273438
-3.906655e-008	0.0318115
-3.904155e-008	0.0186035
-3.901655e-008	0.0034668
-3.899155e-008	0.0143066
-3.896655e-008	0.028833
-3.894155e-008	0.0200928
-3.891655e-008	0.0149658
-3.889155e-008	0.0188965
-3.886655e-008	0.0175781
-3.884155e-008	0.0153076
-3.881655e-008	0.0135254
-3.879155e-008	0.024292
-3.876655e-008	0.0347412
-3.874155e-008	0.0253662
-3.871655e-008	0.0182617
-3.869155e-008	0.0181885
-3.866655e-008	0.0169678
-3.864155e-008	0.0178711
-3.861655e-008	0.0229492
-3.859155e-008	0.0248535
-3.856655e-008	0.0140625
-3.854155e-008	0.00949708
-3.851655e-008	0.0210449
-3.849155e-008	0.0278809
-3.846655e-008	0.0247559
-3.844155e-008	0.0262695
-3.841655e-008	0.0240967
-3.839155e-008	0.0206543
-3.836655e-008	0.0276611
-3.834155e-008	0.0187988
-3.831655e-008	0.0138672
-3.829155e-008	0.0241455
-3.826655e-008	0.018457
-3.824155e-008	0.0171875
-3.821655e-008	0.0157227
-3.819155e-008	0.0107666
-3.816655e-008	0.017627
-3.814155e-008	0.017041
-3.811655e-008	0.0200928
-3.809155e-008	0.0181152
-3.806655e-008	0.00683595
-3.804155e-008	0.0164551
-3.801655e-008	0.0215576
-3.799155e-008	0.0168701
-3.796655e-008	0.0239502
-3.794155e-008	0.0260742
-3.791655e-008	0.0206787
-3.789155e-008	0.0186035
-3.786655e-008	0.0195313
-3.784155e-008	0.0178711
-3.781655e-008	0.0162598
-3.779155e-008	0.0262695
-3.776655e-008	0.0308594
-3.774155e-008	0.0192383
-3.771655e-008	0.017041
-3.769155e-008	0.0209229
-3.766655e-008	0.0103027
-3.764155e-008	0.00590821
-3.761655e-008	0.0204346
-3.759155e-008	0.025415
-3.756655e-008	0.0193604
-3.754155e-008	0.0151123
-3.751655e-008	0.0119141
-3.749155e-008	0.0245361
-3.746655e-008	0.0299805
-3.744155e-008	0.0186768
-3.741655e-008	0.0210205
-3.739155e-008	0.0229736
-3.736655e-008	0.0239014
-3.734155e-008	0.0281738
-3.731655e-008	0.0300049
-3.729155e-008	0.0303223
-3.726655e-008	0.0186035
-3.724155e-008	0.0147949
-3.721655e-008	0.0182861
-3.719155e-008	0.0194824
-3.716655e-008	0.023877
-3.714155e-008	0.0183594
-3.711655e-008	0.0158936
-3.709155e-008	0.0171875
-3.706655e-008	0.0163574
-3.704155e-008	0.0255859
-3.701655e-008	0.0281494
-3.699155e-008	0.0292481
-3.696655e-008	0.0383789
-3.694155e-008	0.0282227
-3.691655e-008	0.0111328
-3.689155e-008	0.0185059
-3.686655e-008	0.0285156
-3.684155e-008	0.0192139
-3.681655e-008	0.0123047
-3.679155e-008	0.0279297
-3.676655e-008	0.0384033
-3.674155e-008	0.0178467
-3.671655e-008	0.00935059
-3.669155e-008	0.0210938
-3.666655e-008	0.0201904
-3.664155e-008	0.0289307
-3.661655e-008	0.0321045
-3.659155e-008	0.0202637
-3.656655e-008	0.0225586
-3.654155e-008	0.00844727
-3.651655e-008	0.00266114
-3.649155e-008	0.0273438
-3.646655e-008	0.023169
-3.644155e-008	0.0113525
-3.641655e-008	0.0138916
-3.639155e-008	0.011499
-3.636655e-008	0.0218994
-3.634155e-008	0.0200195
-3.631655e-008	0.00695802
-3.629155e-008	0.0165527
-3.626655e-008	0.0178223
-3.624155e-008	0.0131836
-3.621655e-008	0.0134766
-3.619155e-008	0.00976563
-3.616655e-008	0.010376
-3.614155e-008	0.00327149
-3.611655e-008	0.0115967
-3.609155e-008	0.023999
-3.606655e-008	0.0142334
-3.604155e-008	0.0224854
-3.601655e-008	0.024585
-3.599155e-008	0.0164307
-3.596655e-008	0.026001
-3.594155e-008	0.021582
-3.591655e-008	0.0160889
-3.589155e-008	0.0196289
-3.586655e-008	0.017041
-3.584155e-008	0.0215088
-3.581655e-008	0.0269531
-3.579155e-008	0.0272705
-3.576655e-008	0.0305908
-3.574155e-008	0.0312012
-3.571655e-008	0.0313477
-3.569155e-008	0.0308106
-3.566655e-008	0.0153076
-3.564155e-008	0.00876466
-3.561655e-008	0.0216065
-3.559155e-008	0.0156006
-3.556655e-008	0.00544434
-3.554155e-008	0.0144287
-3.551655e-008	0.0206055
-3.549155e-008	0.026294
-3.546655e-008	0.0280274
-3.544155e-008	0.0184815
-3.541655e-008	0.0196777
-3.539155e-008	0.0280274
-3.536655e-008	0.028833
-3.534155e-008	0.0236572
-3.531655e-008	0.021167
-3.529155e-008	0.0227295
-3.526655e-008	0.0155274
-3.524155e-008	0.0105957
-3.521655e-008	0.0125732
-3.519155e-008	0.0189209
-3.516655e-008	0.0278809
-3.514155e-008	0.0228027
-3.511655e-008	0.0218262
-3.509155e-008	0.0245361
-3.506655e-008	0.0245606
-3.504155e-008	0.029126
-3.501655e-008	0.0259033
-3.499155e-008	0.0332764
-3.496655e-008	0.0361572
-3.494155e-008	0.0199707
-3.491655e-008	0.0194824
-3.489155e-008	0.0250488
-3.486655e-008	0.0208496
-3.484155e-008	0.0230713
-3.481655e-008	0.0301758
-3.479155e-008	0.0267822
-3.476655e-008	0.0248291
-3.474155e-008	0.0203369
-3.471655e-008	0.00915528
-3.469155e-008	0.0147949
-3.466655e-008	0.0188721
-3.464155e-008	0.0150147
-3.461655e-008	0.0199951
-3.459155e-008	0.0310059
-3.456655e-008	0.0322266
-3.454155e-008	0.00922852
-3.451655e-008	0.00578614
-3.449155e-008	0.0233154
-3.446655e-008	0.0151611
-3.444155e-008	0.0170166
-3.441655e-008	0.0294922
-3.439155e-008	0.026001
-3.436655e-008	0.0281983
-3.434155e-008	0.0168945
-3.431655e-008	0.0112061
-3.429155e-008	0.0291504
-3.426655e-008	0.0189941
-3.424155e-008	0.00742188
-3.421655e-008	0.00957032
-3.419155e-008	0.00129395
-3.416655e-008	0.0134033
-3.414155e-008	0.022168
-3.411655e-008	0.0150391
-3.409155e-008	0.0223145
-3.406655e-008	0.025
-3.404155e-008	0.0274414
-3.401655e-008	0.0283691
-3.399155e-008	0.0187012
-3.396655e-008	0.0191162
-3.394155e-008	0.0152832
-3.391655e-008	0.0112305
-3.389155e-008	0.0253906
-3.386655e-008	0.0264404
-3.384155e-008	0.0170166
-3.381655e-008	0.0215332
-3.379155e-008	0.0195068
-3.376655e-008	0.0197266
-3.374155e-008	0.028125
-3.371655e-008	0.0162842
-3.369155e-008	0.0128906
-3.366655e-008	0.0281983
-3.364155e-008	0.0209717
-3.361655e-008	0.0130127
-3.359155e-008	0.0343506
-3.356655e-008	0.0413818
-3.354155e-008	0.0217529
-3.351655e-008	0.0197998
-3.349155e-008	0.0165527
-3.346655e-008	0.00324708
-3.344155e-008	0.0178711
-3.341655e-008	0.0269043
-3.339155e-008	0.016333
-3.336655e-008	0.0155762
-3.334155e-008	0.0194336
-3.331655e-008	0.0303955
-3.329155e-008	0.0294922
-3.326655e-008	0.014209
-3.324155e-008	0.0150391
-3.321655e-008	0.0172607
-3.319155e-008	0.0238281
-3.316655e-008	0.0322022
-3.314155e-008	0.0203857
-3.311655e-008	0.011377
-3.309155e-008	0.0156738
-3.306655e-008	0.0227295
-3.304155e-008	0.0199707
-3.301655e-008	0.0177002
-3.299155e-008	0.0361572
-3.296655e-008	0.0372315
-3.294155e-008	0.0116211
-3.291655e-008	0.0108643
-3.289155e-008	0.0156738
-3.286655e-008	0.00512696
-3.284155e-008	0.0227783
-3.281655e-008	0.030127
-3.279155e-008	0.0103516
-3.276655e-008	0.0163818
-3.274155e-008	0.0167725
-3.271655e-008	0.00908204
-3.269155e-008	0.0154785
-3.266655e-008	0.0188477
-3.264155e-008	0.019043
-3.261655e-008	0.0131592
-3.259155e-008	0.0233887
-3.256655e-008	0.0358887
-3.254155e-008	0.0290039
-3.251655e-008	0.030542
-3.249155e-008	0.0218994
-3.246655e-008	0.0126221
-3.244155e-008	0.0247559
-3.241655e-008	0.02771
-3.239155e-008	0.0296143
-3.236655e-008	0.0297608
-3.234155e-008	0.0174072
-3.231655e-008	0.0153809
-3.229155e-008	0.0166992
-3.226655e-008	0.0193604
-3.224155e-008	0.0303467
-3.221655e-008	0.0280029
-3.219155e-008	0.0239014
-3.216655e-008	0.0316162
-3.214155e-008	0.0261231
-3.211655e-008	0.0169434
-3.209155e-008	0.0256592
-3.206655e-008	0.0260254
-3.204155e-008	0.0119873
-3.201655e-008	0.00881348
-3.199155e-008	0.0205566
-3.196655e-008	0.0290772
-3.194155e-008	0.00886231
-3.191655e-008	-9.76488e-005
-3.189155e-008	0.029541
-3.186655e-008	0.0335205
-3.184155e-008	0.0179199
-3.181655e-008	0.0224854
-3.179155e-008	0.0282471
-3.176655e-008	0.0203857
-3.174155e-008	0.00456544
-3.171655e-008	0.017334
-3.169155e-008	0.0346191
-3.166655e-008	0.0189209
-3.164155e-008	0.0217529
-3.161655e-008	0.0308594
-3.159155e-008	0.0248779
-3.156655e-008	0.0256104
-3.154155e-008	0.0143555
-3.151655e-008	0.0148193
-3.149155e-008	0.0275879
-3.146655e-008	0.0239014
-3.144155e-008	0.0196289
-3.141655e-008	0.00842286
-3.139155e-008	0.0114258
-3.136655e-008	0.0291504
-3.134155e-008	0.0210938
-3.131655e-008	0.0163818
-3.129155e-008	0.0165283
-3.126655e-008	0.00236817
-3.124155e-008	0.00913087
-3.121655e-008	0.025
-3.119155e-008	0.0248779
-3.116655e-008	0.0193115
-3.114155e-008	0.0137451
-3.111655e-008	0.0258301
-3.109155e-008	0.0343018
-3.106655e-008	0.0162109
-3.104155e-008	0.0148682
-3.101655e-008	0.0259766
-3.099155e-008	0.0251465
-3.096655e-008	0.0317627
-3.094155e-008	0.0292236
-3.091655e-008	0.017041
-3.089155e-008	0.0277344
-3.086655e-008	0.032251
-3.084155e-008	0.0179443
-3.081655e-008	0.017334
-3.079155e-008	0.0248535
-3.076655e-008	0.0343994
-3.074155e-008	0.0261231
-3.071655e-008	0.00837403
-3.069155e-008	0.0187988
-3.066655e-008	0.0166016
-3.064155e-008	0.0118408
-3.061655e-008	0.0253906
-3.059155e-008	0.017334
-3.056655e-008	0.0178955
-3.054155e-008	0.0275879
-3.051655e-008	0.0218506
-3.049155e-008	0.0201416
-3.046655e-008	0.0114258
-3.044155e-008	0.00468751
-3.041655e-008	0.0183106
-3.039155e-008	0.0337891
-3.036655e-008	0.0327393
-3.034155e-008	0.00998536
-3.031655e-008	-0.000561516
-3.029155e-008	0.0150635
-3.026655e-008	0.0243164
-3.024155e-008	0.0281983
-3.021655e-008	0.0262207
-3.019155e-008	0.0200684
-3.016655e-008	0.0229248
-3.014155e-008	0.0209229
-3.011655e-008	0.0192871
-3.009155e-008	0.0183594
-3.006655e-008	0.019043
-3.004155e-008	0.0282471
-3.001655e-008	0.0209229
-2.999155e-008	0.0117676
-2.996655e-008	0.0165772
-2.994155e-008	0.0143799
-2.991655e-008	0.0213135
-2.989155e-008	0.0306152
-2.986655e-008	0.0230957
-2.984155e-008	0.0247803
-2.981655e-008	0.0253174
-2.979155e-008	0.0199463
-2.976655e-008	0.0276856
-2.974155e-008	0.0253418
-2.971655e-008	0.0156006
-2.969155e-008	0.0198731
-2.966655e-008	0.027124
-2.964155e-008	0.0192383
-2.961655e-008	0.0134033
-2.959155e-008	0.030249
-2.956655e-008	0.0316162
-2.954155e-008	0.0169922
-2.951655e-008	0.0171143
-2.949155e-008	0.0165039
-2.946655e-008	0.0195801
-2.944155e-008	0.0257324
-2.941655e-008	0.0145264
-2.939155e-008	0.00886231
-2.936655e-008	0.0243897
-2.934155e-008	0.0261475
-2.931655e-008	0.0174072
-2.929155e-008	0.021875
-2.926655e-008	0.0189697
-2.924155e-008	0.0226318
-2.921655e-008	0.0274658
-2.919155e-008	0.0168701
-2.916655e-008	0.0248291
-2.914155e-008	0.0228027
-2.911655e-008	0.00974122
-2.909155e-008	0.01875
-2.906655e-008	0.0154541
-2.904155e-008	0.00905762
-2.901655e-008	0.0203125
-2.899155e-008	0.0326416
-2.896655e-008	0.0320557
-2.894155e-008	0.0137451
-2.891655e-008	0.0113281
-2.889155e-008	0.0263916
-2.886655e-008	0.0288086
-2.884155e-008	0.0283936
-2.881655e-008	0.0236816
-2.879155e-008	0.017749
-2.876655e-008	0.0286865
-2.874155e-008	0.0317627
-2.871655e-008	0.0230957
-2.869155e-008	0.0255127
-2.866655e-008	0.0236328
-2.864155e-008	0.0152832
-2.861655e-008	0.0164551
-2.859155e-008	0.0218994
-2.856655e-008	0.0189941
-2.854155e-008	0.0120606
-2.851655e-008	0.0157471
-2.849155e-008	0.0219482
-2.846655e-008	0.0224365
-2.844155e-008	0.0240967
-2.841655e-008	0.022876
-2.839155e-008	0.0179688
-2.836655e-008	0.0212891
-2.834155e-008	0.0213379
-2.831655e-008	0.0127686
-2.829155e-008	0.0188232
-2.826655e-008	0.023877
-2.824155e-008	0.0243652
-2.821655e-008	0.029834
-2.819155e-008	0.0200928
-2.816655e-008	0.0149902
-2.814155e-008	0.0187988
-2.811655e-008	0.0206299
-2.809155e-008	0.0286865
-2.806655e-008	0.021875
-2.804155e-008	0.0101318
-2.801655e-008	0.0148926
-2.799155e-008	0.0258301
-2.796655e-008	0.0296387
-2.794155e-008	0.0233643
-2.791655e-008	0.0248535
-2.789155e-008	0.026709
-2.786655e-008	0.0256592
-2.784155e-008	0.0329834
-2.781655e-008	0.0215088
-2.779155e-008	0.0131836
-2.776655e-008	0.0228272
-2.774155e-008	0.0104004
-2.771655e-008	0.0123047
-2.769155e-008	0.0264893
-2.766655e-008	0.012085
-2.764155e-008	0.0171875
-2.761655e-008	0.0296875
-2.759155e-008	0.02229
-2.756655e-008	0.0276856
-2.754155e-008	0.0216065
-2.751655e-008	0.00703126
-2.749155e-008	0.0182373
-2.746655e-008	0.0290039
-2.744155e-008	0.0272949
-2.741655e-008	0.0230957
-2.739155e-008	0.0260254
-2.736655e-008	0.0251953
-2.734155e-008	0.00834962
-2.731655e-008	0.0154541
-2.729155e-008	0.0304932
-2.726655e-008	0.0265137
-2.724155e-008	0.020752
-2.721655e-008	0.00808106
-2.719155e-008	0.0158936
-2.716655e-008	0.0275879
-2.714155e-008	0.0184326
-2.711655e-008	0.0194092
-2.709155e-008	0.0175293
-2.706655e-008	0.0156006
-2.704155e-008	0.0196045
-2.701655e-008	0.0185059
-2.699155e-008	0.0185059
-2.696655e-008	0.0166992
-2.694155e-008	0.0217285
-2.691655e-008	0.0291016
-2.689155e-008	0.0323486
-2.686655e-008	0.0311279
-2.684155e-008	0.0191162
-2.681655e-008	0.0148682
-2.679155e-008	0.0222412
-2.676655e-008	0.0231201
-2.674155e-008	0.01604
-2.671655e-008	0.0161377
-2.669155e-008	0.024707
-2.666655e-008	0.0282715
-2.664155e-008	0.0259277
-2.661655e-008	0.0114502
-2.659155e-008	0.00244141
-2.656655e-008	0.0229248
-2.654155e-008	0.0330811
-2.651655e-008	0.0202881
-2.649155e-008	0.0206299
-2.646655e-008	0.0219238
-2.644155e-008	0.0183594
-2.641655e-008	0.0338135
-2.639155e-008	0.0449463
-2.636655e-008	0.0339356
-2.634155e-008	0.0230225
-2.631655e-008	0.0186524
-2.629155e-008	0.0236328
-2.626655e-008	0.0201904
-2.624155e-008	0.0125488
-2.621655e-008	0.0266846
-2.619155e-008	0.0282471
-2.616655e-008	0.0230469
-2.614155e-008	0.0253662
-2.611655e-008	0.0162354
-2.609155e-008	0.0199707
-2.606655e-008	0.0199951
-2.604155e-008	0.0152344
-2.601655e-008	0.0269775
-2.599155e-008	0.0171631
-2.596655e-008	0.00593262
-2.594155e-008	0.00878907
-2.591655e-008	0.00441895
-2.589155e-008	0.0222412
-2.586655e-008	0.0355469
-2.584155e-008	0.0187988
-2.581655e-008	0.0157471
-2.579155e-008	0.0268311
-2.576655e-008	0.0288574
-2.574155e-008	0.0247315
-2.571655e-008	0.0285156
-2.569155e-008	0.0220215
-2.566655e-008	0.00417481
-2.564155e-008	0.0168457
-2.561655e-008	0.0292236
-2.559155e-008	0.0254639
-2.556655e-008	0.0290039
-2.554155e-008	0.0165283
-2.551655e-008	0.0134277
-2.549155e-008	0.0259033
-2.546655e-008	0.0164795
-2.544155e-008	0.0113037
-2.541655e-008	0.0162109
-2.539155e-008	0.020459
-2.536655e-008	0.0297608
-2.534155e-008	0.0171875
-2.531655e-008	0.00375977
-2.529155e-008	0.0136719
-2.526655e-008	0.00886231
-2.524155e-008	0.00368653
-2.521655e-008	0.00734864
-2.519155e-008	0.00222169
-2.516655e-008	0.0144287
-2.514155e-008	0.0264404
-2.511655e-008	0.0289307
-2.509155e-008	0.0382813
-2.506655e-008	0.0235107
-2.504155e-008	0.00358887
-2.501655e-008	0.00810548
-2.499155e-008	0.0172852
-2.496655e-008	0.0241943
-2.494155e-008	0.0205566
-2.491655e-008	0.0150147
-2.489155e-008	0.0248291
-2.486655e-008	0.0299316
-2.484155e-008	0.025415
-2.481655e-008	0.0281006
-2.479155e-008	0.0264404
-2.476655e-008	0.0143555
-2.474155e-008	0.00683595
-2.471655e-008	0.0104981
-2.469155e-008	0.0214356
-2.466655e-008	0.0164795
-2.464155e-008	0.0129639
-2.461655e-008	0.031543
-2.459155e-008	0.0310547
-2.456655e-008	0.0210693
-2.454155e-008	0.0279297
-2.451655e-008	0.0317139
-2.449155e-008	0.0287598
-2.446655e-008	0.0238281
-2.444155e-008	0.017749
-2.441655e-008	0.0172119
-2.439155e-008	0.0302002
-2.436655e-008	0.0320313
-2.434155e-008	0.00715333
-2.431655e-008	0.0076172
-2.429155e-008	0.0261963
-2.426655e-008	0.0229492
-2.424155e-008	0.0307617
-2.421655e-008	0.0265381
-2.419155e-008	0.0010254
-2.416655e-008	0.00461427
-2.414155e-008	0.0103027
-2.411655e-008	0.0189453
-2.409155e-008	0.0325684
-2.406655e-008	0.0202637
-2.404155e-008	0.0163574
-2.401655e-008	0.0181641
-2.399155e-008	0.0192383
-2.396655e-008	0.0371826
-2.394155e-008	0.0363525
-2.391655e-008	0.0208984
-2.389155e-008	0.0199219
-2.386655e-008	0.0219971
-2.384155e-008	0.0207764
-2.381655e-008	0.0213623
-2.379155e-008	0.0302002
-2.376655e-008	0.0306641
-2.374155e-008	0.0106934
-2.371655e-008	0.00932618
-2.369155e-008	0.0236084
-2.366655e-008	0.0206543
-2.364155e-008	0.00895997
-2.361655e-008	0.00483399
-2.359155e-008	0.0260742
-2.356655e-008	0.0385986
-2.354155e-008	0.0211426
-2.351655e-008	0.0178711
-2.349155e-008	0.0195801
-2.346655e-008	0.0124268
-2.344155e-008	0.0130127
-2.341655e-008	0.0202881
-2.339155e-008	0.0315674
-2.336655e-008	0.0295899
-2.334155e-008	0.0162354
-2.331655e-008	0.017749
-2.329155e-008	0.0230225
-2.326655e-008	0.0216309
-2.324155e-008	0.0277344
-2.321655e-008	0.0254395
-2.319155e-008	0.0147217
-2.316655e-008	0.0197754
-2.314155e-008	0.0230957
-2.311655e-008	0.0206543
-2.309155e-008	0.0254883
-2.306655e-008	0.0286865
-2.304155e-008	0.0287598
-2.301655e-008	0.0127686
-2.299155e-008	0.00019532
-2.296655e-008	0.0161133
-2.294155e-008	0.010791
-2.291655e-008	-0.000292961
-2.289155e-008	0.0178467
-2.286655e-008	0.0200195
-2.284155e-008	0.0159668
-2.281655e-008	0.0266846
-2.279155e-008	0.0273682
-2.276655e-008	0.0125
-2.274155e-008	0.0108399
-2.271655e-008	0.025415
-2.269155e-008	0.020166
-2.266655e-008	0.0187256
-2.264155e-008	0.0305176
-2.261655e-008	0.022876
-2.259155e-008	0.0175293
-2.256655e-008	0.0236816
-2.254155e-008	0.0175293
-2.251655e-008	0.0123535
-2.249155e-008	0.0210205
-2.246655e-008	0.0230225
-2.244155e-008	0.0259277
-2.241655e-008	0.034082
-2.239155e-008	0.0361816
-2.236655e-008	0.0305664
-2.234155e-008	0.0212158
-2.231655e-008	0.0241943
-2.229155e-008	0.0211914
-2.226655e-008	0.017041
-2.224155e-008	0.0157715
-2.221655e-008	0.0143066
-2.219155e-008	0.0305664
-2.216655e-008	0.0268555
-2.214155e-008	0.0171143
-2.211655e-008	0.0236084
-2.209155e-008	0.0218506
-2.206655e-008	0.0162109
-2.204155e-008	0.00954591
-2.201655e-008	0.0212158
-2.199155e-008	0.039917
-2.196655e-008	0.029541
-2.194155e-008	-0.00424804
-2.191655e-008	-0.00534667
-2.189155e-008	0.0271973
-2.186655e-008	0.0240723
-2.184155e-008	0.0154785
-2.181655e-008	0.0243164
-2.179155e-008	0.0238281
-2.176655e-008	0.0249756
-2.174155e-008	0.0235107
-2.171655e-008	0.0201904
-2.169155e-008	0.0202149
-2.166655e-008	0.0257568
-2.164155e-008	0.0269043
-2.161655e-008	0.017334
-2.159155e-008	0.0120117
-2.156655e-008	0.0145264
-2.154155e-008	0.0220947
-2.151655e-008	0.0253662
-2.149155e-008	0.0223389
-2.146655e-008	0.017749
-2.144155e-008	0.0254395
-2.141655e-008	0.0248291
-2.139155e-008	-0.00129394
-2.136655e-008	0.00886231
-2.134155e-008	0.032959
-2.131655e-008	0.022876
-2.129155e-008	0.0157959
-2.126655e-008	0.00690919
-2.124155e-008	0.0036377
-2.121655e-008	0.0149414
-2.119155e-008	0.0164795
-2.116655e-008	0.019458
-2.114155e-008	0.0152344
-2.111655e-008	0.0102539
-2.109155e-008	0.0169678
-2.106655e-008	0.0123047
-2.104155e-008	0.0123047
-2.101655e-008	0.0200928
-2.099155e-008	0.0237305
-2.096655e-008	0.027124
-2.094155e-008	0.015918
-2.091655e-008	0.00913087
-2.089155e-008	0.0182129
-2.086655e-008	0.0238037
-2.084155e-008	0.0251221
-2.081655e-008	0.0203125
-2.079155e-008	0.0187744
-2.076655e-008	0.016333
-2.074155e-008	0.00427247
-2.071655e-008	0.0152588
-2.069155e-008	0.0361572
-2.066655e-008	0.0239502
-2.064155e-008	0.0111572
-2.061655e-008	0.0213379
-2.059155e-008	0.0239502
-2.056655e-008	0.0239014
-2.054155e-008	0.0226074
-2.051655e-008	0.0113281
-2.049155e-008	0.0232422
-2.046655e-008	0.0319092
-2.044155e-008	0.000244148
-2.041655e-008	-0.00468749
-2.039155e-008	0.0220215
-2.036655e-008	0.0243164
-2.034155e-008	0.0241211
-2.031655e-008	0.0275391
-2.029155e-008	0.0210449
-2.026655e-008	0.02229
-2.024155e-008	0.026294
-2.021655e-008	0.0202881
-2.019155e-008	0.0151611
-2.016655e-008	0.0237305
-2.014155e-008	0.0288086
-2.011655e-008	0.0267334
-2.009155e-008	0.0271729
-2.006655e-008	0.021875
-2.004155e-008	0.0268799
-2.001655e-008	0.0303955
-1.999155e-008	0.0246338
-1.996655e-008	0.0307617
-1.994155e-008	0.0241211
-1.991655e-008	0.0177002
-1.989155e-008	0.0265625
-1.986655e-008	0.0223389
-1.984155e-008	0.0197022
-1.981655e-008	0.0209229
-1.979155e-008	0.0227295
-1.976655e-008	0.0338623
-1.974155e-008	0.0327881
-1.971655e-008	0.0299072
-1.969155e-008	0.0304443
-1.966655e-008	0.0134033
-1.964155e-008	0.00786134
-1.961655e-008	0.0213867
-1.959155e-008	0.0191406
-1.956655e-008	0.0116699
-1.954155e-008	0.0129639
-1.951655e-008	0.0134522
-1.949155e-008	0.0157959
-1.946655e-008	0.0160645
-1.944155e-008	0.0210449
-1.941655e-008	0.0212891
-1.939155e-008	0.0110107
-1.936655e-008	0.0276856
-1.934155e-008	0.0364014
-1.931655e-008	0.0195068
-1.929155e-008	0.0228027
-1.926655e-008	0.020874
-1.924155e-008	0.0141113
-1.921655e-008	0.0209473
-1.919155e-008	0.0260742
-1.916655e-008	0.0357178
-1.914155e-008	0.0273438
-1.911655e-008	0.0105957
-1.909155e-008	0.0117432
-1.906655e-008	0.0125977
-1.904155e-008	0.0203857
-1.901655e-008	0.0174316
-1.899155e-008	0.0118408
-1.896655e-008	0.031665
-1.894155e-008	0.0259522
-1.891655e-008	0.00651856
-1.889155e-008	0.0152588
-1.886655e-008	0.0304443
-1.884155e-008	0.0351807
-1.881655e-008	0.0221924
-1.879155e-008	0.0164063
-1.876655e-008	0.0192139
-1.874155e-008	0.0090088
-1.871655e-008	0.00903321
-1.869155e-008	0.0153809
-1.866655e-008	0.00905762
-1.864155e-008	0.0069336
-1.861655e-008	0.0131836
-1.859155e-008	0.0191895
-1.856655e-008	0.0236572
-1.854155e-008	0.0200195
-1.851655e-008	0.0214844
-1.849155e-008	0.0234131
-1.846655e-008	0.00895997
-1.844155e-008	0.017627
-1.841655e-008	0.0363281
-1.839155e-008	0.0251221
-1.836655e-008	0.0174561
-1.834155e-008	0.0202637
-1.831655e-008	0.0148682
-1.829155e-008	0.00878907
-1.826655e-008	0.0118897
-1.824155e-008	0.0174072
-1.821655e-008	0.0193604
-1.819155e-008	0.0302246
-1.816655e-008	0.0395264
-1.814155e-008	0.0302979
-1.811655e-008	0.0229004
-1.809155e-008	0.0233887
-1.806655e-008	0.018042
-1.804155e-008	0.0229004
-1.801655e-008	0.0279053
-1.799155e-008	0.0229492
-1.796655e-008	0.0332764
-1.794155e-008	0.0319824
-1.791655e-008	0.0161621
-1.789155e-008	0.0153565
-1.786655e-008	0.0197022
-1.784155e-008	0.0299805
-1.781655e-008	0.025708
-1.779155e-008	0.0138428
-1.776655e-008	0.023877
-1.774155e-008	0.0223633
-1.771655e-008	0.0172607
-1.769155e-008	0.0244629
-1.766655e-008	0.0222168
-1.764155e-008	0.020752
-1.761655e-008	0.0184082
-1.759155e-008	0.0188477
-1.756655e-008	0.026709
-1.754155e-008	0.0271484
-1.751655e-008	0.0282715
-1.749155e-008	0.0260254
-1.746655e-008	0.0147949
-1.744155e-008	0.00378419
-1.741655e-008	0.00478516
-1.739155e-008	0.018042
-1.736655e-008	0.016919
-1.734155e-008	0.00720216
-1.731655e-008	0.0110596
-1.729155e-008	0.0206299
-1.726655e-008	0.0251709
-1.724155e-008	0.0283447
-1.721655e-008	0.0307617
-1.719155e-008	0.0250977
-1.716655e-008	0.0186035
-1.714155e-008	0.0146484
-1.711655e-008	0.0151123
-1.709155e-008	0.0223877
-1.706655e-008	0.0233887
-1.704155e-008	0.0187988
-1.701655e-008	0.0171143
-1.699155e-008	0.0192383
-1.696655e-008	0.0160645
-1.694155e-008	0.00656739
-1.691655e-008	0.0120606
-1.689155e-008	0.0224609
-1.686655e-008	0.0240723
-1.684155e-008	0.0280029
-1.681655e-008	0.0187744
-1.679155e-008	0.0150635
-1.676655e-008	0.0213867
-1.674155e-008	0.0108399
-1.671655e-008	0.0240479
-1.669155e-008	0.0335938
-1.666655e-008	0.0188477
-1.664155e-008	0.0306641
-1.661655e-008	0.0272217
-1.659155e-008	0.0175293
-1.656655e-008	0.0300293
-1.654155e-008	0.0208496
-1.651655e-008	0.00798341
-1.649155e-008	0.0134033
-1.646655e-008	0.0285156
-1.644155e-008	0.0300537
-1.641655e-008	0.0196533
-1.639155e-008	0.0335693
-1.636655e-008	0.0366211
-1.634155e-008	0.0212402
-1.631655e-008	0.0226563
-1.629155e-008	0.0216065
-1.626655e-008	0.0203857
-1.624155e-008	0.0292969
-1.621655e-008	0.0391113
-1.619155e-008	0.0350098
-1.616655e-008	0.0167969
-1.614155e-008	0.0127197
-1.611655e-008	0.0184082
-1.609155e-008	0.0314453
-1.606655e-008	0.0369385
-1.604155e-008	0.0198242
-1.601655e-008	0.0208008
-1.599155e-008	0.0320068
-1.596655e-008	0.0232666
-1.594155e-008	0.014502
-1.591655e-008	0.0203125
-1.589155e-008	0.0223877
-1.586655e-008	0.0191406
-1.584155e-008	0.0229492
-1.581655e-008	0.0176758
-1.579155e-008	0.0181397
-1.576655e-008	0.0250733
-1.574155e-008	0.0150391
-1.571655e-008	0.0156738
-1.569155e-008	0.0265381
-1.566655e-008	0.0281983
-1.564155e-008	0.0245361
-1.561655e-008	0.0137451
-1.559155e-008	0.0143311
-1.556655e-008	0.0230225
-1.554155e-008	0.0146729
-1.551655e-008	0.0175537
-1.549155e-008	0.0341309
-1.546655e-008	0.026416
-1.544155e-008	0.00949708
-1.541655e-008	0.010083
-1.539155e-008	0.0211426
-1.536655e-008	0.0239746
-1.534155e-008	0.0202881
-1.531655e-008	0.0253418
-1.529155e-008	0.0238525
-1.526655e-008	0.0131592
-1.524155e-008	0.0167969
-1.521655e-008	0.0209961
-1.519155e-008	0.0137207
-1.516655e-008	0.0137695
-1.514155e-008	0.0104981
-1.511655e-008	0.00444337
-1.509155e-008	0.0149902
-1.506655e-008	0.0253906
-1.504155e-008	0.0251953
-1.501655e-008	0.0165527
-1.499155e-008	0.0139893
-1.496655e-008	0.0305176
-1.494155e-008	0.0401367
-1.491655e-008	0.0320801
-1.489155e-008	0.0233399
-1.486655e-008	0.0168701
-1.484155e-008	0.0152344
-1.481655e-008	0.0203369
-1.479155e-008	0.0227539
-1.476655e-008	0.0277588
-1.474155e-008	0.027002
-1.471655e-008	0.0234619
-1.469155e-008	0.0289551
-1.466655e-008	0.0163818
-1.464155e-008	0.0145264
-1.461655e-008	0.0290772
-1.459155e-008	0.0259277
-1.456655e-008	0.0269775
-1.454155e-008	0.0203369
-1.451655e-008	0.0126709
-1.449155e-008	0.0168945
-1.446655e-008	0.0197022
-1.444155e-008	0.0308594
-1.441655e-008	0.0249268
-1.439155e-008	0.0221436
-1.436655e-008	0.0343262
-1.434155e-008	0.0186768
-1.431655e-008	0.0113525
-1.429155e-008	0.0199951
-1.426655e-008	0.0156982
-1.424155e-008	0.0161377
-1.421655e-008	0.0208984
-1.419155e-008	0.0268066
-1.416655e-008	0.0255859
-1.414155e-008	0.0111816
-1.411655e-008	0.0119873
-1.409155e-008	0.0216065
-1.406655e-008	0.0223633
-1.404155e-008	0.030249
-1.401655e-008	0.0308106
-1.399155e-008	0.0210449
-1.396655e-008	0.020874
-1.394155e-008	0.0206543
-1.391655e-008	0.0277588
-1.389155e-008	0.0310059
-1.386655e-008	0.0208984
-1.384155e-008	0.0208008
-1.381655e-008	0.0171387
-1.379155e-008	0.017627
-1.376655e-008	0.0283936
-1.374155e-008	0.0245361
-1.371655e-008	0.0180176
-1.369155e-008	0.0158203
-1.366655e-008	0.0151856
-1.364155e-008	0.0248047
-1.361655e-008	0.0299072
-1.359155e-008	0.0195313
-1.356655e-008	0.0150879
-1.354155e-008	0.0186035
-1.351655e-008	0.017627
-1.349155e-008	0.0171387
-1.346655e-008	0.020459
-1.344155e-008	0.029419
-1.341655e-008	0.0289063
-1.339155e-008	0.0250488
-1.336655e-008	0.0329834
-1.334155e-008	0.0255127
-1.331655e-008	0.0163086
-1.329155e-008	0.0229004
-1.326655e-008	0.0141846
-1.324155e-008	0.0116943
-1.321655e-008	0.0250488
-1.319155e-008	0.0228516
-1.316655e-008	0.0269287
-1.314155e-008	0.0265381
-1.311655e-008	0.0223145
-1.309155e-008	0.0395996
-1.306655e-008	0.026294
-1.304155e-008	0.00244141
-1.301655e-008	0.0176758
-1.299155e-008	0.0356934
-1.296655e-008	0.02771
-1.294155e-008	0.00947266
-1.291655e-008	0.0149414
-1.289155e-008	0.0226807
-1.286655e-008	0.0169434
-1.284155e-008	0.0197022
-1.281655e-008	0.0198486
-1.279155e-008	0.0225342
-1.276655e-008	0.0372315
-1.274155e-008	0.0299316
-1.271655e-008	0.00686036
-1.269155e-008	0.0204346
-1.266655e-008	0.0306885
-1.264155e-008	0.00812989
-1.261655e-008	0.00932618
-1.259155e-008	0.0222656
-1.256655e-008	0.0208252
-1.254155e-008	0.0172852
-1.251655e-008	0.0229981
-1.249155e-008	0.0330811
-1.246655e-008	0.0296875
-1.244155e-008	0.0211182
-1.241655e-008	0.0139649
-1.239155e-008	0.0144043
-1.236655e-008	0.0185547
-1.234155e-008	0.0169922
-1.231655e-008	0.0220703
-1.229155e-008	0.0270508
-1.226655e-008	0.0205566
-1.224155e-008	0.0135254
-1.221655e-008	0.0124024
-1.219155e-008	0.0165772
-1.216655e-008	0.0255615
-1.214155e-008	0.0238525
-1.211655e-008	0.0212158
-1.209155e-008	0.0277344
-1.206655e-008	0.027124
-1.204155e-008	0.0271973
-1.201655e-008	0.0238037
-1.199155e-008	0.0261963
-1.196655e-008	0.0381104
-1.194155e-008	0.0317871
-1.191655e-008	0.0210449
-1.189155e-008	0.0187744
-1.186655e-008	0.01875
-1.184155e-008	0.0225586
-1.181655e-008	0.0298584
-1.179155e-008	0.0326904
-1.176655e-008	0.025293
-1.174155e-008	0.0196533
-1.171655e-008	0.0290283
-1.169155e-008	0.0391602
-1.166655e-008	0.0215576
-1.164155e-008	0.011377
-1.161655e-008	0.0237061
-1.159155e-008	0.0203857
-1.156655e-008	0.0265381
-1.154155e-008	0.0315186
-1.151655e-008	0.0199707
-1.149155e-008	0.0246094
-1.146655e-008	0.0164307
-1.144155e-008	0.0148193
-1.141655e-008	0.0292969
-1.139155e-008	0.0181641
-1.136655e-008	0.0178467
-1.134155e-008	0.020459
-1.131655e-008	0.0126465
-1.129155e-008	0.0184815
-1.126655e-008	0.0175537
-1.124155e-008	0.0196289
-1.121655e-008	0.0266602
-1.119155e-008	0.030249
-1.116655e-008	0.0343506
-1.114155e-008	0.0254883
-1.111655e-008	0.0184082
-1.109155e-008	0.0162842
-1.106655e-008	0.0152344
-1.104155e-008	0.028418
-1.101655e-008	0.025415
-1.099155e-008	0.016626
-1.096655e-008	0.0332275
-1.094155e-008	0.0313477
-1.091655e-008	0.0183838
-1.089155e-008	0.0197266
-1.086655e-008	0.0190918
-1.084155e-008	0.0209717
-1.081655e-008	0.020752
-1.079155e-008	0.0292236
-1.076655e-008	0.0309326
-1.074155e-008	0.0136719
-1.071655e-008	0.0188232
-1.069155e-008	0.0248779
-1.066655e-008	0.0123047
-1.064155e-008	0.0164795
-1.061655e-008	0.0313721
-1.059155e-008	0.0340576
-1.056655e-008	0.0209229
-1.054155e-008	0.00446778
-1.051655e-008	0.012207
-1.049155e-008	0.0242676
-1.046655e-008	0.0224365
-1.044155e-008	0.0250244
-1.041655e-008	0.0139404
-1.039155e-008	0.010083
-1.036655e-008	0.0318115
-1.034155e-008	0.0331543
-1.031655e-008	0.0215088
-1.029155e-008	0.0173096
-1.026655e-008	0.0107666
-1.024155e-008	0.0212647
-1.021655e-008	0.0350586
-1.019155e-008	0.021167
-1.016655e-008	0.017334
-1.014155e-008	0.0188721
-1.011655e-008	0.0122559
-1.009155e-008	0.0226563
-1.006655e-008	0.0202149
-1.004155e-008	0.0207764
-1.001655e-008	0.0342285
-9.991553e-009	0.027417
-9.966553e-009	0.0224365
-9.941553e-009	0.0244629
-9.916553e-009	0.0234375
-9.891553e-009	0.019458
-9.866553e-009	0.0176514
-9.841553e-009	0.0102783
-9.816553e-009	0.00227052
-9.791553e-009	0.0232422
-9.766553e-009	0.0330078
-9.741553e-009	0.0184326
-9.716553e-009	0.017749
-9.691553e-009	0.0183838
-9.666553e-009	0.0179443
-9.641553e-009	0.0204102
-9.616553e-009	0.0146973
-9.591553e-009	0.0139893
-9.566553e-009	0.0260986
-9.541553e-009	0.0307373
-9.516553e-009	0.0162598
-9.491553e-009	0.00895997
-9.466553e-009	0.0206299
-9.441553e-009	0.0283691
-9.416553e-009	0.0245361
-9.391553e-009	0.0193604
-9.366553e-009	0.0198242
-9.341553e-009	0.0181885
-9.316553e-009	0.016626
-9.291553e-009	0.0164551
-9.266553e-009	0.0111328
-9.241553e-009	0.019165
-9.216553e-009	0.0262451
-9.191553e-009	0.0186524
-9.166553e-009	0.0191406
-9.141553e-009	0.017041
-9.116553e-009	0.0110107
-9.091553e-009	0.00893555
-9.066553e-009	0.00734864
-9.041553e-009	0.0227539
-9.016553e-009	0.0303223
-8.991553e-009	0.0255127
-8.966553e-009	0.0416016
-8.941553e-009	0.0331543
-8.916553e-009	0.0065918
-8.891553e-009	0.0159668
-8.866553e-009	0.0226807
-8.841553e-009	0.0229981
-8.816553e-009	0.0324219
-8.791553e-009	0.0279541
-8.766553e-009	0.0209229
-8.741553e-009	0.018042
-8.716553e-009	0.0190186
-8.691553e-009	0.0242432
-8.666553e-009	0.0140137
-8.641553e-009	0.0114258
-8.616553e-009	0.0335205
-8.591553e-009	0.0326904
-8.566553e-009	0.017334
-8.541553e-009	0.0142334
-8.516553e-009	0.00976563
-8.491553e-009	0.0186035
-8.466553e-009	0.0260498
-8.441553e-009	0.0252197
-8.416553e-009	0.0277832
-8.391553e-009	0.0209473
-8.366553e-009	0.0251953
-8.341553e-009	0.0293945
-8.316553e-009	0.0161621
-8.291553e-009	0.0143311
-8.266553e-009	0.0206299
-8.241553e-009	0.0264404
-8.216553e-009	0.0244385
-8.191553e-009	0.0123535
-8.166553e-009	0.0175537
-8.141553e-009	0.0248047
-8.116553e-009	0.0165527
-8.091553e-009	0.0176758
-8.066553e-009	0.0243164
-8.041553e-009	0.0161621
-8.016553e-009	0.00419923
-7.991553e-009	0.0111572
-7.966553e-009	0.0168701
-7.941553e-009	0.0124024
-7.916553e-009	0.0199707
-7.891553e-009	0.0203613
-7.866553e-009	0.0169922
-7.841553e-009	0.0237793
-7.816553e-009	0.020459
-7.791553e-009	0.0218994
-7.766553e-009	0.0297363
-7.741553e-009	0.0210938
-7.716553e-009	0.0158936
-7.691553e-009	0.0221436
-7.666553e-009	0.0238037
-7.641553e-009	0.023877
-7.616553e-009	0.0128174
-7.591553e-009	0.00583497
-7.566553e-009	0.013916
-7.541553e-009	0.00766602
-7.516553e-009	0.0111328
-7.491553e-009	0.0290772
-7.466553e-009	0.0273438
-7.441553e-009	0.0283936
-7.416553e-009	0.0358643
-7.391553e-009	0.0192871
-7.366553e-009	0.00498048
-7.341553e-009	0.0169678
-7.316553e-009	0.0202393
-7.291553e-009	0.0146484
-7.266553e-009	0.0208984
-7.241553e-009	0.0293945
-7.216553e-009	0.0288086
-7.191553e-009	0.0263184
-7.166553e-009	0.0336426
-7.141553e-009	0.0267334
-7.116553e-009	0.0146973
-7.091553e-009	0.0260254
-7.066553e-009	0.0259522
-7.041553e-009	0.011377
-7.016553e-009	0.0137207
-6.991553e-009	0.0217285
-6.966553e-009	0.0223633
-6.941553e-009	0.0189697
-6.916553e-009	0.0164307
-6.891553e-009	0.0238281
-6.866553e-009	0.02854
-6.841553e-009	0.0263916
-6.816553e-009	0.0308106
-6.791553e-009	0.0329834
-6.766553e-009	0.0287842
-6.741553e-009	0.013794
-6.716553e-009	0.00527345
-6.691553e-009	0.020044
-6.666553e-009	0.0205078
-6.641553e-009	0.0111328
-6.616553e-009	0.0157959
-6.591553e-009	0.0210938
-6.566553e-009	0.0230957
-6.541553e-009	0.0183594
-6.516553e-009	0.0186035
-6.491553e-009	0.0267334
-6.466553e-009	0.0269287
-6.441553e-009	0.03125
-6.416553e-009	0.0336182
-6.391553e-009	0.0262207
-6.366553e-009	0.0255615
-6.341553e-009	0.0217285
-6.316553e-009	0.0168457
-6.291553e-009	0.0200928
-6.266553e-009	0.0241943
-6.241553e-009	0.0261963
-6.216553e-009	0.0207275
-6.191553e-009	0.0259522
-6.166553e-009	0.0380615
-6.141553e-009	0.0311768
-6.116553e-009	0.0208496
-6.091553e-009	0.0155274
-6.066553e-009	0.0137695
-6.041553e-009	0.0223389
-6.016553e-009	0.027832
-5.991553e-009	0.0249756
-5.966553e-009	0.0246582
-5.941553e-009	0.0289551
-5.916553e-009	0.0277588
-5.891553e-009	0.0188721
-5.866553e-009	0.0143311
-5.841553e-009	0.0195313
-5.816553e-009	0.0293457
-5.791553e-009	0.027002
-5.766553e-009	0.0114502
-5.741553e-009	0.00791016
-5.716553e-009	0.0228516
-5.691553e-009	0.0314941
-5.666553e-009	0.0201416
-5.641553e-009	0.015918
-5.616553e-009	0.0223877
-5.591553e-009	0.012207
-5.566553e-009	0.0136231
-5.541553e-009	0.0343994
-5.516553e-009	0.0283447
-5.491553e-009	0.0263184
-5.466553e-009	0.036377
-5.441553e-009	0.0197022
-5.416553e-009	0.0193359
-5.391553e-009	0.0283691
-5.366553e-009	0.0307373
-5.341553e-009	0.039502
-5.316553e-009	0.0241455
-5.291553e-009	0.0278809
-5.266553e-009	0.0377441
-5.241553e-009	0.0140869
-5.216553e-009	0.0197998
-5.191553e-009	0.0361572
-5.166553e-009	0.0291016
-5.141553e-009	0.0247315
-5.116553e-009	0.0296387
-5.091553e-009	0.026709
-5.066553e-009	0.0140381
-5.041553e-009	0.0255615
-5.016553e-009	0.0305664
-4.991553e-009	0.0178467
-4.966553e-009	0.0251709
-4.941553e-009	0.0189697
-4.916553e-009	0.0105957
-4.891553e-009	0.0182861
-4.866553e-009	0.0129883
-4.841553e-009	0.0161865
-4.816553e-009	0.0144287
-4.791553e-009	0.00876466
-4.766553e-009	0.0305176
-4.741553e-009	0.0223633
-4.716553e-009	0.00446778
-4.691553e-009	0.0268799
-4.666553e-009	0.023584
-4.641553e-009	0.0131592
-4.616553e-009	0.0284912
-4.591553e-009	0.0256348
-4.566553e-009	0.0307617
-4.541553e-009	0.0443848
-4.516553e-009	0.0297852
-4.491553e-009	0.0166748
-4.466553e-009	0.0265625
-4.441553e-009	0.0395752
-4.416553e-009	0.0320313
-4.391553e-009	0.0267822
-4.366553e-009	0.0391358
-4.341553e-009	0.0235107
-4.316553e-009	0.00375977
-4.291553e-009	0.0150879
-4.266553e-009	0.0200928
-4.241553e-009	0.0184082
-4.216553e-009	0.0206787
-4.191553e-009	0.0282715
-4.166553e-009	0.0336914
-4.141553e-009	0.0183838
-4.116553e-009	0.0142578
-4.091553e-009	0.0229248
-4.066553e-009	0.0171875
-4.041553e-009	0.0186279
-4.016553e-009	0.0257324
-3.991553e-009	0.028418
-3.966553e-009	0.0352051
-3.941553e-009	0.029419
-3.916553e-009	0.0245117
-3.891553e-009	0.03125
-3.866553e-009	0.0223633
-3.841553e-009	0.0251465
-3.816553e-009	0.0343262
-3.791553e-009	0.0171875
-3.766553e-009	0.0140869
-3.741553e-009	0.0118652
-3.716553e-009	-0.00217284
-3.691553e-009	0.0143799
-3.666553e-009	0.0337158
-3.641553e-009	0.0336426
-3.616553e-009	0.0220215
-3.591553e-009	0.00773927
-3.566553e-009	0.0147949
-3.541553e-009	0.0159912
-3.516553e-009	0.0127441
-3.491553e-009	0.0305908
-3.466553e-009	0.0355469
-3.441553e-009	0.0237061
-3.416553e-009	0.0100098
-3.391553e-009	0.0116455
-3.366553e-009	0.0303223
-3.341553e-009	0.0349121
-3.316553e-009	0.0346191
-3.291553e-009	0.0251953
-3.266553e-009	0.0116455
-3.241553e-009	0.0231445
-3.216553e-009	0.0285889
-3.191553e-009	0.0261719
-3.166553e-009	0.0280518
-3.141553e-009	0.0141357
-3.116553e-009	0.0122315
-3.091553e-009	0.0261231
-3.066553e-009	0.0269043
-3.041553e-009	0.0297119
-3.016553e-009	0.0280274
-2.991553e-009	0.0238525
-2.966553e-009	0.0311768
-2.941553e-009	0.0213379
-2.916553e-009	0.0175781
-2.891553e-009	0.031665
-2.866553e-009	0.0271729
-2.841553e-009	0.020874
-2.816553e-009	0.0178955
-2.791553e-009	0.0124024
-2.766553e-009	0.0224365
-2.741553e-009	0.0352783
-2.716553e-009	0.0288818
-2.691553e-009	0.015918
-2.666553e-009	0.0154053
-2.641553e-009	0.0152832
-2.616553e-009	0.0186035
-2.591553e-009	0.0353516
-2.566553e-009	0.0355713
-2.541553e-009	0.0217529
-2.516553e-009	0.0220947
-2.491553e-009	0.0229736
-2.466553e-009	0.0156006
-2.441553e-009	0.0231445
-2.416553e-009	0.0357666
-2.391553e-009	0.0243897
-2.366553e-009	0.0166992
-2.341553e-009	0.0199463
-2.316553e-009	0.0207275
-2.291553e-009	0.0310303
-2.266553e-009	0.0260498
-2.241553e-009	0.0200928
-2.216553e-009	0.0299316
-2.191553e-009	0.0322998
-2.166553e-009	0.0389404
-2.141553e-009	0.0405762
-2.116553e-009	0.0270752
-2.091553e-009	0.0104981
-2.066553e-009	0.016919
-2.041553e-009	0.0328613
-2.016553e-009	0.0205078
-1.991553e-009	0.0245117
-1.966553e-009	0.034375
-1.941553e-009	0.0193848
-1.916553e-009	0.0172852
-1.891553e-009	0.0142822
-1.866553e-009	0.0074463
-1.841553e-009	0.0202881
-1.816553e-009	0.0363525
-1.791553e-009	0.0338623
-1.766553e-009	0.0212647
-1.741553e-009	0.0225586
-1.716553e-009	0.024707
-1.691553e-009	0.0166748
-1.666553e-009	0.0241699
-1.641553e-009	0.0286865
-1.616553e-009	0.0164551
-1.591553e-009	0.0206299
-1.566553e-009	0.0137451
-1.541553e-009	0.00205079
-1.516553e-009	0.020166
-1.491553e-009	0.0276611
-1.466553e-009	0.0291504
-1.441553e-009	0.0341797
-1.416553e-009	0.0257813
-1.391553e-009	0.0253906
-1.366553e-009	0.0320313
-1.341553e-009	0.025293
-1.316553e-009	0.0147705
-1.291553e-009	0.0186524
-1.266553e-009	0.0219971
-1.241553e-009	0.0205322
-1.216553e-009	0.01875
-1.191553e-009	0.0123779
-1.166553e-009	0.015332
-1.141553e-009	0.0133789
-1.116553e-009	0.0131836
-1.091553e-009	0.0221191
-1.066553e-009	0.0210205
-1.041553e-009	0.0364258
-1.016553e-009	0.0355957
-9.915527e-010	0.0188232
-9.665527e-010	0.0317627
-9.415527e-010	0.0202637
-9.165527e-010	0.0118897
-8.915527e-010	0.026001
-8.665527e-010	0.0143311
-8.415527e-010	0.0215088
-8.165527e-010	0.0309082
-7.915527e-010	0.0155274
-7.665527e-010	0.0190674
-7.415527e-010	0.0289795
-7.165527e-010	0.0243164
-6.915527e-010	0.0208252
-6.665527e-010	0.0263184
-6.415527e-010	0.0232422
-6.165527e-010	0.0202149
-5.915527e-010	0.0252686
-5.665527e-010	0.0104248
-5.415527e-010	0.00488282
-5.165527e-010	0.0248779
-4.915527e-010	0.0259277
-4.665527e-010	0.017041
-4.415527e-010	0.0169434
-4.165527e-010	0.019458
-3.915527e-010	0.0309815
-3.665527e-010	0.0327881
-3.415527e-010	0.0192383
-3.165527e-010	0.015625
-2.915527e-010	0.0175049
-2.665527e-010	0.0140869
-2.415527e-010	0.0119385
-2.165527e-010	0.0163818
-1.915527e-010	0.0238037
-1.665527e-010	0.0189209
-1.415527e-010	0.0019043
-1.165527e-010	-0.00163573
-9.155273e-011	0.00717774
-6.655273e-011	-0.00231933
-4.155273e-011	-0.00947265
-1.655273e-011	-0.00776366
8.447266e-012	-0.037915
3.344727e-011	-0.0578857
5.844727e-011	-0.0469482
8.344727e-011	-0.044458
1.084473e-010	-0.0504394
1.334473e-010	-0.0766601
1.584473e-010	-0.0908691
1.834473e-010	-0.0915527
2.084473e-010	-0.107983
2.334473e-010	-0.0996338
2.584473e-010	-0.101562
2.834473e-010	-0.126562
3.084473e-010	-0.129883
3.334473e-010	-0.125879
3.584473e-010	-0.129541
3.834473e-010	-0.137744
4.084473e-010	-0.113232
4.334473e-010	-0.0853027
4.584473e-010	-0.0915527
4.834473e-010	-0.0878174
5.084473e-010	-0.083081
5.334473e-010	-0.0760742
5.584473e-010	-0.0651611
5.834473e-010	-0.0604004
6.084473e-010	-0.0351318
6.334473e-010	-0.0165039
6.584473e-010	-0.0133789
6.834473e-010	-0.0106445
7.084473e-010	-0.00744628
7.334473e-010	-0.00356445
7.584473e-010	-0.00583495
7.834473e-010	0.0188232
8.084473e-010	0.0395996
8.334473e-010	0.0214111
8.584473e-010	0.0162109
8.834473e-010	0.0259033
9.084473e-010	0.037915
9.334473e-010	0.0395996
9.584473e-010	0.022876
9.834473e-010	0.0195801
1.008447e-009	0.02229
1.033447e-009	0.0301025
1.058447e-009	0.0422608
1.083447e-009	0.0359619
1.108447e-009	0.0414795
1.133447e-009	0.0496094
1.158447e-009	0.0320313
1.183447e-009	0.0343018
1.208447e-009	0.0424072
1.233447e-009	0.0229736
1.258447e-009	0.0161865
1.283447e-009	0.0265137
1.308447e-009	0.0335205
1.333447e-009	0.0358154
1.358447e-009	0.0349365
1.383447e-009	0.0391846
1.408447e-009	0.0419434
1.433447e-009	0.0297119
1.458447e-009	0.0159912
1.483447e-009	0.0279297
1.508447e-009	0.0382813
1.533447e-009	0.01875
1.558447e-009	0.0155029
1.583447e-009	0.0264404
1.608447e-009	0.020459
1.633447e-009	0.0220215
1.658447e-009	0.0216309
1.683447e-009	0.00986329
1.708447e-009	0.0098877
1.733447e-009	0.0172852
1.758447e-009	0.0227295
1.783447e-009	0.0139404
1.808447e-009	-0.00698241
1.833447e-009	-0.00827636
1.858447e-009	0.0027588
1.883447e-009	0.00756837
1.908447e-009	0.0150391
1.933447e-009	0.0216797
1.958447e-009	0.0259277
1.983447e-009	0.0176758
2.008447e-009	0.00583497
2.033447e-009	0.0157471
2.058447e-009	0.0189453
2.083447e-009	0.0155274
2.108447e-009	0.0226807
2.133447e-009	0.0130127
2.158447e-009	0.00524903
2.183447e-009	0.0217041
2.208447e-009	0.0317871
2.233447e-009	0.0313477
2.258447e-009	0.0250733
2.283447e-009	0.010791
2.308447e-009	0.0188721
2.333447e-009	0.0287842
2.358447e-009	0.0136231
2.383447e-009	0.0219482
2.408447e-009	0.0405518
2.433447e-009	0.0266358
2.458447e-009	0.0127441
2.483447e-009	0.0154297
2.508447e-009	0.0201172
2.533447e-009	0.0309082
2.558447e-009	0.033252
2.583447e-009	0.0142822
2.608447e-009	0.0116455
2.633447e-009	0.0270996
2.658447e-009	0.0255615
2.683447e-009	0.0195313
2.708447e-009	0.0178955
2.733447e-009	0.0150879
2.758447e-009	0.0235352
2.783447e-009	0.029834
2.808447e-009	0.0282471
2.833447e-009	0.0277588
2.858447e-009	0.014502
2.883447e-009	0.0174805
2.908447e-009	0.0324463
2.933447e-009	0.0164307
2.958447e-009	0.00932618
2.983447e-009	0.0174072
3.008447e-009	0.0195068
3.033447e-009	0.0242188
3.058447e-009	0.0171387
3.083447e-009	0.0156982
3.108447e-009	0.0227783
3.133447e-009	0.0219238
3.158447e-009	0.0240967
3.183447e-009	0.0224854
3.208447e-009	0.0199219
3.233447e-009	0.0254395
3.258447e-009	0.0263428
3.283447e-009	0.0247803
3.308447e-009	0.0288086
3.333447e-009	0.0308838
3.358447e-009	0.0333984
3.383447e-009	0.0316406
3.408447e-009	0.0270508
3.433447e-009	0.0375488
3.458447e-009	0.0349121
3.483447e-009	0.0188965
3.508447e-009	0.0223145
3.533447e-009	0.0249268
3.558447e-009	0.0220459
3.583447e-009	0.0241699
3.608447e-009	0.0285156
3.633447e-009	0.0306885
3.658447e-009	0.0213135
3.683447e-009	0.0181152
3.708447e-009	0.0213867
3.733447e-009	0.0194092
3.758447e-009	0.0248047
3.783447e-009	0.0231445
3.808447e-009	0.0183594
3.833447e-009	0.0267822
3.858447e-009	0.0205566
3.883447e-009	0.00949708
3.908447e-009	0.0197022
3.933447e-009	0.0258789
3.958447e-009	0.0146973
3.983447e-009	0.00354005
4.008447e-009	0.0102539
4.033447e-009	0.01875
4.058447e-009	0.0120117
4.083447e-009	0.0193848
4.108447e-009	0.024292
4.133447e-009	0.00825196
4.158447e-009	0.0123779
4.183447e-009	0.0213867
4.208447e-009	0.0149414
4.233447e-009	0.0174316
4.258447e-009	0.0177246
4.283447e-009	0.01875
4.308447e-009	0.0256348
4.333447e-009	0.017749
4.358447e-009	0.0145508
4.383447e-009	0.0197266
4.408447e-009	0.0252686
4.433447e-009	0.0303467
4.458447e-009	0.0232178
4.483447e-009	0.0292481
4.508447e-009	0.0355713
4.533447e-009	0.023169
4.558447e-009	0.0208008
4.583447e-009	0.0196777
4.608447e-009	0.0292725
4.633447e-009	0.0456055
4.658447e-009	0.0373779
4.683447e-009	0.032666
4.708447e-009	0.0277832
4.733447e-009	0.0170166
4.758447e-009	0.0280518
4.783447e-009	0.0278565
4.808447e-009	0.0202393
4.833447e-009	0.0328858
4.858447e-009	0.0272217
4.883447e-009	0.01604
4.908447e-009	0.023877
4.933447e-009	0.025708
4.958447e-009	0.0293213
4.983447e-009	0.0254639
5.008447e-009	0.00969239
5.033447e-009	0.0164795
5.058447e-009	0.0248291
5.083447e-009	0.0190918
5.108447e-009	0.0175781
5.133447e-009	0.0123291
5.158447e-009	0.0168945
5.183447e-009	0.025
5.208447e-009	0.0200684
5.233447e-009	0.0174316
5.258447e-009	0.00927735
5.283447e-009	0.0162109
5.308447e-009	0.0267334
5.333447e-009	0.0202149
5.358447e-009	0.0346924
5.383447e-009	0.0300293
5.408447e-009	0.0131104
5.433447e-009	0.0238281
5.458447e-009	0.0178711
5.483447e-009	0.0171875
5.508447e-009	0.0265869
5.533447e-009	0.0143066
5.558447e-009	0.00617677
5.583447e-009	0.0109619
5.608447e-009	0.0183106
5.633447e-009	0.0195068
5.658447e-009	0.0182373
5.683447e-009	0.0229981
5.708447e-009	0.0262451
5.733447e-009	0.0284424
5.758447e-009	0.0317871
5.783447e-009	0.0284424
5.808447e-009	0.0294922
5.833447e-009	0.0342529
5.858447e-009	0.0219727
5.883447e-009	0.010791
5.908447e-009	0.00996095
5.933447e-009	0.0158203
5.958447e-009	0.0296631
5.983447e-009	0.0276611
6.008447e-009	0.0265625
6.033447e-009	0.0390869
6.058447e-009	0.0396484
6.083447e-009	0.0371582
6.108447e-009	0.0312256
6.133447e-009	0.00925294
6.158447e-009	0.00539552
6.183447e-009	0.0167969
6.208447e-009	0.0119141
6.233447e-009	0.0130615
6.258447e-009	0.0175537
6.283447e-009	0.0131104
6.308447e-009	0.0103272
6.333447e-009	0.0120117
6.358447e-009	0.021167
6.383447e-009	0.0168213
6.408447e-009	0.0121826
6.433447e-009	0.0196533
6.458447e-009	0.0147705
6.483447e-009	0.0173828
6.508447e-009	0.0271729
6.533447e-009	0.0223877
6.558447e-009	0.0115967
6.583447e-009	0.00395509
6.608447e-009	0.0112305
6.633447e-009	0.0210693
6.658447e-009	0.0147461
6.683447e-009	0.0125
6.708447e-009	0.0158203
6.733447e-009	0.0072754
6.758447e-009	0.00834962
6.783447e-009	0.0166504
6.808447e-009	0.015918
6.833447e-009	0.0202881
6.858447e-009	0.0107178
6.883447e-009	0.00476075
6.908447e-009	0.0283203
6.933447e-009	0.030249
6.958447e-009	0.0187012
6.983447e-009	0.0242432
7.008447e-009	0.0233887
7.033447e-009	0.0223389
7.058447e-009	0.0255859
7.083447e-009	0.0243897
7.108447e-009	0.0263916
7.133447e-009	0.0241455
7.158447e-009	0.0174805
7.183447e-009	0.0205811
7.208447e-009	0.0215088
7.233447e-009	0.0236816
7.258447e-009	0.0362061
7.283447e-009	0.0303955
7.308447e-009	0.0189697
7.333447e-009	0.0225342
7.358447e-009	0.0212402
7.383447e-009	0.0205811
7.408447e-009	0.0277832
7.433447e-009	0.0243652
7.458447e-009	0.00947266
7.483447e-009	0.0141357
7.508447e-009	0.0295166
7.533447e-009	0.0212402
7.558447e-009	0.0116455
7.583447e-009	0.0157715
7.608447e-009	0.0244873
7.633447e-009	0.029126
7.658447e-009	0.0229004
7.683447e-009	0.0240723
7.708447e-009	0.0276123
7.733447e-009	0.0238037
7.758447e-009	0.0208252
7.783447e-009	0.00786134
7.808447e-009	0.0104248
7.833447e-009	0.034668
7.858447e-009	0.0283203
7.883447e-009	0.0200684
7.908447e-009	0.0252686
7.933447e-009	0.0120606
7.958447e-009	0.020752
7.983447e-009	0.0297852
8.008447e-009	0.020874
8.033447e-009	0.0204834
8.058447e-009	0.00549317
8.083447e-009	0.00734864
8.108447e-009	0.0217529
8.133447e-009	0.0175537
8.158447e-009	0.0159912
8.183447e-009	0.0159912
8.208447e-009	0.0229981
8.233447e-009	0.0216553
8.258447e-009	0.0120117
8.283447e-009	0.0268799
8.308447e-009	0.0354004
8.333447e-009	0.0204102
8.358447e-009	0.0238525
8.383447e-009	0.0276123
8.408447e-009	0.0119141
8.433447e-009	0.0148926
8.458447e-009	0.0184326
8.483447e-009	0.0165039
8.508447e-009	0.0153076
8.533447e-009	0.0100342
8.558447e-009	0.0257568
8.583447e-009	0.0200928
8.608447e-009	0.00949708
8.633447e-009	0.0268311
8.658447e-009	0.0112793
8.683447e-009	0.000732429
8.708447e-009	0.0168945
8.733447e-009	0.0106934
8.758447e-009	0.00969239
8.783447e-009	0.0238525
8.808447e-009	0.0296143
8.833447e-009	0.0263916
8.858447e-009	0.0198731
8.883447e-009	0.0228272
8.908447e-009	0.0287354
8.933447e-009	0.0251465
8.958447e-009	0.0223633
8.983447e-009	0.0209229
9.008447e-009	0.0229004
9.033447e-009	0.0347168
9.058447e-009	0.0367188
9.083447e-009	0.0241455
9.108447e-009	0.0188965
9.133447e-009	0.0235596
9.158447e-009	0.029834
9.183447e-009	0.031665
9.208447e-009	0.027832
9.233447e-009	0.0217285
9.258447e-009	0.008667
9.283447e-009	0.00751954
9.308447e-009	0.0253662
9.333447e-009	0.0294434
9.358447e-009	0.0225098
9.383447e-009	0.0178955
9.408447e-009	0.0152344
9.433447e-009	0.0207764
9.458447e-009	0.0226074
9.483447e-009	0.0266602
9.508447e-009	0.0305908
9.533447e-009	0.0122559
9.558447e-009	0.00305177
9.583447e-009	0.0123535
9.608447e-009	0.0212891
9.633447e-009	0.0258301
9.658447e-009	0.0126709
9.683447e-009	0.0117432
9.708447e-009	0.0271484
9.733447e-009	0.032959
9.758447e-009	0.0332764
9.783447e-009	0.0175537
9.808447e-009	0.00939942
9.833447e-009	0.0135498
9.858447e-009	0.0139893
9.883447e-009	0.0260254
9.908447e-009	0.0249268
9.933447e-009	0.0196777
9.958447e-009	0.0253174
9.983447e-009	0.0112305
1.000845e-008	0.00847169
1.003345e-008	0.0278809
1.005845e-008	0.025293
1.008345e-008	0.0134033
1.010845e-008	0.0201416
1.013345e-008	0.0326904
1.015845e-008	0.0227539
1.018345e-008	0.0103272
1.020845e-008	0.0295899
1.023345e-008	0.033252
1.025845e-008	0.0164063
1.028345e-008	0.0188965
1.030845e-008	0.0171631
1.033345e-008	0.0142822
1.035845e-008	0.0216309
1.038345e-008	0.0228516
1.040845e-008	0.0257568
1.043345e-008	0.0273193
1.045845e-008	0.0216553
1.048345e-008	0.0230469
1.050845e-008	0.023877
1.053345e-008	0.0247803
1.055845e-008	0.0284668
1.058345e-008	0.0177979
1.060845e-008	0.0220459
1.063345e-008	0.0309326
1.065845e-008	0.0129639
1.068345e-008	0.0169678
1.070845e-008	0.0366943
1.073345e-008	0.0337158
1.075845e-008	0.0234375
1.078345e-008	0.0166016
1.080845e-008	0.0196045
1.083345e-008	0.0231934
1.085845e-008	0.0136963
1.088345e-008	0.00881348
1.090845e-008	0.0100098
1.093345e-008	0.0131836
1.095845e-008	0.0295166
1.098345e-008	0.0314209
1.100845e-008	0.025
1.103345e-008	0.0327881
1.105845e-008	0.0228516
1.108345e-008	0.0199951
1.110845e-008	0.0318848
1.113345e-008	0.0206055
1.115845e-008	0.00642091
1.118345e-008	0.00568848
1.120845e-008	0.0173828
1.123345e-008	0.0249024
1.125845e-008	0.0251221
1.128345e-008	0.0248047
1.130845e-008	0.0131348
1.133345e-008	0.0109863
1.135845e-008	0.0147949
1.138345e-008	0.019751
1.140845e-008	0.0305176
1.143345e-008	0.0202149
1.145845e-008	0.0126953
1.148345e-008	0.025293
1.150845e-008	0.0223389
1.153345e-008	0.0123291
1.155845e-008	0.0198731
1.158345e-008	0.0267578
1.160845e-008	0.0309082
1.163345e-008	0.0313721
1.165845e-008	0.0145264
1.168345e-008	0.0175049
1.170845e-008	0.0308838
1.173345e-008	0.0158691
1.175845e-008	0.0138916
1.178345e-008	0.0230957
1.180845e-008	0.0174316
1.183345e-008	0.018335
1.185845e-008	0.00886231
1.188345e-008	0.00305177
1.190845e-008	0.0212891
1.193345e-008	0.0224854
1.195845e-008	0.020459
1.198345e-008	0.025
1.200845e-008	0.0270752
1.203345e-008	0.0288818
1.205845e-008	0.00439454
1.208345e-008	-4.88207e-005
1.210845e-008	0.0233887
1.213345e-008	0.0220703
1.215845e-008	0.0275635
1.218345e-008	0.0313233
1.220845e-008	0.0102539
1.223345e-008	0.0197266
1.225845e-008	0.0459961
1.228345e-008	0.0301758
1.230845e-008	0.0165039
1.233345e-008	0.0268311
1.235845e-008	0.0232422
1.238345e-008	0.0287842
1.240845e-008	0.0350098
1.243345e-008	0.0209229
1.245845e-008	0.0243897
1.248345e-008	0.0307617
1.250845e-008	0.0210205
1.253345e-008	0.0269043
1.255845e-008	0.030249
1.258345e-008	0.0180664
1.260845e-008	0.020044
1.263345e-008	0.0270508
1.265845e-008	0.017041
1.268345e-008	0.00898438
1.270845e-008	0.0229981
1.273345e-008	0.0219238
1.275845e-008	0.015332
1.278345e-008	0.0296631
1.280845e-008	0.0218018
1.283345e-008	0.0105957
1.285845e-008	0.00961915
1.288345e-008	0.0119629
1.290845e-008	0.0283691
1.293345e-008	0.0222168
1.295845e-008	0.0150147
1.298345e-008	0.0235107
1.300845e-008	0.0189941
1.303345e-008	0.0177734
1.305845e-008	0.0204346
1.308345e-008	0.0195557
1.310845e-008	0.0112793
1.313345e-008	0.00134278
1.315845e-008	0.0132324
1.318345e-008	0.0245361
1.320845e-008	0.0269531
1.323345e-008	0.0313721
1.325845e-008	0.0219238
1.328345e-008	0.0124512
1.330845e-008	0.00766602
1.333345e-008	0.00715333
1.335845e-008	0.0119629
1.338345e-008	0.00712891
1.340845e-008	0.0140381
1.343345e-008	0.0288086
1.345845e-008	0.0301758
1.348345e-008	0.0279541
1.350845e-008	0.0237305
1.353345e-008	0.0226074
1.355845e-008	0.0296875
1.358345e-008	0.0359131
1.360845e-008	0.0276611
1.363345e-008	0.00410157
1.365845e-008	-0.00166015
1.368345e-008	0.0255615
1.370845e-008	0.0312012
1.373345e-008	0.00878907
1.375845e-008	0.00913087
1.378345e-008	0.0197022
1.380845e-008	0.0310303
1.383345e-008	0.0345215
1.385845e-008	0.0183838
1.388345e-008	0.0180176
1.390845e-008	0.0171387
1.393345e-008	0.00400391
1.395845e-008	0.0115723
1.398345e-008	0.014502
1.400845e-008	0.0131592
1.403345e-008	0.0315186
1.405845e-008	0.0291016
1.408345e-008	0.0159424
1.410845e-008	0.0191895
1.413345e-008	0.0196533
1.415845e-008	0.0226318
1.418345e-008	0.0143066
1.420845e-008	0.00783692
1.423345e-008	0.0218262
1.425845e-008	0.0265869
1.428345e-008	0.0289551
1.430845e-008	0.0233154
1.433345e-008	0.00852052
1.435845e-008	0.0100342
1.438345e-008	0.0159668
1.440845e-008	0.030835
1.443345e-008	0.0410645
1.445845e-008	0.0186768
1.448345e-008	0.0127686
1.450845e-008	0.0265869
1.453345e-008	0.0174805
1.455845e-008	0.0084961
1.458345e-008	0.00756837
1.460845e-008	0.0219238
1.463345e-008	0.0323486
1.465845e-008	0.0109375
1.468345e-008	0.0184326
1.470845e-008	0.0296875
1.473345e-008	0.00847169
1.475845e-008	0.0148926
1.478345e-008	0.0253662
1.480845e-008	0.0245361
1.483345e-008	0.0297119
1.485845e-008	0.0186279
1.488345e-008	0.0170166
1.490845e-008	0.0256592
1.493345e-008	0.0149902
1.495845e-008	0.0105713
1.498345e-008	0.0249024
1.500845e-008	0.0328125
1.503345e-008	0.0241211
1.505845e-008	0.0212402
1.508345e-008	0.0274414
1.510845e-008	0.0244629
1.513345e-008	0.0224365
1.515845e-008	0.00573731
1.518345e-008	-0.0157226
1.520845e-008	0.00886231
1.523345e-008	0.0316895
1.525845e-008	0.0256104
1.528345e-008	0.0267578
1.530845e-008	0.0184326
1.533345e-008	0.0187256
1.535845e-008	0.0359375
1.538345e-008	0.0229492
1.540845e-008	0.0165039
1.543345e-008	0.0393799
1.545845e-008	0.0309815
1.548345e-008	0.0171631
1.550845e-008	0.0284424
1.553345e-008	0.0197754
1.555845e-008	0.0132813
1.558345e-008	0.020044
1.560845e-008	0.0123779
1.563345e-008	0.013916
1.565845e-008	0.0188232
1.568345e-008	0.015918
1.570845e-008	0.0245117
1.573345e-008	0.0324219
1.575845e-008	0.0341797
1.578345e-008	0.0313721
1.580845e-008	0.0126465
1.583345e-008	0.00383302
1.585845e-008	0.0126953
1.588345e-008	0.0140869
1.590845e-008	0.0120606
1.593345e-008	0.0118652
1.595845e-008	0.0228027
1.598345e-008	0.0251709
1.600845e-008	0.00905762
1.603345e-008	0.015625
1.605845e-008	0.0275391
1.608345e-008	0.0269287
1.610845e-008	0.0226074
1.613345e-008	0.0126953
1.615845e-008	0.0183594
1.618345e-008	0.0244141
1.620845e-008	0.0233643
1.623345e-008	0.0248291
1.625845e-008	0.0166992
1.628345e-008	0.0174072
1.630845e-008	0.022876
1.633345e-008	0.0153076
1.635845e-008	0.00454102
1.638345e-008	0.00827637
1.640845e-008	0.0290039
1.643345e-008	0.0228272
1.645845e-008	0.000439461
1.648345e-008	0.0081543
1.650845e-008	0.0216065
1.653345e-008	0.0237305
1.655845e-008	0.0321045
1.658345e-008	0.0391113
1.660845e-008	0.030127
1.663345e-008	0.0216309
1.665845e-008	0.0188477
1.668345e-008	0.0191162
1.670845e-008	0.0192627
1.673345e-008	0.0120361
1.675845e-008	0.0184815
1.678345e-008	0.0205078
1.680845e-008	0.0140381
1.683345e-008	0.0239746
1.685845e-008	0.0205078
1.688345e-008	0.0142578
1.690845e-008	0.0269531
1.693345e-008	0.0303467
1.695845e-008	0.0201416
1.698345e-008	0.0186279
1.700845e-008	0.0273926
1.703345e-008	0.0292969
1.705845e-008	0.0157471
1.708345e-008	0.00375977
1.710845e-008	0.0171631
1.713345e-008	0.0256592
1.715845e-008	0.0173096
1.718345e-008	0.0223877
1.720845e-008	0.0238525
1.723345e-008	0.0179688
1.725845e-008	0.017041
1.728345e-008	0.0164307
1.730845e-008	0.0186524
1.733345e-008	0.0117432
1.735845e-008	0.0052002
1.738345e-008	0.0155762
1.740845e-008	0.0275635
1.743345e-008	0.0303711
1.745845e-008	0.0226074
1.748345e-008	0.018335
1.750845e-008	0.0245361
1.753345e-008	0.0176514
1.755845e-008	0.00834962
1.758345e-008	0.016333
1.760845e-008	0.0202881
1.763345e-008	0.0152832
1.765845e-008	0.0050293
1.768345e-008	0.00187989
1.770845e-008	0.0241699
1.773345e-008	0.0346436
1.775845e-008	0.0210205
1.778345e-008	0.019458
1.780845e-008	0.0198731
1.783345e-008	0.0111572
1.785845e-008	0.0133545
1.788345e-008	0.015918
1.790845e-008	0.0157959
1.793345e-008	0.0181152
1.795845e-008	0.0172607
1.798345e-008	0.03396
1.800845e-008	0.0376221
1.803345e-008	0.0106445
1.805845e-008	0.00539552
1.808345e-008	0.0151123
1.810845e-008	0.0223633
1.813345e-008	0.0228272
1.815845e-008	0.0127441
1.818345e-008	0.0179688
1.820845e-008	0.0311768
1.823345e-008	0.0316406
1.825845e-008	0.0266358
1.828345e-008	0.0196777
1.830845e-008	0.0161865
1.833345e-008	0.0205811
1.835845e-008	0.0202637
1.838345e-008	0.0248535
1.840845e-008	0.022583
1.843345e-008	0.00222169
1.845845e-008	0.0108154
1.848345e-008	0.0299316
1.850845e-008	0.0325928
1.853345e-008	0.0289795
1.855845e-008	0.0142334
1.858345e-008	0.0134766
1.860845e-008	0.0208008
1.863345e-008	0.0206055
1.865845e-008	0.00600587
1.868345e-008	-0.00676269
1.870845e-008	0.00942384
1.873345e-008	0.017627
1.875845e-008	0.0172119
1.878345e-008	0.0145264
1.880845e-008	0.0196045
1.883345e-008	0.0296631
1.885845e-008	0.00922852
1.888345e-008	0.0200684
1.890845e-008	0.0349609
1.893345e-008	0.00388184
1.895845e-008	0.00817872
1.898345e-008	0.0258301
1.900845e-008	0.0225098
1.903345e-008	0.0218262
1.905845e-008	0.0145264
1.908345e-008	0.0148926
1.910845e-008	0.0193604
1.913345e-008	0.0155762
1.915845e-008	0.01875
1.918345e-008	0.0193604
1.920845e-008	0.0169678
1.923345e-008	0.0224609
1.925845e-008	0.022876
1.928345e-008	0.0248047
1.930845e-008	0.0271484
1.933345e-008	0.0181885
1.935845e-008	0.0159668
1.938345e-008	0.0254883
1.940845e-008	0.033252
1.943345e-008	0.0262695
1.945845e-008	0.016333
1.948345e-008	0.0186035
1.950845e-008	0.0129883
1.953345e-008	0.0050293
1.955845e-008	0.0260254
1.958345e-008	0.041626
1.960845e-008	0.0206055
1.963345e-008	0.0128174
1.965845e-008	0.0236328
1.968345e-008	0.0213135
1.970845e-008	0.0100342
1.973345e-008	0.0155518
1.975845e-008	0.0411621
1.978345e-008	0.0302979
1.980845e-008	0.00627442
1.983345e-008	0.013916
1.985845e-008	0.0119141
1.988345e-008	0.00920411
1.990845e-008	0.0225342
1.993345e-008	0.0300781
1.995845e-008	0.0237793
1.998345e-008	0.0101074
2.000845e-008	0.0132568
2.003345e-008	0.0178955
2.005845e-008	0.00385743
2.008345e-008	0.00795899
2.010845e-008	0.0213867
2.013345e-008	0.0135498
2.015845e-008	0.0154297
2.018345e-008	0.0290283
2.020845e-008	0.0300781
2.023345e-008	0.0261719
2.025845e-008	0.0226563
2.028345e-008	0.0174561
2.030845e-008	0.0172119
2.033345e-008	0.0156494
2.035845e-008	0.0112305
2.038345e-008	0.019458
2.040845e-008	0.0260742
2.043345e-008	0.0189453
2.045845e-008	0.00942384
2.048345e-008	0.0186524
2.050845e-008	0.0371582
2.053345e-008	0.0196533
2.055845e-008	0.00769044
2.058345e-008	0.029834
2.060845e-008	0.0344727
2.063345e-008	0.0243164
2.065845e-008	0.014209
2.068345e-008	0.0205566
2.070845e-008	0.0371094
2.073345e-008	0.0262207
2.075845e-008	0.0218018
2.078345e-008	0.0346191
2.080845e-008	0.0386719
2.083345e-008	0.0354004
2.085845e-008	0.0171875
2.088345e-008	0.0111084
2.090845e-008	0.0273682
2.093345e-008	0.0324219
2.095845e-008	0.0251953
2.098345e-008	0.0155518
2.100845e-008	0.0124512
2.103345e-008	0.0197754
2.105845e-008	0.0240967
2.108345e-008	0.0198975
2.110845e-008	0.0160645
2.113345e-008	0.0135498
2.115845e-008	0.0121826
2.118345e-008	0.0127686
2.120845e-008	0.0169922
2.123345e-008	0.0281983
2.125845e-008	0.0172119
2.128345e-008	0.00227052
2.130845e-008	0.013794
2.133345e-008	0.0119873
2.135845e-008	0.0102783
2.138345e-008	0.0212402
2.140845e-008	0.0235596
2.143345e-008	0.0207764
2.145845e-008	0.0130371
2.148345e-008	0.0208984
2.150845e-008	0.0196289
2.153345e-008	0.00688477
2.155845e-008	0.0230225
2.158345e-008	0.0152588
2.160845e-008	0.00246583
2.163345e-008	0.0280029
2.165845e-008	0.0229248
2.168345e-008	0.00754395
2.170845e-008	0.015918
2.173345e-008	0.0178955
2.175845e-008	0.02229
2.178345e-008	0.0215332
2.180845e-008	0.0258057
2.183345e-008	0.0319092
2.185845e-008	0.0166016
2.188345e-008	0.0174561
2.190845e-008	0.0299561
2.193345e-008	0.0290772
2.195845e-008	0.0167969
2.198345e-008	0.00905762
2.200845e-008	0.0246338
2.203345e-008	0.0264404
2.205845e-008	0.017041
2.208345e-008	0.0197754
2.210845e-008	0.0135742
2.213345e-008	0.0128906
2.215845e-008	0.0117432
2.218345e-008	0.00234376
2.220845e-008	0.0196777
2.223345e-008	0.0310303
2.225845e-008	0.00690919
2.228345e-008	-0.000854485
2.230845e-008	0.0162842
2.233345e-008	0.0236084
2.235845e-008	0.0298584
2.238345e-008	0.032666
2.240845e-008	0.0151611
2.243345e-008	0.0152832
2.245845e-008	0.0318848
2.248345e-008	0.0274414
2.250845e-008	0.0227783
2.253345e-008	0.0199463
2.255845e-008	0.0139649
2.258345e-008	0.016919
2.260845e-008	0.026001
2.263345e-008	0.0301025
2.265845e-008	0.0159912
2.268345e-008	0.0195801
2.270845e-008	0.031958
2.273345e-008	0.0150147
2.275845e-008	0.0143311
2.278345e-008	0.0246094
2.280845e-008	0.0172852
2.283345e-008	0.0178711
2.285845e-008	0.0156982
2.288345e-008	0.00993653
2.290845e-008	0.0196289
2.293345e-008	0.0247803
2.295845e-008	0.0264649
2.298345e-008	0.0288574
2.300845e-008	0.0215332
2.303345e-008	0.0289551
2.305845e-008	0.0351074
2.308345e-008	0.0176514
2.310845e-008	0.0145752
2.313345e-008	0.0177979
2.315845e-008	0.0156738
2.318345e-008	0.0214111
2.320845e-008	0.0146973
2.323345e-008	0.015918
2.325845e-008	0.0286133
2.328345e-008	0.0244385
2.330845e-008	0.0225586
2.333345e-008	0.020166
2.335845e-008	0.0213623
2.338345e-008	0.0287842
2.340845e-008	0.0306397
2.343345e-008	0.0344971
2.345845e-008	0.0206787
2.348345e-008	0.00715333
2.350845e-008	0.0119629
2.353345e-008	0.0190918
2.355845e-008	0.024585
2.358345e-008	0.0172607
2.360845e-008	0.0197754
2.363345e-008	0.0245606
2.365845e-008	0.0130371
2.368345e-008	0.0210205
2.370845e-008	0.0308838
2.373345e-008	0.0233887
2.375845e-008	0.0218994
2.378345e-008	0.0178955
2.380845e-008	0.0229492
2.383345e-008	0.035669
2.385845e-008	0.0148438
2.388345e-008	0.00283204
2.390845e-008	0.0210693
2.393345e-008	0.0198242
2.395845e-008	0.015918
2.398345e-008	0.0196777
2.400845e-008	0.0203369
2.403345e-008	0.023291
2.405845e-008	0.0197022
2.408345e-008	0.0227783
2.410845e-008	0.0247803
2.413345e-008	0.0161133
2.415845e-008	0.0247315
2.418345e-008	0.0302246
2.420845e-008	0.0162109
2.423345e-008	0.0226318
2.425845e-008	0.0353516
2.428345e-008	0.0167969
2.430845e-008	-0.000244133
2.433345e-008	0.00812989
2.435845e-008	0.0230713
2.438345e-008	0.0321289
2.440845e-008	0.0343994
2.443345e-008	0.028125
2.445845e-008	0.0182617
2.448345e-008	0.026001
2.450845e-008	0.0326904
2.453345e-008	0.0224609
2.455845e-008	0.0202149
2.458345e-008	0.0204834
2.460845e-008	0.0220459
2.463345e-008	0.0278076
2.465845e-008	0.0280029
2.468345e-008	0.0243652
2.470845e-008	0.0238037
2.473345e-008	0.0271973
2.475845e-008	0.022583
2.478345e-008	0.0236328
2.480845e-008	0.0245361
2.483345e-008	0.0143799
2.485845e-008	0.0198242
2.488345e-008	0.0241455
2.490845e-008	0.0168457
2.493345e-008	0.0160889
2.495845e-008	0.0201416
2.498345e-008	0.0252441
2.500845e-008	0.0262207
2.503345e-008	0.0302734
2.505845e-008	0.0341797
2.508345e-008	0.0248779
2.510845e-008	0.0168213
2.513345e-008	0.0172363
2.515845e-008	0.0161377
2.518345e-008	0.0145996
2.520845e-008	0.0238281
2.523345e-008	0.0324219
2.525845e-008	0.02146
2.528345e-008	0.0159668
2.530845e-008	0.0230225
2.533345e-008	0.0222412
2.535845e-008	0.0219971
2.538345e-008	0.022168
2.540845e-008	0.0243408
2.543345e-008	0.0276856
2.545845e-008	0.020044
2.548345e-008	0.0229004
2.550845e-008	0.0324219
2.553345e-008	0.0243164
2.555845e-008	0.019751
2.558345e-008	0.0208496
2.560845e-008	0.0215576
2.563345e-008	0.0376465
2.565845e-008	0.0370117
2.568345e-008	0.0208008
2.570845e-008	0.0259766
2.573345e-008	0.0162842
2.575845e-008	0.00295411
2.578345e-008	0.0192383
2.580845e-008	0.0219482
2.583345e-008	0.0221191
2.585845e-008	0.0327149
2.588345e-008	0.0182617
2.590845e-008	0.0115723
2.593345e-008	0.0278076
2.595845e-008	0.0257568
2.598345e-008	0.0168945
2.600845e-008	0.0210449
2.603345e-008	0.0225586
2.605845e-008	0.0189453
2.608345e-008	0.0149902
2.610845e-008	0.0159424
2.613345e-008	0.0219238
2.615845e-008	0.0194336
2.618345e-008	0.0164795
2.620845e-008	0.02229
2.623345e-008	0.0225586
2.625845e-008	0.0203369
2.628345e-008	0.0255127
2.630845e-008	0.0303711
2.633345e-008	0.0219971
2.635845e-008	0.00532227
2.638345e-008	0.00859376
2.640845e-008	0.019458
2.643345e-008	0.0148682
2.645845e-008	0.0119629
2.648345e-008	0.0119873
2.650845e-008	0.0187744
2.653345e-008	0.0268311
2.655845e-008	0.0205322
2.658345e-008	0.0221924
2.660845e-008	0.0254395
2.663345e-008	0.0184082
2.665845e-008	0.0177979
2.668345e-008	0.022168
2.670845e-008	0.0236328
2.673345e-008	0.0189453
2.675845e-008	0.0170654
2.678345e-008	0.0184082
2.680845e-008	0.0161133
2.683345e-008	0.0223145
2.685845e-008	0.0276856
2.688345e-008	0.0174561
2.690845e-008	0.0189697
2.693345e-008	0.0259277
2.695845e-008	0.0147217
2.698345e-008	0.0184326
2.700845e-008	0.0271973
2.703345e-008	0.0178223
2.705845e-008	0.0116211
2.708345e-008	0.0140381
2.710845e-008	0.0217041
2.713345e-008	0.020874
2.715845e-008	0.0208252
2.718345e-008	0.0218994
2.720845e-008	0.016333
2.723345e-008	0.0207031
2.725845e-008	0.0143799
2.728345e-008	0.00205079
2.730845e-008	0.00603028
2.733345e-008	0.0202637
2.735845e-008	0.0275879
2.738345e-008	0.0157959
2.740845e-008	0.0159912
2.743345e-008	0.0242432
2.745845e-008	0.0232666
2.748345e-008	0.0244873
2.750845e-008	0.0192139
2.753345e-008	0.0267822
2.755845e-008	0.036499
2.758345e-008	0.0207764
2.760845e-008	0.0159424
2.763345e-008	0.0192627
2.765845e-008	0.0146484
2.768345e-008	0.0171875
2.770845e-008	0.0176514
2.773345e-008	0.0206299
2.775845e-008	0.0237061
2.778345e-008	0.0143555
2.780845e-008	0.0163574
2.783345e-008	0.0241943
2.785845e-008	0.0167725
2.788345e-008	0.0185547
2.790845e-008	0.0255615
2.793345e-008	0.0175537
2.795845e-008	0.0200928
2.798345e-008	0.0272705
2.800845e-008	0.0245606
2.803345e-008	0.0390137
2.805845e-008	0.0393311
2.808345e-008	0.0118897
2.810845e-008	0.0194824
2.813345e-008	0.034375
2.815845e-008	0.0191406
2.818345e-008	0.0293457
2.820845e-008	0.0477051
2.823345e-008	0.0327881
2.825845e-008	0.0214111
2.828345e-008	0.0192871
2.830845e-008	0.0136719
2.833345e-008	0.0184326
2.835845e-008	0.0220459
2.838345e-008	0.019043
2.840845e-008	0.0247803
2.843345e-008	0.0243897
2.845845e-008	0.00957032
2.848345e-008	0.0149658
2.850845e-008	0.0291504
2.853345e-008	0.0191406
2.855845e-008	0.0211914
2.858345e-008	0.0330078
2.860845e-008	0.0295166
2.863345e-008	0.0316895
2.865845e-008	0.025415
2.868345e-008	0.0165283
2.870845e-008	0.0238281
2.873345e-008	0.0293457
2.875845e-008	0.030835
2.878345e-008	0.029834
2.880845e-008	0.0298828
2.883345e-008	0.0246094
2.885845e-008	0.0113525
2.888345e-008	0.0081543
2.890845e-008	0.016919
2.893345e-008	0.0297363
2.895845e-008	0.0289307
2.898345e-008	0.0199463
2.900845e-008	0.0244873
2.903345e-008	0.0286133
2.905845e-008	0.0211182
2.908345e-008	0.0147949
2.910845e-008	0.0162598
2.913345e-008	0.0134522
2.915845e-008	0.00993653
2.918345e-008	0.0158691
2.920845e-008	0.0204102
2.923345e-008	0.0287109
2.925845e-008	0.0366699
2.928345e-008	0.0323486
2.930845e-008	0.0251221
2.933345e-008	0.0149414
2.935845e-008	0.00952149
2.938345e-008	0.0152588
2.940845e-008	0.025293
2.943345e-008	0.0278076
2.945845e-008	0.0188721
2.948345e-008	0.0269287
2.950845e-008	0.0335205
2.953345e-008	0.0107666
2.955845e-008	0.00722657
2.958345e-008	0.0252686
2.960845e-008	0.0312256
2.963345e-008	0.0296143
2.965845e-008	0.0171387
2.968345e-008	0.0127441
2.970845e-008	0.030127
2.973345e-008	0.0331055
2.975845e-008	0.0157227
2.978345e-008	0.0131348
2.980845e-008	0.0246582
2.983345e-008	0.0234131
2.985845e-008	0.0214356
2.988345e-008	0.0232422
2.990845e-008	0.0196777
2.993345e-008	0.0255127
2.995845e-008	0.0244141
2.998345e-008	0.012085
3.000845e-008	0.00698243
3.003345e-008	0.0125977
3.005845e-008	0.0249756
3.008345e-008	0.0278565
3.010845e-008	0.0310059
3.013345e-008	0.0280274
3.015845e-008	0.0155762
3.018345e-008	0.0173096
3.020845e-008	0.0220459
3.023345e-008	0.0262451
3.025845e-008	0.0237793
3.028345e-008	0.0185791
3.030845e-008	0.0223389
3.033345e-008	0.0175781
3.035845e-008	0.0168213
3.038345e-008	0.0228516
3.040845e-008	0.0191895
3.043345e-008	0.0172852
3.045845e-008	0.0119629
3.048345e-008	0.0119873
3.050845e-008	0.0266602
3.053345e-008	0.0224854
3.055845e-008	0.0170899
3.058345e-008	0.0294434
3.060845e-008	0.0291016
3.063345e-008	0.0202637
3.065845e-008	0.0159912
3.068345e-008	0.0187988
3.070845e-008	0.0195313
3.073345e-008	0.0123535
3.075845e-008	0.0118164
3.078345e-008	0.0196533
3.080845e-008	0.0273193
3.083345e-008	0.0250244
3.085845e-008	0.0259033
3.088345e-008	0.024707
3.090845e-008	0.012793
3.093345e-008	0.0160156
3.095845e-008	0.0195801
3.098345e-008	0.0197754
3.100845e-008	0.0246582
3.103345e-008	0.0184082
3.105845e-008	0.0161621
3.108345e-008	0.0235596
3.110845e-008	0.0247315
3.113345e-008	0.0165283
3.115845e-008	0.0146484
3.118345e-008	0.0178955
3.120845e-008	0.0206787
3.123345e-008	0.0285645
3.125845e-008	0.0209229
3.128345e-008	0.0172363
3.130845e-008	0.0280518
3.133345e-008	0.0241211
3.135845e-008	0.0251465
3.138345e-008	0.0247315
3.140845e-008	0.0226807
3.143345e-008	0.0332764
3.145845e-008	0.0239258
3.148345e-008	0.00737305
3.150845e-008	0.00637208
3.153345e-008	0.0137451
3.155845e-008	0.0195068
3.158345e-008	0.0175293
3.160845e-008	0.0227783
3.163345e-008	0.0218994
3.165845e-008	0.00869141
3.168345e-008	0.0069336
3.170845e-008	0.0171875
3.173345e-008	0.0247803
3.175845e-008	0.019751
3.178345e-008	0.0200928
3.180845e-008	0.0322998
3.183345e-008	0.0310547
3.185845e-008	0.0195801
3.188345e-008	0.0155274
3.190845e-008	0.024707
3.193345e-008	0.034082
3.195845e-008	0.0187744
3.198345e-008	0.00803223
3.200845e-008	0.0199219
3.203345e-008	0.02229
3.205845e-008	0.0235352
3.208345e-008	0.023584
3.210845e-008	0.0144531
3.213345e-008	0.0187012
3.215845e-008	0.0311035
3.218345e-008	0.0313233
3.220845e-008	0.0193604
3.223345e-008	0.0151367
3.225845e-008	0.0167236
3.228345e-008	0.0207031
3.230845e-008	0.0302734
3.233345e-008	0.0173096
3.235845e-008	0.00786134
3.238345e-008	0.0209473
3.240845e-008	0.0185791
3.243345e-008	0.0222412
3.245845e-008	0.0342285
3.248345e-008	0.0319824
3.250845e-008	0.0282471
3.253345e-008	0.0189209
3.255845e-008	0.0217285
3.258345e-008	0.0286133
3.260845e-008	0.0243652
3.263345e-008	0.0313721
3.265845e-008	0.0231445
3.268345e-008	0.0138916
3.270845e-008	0.030127
3.273345e-008	0.0297608
3.275845e-008	0.020874
3.278345e-008	0.022168
3.280845e-008	0.0177246
3.283345e-008	0.0108887
3.285845e-008	0.0121338
3.288345e-008	0.026001
3.290845e-008	0.0367676
3.293345e-008	0.0320313
3.295845e-008	0.0301514
3.298345e-008	0.0359375
3.300845e-008	0.0292481
3.303345e-008	0.0165772
3.305845e-008	0.018335
3.308345e-008	0.0241943
3.310845e-008	0.0246582
3.313345e-008	0.0211426
3.315845e-008	0.0173584
3.318345e-008	0.029834
3.320845e-008	0.0432617
3.323345e-008	0.0316406
3.325845e-008	0.0149658
3.328345e-008	0.0156494
3.330845e-008	0.0276856
3.333345e-008	0.0293945
3.335845e-008	0.0219482
3.338345e-008	0.0198486
3.340845e-008	0.0161865
3.343345e-008	0.0154785
3.345845e-008	0.0131104
3.348345e-008	0.0123535
3.350845e-008	0.0220947
3.353345e-008	0.0153809
3.355845e-008	0.0115723
3.358345e-008	0.0263916
3.360845e-008	0.0373779
3.363345e-008	0.0330811
3.365845e-008	0.011084
3.368345e-008	0.014917
3.370845e-008	0.0338623
3.373345e-008	0.0279785
3.375845e-008	0.0233154
3.378345e-008	0.0217041
3.380845e-008	0.0189453
3.383345e-008	0.0182373
3.385845e-008	0.0180908
3.388345e-008	0.0197022
3.390845e-008	0.0144531
3.393345e-008	0.0184815
3.395845e-008	0.0307129
3.398345e-008	0.0287109
3.400845e-008	0.0275879
3.403345e-008	0.0250488
3.405845e-008	0.0091797
3.408345e-008	0.0171875
3.410845e-008	0.0305908
3.413345e-008	0.0204346
3.415845e-008	0.0278565
3.418345e-008	0.030542
3.420845e-008	0.0193359
3.423345e-008	0.0229736
3.425845e-008	0.0179199
3.428345e-008	0.0166992
3.430845e-008	0.0259033
3.433345e-008	0.0263184
3.435845e-008	0.0260498
3.438345e-008	0.0227051
3.440845e-008	0.0204346
3.443345e-008	0.021875
3.445845e-008	0.0229981
3.448345e-008	0.0243652
3.450845e-008	0.0171143
3.453345e-008	0.0168213
3.455845e-008	0.0299072
3.458345e-008	0.0290283
3.460845e-008	0.0216797
3.463345e-008	0.0218994
3.465845e-008	0.0217285
3.468345e-008	0.0209229
3.470845e-008	0.0208252
3.473345e-008	0.0286377
3.475845e-008	0.0328125
3.478345e-008	0.0222412
3.480845e-008	0.0192383
3.483345e-008	0.0254883
3.485845e-008	0.0293213
3.488345e-008	0.0224365
3.490845e-008	0.0137695
3.493345e-008	0.0241943
3.495845e-008	0.0249756
3.498345e-008	0.00705567
3.500845e-008	0.0139893
3.503345e-008	0.0280274
3.505845e-008	0.0159668
3.508345e-008	0.0163818
3.510845e-008	0.0255859
3.513345e-008	0.0167969
3.515845e-008	0.0243652
3.518345e-008	0.0246826
3.520845e-008	0.0103272
3.523345e-008	0.0204102
3.525845e-008	0.0196533
3.528345e-008	0.0119629
3.530845e-008	0.0189209
3.533345e-008	0.0233887
3.535845e-008	0.0178711
3.538345e-008	-0.000854485
3.540845e-008	0.0108154
3.543345e-008	0.0356934
3.545845e-008	0.023877
3.548345e-008	0.0193359
3.550845e-008	0.0251709
3.553345e-008	0.0220459
3.555845e-008	0.0196289
3.558345e-008	0.0144531
3.560845e-008	0.0244385
3.563345e-008	0.0275635
3.565845e-008	0.0118164
3.568345e-008	0.0141357
3.570845e-008	0.0253418
3.573345e-008	0.0319824
3.575845e-008	0.0268311
3.578345e-008	0.0193848
3.580845e-008	0.0307373
3.583345e-008	0.0311035
3.585845e-008	0.0138672
3.588345e-008	0.00878907
3.590845e-008	0.022168
3.593345e-008	0.0295899
3.595845e-008	0.0189453
3.598345e-008	0.0159668
3.600845e-008	0.0213135
3.603345e-008	0.020752
3.605845e-008	0.0216797
3.608345e-008	0.0310059
3.610845e-008	0.0335205
3.613345e-008	0.0226318
3.615845e-008	0.0240479
3.618345e-008	0.023877
3.620845e-008	0.0223389
3.623345e-008	0.0333496
3.625845e-008	0.019458
3.628345e-008	0.00737305
3.630845e-008	0.024292
3.633345e-008	0.027417
3.635845e-008	0.0209229
3.638345e-008	0.0278809
3.640845e-008	0.0359375
3.643345e-008	0.0328125
3.645845e-008	0.0233399
3.648345e-008	0.0175781
3.650845e-008	0.0153565
3.653345e-008	0.0111572
3.655845e-008	0.0176025
3.658345e-008	0.0272949
3.660845e-008	0.0220947
3.663345e-008	0.0208252
3.665845e-008	0.0165283
3.668345e-008	0.0140381
3.670845e-008	0.0284912
3.673345e-008	0.0258545
3.675845e-008	0.0161865
3.678345e-008	0.0245117
3.680845e-008	0.0271973
3.683345e-008	0.0219482
3.685845e-008	0.0269775
3.688345e-008	0.0258789
3.690845e-008	0.0183594
3.693345e-008	0.0264649
3.695845e-008	0.0262695
3.698345e-008	0.010376
3.700845e-008	0.0120606
3.703345e-008	0.0326416
3.705845e-008	0.0342041
3.708345e-008	0.0198975
3.710845e-008	0.0212647
3.713345e-008	0.022583
3.715845e-008	0.0201416
3.718345e-008	0.018335
3.720845e-008	0.0224365
3.723345e-008	0.0356201
3.725845e-008	0.0267578
3.728345e-008	0.0208252
3.730845e-008	0.0316162
3.733345e-008	0.0273926
3.735845e-008	0.0245117
3.738345e-008	0.0229248
3.740845e-008	0.02229
3.743345e-008	0.0308594
3.745845e-008	0.0235352
3.748345e-008	0.0144287
3.750845e-008	0.0209229
3.753345e-008	0.0177002
3.755845e-008	0.0125
3.758345e-008	0.0174805
3.760845e-008	0.00874024
3.763345e-008	0.00935059
3.765845e-008	0.0325684
3.768345e-008	0.0338623
3.770845e-008	0.022583
3.773345e-008	0.0193359
3.775845e-008	0.0199707
3.778345e-008	0.024292
3.780845e-008	0.0208984
3.783345e-008	0.0133057
3.785845e-008	0.00769044
3.788345e-008	0.0144775
3.790845e-008	0.0203125
3.793345e-008	0.0160645
3.795845e-008	0.0273682
3.798345e-008	0.0227539
3.800845e-008	0.00947266
3.803345e-008	0.0265381
3.805845e-008	0.0257324
3.808345e-008	0.0132568
3.810845e-008	0.0229004
3.813345e-008	0.0202393
3.815845e-008	0.0156738
3.818345e-008	0.0235352
3.820845e-008	0.0159912
3.823345e-008	0.0147705
3.825845e-008	0.0189453
3.828345e-008	0.0163818
3.830845e-008	0.0280518
3.833345e-008	0.0172607
3.835845e-008	0.00236817
3.838345e-008	0.018457
3.840845e-008	0.0186279
3.843345e-008	0.0210693
3.845845e-008	0.0337647
3.848345e-008	0.0173828
3.850845e-008	0.00859376
3.853345e-008	0.0227051
3.855845e-008	0.0215576
3.858345e-008	0.0200928
3.860845e-008	0.0259766
3.863345e-008	0.018335
3.865845e-008	0.0155518
3.868345e-008	0.0240234
3.870845e-008	0.0299316
3.873345e-008	0.0192383
3.875845e-008	0.00534669
3.878345e-008	0.0148926
3.880845e-008	0.0236328
3.883345e-008	0.0218994
3.885845e-008	0.0222168
3.888345e-008	0.0281494
3.890845e-008	0.0291016
3.893345e-008	0.0215332
3.895845e-008	0.0308838
3.898345e-008	0.0323975
3.900845e-008	0.0166016
3.903345e-008	0.0125
3.905845e-008	0.0152832
3.908345e-008	0.0212158
3.910845e-008	0.0227539
3.913345e-008	0.0202637
3.915845e-008	0.0255127
3.918345e-008	0.0323242
3.920845e-008	0.0245117
3.923345e-008	0.005542
3.925845e-008	-0.0012207
3.928345e-008	0.00546876
3.930845e-008	0.0164795
3.933345e-008	0.0248291
3.935845e-008	0.0200684
3.938345e-008	0.0151367
3.940845e-008	0.0281494
3.943345e-008	0.0399414
3.945845e-008	0.0412354
3.948345e-008	0.0385254
3.950845e-008	0.0270996
3.953345e-008	0.0241211
3.955845e-008	0.0230469
3.958345e-008	0.0149902
3.960845e-008	0.0192139
3.963345e-008	0.0210205
3.965845e-008	0.0179932
3.968345e-008	0.0230713
3.970845e-008	0.0304443
3.973345e-008	0.0341797
3.975845e-008	0.0209961
3.978345e-008	0.00891114
3.980845e-008	0.023877
3.983345e-008	0.0299561
3.985845e-008	0.014624
3.988345e-008	0.0207275
3.990845e-008	0.0281983
3.993345e-008	0.0162842
3.995845e-008	0.0230713
3.998345e-008	0.0258545
4.000845e-008	0.0216797
4.003345e-008	0.0351318
4.005845e-008	0.028833
4.008345e-008	0.0250733
4.010845e-008	0.0289063
4.013345e-008	0.0185059
4.015845e-008	0.0320313
4.018345e-008	0.0286377
4.020845e-008	0.0113281
4.023345e-008	0.0241211
4.025845e-008	0.0207031
4.028345e-008	0.0202881
4.030845e-008	0.0233399
4.033345e-008	0.00529786
4.035845e-008	0.0117432
4.038345e-008	0.0233887
4.040845e-008	0.0254395
4.043345e-008	0.0294434
4.045845e-008	0.0205811
4.048345e-008	0.0204834
4.050845e-008	0.0273193
4.053345e-008	0.0319092
4.055845e-008	0.0318115
4.058345e-008	0.0120117
4.060845e-008	0.014502
4.063345e-008	0.036792
4.065845e-008	0.0235596
4.068345e-008	0.0104492
4.070845e-008	0.0201172
4.073345e-008	0.0204102
4.075845e-008	0.0228027
4.078345e-008	0.0291016
4.080845e-008	0.0303467
4.083345e-008	0.0275635
4.085845e-008	0.0213135
4.088345e-008	0.0267578
4.090845e-008	0.0247559
4.093345e-008	0.0140381
4.095845e-008	0.0220947
4.098345e-008	0.0297608
4.100845e-008	0.0341797
4.103345e-008	0.0341553
4.105845e-008	0.0195313
4.108345e-008	0.0188721
4.110845e-008	0.0272217
4.113345e-008	0.0258057
4.115845e-008	0.0214844
4.118345e-008	0.0218994
4.120845e-008	0.0320801
4.123345e-008	0.0328858
4.125845e-008	0.0265137
4.128345e-008	0.0217529
4.130845e-008	0.0165039
4.133345e-008	0.0309815
4.135845e-008	0.03479
4.138345e-008	0.0223633
4.140845e-008	0.033667
4.143345e-008	0.0310303
4.145845e-008	0.00825196
4.148345e-008	0.0115723
4.150845e-008	0.020874
4.153345e-008	0.0157715
4.155845e-008	0.0214356
4.158345e-008	0.0271729
4.160845e-008	0.0262695
4.163345e-008	0.038916
4.165845e-008	0.0387451
4.168345e-008	0.0231201
4.170845e-008	0.0167481
4.173345e-008	0.018335
4.175845e-008	0.0203857
4.178345e-008	0.0184815
4.180845e-008	0.030835
4.183345e-008	0.0383301
4.185845e-008	0.0261475
4.188345e-008	0.0230713
4.190845e-008	0.0180664
4.193345e-008	0.0137207
4.195845e-008	0.0216065
4.198345e-008	0.017627
4.200845e-008	0.0123535
4.203345e-008	0.0260986
4.205845e-008	0.0329102
4.208345e-008	0.026001
4.210845e-008	0.022168
4.213345e-008	0.0236572
4.215845e-008	0.0346191
4.218345e-008	0.0314209
4.220845e-008	0.0158447
4.223345e-008	0.018335
4.225845e-008	0.0177002
4.228345e-008	0.0197266
4.230845e-008	0.0321045
4.233345e-008	0.0269043
4.235845e-008	0.0251953
4.238345e-008	0.0351074
4.240845e-008	0.0375733
4.243345e-008	0.0311035
4.245845e-008	0.00834962
4.248345e-008	-0.00170898
4.250845e-008	0.0133057
4.253345e-008	0.0161865
4.255845e-008	0.0226074
4.258345e-008	0.0341797
4.260845e-008	0.0197266
4.263345e-008	0.0100342
4.265845e-008	0.0187988
4.268345e-008	0.0239014
4.270845e-008	0.0280274
4.273345e-008	0.0255859
4.275845e-008	0.0153565
4.278345e-008	0.0176758
4.280845e-008	0.0314209
4.283345e-008	0.0322998
4.285845e-008	0.0168701
4.288345e-008	0.00646973
4.290845e-008	0.00783692
4.293345e-008	0.0185059
4.295845e-008	0.0328858
4.298345e-008	0.0274414
4.300845e-008	0.0113525
4.303345e-008	0.0139404
4.305845e-008	0.0246338
4.308345e-008	0.0275635
4.310845e-008	0.020752
4.313345e-008	0.0147705
4.315845e-008	0.0236328
4.318345e-008	0.0280518
4.320845e-008	0.0227539
4.323345e-008	0.0264649
4.325845e-008	0.0239746
4.328345e-008	0.0146973
4.330845e-008	0.0160645
4.333345e-008	0.0214356
4.335845e-008	0.0256592
4.338345e-008	0.0229492
4.340845e-008	0.0258301
4.343345e-008	0.0270508
4.345845e-008	0.00529786
4.348345e-008	0.00612794
4.350845e-008	0.0267578
4.353345e-008	0.029834
4.355845e-008	0.0359619
4.358345e-008	0.0342041
4.360845e-008	0.0238281
4.363345e-008	0.0298096
4.365845e-008	0.0297363
4.368345e-008	0.0212891
4.370845e-008	0.0287109
4.373345e-008	0.0285156
4.375845e-008	0.0138916
4.378345e-008	0.0216797
4.380845e-008	0.0290527
4.383345e-008	0.0169678
4.385845e-008	0.0181885
4.388345e-008	0.0177734
4.390845e-008	0.010083
4.393345e-008	0.0124024
4.395845e-008	0.0118408
4.398345e-008	0.0182617
4.400845e-008	0.032959
4.403345e-008	0.0308106
4.405845e-008	0.0178223
4.408345e-008	0.0185059
4.410845e-008	0.024292
4.413345e-008	0.0200684
4.415845e-008	0.0189209
4.418345e-008	0.0109619
4.420845e-008	0.00373536
4.423345e-008	0.0157959
4.425845e-008	0.0186035
4.428345e-008	0.0191162
4.430845e-008	0.0209961
4.433345e-008	0.0167236
4.435845e-008	0.0225586
4.438345e-008	0.0209473
4.440845e-008	0.0247803
4.443345e-008	0.0323975
4.445845e-008	0.0191406
4.448345e-008	0.0163086
4.450845e-008	0.0188965
4.453345e-008	0.0158691
4.455845e-008	0.0220459
4.458345e-008	0.0232422
4.460845e-008	0.0219482
4.463345e-008	0.0231201
4.465845e-008	0.0167969
4.468345e-008	0.0184082
4.470845e-008	0.029419
4.473345e-008	0.0216309
4.475845e-008	0.0102539
4.478345e-008	0.0226807
4.480845e-008	0.0333008
4.483345e-008	0.0291748
4.485845e-008	0.0203125
4.488345e-008	0.0112061
4.490845e-008	0.0139893
4.493345e-008	0.019043
4.495845e-008	0.0171875
4.498345e-008	0.0198731
4.500845e-008	0.028833
4.503345e-008	0.0380127
4.505845e-008	0.0291504
4.508345e-008	0.0143311
4.510845e-008	0.0214356
4.513345e-008	0.0174561
4.515845e-008	0.0044922
4.518345e-008	0.0196777
4.520845e-008	0.0266846
4.523345e-008	0.00976563
4.525845e-008	0.00229493
4.528345e-008	0.00920411
4.530845e-008	0.0209473
4.533345e-008	0.0294434
4.535845e-008	0.0297608
4.538345e-008	0.0275879
4.540845e-008	0.0304199
4.543345e-008	0.0304199
4.545845e-008	0.0268311
4.548345e-008	0.0227783
4.550845e-008	0.0167481
4.553345e-008	0.0158936
4.555845e-008	0.0122315
4.558345e-008	0.0161133
4.560845e-008	0.0320068
4.563345e-008	0.0288818
4.565845e-008	0.0195557
4.568345e-008	0.0247559
4.570845e-008	0.0256348
4.573345e-008	0.0146973
4.575845e-008	0.0113037
4.578345e-008	0.0197266
4.580845e-008	0.0257813
4.583345e-008	0.0273682
4.585845e-008	0.0222656
4.588345e-008	0.019458
4.590845e-008	0.0185059
4.593345e-008	0.0128418
4.595845e-008	0.0219238
4.598345e-008	0.0174072
4.600845e-008	0.00139161
4.603345e-008	0.0290772
4.605845e-008	0.0444824
4.608345e-008	0.0248047
4.610845e-008	0.0273438
4.613345e-008	0.0224854
4.615845e-008	0.0135254
4.618345e-008	0.0192871
4.620845e-008	0.0127197
4.623345e-008	0.0202637
4.625845e-008	0.027417
4.628345e-008	0.0236084
4.630845e-008	0.0299316
4.633345e-008	0.0170166
4.635845e-008	0.0117188
4.638345e-008	0.0239746
4.640845e-008	0.0274414
4.643345e-008	0.0264893
4.645845e-008	0.00681153
4.648345e-008	0.00649415
4.650845e-008	0.0239258
4.653345e-008	0.0169922
4.655845e-008	0.02854
4.658345e-008	0.0376709
4.660845e-008	0.0172363
4.663345e-008	0.0188232
4.665845e-008	0.0267822
4.668345e-008	0.0199707
4.670845e-008	0.0142578
4.673345e-008	0.0065918
4.675845e-008	0.01604
4.678345e-008	0.0297852
4.680845e-008	0.0202393
4.683345e-008	0.0158691
4.685845e-008	0.0228272
4.688345e-008	0.0241943
4.690845e-008	0.0166992
4.693345e-008	0.0114258
4.695845e-008	0.0211182
4.698345e-008	0.023877
4.700845e-008	0.0171143
4.703345e-008	0.0213135
4.705845e-008	0.0279541
4.708345e-008	0.0244385
4.710845e-008	0.0183838
4.713345e-008	0.0218262
4.715845e-008	0.0227539
4.718345e-008	0.0202393
4.720845e-008	0.0274658
4.723345e-008	0.0253662
4.725845e-008	0.0139893
4.728345e-008	0.0178223
4.730845e-008	0.0261719
4.733345e-008	0.0267334
4.735845e-008	0.031543
4.738345e-008	0.0287109
4.740845e-008	0.0162842
4.743345e-008	0.0229736
4.745845e-008	0.0230225
4.748345e-008	0.0160645
4.750845e-008	0.0266358
4.753345e-008	0.0190186
4.755845e-008	0.020044
4.758345e-008	0.0317871
4.760845e-008	0.012793
4.763345e-008	0.0157471
4.765845e-008	0.0311279
4.768345e-008	0.0232422
4.770845e-008	0.025
4.773345e-008	0.0281006
4.775845e-008	0.0253174
4.778345e-008	0.0234863
4.780845e-008	0.0177246
4.783345e-008	0.0166016
4.785845e-008	0.018042
4.788345e-008	0.0182373
4.790845e-008	0.0173584
4.793345e-008	0.015918
4.795845e-008	0.0203369
4.798345e-008	0.0232422
4.800845e-008	0.0229736
4.803345e-008	0.0248291
4.805845e-008	0.0172363
4.808345e-008	0.00778809
4.810845e-008	0.0143555
4.813345e-008	0.0225098
4.815845e-008	0.0264404
4.818345e-008	0.0283447
4.820845e-008	0.0243164
4.823345e-008	0.0233887
4.825845e-008	0.011499
4.828345e-008	0.00202637
4.830845e-008	0.020166
4.833345e-008	0.0252197
4.835845e-008	0.0194824
4.838345e-008	0.0275879
4.840845e-008	0.0279785
4.843345e-008	0.0235352
4.845845e-008	0.0214111
4.848345e-008	0.0197022
4.850845e-008	0.0246582
4.853345e-008	0.0274902
4.855845e-008	0.026294
4.858345e-008	0.0248535
4.860845e-008	0.024707
4.863345e-008	0.0345703
4.865845e-008	0.0280029
4.868345e-008	0.0100586
4.870845e-008	0.0183106
4.873345e-008	0.0193848
4.875845e-008	0.017334
4.878345e-008	0.0235596
4.880845e-008	0.0198975
4.883345e-008	0.0291992
4.885845e-008	0.0210449
4.888345e-008	0.00908204
4.890845e-008	0.0225586
4.893345e-008	0.0212891
4.895845e-008	0.0285645
4.898345e-008	0.031958
4.900845e-008	0.019165
4.903345e-008	0.0253662
4.905845e-008	0.0217041
4.908345e-008	0.0224854
4.910845e-008	0.0318604
4.913345e-008	0.0108154
4.915845e-008	0.00527345
4.918345e-008	0.0216309
4.920845e-008	0.0226563
4.923345e-008	0.0236084
4.925845e-008	0.0148438
4.928345e-008	0.0053711
4.930845e-008	0.0158447
4.933345e-008	0.023877
4.935845e-008	0.0254883
4.938345e-008	0.0203125
4.940845e-008	0.0163574
4.943345e-008	0.0186524
4.945845e-008	0.0169922
4.948345e-008	0.0220459
4.950845e-008	0.0240723
4.953345e-008	0.0210693
4.955845e-008	0.0261963
4.958345e-008	0.0232422
4.960845e-008	0.0248047
4.963345e-008	0.0343506
4.965845e-008	0.0191895
4.968345e-008	0.0105225
4.970845e-008	0.0233399
4.973345e-008	0.0154541
4.975845e-008	0.00859376
4.978345e-008	0.0198975
4.980845e-008	0.0293213
4.983345e-008	0.037793
4.985845e-008	0.0292481
4.988345e-008	0.0129395
4.990845e-008	0.0137207
4.993345e-008	0.020874
4.995845e-008	0.0300293
4.998345e-008	0.0284912
5.000845e-008	0.0265625
