# LECROYWM813Zi	51496	Waveform
# Segments	1	SegmentSize	4002
# Segment	TrigTime	TimeSinceSegment1
# #1	30-Nov-2018 17:24:53	0                 
# Time	Ampl
-5.000957e-008	0.0242188
-4.998457e-008	0.023999
-4.995957e-008	0.0349854
-4.993457e-008	0.0387207
-4.990957e-008	0.0197022
-4.988457e-008	0.00986329
-4.985957e-008	0.0140869
-4.983457e-008	0.0175537
-4.980957e-008	0.0151611
-4.978457e-008	0.0227539
-4.975957e-008	0.0342529
-4.973457e-008	0.0348145
-4.970957e-008	0.04021
-4.968457e-008	0.0403076
-4.965957e-008	0.0224609
-4.963457e-008	0.0174316
-4.960957e-008	0.0283936
-4.958457e-008	0.0253174
-4.955957e-008	0.0269775
-4.953457e-008	0.0339844
-4.950957e-008	0.0118164
-4.948457e-008	0.000366218
-4.945957e-008	0.0235107
-4.943457e-008	0.03479
-4.940957e-008	0.020459
-4.938457e-008	0.00932618
-4.935957e-008	0.0215576
-4.933457e-008	0.0327637
-4.930957e-008	0.0262695
-4.928457e-008	0.0211914
-4.925957e-008	0.0175781
-4.923457e-008	0.0114502
-4.920957e-008	0.0117432
-4.918457e-008	0.016333
-4.915957e-008	0.0212647
-4.913457e-008	0.0267822
-4.910957e-008	0.0197022
-4.908457e-008	0.0134522
-4.905957e-008	0.0266358
-4.903457e-008	0.0275879
-4.900957e-008	0.0166016
-4.898457e-008	0.0178955
-4.895957e-008	0.0251221
-4.893457e-008	0.0242676
-4.890957e-008	0.0188965
-4.888457e-008	0.0240723
-4.885957e-008	0.0195068
-4.883457e-008	0.011377
-4.880957e-008	0.0279541
-4.878457e-008	0.0412109
-4.875957e-008	0.0377441
-4.873457e-008	0.0322754
-4.870957e-008	0.0219971
-4.868457e-008	0.017334
-4.865957e-008	0.0251221
-4.863457e-008	0.0237793
-4.860957e-008	0.0218506
-4.858457e-008	0.0243652
-4.855957e-008	0.0262695
-4.853457e-008	0.0392334
-4.850957e-008	0.0315918
-4.848457e-008	0.0173096
-4.845957e-008	0.0250244
-4.843457e-008	0.0217774
-4.840957e-008	0.0229492
-4.838457e-008	0.0246338
-4.835957e-008	0.0140625
-4.833457e-008	0.0189453
-4.830957e-008	0.0185059
-4.828457e-008	0.0140625
-4.825957e-008	0.0228516
-4.823457e-008	0.0200684
-4.820957e-008	0.0119629
-4.818457e-008	0.0153565
-4.815957e-008	0.0227539
-4.813457e-008	0.0250244
-4.810957e-008	0.0143799
-4.808457e-008	0.00864259
-4.805957e-008	0.0200928
-4.803457e-008	0.0251221
-4.800957e-008	0.0236816
-4.798457e-008	0.0202881
-4.795957e-008	0.0159912
-4.793457e-008	0.0217529
-4.790957e-008	0.0203369
-4.788457e-008	0.0156494
-4.785957e-008	0.0191162
-4.783457e-008	0.0181397
-4.780957e-008	0.0141602
-4.778457e-008	0.0122803
-4.775957e-008	0.0212647
-4.773457e-008	0.0259522
-4.770957e-008	0.016626
-4.768457e-008	0.019751
-4.765957e-008	0.0237305
-4.763457e-008	0.0220215
-4.760957e-008	0.0283936
-4.758457e-008	0.0219727
-4.755957e-008	0.0145996
-4.753457e-008	0.0215576
-4.750957e-008	0.0231934
-4.748457e-008	0.0234131
-4.745957e-008	0.0128906
-4.743457e-008	0.00356446
-4.740957e-008	0.0155762
-4.738457e-008	0.0184326
-4.735957e-008	0.0260742
-4.733457e-008	0.0334717
-4.730957e-008	0.0112793
-4.728457e-008	0.00820313
-4.725957e-008	0.0244629
-4.723457e-008	0.024292
-4.720957e-008	0.0233887
-4.718457e-008	0.0234619
-4.715957e-008	0.0222168
-4.713457e-008	0.0208008
-4.710957e-008	0.00932618
-4.708457e-008	0.00859376
-4.705957e-008	0.0296387
-4.703457e-008	0.0303223
-4.700957e-008	0.0123535
-4.698457e-008	0.0116211
-4.695957e-008	0.0203125
-4.693457e-008	0.0282227
-4.690957e-008	0.0258789
-4.688457e-008	0.0148193
-4.685957e-008	0.0189453
-4.683457e-008	0.0278809
-4.680957e-008	0.0218994
-4.678457e-008	0.0175293
-4.675957e-008	0.0185791
-4.673457e-008	0.0126465
-4.670957e-008	0.0171387
-4.668457e-008	0.0222168
-4.665957e-008	0.0169922
-4.663457e-008	0.0213623
-4.660957e-008	0.0222412
-4.658457e-008	0.0190186
-4.655957e-008	0.00839845
-4.653457e-008	-0.00124511
-4.650957e-008	0.0204102
-4.648457e-008	0.029126
-4.645957e-008	0.0141113
-4.643457e-008	0.0178223
-4.640957e-008	0.0214111
-4.638457e-008	0.0107666
-4.635957e-008	0.00991212
-4.633457e-008	0.0170166
-4.630957e-008	0.00966798
-4.628457e-008	0.00578614
-4.625957e-008	0.0149658
-4.623457e-008	0.0118897
-4.620957e-008	0.0149658
-4.618457e-008	0.023584
-4.615957e-008	0.0195557
-4.613457e-008	0.0230225
-4.610957e-008	0.0281006
-4.608457e-008	0.0275147
-4.605957e-008	0.0193359
-4.603457e-008	0.00786134
-4.600957e-008	0.0126709
-4.598457e-008	0.0146729
-4.595957e-008	0.0133545
-4.593457e-008	0.0201172
-4.590957e-008	0.0146729
-4.588457e-008	0.0108399
-4.585957e-008	0.0188232
-4.583457e-008	0.0215088
-4.580957e-008	0.0233399
-4.578457e-008	0.019165
-4.575957e-008	0.0129883
-4.573457e-008	0.014209
-4.570957e-008	0.0179199
-4.568457e-008	0.0280274
-4.565957e-008	0.0285645
-4.563457e-008	0.0232666
-4.560957e-008	0.0130371
-4.558457e-008	0.00632325
-4.555957e-008	0.035669
-4.553457e-008	0.037915
-4.550957e-008	0.00637208
-4.548457e-008	0.0162598
-4.545957e-008	0.0319336
-4.543457e-008	0.0276856
-4.540957e-008	0.0317627
-4.538457e-008	0.0294678
-4.535957e-008	0.0280518
-4.533457e-008	0.0300049
-4.530957e-008	0.0119141
-4.528457e-008	0.0124268
-4.525957e-008	0.0258301
-4.523457e-008	0.0101074
-4.520957e-008	0.00227052
-4.518457e-008	0.00737305
-4.515957e-008	0.0112061
-4.513457e-008	0.0204346
-4.510957e-008	0.0116699
-4.508457e-008	0.00327149
-4.505957e-008	0.0173584
-4.503457e-008	0.019165
-4.500957e-008	0.0144775
-4.498457e-008	0.020874
-4.495957e-008	0.0200195
-4.493457e-008	0.0189697
-4.490957e-008	0.0159668
-4.488457e-008	0.0145752
-4.485957e-008	0.0265381
-4.483457e-008	0.0301025
-4.480957e-008	0.0276611
-4.478457e-008	0.0247315
-4.475957e-008	0.0247559
-4.473457e-008	0.0275147
-4.470957e-008	0.0250488
-4.468457e-008	0.0345459
-4.465957e-008	0.0320801
-4.463457e-008	0.0142822
-4.460957e-008	0.0189941
-4.458457e-008	0.0254395
-4.455957e-008	0.0257813
-4.453457e-008	0.0273438
-4.450957e-008	0.016919
-4.448457e-008	0.0216309
-4.445957e-008	0.0300781
-4.443457e-008	0.0136963
-4.440957e-008	0.0191162
-4.438457e-008	0.0338379
-4.435957e-008	0.0301758
-4.433457e-008	0.0292725
-4.430957e-008	0.0157959
-4.428457e-008	0.0152344
-4.425957e-008	0.0314941
-4.423457e-008	0.0323242
-4.420957e-008	0.0282471
-4.418457e-008	0.0160156
-4.415957e-008	0.0193604
-4.413457e-008	0.0338379
-4.410957e-008	0.0234131
-4.408457e-008	0.0175781
-4.405957e-008	0.0317627
-4.403457e-008	0.0382324
-4.400957e-008	0.0232422
-4.398457e-008	0.0166748
-4.395957e-008	0.0340088
-4.393457e-008	0.0341065
-4.390957e-008	0.015625
-4.388457e-008	0.0168213
-4.385957e-008	0.0226074
-4.383457e-008	0.00996095
-4.380957e-008	0.0115723
-4.378457e-008	0.0344238
-4.375957e-008	0.0336914
-4.373457e-008	0.0211426
-4.370957e-008	0.0266113
-4.368457e-008	0.0200195
-4.365957e-008	0.0159912
-4.363457e-008	0.0258057
-4.360957e-008	0.0172607
-4.358457e-008	0.016626
-4.355957e-008	0.0271484
-4.353457e-008	0.0255615
-4.350957e-008	0.021582
-4.348457e-008	0.0237305
-4.345957e-008	0.0249756
-4.343457e-008	0.0155029
-4.340957e-008	0.0199951
-4.338457e-008	0.0298584
-4.335957e-008	0.0135986
-4.333457e-008	0.00732423
-4.330957e-008	0.0255127
-4.328457e-008	0.0302002
-4.325957e-008	0.0269287
-4.323457e-008	0.0280274
-4.320957e-008	0.010669
-4.318457e-008	-0.00178222
-4.315957e-008	0.0189697
-4.313457e-008	0.031665
-4.310957e-008	0.0193848
-4.308457e-008	0.0149902
-4.305957e-008	0.0237549
-4.303457e-008	0.031665
-4.300957e-008	0.0345459
-4.298457e-008	0.0245361
-4.295957e-008	0.0228272
-4.293457e-008	0.0355713
-4.290957e-008	0.0239014
-4.288457e-008	0.0147461
-4.285957e-008	0.0264404
-4.283457e-008	0.0220703
-4.280957e-008	0.0193604
-4.278457e-008	0.0191406
-4.275957e-008	0.0153565
-4.273457e-008	0.021875
-4.270957e-008	0.0106201
-4.268457e-008	0.0111084
-4.265957e-008	0.0340088
-4.263457e-008	0.0223389
-4.260957e-008	0.0131348
-4.258457e-008	0.0274902
-4.255957e-008	0.0286865
-4.253457e-008	0.0241455
-4.250957e-008	0.0123535
-4.248457e-008	0.0141602
-4.245957e-008	0.0282227
-4.243457e-008	0.0154297
-4.240957e-008	0.0161865
-4.238457e-008	0.0307129
-4.235957e-008	0.0226807
-4.233457e-008	0.0142822
-4.230957e-008	0.0139649
-4.228457e-008	0.0159668
-4.225957e-008	0.00935059
-4.223457e-008	0.015332
-4.220957e-008	0.0311524
-4.218457e-008	0.0264404
-4.215957e-008	0.0280274
-4.213457e-008	0.023877
-4.210957e-008	0.00920411
-4.208457e-008	0.0149902
-4.205957e-008	0.0260742
-4.203457e-008	0.0248779
-4.200957e-008	0.0230225
-4.198457e-008	0.0310059
-4.195957e-008	0.0307373
-4.193457e-008	0.0202637
-4.190957e-008	0.00400391
-4.188457e-008	0.0022461
-4.185957e-008	0.0248535
-4.183457e-008	0.0268311
-4.180957e-008	0.0212891
-4.178457e-008	0.0180908
-4.175957e-008	0.0157471
-4.173457e-008	0.0414063
-4.170957e-008	0.0367432
-4.168457e-008	0.00510255
-4.165957e-008	0.0166992
-4.163457e-008	0.0226563
-4.160957e-008	0.00942384
-4.158457e-008	0.0167969
-4.155957e-008	0.022876
-4.153457e-008	0.024585
-4.150957e-008	0.0196045
-4.148457e-008	0.0174072
-4.145957e-008	0.029419
-4.143457e-008	0.0261231
-4.140957e-008	0.0165283
-4.138457e-008	0.00598145
-4.135957e-008	0.00354005
-4.133457e-008	0.0168945
-4.130957e-008	0.017334
-4.128457e-008	0.0197754
-4.125957e-008	0.0168701
-4.123457e-008	0.0106934
-4.120957e-008	0.0239014
-4.118457e-008	0.0135254
-4.115957e-008	0.0158203
-4.113457e-008	0.04646
-4.110957e-008	0.0232422
-4.108457e-008	0.00349122
-4.105957e-008	0.0287109
-4.103457e-008	0.0229004
-4.100957e-008	0.0107178
-4.098457e-008	0.0198731
-4.095957e-008	0.0171143
-4.093457e-008	0.0187012
-4.090957e-008	0.0278076
-4.088457e-008	0.0254395
-4.085957e-008	0.0181397
-4.083457e-008	0.00991212
-4.080957e-008	0.0142578
-4.078457e-008	0.0206543
-4.075957e-008	0.0169434
-4.073457e-008	0.0256836
-4.070957e-008	0.0267334
-4.068457e-008	0.0158203
-4.065957e-008	0.0191895
-4.063457e-008	0.0227783
-4.060957e-008	0.0213379
-4.058457e-008	0.0175537
-4.055957e-008	0.0135254
-4.053457e-008	0.0202881
-4.050957e-008	0.0161865
-4.048457e-008	0.0108154
-4.045957e-008	0.0307861
-4.043457e-008	0.0267822
-4.040957e-008	0.0126465
-4.038457e-008	0.0229248
-4.035957e-008	0.0258057
-4.033457e-008	0.036499
-4.030957e-008	0.0269287
-4.028457e-008	0.00217286
-4.025957e-008	0.0188477
-4.023457e-008	0.0218018
-4.020957e-008	0.0102539
-4.018457e-008	0.0258057
-4.015957e-008	0.0307373
-4.013457e-008	0.0154785
-4.010957e-008	0.00788575
-4.008457e-008	0.0118164
-4.005957e-008	0.0199463
-4.003457e-008	0.0291748
-4.000957e-008	0.0264649
-3.998457e-008	0.0170899
-3.995957e-008	0.0205322
-3.993457e-008	0.0244873
-3.990957e-008	0.0185303
-3.988457e-008	0.0200684
-3.985957e-008	0.0279297
-3.983457e-008	0.0236328
-3.980957e-008	0.0159424
-3.978457e-008	0.0229492
-3.975957e-008	0.0375488
-3.973457e-008	0.0322022
-3.970957e-008	0.0106201
-3.968457e-008	0.0144531
-3.965957e-008	0.0266113
-3.963457e-008	0.0189697
-3.960957e-008	0.0241211
-3.958457e-008	0.0220703
-3.955957e-008	0.011792
-3.953457e-008	0.0260742
-3.950957e-008	0.0197022
-3.948457e-008	0.0165527
-3.945957e-008	0.038794
-3.943457e-008	0.0312256
-3.940957e-008	0.0184082
-3.938457e-008	0.0137451
-3.935957e-008	0.00822755
-3.933457e-008	0.0233643
-3.930957e-008	0.0318848
-3.928457e-008	0.0199951
-3.925957e-008	0.0180176
-3.923457e-008	0.0227539
-3.920957e-008	0.0224854
-3.918457e-008	0.0189209
-3.915957e-008	0.0164551
-3.913457e-008	0.0276123
-3.910957e-008	0.0280518
-3.908457e-008	0.0233643
-3.905957e-008	0.0300537
-3.903457e-008	0.0146729
-3.900957e-008	0.0147461
-3.898457e-008	0.0299072
-3.895957e-008	0.0217529
-3.893457e-008	0.0255127
-3.890957e-008	0.0182373
-3.888457e-008	0.010083
-3.885957e-008	0.037793
-3.883457e-008	0.0429688
-3.880957e-008	0.0257813
-3.878457e-008	0.0252686
-3.875957e-008	0.0307861
-3.873457e-008	0.0257568
-3.870957e-008	0.00954591
-3.868457e-008	0.00410157
-3.865957e-008	0.00891114
-3.863457e-008	0.0144043
-3.860957e-008	0.0204834
-3.858457e-008	0.0109131
-3.855957e-008	0.00339356
-3.853457e-008	0.0224854
-3.850957e-008	0.0386719
-3.848457e-008	0.0316895
-3.845957e-008	0.0204102
-3.843457e-008	0.0130615
-3.840957e-008	0.0135742
-3.838457e-008	0.0253906
-3.835957e-008	0.0333008
-3.833457e-008	0.0319092
-3.830957e-008	0.0259277
-3.828457e-008	0.0236572
-3.825957e-008	0.0277588
-3.823457e-008	0.0244141
-3.820957e-008	0.0160156
-3.818457e-008	0.018457
-3.815957e-008	0.0299316
-3.813457e-008	0.0253418
-3.810957e-008	0.0142334
-3.808457e-008	0.0194824
-3.805957e-008	0.0175293
-3.803457e-008	0.016626
-3.800957e-008	0.0315186
-3.798457e-008	0.0358643
-3.795957e-008	0.0311524
-3.793457e-008	0.0306641
-3.790957e-008	0.0251709
-3.788457e-008	0.0217285
-3.785957e-008	0.0320557
-3.783457e-008	0.0246338
-3.780957e-008	0.000561531
-3.778457e-008	0.002417
-3.775957e-008	0.020044
-3.773457e-008	0.02146
-3.770957e-008	0.00893555
-3.768457e-008	0.0088379
-3.765957e-008	0.0198731
-3.763457e-008	0.0248047
-3.760957e-008	0.0266358
-3.758457e-008	0.0162598
-3.755957e-008	0.0125488
-3.753457e-008	0.030249
-3.750957e-008	0.0312744
-3.748457e-008	0.0253418
-3.745957e-008	0.0281006
-3.743457e-008	0.0250488
-3.740957e-008	0.0289307
-3.738457e-008	0.0287842
-3.735957e-008	0.0296875
-3.733457e-008	0.0303223
-3.730957e-008	0.00766602
-3.728457e-008	0.00817872
-3.725957e-008	0.0235107
-3.723457e-008	0.0197022
-3.720957e-008	0.0226074
-3.718457e-008	0.0215332
-3.715957e-008	0.0228027
-3.713457e-008	0.0332764
-3.710957e-008	0.0226563
-3.708457e-008	0.0153809
-3.705957e-008	0.032959
-3.703457e-008	0.0365234
-3.700957e-008	0.0206299
-3.698457e-008	0.0187012
-3.695957e-008	0.0333496
-3.693457e-008	0.0343262
-3.690957e-008	0.0151123
-3.688457e-008	0.0187256
-3.685957e-008	0.0293457
-3.683457e-008	0.0125732
-3.680957e-008	0.0097168
-3.678457e-008	0.017627
-3.675957e-008	0.0155518
-3.673457e-008	0.0178223
-3.670957e-008	0.0131348
-3.668457e-008	0.0127441
-3.665957e-008	0.0233399
-3.663457e-008	0.0178711
-3.660957e-008	0.0101807
-3.658457e-008	0.0208496
-3.655957e-008	0.0378662
-3.653457e-008	0.0317383
-3.650957e-008	0.00356446
-3.648457e-008	0.00322266
-3.645957e-008	0.0220947
-3.643457e-008	0.0252197
-3.640957e-008	0.0179932
-3.638457e-008	0.00852052
-3.635957e-008	0.0253418
-3.633457e-008	0.0461914
-3.630957e-008	0.0216309
-3.628457e-008	0.00715333
-3.625957e-008	0.0258057
-3.623457e-008	0.0268311
-3.620957e-008	0.0143799
-3.618457e-008	0.00468751
-3.615957e-008	0.0177979
-3.613457e-008	0.0348633
-3.610957e-008	0.0246826
-3.608457e-008	0.0262451
-3.605957e-008	0.0263916
-3.603457e-008	0.0197266
-3.600957e-008	0.0183106
-3.598457e-008	0.00712891
-3.595957e-008	0.0191162
-3.593457e-008	0.0236816
-3.590957e-008	0.00563966
-3.588457e-008	0.0114014
-3.585957e-008	0.0193848
-3.583457e-008	0.011377
-3.580957e-008	0.00786134
-3.578457e-008	0.0174316
-3.575957e-008	0.0232178
-3.573457e-008	0.0270264
-3.570957e-008	0.0307861
-3.568457e-008	0.0186524
-3.565957e-008	0.0159668
-3.563457e-008	0.0207031
-3.560957e-008	0.0139649
-3.558457e-008	0.0193848
-3.555957e-008	0.0282471
-3.553457e-008	0.0270752
-3.550957e-008	0.0260498
-3.548457e-008	0.0176758
-3.545957e-008	0.0116699
-3.543457e-008	0.0134766
-3.540957e-008	0.0161133
-3.538457e-008	0.0221191
-3.535957e-008	0.0245361
-3.533457e-008	0.0229004
-3.530957e-008	0.0106201
-3.528457e-008	0.0121582
-3.525957e-008	0.0311035
-3.523457e-008	0.02229
-3.520957e-008	0.0194336
-3.518457e-008	0.0261719
-3.515957e-008	0.0169922
-3.513457e-008	0.0185303
-3.510957e-008	0.0126709
-3.508457e-008	0.0137451
-3.505957e-008	0.0332764
-3.503457e-008	0.0279541
-3.500957e-008	0.0150147
-3.498457e-008	0.02146
-3.495957e-008	0.0328613
-3.493457e-008	0.0204834
-3.490957e-008	0.00656739
-3.488457e-008	0.0160645
-3.485957e-008	0.012207
-3.483457e-008	0.0205078
-3.480957e-008	0.0345947
-3.478457e-008	0.0168213
-3.475957e-008	0.0229004
-3.473457e-008	0.032959
-3.470957e-008	0.0170654
-3.468457e-008	0.0152344
-3.465957e-008	0.0140137
-3.463457e-008	0.0140137
-3.460957e-008	0.0224854
-3.458457e-008	0.0187988
-3.455957e-008	0.0212891
-3.453457e-008	0.0255371
-3.450957e-008	0.0107666
-3.448457e-008	0.0149414
-3.445957e-008	0.030127
-3.443457e-008	0.0208984
-3.440957e-008	0.0209717
-3.438457e-008	0.0185303
-3.435957e-008	0.0052002
-3.433457e-008	0.0158203
-3.430957e-008	0.0198975
-3.428457e-008	0.019165
-3.425957e-008	0.0251709
-3.423457e-008	0.0174561
-3.420957e-008	0.0244141
-3.418457e-008	0.031543
-3.415957e-008	0.0207031
-3.413457e-008	0.0189697
-3.410957e-008	0.00576173
-3.408457e-008	0.0050293
-3.405957e-008	0.0297119
-3.403457e-008	0.0200684
-3.400957e-008	0.00810548
-3.398457e-008	0.0182129
-3.395957e-008	0.0259033
-3.393457e-008	0.0320313
-3.390957e-008	0.0169922
-3.388457e-008	0.0109619
-3.385957e-008	0.0203125
-3.383457e-008	0.0139893
-3.380957e-008	0.013794
-3.378457e-008	0.0140869
-3.375957e-008	0.0193848
-3.373457e-008	0.0273926
-3.370957e-008	0.014209
-3.368457e-008	0.0126221
-3.365957e-008	0.0307861
-3.363457e-008	0.035669
-3.360957e-008	0.0252441
-3.358457e-008	0.0250977
-3.355957e-008	0.0292236
-3.353457e-008	0.0193115
-3.350957e-008	0.0124756
-3.348457e-008	0.0156982
-3.345957e-008	0.0270508
-3.343457e-008	0.0318115
-3.340957e-008	0.019165
-3.338457e-008	0.010376
-3.335957e-008	0.0174805
-3.333457e-008	0.0346436
-3.330957e-008	0.0337891
-3.328457e-008	0.0222656
-3.325957e-008	0.0215332
-3.323457e-008	0.015625
-3.320957e-008	0.0225098
-3.318457e-008	0.0306885
-3.315957e-008	0.0222656
-3.313457e-008	0.0227295
-3.310957e-008	0.00976563
-3.308457e-008	7.32496e-005
-3.305957e-008	0.0209473
-3.303457e-008	0.0227539
-3.300957e-008	0.0115479
-3.298457e-008	0.0168945
-3.295957e-008	0.0225098
-3.293457e-008	0.0235596
-3.290957e-008	0.0201904
-3.288457e-008	0.0201904
-3.285957e-008	0.026709
-3.283457e-008	0.0314209
-3.280957e-008	0.029834
-3.278457e-008	0.0237793
-3.275957e-008	0.0229492
-3.273457e-008	0.0109375
-3.270957e-008	0.00466309
-3.268457e-008	0.0275879
-3.265957e-008	0.0344971
-3.263457e-008	0.0268799
-3.260957e-008	0.0235352
-3.258457e-008	0.0154785
-3.255957e-008	0.0240723
-3.253457e-008	0.0317383
-3.250957e-008	0.0192383
-3.248457e-008	0.0146484
-3.245957e-008	0.0161621
-3.243457e-008	0.0160889
-3.240957e-008	0.0193359
-3.238457e-008	0.0141357
-3.235957e-008	0.00949708
-3.233457e-008	0.0239258
-3.230957e-008	0.0330811
-3.228457e-008	0.0235107
-3.225957e-008	0.0183838
-3.223457e-008	0.0141113
-3.220957e-008	0.0128418
-3.218457e-008	0.0258301
-3.215957e-008	0.0338623
-3.213457e-008	0.0322998
-3.210957e-008	0.0242432
-3.208457e-008	0.0199707
-3.205957e-008	0.0226074
-3.203457e-008	0.0195557
-3.200957e-008	0.0219727
-3.198457e-008	0.00852052
-3.195957e-008	-0.000781243
-3.193457e-008	0.024585
-3.190957e-008	0.0284424
-3.188457e-008	0.0177979
-3.185957e-008	0.0165039
-3.183457e-008	0.0147705
-3.180957e-008	0.0185547
-3.178457e-008	0.0218506
-3.175957e-008	0.0328613
-3.173457e-008	0.0321289
-3.170957e-008	0.0154297
-3.168457e-008	0.015332
-3.165957e-008	0.0231201
-3.163457e-008	0.0216065
-3.160957e-008	0.00979005
-3.158457e-008	0.00827637
-3.155957e-008	0.0253662
-3.153457e-008	0.029541
-3.150957e-008	0.0173828
-3.148457e-008	0.0180176
-3.145957e-008	0.0162109
-3.143457e-008	0.0101074
-3.140957e-008	0.0221924
-3.138457e-008	0.0217041
-3.135957e-008	0.0224365
-3.133457e-008	0.0318848
-3.130957e-008	0.0187988
-3.128457e-008	0.0149902
-3.125957e-008	0.0207031
-3.123457e-008	0.0186279
-3.120957e-008	0.0113037
-3.118457e-008	0.00942384
-3.115957e-008	0.02229
-3.113457e-008	0.0205322
-3.110957e-008	0.0181641
-3.108457e-008	0.0229492
-3.105957e-008	0.0162598
-3.103457e-008	0.021582
-3.100957e-008	0.029126
-3.098457e-008	0.0236816
-3.095957e-008	0.0268555
-3.093457e-008	0.0257813
-3.090957e-008	0.00998536
-3.088457e-008	0.0187012
-3.085957e-008	0.0352295
-3.083457e-008	0.0248047
-3.080957e-008	0.0203613
-3.078457e-008	0.0185059
-3.075957e-008	0.0184326
-3.073457e-008	0.029419
-3.070957e-008	0.0157227
-3.068457e-008	0.0088379
-3.065957e-008	0.0256592
-3.063457e-008	0.0250488
-3.060957e-008	0.0222168
-3.058457e-008	0.016626
-3.055957e-008	0.013916
-3.053457e-008	0.0238281
-3.050957e-008	0.0138184
-3.048457e-008	0.014624
-3.045957e-008	0.0302734
-3.043457e-008	0.0243164
-3.040957e-008	0.0147705
-3.038457e-008	0.0115967
-3.035957e-008	0.0239258
-3.033457e-008	0.0320068
-3.030957e-008	0.0195068
-3.028457e-008	0.0175781
-3.025957e-008	0.0145264
-3.023457e-008	0.00722657
-3.020957e-008	0.0112549
-3.018457e-008	0.0161621
-3.015957e-008	0.0360352
-3.013457e-008	0.037793
-3.010957e-008	-0.00419921
-3.008457e-008	-0.000976555
-3.005957e-008	0.0318359
-3.003457e-008	0.0223145
-3.000957e-008	0.0175537
-2.998457e-008	0.0201416
-2.995957e-008	0.0216065
-2.993457e-008	0.0315674
-2.990957e-008	0.0215576
-2.988457e-008	0.010376
-2.985957e-008	0.0138428
-2.983457e-008	0.0208008
-2.980957e-008	0.0272705
-2.978457e-008	0.0283447
-2.975957e-008	0.0287598
-2.973457e-008	0.021582
-2.970957e-008	0.00510255
-2.968457e-008	0.00341798
-2.965957e-008	0.0268799
-2.963457e-008	0.0411621
-2.960957e-008	0.0310791
-2.958457e-008	0.0175293
-2.955957e-008	0.0147949
-2.953457e-008	0.0250733
-2.950957e-008	0.0210449
-2.948457e-008	0.011792
-2.945957e-008	0.020044
-2.943457e-008	0.023999
-2.940957e-008	0.0307373
-2.938457e-008	0.0302246
-2.935957e-008	0.0204102
-2.933457e-008	0.029834
-2.930957e-008	0.0231934
-2.928457e-008	0.00935059
-2.925957e-008	0.02146
-2.923457e-008	0.0229981
-2.920957e-008	0.0161865
-2.918457e-008	0.0191406
-2.915957e-008	0.0138672
-2.913457e-008	0.00708009
-2.910957e-008	0.0170654
-2.908457e-008	0.0251709
-2.905957e-008	0.0181885
-2.903457e-008	0.0134277
-2.900957e-008	0.0203613
-2.898457e-008	0.0242676
-2.895957e-008	0.0204834
-2.893457e-008	0.023169
-2.890957e-008	0.0132568
-2.888457e-008	0.00673829
-2.885957e-008	0.0202149
-2.883457e-008	0.019165
-2.880957e-008	0.0211426
-2.878457e-008	0.0208252
-2.875957e-008	0.0183594
-2.873457e-008	0.0350342
-2.870957e-008	0.024292
-2.868457e-008	0.00480958
-2.865957e-008	0.0185791
-2.863457e-008	0.0303223
-2.860957e-008	0.0198486
-2.858457e-008	0.0126709
-2.855957e-008	0.0225342
-2.853457e-008	0.0182129
-2.850957e-008	0.00402833
-2.848457e-008	0.00839845
-2.845957e-008	0.013794
-2.843457e-008	0.0161621
-2.840957e-008	0.0202881
-2.838457e-008	0.0230713
-2.835957e-008	0.0263184
-2.833457e-008	0.0177246
-2.830957e-008	0.00725098
-2.828457e-008	0.0154785
-2.825957e-008	0.0238525
-2.823457e-008	0.0195557
-2.820957e-008	0.0259522
-2.818457e-008	0.0278076
-2.815957e-008	0.00959473
-2.813457e-008	0.0116211
-2.810957e-008	0.0134522
-2.808457e-008	0.0036377
-2.805957e-008	0.0225586
-2.803457e-008	0.0360108
-2.800957e-008	0.0313233
-2.798457e-008	0.029419
-2.795957e-008	0.0276367
-2.793457e-008	0.0286621
-2.790957e-008	0.0195313
-2.788457e-008	0.0185059
-2.785957e-008	0.025415
-2.783457e-008	0.0122315
-2.780957e-008	0.00881348
-2.778457e-008	0.0199707
-2.775957e-008	0.024707
-2.773457e-008	0.0322266
-2.770957e-008	0.032251
-2.768457e-008	0.019165
-2.765957e-008	0.0229492
-2.763457e-008	0.0308838
-2.760957e-008	0.0190918
-2.758457e-008	0.0173096
-2.755957e-008	0.0263184
-2.753457e-008	0.0306885
-2.750957e-008	0.0220215
-2.748457e-008	0.0052002
-2.745957e-008	0.0152588
-2.743457e-008	0.0289063
-2.740957e-008	0.0256592
-2.738457e-008	0.0249512
-2.735957e-008	0.023169
-2.733457e-008	0.0143799
-2.730957e-008	0.00581055
-2.728457e-008	0.019458
-2.725957e-008	0.0274414
-2.723457e-008	0.0118164
-2.720957e-008	0.0181641
-2.718457e-008	0.0282471
-2.715957e-008	0.0253662
-2.713457e-008	0.0319092
-2.710957e-008	0.0312988
-2.708457e-008	0.0232178
-2.705957e-008	0.0117188
-2.703457e-008	0.000781257
-2.700957e-008	0.00839845
-2.698457e-008	0.0194824
-2.695957e-008	0.0339356
-2.693457e-008	0.0425781
-2.690957e-008	0.0202393
-2.688457e-008	0.00737305
-2.685957e-008	0.0178955
-2.683457e-008	0.0211914
-2.680957e-008	0.0165527
-2.678457e-008	0.00412598
-2.675957e-008	0.0058838
-2.673457e-008	0.0267578
-2.670957e-008	0.0250488
-2.668457e-008	0.010083
-2.665957e-008	0.0162598
-2.663457e-008	0.0251465
-2.660957e-008	0.0163818
-2.658457e-008	0.0149658
-2.655957e-008	0.0323731
-2.653457e-008	0.0363281
-2.650957e-008	0.0145264
-2.648457e-008	0.00764161
-2.645957e-008	0.0261963
-2.643457e-008	0.0238281
-2.640957e-008	0.0119873
-2.638457e-008	0.014209
-2.635957e-008	0.0142334
-2.633457e-008	0.0240967
-2.630957e-008	0.0297852
-2.628457e-008	0.0201904
-2.625957e-008	0.0204834
-2.623457e-008	0.0280274
-2.620957e-008	0.0264649
-2.618457e-008	0.0106445
-2.615957e-008	0.0142334
-2.613457e-008	0.0254639
-2.610957e-008	0.00637208
-2.608457e-008	0.00949708
-2.605957e-008	0.0197266
-2.603457e-008	0.00270997
-2.600957e-008	0.0111084
-2.598457e-008	0.0161865
-2.595957e-008	0.00705567
-2.593457e-008	0.0161865
-2.590957e-008	0.0119873
-2.588457e-008	0.00939942
-2.585957e-008	0.0200928
-2.583457e-008	0.0244873
-2.580957e-008	0.0268555
-2.578457e-008	0.0215576
-2.575957e-008	0.0183838
-2.573457e-008	0.0201416
-2.570957e-008	0.0213135
-2.568457e-008	0.0194824
-2.565957e-008	0.0126465
-2.563457e-008	0.0154297
-2.560957e-008	0.0218262
-2.558457e-008	0.0273193
-2.555957e-008	0.0281006
-2.553457e-008	0.0150879
-2.550957e-008	0.0101563
-2.548457e-008	0.0202149
-2.545957e-008	0.0245361
-2.543457e-008	0.0231445
-2.540957e-008	0.0264649
-2.538457e-008	0.0256104
-2.535957e-008	0.0197998
-2.533457e-008	0.00834962
-2.530957e-008	0.000537117
-2.528457e-008	0.0133301
-2.525957e-008	0.021875
-2.523457e-008	0.029541
-2.520957e-008	0.04021
-2.518457e-008	0.025
-2.515957e-008	0.0188232
-2.513457e-008	0.0327637
-2.510957e-008	0.0310547
-2.508457e-008	0.0238037
-2.505957e-008	0.013794
-2.503457e-008	0.0100098
-2.500957e-008	0.0285645
-2.498457e-008	0.0282715
-2.495957e-008	0.00825196
-2.493457e-008	0.00969239
-2.490957e-008	0.0172119
-2.488457e-008	0.0175049
-2.485957e-008	0.0154541
-2.483457e-008	0.0171875
-2.480957e-008	0.0221436
-2.478457e-008	0.0150391
-2.475957e-008	0.0210938
-2.473457e-008	0.0289307
-2.470957e-008	0.012207
-2.468457e-008	0.0174072
-2.465957e-008	0.0269775
-2.463457e-008	0.0165772
-2.460957e-008	0.0249512
-2.458457e-008	0.0266358
-2.455957e-008	0.016626
-2.453457e-008	0.0217774
-2.450957e-008	0.0184326
-2.448457e-008	0.0180176
-2.445957e-008	0.0199219
-2.443457e-008	0.0150147
-2.440957e-008	0.0298584
-2.438457e-008	0.0236084
-2.435957e-008	0.0115967
-2.433457e-008	0.036084
-2.430957e-008	0.0279785
-2.428457e-008	0.010669
-2.425957e-008	0.0278076
-2.423457e-008	0.0255127
-2.420957e-008	0.0146973
-2.418457e-008	0.0170899
-2.415957e-008	0.0240967
-2.413457e-008	0.0321533
-2.410957e-008	0.0254639
-2.408457e-008	0.0222168
-2.405957e-008	0.0308838
-2.403457e-008	0.0243408
-2.400957e-008	0.0192383
-2.398457e-008	0.0270752
-2.395957e-008	0.0235352
-2.393457e-008	0.0157715
-2.390957e-008	0.0114502
-2.388457e-008	0.0155518
-2.385957e-008	0.0279297
-2.383457e-008	0.0214356
-2.380957e-008	0.0107422
-2.378457e-008	0.0192139
-2.375957e-008	0.0307373
-2.373457e-008	0.0303467
-2.370957e-008	0.0251221
-2.368457e-008	0.0233643
-2.365957e-008	0.0231201
-2.363457e-008	0.0311524
-2.360957e-008	0.0320801
-2.358457e-008	0.0125977
-2.355957e-008	0.0108399
-2.353457e-008	0.0294434
-2.350957e-008	0.023877
-2.348457e-008	0.0154541
-2.345957e-008	0.0338623
-2.343457e-008	0.0336914
-2.340957e-008	0.0221924
-2.338457e-008	0.0391602
-2.335957e-008	0.042627
-2.333457e-008	0.0147949
-2.330957e-008	0.00136719
-2.328457e-008	0.0143066
-2.325957e-008	0.0283691
-2.323457e-008	0.0286133
-2.320957e-008	0.0225098
-2.318457e-008	0.0196045
-2.315957e-008	0.0198731
-2.313457e-008	0.0221191
-2.310957e-008	0.0228027
-2.308457e-008	0.0240967
-2.305957e-008	0.0303711
-2.303457e-008	0.0289551
-2.300957e-008	0.0180664
-2.298457e-008	0.0152832
-2.295957e-008	0.0214111
-2.293457e-008	0.0194336
-2.290957e-008	0.0123779
-2.288457e-008	0.00939942
-2.285957e-008	0.00471192
-2.283457e-008	0.0198242
-2.280957e-008	0.0359863
-2.278457e-008	0.0244873
-2.275957e-008	0.0282959
-2.273457e-008	0.0328369
-2.270957e-008	0.0252197
-2.268457e-008	0.02146
-2.265957e-008	0.00837403
-2.263457e-008	0.0123779
-2.260957e-008	0.014917
-2.258457e-008	0.0116455
-2.255957e-008	0.028418
-2.253457e-008	0.0263672
-2.250957e-008	0.0124756
-2.248457e-008	0.0129395
-2.245957e-008	0.0214111
-2.243457e-008	0.0217774
-2.240957e-008	0.0194092
-2.238457e-008	0.0289307
-2.235957e-008	0.0260254
-2.233457e-008	0.0137207
-2.230957e-008	0.00844727
-2.228457e-008	0.0141846
-2.225957e-008	0.0208252
-2.223457e-008	0.0150391
-2.220957e-008	0.0145996
-2.218457e-008	0.00634766
-2.215957e-008	0.00375977
-2.213457e-008	0.0234863
-2.210957e-008	0.0203369
-2.208457e-008	0.0164307
-2.205957e-008	0.0311035
-2.203457e-008	0.0272217
-2.200957e-008	0.0156494
-2.198457e-008	0.0142578
-2.195957e-008	0.0176025
-2.193457e-008	0.0193604
-2.190957e-008	0.0187744
-2.188457e-008	0.020459
-2.185957e-008	0.0226318
-2.183457e-008	0.0161133
-2.180957e-008	0.0114746
-2.178457e-008	0.0228272
-2.175957e-008	0.0238281
-2.173457e-008	0.0097168
-2.170957e-008	0.00539552
-2.168457e-008	0.0170166
-2.165957e-008	0.0324951
-2.163457e-008	0.0279785
-2.160957e-008	0.0273926
-2.158457e-008	0.0269531
-2.155957e-008	0.00898438
-2.153457e-008	0.0159424
-2.150957e-008	0.0106934
-2.148457e-008	-0.00178222
-2.145957e-008	0.0253662
-2.143457e-008	0.0287354
-2.140957e-008	0.0160156
-2.138457e-008	0.0197266
-2.135957e-008	0.026001
-2.133457e-008	0.0325928
-2.130957e-008	0.0174561
-2.128457e-008	0.0105957
-2.125957e-008	0.019751
-2.123457e-008	0.0072754
-2.120957e-008	0.00329591
-2.118457e-008	0.00598145
-2.115957e-008	0.00239259
-2.113457e-008	0.0174805
-2.110957e-008	0.0135254
-2.108457e-008	0.0008545
-2.105957e-008	0.0145508
-2.103457e-008	0.0204834
-2.100957e-008	0.0283936
-2.098457e-008	0.0305176
-2.095957e-008	0.0230225
-2.093457e-008	0.0275391
-2.090957e-008	0.0111816
-2.088457e-008	0.00131837
-2.085957e-008	0.0212891
-2.083457e-008	0.0284912
-2.080957e-008	0.0235107
-2.078457e-008	0.0263916
-2.075957e-008	0.0295654
-2.073457e-008	0.020752
-2.070957e-008	0.0139649
-2.068457e-008	0.0147705
-2.065957e-008	0.0162842
-2.063457e-008	0.0184326
-2.060957e-008	0.0187256
-2.058457e-008	0.0185547
-2.055957e-008	0.0137207
-2.053457e-008	0.0165527
-2.050957e-008	0.0221191
-2.048457e-008	0.0150635
-2.045957e-008	0.024292
-2.043457e-008	0.0328858
-2.040957e-008	0.0196533
-2.038457e-008	0.0164307
-2.035957e-008	0.0180176
-2.033457e-008	0.0258057
-2.030957e-008	0.0276856
-2.028457e-008	0.00278321
-2.025957e-008	0.00878907
-2.023457e-008	0.0304932
-2.020957e-008	0.01875
-2.018457e-008	0.0206055
-2.015957e-008	0.0313965
-2.013457e-008	0.0192383
-2.010957e-008	0.0126953
-2.008457e-008	0.0204834
-2.005957e-008	0.0179932
-2.003457e-008	0.00368653
-2.000957e-008	0.00444337
-1.998457e-008	0.0200684
-1.995957e-008	0.0329102
-1.993457e-008	0.033374
-1.990957e-008	0.0159668
-1.988457e-008	0.00754395
-1.985957e-008	0.0162842
-1.983457e-008	0.0227783
-1.980957e-008	0.0325928
-1.978457e-008	0.0307617
-1.975957e-008	0.0213135
-1.973457e-008	0.0238281
-1.970957e-008	0.00913087
-1.968457e-008	0.00407716
-1.965957e-008	0.023291
-1.963457e-008	0.0216553
-1.960957e-008	0.0173584
-1.958457e-008	0.00708009
-1.955957e-008	0.00578614
-1.953457e-008	0.0342529
-1.950957e-008	0.020044
-1.948457e-008	0.00297852
-1.945957e-008	0.0318115
-1.943457e-008	0.032959
-1.940957e-008	0.0179688
-1.938457e-008	0.0234131
-1.935957e-008	0.0286621
-1.933457e-008	0.0210693
-1.930957e-008	0.00639649
-1.928457e-008	0.011499
-1.925957e-008	0.0289795
-1.923457e-008	0.0198731
-1.920957e-008	-0.00385741
-1.918457e-008	0.00178223
-1.915957e-008	0.0223389
-1.913457e-008	0.0258301
-1.910957e-008	0.021582
-1.908457e-008	0.0181641
-1.905957e-008	0.0234863
-1.903457e-008	0.0303955
-1.900957e-008	0.0289063
-1.898457e-008	0.0291016
-1.895957e-008	0.0275391
-1.893457e-008	0.0234863
-1.890957e-008	0.0154541
-1.888457e-008	0.0102783
-1.885957e-008	0.0243897
-1.883457e-008	0.0279785
-1.880957e-008	0.00593262
-1.878457e-008	0.00292969
-1.875957e-008	0.0212158
-1.873457e-008	0.0249268
-1.870957e-008	0.0211914
-1.868457e-008	0.0208984
-1.865957e-008	0.0216065
-1.863457e-008	0.0207764
-1.860957e-008	0.0147705
-1.858457e-008	0.0162109
-1.855957e-008	0.026416
-1.853457e-008	0.0294434
-1.850957e-008	0.0214356
-1.848457e-008	0.0128418
-1.845957e-008	0.0119873
-1.843457e-008	0.0165527
-1.840957e-008	0.0189209
-1.838457e-008	0.0203369
-1.835957e-008	0.0320801
-1.833457e-008	0.0329834
-1.830957e-008	0.00742188
-1.828457e-008	0.00373536
-1.825957e-008	0.0259277
-1.823457e-008	0.0259522
-1.820957e-008	0.0261231
-1.818457e-008	0.0265137
-1.815957e-008	0.0103272
-1.813457e-008	0.0224121
-1.810957e-008	0.0249024
-1.808457e-008	0.00827637
-1.805957e-008	0.0243408
-1.803457e-008	0.0273926
-1.800957e-008	0.020044
-1.798457e-008	0.0175537
-1.795957e-008	0.00969239
-1.793457e-008	0.0253174
-1.790957e-008	0.0255127
-1.788457e-008	0.00961915
-1.785957e-008	0.0105957
-1.783457e-008	0.0036377
-1.780957e-008	0.00644532
-1.778457e-008	0.0162598
-1.775957e-008	0.010669
-1.773457e-008	0.0168457
-1.770957e-008	0.0181152
-1.768457e-008	0.00749512
-1.765957e-008	0.0171631
-1.763457e-008	0.0268311
-1.760957e-008	0.0287842
-1.758457e-008	0.0244385
-1.755957e-008	0.0135254
-1.753457e-008	0.0180176
-1.750957e-008	0.0172119
-1.748457e-008	0.0126953
-1.745957e-008	0.0192871
-1.743457e-008	0.0189209
-1.740957e-008	0.0174316
-1.738457e-008	0.0155029
-1.735957e-008	0.0179688
-1.733457e-008	0.0215088
-1.730957e-008	0.0143066
-1.728457e-008	0.0160156
-1.725957e-008	0.0235596
-1.723457e-008	0.0279053
-1.720957e-008	0.0266358
-1.718457e-008	0.0182373
-1.715957e-008	0.0216553
-1.713457e-008	0.0261231
-1.710957e-008	0.01604
-1.708457e-008	0.00810548
-1.705957e-008	0.0155518
-1.703457e-008	0.0218506
-1.700957e-008	0.00747071
-1.698457e-008	0.000268562
-1.695957e-008	0.0173828
-1.693457e-008	0.0268066
-1.690957e-008	0.0131592
-1.688457e-008	0.00634766
-1.685957e-008	0.0201904
-1.683457e-008	0.026294
-1.680957e-008	0.0285645
-1.678457e-008	0.0244141
-1.675957e-008	0.0151611
-1.673457e-008	0.0252197
-1.670957e-008	0.0255615
-1.668457e-008	0.0248535
-1.665957e-008	0.027832
-1.663457e-008	0.0109375
-1.660957e-008	0.0180664
-1.658457e-008	0.0299561
-1.655957e-008	0.0184815
-1.653457e-008	0.022168
-1.650957e-008	0.0142334
-1.648457e-008	-0.00212402
-1.645957e-008	0.0181397
-1.643457e-008	0.0328369
-1.640957e-008	0.0216553
-1.638457e-008	0.014917
-1.635957e-008	0.00861817
-1.633457e-008	0.0107666
-1.630957e-008	0.0215332
-1.628457e-008	0.0179932
-1.625957e-008	0.016333
-1.623457e-008	0.0244873
-1.620957e-008	0.0155762
-1.618457e-008	0.00961915
-1.615957e-008	0.0342529
-1.613457e-008	0.0439209
-1.610957e-008	0.0261231
-1.608457e-008	0.0193359
-1.605957e-008	0.0179443
-1.603457e-008	0.0155274
-1.600957e-008	0.0180176
-1.598457e-008	0.0210938
-1.595957e-008	0.0211914
-1.593457e-008	0.0236572
-1.590957e-008	0.0298096
-1.588457e-008	0.0272217
-1.585957e-008	0.0251709
-1.583457e-008	0.0252197
-1.580957e-008	0.024585
-1.578457e-008	0.0199219
-1.575957e-008	0.0150635
-1.573457e-008	0.0258545
-1.570957e-008	0.0165283
-1.568457e-008	0.00505372
-1.565957e-008	0.0193604
-1.563457e-008	0.0146973
-1.560957e-008	0.0106201
-1.558457e-008	0.0200195
-1.555957e-008	0.0191406
-1.553457e-008	0.0140625
-1.550957e-008	0.0164307
-1.548457e-008	0.0292969
-1.545957e-008	0.0278565
-1.543457e-008	0.01521
-1.540957e-008	0.0127441
-1.538457e-008	0.0162842
-1.535957e-008	0.0266358
-1.533457e-008	0.0273438
-1.530957e-008	0.0171631
-1.528457e-008	0.0196777
-1.525957e-008	0.0240479
-1.523457e-008	0.0198242
-1.520957e-008	0.01521
-1.518457e-008	0.0150879
-1.515957e-008	0.0219971
-1.513457e-008	0.0240479
-1.510957e-008	0.0163574
-1.508457e-008	0.015918
-1.505957e-008	0.0240234
-1.503457e-008	0.0348877
-1.500957e-008	0.0440918
-1.498457e-008	0.0331299
-1.495957e-008	0.0166016
-1.493457e-008	0.0126221
-1.490957e-008	0.0100586
-1.488457e-008	0.0141602
-1.485957e-008	0.0153076
-1.483457e-008	0.0111084
-1.480957e-008	0.00881348
-1.478457e-008	0.00708009
-1.475957e-008	0.0182617
-1.473457e-008	0.0193359
-1.470957e-008	0.0128662
-1.468457e-008	0.0212402
-1.465957e-008	0.0167969
-1.463457e-008	0.00903321
-1.460957e-008	0.0190186
-1.458457e-008	0.018042
-1.455957e-008	0.00847169
-1.453457e-008	0.0168701
-1.450957e-008	0.0214111
-1.448457e-008	0.0161865
-1.445957e-008	0.0195801
-1.443457e-008	0.0238525
-1.440957e-008	0.0239014
-1.438457e-008	0.0192383
-1.435957e-008	0.0257324
-1.433457e-008	0.0320313
-1.430957e-008	0.0185303
-1.428457e-008	0.0151856
-1.425957e-008	0.018042
-1.423457e-008	0.0204834
-1.420957e-008	0.0248779
-1.418457e-008	0.013916
-1.415957e-008	0.0172852
-1.413457e-008	0.0334473
-1.410957e-008	0.0252441
-1.408457e-008	0.0161133
-1.405957e-008	0.0191895
-1.403457e-008	0.0181152
-1.400957e-008	0.0127441
-1.398457e-008	0.0155762
-1.395957e-008	0.0333496
-1.393457e-008	0.0245361
-1.390957e-008	-0.00146484
-1.388457e-008	0.020874
-1.385957e-008	0.0358154
-1.383457e-008	0.00991212
-1.380957e-008	0.0142334
-1.378457e-008	0.0245361
-1.375957e-008	0.0194824
-1.373457e-008	0.0285645
-1.370957e-008	0.0180664
-1.368457e-008	0.014624
-1.365957e-008	0.0341065
-1.363457e-008	0.023291
-1.360957e-008	0.0147705
-1.358457e-008	0.0200195
-1.355957e-008	0.0188232
-1.353457e-008	0.0237305
-1.350957e-008	0.0208252
-1.348457e-008	0.0165772
-1.345957e-008	0.0165039
-1.343457e-008	0.0200928
-1.340957e-008	0.0261475
-1.338457e-008	0.0185303
-1.335957e-008	0.0149902
-1.333457e-008	0.0255127
-1.330957e-008	0.0312256
-1.328457e-008	0.0227295
-1.325957e-008	0.0153565
-1.323457e-008	0.0208984
-1.320957e-008	0.0261475
-1.318457e-008	0.0236084
-1.315957e-008	0.0230469
-1.313457e-008	0.025293
-1.310957e-008	0.00551759
-1.308457e-008	-0.00783691
-1.305957e-008	0.0245361
-1.303457e-008	0.0471924
-1.300957e-008	0.0310303
-1.298457e-008	0.0172852
-1.295957e-008	0.0239502
-1.293457e-008	0.0291016
-1.290957e-008	0.0219971
-1.288457e-008	0.019751
-1.285957e-008	0.0249268
-1.283457e-008	0.0252197
-1.280957e-008	0.018042
-1.278457e-008	0.0196289
-1.275957e-008	0.0241455
-1.273457e-008	0.0167481
-1.270957e-008	0.015625
-1.268457e-008	0.0221924
-1.265957e-008	0.0273193
-1.263457e-008	0.0210693
-1.260957e-008	0.0108154
-1.258457e-008	0.0200195
-1.255957e-008	0.0235107
-1.253457e-008	0.0201904
-1.250957e-008	0.0309815
-1.248457e-008	0.0286377
-1.245957e-008	0.0187744
-1.243457e-008	0.0252686
-1.240957e-008	0.0312256
-1.238457e-008	0.0261719
-1.235957e-008	0.028833
-1.233457e-008	0.037085
-1.230957e-008	0.0245606
-1.228457e-008	0.0129883
-1.225957e-008	0.0202149
-1.223457e-008	0.021582
-1.220957e-008	0.0203613
-1.218457e-008	0.0177002
-1.215957e-008	0.0182373
-1.213457e-008	0.0271484
-1.210957e-008	0.0191406
-1.208457e-008	0.0132813
-1.205957e-008	0.0234131
-1.203457e-008	0.0193359
-1.200957e-008	0.0124024
-1.198457e-008	0.0204346
-1.195957e-008	0.0234863
-1.193457e-008	0.021167
-1.190957e-008	0.0239014
-1.188457e-008	0.0190186
-1.185957e-008	0.019165
-1.183457e-008	0.0292725
-1.180957e-008	0.0213135
-1.178457e-008	0.0119873
-1.175957e-008	0.0170899
-1.173457e-008	0.0150147
-1.170957e-008	0.0133789
-1.168457e-008	0.0171387
-1.165957e-008	0.0180176
-1.163457e-008	0.0155762
-1.160957e-008	0.0101074
-1.158457e-008	0.0120117
-1.155957e-008	0.0147461
-1.153457e-008	0.0204102
-1.150957e-008	0.0268799
-1.148457e-008	0.0188477
-1.145957e-008	0.0211426
-1.143457e-008	0.0267334
-1.140957e-008	0.0196533
-1.138457e-008	0.0178711
-1.135957e-008	0.0205078
-1.133457e-008	0.0305176
-1.130957e-008	0.0331055
-1.128457e-008	0.0165039
-1.125957e-008	0.0104981
-1.123457e-008	0.0175537
-1.120957e-008	0.0155274
-1.118457e-008	0.00837403
-1.115957e-008	0.0113525
-1.113457e-008	0.0219971
-1.110957e-008	0.0215576
-1.108457e-008	0.0101563
-1.105957e-008	0.0149902
-1.103457e-008	0.0293213
-1.100957e-008	0.0261719
-1.098457e-008	0.0191895
-1.095957e-008	0.0233154
-1.093457e-008	0.0235352
-1.090957e-008	0.0165527
-1.088457e-008	0.0215576
-1.085957e-008	0.0227051
-1.083457e-008	0.0081543
-1.080957e-008	0.00947266
-1.078457e-008	0.0185791
-1.075957e-008	0.0221191
-1.073457e-008	0.0259522
-1.070957e-008	0.0155762
-1.068457e-008	0.0103272
-1.065957e-008	0.0185547
-1.063457e-008	0.0152832
-1.060957e-008	0.0198486
-1.058457e-008	0.0303955
-1.055957e-008	0.0245361
-1.053457e-008	0.0188232
-1.050957e-008	0.0137695
-1.048457e-008	0.0123291
-1.045957e-008	0.0233643
-1.043457e-008	0.0292236
-1.040957e-008	0.0178955
-1.038457e-008	0.0140381
-1.035957e-008	0.0231201
-1.033457e-008	0.0168213
-1.030957e-008	0.0166504
-1.028457e-008	0.0219238
-1.025957e-008	0.0255127
-1.023457e-008	0.0407715
-1.020957e-008	0.029126
-1.018457e-008	0.0102051
-1.015957e-008	0.0180664
-1.013457e-008	0.0201416
-1.010957e-008	0.00205079
-1.008457e-008	-0.000341789
-1.005957e-008	0.0248047
-1.003457e-008	0.03125
-1.000957e-008	0.0198731
-9.98457e-009	0.0140381
-9.95957e-009	0.0228272
-9.93457e-009	0.0366455
-9.90957e-009	0.0226318
-9.88457e-009	0.0140625
-9.85957e-009	0.0296387
-9.83457e-009	0.0295654
-9.80957e-009	0.0172607
-9.78457e-009	0.0196777
-9.75957e-009	0.0307373
-9.73457e-009	0.0283691
-9.70957e-009	0.0192627
-9.68457e-009	0.0177979
-9.65957e-009	0.0125488
-9.63457e-009	0.00830079
-9.60957e-009	0.0198242
-9.58457e-009	0.0276123
-9.55957e-009	0.0298096
-9.53457e-009	0.0337647
-9.50957e-009	0.0255127
-9.48457e-009	0.0185791
-9.45957e-009	0.0151611
-9.43457e-009	0.00695802
-9.40957e-009	0.0125488
-9.38457e-009	0.0254883
-9.35957e-009	0.031543
-9.33457e-009	0.029419
-9.30957e-009	0.0189209
-9.28457e-009	0.0155029
-9.25957e-009	0.0175537
-9.23457e-009	0.0205322
-9.20957e-009	0.0313233
-9.18457e-009	0.0284912
-9.15957e-009	0.0232666
-9.13457e-009	0.0315918
-9.10957e-009	0.0231201
-9.08457e-009	0.0173096
-9.05957e-009	0.0240967
-9.03457e-009	0.0189209
-9.00957e-009	0.0156738
-8.98457e-009	0.00908204
-8.95957e-009	0.012915
-8.93457e-009	0.0248047
-8.90957e-009	0.00966798
-8.88457e-009	0.0157959
-8.85957e-009	0.0321045
-8.83457e-009	0.0217041
-8.80957e-009	0.0301025
-8.78457e-009	0.030542
-8.75957e-009	0.0261963
-8.73457e-009	0.043457
-8.70957e-009	0.0258057
-8.68457e-009	0.00854493
-8.65957e-009	0.0252686
-8.63457e-009	0.0199219
-8.60957e-009	0.0125244
-8.58457e-009	0.0205322
-8.55957e-009	0.0233887
-8.53457e-009	0.0333984
-8.50957e-009	0.0289063
-8.48457e-009	0.0199219
-8.45957e-009	0.0312988
-8.43457e-009	0.0300537
-8.40957e-009	0.0183594
-8.38457e-009	0.0109375
-8.35957e-009	0.019165
-8.33457e-009	0.0363281
-8.30957e-009	0.0270264
-8.28457e-009	0.0208984
-8.25957e-009	0.0348389
-8.23457e-009	0.0295899
-8.20957e-009	0.0167236
-8.18457e-009	0.0203613
-8.15957e-009	0.0204834
-8.13457e-009	0.0219482
-8.10957e-009	0.0299316
-8.08457e-009	0.0220947
-8.05957e-009	0.0184082
-8.03457e-009	0.0168701
-8.00957e-009	0.00644532
-7.98457e-009	0.00937501
-7.95957e-009	0.0199219
-7.93457e-009	0.03396
-7.90957e-009	0.0306397
-7.88457e-009	0.0173096
-7.85957e-009	0.0223145
-7.83457e-009	0.0230713
-7.80957e-009	0.0228027
-7.78457e-009	0.0203125
-7.75957e-009	0.0166748
-7.73457e-009	0.0289551
-7.70957e-009	0.0341309
-7.68457e-009	0.0251709
-7.65957e-009	0.0189697
-7.63457e-009	0.0265869
-7.60957e-009	0.0366455
-7.58457e-009	0.031543
-7.55957e-009	0.0261475
-7.53457e-009	0.0300537
-7.50957e-009	0.0161621
-7.48457e-009	0.00280762
-7.45957e-009	0.0264649
-7.43457e-009	0.0321289
-7.40957e-009	0.0177979
-7.38457e-009	0.0248535
-7.35957e-009	0.0261719
-7.33457e-009	0.0286621
-7.30957e-009	0.0247559
-7.28457e-009	0.01604
-7.25957e-009	0.0288086
-7.23457e-009	0.0295654
-7.20957e-009	0.0215332
-7.18457e-009	0.0149414
-7.15957e-009	0.00847169
-7.13457e-009	0.0169678
-7.10957e-009	0.0145752
-7.08457e-009	0.00788575
-7.05957e-009	0.023999
-7.03457e-009	0.0350098
-7.00957e-009	0.0179688
-6.98457e-009	0.0097168
-6.95957e-009	0.0232178
-6.93457e-009	0.0214111
-6.90957e-009	0.0138184
-6.88457e-009	0.0152832
-6.85957e-009	0.0220215
-6.83457e-009	0.0279785
-6.80957e-009	0.0282959
-6.78457e-009	0.0290772
-6.75957e-009	0.0149902
-6.73457e-009	0.0158691
-6.70957e-009	0.0285645
-6.68457e-009	0.0136963
-6.65957e-009	0.0211182
-6.63457e-009	0.0333984
-6.60957e-009	0.0136719
-6.58457e-009	0.00634766
-6.55957e-009	0.0167725
-6.53457e-009	0.0240723
-6.50957e-009	0.0156006
-6.48457e-009	0.0100098
-6.45957e-009	0.0173584
-6.43457e-009	0.0182861
-6.40957e-009	0.0203613
-6.38457e-009	0.0137451
-6.35957e-009	0.00786134
-6.33457e-009	0.015332
-6.30957e-009	0.00339356
-6.28457e-009	0.00349122
-6.25957e-009	0.0207764
-6.23457e-009	0.0187744
-6.20957e-009	0.0272949
-6.18457e-009	0.0264893
-6.15957e-009	0.0129639
-6.13457e-009	0.0197266
-6.10957e-009	0.0153809
-6.08457e-009	0.0150391
-6.05957e-009	0.0181152
-6.03457e-009	0.00759278
-6.00957e-009	0.0168457
-5.98457e-009	0.0154785
-5.95957e-009	0.0020752
-5.93457e-009	0.0136719
-5.90957e-009	0.0231934
-5.88457e-009	0.0182861
-5.85957e-009	0.0145264
-5.83457e-009	0.020752
-5.80957e-009	0.0274658
-5.78457e-009	0.0362549
-5.75957e-009	0.044751
-5.73457e-009	0.021582
-5.70957e-009	-0.00124511
-5.68457e-009	0.00852052
-5.65957e-009	0.017749
-5.63457e-009	0.0193604
-5.60957e-009	0.0177979
-5.58457e-009	0.0154053
-5.55957e-009	0.0265869
-5.53457e-009	0.0261963
-5.50957e-009	0.00463868
-5.48457e-009	0.005542
-5.45957e-009	0.0221924
-5.43457e-009	0.0275391
-5.40957e-009	0.0309326
-5.38457e-009	0.0246094
-5.35957e-009	0.0158691
-5.33457e-009	0.0251465
-5.30957e-009	0.0265625
-5.28457e-009	0.018042
-5.25957e-009	0.0170899
-5.23457e-009	0.0127441
-5.20957e-009	0.0217041
-5.18457e-009	0.0229736
-5.15957e-009	0.0141113
-5.13457e-009	0.0312988
-5.10957e-009	0.0202637
-5.08457e-009	0.00942384
-5.05957e-009	0.0311279
-5.03457e-009	0.0258057
-5.00957e-009	0.0179199
-4.98457e-009	0.0111328
-4.95957e-009	0.0110596
-4.93457e-009	0.0290772
-4.90957e-009	0.0217529
-4.88457e-009	0.0106445
-4.85957e-009	0.0143311
-4.83457e-009	0.0275879
-4.80957e-009	0.0373535
-4.78457e-009	0.0232178
-4.75957e-009	0.0121338
-4.73457e-009	0.0124268
-4.70957e-009	0.0171387
-4.68457e-009	0.0224121
-4.65957e-009	0.0260986
-4.63457e-009	0.02854
-4.60957e-009	0.0187012
-4.58457e-009	0.0182861
-4.55957e-009	0.0252441
-4.53457e-009	0.0266846
-4.50957e-009	0.0222168
-4.48457e-009	0.00720216
-4.45957e-009	0.019043
-4.43457e-009	0.0324219
-4.40957e-009	0.0223633
-4.38457e-009	0.0196289
-4.35957e-009	0.0116943
-4.33457e-009	0.0201416
-4.30957e-009	0.0345215
-4.28457e-009	0.0212402
-4.25957e-009	0.0153809
-4.23457e-009	0.0228272
-4.20957e-009	0.0306885
-4.18457e-009	0.0306397
-4.15957e-009	0.0189941
-4.13457e-009	0.0151856
-4.10957e-009	0.0208496
-4.08457e-009	0.0254883
-4.05957e-009	0.0276856
-4.03457e-009	0.019458
-4.00957e-009	0.0154785
-3.98457e-009	0.0305908
-3.95957e-009	0.0324951
-3.93457e-009	0.0152344
-3.90957e-009	0.00500489
-3.88457e-009	0.0139893
-3.85957e-009	0.027832
-3.83457e-009	0.0260986
-3.80957e-009	0.0189453
-3.78457e-009	0.0106934
-3.75957e-009	0.0231445
-3.73457e-009	0.0355713
-3.70957e-009	0.00278321
-3.68457e-009	0.00109864
-3.65957e-009	0.0288818
-3.63457e-009	0.0192139
-3.60957e-009	0.0239014
-3.58457e-009	0.0298096
-3.55957e-009	0.0148682
-3.53457e-009	0.0173828
-3.50957e-009	0.0192627
-3.48457e-009	0.0237549
-3.45957e-009	0.0291016
-3.43457e-009	0.026294
-3.40957e-009	0.0258789
-3.38457e-009	0.0127197
-3.35957e-009	0.011792
-3.33457e-009	0.0306641
-3.30957e-009	0.0346436
-3.28457e-009	0.0258789
-3.25957e-009	0.0164551
-3.23457e-009	0.0136719
-3.20957e-009	0.0232178
-3.18457e-009	0.0328613
-3.15957e-009	0.0296875
-3.13457e-009	0.0217041
-3.10957e-009	0.0138184
-3.08457e-009	0.0143799
-3.05957e-009	0.0229492
-3.03457e-009	0.0230713
-3.00957e-009	0.0225342
-2.98457e-009	0.0181641
-2.95957e-009	0.0137207
-2.93457e-009	0.0241455
-2.90957e-009	0.0313477
-2.88457e-009	0.0321777
-2.85957e-009	0.0249268
-2.83457e-009	0.0144775
-2.80957e-009	0.0241943
-2.78457e-009	0.0256348
-2.75957e-009	0.00957032
-2.73457e-009	0.0253418
-2.70957e-009	0.0399658
-2.68457e-009	0.0145752
-2.65957e-009	0.0106934
-2.63457e-009	0.0238037
-2.60957e-009	0.0231201
-2.58457e-009	0.0272949
-2.55957e-009	0.0255615
-2.53457e-009	0.024585
-2.50957e-009	0.0144775
-2.48457e-009	0.00510255
-2.45957e-009	0.0218506
-2.43457e-009	0.0237305
-2.40957e-009	0.0224609
-2.38457e-009	0.0299561
-2.35957e-009	0.025708
-2.33457e-009	0.023999
-2.30957e-009	0.0229736
-2.28457e-009	0.0187988
-2.25957e-009	0.0162598
-2.23457e-009	0.0178467
-2.20957e-009	0.0149658
-2.18457e-009	0.00622559
-2.15957e-009	0.0112061
-2.13457e-009	0.0218994
-2.10957e-009	0.0199951
-2.08457e-009	0.0163086
-2.05957e-009	0.0202393
-2.03457e-009	0.020459
-2.00957e-009	0.0118652
-1.98457e-009	0.00742188
-1.95957e-009	0.0186768
-1.93457e-009	0.0321533
-1.90957e-009	0.0353516
-1.88457e-009	0.0352051
-1.85957e-009	0.0254883
-1.83457e-009	0.00891114
-1.80957e-009	0.0129639
-1.78457e-009	0.0229981
-1.75957e-009	0.0201416
-1.73457e-009	0.0323486
-1.70957e-009	0.0328125
-1.68457e-009	0.0130859
-1.65957e-009	0.0226563
-1.63457e-009	0.0335205
-1.60957e-009	0.0310059
-1.58457e-009	0.0317383
-1.55957e-009	0.028833
-1.53457e-009	0.0345703
-1.50957e-009	0.0283691
-1.48457e-009	0.0034668
-1.45957e-009	0.00603028
-1.43457e-009	0.0222412
-1.40957e-009	0.00944825
-1.38457e-009	0.00859376
-1.35957e-009	0.039917
-1.33457e-009	0.0428955
-1.30957e-009	0.013794
-1.28457e-009	0.00705567
-1.25957e-009	0.0242676
-1.23457e-009	0.0290527
-1.20957e-009	0.0270264
-1.18457e-009	0.0251221
-1.15957e-009	0.018457
-1.13457e-009	0.0208496
-1.10957e-009	0.0185547
-1.08457e-009	0.0101318
-1.05957e-009	0.0104981
-1.03457e-009	0.014209
-1.00957e-009	0.025
-9.845703e-010	0.0303223
-9.595703e-010	0.0210205
-9.345703e-010	0.0126465
-9.095703e-010	0.0108399
-8.845703e-010	0.0212647
-8.595703e-010	0.0249756
-8.345703e-010	0.00654298
-8.095703e-010	0.00454102
-7.845703e-010	0.013794
-7.595703e-010	0.0134522
-7.345703e-010	0.0209473
-7.095703e-010	0.0115967
-6.845703e-010	0.0044922
-6.595703e-010	0.0279053
-6.345703e-010	0.0270508
-6.095703e-010	0.0128662
-5.845703e-010	0.0191162
-5.595703e-010	0.0235107
-5.345703e-010	0.0206787
-5.095703e-010	0.0163574
-4.845703e-010	0.0176758
-4.595703e-010	0.0211426
-4.345703e-010	0.0254883
-4.095703e-010	0.0333008
-3.845703e-010	0.0289795
-3.595703e-010	0.0267822
-3.345703e-010	0.0268555
-3.095703e-010	0.00783692
-2.845703e-010	0.00344239
-2.595703e-010	0.0217774
-2.345703e-010	0.0264649
-2.095703e-010	0.0115723
-1.845703e-010	0.00114747
-1.595703e-010	0.020044
-1.345703e-010	0.0283447
-1.095703e-010	7.32496e-005
-8.457031e-011	-0.0115234
-5.957031e-011	-0.00571288
-3.457031e-011	-0.0133789
-9.570312e-012	-0.0233154
1.542969e-011	-0.0269775
4.042969e-011	-0.038208
6.542969e-011	-0.0569336
9.042969e-011	-0.0617676
1.154297e-010	-0.0661865
1.404297e-010	-0.077124
1.654297e-010	-0.0885498
1.904297e-010	-0.114966
2.154297e-010	-0.12085
2.404297e-010	-0.104565
2.654297e-010	-0.111108
2.904297e-010	-0.123291
3.154297e-010	-0.135596
3.404297e-010	-0.14292
3.654297e-010	-0.132275
3.904297e-010	-0.136304
4.154297e-010	-0.145581
4.404297e-010	-0.12832
4.654297e-010	-0.108667
4.904297e-010	-0.1021
5.154297e-010	-0.0992676
5.404297e-010	-0.101636
5.654297e-010	-0.0772705
5.904297e-010	-0.0394287
6.154297e-010	-0.0526123
6.404297e-010	-0.0637939
6.654297e-010	-0.0401611
6.904297e-010	-0.0314209
7.154297e-010	-0.0227783
7.404297e-010	-0.0192139
7.654297e-010	-0.0227783
7.904297e-010	-0.00988769
8.154297e-010	-0.00830077
8.404297e-010	-0.00705566
8.654297e-010	0.0130615
8.904297e-010	0.0183106
9.154297e-010	0.00666505
9.404297e-010	0.00864259
9.654297e-010	0.023169
9.904297e-010	0.0299316
1.01543e-009	0.0339111
1.04043e-009	0.0385254
1.06543e-009	0.0311279
1.09043e-009	0.0236084
1.11543e-009	0.0275879
1.14043e-009	0.0352783
1.16543e-009	0.0431885
1.19043e-009	0.0358154
1.21543e-009	0.0257568
1.24043e-009	0.0412109
1.26543e-009	0.0479248
1.29043e-009	0.0297608
1.31543e-009	0.0245361
1.34043e-009	0.0355713
1.36543e-009	0.0344971
1.39043e-009	0.0250977
1.41543e-009	0.0288086
1.44043e-009	0.0383301
1.46543e-009	0.0418701
1.49043e-009	0.0333496
1.51543e-009	0.0187744
1.54043e-009	0.0206543
1.56543e-009	0.0308106
1.59043e-009	0.0309815
1.61543e-009	0.0263672
1.64043e-009	0.029419
1.66543e-009	0.0289551
1.69043e-009	0.012915
1.71543e-009	0.0124756
1.74043e-009	0.0248535
1.76543e-009	0.0144287
1.79043e-009	0.00629884
1.81543e-009	0.0203857
1.84043e-009	0.0223633
1.86543e-009	0.0104004
1.89043e-009	0.00466309
1.91543e-009	0.00532227
1.94043e-009	0.0166992
1.96543e-009	0.0223633
1.99043e-009	0.00932618
2.01543e-009	-0.00451659
2.04043e-009	0.00810548
2.06543e-009	0.0327637
2.09043e-009	0.0222412
2.11543e-009	0.0119629
2.14043e-009	0.0239746
2.16543e-009	0.023999
2.19043e-009	0.0287354
2.21543e-009	0.0272217
2.24043e-009	0.0236572
2.26543e-009	0.0401856
2.29043e-009	0.0307373
2.31543e-009	0.0197754
2.34043e-009	0.0373047
2.36543e-009	0.0314453
2.39043e-009	0.0155274
2.41543e-009	0.0162598
2.44043e-009	0.023291
2.46543e-009	0.0282471
2.49043e-009	0.0185303
2.51543e-009	0.0139893
2.54043e-009	0.020459
2.56543e-009	0.0215332
2.59043e-009	0.0242432
2.61543e-009	0.0238281
2.64043e-009	0.0175049
2.66543e-009	0.0202637
2.69043e-009	0.0226563
2.71543e-009	0.0202881
2.74043e-009	0.0330811
2.76543e-009	0.0278565
2.79043e-009	-0.00568847
2.81543e-009	0.000439461
2.84043e-009	0.0300537
2.86543e-009	0.0205322
2.89043e-009	0.00109864
2.91543e-009	0.00637208
2.94043e-009	0.0174316
2.96543e-009	0.0223145
2.99043e-009	0.0119873
3.01543e-009	0.00256348
3.04043e-009	0.0213135
3.06543e-009	0.0225342
3.09043e-009	0.00327149
3.11543e-009	0.0113281
3.14043e-009	0.0170166
3.16543e-009	0.00847169
3.19043e-009	0.0143799
3.21543e-009	0.0257568
3.24043e-009	0.019165
3.26543e-009	0.00505372
3.29043e-009	0.00603028
3.31543e-009	0.0191162
3.34043e-009	0.0353272
3.36543e-009	0.0380127
3.39043e-009	0.035669
3.41543e-009	0.0339356
3.44043e-009	0.0260986
3.46543e-009	0.0307129
3.49043e-009	0.0246826
3.51543e-009	0.0189453
3.54043e-009	0.0259522
3.56543e-009	0.0185791
3.59043e-009	0.030957
3.61543e-009	0.0290283
3.64043e-009	0.0083252
3.66543e-009	0.0217285
3.69043e-009	0.00932618
3.71543e-009	-0.000708
3.74043e-009	0.0249756
3.76543e-009	0.0169678
3.79043e-009	0.00771485
3.81543e-009	0.0232178
3.84043e-009	0.0302734
3.86543e-009	0.0202149
3.89043e-009	0.00390626
3.91543e-009	0.00810548
3.94043e-009	0.0178955
3.96543e-009	0.0234375
3.99043e-009	0.0233154
4.01543e-009	0.00966798
4.04043e-009	0.0167725
4.06543e-009	0.0175049
4.09043e-009	-0.00346679
4.11543e-009	0.00820313
4.14043e-009	0.0198975
4.16543e-009	0.00720216
4.19043e-009	0.00244141
4.21543e-009	-0.000781243
4.24043e-009	0.0110596
4.26543e-009	0.0337158
4.29043e-009	0.01604
4.31543e-009	-0.000219719
4.34043e-009	0.0266846
4.36543e-009	0.0329102
4.39043e-009	0.01604
4.41543e-009	0.0154297
4.44043e-009	0.0256104
4.46543e-009	0.0301025
4.49043e-009	0.0212647
4.51543e-009	0.0231445
4.54043e-009	0.0216797
4.56543e-009	0.0102783
4.59043e-009	0.0169678
4.61543e-009	0.0193115
4.64043e-009	0.022876
4.66543e-009	0.0323975
4.69043e-009	0.0312988
4.71543e-009	0.037207
4.74043e-009	0.0322754
4.76543e-009	0.0182129
4.79043e-009	0.0185791
4.81543e-009	0.00803223
4.84043e-009	0.010376
4.86543e-009	0.0365479
4.89043e-009	0.02229
4.91543e-009	0.000390632
4.94043e-009	0.00874024
4.96543e-009	0.00705567
4.99043e-009	0.0057129
5.01543e-009	-0.00324706
5.04043e-009	-0.00617675
5.06543e-009	0.0192383
5.09043e-009	0.0149414
5.11543e-009	0.0069336
5.14043e-009	0.0234375
5.16543e-009	0.0184326
5.19043e-009	0.0140381
5.21543e-009	0.0261963
5.24043e-009	0.026709
5.26543e-009	0.0229248
5.29043e-009	0.0269531
5.31543e-009	0.0248779
5.34043e-009	0.0150635
5.36543e-009	0.00927735
5.39043e-009	0.0114746
5.41543e-009	0.0174805
5.44043e-009	0.0236328
5.46543e-009	0.0269043
5.49043e-009	0.0118408
5.51543e-009	0.00332032
5.54043e-009	0.0271484
5.56543e-009	0.0277832
5.59043e-009	0.0088379
5.61543e-009	0.0173584
5.64043e-009	0.016626
5.66543e-009	0.00986329
5.69043e-009	0.0228027
5.71543e-009	0.0242676
5.74043e-009	0.0171143
5.76543e-009	0.018042
5.79043e-009	0.0263672
5.81543e-009	0.0300537
5.84043e-009	0.0243652
5.86543e-009	0.0241699
5.89043e-009	0.013501
5.91543e-009	0.00927735
5.94043e-009	0.0277588
5.96543e-009	0.0271729
5.99043e-009	0.0156738
6.01543e-009	0.0160889
6.04043e-009	0.0280274
6.06543e-009	0.0345215
6.09043e-009	0.0268066
6.11543e-009	0.0339111
6.14043e-009	0.0350098
6.16543e-009	0.0241211
6.19043e-009	0.0267822
6.21543e-009	0.0252197
6.24043e-009	0.0285645
6.26543e-009	0.0292236
6.29043e-009	0.0136475
6.31543e-009	0.0150147
6.34043e-009	0.0195313
6.36543e-009	0.00920411
6.39043e-009	0.00234376
6.41543e-009	0.00466309
6.44043e-009	0.0216309
6.46543e-009	0.0352783
6.49043e-009	0.0339111
6.51543e-009	0.0253906
6.54043e-009	0.0130615
6.56543e-009	0.0178711
6.59043e-009	0.0158203
6.61543e-009	-0.00214843
6.64043e-009	0.00959473
6.66543e-009	0.0211426
6.69043e-009	0.00766602
6.71543e-009	0.00942384
6.74043e-009	0.0248047
6.76543e-009	0.0238281
6.79043e-009	0.0120361
6.81543e-009	0.0105713
6.84043e-009	0.0146973
6.86543e-009	0.0154053
6.89043e-009	0.0148682
6.91543e-009	0.00920411
6.94043e-009	0.00690919
6.96543e-009	0.0133789
6.99043e-009	0.0186035
7.01543e-009	0.0279541
7.04043e-009	0.0364258
7.06543e-009	0.0267822
7.09043e-009	0.0186768
7.11543e-009	0.0258545
7.14043e-009	0.0229492
7.16543e-009	0.00859376
7.19043e-009	0.0134033
7.21543e-009	0.0260742
7.24043e-009	0.026294
7.26543e-009	0.0305664
7.29043e-009	0.0303467
7.31543e-009	0.021582
7.34043e-009	0.0113281
7.36543e-009	0.00400391
7.39043e-009	0.0220947
7.41543e-009	0.0359131
7.44043e-009	0.0244385
7.46543e-009	0.0145264
7.49043e-009	0.0112549
7.51543e-009	0.0126709
7.54043e-009	0.0110107
7.56543e-009	0.0126953
7.59043e-009	0.0202149
7.61543e-009	0.0145264
7.64043e-009	0.00893555
7.66543e-009	0.0153076
7.69043e-009	0.0136231
7.71543e-009	0.000830086
7.74043e-009	-0.00190429
7.76543e-009	0.0122315
7.79043e-009	0.0247559
7.81543e-009	0.0230713
7.84043e-009	0.0211426
7.86543e-009	0.0187744
7.89043e-009	0.0101807
7.91543e-009	0.0156738
7.94043e-009	0.0237793
7.96543e-009	0.0138428
7.99043e-009	0.00747071
8.01543e-009	0.00812989
8.04043e-009	0.0158691
8.06543e-009	0.0342774
8.09043e-009	0.0262695
8.11543e-009	0.0111572
8.14043e-009	0.0203613
8.16543e-009	0.014209
8.19043e-009	0.00729981
8.21543e-009	0.0142822
8.24043e-009	0.0219971
8.26543e-009	0.0307861
8.29043e-009	0.00939942
8.31543e-009	0.00412598
8.34043e-009	0.0303711
8.36543e-009	0.0282715
8.39043e-009	0.020874
8.41543e-009	0.0100342
8.44043e-009	0.00705567
8.46543e-009	0.0217041
8.49043e-009	0.0123535
8.51543e-009	0.0106201
8.54043e-009	0.0233154
8.56543e-009	0.0236084
8.59043e-009	0.0219971
8.61543e-009	0.017041
8.64043e-009	0.0150635
8.66543e-009	0.0110352
8.69043e-009	0.00749512
8.71543e-009	0.0174316
8.74043e-009	0.0235352
8.76543e-009	0.0237061
8.79043e-009	0.0257568
8.81543e-009	0.021167
8.84043e-009	0.0152344
8.86543e-009	0.0143555
8.89043e-009	0.0101074
8.91543e-009	0.0186279
8.94043e-009	0.0385742
8.96543e-009	0.0329346
8.99043e-009	0.0175049
9.01543e-009	0.0206543
9.04043e-009	0.0277832
9.06543e-009	0.0253418
9.09043e-009	0.0173584
9.11543e-009	0.0177002
9.14043e-009	0.0238525
9.16543e-009	0.025293
9.19043e-009	0.0308594
9.21543e-009	0.0337891
9.24043e-009	0.0241455
9.26543e-009	0.0162354
9.29043e-009	0.0126953
9.31543e-009	0.0240479
9.34043e-009	0.0355713
9.36543e-009	0.0167969
9.39043e-009	0.0110596
9.41543e-009	0.0180664
9.44043e-009	0.0181152
9.46543e-009	0.0338379
9.49043e-009	0.0258545
9.51543e-009	0.0043213
9.54043e-009	0.00732423
9.56543e-009	0.0103027
9.59043e-009	0.00778809
9.61543e-009	-0.00217284
9.64043e-009	-0.0034912
9.66543e-009	0.0100098
9.69043e-009	0.0122315
9.71543e-009	0.0111328
9.74043e-009	0.0164063
9.76543e-009	0.0227783
9.79043e-009	0.0168457
9.81543e-009	0.0027588
9.84043e-009	0.00947266
9.86543e-009	0.0194824
9.89043e-009	0.00937501
9.91543e-009	0.000781257
9.94043e-009	0.00996095
9.96543e-009	0.0160645
9.99043e-009	-0.00280761
1.001543e-008	-0.00791015
1.004043e-008	0.0204834
1.006543e-008	0.0272461
1.009043e-008	0.0083252
1.011543e-008	0.00930177
1.014043e-008	0.0210449
1.016543e-008	0.0179932
1.019043e-008	0.019458
1.021543e-008	0.0283936
1.024043e-008	0.0258057
1.026543e-008	0.019751
1.029043e-008	0.0149658
1.031543e-008	0.0204834
1.034043e-008	0.0297363
1.036543e-008	0.0254883
1.039043e-008	0.0226074
1.041543e-008	0.0176758
1.044043e-008	0.027002
1.046543e-008	0.0426758
1.049043e-008	0.0166992
1.051543e-008	0.00141602
1.054043e-008	0.0203613
1.056543e-008	0.0268066
1.059043e-008	0.0251709
1.061543e-008	0.0197022
1.064043e-008	0.0192139
1.066543e-008	0.0220703
1.069043e-008	0.020752
1.071543e-008	0.0277588
1.074043e-008	0.0180664
1.076543e-008	0.00808106
1.079043e-008	0.019043
1.081543e-008	0.0153565
1.084043e-008	0.0120606
1.086543e-008	0.0160889
1.089043e-008	0.00939942
1.091543e-008	0.0165283
1.094043e-008	0.0329102
1.096543e-008	0.0321289
1.099043e-008	0.026709
1.101543e-008	0.0261475
1.104043e-008	0.0210205
1.106543e-008	0.00708009
1.109043e-008	0.00139161
1.111543e-008	0.0150635
1.114043e-008	0.019458
1.116543e-008	0.017041
1.119043e-008	0.0202149
1.121543e-008	0.0130615
1.124043e-008	0.0203369
1.126543e-008	0.0329102
1.129043e-008	0.020044
1.131543e-008	0.017749
1.134043e-008	0.0289063
1.136543e-008	0.0250733
1.139043e-008	0.0180664
1.141543e-008	0.0176025
1.144043e-008	0.0209717
1.146543e-008	0.0247315
1.149043e-008	0.0189209
1.151543e-008	0.00639649
1.154043e-008	0.00935059
1.156543e-008	0.0154053
1.159043e-008	0.00856934
1.161543e-008	0.0174805
1.164043e-008	0.0337647
1.166543e-008	0.0380615
1.169043e-008	0.0307861
1.171543e-008	0.0114258
1.174043e-008	0.00991212
1.176543e-008	0.0193115
1.179043e-008	0.0195801
1.181543e-008	0.0168213
1.184043e-008	0.00383302
1.186543e-008	0.00290528
1.189043e-008	0.0180908
1.191543e-008	0.0263428
1.194043e-008	0.0296631
1.196543e-008	0.0259766
1.199043e-008	0.0266358
1.201543e-008	0.0237305
1.204043e-008	0.0090088
1.206543e-008	0.0140381
1.209043e-008	0.0248047
1.211543e-008	0.0236328
1.214043e-008	0.0195313
1.216543e-008	0.0156006
1.219043e-008	0.0249268
1.221543e-008	0.0255127
1.224043e-008	0.022168
1.226543e-008	0.0302246
1.229043e-008	0.0124268
1.231543e-008	0.00615235
1.234043e-008	0.028125
1.236543e-008	0.024707
1.239043e-008	0.0237305
1.241543e-008	0.0299072
1.244043e-008	0.0223633
1.246543e-008	0.0229004
1.249043e-008	0.0123535
1.251543e-008	0.0113525
1.254043e-008	0.0391113
1.256543e-008	0.0375244
1.259043e-008	0.0242188
1.261543e-008	0.0264404
1.264043e-008	0.0243897
1.266543e-008	0.0291504
1.269043e-008	0.0274902
1.271543e-008	0.0241455
1.274043e-008	0.029541
1.276543e-008	0.0287598
1.279043e-008	0.0306885
1.281543e-008	0.0224854
1.284043e-008	0.0205322
1.286543e-008	0.0333496
1.289043e-008	0.0182861
1.291543e-008	0.00615235
1.294043e-008	0.0192627
1.296543e-008	0.0181885
1.299043e-008	0.0144287
1.301543e-008	0.021875
1.304043e-008	0.023169
1.306543e-008	0.0220459
1.309043e-008	0.014917
1.311543e-008	0.00937501
1.314043e-008	0.010669
1.316543e-008	0.00412598
1.319043e-008	0.00700684
1.321543e-008	0.0135254
1.324043e-008	0.0206055
1.326543e-008	0.0322754
1.329043e-008	0.016333
1.331543e-008	0.00708009
1.334043e-008	0.0202881
1.336543e-008	0.0164795
1.339043e-008	0.0184082
1.341543e-008	0.0197022
1.344043e-008	0.00278321
1.346543e-008	0.00888673
1.349043e-008	0.0236572
1.351543e-008	0.017334
1.354043e-008	0.0197998
1.356543e-008	0.0345459
1.359043e-008	0.0320313
1.361543e-008	0.015332
1.364043e-008	0.0147217
1.366543e-008	0.0309326
1.369043e-008	0.0332031
1.371543e-008	0.0226318
1.374043e-008	0.0198486
1.376543e-008	0.0257568
1.379043e-008	0.0280274
1.381543e-008	0.0118897
1.384043e-008	0.00747071
1.386543e-008	0.0278809
1.389043e-008	0.0292969
1.391543e-008	0.0267822
1.394043e-008	0.0237549
1.396543e-008	0.00512696
1.399043e-008	0.0159912
1.401543e-008	0.0279053
1.404043e-008	0.0173828
1.406543e-008	0.0211182
1.409043e-008	0.0223633
1.411543e-008	0.0199463
1.414043e-008	0.0208008
1.416543e-008	0.0174561
1.419043e-008	0.0177979
1.421543e-008	0.0211182
1.424043e-008	0.0255859
1.426543e-008	0.0182129
1.429043e-008	0.00104981
1.431543e-008	0.0020752
1.434043e-008	0.016333
1.436543e-008	0.0194824
1.439043e-008	0.0244141
1.441543e-008	0.0350098
1.444043e-008	0.0303223
1.446543e-008	0.0202393
1.449043e-008	0.0159668
1.451543e-008	0.0172119
1.454043e-008	0.021167
1.456543e-008	0.0261719
1.459043e-008	0.0321289
1.461543e-008	0.0224854
1.464043e-008	0.0218018
1.466543e-008	0.0378174
1.469043e-008	0.026294
1.471543e-008	0.0126221
1.474043e-008	0.0169434
1.476543e-008	0.0182617
1.479043e-008	0.026001
1.481543e-008	0.0245361
1.484043e-008	0.014624
1.486543e-008	0.0240479
1.489043e-008	0.0249512
1.491543e-008	0.0161133
1.494043e-008	0.0289063
1.496543e-008	0.0323242
1.499043e-008	0.0202149
1.501543e-008	0.0172607
1.504043e-008	0.0200684
1.506543e-008	0.0264404
1.509043e-008	0.0190674
1.511543e-008	0.0157227
1.514043e-008	0.0322998
1.516543e-008	0.0253418
1.519043e-008	0.00935059
1.521543e-008	0.0265381
1.524043e-008	0.0446777
1.526543e-008	0.0245361
1.529043e-008	0.00373536
1.531543e-008	0.011084
1.534043e-008	0.023877
1.536543e-008	0.0304932
1.539043e-008	0.0141846
1.541543e-008	0.00510255
1.544043e-008	0.0283447
1.546543e-008	0.03125
1.549043e-008	0.0215088
1.551543e-008	0.0272217
1.554043e-008	0.0263916
1.556543e-008	0.0214111
1.559043e-008	0.0250488
1.561543e-008	0.0203857
1.564043e-008	0.00339356
1.566543e-008	0.00725098
1.569043e-008	0.0114746
1.571543e-008	0.00805665
1.574043e-008	0.0253174
1.576543e-008	0.027832
1.579043e-008	0.0244141
1.581543e-008	0.0230469
1.584043e-008	0.0177979
1.586543e-008	0.0367432
1.589043e-008	0.0342774
1.591543e-008	0.0188232
1.594043e-008	0.0345703
1.596543e-008	0.0343018
1.599043e-008	0.0156738
1.601543e-008	0.0253418
1.604043e-008	0.0386963
1.606543e-008	0.0235596
1.609043e-008	0.0151367
1.611543e-008	0.0185059
1.614043e-008	0.0182129
1.616543e-008	0.0173828
1.619043e-008	0.0159668
1.621543e-008	0.025293
1.624043e-008	0.0207764
1.626543e-008	0.00998536
1.629043e-008	0.0188232
1.631543e-008	0.0183838
1.634043e-008	0.022876
1.636543e-008	0.0356201
1.639043e-008	0.0251465
1.641543e-008	0.0147705
1.644043e-008	0.0254395
1.646543e-008	0.0297608
1.649043e-008	0.0167236
1.651543e-008	0.0171875
1.654043e-008	0.0232422
1.656543e-008	0.0161133
1.659043e-008	0.0193604
1.661543e-008	0.0233154
1.664043e-008	0.0263428
1.666543e-008	0.0276611
1.669043e-008	0.00178223
1.671543e-008	0.000415047
1.674043e-008	0.0183106
1.676543e-008	0.00131837
1.679043e-008	0.00358887
1.681543e-008	0.0210449
1.684043e-008	0.0180908
1.686543e-008	0.0218018
1.689043e-008	0.0147705
1.691543e-008	0.00563966
1.694043e-008	0.0215088
1.696543e-008	0.0288818
1.699043e-008	0.0207031
1.701543e-008	0.0176514
1.704043e-008	0.0215332
1.706543e-008	0.0282715
1.709043e-008	0.0235352
1.711543e-008	0.0136475
1.714043e-008	0.0158447
1.716543e-008	0.0217774
1.719043e-008	0.0229736
1.721543e-008	0.0189941
1.724043e-008	0.0232422
1.726543e-008	0.0324463
1.729043e-008	0.0312256
1.731543e-008	0.0276611
1.734043e-008	0.0194092
1.736543e-008	0.0156006
1.739043e-008	0.0184326
1.741543e-008	0.0116943
1.744043e-008	0.0195557
1.746543e-008	0.0307373
1.749043e-008	0.00954591
1.751543e-008	7.32496e-005
1.754043e-008	0.0172363
1.756543e-008	0.0196533
1.759043e-008	0.0223389
1.761543e-008	0.0236816
1.764043e-008	0.0125244
1.766543e-008	0.0179443
1.769043e-008	0.0172363
1.771543e-008	0.00180665
1.774043e-008	0.00869141
1.776543e-008	0.0243408
1.779043e-008	0.0265137
1.781543e-008	0.0137695
1.784043e-008	0.00332032
1.786543e-008	0.0149414
1.789043e-008	0.0218018
1.791543e-008	0.0179443
1.794043e-008	0.0217285
1.796543e-008	0.0240234
1.799043e-008	0.0161621
1.801543e-008	0.0091797
1.804043e-008	0.0222168
1.806543e-008	0.0247315
1.809043e-008	0.0116455
1.811543e-008	0.0180664
1.814043e-008	0.020044
1.816543e-008	0.0171631
1.819043e-008	0.0203125
1.821543e-008	0.0177246
1.824043e-008	0.0218018
1.826543e-008	0.028418
1.829043e-008	0.0263428
1.831543e-008	0.0212158
1.834043e-008	0.018457
1.836543e-008	0.0126465
1.839043e-008	0.0181885
1.841543e-008	0.0341797
1.844043e-008	0.0212891
1.846543e-008	0.0123291
1.849043e-008	0.0310303
1.851543e-008	0.027002
1.854043e-008	0.0157227
1.856543e-008	0.0186035
1.859043e-008	0.0205811
1.861543e-008	0.0258789
1.864043e-008	0.0220459
1.866543e-008	0.0166016
1.869043e-008	0.011377
1.871543e-008	0.00856934
1.874043e-008	0.0267822
1.876543e-008	0.0298096
1.879043e-008	0.0177246
1.881543e-008	0.00986329
1.884043e-008	0.0144043
1.886543e-008	0.0277344
1.889043e-008	0.00507813
1.891543e-008	-0.000122063
1.894043e-008	0.0223877
1.896543e-008	0.010376
1.899043e-008	0.0098877
1.901543e-008	0.0250244
1.904043e-008	0.0311524
1.906543e-008	0.0330322
1.909043e-008	0.0218506
1.911543e-008	0.018042
1.914043e-008	0.0188477
1.916543e-008	0.0172852
1.919043e-008	0.0208496
1.921543e-008	0.0176514
1.924043e-008	0.0128906
1.926543e-008	0.0168945
1.929043e-008	0.0127197
1.931543e-008	0.0116943
1.934043e-008	0.0313233
1.936543e-008	0.0297363
1.939043e-008	0.0193604
1.941543e-008	0.0261719
1.944043e-008	0.0184815
1.946543e-008	0.0152832
1.949043e-008	0.0273438
1.951543e-008	0.0284424
1.954043e-008	0.0215332
1.956543e-008	0.0200195
1.959043e-008	0.0260986
1.961543e-008	0.0276123
1.964043e-008	0.0229981
1.966543e-008	0.0216065
1.969043e-008	0.0222168
1.971543e-008	0.0217774
1.974043e-008	0.0263428
1.976543e-008	0.026001
1.979043e-008	0.0137207
1.981543e-008	0.00986329
1.984043e-008	0.0168213
1.986543e-008	0.0223145
1.989043e-008	0.0184082
1.991543e-008	0.0134766
1.994043e-008	0.0179199
1.996543e-008	0.0204346
1.999043e-008	0.0131592
2.001543e-008	0.00122071
2.004043e-008	0.00566407
2.006543e-008	0.0162598
2.009043e-008	0.0128906
2.011543e-008	0.0156494
2.014043e-008	0.0287598
2.016543e-008	0.0322998
2.019043e-008	0.0156494
2.021543e-008	0.0118164
2.024043e-008	0.0183838
2.026543e-008	0.00512696
2.029043e-008	0.0117432
2.031543e-008	0.0209229
2.034043e-008	0.0069336
2.036543e-008	0.0119385
2.039043e-008	0.0215576
2.041543e-008	0.0165283
2.044043e-008	0.0148926
2.046543e-008	0.0198486
2.049043e-008	0.0206787
2.051543e-008	0.0185547
2.054043e-008	0.0239746
2.056543e-008	0.0258789
2.059043e-008	0.0206543
2.061543e-008	0.0155762
2.064043e-008	0.00961915
2.066543e-008	0.0112549
2.069043e-008	0.0174805
2.071543e-008	0.0219482
2.074043e-008	0.027832
2.076543e-008	0.0245117
2.079043e-008	0.0243897
2.081543e-008	0.0336914
2.084043e-008	0.0307861
2.086543e-008	0.0244873
2.089043e-008	0.0144043
2.091543e-008	0.00864259
2.094043e-008	0.0172852
2.096543e-008	0.0102295
2.099043e-008	0.0127197
2.101543e-008	0.0249512
2.104043e-008	0.0151367
2.106543e-008	0.0174805
2.109043e-008	0.011084
2.111543e-008	0.00256348
2.114043e-008	0.0290039
2.116543e-008	0.0272461
2.119043e-008	0.00737305
2.121543e-008	0.0170654
2.124043e-008	0.0241943
2.126543e-008	0.0212158
2.129043e-008	0.017041
2.131543e-008	0.0161133
2.134043e-008	0.0188721
2.136543e-008	0.00629884
2.139043e-008	0.00788575
2.141543e-008	0.0337647
2.144043e-008	0.0251953
2.146543e-008	0.00581055
2.149043e-008	0.0185547
2.151543e-008	0.0247559
2.154043e-008	0.01521
2.156543e-008	0.0181152
2.159043e-008	0.025
2.161543e-008	0.0185547
2.164043e-008	0.0211914
2.166543e-008	0.0233154
2.169043e-008	0.0136231
2.171543e-008	0.0233643
2.174043e-008	0.0274658
2.176543e-008	0.0178467
2.179043e-008	0.0171387
2.181543e-008	0.0191406
2.184043e-008	0.0349609
2.186543e-008	0.038501
2.189043e-008	0.0158936
2.191543e-008	0.0134033
2.194043e-008	0.0221191
2.196543e-008	0.0218994
2.199043e-008	0.0244873
2.201543e-008	0.0177246
2.204043e-008	0.0165039
2.206543e-008	0.0307129
2.209043e-008	0.0270996
2.211543e-008	0.0221924
2.214043e-008	0.0320068
2.216543e-008	0.0299072
2.219043e-008	0.0181885
2.221543e-008	0.0114014
2.224043e-008	0.0175781
2.226543e-008	0.0300293
2.229043e-008	0.0272461
2.231543e-008	0.0259277
2.234043e-008	0.0293945
2.236543e-008	0.0104248
2.239043e-008	0.00649415
2.241543e-008	0.0238281
2.244043e-008	0.018335
2.246543e-008	0.0171875
2.249043e-008	0.027002
2.251543e-008	0.0302002
2.254043e-008	0.0297852
2.256543e-008	0.0185303
2.259043e-008	0.0225098
2.261543e-008	0.0333984
2.264043e-008	0.0261475
2.266543e-008	0.0264404
2.269043e-008	0.0256104
2.271543e-008	0.0121582
2.274043e-008	0.0164551
2.276543e-008	0.0289307
2.279043e-008	0.0208984
2.281543e-008	0.0104492
2.284043e-008	0.0115234
2.286543e-008	0.0188721
2.289043e-008	0.0226563
2.291543e-008	0.0209473
2.294043e-008	0.0270996
2.296543e-008	0.0247559
2.299043e-008	0.0195801
2.301543e-008	0.0276611
2.304043e-008	0.0291748
2.306543e-008	0.0239258
2.309043e-008	0.0113037
2.311543e-008	0.008667
2.314043e-008	0.025415
2.316543e-008	0.0261963
2.319043e-008	0.0181885
2.321543e-008	0.0139649
2.324043e-008	0.0108399
2.326543e-008	0.0167236
2.329043e-008	0.0183838
2.331543e-008	0.0201416
2.334043e-008	0.0234863
2.336543e-008	0.0198242
2.339043e-008	0.0291992
2.341543e-008	0.0396973
2.344043e-008	0.0305664
2.346543e-008	0.0194336
2.349043e-008	0.0122315
2.351543e-008	0.0081543
2.354043e-008	0.0171631
2.356543e-008	0.0322754
2.359043e-008	0.0291016
2.361543e-008	0.0162109
2.364043e-008	0.024585
2.366543e-008	0.026294
2.369043e-008	0.0135498
2.371543e-008	0.026709
2.374043e-008	0.0317139
2.376543e-008	0.0187744
2.379043e-008	0.022876
2.381543e-008	0.0195557
2.384043e-008	0.00983887
2.386543e-008	0.0171875
2.389043e-008	0.0228272
2.391543e-008	0.00859376
2.394043e-008	0.00249024
2.396543e-008	0.0178223
2.399043e-008	0.019165
2.401543e-008	0.01604
2.404043e-008	0.0293945
2.406543e-008	0.0317383
2.409043e-008	0.0136231
2.411543e-008	0.0132568
2.414043e-008	0.0275147
2.416543e-008	0.012915
2.419043e-008	0.00385743
2.421543e-008	0.0165772
2.424043e-008	0.023877
2.426543e-008	0.0361084
2.429043e-008	0.0330811
2.431543e-008	0.0199951
2.434043e-008	0.0219971
2.436543e-008	0.0232666
2.439043e-008	0.0229736
2.441543e-008	0.019751
2.444043e-008	0.019751
2.446543e-008	0.0196533
2.449043e-008	0.0123291
2.451543e-008	0.013208
2.454043e-008	0.0101318
2.456543e-008	0.0105957
2.459043e-008	0.0157471
2.461543e-008	0.0115234
2.464043e-008	0.0258057
2.466543e-008	0.0352783
2.469043e-008	0.0115967
2.471543e-008	-0.000488274
2.474043e-008	0.0131836
2.476543e-008	0.0179443
2.479043e-008	0.00817872
2.481543e-008	0.0088379
2.484043e-008	0.0105469
2.486543e-008	0.00778809
2.489043e-008	0.0159912
2.491543e-008	0.0180908
2.494043e-008	0.0190918
2.496543e-008	0.0239746
2.499043e-008	0.00949708
2.501543e-008	0.00666505
2.504043e-008	0.0206543
2.506543e-008	0.0181152
2.509043e-008	0.0188477
2.511543e-008	0.0143555
2.514043e-008	0.0050293
2.516543e-008	0.0185059
2.519043e-008	0.0232666
2.521543e-008	0.0153076
2.524043e-008	0.0155518
2.526543e-008	0.0174316
2.529043e-008	0.0178711
2.531543e-008	0.0253906
2.534043e-008	0.0404785
2.536543e-008	0.0340088
2.539043e-008	0.0165039
2.541543e-008	0.0205566
2.544043e-008	0.032544
2.546543e-008	0.0283936
2.549043e-008	0.00876466
2.551543e-008	0.00532227
2.554043e-008	0.0238037
2.556543e-008	0.0270264
2.559043e-008	0.0104736
2.561543e-008	0.0123779
2.564043e-008	0.0323975
2.566543e-008	0.0277832
2.569043e-008	0.010669
2.571543e-008	0.0211426
2.574043e-008	0.0345459
2.576543e-008	0.0219238
2.579043e-008	0.0126709
2.581543e-008	0.0160889
2.584043e-008	0.0228516
2.586543e-008	0.0329834
2.589043e-008	0.0252197
2.591543e-008	0.0168457
2.594043e-008	0.0219971
2.596543e-008	0.018335
2.599043e-008	0.0179443
2.601543e-008	0.0189209
2.604043e-008	0.0155762
2.606543e-008	0.0216797
2.609043e-008	0.0201904
2.611543e-008	0.0126709
2.614043e-008	0.0172119
2.616543e-008	0.0158691
2.619043e-008	0.0126465
2.621543e-008	0.0180176
2.624043e-008	0.0181152
2.626543e-008	0.0263184
2.629043e-008	0.0245606
2.631543e-008	0.00715333
2.634043e-008	0.0151611
2.636543e-008	0.02229
2.639043e-008	0.0174561
2.641543e-008	0.0201416
2.644043e-008	0.0193359
2.646543e-008	0.0188721
2.649043e-008	0.0103516
2.651543e-008	0.00864259
2.654043e-008	0.0226563
2.656543e-008	0.0260498
2.659043e-008	0.0243897
2.661543e-008	0.00837403
2.664043e-008	0.00947266
2.666543e-008	0.038501
2.669043e-008	0.0290283
2.671543e-008	0.019458
2.674043e-008	0.0280762
2.676543e-008	0.0124756
2.679043e-008	0.0102295
2.681543e-008	0.0226807
2.684043e-008	0.022876
2.686543e-008	0.0257568
2.689043e-008	0.0250977
2.691543e-008	0.0188232
2.694043e-008	0.0251953
2.696543e-008	0.0236572
2.699043e-008	0.01521
2.701543e-008	0.0186279
2.704043e-008	0.0170899
2.706543e-008	0.0205322
2.709043e-008	0.0238525
2.711543e-008	0.0148926
2.714043e-008	0.015918
2.716543e-008	0.0221924
2.719043e-008	0.023291
2.721543e-008	0.02229
2.724043e-008	0.0271729
2.726543e-008	0.0290039
2.729043e-008	0.0169434
2.731543e-008	0.0180908
2.734043e-008	0.0241455
2.736543e-008	0.0168701
2.739043e-008	0.0230469
2.741543e-008	0.0282715
2.744043e-008	0.0277588
2.746543e-008	0.0380127
2.749043e-008	0.0264649
2.751543e-008	0.011499
2.754043e-008	0.0248535
2.756543e-008	0.0299316
2.759043e-008	0.0141602
2.761543e-008	0.011499
2.764043e-008	0.0305908
2.766543e-008	0.0273438
2.769043e-008	0.00402833
2.771543e-008	0.0104004
2.774043e-008	0.019043
2.776543e-008	0.0106934
2.779043e-008	0.0244385
2.781543e-008	0.0317139
2.784043e-008	0.0191406
2.786543e-008	0.0304443
2.789043e-008	0.0299561
2.791543e-008	0.0105957
2.794043e-008	0.0197022
2.796543e-008	0.026709
2.799043e-008	0.0144531
2.801543e-008	0.00703126
2.804043e-008	0.0102783
2.806543e-008	0.0208984
2.809043e-008	0.0195557
2.811543e-008	0.0156006
2.814043e-008	0.0260254
2.816543e-008	0.0290039
2.819043e-008	0.0266358
2.821543e-008	0.029419
2.824043e-008	0.027832
2.826543e-008	0.023169
2.829043e-008	0.0187744
2.831543e-008	0.017749
2.834043e-008	0.0138916
2.836543e-008	0.00964356
2.839043e-008	0.015625
2.841543e-008	0.0221924
2.844043e-008	0.0231934
2.846543e-008	0.0200195
2.849043e-008	0.0202881
2.851543e-008	0.0186768
2.854043e-008	0.016919
2.856543e-008	0.0206055
2.859043e-008	0.0137207
2.861543e-008	0.0164795
2.864043e-008	0.0319336
2.866543e-008	0.0372315
2.869043e-008	0.0322754
2.871543e-008	0.0182129
2.874043e-008	0.0209229
2.876543e-008	0.0369629
2.879043e-008	0.0338867
2.881543e-008	0.0216553
2.884043e-008	0.0236328
2.886543e-008	0.0272461
2.889043e-008	0.0108887
2.891543e-008	0.00895997
2.894043e-008	0.0219727
2.896543e-008	0.0189209
2.899043e-008	0.0271729
2.901543e-008	0.0349121
2.904043e-008	0.0267334
2.906543e-008	0.0248291
2.909043e-008	0.0124512
2.911543e-008	0.00117188
2.914043e-008	0.0116699
2.916543e-008	0.0110352
2.919043e-008	0.00444337
2.921543e-008	0.0180908
2.924043e-008	0.0330811
2.926543e-008	0.0361328
2.929043e-008	0.0205078
2.931543e-008	0.00734864
2.934043e-008	0.0208984
2.936543e-008	0.0197754
2.939043e-008	0.0115967
2.941543e-008	0.0146973
2.944043e-008	0.0106445
2.946543e-008	0.019043
2.949043e-008	0.0200684
2.951543e-008	0.0207764
2.954043e-008	0.0327881
2.956543e-008	0.0206787
2.959043e-008	0.0166992
2.961543e-008	0.0210205
2.964043e-008	0.0164307
2.966543e-008	0.020044
2.969043e-008	0.0129639
2.971543e-008	0.0114258
2.974043e-008	0.0335938
2.976543e-008	0.0392334
2.979043e-008	0.0205811
2.981543e-008	0.0144775
2.984043e-008	0.0262451
2.986543e-008	0.0296387
2.989043e-008	0.0142334
2.991543e-008	0.00959473
2.994043e-008	0.0237549
2.996543e-008	0.0256592
2.999043e-008	0.0293945
3.001543e-008	0.0384522
3.004043e-008	0.0317139
3.006543e-008	0.0263184
3.009043e-008	0.0248779
3.011543e-008	0.0174316
3.014043e-008	0.0168457
3.016543e-008	0.0291504
3.019043e-008	0.0290283
3.021543e-008	0.0154785
3.024043e-008	0.0206543
3.026543e-008	0.0218994
3.029043e-008	-0.000756828
3.031543e-008	0.00485841
3.034043e-008	0.0349121
3.036543e-008	0.0352783
3.039043e-008	0.0292969
3.041543e-008	0.0297363
3.044043e-008	0.0251709
3.046543e-008	0.0273682
3.049043e-008	0.0206543
3.051543e-008	0.0185059
3.054043e-008	0.0224854
3.056543e-008	0.0158691
3.059043e-008	0.0165283
3.061543e-008	0.00893555
3.064043e-008	0.011792
3.066543e-008	0.0291748
3.069043e-008	0.0174072
3.071543e-008	0.019458
3.074043e-008	0.0317139
3.076543e-008	0.0176758
3.079043e-008	0.0224854
3.081543e-008	0.030127
3.084043e-008	0.0303223
3.086543e-008	0.0320557
3.089043e-008	0.00524903
3.091543e-008	0.00615235
3.094043e-008	0.0299316
3.096543e-008	0.0184082
3.099043e-008	0.0182617
3.101543e-008	0.027417
3.104043e-008	0.0292481
3.106543e-008	0.0314697
3.109043e-008	0.0142578
3.111543e-008	0.00905762
3.114043e-008	0.0221191
3.116543e-008	0.0247315
3.119043e-008	0.011377
3.121543e-008	0.00358887
3.124043e-008	0.0271973
3.126543e-008	0.0308594
3.129043e-008	0.0140137
3.131543e-008	0.0208252
3.134043e-008	0.023291
3.136543e-008	0.0191162
3.139043e-008	0.0108643
3.141543e-008	0.011792
3.144043e-008	0.0348145
3.146543e-008	0.0369629
3.149043e-008	0.0230713
3.151543e-008	0.0156006
3.154043e-008	0.0182617
3.156543e-008	0.0253906
3.159043e-008	0.015625
3.161543e-008	0.0133301
3.164043e-008	0.0269287
3.166543e-008	0.0237305
3.169043e-008	0.0116455
3.171543e-008	0.0181152
3.174043e-008	0.0256592
3.176543e-008	0.0154785
3.179043e-008	0.0124024
3.181543e-008	0.0138428
3.184043e-008	0.0188477
3.186543e-008	0.0297119
3.189043e-008	0.0182373
3.191543e-008	0.019043
3.194043e-008	0.0387695
3.196543e-008	0.027002
3.199043e-008	0.0215332
3.201543e-008	0.0268066
3.204043e-008	0.00273438
3.206543e-008	0.00683595
3.209043e-008	0.0351563
3.211543e-008	0.0314453
3.214043e-008	0.0307373
3.216543e-008	0.0235596
3.219043e-008	0.00808106
3.221543e-008	0.0238281
3.224043e-008	0.0271729
3.226543e-008	0.0199951
3.229043e-008	0.0236572
3.231543e-008	0.0154785
3.234043e-008	0.0236328
3.236543e-008	0.0298828
3.239043e-008	0.00529786
3.241543e-008	0.00568848
3.244043e-008	0.0307129
3.246543e-008	0.0310791
3.249043e-008	0.0237061
3.251543e-008	0.0241699
3.254043e-008	0.0244629
3.256543e-008	0.0285156
3.259043e-008	0.0225098
3.261543e-008	0.0113037
3.264043e-008	0.0150635
3.266543e-008	0.0205078
3.269043e-008	0.0198975
3.271543e-008	0.0252197
3.274043e-008	0.0252686
3.276543e-008	0.0107666
3.279043e-008	0.0201904
3.281543e-008	0.0426025
3.284043e-008	0.0344971
3.286543e-008	0.0292969
3.289043e-008	0.0281494
3.291543e-008	0.0180176
3.294043e-008	0.0247803
3.296543e-008	0.0208008
3.299043e-008	0.0160645
3.301543e-008	0.0300293
3.304043e-008	0.0245606
3.306543e-008	0.0155762
3.309043e-008	0.00964356
3.311543e-008	0.0110596
3.314043e-008	0.0319336
3.316543e-008	0.0283936
3.319043e-008	0.0161133
3.321543e-008	0.0182617
3.324043e-008	0.01604
3.326543e-008	0.0178955
3.329043e-008	0.0187012
3.331543e-008	0.020044
3.334043e-008	0.0221191
3.336543e-008	0.0219727
3.339043e-008	0.0243408
3.341543e-008	0.0152832
3.344043e-008	0.015625
3.346543e-008	0.0219727
3.349043e-008	0.00827637
3.351543e-008	0.00791016
3.354043e-008	0.0154785
3.356543e-008	0.0131592
3.359043e-008	0.0148438
3.361543e-008	0.0106934
3.364043e-008	0.0166504
3.366543e-008	0.0241699
3.369043e-008	0.0110107
3.371543e-008	0.0108643
3.374043e-008	0.0206299
3.376543e-008	0.0211426
3.379043e-008	0.0110352
3.381543e-008	0.00925294
3.384043e-008	0.0401367
3.386543e-008	0.0401367
3.389043e-008	0.00881348
3.391543e-008	0.0151367
3.394043e-008	0.0244141
3.396543e-008	0.0182373
3.399043e-008	0.0160889
3.401543e-008	0.0162109
3.404043e-008	0.0216797
3.406543e-008	0.0194092
3.409043e-008	0.0138184
3.411543e-008	0.0165283
3.414043e-008	0.0218994
3.416543e-008	0.0248779
3.419043e-008	0.0209473
3.421543e-008	0.0167481
3.424043e-008	0.0202393
3.426543e-008	0.0306152
3.429043e-008	0.0313233
3.431543e-008	0.0229004
3.434043e-008	0.0257813
3.436543e-008	0.0255127
3.439043e-008	0.0168701
3.441543e-008	0.0128906
3.444043e-008	0.0187744
3.446543e-008	0.0276367
3.449043e-008	0.020044
3.451543e-008	0.0138428
3.454043e-008	0.0210449
3.456543e-008	0.0281494
3.459043e-008	0.0233399
3.461543e-008	0.00310059
3.464043e-008	0.0135498
3.466543e-008	0.0425537
3.469043e-008	0.0316406
3.471543e-008	0.0201172
3.474043e-008	0.0276856
3.476543e-008	0.023291
3.479043e-008	0.0167969
3.481543e-008	0.0136963
3.484043e-008	0.0236816
3.486543e-008	0.0317871
3.489043e-008	0.00610352
3.491543e-008	-0.00493163
3.494043e-008	0.0147217
3.496543e-008	0.0229492
3.499043e-008	0.024585
3.501543e-008	0.0209473
3.504043e-008	0.020166
3.506543e-008	0.0277344
3.509043e-008	0.0221191
3.511543e-008	0.0186768
3.514043e-008	0.0162109
3.516543e-008	0.00957032
3.519043e-008	0.0193359
3.521543e-008	0.0249756
3.524043e-008	0.0262207
3.526543e-008	0.0269043
3.529043e-008	0.0130371
3.531543e-008	0.0131348
3.534043e-008	0.0273926
3.536543e-008	0.0293945
3.539043e-008	0.0243652
3.541543e-008	0.0216309
3.544043e-008	0.0179443
3.546543e-008	0.0150635
3.549043e-008	0.0211426
3.551543e-008	0.0273193
3.554043e-008	0.0295899
3.556543e-008	0.0311524
3.559043e-008	0.0350342
3.561543e-008	0.0333008
3.564043e-008	0.0221191
3.566543e-008	0.0226563
3.569043e-008	0.0226074
3.571543e-008	0.0265381
3.574043e-008	0.0340332
3.576543e-008	0.0205811
3.579043e-008	0.024585
3.581543e-008	0.0297363
3.584043e-008	0.0181885
3.586543e-008	0.0261719
3.589043e-008	0.0245117
3.591543e-008	0.0135742
3.594043e-008	0.0182373
3.596543e-008	0.0247803
3.599043e-008	0.029834
3.601543e-008	0.0273438
3.604043e-008	0.0257568
3.606543e-008	0.0277344
3.609043e-008	0.0182129
3.611543e-008	0.0142334
3.614043e-008	0.0165283
3.616543e-008	0.0181885
3.619043e-008	0.0292725
3.621543e-008	0.0252197
3.624043e-008	0.0185059
3.626543e-008	0.0270996
3.629043e-008	0.0221924
3.631543e-008	0.0240234
3.634043e-008	0.0315186
3.636543e-008	0.015918
3.639043e-008	0.00593262
3.641543e-008	0.00705567
3.644043e-008	0.00991212
3.646543e-008	0.0209473
3.649043e-008	0.0238525
3.651543e-008	0.0200684
3.654043e-008	0.0241211
3.656543e-008	0.0227539
3.659043e-008	0.00734864
3.661543e-008	0.00407716
3.664043e-008	0.0253418
3.666543e-008	0.0327149
3.669043e-008	0.0174072
3.671543e-008	0.013916
3.674043e-008	0.0292969
3.676543e-008	0.0329102
3.679043e-008	0.0174316
3.681543e-008	0.0140869
3.684043e-008	0.0213623
3.686543e-008	0.029419
3.689043e-008	0.0222412
3.691543e-008	0.00336915
3.694043e-008	0.00834962
3.696543e-008	0.0139893
3.699043e-008	0.0185303
3.701543e-008	0.0256348
3.704043e-008	0.0324951
3.706543e-008	0.0456055
3.709043e-008	0.0216309
3.711543e-008	0.00651856
3.714043e-008	0.0282227
3.716543e-008	0.0297852
3.719043e-008	0.0175781
3.721543e-008	0.00358887
3.724043e-008	0.00654298
3.726543e-008	0.0185059
3.729043e-008	0.012085
3.731543e-008	0.014624
3.734043e-008	0.0272461
3.736543e-008	0.0260986
3.739043e-008	0.016626
3.741543e-008	0.0135986
3.744043e-008	0.0161377
3.746543e-008	0.0252686
3.749043e-008	0.033252
3.751543e-008	0.0237305
3.754043e-008	0.0187012
3.756543e-008	0.0247803
3.759043e-008	0.0211182
3.761543e-008	0.00549317
3.764043e-008	0.00300294
3.766543e-008	0.0272949
3.769043e-008	0.0309082
3.771543e-008	0.0190186
3.774043e-008	0.0284668
3.776543e-008	0.0250977
3.779043e-008	0.0158447
3.781543e-008	0.0229004
3.784043e-008	0.0276367
3.786543e-008	0.0269531
3.789043e-008	0.0212891
3.791543e-008	0.0190674
3.794043e-008	0.0201172
3.796543e-008	0.0235107
3.799043e-008	0.0359131
3.801543e-008	0.0319824
3.804043e-008	0.0162598
3.806543e-008	0.0151611
3.809043e-008	0.019458
3.811543e-008	0.0247559
3.814043e-008	0.0281983
3.816543e-008	0.0264404
3.819043e-008	0.0216553
3.821543e-008	0.0179932
3.824043e-008	0.0290039
3.826543e-008	0.0393799
3.829043e-008	0.0250488
3.831543e-008	0.00905762
3.834043e-008	0.0172119
3.836543e-008	0.0238037
3.839043e-008	0.0174561
3.841543e-008	0.0180664
3.844043e-008	0.013794
3.846543e-008	0.00805665
3.849043e-008	0.0213379
3.851543e-008	0.0325195
3.854043e-008	0.0181152
3.856543e-008	0.00622559
3.859043e-008	0.0166016
3.861543e-008	0.0120606
3.864043e-008	0.00983887
3.866543e-008	0.0264404
3.869043e-008	0.015625
3.871543e-008	0.00751954
3.874043e-008	0.0206299
3.876543e-008	0.0172607
3.879043e-008	0.0133545
3.881543e-008	0.0152588
3.884043e-008	0.0176758
3.886543e-008	0.0237061
3.889043e-008	0.0196045
3.891543e-008	0.0199219
3.894043e-008	0.024707
3.896543e-008	0.0218994
3.899043e-008	0.0272217
3.901543e-008	0.0292725
3.904043e-008	0.0247803
3.906543e-008	0.0304199
3.909043e-008	0.0354736
3.911543e-008	0.0282227
3.914043e-008	0.0166504
3.916543e-008	0.0149658
3.919043e-008	0.0195801
3.921543e-008	0.0203613
3.924043e-008	0.0249268
3.926543e-008	0.031543
3.929043e-008	0.0242188
3.931543e-008	0.0163818
3.934043e-008	0.018335
3.936543e-008	0.0126953
3.939043e-008	0.0182617
3.941543e-008	0.0292481
3.944043e-008	0.0182861
3.946543e-008	0.0192139
3.949043e-008	0.0222656
3.951543e-008	0.00625001
3.954043e-008	0.0136719
3.956543e-008	0.0313477
3.959043e-008	0.0179932
3.961543e-008	0.00488282
3.964043e-008	0.019751
3.966543e-008	0.0291504
3.969043e-008	0.0234619
3.971543e-008	0.0251465
3.974043e-008	0.020874
3.976543e-008	0.0114014
3.979043e-008	0.0159424
3.981543e-008	0.0188232
3.984043e-008	0.0226563
3.986543e-008	0.0359375
3.989043e-008	0.0374512
3.991543e-008	0.0277832
3.994043e-008	0.0177734
3.996543e-008	0.0137695
3.999043e-008	0.0273926
4.001543e-008	0.0374512
4.004043e-008	0.0284912
4.006543e-008	0.023169
4.009043e-008	0.0192139
4.011543e-008	0.0197754
4.014043e-008	0.0273193
4.016543e-008	0.0258057
4.019043e-008	0.0320801
4.021543e-008	0.0305664
4.024043e-008	0.0185303
4.026543e-008	0.0219727
4.029043e-008	0.0194092
4.031543e-008	0.0170654
4.034043e-008	0.0185303
4.036543e-008	0.0124512
4.039043e-008	0.0118164
4.041543e-008	0.00861817
4.044043e-008	0.0109619
4.046543e-008	0.020752
4.049043e-008	0.0142578
4.051543e-008	0.00529786
4.054043e-008	0.0123047
4.056543e-008	0.0156006
4.059043e-008	0.0172363
4.061543e-008	0.0283936
4.064043e-008	0.0271973
4.066543e-008	0.0219482
4.069043e-008	0.0206787
4.071543e-008	0.017749
4.074043e-008	0.0210693
4.076543e-008	0.0120606
4.079043e-008	0.00590821
4.081543e-008	0.0162598
4.084043e-008	0.0177979
4.086543e-008	0.025708
4.089043e-008	0.0272705
4.091543e-008	0.0154053
4.094043e-008	0.0241699
4.096543e-008	0.0325195
4.099043e-008	0.0299072
4.101543e-008	0.0137695
4.104043e-008	0.00129395
4.106543e-008	0.0275147
4.109043e-008	0.0305664
4.111543e-008	0.0105713
4.114043e-008	0.0200928
4.116543e-008	0.0260254
4.119043e-008	0.0292481
4.121543e-008	0.0313965
4.124043e-008	0.0261719
4.126543e-008	0.0294434
4.129043e-008	0.0260254
4.131543e-008	0.029834
4.134043e-008	0.0351318
4.136543e-008	0.0174805
4.139043e-008	0.0171387
4.141543e-008	0.0233887
4.144043e-008	0.0100098
4.146543e-008	0.0204346
4.149043e-008	0.030127
4.151543e-008	0.0188721
4.154043e-008	0.028125
4.156543e-008	0.0308106
4.159043e-008	0.0233399
4.161543e-008	0.0274414
4.164043e-008	0.0270508
4.166543e-008	0.0265381
4.169043e-008	0.018335
4.171543e-008	0.0124024
4.174043e-008	0.0204346
4.176543e-008	0.0212158
4.179043e-008	0.0206787
4.181543e-008	0.0218018
4.184043e-008	0.0259033
4.186543e-008	0.0252441
4.189043e-008	0.0102295
4.191543e-008	0.0140869
4.194043e-008	0.0236572
4.196543e-008	0.0208496
4.199043e-008	0.027832
4.201543e-008	0.0209717
4.204043e-008	0.0126953
4.206543e-008	0.026709
4.209043e-008	0.0256348
4.211543e-008	0.0169678
4.214043e-008	0.0176514
4.216543e-008	0.0158203
4.219043e-008	0.0206055
4.221543e-008	0.0241699
4.224043e-008	0.0192627
4.226543e-008	0.0177246
4.229043e-008	0.0123047
4.231543e-008	0.0127441
4.234043e-008	0.0220947
4.236543e-008	0.0236572
4.239043e-008	0.0304932
4.241543e-008	0.0248291
4.244043e-008	0.00966798
4.246543e-008	0.0172363
4.249043e-008	0.0229004
4.251543e-008	0.0156738
4.254043e-008	0.00764161
4.256543e-008	0.0199951
4.259043e-008	0.0322754
4.261543e-008	0.0181885
4.264043e-008	0.021875
4.266543e-008	0.0267334
4.269043e-008	0.0151123
4.271543e-008	0.0164307
4.274043e-008	0.0221191
4.276543e-008	0.027124
4.279043e-008	0.0241455
4.281543e-008	0.0165527
4.284043e-008	0.0210938
4.286543e-008	0.0268799
4.289043e-008	0.0216553
4.291543e-008	0.0234375
4.294043e-008	0.0324951
4.296543e-008	0.0239258
4.299043e-008	0.0219971
4.301543e-008	0.0287354
4.304043e-008	0.0254639
4.306543e-008	0.0270752
4.309043e-008	0.0192871
4.311543e-008	0.0115479
4.314043e-008	0.0196289
4.316543e-008	0.025415
4.319043e-008	0.027124
4.321543e-008	0.0223145
4.324043e-008	0.0240479
4.326543e-008	0.0291748
4.329043e-008	0.0180176
4.331543e-008	0.0139893
4.334043e-008	0.0212891
4.336543e-008	0.0226318
4.339043e-008	0.0199951
4.341543e-008	0.0084961
4.344043e-008	0.00705567
4.346543e-008	0.02854
4.349043e-008	0.0305664
4.351543e-008	0.0187988
4.354043e-008	0.0262207
4.356543e-008	0.028418
4.359043e-008	0.0220215
4.361543e-008	0.0228516
4.364043e-008	0.0254639
4.366543e-008	0.0271484
4.369043e-008	0.0244385
4.371543e-008	0.015332
4.374043e-008	0.0134522
4.376543e-008	0.0209717
4.379043e-008	0.0191895
4.381543e-008	0.019458
4.384043e-008	0.0249512
4.386543e-008	0.019165
4.389043e-008	0.00786134
4.391543e-008	0.00427247
4.394043e-008	0.0152832
4.396543e-008	0.0194092
4.399043e-008	0.0235107
4.401543e-008	0.0347412
4.404043e-008	0.0283203
4.406543e-008	0.026294
4.409043e-008	0.0276367
4.411543e-008	0.0199951
4.414043e-008	0.0183838
4.416543e-008	0.0129883
4.419043e-008	0.0123779
4.421543e-008	0.023169
4.424043e-008	0.0378906
4.426543e-008	0.034082
4.429043e-008	-0.00241698
4.431543e-008	0.00339356
4.434043e-008	0.0295654
4.436543e-008	0.00590821
4.439043e-008	0.0144531
4.441543e-008	0.0344238
4.444043e-008	0.0148926
4.446543e-008	0.017334
4.449043e-008	0.0202881
4.451543e-008	0.0208252
4.454043e-008	0.0375244
4.456543e-008	0.0372315
4.459043e-008	0.024585
4.461543e-008	0.014209
4.464043e-008	0.0226318
4.466543e-008	0.0348389
4.469043e-008	0.0192627
4.471543e-008	0.0100098
4.474043e-008	0.0264649
4.476543e-008	0.0337647
4.479043e-008	0.0235107
4.481543e-008	0.0168945
4.484043e-008	0.0228516
4.486543e-008	0.0272217
4.489043e-008	0.0245606
4.491543e-008	0.0237549
4.494043e-008	0.0206299
4.496543e-008	0.0233887
4.499043e-008	0.0251953
4.501543e-008	0.0177002
4.504043e-008	0.0184326
4.506543e-008	0.00939942
4.509043e-008	0.00539552
4.511543e-008	0.0243408
4.514043e-008	0.0218262
4.516543e-008	0.0156738
4.519043e-008	0.0202393
4.521543e-008	0.00898438
4.524043e-008	0.0180908
4.526543e-008	0.0331543
4.529043e-008	0.0182617
4.531543e-008	0.0178223
4.534043e-008	0.0248047
4.536543e-008	0.0184326
4.539043e-008	0.0192383
4.541543e-008	0.0104981
4.544043e-008	0.0111572
4.546543e-008	0.0362549
4.549043e-008	0.031543
4.551543e-008	0.00847169
4.554043e-008	0.00949708
4.556543e-008	0.0205811
4.559043e-008	0.0279785
4.561543e-008	0.0229981
4.564043e-008	0.0175293
4.566543e-008	0.0191895
4.569043e-008	0.00966798
4.571543e-008	0.00505372
4.574043e-008	0.0166992
4.576543e-008	0.0325684
4.579043e-008	0.0264649
4.581543e-008	0.000805672
4.584043e-008	0.0038086
4.586543e-008	0.0187256
4.589043e-008	0.0257568
4.591543e-008	0.0273682
4.594043e-008	0.0144531
4.596543e-008	0.0171143
4.599043e-008	0.0246338
4.601543e-008	0.0283203
4.604043e-008	0.0300781
4.606543e-008	0.00622559
4.609043e-008	0.00625001
4.611543e-008	0.0271484
4.614043e-008	0.0210449
4.616543e-008	0.0139649
4.619043e-008	0.012793
4.621543e-008	0.0189697
4.624043e-008	0.0260742
4.626543e-008	0.0204102
4.629043e-008	0.0198242
4.631543e-008	0.0198242
4.634043e-008	0.0181397
4.636543e-008	0.0166748
4.639043e-008	0.0117676
4.641543e-008	0.0163818
4.644043e-008	0.0287598
4.646543e-008	0.0248047
4.649043e-008	0.00390626
4.651543e-008	0.00527345
4.654043e-008	0.0195313
4.656543e-008	0.0199219
4.659043e-008	0.0220459
4.661543e-008	0.0122803
4.664043e-008	0.00302735
4.666543e-008	0.0249512
4.669043e-008	0.0377686
4.671543e-008	0.0224854
4.674043e-008	0.0139404
4.676543e-008	0.0108399
4.679043e-008	0.00600587
4.681543e-008	0.0160645
4.684043e-008	0.030835
4.686543e-008	0.027124
4.689043e-008	0.00749512
4.691543e-008	0.00847169
4.694043e-008	0.0282227
4.696543e-008	0.030835
4.699043e-008	0.029126
4.701543e-008	0.0256348
4.704043e-008	0.0205811
4.706543e-008	0.0212402
4.709043e-008	0.012207
4.711543e-008	0.00766602
4.714043e-008	0.0178711
4.716543e-008	0.0273193
4.719043e-008	0.0292725
4.721543e-008	0.019458
4.724043e-008	0.0164307
4.726543e-008	0.0279297
4.729043e-008	0.0132324
4.731543e-008	-0.000341789
4.734043e-008	0.0207764
4.736543e-008	0.0240479
4.739043e-008	0.0239502
4.741543e-008	0.0322022
4.744043e-008	0.0238525
4.746543e-008	0.0194336
4.749043e-008	0.0102295
4.751543e-008	0.00773927
4.754043e-008	0.0223633
4.756543e-008	0.0240723
4.759043e-008	0.0185547
4.761543e-008	0.0168945
4.764043e-008	0.0217041
4.766543e-008	0.0258789
4.769043e-008	0.0160156
4.771543e-008	0.0110596
4.774043e-008	0.0217774
4.776543e-008	0.0216309
4.779043e-008	0.0124512
4.781543e-008	0.0159424
4.784043e-008	0.0270264
4.786543e-008	0.030542
4.789043e-008	0.0164307
4.791543e-008	0.00864259
4.794043e-008	0.0138672
4.796543e-008	0.0136475
4.799043e-008	0.0155518
4.801543e-008	0.0100342
4.804043e-008	0.0125488
4.806543e-008	0.0325684
4.809043e-008	0.0280274
4.811543e-008	0.0175293
4.814043e-008	0.0197266
4.816543e-008	0.0179688
4.819043e-008	0.0211426
4.821543e-008	0.0212402
4.824043e-008	0.0233154
4.826543e-008	0.0284912
4.829043e-008	0.029541
4.831543e-008	0.0322266
4.834043e-008	0.0269775
4.836543e-008	0.0333984
4.839043e-008	0.0324707
4.841543e-008	0.0144287
4.844043e-008	0.0250977
4.846543e-008	0.0226807
4.849043e-008	0.00261231
4.851543e-008	0.0121826
4.854043e-008	0.0247803
4.856543e-008	0.0267578
4.859043e-008	0.0279053
4.861543e-008	0.0244141
4.864043e-008	0.0178467
4.866543e-008	0.0160889
4.869043e-008	0.0187012
4.871543e-008	0.022583
4.874043e-008	0.020874
4.876543e-008	0.00844727
4.879043e-008	0.00947266
4.881543e-008	0.0181152
4.884043e-008	0.0184326
4.886543e-008	0.0235107
4.889043e-008	0.0189209
4.891543e-008	0.0128174
4.894043e-008	0.0202149
4.896543e-008	0.0160156
4.899043e-008	0.012085
4.901543e-008	0.022168
4.904043e-008	0.0252441
4.906543e-008	0.0199951
4.909043e-008	0.0125
4.911543e-008	0.0141113
4.914043e-008	0.0191406
4.916543e-008	0.0144775
4.919043e-008	0.023999
4.921543e-008	0.0269775
4.924043e-008	0.0205566
4.926543e-008	0.0309326
4.929043e-008	0.0123047
4.931543e-008	0.000463875
4.934043e-008	0.0313965
4.936543e-008	0.0339111
4.939043e-008	0.0174561
4.941543e-008	0.017334
4.944043e-008	0.0246338
4.946543e-008	0.0271973
4.949043e-008	0.0150147
4.951543e-008	0.00524903
4.954043e-008	0.0126953
4.956543e-008	0.023877
4.959043e-008	0.0175781
4.961543e-008	0.0107666
4.964043e-008	0.0222656
4.966543e-008	0.0254395
4.969043e-008	0.0141602
4.971543e-008	0.0151123
4.974043e-008	0.0291016
4.976543e-008	0.0229492
4.979043e-008	0.00959473
4.981543e-008	0.0153809
4.984043e-008	0.0170166
4.986543e-008	0.0273682
4.989043e-008	0.0344483
4.991543e-008	0.0138184
4.994043e-008	0.0117432
4.996543e-008	0.0226074
4.999043e-008	0.0287598
5.001543e-008	0.035376
