# LECROYWM813Zi	51496	Waveform
# Segments	1	SegmentSize	4002
# Segment	TrigTime	TimeSinceSegment1
# #1	30-Nov-2018 17:24:37	0                 
# Time	Ampl
-5.000004e-008	0.0223389
-4.997504e-008	0.0204102
-4.995004e-008	0.0224854
-4.992504e-008	0.0175781
-4.990004e-008	0.017334
-4.987504e-008	0.0231934
-4.985004e-008	0.0115479
-4.982504e-008	0.0113037
-4.980004e-008	0.032544
-4.977504e-008	0.0259522
-4.975004e-008	0.0195557
-4.972504e-008	0.026416
-4.970004e-008	0.0141602
-4.967504e-008	0.0135254
-4.965004e-008	0.0191895
-4.962504e-008	0.0240479
-4.960004e-008	0.0340332
-4.957504e-008	0.0200195
-4.955004e-008	0.0112061
-4.952504e-008	0.0169678
-4.950004e-008	0.0221924
-4.947504e-008	0.0375244
-4.945004e-008	0.0352539
-4.942504e-008	0.025
-4.940004e-008	0.0274414
-4.937504e-008	0.0174072
-4.935004e-008	0.0117188
-4.932504e-008	0.0284912
-4.930004e-008	0.0350342
-4.927504e-008	0.0211182
-4.925004e-008	0.01521
-4.922504e-008	0.0258057
-4.920004e-008	0.0217529
-4.917504e-008	0.0067627
-4.915004e-008	0.0140381
-4.912504e-008	0.0187256
-4.910004e-008	0.0154785
-4.907504e-008	0.0208984
-4.905004e-008	0.00920411
-4.902504e-008	0.0110596
-4.900004e-008	0.0384522
-4.897504e-008	0.0259033
-4.895004e-008	0.00410157
-4.892504e-008	0.0166992
-4.890004e-008	0.0157227
-4.887504e-008	0.0138916
-4.885004e-008	0.0263428
-4.882504e-008	0.0200684
-4.880004e-008	0.0149414
-4.877504e-008	0.0182861
-4.875004e-008	0.0267578
-4.872504e-008	0.0323731
-4.870004e-008	0.0158203
-4.867504e-008	0.015625
-4.865004e-008	0.0299072
-4.862504e-008	0.0296631
-4.860004e-008	0.0145752
-4.857504e-008	-0.000976555
-4.855004e-008	0.0134033
-4.852504e-008	0.0212647
-4.850004e-008	0.0197754
-4.847504e-008	0.0274414
-4.845004e-008	0.016919
-4.842504e-008	0.0227783
-4.840004e-008	0.0330078
-4.837504e-008	0.0230225
-4.835004e-008	0.0220703
-4.832504e-008	0.0182373
-4.830004e-008	0.019043
-4.827504e-008	0.0240723
-4.825004e-008	0.0215088
-4.822504e-008	0.0224365
-4.820004e-008	0.0189697
-4.817504e-008	0.0196045
-4.815004e-008	0.0145996
-4.812504e-008	0.00517579
-4.810004e-008	0.0157471
-4.807504e-008	0.0198486
-4.805004e-008	0.0199219
-4.802504e-008	0.0241943
-4.800004e-008	0.0248779
-4.797504e-008	0.0355469
-4.795004e-008	0.0321289
-4.792504e-008	0.0179688
-4.790004e-008	0.0172607
-4.787504e-008	0.0199219
-4.785004e-008	0.0224854
-4.782504e-008	0.0192627
-4.780004e-008	0.0156006
-4.777504e-008	0.0143311
-4.775004e-008	0.0214356
-4.772504e-008	0.0343994
-4.770004e-008	0.0258301
-4.767504e-008	0.0215088
-4.765004e-008	0.0325195
-4.762504e-008	0.0310303
-4.760004e-008	0.0258057
-4.757504e-008	0.0317627
-4.755004e-008	0.039624
-4.752504e-008	0.0288574
-4.750004e-008	0.0172363
-4.747504e-008	0.0228516
-4.745004e-008	0.0314697
-4.742504e-008	0.0361328
-4.740004e-008	0.0283203
-4.737504e-008	0.0192139
-4.735004e-008	0.0187744
-4.732504e-008	0.0231201
-4.730004e-008	0.0280029
-4.727504e-008	0.0213623
-4.725004e-008	0.0172363
-4.722504e-008	0.0281738
-4.720004e-008	0.0334961
-4.717504e-008	0.0212158
-4.715004e-008	0.0116699
-4.712504e-008	0.0151123
-4.710004e-008	0.012793
-4.707504e-008	0.0143799
-4.705004e-008	0.0219971
-4.702504e-008	0.0241455
-4.700004e-008	0.0207764
-4.697504e-008	-0.00478515
-4.695004e-008	-0.000415032
-4.692504e-008	0.0360352
-4.690004e-008	0.0213867
-4.687504e-008	0.0126709
-4.685004e-008	0.0273926
-4.682504e-008	0.0164551
-4.680004e-008	0.0181397
-4.677504e-008	0.0193604
-4.675004e-008	0.00991212
-4.672504e-008	0.0153076
-4.670004e-008	0.0258057
-4.667504e-008	0.0270508
-4.665004e-008	0.0216065
-4.662504e-008	0.0280029
-4.660004e-008	0.0238525
-4.657504e-008	0.00610352
-4.655004e-008	0.00910645
-4.652504e-008	0.0208496
-4.650004e-008	0.0242432
-4.647504e-008	0.0240723
-4.645004e-008	0.0157227
-4.642504e-008	0.0104492
-4.640004e-008	0.0211426
-4.637504e-008	0.0202393
-4.635004e-008	0.0172852
-4.632504e-008	0.0243408
-4.630004e-008	0.0213135
-4.627504e-008	0.0250977
-4.625004e-008	0.0296387
-4.622504e-008	0.0314941
-4.620004e-008	0.0270752
-4.617504e-008	0.0131836
-4.615004e-008	0.022168
-4.612504e-008	0.0257568
-4.610004e-008	0.0160645
-4.607504e-008	0.0181152
-4.605004e-008	0.0111328
-4.602504e-008	0.0157471
-4.600004e-008	0.0373779
-4.597504e-008	0.0315918
-4.595004e-008	0.014624
-4.592504e-008	0.0195068
-4.590004e-008	0.02771
-4.587504e-008	0.0241211
-4.585004e-008	0.0179688
-4.582504e-008	0.0198731
-4.580004e-008	0.0255859
-4.577504e-008	0.0229736
-4.575004e-008	0.0181397
-4.572504e-008	0.0174561
-4.570004e-008	0.0167481
-4.567504e-008	0.0156738
-4.565004e-008	0.0207031
-4.562504e-008	0.0328369
-4.560004e-008	0.0272217
-4.557504e-008	0.00935059
-4.555004e-008	0.0161621
-4.552504e-008	0.0249268
-4.550004e-008	0.0193848
-4.547504e-008	0.0190186
-4.545004e-008	0.0101807
-4.542504e-008	0.0120117
-4.540004e-008	0.0247315
-4.537504e-008	0.0179199
-4.535004e-008	0.0192139
-4.532504e-008	0.0135742
-4.530004e-008	0.00563966
-4.527504e-008	0.0271729
-4.525004e-008	0.0318359
-4.522504e-008	0.0221436
-4.520004e-008	0.0238037
-4.517504e-008	0.0220459
-4.515004e-008	0.017627
-4.512504e-008	0.0192383
-4.510004e-008	0.0307617
-4.507504e-008	0.0361084
-4.505004e-008	0.0297608
-4.502504e-008	0.0339844
-4.500004e-008	0.0411133
-4.497504e-008	0.0259522
-4.495004e-008	0.019165
-4.492504e-008	0.0202149
-4.490004e-008	0.00759278
-4.487504e-008	0.0197754
-4.485004e-008	0.0269775
-4.482504e-008	0.0139649
-4.480004e-008	0.0169434
-4.477504e-008	0.0159424
-4.475004e-008	0.019458
-4.472504e-008	0.0223145
-4.470004e-008	0.0132813
-4.467504e-008	0.0157227
-4.465004e-008	0.019165
-4.462504e-008	0.0195068
-4.460004e-008	0.0116211
-4.457504e-008	0.00805665
-4.455004e-008	0.0247803
-4.452504e-008	0.0221924
-4.450004e-008	0.0181397
-4.447504e-008	0.0332031
-4.445004e-008	0.0291016
-4.442504e-008	0.0263672
-4.440004e-008	0.0279541
-4.437504e-008	0.0117188
-4.435004e-008	0.0129639
-4.432504e-008	0.023999
-4.430004e-008	0.0109863
-4.427504e-008	0.0100342
-4.425004e-008	0.0263184
-4.422504e-008	0.02854
-4.420004e-008	0.0289551
-4.417504e-008	0.0167481
-4.415004e-008	0.00910645
-4.412504e-008	0.0265137
-4.410004e-008	0.0257568
-4.407504e-008	0.0249268
-4.405004e-008	0.0284424
-4.402504e-008	0.0225586
-4.400004e-008	0.0345947
-4.397504e-008	0.0317871
-4.395004e-008	0.0182617
-4.392504e-008	0.0261475
-4.390004e-008	0.0241943
-4.387504e-008	0.0122803
-4.385004e-008	0.0107422
-4.382504e-008	0.014502
-4.380004e-008	0.0204102
-4.377504e-008	0.0245361
-4.375004e-008	0.0211914
-4.372504e-008	0.0211426
-4.370004e-008	0.0217529
-4.367504e-008	0.0110107
-4.365004e-008	0.00622559
-4.362504e-008	0.0157959
-4.360004e-008	0.0265625
-4.357504e-008	0.0247559
-4.355004e-008	0.0207031
-4.352504e-008	0.0320557
-4.350004e-008	0.0279785
-4.347504e-008	0.0114014
-4.345004e-008	0.0241943
-4.342504e-008	0.0354981
-4.340004e-008	0.0187744
-4.337504e-008	0.0134766
-4.335004e-008	0.026294
-4.332504e-008	0.0252686
-4.330004e-008	0.00932618
-4.327504e-008	0.00510255
-4.325004e-008	0.0223877
-4.322504e-008	0.0337402
-4.320004e-008	0.0258057
-4.317504e-008	0.0184815
-4.315004e-008	0.0164795
-4.312504e-008	0.0171387
-4.310004e-008	0.0159424
-4.307504e-008	0.012793
-4.305004e-008	0.0198242
-4.302504e-008	0.027832
-4.300004e-008	0.0241455
-4.297504e-008	0.0178711
-4.295004e-008	0.0226074
-4.292504e-008	0.018335
-4.290004e-008	-0.00114745
-4.287504e-008	0.0103027
-4.285004e-008	0.029419
-4.282504e-008	0.0266602
-4.280004e-008	0.0294922
-4.277504e-008	0.0201172
-4.275004e-008	0.0155518
-4.272504e-008	0.0300293
-4.270004e-008	0.0231445
-4.267504e-008	0.0157715
-4.265004e-008	0.0206787
-4.262504e-008	0.0247803
-4.260004e-008	0.0276856
-4.257504e-008	0.0205811
-4.255004e-008	0.0258545
-4.252504e-008	0.0339844
-4.250004e-008	0.0232178
-4.247504e-008	0.0249512
-4.245004e-008	0.0241943
-4.242504e-008	0.018042
-4.240004e-008	0.0269287
-4.237504e-008	0.0165283
-4.235004e-008	0.0103272
-4.232504e-008	0.0263184
-4.230004e-008	0.0279541
-4.227504e-008	0.0235107
-4.225004e-008	0.0180664
-4.222504e-008	0.0196289
-4.220004e-008	0.0250488
-4.217504e-008	0.0125977
-4.215004e-008	0.00776368
-4.212504e-008	0.0155274
-4.210004e-008	0.0197754
-4.207504e-008	0.0272461
-4.205004e-008	0.0294678
-4.202504e-008	0.0219482
-4.200004e-008	0.0236572
-4.197504e-008	0.033252
-4.195004e-008	0.0304932
-4.192504e-008	0.0232666
-4.190004e-008	0.022168
-4.187504e-008	0.0120361
-4.185004e-008	0.0117432
-4.182504e-008	0.0315674
-4.180004e-008	0.0279541
-4.177504e-008	0.0112549
-4.175004e-008	0.0127686
-4.172504e-008	0.0149414
-4.170004e-008	0.0169922
-4.167504e-008	0.0275147
-4.165004e-008	0.022876
-4.162504e-008	0.00783692
-4.160004e-008	0.0143066
-4.157504e-008	0.014209
-4.155004e-008	0.0168701
-4.152504e-008	0.0340088
-4.150004e-008	0.00998536
-4.147504e-008	0.00270997
-4.145004e-008	0.0296875
-4.142504e-008	0.0257568
-4.140004e-008	0.0214111
-4.137504e-008	0.0194336
-4.135004e-008	0.029126
-4.132504e-008	0.0475342
-4.130004e-008	0.029126
-4.127504e-008	0.0119629
-4.125004e-008	0.0146729
-4.122504e-008	0.0218262
-4.120004e-008	0.0298584
-4.117504e-008	0.0268311
-4.115004e-008	0.0163574
-4.112504e-008	0.00739747
-4.110004e-008	0.0139404
-4.107504e-008	0.0276123
-4.105004e-008	0.0254395
-4.102504e-008	0.0173096
-4.100004e-008	0.0196777
-4.097504e-008	0.0239502
-4.095004e-008	0.0236328
-4.092504e-008	0.0237549
-4.090004e-008	0.0217529
-4.087504e-008	0.0259522
-4.085004e-008	0.0277344
-4.082504e-008	0.0174561
-4.080004e-008	0.0226563
-4.077504e-008	0.0280762
-4.075004e-008	0.0196045
-4.072504e-008	0.0215332
-4.070004e-008	0.020044
-4.067504e-008	0.0150391
-4.065004e-008	0.0150147
-4.062504e-008	0.0127686
-4.060004e-008	0.0133789
-4.057504e-008	0.0122315
-4.055004e-008	0.0152344
-4.052504e-008	0.0195313
-4.050004e-008	0.0219482
-4.047504e-008	0.0260986
-4.045004e-008	0.0167481
-4.042504e-008	0.0115967
-4.040004e-008	0.0183106
-4.037504e-008	0.0232666
-4.035004e-008	0.0258301
-4.032504e-008	0.0208252
-4.030004e-008	0.0182617
-4.027504e-008	0.00981446
-4.025004e-008	0.00839845
-4.022504e-008	0.0330078
-4.020004e-008	0.0304199
-4.017504e-008	0.0109375
-4.015004e-008	0.0173584
-4.012504e-008	0.0161621
-4.010004e-008	0.00876466
-4.007504e-008	0.0101807
-4.005004e-008	0.00817872
-4.002504e-008	0.0188721
-4.000004e-008	0.0305908
-3.997504e-008	0.0266602
-3.995004e-008	0.0271973
-3.992504e-008	0.0234619
-3.990004e-008	0.00786134
-3.987504e-008	0.00402833
-3.985004e-008	0.00495606
-3.982504e-008	0.00603028
-3.980004e-008	0.0201416
-3.977504e-008	0.0253418
-3.975004e-008	0.020459
-3.972504e-008	0.0202393
-3.970004e-008	0.0237549
-3.967504e-008	0.0284912
-3.965004e-008	0.0138184
-3.962504e-008	0.00932618
-3.960004e-008	0.0250733
-3.957504e-008	0.0130127
-3.955004e-008	0.00546876
-3.952504e-008	0.0242188
-3.950004e-008	0.0233399
-3.947504e-008	0.00578614
-3.945004e-008	0.00998536
-3.942504e-008	0.0277588
-3.940004e-008	0.030127
-3.937504e-008	0.0259766
-3.935004e-008	0.0211426
-3.932504e-008	0.0190674
-3.930004e-008	0.0270752
-3.927504e-008	0.0293945
-3.925004e-008	0.0281494
-3.922504e-008	0.0279785
-3.920004e-008	0.0181885
-3.917504e-008	0.0144287
-3.915004e-008	0.0211426
-3.912504e-008	0.0185059
-3.910004e-008	0.0188477
-3.907504e-008	0.0234619
-3.905004e-008	0.0204102
-3.902504e-008	0.0243897
-3.900004e-008	0.0317871
-3.897504e-008	0.0334717
-3.895004e-008	0.026001
-3.892504e-008	0.0159912
-3.890004e-008	0.0195801
-3.887504e-008	0.0217285
-3.885004e-008	0.0219238
-3.882504e-008	0.0328369
-3.880004e-008	0.044165
-3.877504e-008	0.039624
-3.875004e-008	0.0245361
-3.872504e-008	0.0206055
-3.870004e-008	0.014209
-3.867504e-008	0.0104981
-3.865004e-008	0.0190918
-3.862504e-008	0.0272217
-3.860004e-008	0.0384277
-3.857504e-008	0.0265381
-3.855004e-008	0.0198731
-3.852504e-008	0.037085
-3.850004e-008	0.0325195
-3.847504e-008	0.0330811
-3.845004e-008	0.0300049
-3.842504e-008	0.0198242
-3.840004e-008	0.0303467
-3.837504e-008	0.0177734
-3.835004e-008	0.00791016
-3.832504e-008	0.0236328
-3.830004e-008	0.0254883
-3.827504e-008	0.0260986
-3.825004e-008	0.0202149
-3.822504e-008	0.00820313
-3.820004e-008	0.0214844
-3.817504e-008	0.0326172
-3.815004e-008	0.0211182
-3.812504e-008	0.0210449
-3.810004e-008	0.0349609
-3.807504e-008	0.0370117
-3.805004e-008	0.0235352
-3.802504e-008	0.0225586
-3.800004e-008	0.034375
-3.797504e-008	0.0264649
-3.795004e-008	0.0214111
-3.792504e-008	0.0236572
-3.790004e-008	0.0172607
-3.787504e-008	0.0199463
-3.785004e-008	0.0176514
-3.782504e-008	0.0180908
-3.780004e-008	0.0266846
-3.777504e-008	0.0209717
-3.775004e-008	0.0198731
-3.772504e-008	0.0182129
-3.770004e-008	0.0137207
-3.767504e-008	0.0277588
-3.765004e-008	0.0306397
-3.762504e-008	0.0252197
-3.760004e-008	0.0283447
-3.757504e-008	0.0167969
-3.755004e-008	0.0150879
-3.752504e-008	0.0244385
-3.750004e-008	0.0211914
-3.747504e-008	0.020166
-3.745004e-008	0.0208252
-3.742504e-008	0.0296143
-3.740004e-008	0.0270264
-3.737504e-008	0.0123779
-3.735004e-008	0.0269043
-3.732504e-008	0.0359619
-3.730004e-008	0.0197022
-3.727504e-008	0.0104736
-3.725004e-008	0.0159912
-3.722504e-008	0.0341553
-3.720004e-008	0.0373291
-3.717504e-008	0.012915
-3.715004e-008	0.00725098
-3.712504e-008	0.0203857
-3.710004e-008	0.0175293
-3.707504e-008	0.025
-3.705004e-008	0.0310059
-3.702504e-008	0.0140137
-3.700004e-008	0.0206787
-3.697504e-008	0.0364258
-3.695004e-008	0.0308106
-3.692504e-008	0.0311524
-3.690004e-008	0.0267578
-3.687504e-008	0.0110596
-3.685004e-008	0.0112061
-3.682504e-008	0.0245117
-3.680004e-008	0.035669
-3.677504e-008	0.024292
-3.675004e-008	0.00986329
-3.672504e-008	0.0150879
-3.670004e-008	0.0167481
-3.667504e-008	0.0251465
-3.665004e-008	0.0240234
-3.662504e-008	0.0133301
-3.660004e-008	0.0215088
-3.657504e-008	0.0168945
-3.655004e-008	0.0215088
-3.652504e-008	0.0326172
-3.650004e-008	0.0166016
-3.647504e-008	0.0207764
-3.645004e-008	0.0384277
-3.642504e-008	0.0310303
-3.640004e-008	0.0143555
-3.637504e-008	0.00942384
-3.635004e-008	0.0179932
-3.632504e-008	0.0298096
-3.630004e-008	0.0315674
-3.627504e-008	0.0185791
-3.625004e-008	0.0127686
-3.622504e-008	0.0244873
-3.620004e-008	0.0300537
-3.617504e-008	0.0203613
-3.615004e-008	0.0139893
-3.612504e-008	0.0228516
-3.610004e-008	0.0314453
-3.607504e-008	0.0240967
-3.605004e-008	0.0228272
-3.602504e-008	0.035083
-3.600004e-008	0.0336182
-3.597504e-008	0.0255127
-3.595004e-008	0.018457
-3.592504e-008	0.00705567
-3.590004e-008	0.00112305
-3.587504e-008	0.00356446
-3.585004e-008	0.0176025
-3.582504e-008	0.0317871
-3.580004e-008	0.0322754
-3.577504e-008	0.0275147
-3.575004e-008	0.0316162
-3.572504e-008	0.0334473
-3.570004e-008	0.0134766
-3.567504e-008	0.0043213
-3.565004e-008	0.0153076
-3.562504e-008	0.0205811
-3.560004e-008	0.0223145
-3.557504e-008	0.0160889
-3.555004e-008	0.0207031
-3.552504e-008	0.0302246
-3.550004e-008	0.0165283
-3.547504e-008	0.0183838
-3.545004e-008	0.0266358
-3.542504e-008	0.0210205
-3.540004e-008	0.0194092
-3.537504e-008	0.0112061
-3.535004e-008	0.0190918
-3.532504e-008	0.0272949
-3.530004e-008	0.0163086
-3.527504e-008	0.0229248
-3.525004e-008	0.0243897
-3.522504e-008	0.016919
-3.520004e-008	0.0198242
-3.517504e-008	0.0122315
-3.515004e-008	0.0118164
-3.512504e-008	0.0312744
-3.510004e-008	0.0269775
-3.507504e-008	0.00717774
-3.505004e-008	0.00991212
-3.502504e-008	0.0211914
-3.500004e-008	0.0317139
-3.497504e-008	0.0263184
-3.495004e-008	0.020874
-3.492504e-008	0.0365479
-3.490004e-008	0.0295166
-3.487504e-008	0.0143555
-3.485004e-008	0.00593262
-3.482504e-008	0.00141602
-3.480004e-008	0.0234375
-3.477504e-008	0.0276123
-3.475004e-008	0.0144531
-3.472504e-008	0.0212402
-3.470004e-008	0.0235352
-3.467504e-008	0.0197022
-3.465004e-008	0.0199463
-3.462504e-008	0.0196777
-3.460004e-008	0.019458
-3.457504e-008	0.00891114
-3.455004e-008	0.00405274
-3.452504e-008	0.024585
-3.450004e-008	0.0254395
-3.447504e-008	0.0108154
-3.445004e-008	0.0210693
-3.442504e-008	0.0300049
-3.440004e-008	0.0285645
-3.437504e-008	0.0160889
-3.435004e-008	0.0101318
-3.432504e-008	0.0184082
-3.430004e-008	0.0145996
-3.427504e-008	0.0277588
-3.425004e-008	0.0423828
-3.422504e-008	0.027417
-3.420004e-008	0.0174805
-3.417504e-008	0.0244385
-3.415004e-008	0.0253662
-3.412504e-008	0.0125488
-3.410004e-008	0.0142578
-3.407504e-008	0.0215576
-3.405004e-008	0.017749
-3.402504e-008	0.0298584
-3.400004e-008	0.0394287
-3.397504e-008	0.0225342
-3.395004e-008	0.0155518
-3.392504e-008	0.0200195
-3.390004e-008	0.0163574
-3.387504e-008	0.020752
-3.385004e-008	0.019751
-3.382504e-008	0.0180908
-3.380004e-008	0.0240723
-3.377504e-008	0.0167725
-3.375004e-008	0.0201172
-3.372504e-008	0.0253906
-3.370004e-008	0.0190186
-3.367504e-008	0.0181397
-3.365004e-008	0.00930177
-3.362504e-008	0.0138672
-3.360004e-008	0.0259033
-3.357504e-008	0.0123047
-3.355004e-008	0.0144531
-3.352504e-008	0.0289551
-3.350004e-008	0.0254395
-3.347504e-008	0.0352051
-3.345004e-008	0.0416992
-3.342504e-008	0.0243897
-3.340004e-008	0.0157471
-3.337504e-008	0.0155762
-3.335004e-008	0.0181641
-3.332504e-008	0.0225586
-3.330004e-008	0.0184326
-3.327504e-008	0.0145508
-3.325004e-008	0.0141846
-3.322504e-008	0.0270264
-3.320004e-008	0.0442383
-3.317504e-008	0.0305664
-3.315004e-008	0.0204834
-3.312504e-008	0.0359863
-3.310004e-008	0.0313477
-3.307504e-008	0.01604
-3.305004e-008	0.0166016
-3.302504e-008	0.0204834
-3.300004e-008	0.0141602
-3.297504e-008	0.00581055
-3.295004e-008	0.0137695
-3.292504e-008	0.0257568
-3.290004e-008	0.0242432
-3.287504e-008	0.0177246
-3.285004e-008	0.0231445
-3.282504e-008	0.0367432
-3.280004e-008	0.0349365
-3.277504e-008	0.0236328
-3.275004e-008	0.0199219
-3.272504e-008	0.01604
-3.270004e-008	0.0165283
-3.267504e-008	0.0296387
-3.265004e-008	0.0362305
-3.262504e-008	0.0308838
-3.260004e-008	0.0262695
-3.257504e-008	0.0219238
-3.255004e-008	0.0160645
-3.252504e-008	0.0149902
-3.250004e-008	0.0210449
-3.247504e-008	0.0215088
-3.245004e-008	0.0167481
-3.242504e-008	0.0212402
-3.240004e-008	0.0161865
-3.237504e-008	0.0076172
-3.235004e-008	0.0220703
-3.232504e-008	0.0339356
-3.230004e-008	0.0326172
-3.227504e-008	0.0260498
-3.225004e-008	0.0198486
-3.222504e-008	0.0219482
-3.220004e-008	0.0181152
-3.217504e-008	0.0188232
-3.215004e-008	0.0265625
-3.212504e-008	0.0257813
-3.210004e-008	0.023169
-3.207504e-008	0.017749
-3.205004e-008	0.014917
-3.202504e-008	0.0208984
-3.200004e-008	0.0269043
-3.197504e-008	0.0227295
-3.195004e-008	0.0189209
-3.192504e-008	0.0219238
-3.190004e-008	0.0172119
-3.187504e-008	0.0228272
-3.185004e-008	0.0293213
-3.182504e-008	0.0250244
-3.180004e-008	0.0312744
-3.177504e-008	0.0237793
-3.175004e-008	0.0162598
-3.172504e-008	0.0202149
-3.170004e-008	0.0105713
-3.167504e-008	0.0160645
-3.165004e-008	0.0317627
-3.162504e-008	0.0321533
-3.160004e-008	0.0251465
-3.157504e-008	0.0172852
-3.155004e-008	0.0171631
-3.152504e-008	0.0207275
-3.150004e-008	0.0222412
-3.147504e-008	0.0260498
-3.145004e-008	0.0263916
-3.142504e-008	0.0212402
-3.140004e-008	0.024292
-3.137504e-008	0.0251953
-3.135004e-008	0.0172852
-3.132504e-008	0.0141846
-3.130004e-008	0.00830079
-3.127504e-008	0.0090088
-3.125004e-008	0.0172852
-3.122504e-008	0.0223145
-3.120004e-008	0.0253174
-3.117504e-008	0.0131104
-3.115004e-008	0.0118897
-3.112504e-008	0.0245361
-3.110004e-008	0.0199951
-3.107504e-008	0.0242432
-3.105004e-008	0.0300537
-3.102504e-008	0.0257324
-3.100004e-008	0.0280274
-3.097504e-008	0.0187744
-3.095004e-008	0.01604
-3.092504e-008	0.0189941
-3.090004e-008	0.0171143
-3.087504e-008	0.032959
-3.085004e-008	0.0340332
-3.082504e-008	0.0327637
-3.080004e-008	0.0366699
-3.077504e-008	0.0143066
-3.075004e-008	0.0179199
-3.072504e-008	0.0320068
-3.070004e-008	0.0141357
-3.067504e-008	0.00776368
-3.065004e-008	0.0154053
-3.062504e-008	0.0249512
-3.060004e-008	0.0226074
-3.057504e-008	0.00722657
-3.055004e-008	0.0130615
-3.052504e-008	0.011792
-3.050004e-008	0.00573731
-3.047504e-008	0.019165
-3.045004e-008	0.0142578
-3.042504e-008	0.0251465
-3.040004e-008	0.0448731
-3.037504e-008	0.0209961
-3.035004e-008	0.0120117
-3.032504e-008	0.0211182
-3.030004e-008	0.0165527
-3.027504e-008	0.018335
-3.025004e-008	0.0210449
-3.022504e-008	0.0251221
-3.020004e-008	0.028418
-3.017504e-008	0.0192871
-3.015004e-008	0.0104981
-3.012504e-008	0.0186035
-3.010004e-008	0.0291504
-3.007504e-008	0.0246338
-3.005004e-008	0.0213867
-3.002504e-008	0.0226318
-3.000004e-008	0.0213135
-2.997504e-008	0.0168945
-2.995004e-008	0.0184326
-2.992504e-008	0.0307373
-2.990004e-008	0.0294922
-2.987504e-008	0.0237061
-2.985004e-008	0.027124
-2.982504e-008	0.0289551
-2.980004e-008	0.0322998
-2.977504e-008	0.027124
-2.975004e-008	0.0174316
-2.972504e-008	0.0215332
-2.970004e-008	0.0295899
-2.967504e-008	0.0311524
-2.965004e-008	0.0268799
-2.962504e-008	0.0224365
-2.960004e-008	0.0171631
-2.957504e-008	0.0052002
-2.955004e-008	0.0090088
-2.952504e-008	0.026709
-2.950004e-008	0.0242188
-2.947504e-008	0.0188232
-2.945004e-008	0.023291
-2.942504e-008	0.0269287
-2.940004e-008	0.021875
-2.937504e-008	0.0108154
-2.935004e-008	0.0206787
-2.932504e-008	0.0293457
-2.930004e-008	0.0251221
-2.927504e-008	0.0244629
-2.925004e-008	0.0202149
-2.922504e-008	0.0246094
-2.920004e-008	0.0250733
-2.917504e-008	0.0211182
-2.915004e-008	0.023291
-2.912504e-008	0.0193604
-2.910004e-008	0.0240234
-2.907504e-008	0.0276123
-2.905004e-008	0.0251953
-2.902504e-008	0.0282959
-2.900004e-008	0.020044
-2.897504e-008	0.00974122
-2.895004e-008	0.0134766
-2.892504e-008	0.0210449
-2.890004e-008	0.0222168
-2.887504e-008	0.0217285
-2.885004e-008	0.0242676
-2.882504e-008	0.0255127
-2.880004e-008	0.0350586
-2.877504e-008	0.0337891
-2.875004e-008	0.0136963
-2.872504e-008	0.0143066
-2.870004e-008	0.01521
-2.867504e-008	0.00788575
-2.865004e-008	0.0214111
-2.862504e-008	0.0250244
-2.860004e-008	0.0129395
-2.857504e-008	0.0125488
-2.855004e-008	0.018457
-2.852504e-008	0.0197998
-2.850004e-008	0.0187744
-2.847504e-008	0.0167481
-2.845004e-008	0.0237305
-2.842504e-008	0.0435303
-2.840004e-008	0.0294678
-2.837504e-008	-0.0010498
-2.835004e-008	0.0104981
-2.832504e-008	0.0259277
-2.830004e-008	0.0172852
-2.827504e-008	0.00285645
-2.825004e-008	0.00268555
-2.822504e-008	0.0164063
-2.820004e-008	0.0197754
-2.817504e-008	0.0206543
-2.815004e-008	0.0200928
-2.812504e-008	0.0174561
-2.810004e-008	0.0220215
-2.807504e-008	0.013794
-2.805004e-008	0.00612794
-2.802504e-008	0.0250733
-2.800004e-008	0.0327637
-2.797504e-008	0.0175781
-2.795004e-008	0.0195313
-2.792504e-008	0.0217774
-2.790004e-008	0.0135254
-2.787504e-008	0.0147461
-2.785004e-008	0.00996095
-2.782504e-008	0.0161133
-2.780004e-008	0.0333496
-2.777504e-008	0.0316895
-2.775004e-008	0.0255615
-2.772504e-008	0.0185059
-2.770004e-008	0.0193359
-2.767504e-008	0.0287598
-2.765004e-008	0.0234375
-2.762504e-008	0.0257324
-2.760004e-008	0.0307861
-2.757504e-008	0.00795899
-2.755004e-008	-0.00058593
-2.752504e-008	0.0196045
-2.750004e-008	0.0245361
-2.747504e-008	0.0278809
-2.745004e-008	0.0217285
-2.742504e-008	-0.00773925
-2.740004e-008	0.00270997
-2.737504e-008	0.0315674
-2.735004e-008	0.0310547
-2.732504e-008	0.0338135
-2.730004e-008	0.0313477
-2.727504e-008	0.0175537
-2.725004e-008	0.0171631
-2.722504e-008	0.0206055
-2.720004e-008	0.0181641
-2.717504e-008	0.0137451
-2.715004e-008	0.0163086
-2.712504e-008	0.0224365
-2.710004e-008	0.0221436
-2.707504e-008	0.0223145
-2.705004e-008	0.0240967
-2.702504e-008	0.0232178
-2.700004e-008	0.020044
-2.697504e-008	0.0183594
-2.695004e-008	0.0195313
-2.692504e-008	0.0218994
-2.690004e-008	0.0201172
-2.687504e-008	0.0132324
-2.685004e-008	0.0149902
-2.682504e-008	0.0191162
-2.680004e-008	0.0222168
-2.677504e-008	0.0218262
-2.675004e-008	0.0131348
-2.672504e-008	0.0230469
-2.670004e-008	0.0280274
-2.667504e-008	0.0203125
-2.665004e-008	0.0264893
-2.662504e-008	0.0269775
-2.660004e-008	0.0343506
-2.657504e-008	0.0294434
-2.655004e-008	0.00786134
-2.652504e-008	0.0220459
-2.650004e-008	0.0306885
-2.647504e-008	0.0164795
-2.645004e-008	0.0200195
-2.642504e-008	0.026416
-2.640004e-008	0.0222412
-2.637504e-008	0.0180664
-2.635004e-008	0.0170166
-2.632504e-008	0.0189209
-2.630004e-008	0.0289551
-2.627504e-008	0.0338135
-2.625004e-008	0.0266846
-2.622504e-008	0.0294922
-2.620004e-008	0.0299561
-2.617504e-008	0.0172363
-2.615004e-008	0.0160156
-2.612504e-008	0.0212647
-2.610004e-008	0.0158691
-2.607504e-008	0.0176514
-2.605004e-008	0.0302002
-2.602504e-008	0.0290039
-2.600004e-008	0.0204346
-2.597504e-008	0.0184815
-2.595004e-008	0.0266113
-2.592504e-008	0.03125
-2.590004e-008	0.0145508
-2.587504e-008	0.0138916
-2.585004e-008	0.0238525
-2.582504e-008	0.00825196
-2.580004e-008	0.00915528
-2.577504e-008	0.0191406
-2.575004e-008	0.00964356
-2.572504e-008	0.0175049
-2.570004e-008	0.029419
-2.567504e-008	0.0315186
-2.565004e-008	0.0342774
-2.562504e-008	0.0200195
-2.560004e-008	0.0210449
-2.557504e-008	0.035083
-2.555004e-008	0.0251221
-2.552504e-008	0.0211182
-2.550004e-008	0.0190674
-2.547504e-008	0.0119873
-2.545004e-008	0.0185303
-2.542504e-008	0.0297852
-2.540004e-008	0.0393311
-2.537504e-008	0.0223389
-2.535004e-008	0.00148927
-2.532504e-008	0.0178467
-2.530004e-008	0.0275147
-2.527504e-008	0.0135986
-2.525004e-008	0.0107666
-2.522504e-008	0.0250733
-2.520004e-008	0.0266113
-2.517504e-008	0.00954591
-2.515004e-008	0.00969239
-2.512504e-008	0.0146484
-2.510004e-008	0.0156006
-2.507504e-008	0.0204102
-2.505004e-008	0.0133057
-2.502504e-008	0.0268311
-2.500004e-008	0.0397461
-2.497504e-008	0.0144531
-2.495004e-008	0.0121582
-2.492504e-008	0.0280029
-2.490004e-008	0.0228516
-2.487504e-008	0.0257568
-2.485004e-008	0.0282471
-2.482504e-008	0.0223145
-2.480004e-008	0.0362549
-2.477504e-008	0.0394287
-2.475004e-008	0.0171387
-2.472504e-008	0.0126709
-2.470004e-008	0.0286377
-2.467504e-008	0.0265137
-2.465004e-008	0.00886231
-2.462504e-008	0.0134277
-2.460004e-008	0.0154785
-2.457504e-008	0.00898438
-2.455004e-008	0.0219238
-2.452504e-008	0.02229
-2.450004e-008	0.00856934
-2.447504e-008	0.00749512
-2.445004e-008	0.0162109
-2.442504e-008	0.0192871
-2.440004e-008	0.0247315
-2.437504e-008	0.0335693
-2.435004e-008	0.0218506
-2.432504e-008	0.0194824
-2.430004e-008	0.0257568
-2.427504e-008	0.0204102
-2.425004e-008	0.0300049
-2.422504e-008	0.0353272
-2.420004e-008	0.0228516
-2.417504e-008	0.0135986
-2.415004e-008	0.0209229
-2.412504e-008	0.0362793
-2.410004e-008	0.0311524
-2.407504e-008	0.0210449
-2.405004e-008	0.0181641
-2.402504e-008	0.0100342
-2.400004e-008	0.0138916
-2.397504e-008	0.0261231
-2.395004e-008	0.0210449
-2.392504e-008	0.00722657
-2.390004e-008	0.0124024
-2.387504e-008	0.0233887
-2.385004e-008	0.0232178
-2.382504e-008	0.0295899
-2.380004e-008	0.0196533
-2.377504e-008	0.00532227
-2.375004e-008	0.023291
-2.372504e-008	0.0282227
-2.370004e-008	0.0161133
-2.367504e-008	0.0199707
-2.365004e-008	0.0336182
-2.362504e-008	0.0354248
-2.360004e-008	0.0205811
-2.357504e-008	0.0185059
-2.355004e-008	0.0164307
-2.352504e-008	0.00942384
-2.350004e-008	0.0140137
-2.347504e-008	0.0125977
-2.345004e-008	0.0179443
-2.342504e-008	0.0241455
-2.340004e-008	0.0212647
-2.337504e-008	0.0284912
-2.335004e-008	0.0311768
-2.332504e-008	0.0278809
-2.330004e-008	0.0254883
-2.327504e-008	0.0216797
-2.325004e-008	0.0167236
-2.322504e-008	0.019043
-2.320004e-008	0.0305908
-2.317504e-008	0.0212647
-2.315004e-008	0.0183594
-2.312504e-008	0.0234131
-2.310004e-008	0.00270997
-2.307504e-008	0.010083
-2.305004e-008	0.0256104
-2.302504e-008	0.0225586
-2.300004e-008	0.0366943
-2.297504e-008	0.0314209
-2.295004e-008	0.0189453
-2.292504e-008	0.0242676
-2.290004e-008	0.0192139
-2.287504e-008	0.0156982
-2.285004e-008	0.020166
-2.282504e-008	0.0284668
-2.280004e-008	0.0333496
-2.277504e-008	0.0244873
-2.275004e-008	0.0177979
-2.272504e-008	0.0202393
-2.270004e-008	0.0220459
-2.267504e-008	0.0214356
-2.265004e-008	0.0245361
-2.262504e-008	0.0298828
-2.260004e-008	0.0301514
-2.257504e-008	0.027124
-2.255004e-008	0.0264893
-2.252504e-008	0.0224121
-2.250004e-008	0.018042
-2.247504e-008	0.0270996
-2.245004e-008	0.0366455
-2.242504e-008	0.0326416
-2.240004e-008	0.0189941
-2.237504e-008	0.00925294
-2.235004e-008	0.013916
-2.232504e-008	0.0203125
-2.230004e-008	0.021875
-2.227504e-008	0.0252441
-2.225004e-008	0.024707
-2.222504e-008	0.0254883
-2.220004e-008	0.0322754
-2.217504e-008	0.0195801
-2.215004e-008	0.00927735
-2.212504e-008	0.0220215
-2.210004e-008	0.0195068
-2.207504e-008	0.0143066
-2.205004e-008	0.0178223
-2.202504e-008	0.0232422
-2.200004e-008	0.0295654
-2.197504e-008	0.0185303
-2.195004e-008	0.0178467
-2.192504e-008	0.0216309
-2.190004e-008	0.0122559
-2.187504e-008	0.0132568
-2.185004e-008	0.0137695
-2.182504e-008	0.0165772
-2.180004e-008	0.0162842
-2.177504e-008	0.008667
-2.175004e-008	0.0230957
-2.172504e-008	0.0377686
-2.170004e-008	0.0217529
-2.167504e-008	-0.000195305
-2.165004e-008	0.00383302
-2.162504e-008	0.0215576
-2.160004e-008	0.0261475
-2.157504e-008	0.0216797
-2.155004e-008	0.0180908
-2.152504e-008	0.0198242
-2.150004e-008	0.0249756
-2.147504e-008	0.0219971
-2.145004e-008	0.0166748
-2.142504e-008	0.0249024
-2.140004e-008	0.03396
-2.137504e-008	0.0215576
-2.135004e-008	0.00932618
-2.132504e-008	0.0186524
-2.130004e-008	0.0269287
-2.127504e-008	0.0281494
-2.125004e-008	0.0254395
-2.122504e-008	0.0164551
-2.120004e-008	0.0196045
-2.117504e-008	0.0219482
-2.115004e-008	0.014209
-2.112504e-008	0.0239014
-2.110004e-008	0.0282959
-2.107504e-008	0.0130615
-2.105004e-008	0.00729981
-2.102504e-008	0.0166748
-2.100004e-008	0.0237793
-2.097504e-008	0.0130127
-2.095004e-008	0.0142578
-2.092504e-008	0.0272461
-2.090004e-008	0.0192871
-2.087504e-008	0.00974122
-2.085004e-008	0.0168945
-2.082504e-008	0.0296875
-2.080004e-008	0.0167725
-2.077504e-008	-0.00114745
-2.075004e-008	0.0134033
-2.072504e-008	0.0306885
-2.070004e-008	0.0327637
-2.067504e-008	0.0212402
-2.065004e-008	0.0143555
-2.062504e-008	0.029541
-2.060004e-008	0.0359619
-2.057504e-008	0.0215576
-2.055004e-008	0.018457
-2.052504e-008	0.0259522
-2.050004e-008	0.0223389
-2.047504e-008	0.0214356
-2.045004e-008	0.0195801
-2.042504e-008	0.01875
-2.040004e-008	0.023291
-2.037504e-008	0.016333
-2.035004e-008	0.0220215
-2.032504e-008	0.0342774
-2.030004e-008	0.0253174
-2.027504e-008	0.0138184
-2.025004e-008	0.0133545
-2.022504e-008	0.0247559
-2.020004e-008	0.0340576
-2.017504e-008	0.019165
-2.015004e-008	0.00891114
-2.012504e-008	0.0268066
-2.010004e-008	0.0309815
-2.007504e-008	0.0261475
-2.005004e-008	0.0259033
-2.002504e-008	0.0153565
-2.000004e-008	0.0177734
-1.997504e-008	0.0226563
-1.995004e-008	0.0223633
-1.992504e-008	0.0231445
-1.990004e-008	0.0234131
-1.987504e-008	0.0279785
-1.985004e-008	0.0185791
-1.982504e-008	0.0229492
-1.980004e-008	0.0316895
-1.977504e-008	0.0140625
-1.975004e-008	0.0163818
-1.972504e-008	0.0158691
-1.970004e-008	0.00656739
-1.967504e-008	0.0280274
-1.965004e-008	0.028418
-1.962504e-008	0.0186035
-1.960004e-008	0.0290039
-1.957504e-008	0.0161133
-1.955004e-008	0.0161377
-1.952504e-008	0.0388916
-1.950004e-008	0.0330566
-1.947504e-008	0.0272705
-1.945004e-008	0.0391602
-1.942504e-008	0.0382813
-1.940004e-008	0.022583
-1.937504e-008	0.0182129
-1.935004e-008	0.025293
-1.932504e-008	0.0241455
-1.930004e-008	0.0211426
-1.927504e-008	0.0193359
-1.925004e-008	0.0172607
-1.922504e-008	0.0281006
-1.920004e-008	0.0337402
-1.917504e-008	0.0169922
-1.915004e-008	0.0226074
-1.912504e-008	0.0390381
-1.910004e-008	0.026416
-1.907504e-008	0.027832
-1.905004e-008	0.0323242
-1.902504e-008	0.0226563
-1.900004e-008	0.0294434
-1.897504e-008	0.0205811
-1.895004e-008	0.0106201
-1.892504e-008	0.0248535
-1.890004e-008	0.0193604
-1.887504e-008	0.0130127
-1.885004e-008	0.0219482
-1.882504e-008	0.0175049
-1.880004e-008	0.0167969
-1.877504e-008	0.0145508
-1.875004e-008	0.00715333
-1.872504e-008	0.0265869
-1.870004e-008	0.0398926
-1.867504e-008	0.0185059
-1.865004e-008	0.00107423
-1.862504e-008	0.0121338
-1.860004e-008	0.031958
-1.857504e-008	0.0285156
-1.855004e-008	0.0184326
-1.852504e-008	0.0212647
-1.850004e-008	0.017334
-1.847504e-008	0.0164063
-1.845004e-008	0.020752
-1.842504e-008	0.0158203
-1.840004e-008	0.023169
-1.837504e-008	0.0335205
-1.835004e-008	0.0247803
-1.832504e-008	0.0241455
-1.830004e-008	0.024707
-1.827504e-008	0.0190918
-1.825004e-008	0.0291016
-1.822504e-008	0.0295899
-1.820004e-008	0.0268066
-1.817504e-008	0.0296387
-1.815004e-008	0.0223145
-1.812504e-008	0.0249756
-1.810004e-008	0.0201416
-1.807504e-008	0.0169922
-1.805004e-008	0.0230469
-1.802504e-008	0.0164551
-1.800004e-008	0.025293
-1.797504e-008	0.0119629
-1.795004e-008	-0.00527343
-1.792504e-008	0.0239746
-1.790004e-008	0.0278809
-1.787504e-008	0.0230957
-1.785004e-008	0.0285645
-1.782504e-008	0.0161377
-1.780004e-008	0.0203125
-1.777504e-008	0.023584
-1.775004e-008	0.0184815
-1.772504e-008	0.0181885
-1.770004e-008	0.0188965
-1.767504e-008	0.0273193
-1.765004e-008	0.0208984
-1.762504e-008	0.0158447
-1.760004e-008	0.0205566
-1.757504e-008	0.0123779
-1.755004e-008	0.0150391
-1.752504e-008	0.02854
-1.750004e-008	0.0259522
-1.747504e-008	0.013916
-1.745004e-008	0.0155762
-1.742504e-008	0.0204102
-1.740004e-008	0.0133057
-1.737504e-008	0.0174561
-1.735004e-008	0.0251953
-1.732504e-008	0.018335
-1.730004e-008	0.017627
-1.727504e-008	0.0200928
-1.725004e-008	0.0130615
-1.722504e-008	0.0196777
-1.720004e-008	0.0300781
-1.717504e-008	0.0220215
-1.715004e-008	0.0225342
-1.712504e-008	0.0285889
-1.710004e-008	0.0265625
-1.707504e-008	0.0274902
-1.705004e-008	0.0218506
-1.702504e-008	0.0261475
-1.700004e-008	0.0406738
-1.697504e-008	0.0329834
-1.695004e-008	0.0238525
-1.692504e-008	0.0210449
-1.690004e-008	0.0175781
-1.687504e-008	0.0288574
-1.685004e-008	0.0261475
-1.682504e-008	0.0140625
-1.680004e-008	0.0177734
-1.677504e-008	0.0192627
-1.675004e-008	0.0335205
-1.672504e-008	0.0316895
-1.670004e-008	0.00803223
-1.667504e-008	0.020874
-1.665004e-008	0.0307617
-1.662504e-008	0.0221436
-1.660004e-008	0.0156494
-1.657504e-008	0.00795899
-1.655004e-008	0.0262207
-1.652504e-008	0.0365723
-1.650004e-008	0.0237305
-1.647504e-008	0.0207275
-1.645004e-008	0.0209717
-1.642504e-008	0.0266846
-1.640004e-008	0.0186035
-1.637504e-008	0.00625001
-1.635004e-008	0.0255371
-1.632504e-008	0.033667
-1.630004e-008	0.0220215
-1.627504e-008	0.0251953
-1.625004e-008	0.0266113
-1.622504e-008	0.0248291
-1.620004e-008	0.0269531
-1.617504e-008	0.0248047
-1.615004e-008	0.0299316
-1.612504e-008	0.0317871
-1.610004e-008	0.0273438
-1.607504e-008	0.0338379
-1.605004e-008	0.0368408
-1.602504e-008	0.0276367
-1.600004e-008	0.0128418
-1.597504e-008	0.0120606
-1.595004e-008	0.0220947
-1.592504e-008	0.0121582
-1.590004e-008	0.00722657
-1.587504e-008	0.0230469
-1.585004e-008	0.0258789
-1.582504e-008	0.0248291
-1.580004e-008	0.0366455
-1.577504e-008	0.0311035
-1.575004e-008	0.0185791
-1.572504e-008	0.0213379
-1.570004e-008	0.0219971
-1.567504e-008	0.0283447
-1.565004e-008	0.0216797
-1.562504e-008	0.0116699
-1.560004e-008	0.0253906
-1.557504e-008	0.0179932
-1.555004e-008	0.0142334
-1.552504e-008	0.0251709
-1.550004e-008	0.0195068
-1.547504e-008	0.0247803
-1.545004e-008	0.0256592
-1.542504e-008	0.020166
-1.540004e-008	0.0236572
-1.537504e-008	0.0200195
-1.535004e-008	0.0155518
-1.532504e-008	0.0118408
-1.530004e-008	0.014917
-1.527504e-008	0.0225342
-1.525004e-008	0.0189697
-1.522504e-008	0.0184082
-1.520004e-008	0.0190918
-1.517504e-008	0.0108643
-1.515004e-008	0.0169922
-1.512504e-008	0.0262451
-1.510004e-008	0.0230225
-1.507504e-008	0.0236572
-1.505004e-008	0.0157959
-1.502504e-008	0.0158447
-1.500004e-008	0.0240234
-1.497504e-008	0.00117188
-1.495004e-008	-0.00571288
-1.492504e-008	0.0194092
-1.490004e-008	0.0258057
-1.487504e-008	0.0264404
-1.485004e-008	0.0248047
-1.482504e-008	0.0180664
-1.480004e-008	0.0158203
-1.477504e-008	0.0105713
-1.475004e-008	0.021167
-1.472504e-008	0.0268066
-1.470004e-008	0.019751
-1.467504e-008	0.0283203
-1.465004e-008	0.0202637
-1.462504e-008	0.0179443
-1.460004e-008	0.034082
-1.457504e-008	0.0219727
-1.455004e-008	0.0184815
-1.452504e-008	0.0258057
-1.450004e-008	0.0157471
-1.447504e-008	0.0199219
-1.445004e-008	0.0243408
-1.442504e-008	0.0209473
-1.440004e-008	0.0233643
-1.437504e-008	0.0153076
-1.435004e-008	0.0148193
-1.432504e-008	0.024292
-1.430004e-008	0.0212402
-1.427504e-008	0.00981446
-1.425004e-008	0.00429688
-1.422504e-008	0.0269043
-1.420004e-008	0.0384033
-1.417504e-008	0.0183594
-1.415004e-008	0.0273682
-1.412504e-008	0.0403809
-1.410004e-008	0.0283936
-1.407504e-008	0.0239014
-1.405004e-008	0.0176025
-1.402504e-008	0.0211426
-1.400004e-008	0.0299805
-1.397504e-008	0.0126953
-1.395004e-008	0.0039795
-1.392504e-008	0.0174072
-1.390004e-008	0.025708
-1.387504e-008	0.0266846
-1.385004e-008	0.0299561
-1.382504e-008	0.0398438
-1.380004e-008	0.0396484
-1.377504e-008	0.0244629
-1.375004e-008	0.0177246
-1.372504e-008	0.0178223
-1.370004e-008	0.00703126
-1.367504e-008	0.00646973
-1.365004e-008	0.0268311
-1.362504e-008	0.0335938
-1.360004e-008	0.025415
-1.357504e-008	0.0184815
-1.355004e-008	0.0227295
-1.352504e-008	0.0290527
-1.350004e-008	0.0229248
-1.347504e-008	0.0295654
-1.345004e-008	0.0257813
-1.342504e-008	0.014917
-1.340004e-008	0.0309815
-1.337504e-008	0.025708
-1.335004e-008	0.0129639
-1.332504e-008	0.0169434
-1.330004e-008	0.0164307
-1.327504e-008	0.0216309
-1.325004e-008	0.00886231
-1.322504e-008	0.000537117
-1.320004e-008	0.0253174
-1.317504e-008	0.0314941
-1.315004e-008	0.0150635
-1.312504e-008	0.00771485
-1.310004e-008	0.0186768
-1.307504e-008	0.0258789
-1.305004e-008	0.0191895
-1.302504e-008	0.0245117
-1.300004e-008	0.0222412
-1.297504e-008	0.00737305
-1.295004e-008	0.00678712
-1.292504e-008	0.014917
-1.290004e-008	0.0304932
-1.287504e-008	0.0360596
-1.285004e-008	0.019751
-1.282504e-008	0.0187256
-1.280004e-008	0.0325928
-1.277504e-008	0.0264893
-1.275004e-008	0.0162109
-1.272504e-008	0.0266846
-1.270004e-008	0.0290772
-1.267504e-008	0.00805665
-1.265004e-008	0.0144287
-1.262504e-008	0.0389404
-1.260004e-008	0.0262207
-1.257504e-008	0.015918
-1.255004e-008	0.0216553
-1.252504e-008	0.0153076
-1.250004e-008	0.0169434
-1.247504e-008	0.0189453
-1.245004e-008	0.0160156
-1.242504e-008	0.024585
-1.240004e-008	0.0292969
-1.237504e-008	0.0205078
-1.235004e-008	0.0162842
-1.232504e-008	0.0223389
-1.230004e-008	0.0234863
-1.227504e-008	0.0188232
-1.225004e-008	0.0177002
-1.222504e-008	0.0179443
-1.220004e-008	0.0135986
-1.217504e-008	0.0125732
-1.215004e-008	0.0188477
-1.212504e-008	0.0224609
-1.210004e-008	0.0205566
-1.207504e-008	0.0190674
-1.205004e-008	0.0147461
-1.202504e-008	0.0120361
-1.200004e-008	0.021875
-1.197504e-008	0.0214844
-1.195004e-008	0.0141602
-1.192504e-008	0.0188965
-1.190004e-008	0.0189697
-1.187504e-008	0.0192627
-1.185004e-008	0.0168457
-1.182504e-008	0.0130859
-1.180004e-008	0.0149658
-1.177504e-008	0.0105713
-1.175004e-008	0.0186768
-1.172504e-008	0.0278076
-1.170004e-008	0.0158447
-1.167504e-008	0.0114746
-1.165004e-008	0.0230713
-1.162504e-008	0.0270996
-1.160004e-008	0.0136475
-1.157504e-008	0.00639649
-1.155004e-008	0.0160889
-1.152504e-008	0.0194092
-1.150004e-008	0.0152832
-1.147504e-008	0.0178223
-1.145004e-008	0.0230469
-1.142504e-008	0.0271484
-1.140004e-008	0.0146729
-1.137504e-008	-0.00500488
-1.135004e-008	0.0177002
-1.132504e-008	0.0324463
-1.130004e-008	0.00930177
-1.127504e-008	0.0186768
-1.125004e-008	0.0267822
-1.122504e-008	0.0231445
-1.120004e-008	0.0335938
-1.117504e-008	0.0198486
-1.115004e-008	0.0148438
-1.112504e-008	0.020044
-1.110004e-008	0.0147705
-1.107504e-008	0.0265137
-1.105004e-008	0.0289795
-1.102504e-008	0.0203613
-1.100004e-008	0.0259033
-1.097504e-008	0.0294434
-1.095004e-008	0.0259033
-1.092504e-008	0.0229736
-1.090004e-008	0.0143555
-1.087504e-008	0.0157959
-1.085004e-008	0.0273438
-1.082504e-008	0.0239014
-1.080004e-008	0.0209961
-1.077504e-008	0.0179688
-1.075004e-008	0.0169678
-1.072504e-008	0.0243164
-1.070004e-008	0.0192871
-1.067504e-008	0.0196777
-1.065004e-008	0.0229981
-1.062504e-008	0.0248535
-1.060004e-008	0.0296875
-1.057504e-008	0.0178711
-1.055004e-008	0.0181641
-1.052504e-008	0.0216065
-1.050004e-008	0.00627442
-1.047504e-008	0.0157227
-1.045004e-008	0.0329834
-1.042504e-008	0.0316895
-1.040004e-008	0.0292969
-1.037504e-008	0.0195068
-1.035004e-008	0.0130615
-1.032504e-008	0.0196045
-1.030004e-008	0.0299561
-1.027504e-008	0.0378662
-1.025004e-008	0.02771
-1.022504e-008	0.0226807
-1.020004e-008	0.0311768
-1.017504e-008	0.0204346
-1.015004e-008	0.0187988
-1.012504e-008	0.0366455
-1.010004e-008	0.0297852
-1.007504e-008	0.0142822
-1.005004e-008	0.017334
-1.002504e-008	0.0279541
-1.000004e-008	0.0363525
-9.975037e-009	0.0252197
-9.950037e-009	0.0121826
-9.925037e-009	0.0177246
-9.900037e-009	0.0203369
-9.875037e-009	0.0272949
-9.850037e-009	0.0326172
-9.825037e-009	0.0316895
-9.800037e-009	0.04104
-9.775037e-009	0.0283936
-9.750037e-009	0.00888673
-9.725037e-009	0.0201904
-9.700037e-009	0.0339844
-9.675037e-009	0.035083
-9.650037e-009	0.0272949
-9.625037e-009	0.0227539
-9.600037e-009	0.0238281
-9.575037e-009	0.0207031
-9.550037e-009	0.025708
-9.525037e-009	0.0235107
-9.500037e-009	0.0159912
-9.475037e-009	0.0269531
-9.450037e-009	0.0276856
-9.425037e-009	0.0275391
-9.400037e-009	0.0333496
-9.375037e-009	0.0199463
-9.350037e-009	0.019458
-9.325037e-009	0.0241455
-9.300037e-009	0.0192383
-9.275037e-009	0.0214356
-9.250037e-009	0.0152832
-9.225037e-009	0.0244385
-9.200037e-009	0.0386475
-9.175037e-009	0.0262451
-9.150037e-009	0.0237061
-9.125037e-009	0.0242188
-9.100037e-009	0.0156738
-9.075037e-009	0.0161865
-9.050037e-009	0.0152588
-9.025037e-009	0.0226563
-9.000037e-009	0.0321045
-8.975037e-009	0.0198242
-8.950037e-009	0.0180908
-8.925037e-009	0.0273438
-8.900037e-009	0.0270752
-8.875037e-009	0.0293457
-8.850037e-009	0.0119629
-8.825037e-009	0.00280762
-8.800037e-009	0.0332031
-8.775037e-009	0.0345459
-8.750037e-009	0.0132568
-8.725037e-009	0.0183838
-8.700037e-009	0.0209229
-8.675037e-009	0.0268799
-8.650037e-009	0.0361084
-8.625037e-009	0.0195313
-8.600037e-009	0.0188232
-8.575037e-009	0.0307861
-8.550037e-009	0.0200195
-8.525037e-009	0.0166992
-8.500037e-009	0.0177734
-8.475037e-009	0.0141846
-8.450037e-009	0.0194336
-8.425037e-009	0.0262451
-8.400037e-009	0.0333496
-8.375037e-009	0.0226563
-8.350037e-009	0.0065918
-8.325037e-009	0.0221191
-8.300037e-009	0.0272705
-8.275037e-009	0.0174072
-8.250037e-009	0.0303955
-8.225037e-009	0.0335693
-8.200037e-009	0.0243897
-8.175037e-009	0.023999
-8.150037e-009	0.0268799
-8.125037e-009	0.0290283
-8.100037e-009	0.0189697
-8.075037e-009	0.010791
-8.050037e-009	0.0143066
-8.025037e-009	0.0202149
-8.000037e-009	0.0230957
-7.975037e-009	0.0166016
-7.950037e-009	0.0176025
-7.925037e-009	0.0232422
-7.900037e-009	0.0197266
-7.875037e-009	0.0182373
-7.850037e-009	0.0149902
-7.825037e-009	0.0165039
-7.800037e-009	0.0167725
-7.775037e-009	0.00581055
-7.750037e-009	0.0168701
-7.725037e-009	0.0308594
-7.700037e-009	0.0194336
-7.675037e-009	0.0209473
-7.650037e-009	0.02854
-7.625037e-009	0.021167
-7.600037e-009	0.0287598
-7.575037e-009	0.0383301
-7.550037e-009	0.0257324
-7.525037e-009	0.021875
-7.500037e-009	0.0268555
-7.475037e-009	0.0292725
-7.450037e-009	0.0303955
-7.425037e-009	0.0242432
-7.400037e-009	0.0352295
-7.375037e-009	0.0364014
-7.350037e-009	0.0141113
-7.325037e-009	0.0194824
-7.300037e-009	0.0216065
-7.275037e-009	0.00144044
-7.250037e-009	0.00253907
-7.225037e-009	0.0226318
-7.200037e-009	0.0334717
-7.175037e-009	0.0263428
-7.150037e-009	0.0153565
-7.125037e-009	0.0151367
-7.100037e-009	0.0222656
-7.075037e-009	0.0219727
-7.050037e-009	0.0175781
-7.025037e-009	0.0169678
-7.000037e-009	0.0204102
-6.975037e-009	0.0207275
-6.950037e-009	0.00998536
-6.925037e-009	0.0152832
-6.900037e-009	0.0218262
-6.875037e-009	0.00805665
-6.850037e-009	0.0184815
-6.825037e-009	0.0323731
-6.800037e-009	0.0187988
-6.775037e-009	0.0147705
-6.750037e-009	0.0260254
-6.725037e-009	0.0321533
-6.700037e-009	0.0289063
-6.675037e-009	0.0296631
-6.650037e-009	0.0326416
-6.625037e-009	0.0299072
-6.600037e-009	0.0283203
-6.575037e-009	0.0196045
-6.550037e-009	0.0132324
-6.525037e-009	0.0219238
-6.500037e-009	0.0286377
-6.475037e-009	0.0331543
-6.450037e-009	0.0391358
-6.425037e-009	0.0376465
-6.400037e-009	0.0283447
-6.375037e-009	0.0128418
-6.350037e-009	0.00639649
-6.325037e-009	0.0181397
-6.300037e-009	0.0236328
-6.275037e-009	0.0166016
-6.250037e-009	0.0105957
-6.225037e-009	0.0172852
-6.200037e-009	0.0287598
-6.175037e-009	0.0213623
-6.150037e-009	0.0151856
-6.125037e-009	0.0226563
-6.100037e-009	0.023291
-6.075037e-009	0.0148193
-6.050037e-009	0.0138672
-6.025037e-009	0.0300781
-6.000037e-009	0.0315918
-5.975037e-009	0.0160645
-5.950037e-009	0.0191162
-5.925037e-009	0.0279541
-5.900037e-009	0.0203125
-5.875037e-009	0.011377
-5.850037e-009	0.0185059
-5.825037e-009	0.0308106
-5.800037e-009	0.0292725
-5.775037e-009	0.0163086
-5.750037e-009	0.0193115
-5.725037e-009	0.0358887
-5.700037e-009	0.0310303
-5.675037e-009	0.0211426
-5.650037e-009	0.0246826
-5.625037e-009	0.0282959
-5.600037e-009	0.0314453
-5.575037e-009	0.0241455
-5.550037e-009	0.0176758
-5.525037e-009	0.0272217
-5.500037e-009	0.027832
-5.475037e-009	0.023999
-5.450037e-009	0.0267578
-5.425037e-009	0.0257324
-5.400037e-009	0.0213867
-5.375037e-009	0.0145508
-5.350037e-009	0.0188477
-5.325037e-009	0.0262451
-5.300037e-009	0.0299072
-5.275037e-009	0.0325195
-5.250037e-009	0.0072754
-5.225037e-009	-0.00385741
-5.200037e-009	0.0172363
-5.175037e-009	0.011792
-5.150037e-009	0.00874024
-5.125037e-009	0.0263916
-5.100037e-009	0.0283203
-5.075037e-009	0.0260742
-5.050037e-009	0.0242432
-5.025037e-009	0.0314453
-5.000037e-009	0.0381104
-4.975037e-009	0.00754395
-4.950037e-009	0.00290528
-4.925037e-009	0.0366943
-4.900037e-009	0.0230469
-4.875037e-009	0.0114502
-4.850037e-009	0.0284668
-4.825037e-009	0.0166016
-4.800037e-009	0.0203369
-4.775037e-009	0.0348389
-4.750037e-009	0.0193848
-4.725037e-009	0.0170654
-4.700037e-009	0.0267822
-4.675037e-009	0.0274658
-4.650037e-009	0.0237061
-4.625037e-009	0.0180908
-4.600037e-009	0.0183106
-4.575037e-009	0.00751954
-4.550037e-009	0.000927742
-4.525037e-009	0.0200928
-4.500037e-009	0.0233887
-4.475037e-009	0.0222656
-4.450037e-009	0.0425049
-4.425037e-009	0.0342529
-4.400037e-009	0.0116943
-4.375037e-009	0.01875
-4.350037e-009	0.0213623
-4.325037e-009	0.0181397
-4.300037e-009	0.0270264
-4.275037e-009	0.0264649
-4.250037e-009	0.023169
-4.225037e-009	0.0310303
-4.200037e-009	0.0304688
-4.175037e-009	0.0177734
-4.150037e-009	0.0155274
-4.125037e-009	0.0111084
-4.100037e-009	0.00100098
-4.075037e-009	0.0102783
-4.050037e-009	0.0105957
-4.025037e-009	0.00949708
-4.000037e-009	0.0251221
-3.975037e-009	0.012793
-3.950037e-009	0.0107178
-3.925037e-009	0.0370361
-3.900037e-009	0.0315918
-3.875037e-009	0.0110107
-3.850037e-009	0.00603028
-3.825037e-009	0.0216309
-3.800037e-009	0.0389649
-3.775037e-009	0.0297363
-3.750037e-009	0.0237549
-3.725037e-009	0.0261231
-3.700037e-009	0.0253906
-3.675037e-009	0.0279541
-3.650037e-009	0.0204102
-3.625037e-009	0.0236328
-3.600037e-009	0.0225098
-3.575037e-009	0.0027588
-3.550037e-009	0.0140137
-3.525037e-009	0.0250977
-3.500037e-009	0.0199463
-3.475037e-009	0.0244629
-3.450037e-009	0.0179688
-3.425037e-009	0.0237061
-3.400037e-009	0.0326416
-3.375037e-009	0.0137695
-3.350037e-009	0.0103516
-3.325037e-009	0.0250977
-3.300037e-009	0.028833
-3.275037e-009	0.0245361
-3.250037e-009	0.0137451
-3.225037e-009	0.0163574
-3.200037e-009	0.031958
-3.175037e-009	0.0276123
-3.150037e-009	0.0177979
-3.125037e-009	0.0197754
-3.100037e-009	0.0230469
-3.075037e-009	0.0302734
-3.050037e-009	0.0330078
-3.025037e-009	0.0276611
-3.000037e-009	0.0244873
-2.975037e-009	0.0195557
-2.950037e-009	0.0222412
-2.925037e-009	0.0240234
-2.900037e-009	0.0148438
-2.875037e-009	0.025
-2.850037e-009	0.0299316
-2.825037e-009	0.022876
-2.800037e-009	0.0319824
-2.775037e-009	0.0229736
-2.750037e-009	0.0187012
-2.725037e-009	0.0325195
-2.700037e-009	0.0266846
-2.675037e-009	0.0274414
-2.650037e-009	0.02854
-2.625037e-009	0.0199951
-2.600037e-009	0.0207764
-2.575037e-009	0.0164307
-2.550037e-009	0.0186279
-2.525037e-009	0.0234619
-2.500037e-009	0.0121094
-2.475037e-009	0.0161621
-2.450037e-009	0.0272949
-2.425037e-009	0.0265869
-2.400037e-009	0.0283203
-2.375037e-009	0.0185547
-2.350037e-009	0.0152344
-2.325037e-009	0.0237549
-2.300037e-009	0.0187256
-2.275037e-009	0.0206299
-2.250037e-009	0.018457
-2.225037e-009	0.0181152
-2.200037e-009	0.0301025
-2.175037e-009	0.013208
-2.150037e-009	0.00463868
-2.125037e-009	0.0302734
-2.100037e-009	0.0398926
-2.075037e-009	0.0223633
-2.050037e-009	0.0146973
-2.025037e-009	0.0254883
-2.000037e-009	0.020752
-1.975037e-009	0.0192627
-1.950037e-009	0.0218506
-1.925037e-009	0.0125488
-1.900037e-009	0.0200195
-1.875037e-009	0.0214111
-1.850037e-009	0.0162598
-1.825037e-009	0.0155518
-1.800037e-009	0.0107422
-1.775037e-009	0.0192383
-1.750037e-009	0.0233887
-1.725037e-009	0.0249512
-1.700037e-009	0.0249024
-1.675037e-009	0.0269287
-1.650037e-009	0.0379883
-1.625037e-009	0.0287598
-1.600037e-009	0.0305664
-1.575037e-009	0.0358887
-1.550037e-009	0.0231934
-1.525037e-009	0.0269775
-1.500037e-009	0.0197754
-1.475037e-009	0.00817872
-1.450037e-009	0.0142334
-1.425037e-009	0.0185059
-1.400037e-009	0.0292236
-1.375037e-009	0.0301758
-1.350037e-009	0.016919
-1.325037e-009	0.0148926
-1.300037e-009	0.0206299
-1.275037e-009	0.0258545
-1.250037e-009	0.0266113
-1.225037e-009	0.0335205
-1.200037e-009	0.0388184
-1.175037e-009	0.0219482
-1.150037e-009	0.0158936
-1.125037e-009	0.0265869
-1.100037e-009	0.027002
-1.075037e-009	0.0216309
-1.050037e-009	0.0158447
-1.025037e-009	0.0238525
-1.000037e-009	0.0227051
-9.750372e-010	-0.00144042
-9.500372e-010	0.00563966
-9.250372e-010	0.0271973
-9.000372e-010	0.0266113
-8.750372e-010	0.0255615
-8.500372e-010	0.0342774
-8.250372e-010	0.0461914
-8.000372e-010	0.0337158
-7.750372e-010	0.0166504
-7.500372e-010	0.0217041
-7.250372e-010	0.0161865
-7.000372e-010	0.0166016
-6.750372e-010	0.0245117
-6.500372e-010	0.0158203
-6.250372e-010	0.0148682
-6.000372e-010	0.014502
-5.750372e-010	0.0108154
-5.500372e-010	0.0165527
-5.250372e-010	0.0221924
-5.000372e-010	0.0242676
-4.750372e-010	0.0196289
-4.500372e-010	0.0170166
-4.250372e-010	0.0185303
-4.000372e-010	0.0179932
-3.750372e-010	0.019458
-3.500372e-010	0.0183838
-3.250372e-010	0.0208008
-3.000372e-010	0.024707
-2.750372e-010	0.0199219
-2.500372e-010	0.0152832
-2.250372e-010	0.0110107
-2.000372e-010	0.00437012
-1.750372e-010	0.00549317
-1.500372e-010	0.0164795
-1.250372e-010	0.0203125
-1.000372e-010	0.00705567
-7.50372e-011	-0.0128418
-5.00372e-011	-0.0204101
-2.50372e-011	-0.0158935
-3.720238e-014	-0.0249756
2.49628e-011	-0.0376709
4.99628e-011	-0.0359375
7.49628e-011	-0.039917
9.99628e-011	-0.0596435
1.249628e-010	-0.0828613
1.499628e-010	-0.0818359
1.749628e-010	-0.0740723
1.999628e-010	-0.0800781
2.249628e-010	-0.0706787
2.499628e-010	-0.0866211
2.749628e-010	-0.10686
2.999628e-010	-0.0770264
3.249628e-010	-0.0721924
3.499628e-010	-0.0727783
3.749628e-010	-0.0504883
3.999628e-010	-0.0674316
4.249628e-010	-0.0758301
4.499628e-010	-0.0521728
4.749628e-010	-0.050293
4.999628e-010	-0.0452881
5.249628e-010	-0.0265625
5.499628e-010	-0.0266357
5.749628e-010	-0.00891113
5.999628e-010	0.0166016
6.249628e-010	-0.00402831
6.499628e-010	-0.00871581
6.749628e-010	0.0184326
6.999628e-010	0.0191895
7.249628e-010	0.0200684
7.499628e-010	0.0250488
7.749628e-010	0.0174805
7.999628e-010	0.0162109
8.249628e-010	0.0133301
8.499628e-010	0.0189453
8.749628e-010	0.0216309
8.999628e-010	0.0134522
9.249628e-010	0.0299072
9.499628e-010	0.0375733
9.749628e-010	0.0345459
9.999628e-010	0.0406983
1.024963e-009	0.0299072
1.049963e-009	0.0255859
1.074963e-009	0.0241943
1.099963e-009	0.0206055
1.124963e-009	0.0288086
1.149963e-009	0.027417
1.174963e-009	0.0282715
1.199963e-009	0.0357178
1.224963e-009	0.0435303
1.249963e-009	0.0407715
1.274963e-009	0.02146
1.299963e-009	0.0250488
1.324963e-009	0.0406494
1.349963e-009	0.0349609
1.374963e-009	0.0308594
1.399963e-009	0.0334961
1.424963e-009	0.0183594
1.449963e-009	0.0206299
1.474963e-009	0.0368652
1.499963e-009	0.0150635
1.524963e-009	0.0113525
1.549963e-009	0.0290283
1.574963e-009	0.025708
1.599963e-009	0.0223633
1.624963e-009	0.00424805
1.649963e-009	-0.00310058
1.674963e-009	0.0159668
1.699963e-009	0.0253906
1.724963e-009	0.0188477
1.749963e-009	0.0081543
1.774963e-009	0.0151123
1.799963e-009	0.0217529
1.824963e-009	0.0229492
1.849963e-009	0.0234131
1.874963e-009	0.0130615
1.899963e-009	0.0163086
1.924963e-009	0.020166
1.949963e-009	0.0162598
1.974963e-009	0.0273438
1.999963e-009	0.0349121
2.024963e-009	0.0205322
2.049963e-009	0.013208
2.074963e-009	0.0301758
2.099963e-009	0.032251
2.124963e-009	0.0216065
2.149963e-009	0.0217041
2.174963e-009	0.0234131
2.199963e-009	0.0335449
2.224963e-009	0.0325928
2.249963e-009	0.0206299
2.274963e-009	0.0276611
2.299963e-009	0.0337402
2.324963e-009	0.0243164
2.349963e-009	0.00891114
2.374963e-009	0.0112793
2.399963e-009	0.0250733
2.424963e-009	0.0215576
2.449963e-009	0.0237793
2.474963e-009	0.0172119
2.499963e-009	0.0102539
2.524963e-009	0.0274902
2.549963e-009	0.018457
2.574963e-009	0.0210693
2.599963e-009	0.0347656
2.624963e-009	0.0117432
2.649963e-009	0.0118897
2.674963e-009	0.0200928
2.699963e-009	0.0192383
2.724963e-009	0.0298096
2.749963e-009	0.0165527
2.774963e-009	0.0131592
2.799963e-009	0.0281983
2.824963e-009	0.017749
2.849963e-009	0.0166504
2.874963e-009	0.026294
2.899963e-009	0.0178955
2.924963e-009	0.0162109
2.949963e-009	0.0186524
2.974963e-009	0.0215088
2.999963e-009	0.0252441
3.024963e-009	0.010791
3.049963e-009	0.0127686
3.074963e-009	0.0294434
3.099963e-009	0.0211914
3.124963e-009	0.0154297
3.149963e-009	0.0196045
3.174963e-009	0.0210205
3.199963e-009	0.0192871
3.224963e-009	0.0171143
3.249963e-009	0.0270264
3.274963e-009	0.0205078
3.299963e-009	0.011499
3.324963e-009	0.0339356
3.349963e-009	0.0351807
3.374963e-009	0.0236816
3.399963e-009	0.0357178
3.424963e-009	0.0280029
3.449963e-009	0.020874
3.474963e-009	0.0291504
3.499963e-009	0.0124756
3.524963e-009	0.0193359
3.549963e-009	0.0422608
3.574963e-009	0.0308106
3.599963e-009	0.032251
3.624963e-009	0.0309815
3.649963e-009	0.0166016
3.674963e-009	0.025708
3.699963e-009	0.0218018
3.724963e-009	0.00974122
3.749963e-009	0.0114258
3.774963e-009	0.0119629
3.799963e-009	0.00969239
3.824963e-009	0.00153809
3.849963e-009	0.0060547
3.874963e-009	0.0226563
3.899963e-009	0.0262451
3.924963e-009	0.0217774
3.949963e-009	0.0147217
3.974963e-009	0.0155762
3.999963e-009	0.0278809
4.024963e-009	0.0280518
4.049963e-009	0.0202149
4.074963e-009	0.0182617
4.099963e-009	0.0128418
4.124963e-009	0.0153809
4.149963e-009	0.023999
4.174963e-009	0.0191406
4.199963e-009	0.0197754
4.224963e-009	0.0249756
4.249963e-009	0.0197998
4.274963e-009	0.017627
4.299963e-009	0.0174561
4.324963e-009	0.0239746
4.349963e-009	0.0330566
4.374963e-009	0.0270996
4.399963e-009	0.0290527
4.424963e-009	0.0373535
4.449963e-009	0.0238281
4.474963e-009	0.0150147
4.499963e-009	0.0213623
4.524963e-009	0.0173096
4.549963e-009	0.0182617
4.574963e-009	0.0228516
4.599963e-009	0.0193115
4.624963e-009	0.0265625
4.649963e-009	0.0277588
4.674963e-009	0.0209961
4.699963e-009	0.023169
4.724963e-009	0.0212158
4.749963e-009	0.0208496
4.774963e-009	0.0270996
4.799963e-009	0.0237305
4.824963e-009	0.0152344
4.849963e-009	0.0186768
4.874963e-009	0.0195557
4.899963e-009	0.0167725
4.924963e-009	0.0206787
4.949963e-009	0.00620118
4.974963e-009	0.00266114
4.999963e-009	0.0230225
5.024963e-009	0.0172852
5.049963e-009	0.0157227
5.074963e-009	0.0275879
5.099963e-009	0.0166992
5.124963e-009	0.0144043
5.149963e-009	0.0112793
5.174963e-009	-0.00524902
5.199963e-009	0.00168458
5.224963e-009	0.0083252
5.249963e-009	0.00805665
5.274963e-009	0.0197266
5.299963e-009	0.022168
5.324963e-009	0.0205566
5.349963e-009	0.0209229
5.374963e-009	0.0260986
5.399963e-009	0.0287842
5.424963e-009	0.00517579
5.449963e-009	0.00803223
5.474963e-009	0.0283936
5.499963e-009	0.0114258
5.524963e-009	0.0129395
5.549963e-009	0.0227295
5.574963e-009	0.0218262
5.599963e-009	0.0370117
5.624963e-009	0.0254639
5.649963e-009	0.00903321
5.674963e-009	0.0250488
5.699963e-009	0.0322266
5.724963e-009	0.012207
5.749963e-009	0.00915528
5.774963e-009	0.0390869
5.799963e-009	0.0415772
5.824963e-009	0.0206055
5.849963e-009	0.0240967
5.874963e-009	0.0276123
5.899963e-009	0.0165527
5.924963e-009	0.0196777
5.949963e-009	0.0270508
5.974963e-009	0.0222412
5.999963e-009	0.0314697
6.024963e-009	0.0363525
6.049963e-009	0.0223389
6.074963e-009	0.020459
6.099963e-009	0.0186524
6.124963e-009	0.0143066
6.149963e-009	0.0212647
6.174963e-009	0.022583
6.199963e-009	0.0167481
6.224963e-009	0.0166748
6.249963e-009	0.0191162
6.274963e-009	0.0187744
6.299963e-009	0.0155518
6.324963e-009	0.00983887
6.349963e-009	0.0106201
6.374963e-009	0.0189697
6.399963e-009	0.0208984
6.424963e-009	0.00878907
6.449963e-009	0.00485841
6.474963e-009	0.0197754
6.499963e-009	0.0342774
6.524963e-009	0.0363037
6.549963e-009	0.0187744
6.574963e-009	0.0161621
6.599963e-009	0.0296875
6.624963e-009	0.0245606
6.649963e-009	0.027417
6.674963e-009	0.0345703
6.699963e-009	0.0279541
6.724963e-009	0.0110352
6.749963e-009	0.00283204
6.774963e-009	0.0214111
6.799963e-009	0.020752
6.824963e-009	0.0116699
6.849963e-009	0.0289551
6.874963e-009	0.0337402
6.899963e-009	0.0236572
6.924963e-009	0.0236816
6.949963e-009	0.0208496
6.974963e-009	0.0116943
6.999963e-009	0.0161133
7.024963e-009	0.0214356
7.049963e-009	0.0135986
7.074963e-009	0.0139404
7.099963e-009	0.0235107
7.124963e-009	0.0219971
7.149963e-009	0.00576173
7.174963e-009	0.00490723
7.199963e-009	0.0255615
7.224963e-009	0.0253174
7.249963e-009	0.0198486
7.274963e-009	0.0264893
7.299963e-009	0.0149658
7.324963e-009	0.0133789
7.349963e-009	0.0251709
7.374963e-009	0.0278809
7.399963e-009	0.0310547
7.424963e-009	0.0118897
7.449963e-009	-0.00480956
7.474963e-009	0.00568848
7.499963e-009	0.0157715
7.524963e-009	0.0281494
7.549963e-009	0.0270508
7.574963e-009	0.0206299
7.599963e-009	0.0287109
7.624963e-009	0.0207764
7.649963e-009	0.0154297
7.674963e-009	0.0288574
7.699963e-009	0.0261475
7.724963e-009	0.0161865
7.749963e-009	0.0166992
7.774963e-009	0.0202637
7.799963e-009	0.0263916
7.824963e-009	0.0260498
7.849963e-009	0.0193848
7.874963e-009	0.0167969
7.899963e-009	0.0175293
7.924963e-009	0.019043
7.949963e-009	0.0128174
7.974963e-009	0.0179199
7.999963e-009	0.0367188
8.024963e-009	0.0241943
8.049963e-009	0.0131348
8.074963e-009	0.0289795
8.099963e-009	0.0266602
8.124963e-009	0.0131836
8.149963e-009	0.00754395
8.174963e-009	0.0208008
8.199963e-009	0.0356445
8.224963e-009	0.0206787
8.249963e-009	0.0170166
8.274963e-009	0.02771
8.299963e-009	0.0150391
8.324963e-009	0.0137451
8.349963e-009	0.0292481
8.374963e-009	0.0200928
8.399963e-009	0.0136231
8.424963e-009	0.0213867
8.449963e-009	0.0182861
8.474963e-009	0.0258057
8.499963e-009	0.0253174
8.524963e-009	0.00739747
8.549963e-009	0.0131348
8.574963e-009	0.0288574
8.599963e-009	0.0259033
8.624963e-009	0.011499
8.649963e-009	0.0144775
8.674963e-009	0.0232178
8.699963e-009	0.0207275
8.724963e-009	0.0319092
8.749963e-009	0.0321777
8.774963e-009	0.0197754
8.799963e-009	0.0229981
8.824963e-009	0.0188477
8.849963e-009	0.0147461
8.874963e-009	0.0189453
8.899963e-009	0.013501
8.924963e-009	0.0101074
8.949963e-009	0.0186524
8.974963e-009	0.0327393
8.999963e-009	0.0317139
9.024963e-009	0.0132568
9.049963e-009	0.0208496
9.074963e-009	0.0398193
9.099963e-009	0.0285645
9.124963e-009	0.0184815
9.149963e-009	0.00969239
9.174963e-009	0.00505372
9.199963e-009	0.0253418
9.224963e-009	0.023291
9.249963e-009	0.0174805
9.274963e-009	0.0379883
9.299963e-009	0.0289551
9.324963e-009	0.00288087
9.349963e-009	0.0167725
9.374963e-009	0.0348877
9.399963e-009	0.0208252
9.424963e-009	0.0177734
9.449963e-009	0.0179199
9.474963e-009	0.0076172
9.499963e-009	0.0178711
9.524963e-009	0.0195068
9.549963e-009	0.00690919
9.574963e-009	0.00996095
9.599963e-009	0.0250488
9.624963e-009	0.0320313
9.649963e-009	0.0205811
9.674963e-009	0.0222656
9.699963e-009	0.0289795
9.724963e-009	0.00424805
9.749963e-009	-0.00585937
9.774963e-009	0.020874
9.799963e-009	0.0264893
9.824963e-009	0.015918
9.849963e-009	0.0226318
9.874963e-009	0.0197266
9.899963e-009	0.0158447
9.924963e-009	0.0252441
9.949963e-009	0.0217774
9.974963e-009	0.0205811
9.999963e-009	0.0247803
1.002496e-008	0.0174805
1.004996e-008	0.0194092
1.007496e-008	0.027832
1.009996e-008	0.0286621
1.012496e-008	0.0246582
1.014996e-008	0.0144043
1.017496e-008	0.0144043
1.019996e-008	0.0219971
1.022496e-008	0.0235107
1.024996e-008	0.025
1.027496e-008	0.0190674
1.029996e-008	0.0153809
1.032496e-008	0.0179688
1.034996e-008	0.0156006
1.037496e-008	0.0293701
1.039996e-008	0.0404053
1.042496e-008	0.0212891
1.044996e-008	0.0185791
1.047496e-008	0.0288086
1.049996e-008	0.0212891
1.052496e-008	0.0277344
1.054996e-008	0.0320801
1.057496e-008	0.0209473
1.059996e-008	0.0141602
1.062496e-008	0.00546876
1.064996e-008	0.0108643
1.067496e-008	0.0219971
1.069996e-008	0.0266113
1.072496e-008	0.0264404
1.074996e-008	0.0115479
1.077496e-008	0.017749
1.079996e-008	0.0354981
1.082496e-008	0.021582
1.084996e-008	0.0103027
1.087496e-008	0.00903321
1.089996e-008	0.00375977
1.092496e-008	0.0215576
1.094996e-008	0.0337891
1.097496e-008	0.0234131
1.099996e-008	0.019458
1.102496e-008	0.0133057
1.104996e-008	0.0144043
1.107496e-008	0.0219482
1.109996e-008	0.0192383
1.112496e-008	0.0140625
1.114996e-008	0.0143066
1.117496e-008	0.0275879
1.119996e-008	0.0250977
1.122496e-008	0.00705567
1.124996e-008	0.00932618
1.127496e-008	0.017749
1.129996e-008	0.0194824
1.132496e-008	0.0198242
1.134996e-008	0.0177246
1.137496e-008	0.0200928
1.139996e-008	0.0313233
1.142496e-008	0.0320801
1.144996e-008	0.0241943
1.147496e-008	0.0256104
1.149996e-008	0.0135498
1.152496e-008	-0.00214843
1.154996e-008	0.00668946
1.157496e-008	0.00913087
1.159996e-008	0.00959473
1.162496e-008	0.0271484
1.164996e-008	0.0230713
1.167496e-008	0.010669
1.169996e-008	0.0213135
1.172496e-008	0.0222168
1.174996e-008	0.00959473
1.177496e-008	0.0201904
1.179996e-008	0.0357666
1.182496e-008	0.0200928
1.184996e-008	0.0129639
1.187496e-008	0.0235596
1.189996e-008	0.0104248
1.192496e-008	0.00354005
1.194996e-008	0.0171631
1.197496e-008	0.0157471
1.199996e-008	0.0158936
1.202496e-008	0.0203125
1.204996e-008	0.0134522
1.207496e-008	0.0241211
1.209996e-008	0.0267578
1.212496e-008	0.019458
1.214996e-008	0.030835
1.217496e-008	0.0217774
1.219996e-008	0.0143066
1.222496e-008	0.0199219
1.224996e-008	0.0191406
1.227496e-008	0.0283203
1.229996e-008	0.0251465
1.232496e-008	0.0167236
1.234996e-008	0.0208252
1.237496e-008	0.0259277
1.239996e-008	0.0280029
1.242496e-008	0.0256348
1.244996e-008	0.0311035
1.247496e-008	0.0298828
1.249996e-008	0.0133057
1.252496e-008	0.0166992
1.254996e-008	0.0268311
1.257496e-008	0.0236084
1.259996e-008	0.0333008
1.262496e-008	0.0342774
1.264996e-008	0.0220459
1.267496e-008	0.0265381
1.269996e-008	0.0237549
1.272496e-008	0.0144043
1.274996e-008	0.0253662
1.277496e-008	0.0406738
1.279996e-008	0.0346924
1.282496e-008	0.0186279
1.284996e-008	0.0164551
1.287496e-008	0.024585
1.289996e-008	0.0253174
1.292496e-008	0.011792
1.294996e-008	0.00480958
1.297496e-008	0.00717774
1.299996e-008	0.00700684
1.302496e-008	0.00712891
1.304996e-008	0.0101563
1.307496e-008	0.0188965
1.309996e-008	0.0153565
1.312496e-008	0.00402833
1.314996e-008	0.00932618
1.317496e-008	0.0226807
1.319996e-008	0.0275391
1.322496e-008	0.023584
1.324996e-008	0.0225342
1.327496e-008	0.0189453
1.329996e-008	0.0174561
1.332496e-008	0.0246826
1.334996e-008	0.0196045
1.337496e-008	0.0178223
1.339996e-008	0.0344483
1.342496e-008	0.0374268
1.344996e-008	0.0247315
1.347496e-008	0.0257813
1.349996e-008	0.0283203
1.352496e-008	0.0187256
1.354996e-008	0.0172119
1.357496e-008	0.0235352
1.359996e-008	0.0400391
1.362496e-008	0.0425049
1.364996e-008	0.0183106
1.367496e-008	0.0241943
1.369996e-008	0.0315674
1.372496e-008	0.0170654
1.374996e-008	0.0251709
1.377496e-008	0.0315186
1.379996e-008	0.024707
1.382496e-008	0.0182373
1.384996e-008	0.0150391
1.387496e-008	0.016333
1.389996e-008	0.0180908
1.392496e-008	0.0254639
1.394996e-008	0.0282227
1.397496e-008	0.0275147
1.399996e-008	0.0169434
1.402496e-008	0.00407716
1.404996e-008	0.015625
1.407496e-008	0.0202149
1.409996e-008	0.0116699
1.412496e-008	0.0207031
1.414996e-008	0.0255371
1.417496e-008	0.0109131
1.419996e-008	0.00798341
1.422496e-008	0.0109131
1.424996e-008	0.00637208
1.427496e-008	0.0181152
1.429996e-008	0.0191406
1.432496e-008	0.00678712
1.434996e-008	0.0238037
1.437496e-008	0.0340576
1.439996e-008	0.0202881
1.442496e-008	0.0171631
1.444996e-008	0.0195557
1.447496e-008	0.0232422
1.449996e-008	0.0275879
1.452496e-008	0.00979005
1.454996e-008	-0.00166015
1.457496e-008	0.0187744
1.459996e-008	0.0230225
1.462496e-008	0.0210449
1.464996e-008	0.0332764
1.467496e-008	0.0243408
1.469996e-008	0.0155518
1.472496e-008	0.0272217
1.474996e-008	0.0300049
1.477496e-008	0.0188477
1.479996e-008	0.019043
1.482496e-008	0.0241943
1.484996e-008	0.0165039
1.487496e-008	0.0123047
1.489996e-008	0.0162598
1.492496e-008	0.0214844
1.494996e-008	0.0230469
1.497496e-008	0.0215576
1.499996e-008	0.0266846
1.502496e-008	0.0296387
1.504996e-008	0.0268555
1.507496e-008	0.0229981
1.509996e-008	0.017627
1.512496e-008	0.0214356
1.514996e-008	0.02854
1.517496e-008	0.028418
1.519996e-008	0.0204102
1.522496e-008	0.0067627
1.524996e-008	0.0126709
1.527496e-008	0.0216553
1.529996e-008	0.0084961
1.532496e-008	0.0132324
1.534996e-008	0.0266846
1.537496e-008	0.0268555
1.539996e-008	0.0326904
1.542496e-008	0.0243408
1.544996e-008	0.0186524
1.547496e-008	0.0326172
1.549996e-008	0.0316406
1.552496e-008	0.0218262
1.554996e-008	0.0131104
1.557496e-008	0.0213135
1.559996e-008	0.0279297
1.562496e-008	0.00646973
1.564996e-008	0.00842286
1.567496e-008	0.018335
1.569996e-008	0.0219238
1.572496e-008	0.0323486
1.574996e-008	0.0172852
1.577496e-008	0.0140137
1.579996e-008	0.0176758
1.582496e-008	0.00937501
1.584996e-008	0.0212647
1.587496e-008	0.0253418
1.589996e-008	0.0211182
1.592496e-008	0.0204102
1.594996e-008	0.0183838
1.597496e-008	0.0263672
1.599996e-008	0.0365967
1.602496e-008	0.0306152
1.604996e-008	0.0148682
1.607496e-008	0.022168
1.609996e-008	0.0267578
1.612496e-008	0.0143311
1.614996e-008	0.0202637
1.617496e-008	0.0307129
1.619996e-008	0.0277832
1.622496e-008	0.0178955
1.624996e-008	0.0192871
1.627496e-008	0.0233887
1.629996e-008	0.0163574
1.632496e-008	0.0199219
1.634996e-008	0.0224609
1.637496e-008	0.0273438
1.639996e-008	0.0352783
1.642496e-008	0.0196289
1.644996e-008	0.0125488
1.647496e-008	0.0182861
1.649996e-008	0.0157471
1.652496e-008	0.020044
1.654996e-008	0.0258301
1.657496e-008	0.0339111
1.659996e-008	0.0347168
1.662496e-008	0.0217529
1.664996e-008	0.0193604
1.667496e-008	0.0151611
1.669996e-008	0.0143066
1.672496e-008	0.0168213
1.674996e-008	0.00629884
1.677496e-008	0.0137695
1.679996e-008	0.0204102
1.682496e-008	0.0139649
1.684996e-008	0.0237549
1.687496e-008	0.0185303
1.689996e-008	0.00256348
1.692496e-008	0.0182129
1.694996e-008	0.0269043
1.697496e-008	0.0198731
1.699996e-008	0.0344238
1.702496e-008	0.0346436
1.704996e-008	0.0262207
1.707496e-008	0.0273682
1.709996e-008	0.0179932
1.712496e-008	0.0203857
1.714996e-008	0.0146729
1.717496e-008	0.013916
1.719996e-008	0.0366699
1.722496e-008	0.0280518
1.724996e-008	0.0173828
1.727496e-008	0.0239502
1.729996e-008	0.0169922
1.732496e-008	0.0178467
1.734996e-008	0.0304688
1.737496e-008	0.036499
1.739996e-008	0.0316895
1.742496e-008	0.0250733
1.744996e-008	0.025415
1.747496e-008	0.019165
1.749996e-008	0.0137695
1.752496e-008	0.02146
1.754996e-008	0.02229
1.757496e-008	0.0144043
1.759996e-008	0.0184326
1.762496e-008	0.0328369
1.764996e-008	0.0303467
1.767496e-008	0.0213379
1.769996e-008	0.0202393
1.772496e-008	0.0123779
1.774996e-008	0.0144287
1.777496e-008	0.0158936
1.779996e-008	0.0129395
1.782496e-008	0.0212402
1.784996e-008	0.023169
1.787496e-008	0.0196045
1.789996e-008	0.00881348
1.792496e-008	0.0186524
1.794996e-008	0.0435059
1.797496e-008	0.0367188
1.799996e-008	0.028418
1.802496e-008	0.0127441
1.804996e-008	0.00485841
1.807496e-008	0.0280029
1.809996e-008	0.0192383
1.812496e-008	0.010083
1.814996e-008	0.0253418
1.817496e-008	0.0294434
1.819996e-008	0.0347168
1.822496e-008	0.0187012
1.824996e-008	0.00529786
1.827496e-008	0.0244385
1.829996e-008	0.0247803
1.832496e-008	0.0225586
1.834996e-008	0.0359131
1.837496e-008	0.0368652
1.839996e-008	0.0290527
1.842496e-008	0.0144043
1.844996e-008	0.0131348
1.847496e-008	0.0222656
1.849996e-008	0.0144287
1.852496e-008	0.014624
1.854996e-008	0.0135742
1.857496e-008	0.0111084
1.859996e-008	0.0304199
1.862496e-008	0.027832
1.864996e-008	0.0177002
1.867496e-008	0.0242432
1.869996e-008	0.0223145
1.872496e-008	0.0240234
1.874996e-008	0.0183838
1.877496e-008	0.00729981
1.879996e-008	0.00424805
1.882496e-008	0.00463868
1.884996e-008	0.0161865
1.887496e-008	0.0197266
1.889996e-008	0.0226074
1.892496e-008	0.0227295
1.894996e-008	0.00908204
1.897496e-008	0.0219238
1.899996e-008	0.0267578
1.902496e-008	0.00480958
1.904996e-008	0.0147949
1.907496e-008	0.027124
1.909996e-008	0.01875
1.912496e-008	0.0172119
1.914996e-008	0.00852052
1.917496e-008	0.0112793
1.919996e-008	0.0399414
1.922496e-008	0.040332
1.924996e-008	0.0187744
1.927496e-008	0.0186035
1.929996e-008	0.0215576
1.932496e-008	0.0313233
1.934996e-008	0.0357666
1.937496e-008	0.0279541
1.939996e-008	0.0462158
1.942496e-008	0.033252
1.944996e-008	0.00703126
1.947496e-008	0.0284424
1.949996e-008	0.0286865
1.952496e-008	0.024707
1.954996e-008	0.0265381
1.957496e-008	0.0112793
1.959996e-008	0.0244385
1.962496e-008	0.0316895
1.964996e-008	0.0230469
1.967496e-008	0.0186279
1.969996e-008	0.0121826
1.972496e-008	0.0268555
1.974996e-008	0.0280762
1.977496e-008	0.0150147
1.979996e-008	0.0214111
1.982496e-008	0.0186035
1.984996e-008	0.01604
1.987496e-008	0.0229248
1.989996e-008	0.0216553
1.992496e-008	0.0247803
1.994996e-008	0.0261231
1.997496e-008	0.0267822
1.999996e-008	0.0331787
2.002496e-008	0.0136963
2.004996e-008	0.00458985
2.007496e-008	0.0343262
2.009996e-008	0.0332764
2.012496e-008	0.016919
2.014996e-008	0.0265869
2.017496e-008	0.0304199
2.019996e-008	0.0233154
2.022496e-008	0.0213867
2.024996e-008	0.0217041
2.027496e-008	0.0120361
2.029996e-008	0.0124024
2.032496e-008	0.0191895
2.034996e-008	0.0150879
2.037496e-008	0.0252197
2.039996e-008	0.0269775
2.042496e-008	0.0175781
2.044996e-008	0.020752
2.047496e-008	0.014624
2.049996e-008	0.0107178
2.052496e-008	0.0234131
2.054996e-008	0.0213379
2.057496e-008	0.0036377
2.059996e-008	0.0111816
2.062496e-008	0.0236084
2.064996e-008	0.0191162
2.067496e-008	0.0223633
2.069996e-008	0.028125
2.072496e-008	0.0361572
2.074996e-008	0.0241699
2.077496e-008	0.0132324
2.079996e-008	0.0326904
2.082496e-008	0.0177002
2.084996e-008	0.00964356
2.087496e-008	0.0302246
2.089996e-008	0.0176514
2.092496e-008	0.0210693
2.094996e-008	0.0279053
2.097496e-008	0.0145508
2.099996e-008	0.025
2.102496e-008	0.0230469
2.104996e-008	0.0195801
2.107496e-008	0.0339111
2.109996e-008	0.0235596
2.112496e-008	0.0211182
2.114996e-008	0.036377
2.117496e-008	0.0327881
2.119996e-008	0.0265869
2.122496e-008	0.0229004
2.124996e-008	0.0147705
2.127496e-008	0.017334
2.129996e-008	0.0263428
2.132496e-008	0.0237793
2.134996e-008	0.0153565
2.137496e-008	0.0170166
2.139996e-008	0.0189209
2.142496e-008	0.00485841
2.144996e-008	0.00803223
2.147496e-008	0.0291504
2.149996e-008	0.0174805
2.152496e-008	0.0132568
2.154996e-008	0.0274414
2.157496e-008	0.00925294
2.159996e-008	0.0111084
2.162496e-008	0.0338623
2.164996e-008	0.0265381
2.167496e-008	0.0275879
2.169996e-008	0.0358399
2.172496e-008	0.0277588
2.174996e-008	0.02229
2.177496e-008	0.0179688
2.179996e-008	0.0194824
2.182496e-008	0.0241699
2.184996e-008	0.0191895
2.187496e-008	0.0201904
2.189996e-008	0.0194336
2.192496e-008	0.0119873
2.194996e-008	0.0113281
2.197496e-008	0.0145264
2.199996e-008	0.032666
2.202496e-008	0.0417481
2.204996e-008	0.0204346
2.207496e-008	0.00698243
2.209996e-008	0.00673829
2.212496e-008	0.0143555
2.214996e-008	0.0254639
2.217496e-008	0.0215088
2.219996e-008	0.0124512
2.222496e-008	0.00920411
2.224996e-008	0.0187012
2.227496e-008	0.0227051
2.229996e-008	0.01604
2.232496e-008	0.0291016
2.234996e-008	0.0354736
2.237496e-008	0.026294
2.239996e-008	0.0278076
2.242496e-008	0.0277588
2.244996e-008	0.0266602
2.247496e-008	0.0314697
2.249996e-008	0.0297608
2.252496e-008	0.0184082
2.254996e-008	0.00893555
2.257496e-008	0.0128174
2.259996e-008	0.0284912
2.262496e-008	0.030957
2.264996e-008	0.017749
2.267496e-008	0.0202637
2.269996e-008	0.0197754
2.272496e-008	0.00930177
2.274996e-008	0.0264649
2.277496e-008	0.0438477
2.279996e-008	0.0330078
2.282496e-008	0.0243652
2.284996e-008	0.0301758
2.287496e-008	0.0318115
2.289996e-008	0.022583
2.292496e-008	0.0226074
2.294996e-008	0.0291016
2.297496e-008	0.0281983
2.299996e-008	0.0299316
2.302496e-008	0.0224121
2.304996e-008	0.0131592
2.307496e-008	0.0245117
2.309996e-008	0.0297852
2.312496e-008	0.011084
2.314996e-008	0.00339356
2.317496e-008	0.0181397
2.319996e-008	0.0207764
2.322496e-008	0.0231934
2.324996e-008	0.0182617
2.327496e-008	0.00334473
2.329996e-008	0.0121094
2.332496e-008	0.0127686
2.334996e-008	0.0144287
2.337496e-008	0.0218506
2.339996e-008	0.0193115
2.342496e-008	0.0294434
2.344996e-008	0.0176758
2.347496e-008	0.00424805
2.349996e-008	0.022583
2.352496e-008	0.0263916
2.354996e-008	0.0139404
2.357496e-008	0.0191406
2.359996e-008	0.0327393
2.362496e-008	0.0255859
2.364996e-008	0.0177734
2.367496e-008	0.0203125
2.369996e-008	0.0169922
2.372496e-008	0.0164795
2.374996e-008	0.0186768
2.377496e-008	0.0227295
2.379996e-008	0.020166
2.382496e-008	0.0116699
2.384996e-008	0.0166016
2.387496e-008	0.0201172
2.389996e-008	0.0170166
2.392496e-008	0.0220703
2.394996e-008	0.0265625
2.397496e-008	0.0301025
2.399996e-008	0.0375488
2.402496e-008	0.0325684
2.404996e-008	0.0196289
2.407496e-008	0.0192871
2.409996e-008	0.022583
2.412496e-008	0.0239258
2.414996e-008	0.0221191
2.417496e-008	0.0235596
2.419996e-008	0.0300781
2.422496e-008	0.0213867
2.424996e-008	0.0212647
2.427496e-008	0.0198242
2.429996e-008	0.00356446
2.432496e-008	0.0129883
2.434996e-008	0.0230469
2.437496e-008	0.0285156
2.439996e-008	0.032666
2.442496e-008	0.0176514
2.444996e-008	0.0155762
2.447496e-008	0.0152832
2.449996e-008	0.0121582
2.452496e-008	0.0177002
2.454996e-008	0.0174316
2.457496e-008	0.025415
2.459996e-008	0.0229736
2.462496e-008	0.0125732
2.464996e-008	0.0180908
2.467496e-008	0.0154541
2.469996e-008	0.0208008
2.472496e-008	0.0203369
2.474996e-008	0.00463868
2.477496e-008	0.0236816
2.479996e-008	0.0303955
2.482496e-008	0.0114502
2.484996e-008	0.0177002
2.487496e-008	0.0200195
2.489996e-008	0.0120361
2.492496e-008	0.0197266
2.494996e-008	0.0324463
2.497496e-008	0.0335693
2.499996e-008	0.027417
2.502496e-008	0.0240479
2.504996e-008	0.0212647
2.507496e-008	0.0176758
2.509996e-008	0.0211914
2.512496e-008	0.0244629
2.514996e-008	0.0121582
2.517496e-008	0.0159912
2.519996e-008	0.0331055
2.522496e-008	0.0238525
2.524996e-008	0.0161621
2.527496e-008	0.0112793
2.529996e-008	0.00400391
2.532496e-008	0.0199707
2.534996e-008	0.0213379
2.537496e-008	0.0182373
2.539996e-008	0.0379883
2.542496e-008	0.0204834
2.544996e-008	0.00590821
2.547496e-008	0.0344971
2.549996e-008	0.0262451
2.552496e-008	0.00791016
2.554996e-008	0.0219971
2.557496e-008	0.027002
2.559996e-008	0.0224609
2.562496e-008	0.0187744
2.564996e-008	0.0208008
2.567496e-008	0.0226318
2.569996e-008	0.0213379
2.572496e-008	0.0230713
2.574996e-008	0.0216309
2.577496e-008	0.029834
2.579996e-008	0.028125
2.582496e-008	0.0120606
2.584996e-008	0.0153565
2.587496e-008	0.0188721
2.589996e-008	0.0172852
2.592496e-008	0.0147949
2.594996e-008	0.0104004
2.597496e-008	0.0248047
2.599996e-008	0.029419
2.602496e-008	0.0116943
2.604996e-008	0.00717774
2.607496e-008	0.0211914
2.609996e-008	0.0250733
2.612496e-008	0.00427247
2.614996e-008	-0.000708
2.617496e-008	0.0175049
2.619996e-008	0.020166
2.622496e-008	0.0157715
2.624996e-008	0.0181641
2.627496e-008	0.0260742
2.629996e-008	0.0311768
2.632496e-008	0.0217774
2.634996e-008	0.0198731
2.637496e-008	0.0356934
2.639996e-008	0.0365723
2.642496e-008	0.0185059
2.644996e-008	0.0130615
2.647496e-008	0.016919
2.649996e-008	0.0153809
2.652496e-008	0.017041
2.654996e-008	0.0246582
2.657496e-008	0.0300781
2.659996e-008	0.0314697
2.662496e-008	0.0307617
2.664996e-008	0.0214844
2.667496e-008	0.0148193
2.669996e-008	0.02146
2.672496e-008	0.0219971
2.674996e-008	0.0211182
2.677496e-008	0.0278809
2.679996e-008	0.0167481
2.682496e-008	0.00290528
2.684996e-008	0.018042
2.687496e-008	0.0294922
2.689996e-008	0.0224609
2.692496e-008	0.0260742
2.694996e-008	0.0292236
2.697496e-008	0.0188721
2.699996e-008	0.0130371
2.702496e-008	0.0134033
2.704996e-008	0.0148682
2.707496e-008	0.0199951
2.709996e-008	0.0264649
2.712496e-008	0.0309815
2.714996e-008	0.0282227
2.717496e-008	0.0274414
2.719996e-008	0.0249512
2.722496e-008	0.0131104
2.724996e-008	0.0234131
2.727496e-008	0.0324219
2.729996e-008	0.0174805
2.732496e-008	0.0154053
2.734996e-008	0.0124268
2.737496e-008	0.0172363
2.739996e-008	0.0307861
2.742496e-008	0.0156982
2.744996e-008	0.0155274
2.747496e-008	0.0293701
2.749996e-008	0.0231445
2.752496e-008	0.0227783
2.754996e-008	0.0192139
2.757496e-008	0.0197998
2.759996e-008	0.0263916
2.762496e-008	0.00654298
2.764996e-008	0.00673829
2.767496e-008	0.0289307
2.769996e-008	0.0168701
2.772496e-008	0.0114502
2.774996e-008	0.0284912
2.777496e-008	0.0312012
2.779996e-008	0.0279053
2.782496e-008	0.0316162
2.784996e-008	0.0328125
2.787496e-008	0.0190674
2.789996e-008	0.0128906
2.792496e-008	0.0223145
2.794996e-008	0.0239502
2.797496e-008	0.0249512
2.799996e-008	0.0302979
2.802496e-008	0.0286133
2.804996e-008	0.0181641
2.807496e-008	0.0141846
2.809996e-008	0.0210205
2.812496e-008	0.0260498
2.814996e-008	0.0238525
2.817496e-008	0.0147217
2.819996e-008	0.021582
2.822496e-008	0.0380371
2.824996e-008	0.0272217
2.827496e-008	0.0191406
2.829996e-008	0.0278809
2.832496e-008	0.0176025
2.834996e-008	0.015918
2.837496e-008	0.033252
2.839996e-008	0.0286621
2.842496e-008	0.0162598
2.844996e-008	0.0171875
2.847496e-008	0.0161377
2.849996e-008	0.0152588
2.852496e-008	0.0299805
2.854996e-008	0.0245361
2.857496e-008	0.00356446
2.859996e-008	0.0215088
2.862496e-008	0.0282471
2.864996e-008	0.0156982
2.867496e-008	0.0250977
2.869996e-008	0.0158936
2.872496e-008	0.0120361
2.874996e-008	0.0249756
2.877496e-008	0.0160889
2.879996e-008	0.0156738
2.882496e-008	0.0145752
2.884996e-008	0.00668946
2.887496e-008	0.0246582
2.889996e-008	0.0327637
2.892496e-008	0.0242188
2.894996e-008	0.0202393
2.897496e-008	0.0131348
2.899996e-008	0.0158936
2.902496e-008	0.0196045
2.904996e-008	0.0164307
2.907496e-008	0.0138672
2.909996e-008	0.0148926
2.912496e-008	0.0235107
2.914996e-008	0.0180664
2.917496e-008	0.0126221
2.919996e-008	0.0161865
2.922496e-008	0.0116455
2.924996e-008	0.0162598
2.927496e-008	0.016626
2.929996e-008	0.0157959
2.932496e-008	0.0253418
2.934996e-008	0.0161621
2.937496e-008	0.0140625
2.939996e-008	0.0329346
2.942496e-008	0.0332031
2.944996e-008	0.0214356
2.947496e-008	0.0174316
2.949996e-008	0.0178955
2.952496e-008	0.0224365
2.954996e-008	0.0128418
2.957496e-008	0.00578614
2.959996e-008	0.0208252
2.962496e-008	0.0136719
2.964996e-008	0.00886231
2.967496e-008	0.0219727
2.969996e-008	0.0187744
2.972496e-008	0.0226074
2.974996e-008	0.0142822
2.977496e-008	0.0141602
2.979996e-008	0.0430176
2.982496e-008	0.037793
2.984996e-008	0.0270752
2.987496e-008	0.0296387
2.989996e-008	0.0213379
2.992496e-008	0.0213623
2.994996e-008	0.0182617
2.997496e-008	0.0185791
2.999996e-008	0.0297608
3.002496e-008	0.0212891
3.004996e-008	0.0151856
3.007496e-008	0.0270264
3.009996e-008	0.0247315
3.012496e-008	0.0172119
3.014996e-008	0.0175293
3.017496e-008	0.0210938
3.019996e-008	0.0238525
3.022496e-008	0.0116699
3.024996e-008	0.0105957
3.027496e-008	0.0238037
3.029996e-008	0.0155518
3.032496e-008	0.0115234
3.034996e-008	0.0232178
3.037496e-008	0.0184326
3.039996e-008	0.0192871
3.042496e-008	0.0328369
3.044996e-008	0.0237793
3.047496e-008	0.0194336
3.049996e-008	0.0275147
3.052496e-008	0.0115967
3.054996e-008	0.00476075
3.057496e-008	0.0187012
3.059996e-008	0.0152832
3.062496e-008	0.0105713
3.064996e-008	0.0220459
3.067496e-008	0.0283203
3.069996e-008	0.0247315
3.072496e-008	0.0229981
3.074996e-008	0.0237549
3.077496e-008	0.0257324
3.079996e-008	0.0275879
3.082496e-008	0.031543
3.084996e-008	0.0280029
3.087496e-008	0.0119385
3.089996e-008	0.0165772
3.092496e-008	0.0251953
3.094996e-008	0.0156494
3.097496e-008	0.0238525
3.099996e-008	0.0300537
3.102496e-008	0.0223389
3.104996e-008	0.0212402
3.107496e-008	0.0140625
3.109996e-008	0.00996095
3.112496e-008	0.0199463
3.114996e-008	0.0287354
3.117496e-008	0.0226563
3.119996e-008	0.00854493
3.122496e-008	0.0041504
3.124996e-008	0.0123291
3.127496e-008	0.020044
3.129996e-008	0.020752
3.132496e-008	0.0207764
3.134996e-008	0.00871583
3.137496e-008	0.0110352
3.139996e-008	0.0424072
3.142496e-008	0.0343994
3.144996e-008	0.0129639
3.147496e-008	0.0240234
3.149996e-008	0.01521
3.152496e-008	0.0106201
3.154996e-008	0.0327637
3.157496e-008	0.0334717
3.159996e-008	0.0248535
3.162496e-008	0.0273926
3.164996e-008	0.0291748
3.167496e-008	0.023877
3.169996e-008	0.017334
3.172496e-008	0.0200928
3.174996e-008	0.0221191
3.177496e-008	0.0237549
3.179996e-008	0.0144775
3.182496e-008	-0.0125732
3.184996e-008	-0.00290527
3.187496e-008	0.0246582
3.189996e-008	0.0201172
3.192496e-008	0.0251953
3.194996e-008	0.0322266
3.197496e-008	0.0230225
3.199996e-008	0.0205322
3.202496e-008	0.0133545
3.204996e-008	0.0193604
3.207496e-008	0.0327637
3.209996e-008	0.0303955
3.212496e-008	0.035376
3.214996e-008	0.0351074
3.217496e-008	0.0217774
3.219996e-008	0.0134033
3.222496e-008	0.0172363
3.224996e-008	0.0210693
3.227496e-008	0.0145264
3.229996e-008	0.0189209
3.232496e-008	0.0231934
3.234996e-008	0.0180664
3.237496e-008	0.0253906
3.239996e-008	0.0368164
3.242496e-008	0.0311035
3.244996e-008	0.0161865
3.247496e-008	0.0151123
3.249996e-008	0.0203369
3.252496e-008	0.0244873
3.254996e-008	0.0275147
3.257496e-008	0.0243164
3.259996e-008	0.0295654
3.262496e-008	0.0334229
3.264996e-008	0.0154541
3.267496e-008	0.00417481
3.269996e-008	0.0144531
3.272496e-008	0.0172363
3.274996e-008	0.0186035
3.277496e-008	0.0278076
3.279996e-008	0.027002
3.282496e-008	0.022876
3.284996e-008	0.0195068
3.287496e-008	0.0176025
3.289996e-008	0.0224609
3.292496e-008	0.0228516
3.294996e-008	0.0167481
3.297496e-008	0.023291
3.299996e-008	0.0329834
3.302496e-008	0.021582
3.304996e-008	0.0216553
3.307496e-008	0.0363525
3.309996e-008	0.0324463
3.312496e-008	0.0330078
3.314996e-008	0.0296631
3.317496e-008	0.0210693
3.319996e-008	0.0323242
3.322496e-008	0.0282715
3.324996e-008	0.0205322
3.327496e-008	0.022168
3.329996e-008	0.0151856
3.332496e-008	0.0301758
3.334996e-008	0.0401856
3.337496e-008	0.0224609
3.339996e-008	0.0141602
3.342496e-008	0.0170899
3.344996e-008	0.0241455
3.347496e-008	0.0198486
3.349996e-008	0.0126465
3.352496e-008	0.026294
3.354996e-008	0.0319824
3.357496e-008	0.0292481
3.359996e-008	0.0331299
3.362496e-008	0.0280029
3.364996e-008	0.0195313
3.367496e-008	0.0191895
3.369996e-008	0.0290527
3.372496e-008	0.0291748
3.374996e-008	0.0149902
3.377496e-008	0.0183594
3.379996e-008	0.023291
3.382496e-008	0.0152588
3.384996e-008	0.0163086
3.387496e-008	0.0172363
3.389996e-008	0.0142334
3.392496e-008	0.0248291
3.394996e-008	0.0301514
3.397496e-008	0.0141113
3.399996e-008	0.0171631
3.402496e-008	0.0269775
3.404996e-008	0.0125244
3.407496e-008	0.0179688
3.409996e-008	0.0321777
3.412496e-008	0.0185791
3.414996e-008	0.00729981
3.417496e-008	0.0207275
3.419996e-008	0.0223877
3.422496e-008	0.00756837
3.424996e-008	0.0256836
3.427496e-008	0.0331299
3.429996e-008	0.0175537
3.432496e-008	0.0345459
3.434996e-008	0.0331787
3.437496e-008	0.0188232
3.439996e-008	0.0279297
3.442496e-008	0.0146484
3.444996e-008	0.0126953
3.447496e-008	0.030249
3.449996e-008	0.0196045
3.452496e-008	0.0117432
3.454996e-008	0.0130859
3.457496e-008	0.0112549
3.459996e-008	0.0177002
3.462496e-008	0.0170166
3.464996e-008	0.0193604
3.467496e-008	0.0286377
3.469996e-008	0.0184326
3.472496e-008	0.011377
3.474996e-008	0.0158203
3.477496e-008	0.0129639
3.479996e-008	0.0171875
3.482496e-008	0.0201904
3.484996e-008	0.0206787
3.487496e-008	0.0289307
3.489996e-008	0.0225342
3.492496e-008	0.0124268
3.494996e-008	0.0165039
3.497496e-008	0.026709
3.499996e-008	0.0303711
3.502496e-008	0.018457
3.504996e-008	0.0172607
3.507496e-008	0.0275147
3.509996e-008	0.0203125
3.512496e-008	0.0168213
3.514996e-008	0.0220215
3.517496e-008	0.0202149
3.519996e-008	0.0298096
3.522496e-008	0.0285889
3.524996e-008	0.0116943
3.527496e-008	0.018457
3.529996e-008	0.0203125
3.532496e-008	0.0190918
3.534996e-008	0.0292481
3.537496e-008	0.0181152
3.539996e-008	0.0207275
3.542496e-008	0.0323975
3.544996e-008	0.0201172
3.547496e-008	0.0208984
3.549996e-008	0.0201904
3.552496e-008	0.0155029
3.554996e-008	0.0231934
3.557496e-008	0.0104248
3.559996e-008	0.0108643
3.562496e-008	0.0259766
3.564996e-008	0.0144775
3.567496e-008	0.0187256
3.569996e-008	0.0282471
3.572496e-008	0.0170899
3.574996e-008	0.0173096
3.577496e-008	0.0240967
3.579996e-008	0.024585
3.582496e-008	0.0135742
3.584996e-008	0.0132324
3.587496e-008	0.0291748
3.589996e-008	0.0177246
3.592496e-008	0.00937501
3.594996e-008	0.0232178
3.597496e-008	0.0183106
3.599996e-008	0.0189209
3.602496e-008	0.0317871
3.604996e-008	0.0260742
3.607496e-008	0.0247315
3.609996e-008	0.0291748
3.612496e-008	0.023169
3.614996e-008	0.0251465
3.617496e-008	0.025708
3.619996e-008	0.0165039
3.622496e-008	0.0130615
3.624996e-008	0.0194336
3.627496e-008	0.0231445
3.629996e-008	0.000512703
3.632496e-008	-0.0155029
3.634996e-008	0.00327149
3.637496e-008	0.022876
3.639996e-008	0.0322754
3.642496e-008	0.0183106
3.644996e-008	0.00507813
3.647496e-008	0.0251709
3.649996e-008	0.0296631
3.652496e-008	0.0274658
3.654996e-008	0.0364746
3.657496e-008	0.024292
3.659996e-008	0.0159668
3.662496e-008	0.0156006
3.664996e-008	0.0118897
3.667496e-008	0.0159668
3.669996e-008	0.0162354
3.672496e-008	0.0233154
3.674996e-008	0.032251
3.677496e-008	0.0303711
3.679996e-008	0.0368408
3.682496e-008	0.0332031
3.684996e-008	0.0177979
3.687496e-008	0.0199219
3.689996e-008	0.023169
3.692496e-008	0.0203857
3.694996e-008	0.0198486
3.697496e-008	0.0229736
3.699996e-008	0.0338623
3.702496e-008	0.0292236
3.704996e-008	0.0191895
3.707496e-008	0.0259033
3.709996e-008	0.0240479
3.712496e-008	0.020044
3.714996e-008	0.0168457
3.717496e-008	0.0206055
3.719996e-008	0.0393311
3.722496e-008	0.0261475
3.724996e-008	0.0188965
3.727496e-008	0.0390381
3.729996e-008	0.0260742
3.732496e-008	0.0131836
3.734996e-008	0.0165283
3.737496e-008	0.0258301
3.739996e-008	0.0341309
3.742496e-008	0.0119141
3.744996e-008	0.0154053
3.747496e-008	0.0382568
3.749996e-008	0.0280029
3.752496e-008	0.0223145
3.754996e-008	0.0211426
3.757496e-008	0.0254639
3.759996e-008	0.0384766
3.762496e-008	0.0208252
3.764996e-008	0.000756843
3.767496e-008	0.00625001
3.769996e-008	0.0176025
3.772496e-008	0.0304688
3.774996e-008	0.0302002
3.777496e-008	0.0236816
3.779996e-008	0.029541
3.782496e-008	0.0298096
3.784996e-008	0.0234375
3.787496e-008	0.0197998
3.789996e-008	0.0302979
3.792496e-008	0.0419922
3.794996e-008	0.0254639
3.797496e-008	0.0166992
3.799996e-008	0.0218994
3.802496e-008	0.0199707
3.804996e-008	0.0232666
3.807496e-008	0.0232422
3.809996e-008	0.020752
3.812496e-008	0.00974122
3.814996e-008	0.00607911
3.817496e-008	0.022583
3.819996e-008	0.023584
3.822496e-008	0.0210205
3.824996e-008	0.0241943
3.827496e-008	0.0254395
3.829996e-008	0.0258545
3.832496e-008	0.0181641
3.834996e-008	0.0164063
3.837496e-008	0.0209229
3.839996e-008	0.0255371
3.842496e-008	0.0244629
3.844996e-008	0.021167
3.847496e-008	0.0221924
3.849996e-008	0.0169922
3.852496e-008	0.0216797
3.854996e-008	0.0289307
3.857496e-008	0.030542
3.859996e-008	0.029834
3.862496e-008	0.0150391
3.864996e-008	0.0193604
3.867496e-008	0.0275879
3.869996e-008	0.0126953
3.872496e-008	0.011499
3.874996e-008	0.0153809
3.877496e-008	0.0196045
3.879996e-008	0.0288818
3.882496e-008	0.0164795
3.884996e-008	0.0119141
3.887496e-008	0.027002
3.889996e-008	0.026416
3.892496e-008	0.0233399
3.894996e-008	0.0163086
3.897496e-008	0.0105713
3.899996e-008	0.0299561
3.902496e-008	0.0352539
3.904996e-008	0.0163574
3.907496e-008	0.0124756
3.909996e-008	0.0269531
3.912496e-008	0.0333008
3.914996e-008	0.0318848
3.917496e-008	0.0296387
3.919996e-008	0.0163818
3.922496e-008	0.018042
3.924996e-008	0.0259522
3.927496e-008	0.0163086
3.929996e-008	0.0225342
3.932496e-008	0.0291504
3.934996e-008	0.017041
3.937496e-008	0.0153565
3.939996e-008	0.0218262
3.942496e-008	0.0228272
3.944996e-008	0.0183106
3.947496e-008	0.0154297
3.949996e-008	0.0246826
3.952496e-008	0.0280029
3.954996e-008	0.0179199
3.957496e-008	0.0249268
3.959996e-008	0.0304443
3.962496e-008	0.0158203
3.964996e-008	0.0186035
3.967496e-008	0.021875
3.969996e-008	0.0101318
3.972496e-008	0.0145264
3.974996e-008	0.0228272
3.977496e-008	0.0217529
3.979996e-008	0.0224121
3.982496e-008	0.0234619
3.984996e-008	0.0235596
3.987496e-008	0.0254883
3.989996e-008	0.0277588
3.992496e-008	0.0307617
3.994996e-008	0.0279541
3.997496e-008	0.0200195
3.999996e-008	0.0279297
4.002496e-008	0.0321777
4.004996e-008	0.0187256
4.007496e-008	0.017749
4.009996e-008	0.025293
4.012496e-008	0.0285889
4.014996e-008	0.0231201
4.017496e-008	0.0234375
4.019996e-008	0.0323731
4.022496e-008	0.0185791
4.024996e-008	0.0113525
4.027496e-008	0.0158936
4.029996e-008	0.00903321
4.032496e-008	0.013794
4.034996e-008	0.0253906
4.037496e-008	0.0366211
4.039996e-008	0.0290527
4.042496e-008	0.00903321
4.044996e-008	0.0188721
4.047496e-008	0.0223145
4.049996e-008	0.0060547
4.052496e-008	0.0174805
4.054996e-008	0.0371338
4.057496e-008	0.0263916
4.059996e-008	0.0133789
4.062496e-008	0.0101807
4.064996e-008	0.00485841
4.067496e-008	0.0191895
4.069996e-008	0.0256104
4.072496e-008	0.0109375
4.074996e-008	0.0182861
4.077496e-008	0.0322998
4.079996e-008	0.0307617
4.082496e-008	0.0231201
4.084996e-008	0.0176758
4.087496e-008	0.0240479
4.089996e-008	0.0331787
4.092496e-008	0.0265625
4.094996e-008	0.0159668
4.097496e-008	0.0200928
4.099996e-008	0.0190918
4.102496e-008	0.0115967
4.104996e-008	0.0154053
4.107496e-008	0.0171143
4.109996e-008	0.020044
4.112496e-008	0.0243652
4.114996e-008	0.0175293
4.117496e-008	0.0222168
4.119996e-008	0.0384033
4.122496e-008	0.036084
4.124996e-008	0.0149658
4.127496e-008	0.00810548
4.129996e-008	0.020459
4.132496e-008	0.019043
4.134996e-008	0.0187744
4.137496e-008	0.0293457
4.139996e-008	0.0223633
4.142496e-008	0.0144287
4.144996e-008	0.0210205
4.147496e-008	0.0198486
4.149996e-008	0.0172607
4.152496e-008	0.0249512
4.154996e-008	0.0060547
4.157496e-008	-0.00959472
4.159996e-008	0.0192627
4.162496e-008	0.0277588
4.164996e-008	0.0167236
4.167496e-008	0.0238037
4.169996e-008	0.0278565
4.172496e-008	0.0245361
4.174996e-008	0.020044
4.177496e-008	0.0233887
4.179996e-008	0.0243897
4.182496e-008	0.0164551
4.184996e-008	0.0167725
4.187496e-008	0.0186524
4.189996e-008	0.0178223
4.192496e-008	0.0141846
4.194996e-008	0.010791
4.197496e-008	0.0247559
4.199996e-008	0.0348633
4.202496e-008	0.0218994
4.204996e-008	0.0217529
4.207496e-008	0.0293457
4.209996e-008	0.02229
4.212496e-008	0.025708
4.214996e-008	0.0254395
4.217496e-008	0.0188232
4.219996e-008	0.0266846
4.222496e-008	0.0193115
4.224996e-008	0.0121094
4.227496e-008	0.0249756
4.229996e-008	0.023877
4.232496e-008	0.0231445
4.234996e-008	0.0292481
4.237496e-008	0.0238281
4.239996e-008	0.0173828
4.242496e-008	0.00954591
4.244996e-008	0.0178711
4.247496e-008	0.0298584
4.249996e-008	0.0218506
4.252496e-008	0.0255127
4.254996e-008	0.0245606
4.257496e-008	0.0184082
4.259996e-008	0.0279053
4.262496e-008	0.0223389
4.264996e-008	0.0216797
4.267496e-008	0.029834
4.269996e-008	0.0151856
4.272496e-008	0.00888673
4.274996e-008	0.0176025
4.277496e-008	0.0174561
4.279996e-008	0.016333
4.282496e-008	0.0208984
4.284996e-008	0.029419
4.287496e-008	0.0283691
4.289996e-008	0.0260986
4.292496e-008	0.0335693
4.294996e-008	0.0229736
4.297496e-008	0.0109131
4.299996e-008	0.00996095
4.302496e-008	0.00932618
4.304996e-008	0.0199219
4.307496e-008	0.0229248
4.309996e-008	0.0255371
4.312496e-008	0.0276856
4.314996e-008	0.00966798
4.317496e-008	0.00705567
4.319996e-008	0.0185547
4.322496e-008	0.0167725
4.324996e-008	0.0191406
4.327496e-008	0.0257568
4.329996e-008	0.0179199
4.332496e-008	0.0038086
4.334996e-008	0.00166016
4.337496e-008	0.0228516
4.339996e-008	0.041333
4.342496e-008	0.032251
4.344996e-008	0.0236572
4.347496e-008	0.0190918
4.349996e-008	0.0158691
4.352496e-008	0.0197754
4.354996e-008	0.0174561
4.357496e-008	0.0252686
4.359996e-008	0.0289795
4.362496e-008	0.0131592
4.364996e-008	0.0192627
4.367496e-008	0.0228027
4.369996e-008	0.0105469
4.372496e-008	0.0241211
4.374996e-008	0.0237305
4.377496e-008	0.0172119
4.379996e-008	0.0306885
4.382496e-008	0.0160645
4.384996e-008	0.00664063
4.387496e-008	0.0146973
4.389996e-008	0.0153565
4.392496e-008	0.0234619
4.394996e-008	0.0205322
4.397496e-008	0.0201904
4.399996e-008	0.0263184
4.402496e-008	0.0157959
4.404996e-008	0.0133057
4.407496e-008	0.0264893
4.409996e-008	0.0266358
4.412496e-008	0.0161377
4.414996e-008	0.0236328
4.417496e-008	0.032544
4.419996e-008	0.0303955
4.422496e-008	0.0314941
4.424996e-008	0.0270996
4.427496e-008	0.0172852
4.429996e-008	0.0102783
4.432496e-008	0.0188965
4.434996e-008	0.0273438
4.437496e-008	0.0172852
4.439996e-008	0.0232666
4.442496e-008	0.0208008
4.444996e-008	0.00686036
4.447496e-008	0.0260498
4.449996e-008	0.0211426
4.452496e-008	0.00888673
4.454996e-008	0.0324219
4.457496e-008	0.0319092
4.459996e-008	0.0193359
4.462496e-008	0.0088379
4.464996e-008	-0.000708
4.467496e-008	0.0107178
4.469996e-008	0.0159912
4.472496e-008	0.0182617
4.474996e-008	0.0153076
4.477496e-008	0.0145508
4.479996e-008	0.0299072
4.482496e-008	0.0174561
4.484996e-008	0.0105957
4.487496e-008	0.0265381
4.489996e-008	0.0193848
4.492496e-008	0.0206299
4.494996e-008	0.0273438
4.497496e-008	0.016919
4.499996e-008	0.0154541
4.502496e-008	0.0266113
4.504996e-008	0.0353027
4.507496e-008	0.0257568
4.509996e-008	0.0202393
4.512496e-008	0.0237061
4.514996e-008	0.0157227
4.517496e-008	0.0243897
4.519996e-008	0.0305908
4.522496e-008	0.0184082
4.524996e-008	0.022583
4.527496e-008	0.0159912
4.529996e-008	0.0105957
4.532496e-008	0.029541
4.534996e-008	0.0293213
4.537496e-008	0.033252
4.539996e-008	0.0349121
4.542496e-008	0.00898438
4.544996e-008	0.0143799
4.547496e-008	0.0316406
4.549996e-008	0.0156738
4.552496e-008	0.00456544
4.554996e-008	0.0202637
4.557496e-008	0.0316895
4.559996e-008	0.0312256
4.562496e-008	0.0323486
4.564996e-008	0.0209229
4.567496e-008	0.0216065
4.569996e-008	0.0289063
4.572496e-008	0.00996095
4.574996e-008	0.00769044
4.577496e-008	0.0209473
4.579996e-008	0.0216065
4.582496e-008	0.020752
4.584996e-008	0.0147461
4.587496e-008	0.0141357
4.589996e-008	0.0265381
4.592496e-008	0.0268555
4.594996e-008	0.0170899
4.597496e-008	0.0240234
4.599996e-008	0.0330811
4.602496e-008	0.0235352
4.604996e-008	0.0199463
4.607496e-008	0.0316406
4.609996e-008	0.027002
4.612496e-008	0.0111328
4.614996e-008	0.0132813
4.617496e-008	0.0277832
4.619996e-008	0.0370606
4.622496e-008	0.0261475
4.624996e-008	0.0119629
4.627496e-008	0.0212647
4.629996e-008	0.0353272
4.632496e-008	0.0321289
4.634996e-008	0.0217774
4.637496e-008	0.0186279
4.639996e-008	0.0232666
4.642496e-008	0.0284424
4.644996e-008	0.0220459
4.647496e-008	0.022168
4.649996e-008	0.0292725
4.652496e-008	0.0131836
4.654996e-008	0.00810548
4.657496e-008	0.0269287
4.659996e-008	0.024707
4.662496e-008	0.0116211
4.664996e-008	0.0152344
4.667496e-008	0.0111084
4.669996e-008	0.00402833
4.672496e-008	0.0172119
4.674996e-008	0.0200928
4.677496e-008	0.0231445
4.679996e-008	0.035669
4.682496e-008	0.0265869
4.684996e-008	0.017627
4.687496e-008	0.0216309
4.689996e-008	0.0271484
4.692496e-008	0.0288574
4.694996e-008	0.0189697
4.697496e-008	0.015332
4.699996e-008	0.0208008
4.702496e-008	0.0167481
4.704996e-008	0.0192139
4.707496e-008	0.0276367
4.709996e-008	0.022168
4.712496e-008	0.0291748
4.714996e-008	0.0274902
4.717496e-008	0.00947266
4.719996e-008	0.0261231
4.722496e-008	0.0294434
4.724996e-008	0.0179443
4.727496e-008	0.0321045
4.729996e-008	0.0277344
4.732496e-008	0.026001
4.734996e-008	0.0338867
4.737496e-008	0.0253174
4.739996e-008	0.0286865
4.742496e-008	0.0281006
4.744996e-008	0.0206055
4.747496e-008	0.0213135
4.749996e-008	0.0122803
4.752496e-008	0.0156982
4.754996e-008	0.0222656
4.757496e-008	0.0185303
4.759996e-008	0.0343506
4.762496e-008	0.0284424
4.764996e-008	0.00695802
4.767496e-008	0.0163818
4.769996e-008	0.0194824
4.772496e-008	0.0155274
4.774996e-008	0.0178955
4.777496e-008	0.0233643
4.779996e-008	0.032666
4.782496e-008	0.0255859
4.784996e-008	0.0180664
4.787496e-008	0.0186035
4.789996e-008	0.0165527
4.792496e-008	0.0165527
4.794996e-008	0.0203125
4.797496e-008	0.0302734
4.799996e-008	0.0290772
4.802496e-008	0.0217774
4.804996e-008	0.0240967
4.807496e-008	0.0186524
4.809996e-008	0.0140869
4.812496e-008	0.0242432
4.814996e-008	0.035083
4.817496e-008	0.0352539
4.819996e-008	0.0205811
4.822496e-008	0.00270997
4.824996e-008	0.00734864
4.827496e-008	0.0229736
4.829996e-008	0.0207031
4.832496e-008	0.0172363
4.834996e-008	0.0172363
4.837496e-008	0.0140381
4.839996e-008	0.0263184
4.842496e-008	0.0296387
4.844996e-008	0.0141357
4.847496e-008	0.0179443
4.849996e-008	0.0280762
4.852496e-008	0.0267578
4.854996e-008	0.0269531
4.857496e-008	0.0261475
4.859996e-008	0.0290039
4.862496e-008	0.0294922
4.864996e-008	0.0234131
4.867496e-008	0.0253418
4.869996e-008	0.0217041
4.872496e-008	0.0220459
4.874996e-008	0.0312256
4.877496e-008	0.0224609
4.879996e-008	0.0224121
4.882496e-008	0.0251221
4.884996e-008	0.0150147
4.887496e-008	0.0246826
4.889996e-008	0.0235352
4.892496e-008	0.00798341
4.894996e-008	0.015332
4.897496e-008	0.0273682
4.899996e-008	0.0220947
4.902496e-008	0.00827637
4.904996e-008	0.0129639
4.907496e-008	0.0246338
4.909996e-008	0.0211426
4.912496e-008	0.00920411
4.914996e-008	0.000805672
4.917496e-008	0.0138672
4.919996e-008	0.0270752
4.922496e-008	0.0196045
4.924996e-008	0.0067627
4.927496e-008	0.00476075
4.929996e-008	0.0174805
4.932496e-008	0.0236572
4.934996e-008	0.0169434
4.937496e-008	0.0114014
4.939996e-008	0.0134277
4.942496e-008	0.00656739
4.944996e-008	0.000170906
4.947496e-008	0.0174805
4.949996e-008	0.0227295
4.952496e-008	0.0209473
4.954996e-008	0.0271484
4.957496e-008	0.0226318
4.959996e-008	0.0307861
4.962496e-008	0.0372315
4.964996e-008	0.0253906
4.967496e-008	0.0150879
4.969996e-008	0.0081543
4.972496e-008	0.0105713
4.974996e-008	0.00961915
4.977496e-008	0.013916
4.979996e-008	0.0287842
4.982496e-008	0.0210205
4.984996e-008	0.0152588
4.987496e-008	0.0253418
4.989996e-008	0.0248779
4.992496e-008	0.0203369
4.994996e-008	0.0183594
4.997496e-008	0.0216797
4.999996e-008	0.0237305
5.002496e-008	0.0187988
