# LECROYWM813Zi	51496	Waveform
# Segments	1	SegmentSize	4002
# Segment	TrigTime	TimeSinceSegment1
# #1	30-Nov-2018 17:05:00	0                 
# Time	Ampl
-5.00207e-008	0.0158936
-4.99957e-008	0.012085
-4.99707e-008	0.025
-4.99457e-008	0.0375
-4.99207e-008	0.0300049
-4.98957e-008	0.0344727
-4.98707e-008	0.0270996
-4.98457e-008	0.0171875
-4.98207e-008	0.0348877
-4.97957e-008	0.0347656
-4.97707e-008	0.0175781
-4.97457e-008	0.0240967
-4.97207e-008	0.0430664
-4.96957e-008	0.034668
-4.96707e-008	0.0132568
-4.96457e-008	0.0286377
-4.96207e-008	0.0426758
-4.95957e-008	0.0266358
-4.95707e-008	0.019458
-4.95457e-008	0.0182861
-4.95207e-008	0.0230225
-4.94957e-008	0.0318604
-4.94707e-008	0.0270996
-4.94457e-008	0.0228027
-4.94207e-008	0.029126
-4.93957e-008	0.0393311
-4.93707e-008	0.0343018
-4.93457e-008	0.0221924
-4.93207e-008	0.0268311
-4.92957e-008	0.0333252
-4.92707e-008	0.0265381
-4.92457e-008	0.0182129
-4.92207e-008	0.0212647
-4.91957e-008	0.0226807
-4.91707e-008	0.0247559
-4.91457e-008	0.0391358
-4.91207e-008	0.0380371
-4.90957e-008	0.0214111
-4.90707e-008	0.0164063
-4.90457e-008	0.0158447
-4.90207e-008	0.0196777
-4.89957e-008	0.0335693
-4.89707e-008	0.0354004
-4.89457e-008	0.0277588
-4.89207e-008	0.0330322
-4.88957e-008	0.0328125
-4.88707e-008	0.0209961
-4.88457e-008	0.0227295
-4.88207e-008	0.0290527
-4.87957e-008	0.0280518
-4.87707e-008	0.028125
-4.87457e-008	0.0246094
-4.87207e-008	0.0260742
-4.86957e-008	0.0304199
-4.86707e-008	0.0243897
-4.86457e-008	0.0260498
-4.86207e-008	0.0339111
-4.85957e-008	0.0333496
-4.85707e-008	0.0292725
-4.85457e-008	0.0298828
-4.85207e-008	0.0385498
-4.84957e-008	0.0355957
-4.84707e-008	0.0187012
-4.84457e-008	0.0228272
-4.84207e-008	0.0338135
-4.83957e-008	0.0267822
-4.83707e-008	0.03479
-4.83457e-008	0.0383301
-4.83207e-008	0.0171875
-4.82957e-008	0.0191895
-4.82707e-008	0.0291016
-4.82457e-008	0.0275391
-4.82207e-008	0.0263672
-4.81957e-008	0.0146484
-4.81707e-008	0.0170654
-4.81457e-008	0.0328613
-4.81207e-008	0.0350586
-4.80957e-008	0.0358154
-4.80707e-008	0.0272705
-4.80457e-008	0.0157959
-4.80207e-008	0.0223389
-4.79957e-008	0.0270508
-4.79707e-008	0.0244141
-4.79457e-008	0.0192139
-4.79207e-008	0.0240234
-4.78957e-008	0.0386475
-4.78707e-008	0.0303467
-4.78457e-008	0.02771
-4.78207e-008	0.0413574
-4.77957e-008	0.0330322
-4.77707e-008	0.0196533
-4.77457e-008	0.013501
-4.77207e-008	0.0238281
-4.76957e-008	0.0363525
-4.76707e-008	0.0179199
-4.76457e-008	0.0174805
-4.76207e-008	0.0344971
-4.75957e-008	0.0300781
-4.75707e-008	0.0298096
-4.75457e-008	0.0247803
-4.75207e-008	0.0213135
-4.74957e-008	0.0227783
-4.74707e-008	0.0140625
-4.74457e-008	0.0230469
-4.74207e-008	0.0157959
-4.73957e-008	0.00312501
-4.73707e-008	0.0273193
-4.73457e-008	0.0297363
-4.73207e-008	0.0264649
-4.72957e-008	0.0375977
-4.72707e-008	0.0300781
-4.72457e-008	0.032251
-4.72207e-008	0.0299561
-4.71957e-008	0.0225586
-4.71707e-008	0.0302246
-4.71457e-008	0.0174805
-4.71207e-008	0.0182617
-4.70957e-008	0.0342529
-4.70707e-008	0.0168213
-4.70457e-008	0.00898438
-4.70207e-008	0.0233887
-4.69957e-008	0.0302246
-4.69707e-008	0.0282471
-4.69457e-008	0.0205566
-4.69207e-008	0.0241211
-4.68957e-008	0.0306641
-4.68707e-008	0.0205566
-4.68457e-008	0.0190918
-4.68207e-008	0.0336426
-4.67957e-008	0.0379395
-4.67707e-008	0.0276611
-4.67457e-008	0.0105957
-4.67207e-008	0.0200928
-4.66957e-008	0.0488281
-4.66707e-008	0.0399902
-4.66457e-008	0.0279541
-4.66207e-008	0.0308106
-4.65957e-008	0.0173828
-4.65707e-008	0.0224609
-4.65457e-008	0.0369385
-4.65207e-008	0.0335693
-4.64957e-008	0.0284424
-4.64707e-008	0.0227051
-4.64457e-008	0.0251465
-4.64207e-008	0.030249
-4.63957e-008	0.0278076
-4.63707e-008	0.0293213
-4.63457e-008	0.0320068
-4.63207e-008	0.0287598
-4.62957e-008	0.0263916
-4.62707e-008	0.031543
-4.62457e-008	0.033252
-4.62207e-008	0.0282471
-4.61957e-008	0.0278565
-4.61707e-008	0.02771
-4.61457e-008	0.0269287
-4.61207e-008	0.0325195
-4.60957e-008	0.0320801
-4.60707e-008	0.0184815
-4.60457e-008	0.0145508
-4.60207e-008	0.0268066
-4.59957e-008	0.0263672
-4.59707e-008	0.0208496
-4.59457e-008	0.0352539
-4.59207e-008	0.0415772
-4.58957e-008	0.0298828
-4.58707e-008	0.0239502
-4.58457e-008	0.0262207
-4.58207e-008	0.033667
-4.57957e-008	0.0293213
-4.57707e-008	0.0134522
-4.57457e-008	0.0174316
-4.57207e-008	0.0362061
-4.56957e-008	0.0375244
-4.56707e-008	0.023999
-4.56457e-008	0.0238037
-4.56207e-008	0.02854
-4.55957e-008	0.0280518
-4.55707e-008	0.0292236
-4.55457e-008	0.0286621
-4.55207e-008	0.0363281
-4.54957e-008	0.0302979
-4.54707e-008	0.0134522
-4.54457e-008	0.0186035
-4.54207e-008	0.0123291
-4.53957e-008	0.00876466
-4.53707e-008	0.0252197
-4.53457e-008	0.025415
-4.53207e-008	0.02771
-4.52957e-008	0.0295899
-4.52707e-008	0.0214844
-4.52457e-008	0.0203125
-4.52207e-008	0.0228027
-4.51957e-008	0.0377441
-4.51707e-008	0.0400879
-4.51457e-008	0.0225586
-4.51207e-008	0.0297608
-4.50957e-008	0.0415527
-4.50707e-008	0.0281006
-4.50457e-008	0.0131592
-4.50207e-008	0.0198486
-4.49957e-008	0.0348633
-4.49707e-008	0.0209717
-4.49457e-008	0.00187989
-4.49207e-008	0.019458
-4.48957e-008	0.0354736
-4.48707e-008	0.0253174
-4.48457e-008	0.0272461
-4.48207e-008	0.04021
-4.47957e-008	0.0350586
-4.47707e-008	0.020874
-4.47457e-008	0.0084961
-4.47207e-008	0.0182617
-4.46957e-008	0.0330078
-4.46707e-008	0.0182617
-4.46457e-008	0.0158447
-4.46207e-008	0.021875
-4.45957e-008	0.0203125
-4.45707e-008	0.0276856
-4.45457e-008	0.026001
-4.45207e-008	0.0327393
-4.44957e-008	0.037793
-4.44707e-008	0.0234863
-4.44457e-008	0.0260254
-4.44207e-008	0.0347168
-4.43957e-008	0.0303711
-4.43707e-008	0.028833
-4.43457e-008	0.0255859
-4.43207e-008	0.0220703
-4.42957e-008	0.0283691
-4.42707e-008	0.0204834
-4.42457e-008	0.0164551
-4.42207e-008	0.0334717
-4.41957e-008	0.0283691
-4.41707e-008	0.0221924
-4.41457e-008	0.0264649
-4.41207e-008	0.0223633
-4.40957e-008	0.0314697
-4.40707e-008	0.0326416
-4.40457e-008	0.0255859
-4.40207e-008	0.0286133
-4.39957e-008	0.0284424
-4.39707e-008	0.0327881
-4.39457e-008	0.0273438
-4.39207e-008	0.0244141
-4.38957e-008	0.0353272
-4.38707e-008	0.0250977
-4.38457e-008	0.0199219
-4.38207e-008	0.026709
-4.37957e-008	0.0189209
-4.37707e-008	0.0173828
-4.37457e-008	0.0250977
-4.37207e-008	0.0359863
-4.36957e-008	0.0486816
-4.36707e-008	0.0387207
-4.36457e-008	0.02146
-4.36207e-008	0.0301514
-4.35957e-008	0.0335938
-4.35707e-008	0.021875
-4.35457e-008	0.0228516
-4.35207e-008	0.0308594
-4.34957e-008	0.0300293
-4.34707e-008	0.0197754
-4.34457e-008	0.0213623
-4.34207e-008	0.0286865
-4.33957e-008	0.0279785
-4.33707e-008	0.0309082
-4.33457e-008	0.0248779
-4.33207e-008	0.0212891
-4.32957e-008	0.0336914
-4.32707e-008	0.0235596
-4.32457e-008	0.0100586
-4.32207e-008	0.0233154
-4.31957e-008	0.0195801
-4.31707e-008	0.0140381
-4.31457e-008	0.0255127
-4.31207e-008	0.0325195
-4.30957e-008	0.0411133
-4.30707e-008	0.025415
-4.30457e-008	0.0126709
-4.30207e-008	0.0258057
-4.29957e-008	0.0240479
-4.29707e-008	0.027832
-4.29457e-008	0.0352051
-4.29207e-008	0.0329102
-4.28957e-008	0.0312744
-4.28707e-008	0.0186768
-4.28457e-008	0.0193848
-4.28207e-008	0.0352295
-4.27957e-008	0.0241943
-4.27707e-008	0.0137207
-4.27457e-008	0.0345215
-4.27207e-008	0.0417481
-4.26957e-008	0.0306641
-4.26707e-008	0.0219482
-4.26457e-008	0.0142578
-4.26207e-008	0.0243652
-4.25957e-008	0.0381592
-4.25707e-008	0.0258789
-4.25457e-008	0.0065918
-4.25207e-008	0.0202393
-4.24957e-008	0.0452881
-4.24707e-008	0.0357666
-4.24457e-008	0.0204346
-4.24207e-008	0.026001
-4.23957e-008	0.028833
-4.23707e-008	0.0281494
-4.23457e-008	0.0294434
-4.23207e-008	0.0308106
-4.22957e-008	0.0406494
-4.22707e-008	0.0345947
-4.22457e-008	0.0165039
-4.22207e-008	0.0246338
-4.21957e-008	0.0343018
-4.21707e-008	0.0281738
-4.21457e-008	0.0282227
-4.21207e-008	0.0341553
-4.20957e-008	0.0235596
-4.20707e-008	0.00656739
-4.20457e-008	0.0145264
-4.20207e-008	0.0256104
-4.19957e-008	0.023999
-4.19707e-008	0.0200684
-4.19457e-008	0.0257813
-4.19207e-008	0.0397217
-4.18957e-008	0.0297363
-4.18707e-008	0.0228516
-4.18457e-008	0.0364258
-4.18207e-008	0.0382813
-4.17957e-008	0.035083
-4.17707e-008	0.0303223
-4.17457e-008	0.0269287
-4.17207e-008	0.0243652
-4.16957e-008	0.0174805
-4.16707e-008	0.0227295
-4.16457e-008	0.0298096
-4.16207e-008	0.0281983
-4.15957e-008	0.0236328
-4.15707e-008	0.0242188
-4.15457e-008	0.038794
-4.15207e-008	0.0505371
-4.14957e-008	0.0426514
-4.14707e-008	0.0228027
-4.14457e-008	0.0196533
-4.14207e-008	0.0318848
-4.13957e-008	0.0308594
-4.13707e-008	0.0280518
-4.13457e-008	0.0193359
-4.13207e-008	0.0156494
-4.12957e-008	0.0366211
-4.12707e-008	0.0333008
-4.12457e-008	0.0179199
-4.12207e-008	0.0286133
-4.11957e-008	0.0304199
-4.11707e-008	0.0150391
-4.11457e-008	0.0229736
-4.11207e-008	0.0455322
-4.10957e-008	0.0302979
-4.10707e-008	0.0134522
-4.10457e-008	0.0297608
-4.10207e-008	0.0281494
-4.09957e-008	0.00686036
-4.09707e-008	0.00861817
-4.09457e-008	0.0297119
-4.09207e-008	0.0430664
-4.08957e-008	0.0435791
-4.08707e-008	0.0241943
-4.08457e-008	0.0121338
-4.08207e-008	0.0294922
-4.07957e-008	0.0229492
-4.07707e-008	0.00847169
-4.07457e-008	0.0204834
-4.07207e-008	0.026709
-4.06957e-008	0.034668
-4.06707e-008	0.0369873
-4.06457e-008	0.0303955
-4.06207e-008	0.0337891
-4.05957e-008	0.0311279
-4.05707e-008	0.0326172
-4.05457e-008	0.0291504
-4.05207e-008	0.02146
-4.04957e-008	0.0221191
-4.04707e-008	0.00507813
-4.04457e-008	0.0108399
-4.04207e-008	0.0334717
-4.03957e-008	0.0226318
-4.03707e-008	0.0143311
-4.03457e-008	0.0228272
-4.03207e-008	0.0348877
-4.02957e-008	0.0315186
-4.02707e-008	0.0135254
-4.02457e-008	0.0182129
-4.02207e-008	0.0263184
-4.01957e-008	0.0217774
-4.01707e-008	0.0218506
-4.01457e-008	0.0197998
-4.01207e-008	0.0252197
-4.00957e-008	0.0375733
-4.00707e-008	0.0309815
-4.00457e-008	0.0164307
-4.00207e-008	0.0181885
-3.99957e-008	0.0251709
-3.99707e-008	0.0164795
-3.99457e-008	0.0236084
-3.99207e-008	0.0456299
-3.98957e-008	0.0342285
-3.98707e-008	0.0258789
-3.98457e-008	0.0280029
-3.98207e-008	0.0176758
-3.97957e-008	0.023877
-3.97707e-008	0.0225586
-3.97457e-008	0.0186768
-3.97207e-008	0.0375244
-3.96957e-008	0.0383301
-3.96707e-008	0.0213867
-3.96457e-008	0.0191895
-3.96207e-008	0.0212647
-3.95957e-008	0.0151611
-3.95707e-008	0.0206055
-3.95457e-008	0.0305908
-3.95207e-008	0.0318848
-3.94957e-008	0.0342529
-3.94707e-008	0.0327149
-3.94457e-008	0.0311035
-3.94207e-008	0.0270508
-3.93957e-008	0.0226074
-3.93707e-008	0.0286377
-3.93457e-008	0.0284912
-3.93207e-008	0.0275147
-3.92957e-008	0.0293945
-3.92707e-008	0.0215332
-3.92457e-008	0.0229736
-3.92207e-008	0.0303955
-3.91957e-008	0.0284424
-3.91707e-008	0.0314697
-3.91457e-008	0.0347656
-3.91207e-008	0.0342774
-3.90957e-008	0.0278565
-3.90707e-008	0.0119385
-3.90457e-008	0.0170899
-3.90207e-008	0.0276611
-3.89957e-008	0.0171631
-3.89707e-008	0.0131592
-3.89457e-008	0.014917
-3.89207e-008	0.0218994
-3.88957e-008	0.0299316
-3.88707e-008	0.0203125
-3.88457e-008	0.0148438
-3.88207e-008	0.0198242
-3.87957e-008	0.025415
-3.87707e-008	0.0272949
-3.87457e-008	0.0249024
-3.87207e-008	0.0338867
-3.86957e-008	0.0341797
-3.86707e-008	0.0207764
-3.86457e-008	0.023999
-3.86207e-008	0.0277344
-3.85957e-008	0.0208984
-3.85707e-008	0.0155029
-3.85457e-008	0.0165772
-3.85207e-008	0.0324707
-3.84957e-008	0.0355713
-3.84707e-008	0.0164795
-3.84457e-008	0.0145996
-3.84207e-008	0.0236572
-3.83957e-008	0.029126
-3.83707e-008	0.0365479
-3.83457e-008	0.027832
-3.83207e-008	0.024292
-3.82957e-008	0.0383789
-3.82707e-008	0.0331299
-3.82457e-008	0.0282471
-3.82207e-008	0.0322022
-3.81957e-008	0.0206543
-3.81707e-008	0.0171387
-3.81457e-008	0.017749
-3.81207e-008	0.0124756
-3.80957e-008	0.019165
-3.80707e-008	0.0242432
-3.80457e-008	0.0179932
-3.80207e-008	0.0246826
-3.79957e-008	0.0418213
-3.79707e-008	0.0364014
-3.79457e-008	0.0191162
-3.79207e-008	0.0244629
-3.78957e-008	0.0352539
-3.78707e-008	0.0146484
-3.78457e-008	0.00581055
-3.78207e-008	0.0300049
-3.77957e-008	0.0276123
-3.77707e-008	0.0171387
-3.77457e-008	0.0263672
-3.77207e-008	0.0324951
-3.76957e-008	0.0315674
-3.76707e-008	0.0315674
-3.76457e-008	0.0341065
-3.76207e-008	0.020044
-3.75957e-008	0.0219482
-3.75707e-008	0.0414551
-3.75457e-008	0.0276367
-3.75207e-008	0.0216553
-3.74957e-008	0.0277832
-3.74707e-008	0.0121338
-3.74457e-008	0.0123779
-3.74207e-008	0.0264893
-3.73957e-008	0.0257568
-3.73707e-008	0.0193604
-3.73457e-008	0.0217285
-3.73207e-008	0.0369385
-3.72957e-008	0.044043
-3.72707e-008	0.0312012
-3.72457e-008	0.0181397
-3.72207e-008	0.017627
-3.71957e-008	0.0208984
-3.71707e-008	0.0159424
-3.71457e-008	0.0168457
-3.71207e-008	0.028125
-3.70957e-008	0.0310303
-3.70707e-008	0.0249024
-3.70457e-008	0.0184326
-3.70207e-008	0.0241455
-3.69957e-008	0.0257813
-3.69707e-008	0.0112549
-3.69457e-008	0.0156494
-3.69207e-008	0.0337158
-3.68957e-008	0.0365723
-3.68707e-008	0.0299805
-3.68457e-008	0.023169
-3.68207e-008	0.0233643
-3.67957e-008	0.0255371
-3.67707e-008	0.0257324
-3.67457e-008	0.0283691
-3.67207e-008	0.028833
-3.66957e-008	0.032251
-3.66707e-008	0.0277344
-3.66457e-008	0.0161377
-3.66207e-008	0.025708
-3.65957e-008	0.0367188
-3.65707e-008	0.030957
-3.65457e-008	0.0218018
-3.65207e-008	0.0217285
-3.64957e-008	0.0253174
-3.64707e-008	0.0201416
-3.64457e-008	0.0232178
-3.64207e-008	0.0250733
-3.63957e-008	0.0264404
-3.63707e-008	0.0377686
-3.63457e-008	0.0171387
-3.63207e-008	0.00427247
-3.62957e-008	0.0291016
-3.62707e-008	0.0228272
-3.62457e-008	0.0133057
-3.62207e-008	0.0279541
-3.61957e-008	0.0217041
-3.61707e-008	0.0174316
-3.61457e-008	0.0264649
-3.61207e-008	0.0297119
-3.60957e-008	0.0346924
-3.60707e-008	0.0331299
-3.60457e-008	0.0259522
-3.60207e-008	0.0234131
-3.59957e-008	0.0273438
-3.59707e-008	0.03396
-3.59457e-008	0.0307617
-3.59207e-008	0.0291504
-3.58957e-008	0.0271973
-3.58707e-008	0.0119629
-3.58457e-008	0.0167481
-3.58207e-008	0.035791
-3.57957e-008	0.0279541
-3.57707e-008	0.0204346
-3.57457e-008	0.0297852
-3.57207e-008	0.0307373
-3.56957e-008	0.0228272
-3.56707e-008	0.0168945
-3.56457e-008	0.0185059
-3.56207e-008	0.0236328
-3.55957e-008	0.0246582
-3.55707e-008	0.0242432
-3.55457e-008	0.0340088
-3.55207e-008	0.045874
-3.54957e-008	0.0392578
-3.54707e-008	0.0223633
-3.54457e-008	0.0124512
-3.54207e-008	0.0205322
-3.53957e-008	0.0286133
-3.53707e-008	0.0164551
-3.53457e-008	0.0117676
-3.53207e-008	0.0263428
-3.52957e-008	0.028833
-3.52707e-008	0.0182617
-3.52457e-008	0.0154053
-3.52207e-008	0.0118164
-3.51957e-008	0.0167481
-3.51707e-008	0.0254639
-3.51457e-008	0.0201416
-3.51207e-008	0.0289063
-3.50957e-008	0.0305664
-3.50707e-008	0.0156982
-3.50457e-008	0.0248047
-3.50207e-008	0.0290039
-3.49957e-008	0.0233399
-3.49707e-008	0.0351318
-3.49457e-008	0.029541
-3.49207e-008	0.0169678
-3.48957e-008	0.0290283
-3.48707e-008	0.022876
-3.48457e-008	0.00952149
-3.48207e-008	0.01604
-3.47957e-008	0.0149414
-3.47707e-008	0.0204834
-3.47457e-008	0.0319824
-3.47207e-008	0.036499
-3.46957e-008	0.0316162
-3.46707e-008	0.0101074
-3.46457e-008	0.0136963
-3.46207e-008	0.0280518
-3.45957e-008	0.0219727
-3.45707e-008	0.0290283
-3.45457e-008	0.021582
-3.45207e-008	0.00944825
-3.44957e-008	0.0299561
-3.44707e-008	0.0267822
-3.44457e-008	0.0158203
-3.44207e-008	0.0303711
-3.43957e-008	0.0309082
-3.43707e-008	0.0287842
-3.43457e-008	0.0321777
-3.43207e-008	0.0274414
-3.42957e-008	0.0211914
-3.42707e-008	0.0141113
-3.42457e-008	0.0169678
-3.42207e-008	0.022168
-3.41957e-008	0.0160889
-3.41707e-008	0.0174805
-3.41457e-008	0.0253906
-3.41207e-008	0.0292725
-3.40957e-008	0.031958
-3.40707e-008	0.0322266
-3.40457e-008	0.0307129
-3.40207e-008	0.0298096
-3.39957e-008	0.03479
-3.39707e-008	0.0310791
-3.39457e-008	0.0142578
-3.39207e-008	0.0123535
-3.38957e-008	0.0227539
-3.38707e-008	0.0234131
-3.38457e-008	0.0227783
-3.38207e-008	0.029419
-3.37957e-008	0.0234131
-3.37707e-008	0.0195801
-3.37457e-008	0.030835
-3.37207e-008	0.0355469
-3.36957e-008	0.0364746
-3.36707e-008	0.0220215
-3.36457e-008	0.016626
-3.36207e-008	0.0351563
-3.35957e-008	0.0249512
-3.35707e-008	0.0161133
-3.35457e-008	0.0286133
-3.35207e-008	0.0287598
-3.34957e-008	0.0296631
-3.34707e-008	0.0225342
-3.34457e-008	0.0135498
-3.34207e-008	0.0268311
-3.33957e-008	0.0332764
-3.33707e-008	0.0226074
-3.33457e-008	0.0182373
-3.33207e-008	0.027002
-3.32957e-008	0.0323975
-3.32707e-008	0.0229981
-3.32457e-008	0.0133545
-3.32207e-008	0.015918
-3.31957e-008	0.0314209
-3.31707e-008	0.0343506
-3.31457e-008	0.023291
-3.31207e-008	0.0366455
-3.30957e-008	0.0410156
-3.30707e-008	0.0139649
-3.30457e-008	0.0134766
-3.30207e-008	0.0302734
-3.29957e-008	0.0228027
-3.29707e-008	0.0174805
-3.29457e-008	0.0212158
-3.29207e-008	0.0229492
-3.28957e-008	0.0261475
-3.28707e-008	0.0165772
-3.28457e-008	0.0180176
-3.28207e-008	0.028418
-3.27957e-008	0.0218018
-3.27707e-008	0.0211914
-3.27457e-008	0.0169922
-3.27207e-008	0.0234863
-3.26957e-008	0.0422363
-3.26707e-008	0.0329102
-3.26457e-008	0.0280762
-3.26207e-008	0.023584
-3.25957e-008	0.014917
-3.25707e-008	0.0307617
-3.25457e-008	0.0331055
-3.25207e-008	0.03479
-3.24957e-008	0.0393311
-3.24707e-008	0.0191162
-3.24457e-008	0.0187744
-3.24207e-008	0.0272705
-3.23957e-008	0.0233643
-3.23707e-008	0.0246582
-3.23457e-008	0.0225342
-3.23207e-008	0.0318604
-3.22957e-008	0.0334473
-3.22707e-008	0.0167969
-3.22457e-008	0.022876
-3.22207e-008	0.0262207
-3.21957e-008	0.0252197
-3.21707e-008	0.0400147
-3.21457e-008	0.0296875
-3.21207e-008	0.020044
-3.20957e-008	0.0271484
-3.20707e-008	0.0170166
-3.20457e-008	0.0220947
-3.20207e-008	0.0367188
-3.19957e-008	0.0290772
-3.19707e-008	0.0261475
-3.19457e-008	0.0380127
-3.19207e-008	0.035376
-3.18957e-008	0.0120361
-3.18707e-008	0.00830079
-3.18457e-008	0.0257568
-3.18207e-008	0.0291504
-3.17957e-008	0.0256592
-3.17707e-008	0.028833
-3.17457e-008	0.0238525
-3.17207e-008	0.0243408
-3.16957e-008	0.0438965
-3.16707e-008	0.0390137
-3.16457e-008	0.0232178
-3.16207e-008	0.0300537
-3.15957e-008	0.026294
-3.15707e-008	0.0138184
-3.15457e-008	0.0170899
-3.15207e-008	0.0276611
-3.14957e-008	0.026294
-3.14707e-008	0.023291
-3.14457e-008	0.0263916
-3.14207e-008	0.0231445
-3.13957e-008	0.0287598
-3.13707e-008	0.0291016
-3.13457e-008	0.0182861
-3.13207e-008	0.0261475
-3.12957e-008	0.0350342
-3.12707e-008	0.0318359
-3.12457e-008	0.0265869
-3.12207e-008	0.0218262
-3.11957e-008	0.0302002
-3.11707e-008	0.0386719
-3.11457e-008	0.0304443
-3.11207e-008	0.0357178
-3.10957e-008	0.0378906
-3.10707e-008	0.0162842
-3.10457e-008	0.0209717
-3.10207e-008	0.0313721
-3.09957e-008	0.0252197
-3.09707e-008	0.0320068
-3.09457e-008	0.030957
-3.09207e-008	0.0277832
-3.08957e-008	0.0240234
-3.08707e-008	0.00747071
-3.08457e-008	0.0124024
-3.08207e-008	0.0251953
-3.07957e-008	0.0241211
-3.07707e-008	0.025415
-3.07457e-008	0.0250733
-3.07207e-008	0.023291
-3.06957e-008	0.0280274
-3.06707e-008	0.0362305
-3.06457e-008	0.040332
-3.06207e-008	0.0293945
-3.05957e-008	0.0100342
-3.05707e-008	0.0134033
-3.05457e-008	0.0293457
-3.05207e-008	0.0268066
-3.04957e-008	0.0242188
-3.04707e-008	0.0210205
-3.04457e-008	0.0153076
-3.04207e-008	0.0208252
-3.03957e-008	0.0196533
-3.03707e-008	0.0195557
-3.03457e-008	0.0177734
-3.03207e-008	0.0188232
-3.02957e-008	0.0300781
-3.02707e-008	0.00791016
-3.02457e-008	0.00195313
-3.02207e-008	0.032666
-3.01957e-008	0.0272461
-3.01707e-008	0.0190186
-3.01457e-008	0.0243652
-3.01207e-008	0.0241211
-3.00957e-008	0.0284424
-3.00707e-008	0.0183594
-3.00457e-008	0.0202393
-3.00207e-008	0.028125
-2.99957e-008	0.0198242
-2.99707e-008	0.0297363
-2.99457e-008	0.0256836
-2.99207e-008	0.0168701
-2.98957e-008	0.0327393
-2.98707e-008	0.0140137
-2.98457e-008	0.00251466
-2.98207e-008	0.0290039
-2.97957e-008	0.0324707
-2.97707e-008	0.0329346
-2.97457e-008	0.0318359
-2.97207e-008	0.0224854
-2.96957e-008	0.0265625
-2.96707e-008	0.0253418
-2.96457e-008	0.0231201
-2.96207e-008	0.024707
-2.95957e-008	0.0268799
-2.95707e-008	0.0278565
-2.95457e-008	0.0234375
-2.95207e-008	0.0214356
-2.94957e-008	0.0230225
-2.94707e-008	0.0264404
-2.94457e-008	0.0223389
-2.94207e-008	0.0223633
-2.93957e-008	0.0268066
-2.93707e-008	0.0224121
-2.93457e-008	0.0288818
-2.93207e-008	0.0366699
-2.92957e-008	0.0279785
-2.92707e-008	0.0203613
-2.92457e-008	0.0249512
-2.92207e-008	0.0306885
-2.91957e-008	0.0249024
-2.91707e-008	0.0208496
-2.91457e-008	0.0384277
-2.91207e-008	0.0489014
-2.90957e-008	0.0290039
-2.90707e-008	0.0141602
-2.90457e-008	0.017627
-2.90207e-008	0.0269531
-2.89957e-008	0.0256836
-2.89707e-008	0.0135742
-2.89457e-008	0.0162109
-2.89207e-008	0.0280518
-2.88957e-008	0.0285645
-2.88707e-008	0.0174805
-2.88457e-008	0.0192139
-2.88207e-008	0.0305664
-2.87957e-008	0.0311524
-2.87707e-008	0.0285156
-2.87457e-008	0.0199951
-2.87207e-008	0.0247803
-2.86957e-008	0.0366943
-2.86707e-008	0.0250244
-2.86457e-008	0.0229981
-2.86207e-008	0.0333496
-2.85957e-008	0.0335938
-2.85707e-008	0.0335693
-2.85457e-008	0.0295899
-2.85207e-008	0.0351563
-2.84957e-008	0.0388916
-2.84707e-008	0.0147705
-2.84457e-008	0.00922852
-2.84207e-008	0.0273682
-2.83957e-008	0.0303955
-2.83707e-008	0.0226318
-2.83457e-008	0.013208
-2.83207e-008	0.0239014
-2.82957e-008	0.037793
-2.82707e-008	0.0228272
-2.82457e-008	0.0158447
-2.82207e-008	0.0275879
-2.81957e-008	0.0305176
-2.81707e-008	0.0270752
-2.81457e-008	0.0212158
-2.81207e-008	0.0212647
-2.80957e-008	0.0328125
-2.80707e-008	0.0286133
-2.80457e-008	0.0170166
-2.80207e-008	0.025708
-2.79957e-008	0.0339356
-2.79707e-008	0.0334717
-2.79457e-008	0.0308106
-2.79207e-008	0.0336914
-2.78957e-008	0.0331055
-2.78707e-008	0.00764161
-2.78457e-008	0.00688477
-2.78207e-008	0.0317139
-2.77957e-008	0.022876
-2.77707e-008	0.0121826
-2.77457e-008	0.0230469
-2.77207e-008	0.0319336
-2.76957e-008	0.0358887
-2.76707e-008	0.034668
-2.76457e-008	0.0283691
-2.76207e-008	0.0222168
-2.75957e-008	0.0264893
-2.75707e-008	0.0345215
-2.75457e-008	0.0333496
-2.75207e-008	0.0324951
-2.74957e-008	0.0342041
-2.74707e-008	0.0257324
-2.74457e-008	0.0171143
-2.74207e-008	0.0260742
-2.73957e-008	0.0314941
-2.73707e-008	0.0227295
-2.73457e-008	0.02146
-2.73207e-008	0.0319092
-2.72957e-008	0.0359375
-2.72707e-008	0.0224121
-2.72457e-008	0.0167969
-2.72207e-008	0.0200195
-2.71957e-008	0.0175049
-2.71707e-008	0.0265625
-2.71457e-008	0.0314697
-2.71207e-008	0.0320313
-2.70957e-008	0.0341065
-2.70707e-008	0.0177979
-2.70457e-008	0.0113281
-2.70207e-008	0.0232422
-2.69957e-008	0.0292725
-2.69707e-008	0.0305176
-2.69457e-008	0.0283447
-2.69207e-008	0.0277588
-2.68957e-008	0.0338867
-2.68707e-008	0.0296875
-2.68457e-008	0.0151856
-2.68207e-008	0.0220703
-2.67957e-008	0.0293701
-2.67707e-008	0.00895997
-2.67457e-008	0.0058838
-2.67207e-008	0.0199707
-2.66957e-008	0.0198975
-2.66707e-008	0.0259033
-2.66457e-008	0.0309082
-2.66207e-008	0.0290039
-2.65957e-008	0.0318848
-2.65707e-008	0.0268066
-2.65457e-008	0.0292725
-2.65207e-008	0.0336426
-2.64957e-008	0.0171143
-2.64707e-008	0.015918
-2.64457e-008	0.0300049
-2.64207e-008	0.0295654
-2.63957e-008	0.0286621
-2.63707e-008	0.0304199
-2.63457e-008	0.0289063
-2.63207e-008	0.0260986
-2.62957e-008	0.0212402
-2.62707e-008	0.0196533
-2.62457e-008	0.0177002
-2.62207e-008	0.0210693
-2.61957e-008	0.0334717
-2.61707e-008	0.0321533
-2.61457e-008	0.0270752
-2.61207e-008	0.0333252
-2.60957e-008	0.0349121
-2.60707e-008	0.0352051
-2.60457e-008	0.0318115
-2.60207e-008	0.0302734
-2.59957e-008	0.039209
-2.59707e-008	0.0272949
-2.59457e-008	0.0144287
-2.59207e-008	0.030957
-2.58957e-008	0.0328125
-2.58707e-008	0.0179199
-2.58457e-008	0.0172607
-2.58207e-008	0.0177734
-2.57957e-008	0.0208008
-2.57707e-008	0.0308106
-2.57457e-008	0.0262207
-2.57207e-008	0.0224365
-2.56957e-008	0.0343994
-2.56707e-008	0.0229981
-2.56457e-008	0.0076172
-2.56207e-008	0.0231934
-2.55957e-008	0.0277832
-2.55707e-008	0.0238037
-2.55457e-008	0.0230469
-2.55207e-008	0.0179443
-2.54957e-008	0.0285645
-2.54707e-008	0.0265381
-2.54457e-008	0.012085
-2.54207e-008	0.011084
-2.53957e-008	0.00788575
-2.53707e-008	0.0224365
-2.53457e-008	0.043042
-2.53207e-008	0.0421387
-2.52957e-008	0.0333252
-2.52707e-008	0.0200684
-2.52457e-008	0.0215576
-2.52207e-008	0.0224365
-2.51957e-008	0.00996095
-2.51707e-008	0.0142334
-2.51457e-008	0.0199219
-2.51207e-008	0.0197754
-2.50957e-008	0.0182373
-2.50707e-008	0.0147461
-2.50457e-008	0.0287598
-2.50207e-008	0.0434326
-2.49957e-008	0.0369141
-2.49707e-008	0.0230957
-2.49457e-008	0.0183838
-2.49207e-008	0.0241943
-2.48957e-008	0.0280518
-2.48707e-008	0.0183106
-2.48457e-008	0.00600587
-2.48207e-008	0.00944825
-2.47957e-008	0.0280518
-2.47707e-008	0.0361572
-2.47457e-008	0.0174805
-2.47207e-008	0.00825196
-2.46957e-008	0.0176514
-2.46707e-008	0.0179688
-2.46457e-008	0.0177002
-2.46207e-008	0.0261475
-2.45957e-008	0.0311768
-2.45707e-008	0.0231445
-2.45457e-008	0.0270996
-2.45207e-008	0.0347656
-2.44957e-008	0.0253418
-2.44707e-008	0.0323242
-2.44457e-008	0.0299316
-2.44207e-008	0.0123779
-2.43957e-008	0.0191406
-2.43707e-008	0.0211182
-2.43457e-008	0.0178223
-2.43207e-008	0.029541
-2.42957e-008	0.0322266
-2.42707e-008	0.0238281
-2.42457e-008	0.0271973
-2.42207e-008	0.0285156
-2.41957e-008	0.0234619
-2.41707e-008	0.0291504
-2.41457e-008	0.0272461
-2.41207e-008	0.0258789
-2.40957e-008	0.0317871
-2.40707e-008	0.0271973
-2.40457e-008	0.0224121
-2.40207e-008	0.0203369
-2.39957e-008	0.0203857
-2.39707e-008	0.0174316
-2.39457e-008	0.0125488
-2.39207e-008	0.0229492
-2.38957e-008	0.0351563
-2.38707e-008	0.0275879
-2.38457e-008	0.0169678
-2.38207e-008	0.0194336
-2.37957e-008	0.0290527
-2.37707e-008	0.0332764
-2.37457e-008	0.0191406
-2.37207e-008	0.019165
-2.36957e-008	0.0359131
-2.36707e-008	0.0264404
-2.36457e-008	0.0222656
-2.36207e-008	0.035083
-2.35957e-008	0.030957
-2.35707e-008	0.0266602
-2.35457e-008	0.0310303
-2.35207e-008	0.0312012
-2.34957e-008	0.0211914
-2.34707e-008	0.0111572
-2.34457e-008	0.0221191
-2.34207e-008	0.0290772
-2.33957e-008	0.0209229
-2.33707e-008	0.0135254
-2.33457e-008	0.00795899
-2.33207e-008	0.024707
-2.32957e-008	0.0374024
-2.32707e-008	0.0248535
-2.32457e-008	0.0179932
-2.32207e-008	0.0213135
-2.31957e-008	0.030957
-2.31707e-008	0.0296387
-2.31457e-008	0.0204102
-2.31207e-008	0.0249512
-2.30957e-008	0.0261231
-2.30707e-008	0.0151123
-2.30457e-008	0.0190674
-2.30207e-008	0.0436768
-2.29957e-008	0.0371582
-2.29707e-008	0.0172119
-2.29457e-008	0.0308106
-2.29207e-008	0.0372315
-2.28957e-008	0.0302246
-2.28707e-008	0.0186279
-2.28457e-008	0.00705567
-2.28207e-008	0.0168701
-2.27957e-008	0.0313965
-2.27707e-008	0.0480957
-2.27457e-008	0.0415283
-2.27207e-008	0.0206055
-2.26957e-008	0.0327149
-2.26707e-008	0.0255371
-2.26457e-008	0.00903321
-2.26207e-008	0.0271973
-2.25957e-008	0.0303467
-2.25707e-008	0.0257324
-2.25457e-008	0.0259766
-2.25207e-008	0.0224609
-2.24957e-008	0.0325928
-2.24707e-008	0.0278076
-2.24457e-008	0.0203857
-2.24207e-008	0.0307861
-2.23957e-008	0.0236328
-2.23707e-008	0.0157471
-2.23457e-008	0.00874024
-2.23207e-008	0.000415047
-2.22957e-008	0.0246338
-2.22707e-008	0.0349365
-2.22457e-008	0.0248535
-2.22207e-008	0.0358154
-2.21957e-008	0.026709
-2.21707e-008	0.0151856
-2.21457e-008	0.0311035
-2.21207e-008	0.0341797
-2.20957e-008	0.0259033
-2.20707e-008	0.0130371
-2.20457e-008	0.0144531
-2.20207e-008	0.0280762
-2.19957e-008	0.0183594
-2.19707e-008	0.0147705
-2.19457e-008	0.0207031
-2.19207e-008	0.0225342
-2.18957e-008	0.0329102
-2.18707e-008	0.0264649
-2.18457e-008	0.0111572
-2.18207e-008	0.0138672
-2.17957e-008	0.0170899
-2.17707e-008	0.0203613
-2.17457e-008	0.027417
-2.17207e-008	0.0212158
-2.16957e-008	0.0241455
-2.16707e-008	0.042627
-2.16457e-008	0.0412842
-2.16207e-008	0.0315186
-2.15957e-008	0.0311279
-2.15707e-008	0.0249512
-2.15457e-008	0.0218262
-2.15207e-008	0.0326416
-2.14957e-008	0.031543
-2.14707e-008	0.0247315
-2.14457e-008	0.0318848
-2.14207e-008	0.0306152
-2.13957e-008	0.0273926
-2.13707e-008	0.0255859
-2.13457e-008	0.0249512
-2.13207e-008	0.0377441
-2.12957e-008	0.0331299
-2.12707e-008	0.0215088
-2.12457e-008	0.027832
-2.12207e-008	0.0322998
-2.11957e-008	0.0299561
-2.11707e-008	0.027417
-2.11457e-008	0.03125
-2.11207e-008	0.0340576
-2.10957e-008	0.0297608
-2.10707e-008	0.0218018
-2.10457e-008	0.0171143
-2.10207e-008	0.0242432
-2.09957e-008	0.0287354
-2.09707e-008	0.0353516
-2.09457e-008	0.0361816
-2.09207e-008	0.0261963
-2.08957e-008	0.0353272
-2.08707e-008	0.0328858
-2.08457e-008	0.0241455
-2.08207e-008	0.0359619
-2.07957e-008	0.0235596
-2.07707e-008	0.010083
-2.07457e-008	0.0177246
-2.07207e-008	0.0212647
-2.06957e-008	0.0319336
-2.06707e-008	0.0327393
-2.06457e-008	0.0233154
-2.06207e-008	0.0256592
-2.05957e-008	0.0192871
-2.05707e-008	0.0107422
-2.05457e-008	0.0132324
-2.05207e-008	0.0229492
-2.04957e-008	0.0350586
-2.04707e-008	0.0203369
-2.04457e-008	0.0135254
-2.04207e-008	0.031665
-2.03957e-008	0.0244873
-2.03707e-008	0.0230713
-2.03457e-008	0.0265869
-2.03207e-008	0.0153809
-2.02957e-008	0.0273438
-2.02707e-008	0.0369873
-2.02457e-008	0.0268066
-2.02207e-008	0.0199951
-2.01957e-008	0.0186279
-2.01707e-008	0.0234375
-2.01457e-008	0.0302246
-2.01207e-008	0.0290039
-2.00957e-008	0.0198975
-2.00707e-008	0.0154541
-2.00457e-008	0.0249756
-2.00207e-008	0.0366699
-1.99957e-008	0.0289795
-1.99707e-008	0.0239258
-1.99457e-008	0.0294922
-1.99207e-008	0.0194336
-1.98957e-008	0.02854
-1.98707e-008	0.040918
-1.98457e-008	0.0210938
-1.98207e-008	0.0195313
-1.97957e-008	0.026294
-1.97707e-008	0.0250244
-1.97457e-008	0.0337891
-1.97207e-008	0.0355469
-1.96957e-008	0.0346436
-1.96707e-008	0.0226563
-1.96457e-008	0.0109619
-1.96207e-008	0.0230957
-1.95957e-008	0.0222656
-1.95707e-008	0.0205566
-1.95457e-008	0.029419
-1.95207e-008	0.0271973
-1.94957e-008	0.0365234
-1.94707e-008	0.036377
-1.94457e-008	0.0192871
-1.94207e-008	0.0192139
-1.93957e-008	0.0237061
-1.93707e-008	0.0228516
-1.93457e-008	0.0264404
-1.93207e-008	0.0409912
-1.92957e-008	0.0436279
-1.92707e-008	0.0255371
-1.92457e-008	0.0249024
-1.92207e-008	0.0347168
-1.91957e-008	0.0236816
-1.91707e-008	0.0154297
-1.91457e-008	0.0233399
-1.91207e-008	0.0242432
-1.90957e-008	0.0203125
-1.90707e-008	0.0135254
-1.90457e-008	0.00991212
-1.90207e-008	0.0297852
-1.89957e-008	0.0425293
-1.89707e-008	0.032251
-1.89457e-008	0.0358154
-1.89207e-008	0.0421387
-1.88957e-008	0.0268066
-1.88707e-008	0.0181885
-1.88457e-008	0.0225098
-1.88207e-008	0.0257813
-1.87957e-008	0.0314941
-1.87707e-008	0.0296387
-1.87457e-008	0.0307861
-1.87207e-008	0.0351807
-1.86957e-008	0.0235107
-1.86707e-008	0.0168945
-1.86457e-008	0.0143066
-1.86207e-008	0.0151123
-1.85957e-008	0.0211914
-1.85707e-008	0.0180664
-1.85457e-008	0.0296875
-1.85207e-008	0.0392334
-1.84957e-008	0.0261963
-1.84707e-008	0.0203125
-1.84457e-008	0.0229492
-1.84207e-008	0.0220459
-1.83957e-008	0.0194336
-1.83707e-008	0.0233399
-1.83457e-008	0.028418
-1.83207e-008	0.0326904
-1.82957e-008	0.03396
-1.82707e-008	0.0212158
-1.82457e-008	0.0161377
-1.82207e-008	0.0229736
-1.81957e-008	0.0287842
-1.81707e-008	0.0346436
-1.81457e-008	0.0273682
-1.81207e-008	0.022168
-1.80957e-008	0.026709
-1.80707e-008	0.0178467
-1.80457e-008	0.0136963
-1.80207e-008	0.0206055
-1.79957e-008	0.0199951
-1.79707e-008	0.022876
-1.79457e-008	0.0262451
-1.79207e-008	0.0300293
-1.78957e-008	0.0295166
-1.78707e-008	0.0135986
-1.78457e-008	0.0158936
-1.78207e-008	0.0280762
-1.77957e-008	0.0284912
-1.77707e-008	0.0291748
-1.77457e-008	0.0239502
-1.77207e-008	0.0213379
-1.76957e-008	0.0320557
-1.76707e-008	0.0422363
-1.76457e-008	0.0316162
-1.76207e-008	0.0206787
-1.75957e-008	0.029419
-1.75707e-008	0.0251709
-1.75457e-008	0.018042
-1.75207e-008	0.0294434
-1.74957e-008	0.02771
-1.74707e-008	0.0109375
-1.74457e-008	0.0162109
-1.74207e-008	0.0295899
-1.73957e-008	0.0327881
-1.73707e-008	0.0404785
-1.73457e-008	0.0285156
-1.73207e-008	0.0212647
-1.72957e-008	0.0472168
-1.72707e-008	0.0437012
-1.72457e-008	0.0171631
-1.72207e-008	0.0155274
-1.71957e-008	0.0209473
-1.71707e-008	0.0254883
-1.71457e-008	0.0298828
-1.71207e-008	0.0289551
-1.70957e-008	0.0317139
-1.70707e-008	0.0246094
-1.70457e-008	0.0194092
-1.70207e-008	0.0342774
-1.69957e-008	0.0329834
-1.69707e-008	0.0229004
-1.69457e-008	0.0243164
-1.69207e-008	0.023877
-1.68957e-008	0.0240967
-1.68707e-008	0.0176025
-1.68457e-008	0.0229248
-1.68207e-008	0.0373291
-1.67957e-008	0.0188232
-1.67707e-008	0.0120361
-1.67457e-008	0.0374268
-1.67207e-008	0.0417236
-1.66957e-008	0.0317871
-1.66707e-008	0.022583
-1.66457e-008	0.0157959
-1.66207e-008	0.0215332
-1.65957e-008	0.0251465
-1.65707e-008	0.0296143
-1.65457e-008	0.0314453
-1.65207e-008	0.0148926
-1.64957e-008	0.0145508
-1.64707e-008	0.0324951
-1.64457e-008	0.0300781
-1.64207e-008	0.0274902
-1.63957e-008	0.0335693
-1.63707e-008	0.0213867
-1.63457e-008	0.0105957
-1.63207e-008	0.0300781
-1.62957e-008	0.0490479
-1.62707e-008	0.0260498
-1.62457e-008	0.00541993
-1.62207e-008	0.0190918
-1.61957e-008	0.0137695
-1.61707e-008	0.00651856
-1.61457e-008	0.0286377
-1.61207e-008	0.0329102
-1.60957e-008	0.0243897
-1.60707e-008	0.0246826
-1.60457e-008	0.0174805
-1.60207e-008	0.0184082
-1.59957e-008	0.0280762
-1.59707e-008	0.0243652
-1.59457e-008	0.0199219
-1.59207e-008	0.0218506
-1.58957e-008	0.0171631
-1.58707e-008	0.0108399
-1.58457e-008	0.0233399
-1.58207e-008	0.0418457
-1.57957e-008	0.0364258
-1.57707e-008	0.0214844
-1.57457e-008	0.0147949
-1.57207e-008	0.0245117
-1.56957e-008	0.0420899
-1.56707e-008	0.0327393
-1.56457e-008	0.0152588
-1.56207e-008	0.0124268
-1.55957e-008	0.0161133
-1.55707e-008	0.0295654
-1.55457e-008	0.0291748
-1.55207e-008	0.0224609
-1.54957e-008	0.0330566
-1.54707e-008	0.0282471
-1.54457e-008	0.0185059
-1.54207e-008	0.025708
-1.53957e-008	0.0254883
-1.53707e-008	0.0267822
-1.53457e-008	0.0310791
-1.53207e-008	0.0304932
-1.52957e-008	0.0271484
-1.52707e-008	0.00942384
-1.52457e-008	0.0185303
-1.52207e-008	0.0512695
-1.51957e-008	0.0429443
-1.51707e-008	0.0172607
-1.51457e-008	0.00893555
-1.51207e-008	0.0149414
-1.50957e-008	0.0254883
-1.50707e-008	0.0255615
-1.50457e-008	0.0279297
-1.50207e-008	0.0335205
-1.49957e-008	0.0265381
-1.49707e-008	0.0198731
-1.49457e-008	0.0273193
-1.49207e-008	0.0351563
-1.48957e-008	0.0349121
-1.48707e-008	0.0253906
-1.48457e-008	0.018457
-1.48207e-008	0.026294
-1.47957e-008	0.0293701
-1.47707e-008	0.0307129
-1.47457e-008	0.0393066
-1.47207e-008	0.0394775
-1.46957e-008	0.027124
-1.46707e-008	0.0168701
-1.46457e-008	0.0256348
-1.46207e-008	0.0333252
-1.45957e-008	0.027832
-1.45707e-008	0.0305176
-1.45457e-008	0.035791
-1.45207e-008	0.036792
-1.44957e-008	0.0386963
-1.44707e-008	0.0301758
-1.44457e-008	0.0222412
-1.44207e-008	0.0270508
-1.43957e-008	0.0291016
-1.43707e-008	0.0240967
-1.43457e-008	0.018042
-1.43207e-008	0.0249024
-1.42957e-008	0.0276611
-1.42707e-008	0.0163086
-1.42457e-008	0.0251221
-1.42207e-008	0.031665
-1.41957e-008	0.0230225
-1.41707e-008	0.027002
-1.41457e-008	0.0332031
-1.41207e-008	0.0385986
-1.40957e-008	0.0337402
-1.40707e-008	0.0167236
-1.40457e-008	0.0217285
-1.40207e-008	0.0361572
-1.39957e-008	0.0245606
-1.39707e-008	0.00961915
-1.39457e-008	0.0144043
-1.39207e-008	0.0225342
-1.38957e-008	0.0334717
-1.38707e-008	0.0304443
-1.38457e-008	0.0125977
-1.38207e-008	0.0195068
-1.37957e-008	0.0289795
-1.37707e-008	0.0246826
-1.37457e-008	0.0224854
-1.37207e-008	0.0275391
-1.36957e-008	0.0321045
-1.36707e-008	0.013501
-1.36457e-008	0.0165772
-1.36207e-008	0.0405029
-1.35957e-008	0.0389404
-1.35707e-008	0.0400147
-1.35457e-008	0.0314697
-1.35207e-008	0.0260254
-1.34957e-008	0.0472656
-1.34707e-008	0.0390137
-1.34457e-008	0.0210693
-1.34207e-008	0.0238281
-1.33957e-008	0.0142822
-1.33707e-008	0.00837403
-1.33457e-008	0.0227539
-1.33207e-008	0.0339111
-1.32957e-008	0.0271973
-1.32707e-008	0.0189209
-1.32457e-008	0.0247315
-1.32207e-008	0.026294
-1.31957e-008	0.0243164
-1.31707e-008	0.0265137
-1.31457e-008	0.0269043
-1.31207e-008	0.032544
-1.30957e-008	0.035083
-1.30707e-008	0.0294922
-1.30457e-008	0.0274658
-1.30207e-008	0.0316162
-1.29957e-008	0.0339111
-1.29707e-008	0.0322754
-1.29457e-008	0.0335938
-1.29207e-008	0.0289063
-1.28957e-008	0.0210693
-1.28707e-008	0.0280518
-1.28457e-008	0.0317871
-1.28207e-008	0.0185303
-1.27957e-008	0.0232178
-1.27707e-008	0.0357178
-1.27457e-008	0.0210449
-1.27207e-008	0.020166
-1.26957e-008	0.0329102
-1.26707e-008	0.0214111
-1.26457e-008	0.0128662
-1.26207e-008	0.0226563
-1.25957e-008	0.0302002
-1.25707e-008	0.0256836
-1.25457e-008	0.0242432
-1.25207e-008	0.0267334
-1.24957e-008	0.0205322
-1.24707e-008	0.0209229
-1.24457e-008	0.0235352
-1.24207e-008	0.019458
-1.23957e-008	0.0235352
-1.23707e-008	0.0258545
-1.23457e-008	0.0223877
-1.23207e-008	0.0324951
-1.22957e-008	0.0412354
-1.22707e-008	0.030249
-1.22457e-008	0.0255127
-1.22207e-008	0.0265137
-1.21957e-008	0.0228272
-1.21707e-008	0.0268066
-1.21457e-008	0.0251221
-1.21207e-008	0.0342041
-1.20957e-008	0.040625
-1.20707e-008	0.0128418
-1.20457e-008	0.0128906
-1.20207e-008	0.0357178
-1.19957e-008	0.0318115
-1.19707e-008	0.0228027
-1.19457e-008	0.0147461
-1.19207e-008	0.0135742
-1.18957e-008	0.0307861
-1.18707e-008	0.0420899
-1.18457e-008	0.0279541
-1.18207e-008	0.0187988
-1.17957e-008	0.0319336
-1.17707e-008	0.0353272
-1.17457e-008	0.0306885
-1.17207e-008	0.031665
-1.16957e-008	0.0211182
-1.16707e-008	0.00983887
-1.16457e-008	0.0183838
-1.16207e-008	0.0262207
-1.15957e-008	0.0276611
-1.15707e-008	0.0263184
-1.15457e-008	0.0216797
-1.15207e-008	0.0362793
-1.14957e-008	0.0411865
-1.14707e-008	0.0206055
-1.14457e-008	0.0159912
-1.14207e-008	0.0186524
-1.13957e-008	0.0212402
-1.13707e-008	0.0290039
-1.13457e-008	0.0298828
-1.13207e-008	0.0320801
-1.12957e-008	0.0327881
-1.12707e-008	0.025415
-1.12457e-008	0.0149902
-1.12207e-008	0.0202393
-1.11957e-008	0.0323242
-1.11707e-008	0.0176025
-1.11457e-008	0.0176025
-1.11207e-008	0.0379639
-1.10957e-008	0.0247315
-1.10707e-008	0.00795899
-1.10457e-008	0.0167236
-1.10207e-008	0.0256592
-1.09957e-008	0.0224365
-1.09707e-008	0.0202881
-1.09457e-008	0.0244629
-1.09207e-008	0.0258545
-1.08957e-008	0.0358887
-1.08707e-008	0.0501709
-1.08457e-008	0.0418945
-1.08207e-008	0.0231445
-1.07957e-008	0.0289307
-1.07707e-008	0.0394775
-1.07457e-008	0.0278565
-1.07207e-008	0.0342529
-1.06957e-008	0.042627
-1.06707e-008	0.0142822
-1.06457e-008	0.0103272
-1.06207e-008	0.030542
-1.05957e-008	0.0248047
-1.05707e-008	0.0208008
-1.05457e-008	0.0278076
-1.05207e-008	0.035669
-1.04957e-008	0.0369629
-1.04707e-008	0.0222412
-1.04457e-008	0.0250488
-1.04207e-008	0.042627
-1.03957e-008	0.0422363
-1.03707e-008	0.0290283
-1.03457e-008	0.0130615
-1.03207e-008	0.0137451
-1.02957e-008	0.0283203
-1.02707e-008	0.0213135
-1.02457e-008	0.00891114
-1.02207e-008	0.0160889
-1.01957e-008	0.023584
-1.01707e-008	0.0253662
-1.01457e-008	0.023584
-1.01207e-008	0.0232422
-1.00957e-008	0.0302246
-1.00707e-008	0.0288086
-1.00457e-008	0.0220459
-1.00207e-008	0.0271973
-9.995703e-009	0.0356445
-9.970703e-009	0.0279541
-9.945703e-009	0.0178955
-9.920703e-009	0.0268311
-9.895703e-009	0.035083
-9.870703e-009	0.0274658
-9.845703e-009	0.0193604
-9.820703e-009	0.0218018
-9.795703e-009	0.0287109
-9.770703e-009	0.026001
-9.745703e-009	0.0188232
-9.720703e-009	0.0302979
-9.695703e-009	0.0412109
-9.670703e-009	0.0266358
-9.645703e-009	0.0211914
-9.620703e-009	0.0241943
-9.595703e-009	0.0252441
-9.570703e-009	0.0390625
-9.545703e-009	0.0261963
-9.520703e-009	0.013501
-9.495703e-009	0.0340576
-9.470703e-009	0.0192139
-9.445703e-009	0.00642091
-9.420703e-009	0.0336426
-9.395703e-009	0.0286865
-9.370703e-009	0.022583
-9.345703e-009	0.0380859
-9.320703e-009	0.0269775
-9.295703e-009	0.0209229
-9.270703e-009	0.029419
-9.245703e-009	0.0275391
-9.220703e-009	0.0280029
-9.195703e-009	0.0291016
-9.170703e-009	0.0283936
-9.145703e-009	0.0279053
-9.120703e-009	0.0280762
-9.095703e-009	0.0331299
-9.070703e-009	0.0318359
-9.045703e-009	0.0249024
-9.020703e-009	0.0198975
-8.995703e-009	0.0179688
-8.970703e-009	0.0227051
-8.945703e-009	0.0210938
-8.920703e-009	0.0218506
-8.895703e-009	0.0298584
-8.870703e-009	0.0249268
-8.845703e-009	0.0264649
-8.820703e-009	0.0280518
-8.795703e-009	0.0225342
-8.770703e-009	0.033374
-8.745703e-009	0.0295654
-8.720703e-009	0.0175781
-8.695703e-009	0.0250977
-8.670703e-009	0.023584
-8.645703e-009	0.0166748
-8.620703e-009	0.0193359
-8.595703e-009	0.0202637
-8.570703e-009	0.0218018
-8.545703e-009	0.0286377
-8.520703e-009	0.0364258
-8.495703e-009	0.034082
-8.470703e-009	0.0157471
-8.445703e-009	0.0161865
-8.420703e-009	0.0433594
-8.395703e-009	0.0413086
-8.370703e-009	0.0228516
-8.345703e-009	0.0306152
-8.320703e-009	0.0354248
-8.295703e-009	0.0249024
-8.270703e-009	0.019043
-8.245703e-009	0.0251465
-8.220703e-009	0.0329346
-8.195703e-009	0.0259033
-8.170703e-009	0.0218018
-8.145703e-009	0.0285889
-8.120703e-009	0.0289551
-8.095703e-009	0.0255859
-8.070703e-009	0.0224854
-8.045703e-009	0.0195557
-8.020703e-009	0.0145264
-7.995703e-009	0.015918
-7.970703e-009	0.0292236
-7.945703e-009	0.0320313
-7.920703e-009	0.0252686
-7.895703e-009	0.0221191
-7.870703e-009	0.0225342
-7.845703e-009	0.0186279
-7.820703e-009	0.0170899
-7.795703e-009	0.0330078
-7.770703e-009	0.0343994
-7.745703e-009	0.022168
-7.720703e-009	0.0280518
-7.695703e-009	0.0349854
-7.670703e-009	0.0329102
-7.645703e-009	0.0244629
-7.620703e-009	0.0221436
-7.595703e-009	0.0246094
-7.570703e-009	0.0229492
-7.545703e-009	0.0279053
-7.520703e-009	0.0265869
-7.495703e-009	0.0259522
-7.470703e-009	0.0249268
-7.445703e-009	0.0192871
-7.420703e-009	0.0294678
-7.395703e-009	0.0296875
-7.370703e-009	0.0188477
-7.345703e-009	0.0152588
-7.320703e-009	0.0237061
-7.295703e-009	0.0391602
-7.270703e-009	0.0351318
-7.245703e-009	0.0367188
-7.220703e-009	0.0384522
-7.195703e-009	0.0230713
-7.170703e-009	0.0268799
-7.145703e-009	0.0259522
-7.120703e-009	0.0226074
-7.095703e-009	0.0422852
-7.070703e-009	0.0334473
-7.045703e-009	0.0127197
-7.020703e-009	0.0323731
-6.995703e-009	0.0425293
-6.970703e-009	0.0286621
-6.945703e-009	0.0320557
-6.920703e-009	0.0303223
-6.895703e-009	0.0235107
-6.870703e-009	0.0302002
-6.845703e-009	0.0268066
-6.820703e-009	0.0201416
-6.795703e-009	0.0257324
-6.770703e-009	0.0327149
-6.745703e-009	0.0299805
-6.720703e-009	0.0279297
-6.695703e-009	0.029419
-6.670703e-009	0.0190674
-6.645703e-009	0.0278565
-6.620703e-009	0.04729
-6.595703e-009	0.0329346
-6.570703e-009	0.0207275
-6.545703e-009	0.023584
-6.520703e-009	0.0258301
-6.495703e-009	0.0308838
-6.470703e-009	0.0221436
-6.445703e-009	0.0156006
-6.420703e-009	0.025415
-6.395703e-009	0.0261231
-6.370703e-009	0.0242432
-6.345703e-009	0.0247315
-6.320703e-009	0.0233399
-6.295703e-009	0.031958
-6.270703e-009	0.0268066
-6.245703e-009	0.0225098
-6.220703e-009	0.0365479
-6.195703e-009	0.0245606
-6.170703e-009	0.0139649
-6.145703e-009	0.0252197
-6.120703e-009	0.0330566
-6.095703e-009	0.0294678
-6.070703e-009	0.0135986
-6.045703e-009	0.0226074
-6.020703e-009	0.0328369
-5.995703e-009	0.0198731
-5.970703e-009	0.0243652
-5.945703e-009	0.0261719
-5.920703e-009	0.0217041
-5.895703e-009	0.0296631
-5.870703e-009	0.0281738
-5.845703e-009	0.0234375
-5.820703e-009	0.0227539
-5.795703e-009	0.0265137
-5.770703e-009	0.0412598
-5.745703e-009	0.0383057
-5.720703e-009	0.0325195
-5.695703e-009	0.0341553
-5.670703e-009	0.00874024
-5.645703e-009	0.0067627
-5.620703e-009	0.0310791
-5.595703e-009	0.0254639
-5.570703e-009	0.0223145
-5.545703e-009	0.0273438
-5.520703e-009	0.0303223
-5.495703e-009	0.0439697
-5.470703e-009	0.0360596
-5.445703e-009	0.0167969
-5.420703e-009	0.0250488
-5.395703e-009	0.031665
-5.370703e-009	0.0232422
-5.345703e-009	0.0226563
-5.320703e-009	0.0314453
-5.295703e-009	0.0342041
-5.270703e-009	0.0219971
-5.245703e-009	0.0277588
-5.220703e-009	0.0383301
-5.195703e-009	0.0208252
-5.170703e-009	0.0199219
-5.145703e-009	0.0270508
-5.120703e-009	0.0218506
-5.095703e-009	0.0248779
-5.070703e-009	0.0199951
-5.045703e-009	0.0190918
-5.020703e-009	0.0263428
-4.995703e-009	0.0224121
-4.970703e-009	0.0170899
-4.945703e-009	0.013208
-4.920703e-009	0.025293
-4.895703e-009	0.0412354
-4.870703e-009	0.0292725
-4.845703e-009	0.0259033
-4.820703e-009	0.0387207
-4.795703e-009	0.0387695
-4.770703e-009	0.0401123
-4.745703e-009	0.0331055
-4.720703e-009	0.0204102
-4.695703e-009	0.0266358
-4.670703e-009	0.0255859
-4.645703e-009	0.0178711
-4.620703e-009	0.0263916
-4.595703e-009	0.0219971
-4.570703e-009	0.0140625
-4.545703e-009	0.0306152
-4.520703e-009	0.0371582
-4.495703e-009	0.0333496
-4.470703e-009	0.0268066
-4.445703e-009	0.0183838
-4.420703e-009	0.0384033
-4.395703e-009	0.0453858
-4.370703e-009	0.0285889
-4.345703e-009	0.0306152
-4.320703e-009	0.0326172
-4.295703e-009	0.0318604
-4.270703e-009	0.0253906
-4.245703e-009	0.0175049
-4.220703e-009	0.0299316
-4.195703e-009	0.0318848
-4.170703e-009	0.0194092
-4.145703e-009	0.0140381
-4.120703e-009	0.020166
-4.095703e-009	0.0303955
-4.070703e-009	0.0225342
-4.045703e-009	0.0172363
-4.020703e-009	0.0233399
-3.995703e-009	0.0228027
-3.970703e-009	0.0338623
-3.945703e-009	0.0342285
-3.920703e-009	0.0173584
-3.895703e-009	0.0327637
-3.870703e-009	0.0398438
-3.845703e-009	0.0220459
-3.820703e-009	0.0307861
-3.795703e-009	0.0361816
-3.770703e-009	0.0301514
-3.745703e-009	0.0304688
-3.720703e-009	0.0270996
-3.695703e-009	0.0312988
-3.670703e-009	0.0294678
-3.645703e-009	0.0259277
-3.620703e-009	0.0335938
-3.595703e-009	0.0303955
-3.570703e-009	0.019165
-3.545703e-009	0.0155274
-3.520703e-009	0.0282959
-3.495703e-009	0.0438233
-3.470703e-009	0.0385986
-3.445703e-009	0.0258545
-3.420703e-009	0.025415
-3.395703e-009	0.0298096
-3.370703e-009	0.0261719
-3.345703e-009	0.0143555
-3.320703e-009	0.0167725
-3.295703e-009	0.042627
-3.270703e-009	0.0455078
-3.245703e-009	0.0263184
-3.220703e-009	0.0278076
-3.195703e-009	0.0261475
-3.170703e-009	0.0171875
-3.145703e-009	0.0201416
-3.120703e-009	0.0239014
-3.095703e-009	0.0234131
-3.070703e-009	0.0178711
-3.045703e-009	0.020874
-3.020703e-009	0.0304932
-2.995703e-009	0.0261475
-2.970703e-009	0.0236328
-2.945703e-009	0.0330322
-2.920703e-009	0.0358399
-2.895703e-009	0.0304443
-2.870703e-009	0.0242188
-2.845703e-009	0.0209961
-2.820703e-009	0.0280518
-2.795703e-009	0.02771
-2.770703e-009	0.0148682
-2.745703e-009	0.0223145
-2.720703e-009	0.0391846
-2.695703e-009	0.0371094
-2.670703e-009	0.0219727
-2.645703e-009	0.0116211
-2.620703e-009	0.0160645
-2.595703e-009	0.020459
-2.570703e-009	0.0266602
-2.545703e-009	0.03125
-2.520703e-009	0.0314697
-2.495703e-009	0.035791
-2.470703e-009	0.02229
-2.445703e-009	0.0197266
-2.420703e-009	0.029126
-2.395703e-009	0.0143311
-2.370703e-009	0.021582
-2.345703e-009	0.0400147
-2.320703e-009	0.0386963
-2.295703e-009	0.0333984
-2.270703e-009	0.0138672
-2.245703e-009	0.0130615
-2.220703e-009	0.03479
-2.195703e-009	0.0340332
-2.170703e-009	0.0216797
-2.145703e-009	0.0162109
-2.120703e-009	0.0251221
-2.095703e-009	0.0333252
-2.070703e-009	0.0178467
-2.045703e-009	0.00983887
-2.020703e-009	0.022168
-1.995703e-009	0.0269531
-1.970703e-009	0.0227051
-1.945703e-009	0.0174316
-1.920703e-009	0.0185059
-1.895703e-009	0.020874
-1.870703e-009	0.0178223
-1.845703e-009	0.0303467
-1.820703e-009	0.0398926
-1.795703e-009	0.0271484
-1.770703e-009	0.0211182
-1.745703e-009	0.0213135
-1.720703e-009	0.0179932
-1.695703e-009	0.0229492
-1.670703e-009	0.0363281
-1.645703e-009	0.0361084
-1.620703e-009	0.0252441
-1.595703e-009	0.0215576
-1.570703e-009	0.0106445
-1.545703e-009	0.0180908
-1.520703e-009	0.0425049
-1.495703e-009	0.0308594
-1.470703e-009	0.0170654
-1.445703e-009	0.0244873
-1.420703e-009	0.0275147
-1.395703e-009	0.0309815
-1.370703e-009	0.0326172
-1.345703e-009	0.0253662
-1.320703e-009	0.0194092
-1.295703e-009	0.023584
-1.270703e-009	0.0161377
-1.245703e-009	0.0119629
-1.220703e-009	0.0292725
-1.195703e-009	0.0246338
-1.170703e-009	0.0209473
-1.145703e-009	0.0250244
-1.120703e-009	0.0182129
-1.095703e-009	0.0292236
-1.070703e-009	0.0239258
-1.045703e-009	0.0170899
-1.020703e-009	0.0309082
-9.957031e-010	0.0295654
-9.707031e-010	0.0351074
-9.457031e-010	0.0277832
-9.207031e-010	0.00893555
-8.957031e-010	0.0143799
-8.707031e-010	0.013208
-8.457031e-010	0.0181397
-8.207031e-010	0.0281983
-7.957031e-010	0.0226074
-7.707031e-010	0.0300781
-7.457031e-010	0.0404053
-7.207031e-010	0.0437012
-6.957031e-010	0.0438233
-6.707031e-010	0.0329834
-6.457031e-010	0.026001
-6.207031e-010	0.0274414
-5.957031e-010	0.0252441
-5.707031e-010	0.0179932
-5.457031e-010	0.0183106
-5.207031e-010	0.0292725
-4.957031e-010	0.0416016
-4.707031e-010	0.0406983
-4.457031e-010	0.0245606
-4.207031e-010	0.0192627
-3.957031e-010	0.0136719
-3.707031e-010	0.00527345
-3.457031e-010	0.0119141
-3.207031e-010	0.00749512
-2.957031e-010	-0.000512688
-2.707031e-010	-0.0146484
-2.457031e-010	-0.0345459
-2.207031e-010	-0.0318603
-1.957031e-010	-0.051416
-1.707031e-010	-0.0920166
-1.457031e-010	-0.122388
-1.207031e-010	-0.151294
-9.570312e-011	-0.161353
-7.070312e-011	-0.183984
-4.570312e-011	-0.231836
-2.070312e-011	-0.267896
4.296875e-012	-0.308301
2.929688e-011	-0.362158
5.429688e-011	-0.405005
7.929688e-011	-0.433521
1.042969e-010	-0.475952
1.292969e-010	-0.529297
1.542969e-010	-0.565356
1.792969e-010	-0.595825
2.042969e-010	-0.633398
2.292969e-010	-0.661963
2.542969e-010	-0.66272
2.792969e-010	-0.660522
3.042969e-010	-0.678198
3.292969e-010	-0.68103
3.542969e-010	-0.669727
3.792969e-010	-0.660107
4.042969e-010	-0.630615
4.292969e-010	-0.601147
4.542969e-010	-0.581152
4.792969e-010	-0.54563
5.042969e-010	-0.507397
5.292969e-010	-0.452002
5.542969e-010	-0.397827
5.792969e-010	-0.380273
6.042969e-010	-0.340332
6.292969e-010	-0.29209
6.542969e-010	-0.252246
6.792969e-010	-0.189282
7.042969e-010	-0.158398
7.292969e-010	-0.13269
7.542969e-010	-0.0878906
7.792969e-010	-0.0786377
8.042969e-010	-0.0596191
8.292969e-010	-0.0242187
8.542969e-010	-0.0106934
8.792969e-010	0.00295411
9.042969e-010	0.0126709
9.292969e-010	0.0162842
9.542969e-010	0.0316162
9.792969e-010	0.0520508
1.004297e-009	0.0555176
1.029297e-009	0.0516846
1.054297e-009	0.0692383
1.079297e-009	0.0854981
1.104297e-009	0.0725098
1.129297e-009	0.0467285
1.154297e-009	0.0520752
1.179297e-009	0.0905762
1.204297e-009	0.0979981
1.229297e-009	0.0738525
1.254297e-009	0.0663574
1.279297e-009	0.0724609
1.304297e-009	0.0756592
1.329297e-009	0.0677246
1.354297e-009	0.0555176
1.379297e-009	0.0602539
1.404297e-009	0.0696777
1.429297e-009	0.0587891
1.454297e-009	0.0480225
1.479297e-009	0.0490479
1.504297e-009	0.0412842
1.529297e-009	0.0307861
1.554297e-009	0.0226563
1.579297e-009	0.0116943
1.604297e-009	0.00791016
1.629297e-009	0.0060547
1.654297e-009	-0.00322265
1.679297e-009	0.00419923
1.704297e-009	0.0193604
1.729297e-009	-0.00371093
1.754297e-009	-0.025
1.779297e-009	-0.00825195
1.804297e-009	-0.00646972
1.829297e-009	-0.0168457
1.854297e-009	-0.011084
1.879297e-009	-0.0187988
1.904297e-009	-0.0246582
1.929297e-009	-0.0130859
1.954297e-009	-0.0165039
1.979297e-009	-0.00703124
2.004297e-009	0.0090088
2.029297e-009	-0.00336913
2.054297e-009	0.00124512
2.079297e-009	0.0081543
2.104297e-009	2.44215e-005
2.129297e-009	0.0114746
2.154297e-009	0.0192627
2.179297e-009	0.0218018
2.204297e-009	0.0287354
2.229297e-009	0.0262695
2.254297e-009	0.0283203
2.279297e-009	0.0384033
2.304297e-009	0.0407471
2.329297e-009	0.0289307
2.354297e-009	0.0229248
2.379297e-009	0.0389893
2.404297e-009	0.0399658
2.429297e-009	0.0172363
2.454297e-009	0.0224365
2.479297e-009	0.0314453
2.504297e-009	0.0205811
2.529297e-009	0.0298584
2.554297e-009	0.0403076
2.579297e-009	0.0404053
2.604297e-009	0.0359375
2.629297e-009	0.0297852
2.654297e-009	0.0408203
2.679297e-009	0.0355225
2.704297e-009	0.0201416
2.729297e-009	0.0258789
2.754297e-009	0.0267822
2.779297e-009	0.0199707
2.804297e-009	0.0204834
2.829297e-009	0.0261963
2.854297e-009	0.0214356
2.879297e-009	0.019751
2.904297e-009	0.0344238
2.929297e-009	0.0130615
2.954297e-009	-0.0130615
2.979297e-009	0.00886231
3.004297e-009	0.0174561
3.029297e-009	0.0117676
3.054297e-009	0.00905762
3.079297e-009	-0.000146477
3.104297e-009	0.0151367
3.129297e-009	0.0221436
3.154297e-009	0.011499
3.179297e-009	0.0238525
3.204297e-009	0.0332764
3.229297e-009	0.0305664
3.254297e-009	0.0305176
3.279297e-009	0.0308838
3.304297e-009	0.0468262
3.329297e-009	0.0609375
3.354297e-009	0.0454346
3.379297e-009	0.0399414
3.404297e-009	0.0558106
3.429297e-009	0.0538818
3.454297e-009	0.0486816
3.479297e-009	0.0540039
3.504297e-009	0.0589111
3.529297e-009	0.0657471
3.554297e-009	0.0630615
3.579297e-009	0.0470459
3.604297e-009	0.0336426
3.629297e-009	0.0357178
3.654297e-009	0.0333984
3.679297e-009	0.0250488
3.704297e-009	0.0319092
3.729297e-009	0.0153076
3.754297e-009	-0.000488274
3.779297e-009	0.0210693
3.804297e-009	0.0141357
3.829297e-009	0.002417
3.854297e-009	0.0111328
3.879297e-009	-0.0119141
3.904297e-009	-0.0207031
3.929297e-009	-0.00622558
3.954297e-009	-0.0134277
3.979297e-009	0.000146492
4.004297e-009	0.0162842
4.029297e-009	-0.00148925
4.054297e-009	-0.0136719
4.079297e-009	-0.0108887
4.104297e-009	-0.00703124
4.129297e-009	-0.0202881
4.154297e-009	-0.0145508
4.179297e-009	0.0164063
4.204297e-009	0.0136719
4.229297e-009	0.0159912
4.254297e-009	0.0213135
4.279297e-009	0.0188721
4.304297e-009	0.0351318
4.329297e-009	0.0258057
4.354297e-009	0.0270752
4.379297e-009	0.0453369
4.404297e-009	0.0397217
4.429297e-009	0.0457031
4.454297e-009	0.0556885
4.479297e-009	0.0703858
4.504297e-009	0.0793213
4.529297e-009	0.0626221
4.554297e-009	0.0586914
4.579297e-009	0.0570068
4.604297e-009	0.0504639
4.629297e-009	0.0578125
4.654297e-009	0.0602051
4.679297e-009	0.0565918
4.704297e-009	0.067749
4.729297e-009	0.0735352
4.754297e-009	0.0414307
4.779297e-009	0.0225098
4.804297e-009	0.0342529
4.829297e-009	0.0266846
4.854297e-009	0.0228027
4.879297e-009	0.0243652
4.904297e-009	0.0190674
4.929297e-009	0.0210693
4.954297e-009	0.0107422
4.979297e-009	0.00490723
5.004297e-009	0.000732429
5.029297e-009	-0.018457
5.054297e-009	-0.0108154
5.079297e-009	0.00649415
5.104297e-009	-0.00583495
5.129297e-009	-0.00742187
5.154297e-009	0.00578614
5.179297e-009	-0.00493163
5.204297e-009	-0.0189209
5.229297e-009	-0.0190918
5.254297e-009	-0.00588378
5.279297e-009	0.0161133
5.304297e-009	0.0153076
5.329297e-009	0.00114747
5.354297e-009	0.00678712
5.379297e-009	0.0163818
5.404297e-009	0.0155518
5.429297e-009	0.0219727
5.454297e-009	0.0280518
5.479297e-009	0.0287109
5.504297e-009	0.0312012
5.529297e-009	0.0236816
5.554297e-009	0.028418
5.579297e-009	0.0368652
5.604297e-009	0.0246826
5.629297e-009	0.0240234
5.654297e-009	0.0264649
5.679297e-009	0.0302246
5.704297e-009	0.0408936
5.729297e-009	0.0335205
5.754297e-009	0.0365234
5.779297e-009	0.0454834
5.804297e-009	0.0414307
5.829297e-009	0.0428711
5.854297e-009	0.0412842
5.879297e-009	0.0424072
5.904297e-009	0.0427979
5.929297e-009	0.0368408
5.954297e-009	0.0341797
5.979297e-009	0.0273193
6.004297e-009	0.0304443
6.029297e-009	0.0421143
6.054297e-009	0.0440674
6.079297e-009	0.0443604
6.104297e-009	0.0418213
6.129297e-009	0.0288574
6.154297e-009	0.0194824
6.179297e-009	0.0248535
6.204297e-009	0.0274902
6.229297e-009	0.0212402
6.254297e-009	0.0204346
6.279297e-009	0.0268555
6.304297e-009	0.0266602
6.329297e-009	0.0126953
6.354297e-009	0.00456544
6.379297e-009	0.00681153
6.404297e-009	0.00292969
6.429297e-009	0.002417
6.454297e-009	0.00781251
6.479297e-009	0.00930177
6.504297e-009	0.0142822
6.529297e-009	0.00688477
6.554297e-009	-0.00200195
6.579297e-009	0.0164063
6.604297e-009	0.0192139
6.629297e-009	-0.00656738
6.654297e-009	-0.00444335
6.679297e-009	0.0275879
6.704297e-009	0.0295654
6.729297e-009	0.00827637
6.754297e-009	0.0114746
6.779297e-009	0.0194336
6.804297e-009	0.0167236
6.829297e-009	0.0164795
6.854297e-009	0.0182129
6.879297e-009	0.0244629
6.904297e-009	0.0354492
6.929297e-009	0.0390869
6.954297e-009	0.031958
6.979297e-009	0.030127
7.004297e-009	0.0315918
7.029297e-009	0.03125
7.054297e-009	0.0293945
7.079297e-009	0.0256104
7.104297e-009	0.0419922
7.129297e-009	0.0497803
7.154297e-009	0.0300537
7.179297e-009	0.0374268
7.204297e-009	0.0474121
7.229297e-009	0.0275147
7.254297e-009	0.0293701
7.279297e-009	0.0399414
7.304297e-009	0.0233154
7.329297e-009	0.018457
7.354297e-009	0.033252
7.379297e-009	0.0341309
7.404297e-009	0.0259522
7.429297e-009	0.0175781
7.454297e-009	0.00456544
7.479297e-009	0.0100342
7.504297e-009	0.0268799
7.529297e-009	0.0180176
7.554297e-009	0.0097168
7.579297e-009	0.0179443
7.604297e-009	0.0150635
7.629297e-009	0.00612794
7.654297e-009	0.00393067
7.679297e-009	0.0126953
7.704297e-009	0.0154785
7.729297e-009	0.00847169
7.754297e-009	0.0209229
7.779297e-009	0.027124
7.804297e-009	0.02146
7.829297e-009	0.0287842
7.854297e-009	0.0249512
7.879297e-009	0.0258545
7.904297e-009	0.0415283
7.929297e-009	0.0438477
7.954297e-009	0.0401611
7.979297e-009	0.0346436
8.004297e-009	0.0270508
8.029297e-009	0.031665
8.054297e-009	0.0477051
8.079297e-009	0.0563965
8.104297e-009	0.054419
8.129297e-009	0.0477783
8.154297e-009	0.0385986
8.179297e-009	0.0374756
8.204297e-009	0.0447022
8.229297e-009	0.0416016
8.254297e-009	0.0249268
8.279297e-009	0.0294434
8.304297e-009	0.035669
8.329297e-009	0.0116211
8.354297e-009	0.00485841
8.379297e-009	0.0155518
8.404297e-009	0.0245117
8.429297e-009	0.0297852
8.454297e-009	0.0100098
8.479297e-009	-0.000756828
8.504297e-009	0.00778809
8.529297e-009	-0.00195312
8.554297e-009	-0.00419921
8.579297e-009	0.0199219
8.604297e-009	0.0274902
8.629297e-009	0.0176758
8.654297e-009	0.0156982
8.679297e-009	0.0216065
8.704297e-009	0.0301514
8.729297e-009	0.0258545
8.754297e-009	0.0157959
8.779297e-009	0.0166504
8.804297e-009	0.0225586
8.829297e-009	0.0134033
8.854297e-009	0.000390632
8.879297e-009	0.0182861
8.904297e-009	0.0300781
8.929297e-009	0.0213379
8.954297e-009	0.0264893
8.979297e-009	0.0247559
9.004297e-009	0.0211182
9.029297e-009	0.0344727
9.054297e-009	0.0452881
9.079297e-009	0.0455811
9.104297e-009	0.0390137
9.129297e-009	0.036377
9.154297e-009	0.0432617
9.179297e-009	0.0467041
9.204297e-009	0.0383301
9.229297e-009	0.0402832
9.254297e-009	0.0450928
9.279297e-009	0.0366699
9.304297e-009	0.0486572
9.329297e-009	0.0514649
9.354297e-009	0.0320068
9.379297e-009	0.0322998
9.404297e-009	0.0355469
9.429297e-009	0.0339111
9.454297e-009	0.0204346
9.479297e-009	0.0155029
9.504297e-009	0.0290283
9.529297e-009	0.0145996
9.554297e-009	0.00874024
9.579297e-009	0.021875
9.604297e-009	0.0121826
9.629297e-009	0.00556641
9.654297e-009	0.00881348
9.679297e-009	0.00583497
9.704297e-009	-0.000781243
9.729297e-009	-0.0041748
9.754297e-009	0.00817872
9.779297e-009	0.017749
9.804297e-009	0.0083252
9.829297e-009	0.00932618
9.854297e-009	0.0124268
9.879297e-009	0.0125732
9.904297e-009	0.0272949
9.929297e-009	0.0213379
9.954297e-009	0.00695802
9.979297e-009	0.0143066
1.00043e-008	0.0161621
1.00293e-008	0.0143311
1.00543e-008	0.0188232
1.00793e-008	0.0229492
1.01043e-008	0.0273926
1.01293e-008	0.0274902
1.01543e-008	0.0308838
1.01793e-008	0.0437988
1.02043e-008	0.0330322
1.02293e-008	0.0131104
1.02543e-008	0.0363525
1.02793e-008	0.0527832
1.03043e-008	0.0370606
1.03293e-008	0.040625
1.03543e-008	0.0478516
1.03793e-008	0.0402832
1.04043e-008	0.0388672
1.04293e-008	0.0368897
1.04543e-008	0.0247559
1.04793e-008	0.0366699
1.05043e-008	0.0536865
1.05293e-008	0.0332764
1.05543e-008	0.0337647
1.05793e-008	0.0488281
1.06043e-008	0.0352783
1.06293e-008	0.0307617
1.06543e-008	0.0309326
1.06793e-008	0.0279785
1.07043e-008	0.0301758
1.07293e-008	0.0250733
1.07543e-008	0.0229981
1.07793e-008	0.0221436
1.08043e-008	0.0169434
1.08293e-008	0.0206055
1.08543e-008	0.0279785
1.08793e-008	0.0328858
1.09043e-008	0.0342774
1.09293e-008	0.0175293
1.09543e-008	-0.00302734
1.09793e-008	0.00217286
1.10043e-008	0.00993653
1.10293e-008	0.00288087
1.10543e-008	0.00612794
1.10793e-008	0.0146729
1.11043e-008	0.0115234
1.11293e-008	0.00402833
1.11543e-008	0.000219734
1.11793e-008	0.0124512
1.12043e-008	0.0248535
1.12293e-008	0.0126709
1.12543e-008	0.00173341
1.12793e-008	0.00200196
1.13043e-008	0.00107423
1.13293e-008	0.00854493
1.13543e-008	0.0113525
1.13793e-008	0.00874024
1.14043e-008	0.0205566
1.14293e-008	0.020874
1.14543e-008	0.00642091
1.14793e-008	0.0189697
1.15043e-008	0.0301025
1.15293e-008	0.00766602
1.15543e-008	0.0125732
1.15793e-008	0.0339844
1.16043e-008	0.0220947
1.16293e-008	0.0189941
1.16543e-008	0.0153076
1.16793e-008	0.00517579
1.17043e-008	0.018335
1.17293e-008	0.0174316
1.17543e-008	0.00920411
1.17793e-008	0.0135986
1.18043e-008	0.0219971
1.18293e-008	0.024292
1.18543e-008	0.00844727
1.18793e-008	0.0105469
1.19043e-008	0.0223145
1.19293e-008	0.0217285
1.19543e-008	0.0218506
1.19793e-008	0.0146729
1.20043e-008	0.0174316
1.20293e-008	0.0166016
1.20543e-008	0.00644532
1.20793e-008	0.0290039
1.21043e-008	0.0427734
1.21293e-008	0.0234375
1.21543e-008	0.0230713
1.21793e-008	0.0332031
1.22043e-008	0.0303711
1.22293e-008	0.0307617
1.22543e-008	0.0378418
1.22793e-008	0.044043
1.23043e-008	0.0401856
1.23293e-008	0.0276123
1.23543e-008	0.0275147
1.23793e-008	0.0406983
1.24043e-008	0.0408447
1.24293e-008	0.030542
1.24543e-008	0.0321777
1.24793e-008	0.0458496
1.25043e-008	0.0553955
1.25293e-008	0.0480225
1.25543e-008	0.0427979
1.25793e-008	0.0481934
1.26043e-008	0.0449463
1.26293e-008	0.039502
1.26543e-008	0.033374
1.26793e-008	0.0329834
1.27043e-008	0.0451172
1.27293e-008	0.0411865
1.27543e-008	0.0315674
1.27793e-008	0.0295899
1.28043e-008	0.0240723
1.28293e-008	0.0276367
1.28543e-008	0.0248535
1.28793e-008	0.0239014
1.29043e-008	0.0265137
1.29293e-008	0.00468751
1.29543e-008	0.00976563
1.29793e-008	0.0318359
1.30043e-008	0.0258789
1.30293e-008	0.0217041
1.30543e-008	0.0130371
1.30793e-008	0.0123535
1.31043e-008	0.0201904
1.31293e-008	0.00688477
1.31543e-008	0.00964356
1.31793e-008	0.0256348
1.32043e-008	0.023169
1.32293e-008	0.0212158
1.32543e-008	0.0227539
1.32793e-008	0.0260254
1.33043e-008	0.0300293
1.33293e-008	0.0170899
1.33543e-008	0.00888673
1.33793e-008	0.0192871
1.34043e-008	0.0216309
1.34293e-008	0.0235352
1.34543e-008	0.0306641
1.34793e-008	0.0333008
1.35043e-008	0.037915
1.35293e-008	0.0417969
1.35543e-008	0.0448242
1.35793e-008	0.0481934
1.36043e-008	0.0488525
1.36293e-008	0.0395264
1.36543e-008	0.0245361
1.36793e-008	0.0345947
1.37043e-008	0.047168
1.37293e-008	0.0359863
1.37543e-008	0.0327881
1.37793e-008	0.0314453
1.38043e-008	0.0270752
1.38293e-008	0.030542
1.38543e-008	0.030249
1.38793e-008	0.0396973
1.39043e-008	0.0371094
1.39293e-008	0.0129395
1.39543e-008	0.0174072
1.39793e-008	0.0300049
1.40043e-008	0.0240234
1.40293e-008	0.0208496
1.40543e-008	0.0156738
1.40793e-008	0.0134522
1.41043e-008	0.013916
1.41293e-008	0.00344239
1.41543e-008	-0.00107421
1.41793e-008	0.00585938
1.42043e-008	0.0104492
1.42293e-008	0.00595704
1.42543e-008	-2.44066e-005
1.42793e-008	0.0113281
1.43043e-008	0.0226318
1.43293e-008	0.0199951
1.43543e-008	0.0212891
1.43793e-008	0.013794
1.44043e-008	0.00378419
1.44293e-008	0.0140625
1.44543e-008	0.0141113
1.44793e-008	0.00671387
1.45043e-008	0.0209717
1.45293e-008	0.0306641
1.45543e-008	0.0188721
1.45793e-008	0.0081543
1.46043e-008	0.0224365
1.46293e-008	0.0399902
1.46543e-008	0.0311279
1.46793e-008	0.0265381
1.47043e-008	0.0287598
1.47293e-008	0.0207764
1.47543e-008	0.0205566
1.47793e-008	0.0292236
1.48043e-008	0.0383057
1.48293e-008	0.0378418
1.48543e-008	0.0387207
1.48793e-008	0.0559815
1.49043e-008	0.0566406
1.49293e-008	0.0376465
1.49543e-008	0.0324219
1.49793e-008	0.0426514
1.50043e-008	0.0506836
1.50293e-008	0.0411621
1.50543e-008	0.0233154
1.50793e-008	0.0216309
1.51043e-008	0.0324463
1.51293e-008	0.0261231
1.51543e-008	0.0160645
1.51793e-008	0.0212647
1.52043e-008	0.0171387
1.52293e-008	0.0218994
1.52543e-008	0.0336426
1.52793e-008	0.025293
1.53043e-008	0.0202637
1.53293e-008	0.0164063
1.53543e-008	0.0132568
1.53793e-008	0.0141846
1.54043e-008	0.0114014
1.54293e-008	0.00878907
1.54543e-008	0.00561524
1.54793e-008	0.0148682
1.55043e-008	0.0222168
1.55293e-008	0.0159912
1.55543e-008	0.0112061
1.55793e-008	0.0148682
1.56043e-008	0.0248535
1.56293e-008	0.0216065
1.56543e-008	0.0179199
1.56793e-008	0.0208496
1.57043e-008	0.0147461
1.57293e-008	0.00935059
1.57543e-008	0.011377
1.57793e-008	0.0247559
1.58043e-008	0.0324219
1.58293e-008	0.0220459
1.58543e-008	0.00876466
1.58793e-008	0.00871583
1.59043e-008	0.0291504
1.59293e-008	0.0338135
1.59543e-008	0.0226074
1.59793e-008	0.0297608
1.60043e-008	0.029126
1.60293e-008	0.0237061
1.60543e-008	0.0276611
1.60793e-008	0.0297608
1.61043e-008	0.0344971
1.61293e-008	0.0256104
1.61543e-008	0.0235596
1.61793e-008	0.0331055
1.62043e-008	0.0206299
1.62293e-008	0.0211914
1.62543e-008	0.0318604
1.62793e-008	0.0261719
1.63043e-008	0.0211914
1.63293e-008	0.0127686
1.63543e-008	0.0170654
1.63793e-008	0.0233643
1.64043e-008	0.0161865
1.64293e-008	0.0256104
1.64543e-008	0.0189209
1.64793e-008	0.0027588
1.65043e-008	0.0178711
1.65293e-008	0.0195557
1.65543e-008	0.00390626
1.65793e-008	0.00534669
1.66043e-008	0.0203857
1.66293e-008	0.0257568
1.66543e-008	0.0191162
1.66793e-008	0.0252197
1.67043e-008	0.0222168
1.67293e-008	0.00852052
1.67543e-008	0.0238037
1.67793e-008	0.0335693
1.68043e-008	0.0156738
1.68293e-008	0.01521
1.68543e-008	0.0155762
1.68793e-008	0.00827637
1.69043e-008	0.0287842
1.69293e-008	0.0340088
1.69543e-008	0.0195801
1.69793e-008	0.0185059
1.70043e-008	0.0179932
1.70293e-008	0.0217529
1.70543e-008	0.0122559
1.70793e-008	0.0158936
1.71043e-008	0.0359863
1.71293e-008	0.01875
1.71543e-008	0.0153809
1.71793e-008	0.0380371
1.72043e-008	0.0343994
1.72293e-008	0.0223877
1.72543e-008	0.0231934
1.72793e-008	0.0332275
1.73043e-008	0.0404785
1.73293e-008	0.0285156
1.73543e-008	0.020874
1.73793e-008	0.0444336
1.74043e-008	0.0395264
1.74293e-008	0.0125977
1.74543e-008	0.0261231
1.74793e-008	0.0283203
1.75043e-008	0.0161133
1.75293e-008	0.0165772
1.75543e-008	0.0139649
1.75793e-008	0.0263672
1.76043e-008	0.030127
1.76293e-008	0.017041
1.76543e-008	0.0192383
1.76793e-008	0.0292969
1.77043e-008	0.0288574
1.77293e-008	0.0230957
1.77543e-008	0.0219482
1.77793e-008	0.0157471
1.78043e-008	0.0180908
1.78293e-008	0.0252441
1.78543e-008	0.0126709
1.78793e-008	0.0155518
1.79043e-008	0.0330078
1.79293e-008	0.0249512
1.79543e-008	0.0150147
1.79793e-008	0.0281006
1.80043e-008	0.0346436
1.80293e-008	0.0234375
1.80543e-008	0.0196045
1.80793e-008	0.0240967
1.81043e-008	0.0320313
1.81293e-008	0.0352051
1.81543e-008	0.0229004
1.81793e-008	0.0203125
1.82043e-008	0.0323731
1.82293e-008	0.0360596
1.82543e-008	0.0293945
1.82793e-008	0.0297119
1.83043e-008	0.0454102
1.83293e-008	0.0435791
1.83543e-008	0.0240479
1.83793e-008	0.0322998
1.84043e-008	0.0446777
1.84293e-008	0.0338135
1.84543e-008	0.0235107
1.84793e-008	0.0204102
1.85043e-008	0.0270264
1.85293e-008	0.0333496
1.85543e-008	0.0283203
1.85793e-008	0.0268799
1.86043e-008	0.0308838
1.86293e-008	0.0312988
1.86543e-008	0.0208984
1.86793e-008	0.013916
1.87043e-008	0.0230957
1.87293e-008	0.0133545
1.87543e-008	0.00444337
1.87793e-008	0.0318848
1.88043e-008	0.0334473
1.88293e-008	0.0135254
1.88543e-008	0.0184815
1.88793e-008	0.0182129
1.89043e-008	0.0143555
1.89293e-008	0.0110107
1.89543e-008	-0.00319823
1.89793e-008	0.00231934
1.90043e-008	0.0171875
1.90293e-008	0.00529786
1.90543e-008	-0.00668945
1.90793e-008	0.00913087
1.91043e-008	0.0176025
1.91293e-008	0.00793458
1.91543e-008	0.0191895
1.91793e-008	0.0305908
1.92043e-008	0.0169434
1.92293e-008	0.0139893
1.92543e-008	0.0180664
1.92793e-008	0.0312988
1.93043e-008	0.0531738
1.93293e-008	0.0390625
1.93543e-008	0.0274414
1.93793e-008	0.0292481
1.94043e-008	0.0173828
1.94293e-008	0.0299561
1.94543e-008	0.0415039
1.94793e-008	0.0390625
1.95043e-008	0.043335
1.95293e-008	0.0354736
1.95543e-008	0.0388428
1.95793e-008	0.0462158
1.96043e-008	0.0306641
1.96293e-008	0.0244629
1.96543e-008	0.0303223
1.96793e-008	0.0303467
1.97043e-008	0.0322754
1.97293e-008	0.0258057
1.97543e-008	0.0143311
1.97793e-008	0.0215576
1.98043e-008	0.0349854
1.98293e-008	0.0376953
1.98543e-008	0.0172363
1.98793e-008	-0.00375976
1.99043e-008	0.0108154
1.99293e-008	0.0215576
1.99543e-008	0.00939942
1.99793e-008	0.00617677
2.00043e-008	0.0149414
2.00293e-008	0.016333
2.00543e-008	0.00473634
2.00793e-008	0.00888673
2.01043e-008	0.0220215
2.01293e-008	0.00468751
2.01543e-008	-0.00541991
2.01793e-008	0.0217041
2.02043e-008	0.0292481
2.02293e-008	0.0180664
2.02543e-008	0.0252686
2.02793e-008	0.0271729
2.03043e-008	0.0162842
2.03293e-008	0.00903321
2.03543e-008	0.0154297
2.03793e-008	0.0261963
2.04043e-008	0.0262451
2.04293e-008	0.0334961
2.04543e-008	0.038794
2.04793e-008	0.032666
2.05043e-008	0.0298096
2.05293e-008	0.0121094
2.05543e-008	0.00961915
2.05793e-008	0.043335
2.06043e-008	0.0396729
2.06293e-008	0.012915
2.06543e-008	0.0232666
2.06793e-008	0.0389893
2.07043e-008	0.0412842
2.07293e-008	0.0266358
2.07543e-008	0.010376
2.07793e-008	0.0143066
2.08043e-008	0.0205322
2.08293e-008	0.0399658
2.08543e-008	0.0452149
2.08793e-008	0.030249
2.09043e-008	0.0368897
2.09293e-008	0.030249
2.09543e-008	0.0267578
2.09793e-008	0.0370117
2.10043e-008	0.0281494
2.10293e-008	0.030957
2.10543e-008	0.0224365
2.10793e-008	0.0119385
2.11043e-008	0.032666
2.11293e-008	0.0272705
2.11543e-008	0.0129395
2.11793e-008	0.0192871
2.12043e-008	0.0230469
2.12293e-008	0.0266113
2.12543e-008	0.01875
2.12793e-008	0.017627
2.13043e-008	0.0276856
2.13293e-008	0.0164307
2.13543e-008	0.0131836
2.13793e-008	0.0234131
2.14043e-008	0.0147217
2.14293e-008	0.00939942
2.14543e-008	0.016919
2.14793e-008	0.0210205
2.15043e-008	0.0265381
2.15293e-008	0.0261231
2.15543e-008	0.0181397
2.15793e-008	0.0130127
2.16043e-008	0.0152588
2.16293e-008	0.0223877
2.16543e-008	0.0217529
2.16793e-008	0.0284424
2.17043e-008	0.0391846
2.17293e-008	0.0241699
2.17543e-008	0.0133057
2.17793e-008	0.0247559
2.18043e-008	0.0269043
2.18293e-008	0.0270752
2.18543e-008	0.0351807
2.18793e-008	0.0347412
2.19043e-008	0.0326416
2.19293e-008	0.0318359
2.19543e-008	0.0294434
2.19793e-008	0.0282471
2.20043e-008	0.0320313
2.20293e-008	0.038916
2.20543e-008	0.025708
2.20793e-008	0.0228027
2.21043e-008	0.0402344
2.21293e-008	0.0214844
2.21543e-008	0.0102051
2.21793e-008	0.0290039
2.22043e-008	0.0250488
2.22293e-008	0.025293
2.22543e-008	0.0294434
2.22793e-008	0.0179199
2.23043e-008	0.0229248
2.23293e-008	0.0280274
2.23543e-008	0.0157227
2.23793e-008	0.0157227
2.24043e-008	0.0287842
2.24293e-008	0.0314941
2.24543e-008	0.0253418
2.24793e-008	0.0250977
2.25043e-008	0.0289795
2.25293e-008	0.0276611
2.25543e-008	0.022168
2.25793e-008	0.0171387
2.26043e-008	0.0173096
2.26293e-008	0.0191406
2.26543e-008	0.0234863
2.26793e-008	0.0351318
2.27043e-008	0.0299561
2.27293e-008	0.0181641
2.27543e-008	0.0252686
2.27793e-008	0.0227539
2.28043e-008	0.0177734
2.28293e-008	0.0288818
2.28543e-008	0.0317383
2.28793e-008	0.0251221
2.29043e-008	0.0192383
2.29293e-008	0.0260986
2.29543e-008	0.0410645
2.29793e-008	0.0310059
2.30043e-008	0.017041
2.30293e-008	0.026001
2.30543e-008	0.032959
2.30793e-008	0.0353027
2.31043e-008	0.030249
2.31293e-008	0.0117432
2.31543e-008	0.00979005
2.31793e-008	0.0277832
2.32043e-008	0.033252
2.32293e-008	0.0212891
2.32543e-008	0.0246582
2.32793e-008	0.0365967
2.33043e-008	0.0246582
2.33293e-008	0.0135986
2.33543e-008	0.0228272
2.33793e-008	0.0328369
2.34043e-008	0.0293213
2.34293e-008	0.0227051
2.34543e-008	0.0235107
2.34793e-008	0.0325928
2.35043e-008	0.0349854
2.35293e-008	0.0120606
2.35543e-008	0.00905762
2.35793e-008	0.0194092
2.36043e-008	0.00817872
2.36293e-008	0.0172607
2.36543e-008	0.0311279
2.36793e-008	0.0329346
2.37043e-008	0.0338623
2.37293e-008	0.0255615
2.37543e-008	0.0286133
2.37793e-008	0.0319336
2.38043e-008	0.0253906
2.38293e-008	0.0273926
2.38543e-008	0.0325195
2.38793e-008	0.0379395
2.39043e-008	0.0328369
2.39293e-008	0.0168701
2.39543e-008	0.0213379
2.39793e-008	0.0321533
2.40043e-008	0.0212158
2.40293e-008	0.0140381
2.40543e-008	0.0251465
2.40793e-008	0.0284912
2.41043e-008	0.0279053
2.41293e-008	0.0378174
2.41543e-008	0.030957
2.41793e-008	0.0281738
2.42043e-008	0.0391846
2.42293e-008	0.0236084
2.42543e-008	0.0158447
2.42793e-008	0.0201172
2.43043e-008	0.0195557
2.43293e-008	0.0311524
2.43543e-008	0.0301758
2.43793e-008	0.026709
2.44043e-008	0.027002
2.44293e-008	0.0229981
2.44543e-008	0.0259033
2.44793e-008	0.0216309
2.45043e-008	0.022583
2.45293e-008	0.0235107
2.45543e-008	0.0141602
2.45793e-008	0.0153565
2.46043e-008	0.0160156
2.46293e-008	0.0176025
2.46543e-008	0.0265381
2.46793e-008	0.032544
2.47043e-008	0.0263428
2.47293e-008	0.0113037
2.47543e-008	0.0131836
2.47793e-008	0.0202881
2.48043e-008	0.0150391
2.48293e-008	0.00532227
2.48543e-008	0.00268555
2.48793e-008	0.0227051
2.49043e-008	0.0362061
2.49293e-008	0.0247315
2.49543e-008	0.0213379
2.49793e-008	0.0269531
2.50043e-008	0.0243897
2.50293e-008	0.0236816
2.50543e-008	0.0207031
2.50793e-008	0.0114746
2.51043e-008	0.0138672
2.51293e-008	0.0154541
2.51543e-008	0.0202393
2.51793e-008	0.0375733
2.52043e-008	0.0327149
2.52293e-008	0.0171631
2.52543e-008	0.015918
2.52793e-008	0.0239746
2.53043e-008	0.0331299
2.53293e-008	0.0243652
2.53543e-008	0.0168457
2.53793e-008	0.0272705
2.54043e-008	0.0310059
2.54293e-008	0.0307861
2.54543e-008	0.0323486
2.54793e-008	0.027002
2.55043e-008	0.0206787
2.55293e-008	0.013501
2.55543e-008	0.018457
2.55793e-008	0.0352051
2.56043e-008	0.0292236
2.56293e-008	0.0187256
2.56543e-008	0.0256836
2.56793e-008	0.0225586
2.57043e-008	0.0152832
2.57293e-008	0.020752
2.57543e-008	0.0258057
2.57793e-008	0.0256104
2.58043e-008	0.0225586
2.58293e-008	0.0171875
2.58543e-008	0.0184815
2.58793e-008	0.0247803
2.59043e-008	0.0307129
2.59293e-008	0.0346191
2.59543e-008	0.0256592
2.59793e-008	0.0188721
2.60043e-008	0.0223633
2.60293e-008	0.0178223
2.60543e-008	0.0142334
2.60793e-008	0.0199219
2.61043e-008	0.0285645
2.61293e-008	0.0280762
2.61543e-008	0.0231201
2.61793e-008	0.0161865
2.62043e-008	-0.00285644
2.62293e-008	0.0105713
2.62543e-008	0.0379395
2.62793e-008	0.0365723
2.63043e-008	0.0416504
2.63293e-008	0.0253174
2.63543e-008	0.0108154
2.63793e-008	0.0329102
2.64043e-008	0.0235107
2.64293e-008	0.0154297
2.64543e-008	0.0264404
2.64793e-008	0.0213623
2.65043e-008	0.0314453
2.65293e-008	0.034082
2.65543e-008	0.0261231
2.65793e-008	0.0378174
2.66043e-008	0.0411621
2.66293e-008	0.03479
2.66543e-008	0.0330322
2.66793e-008	0.0321045
2.67043e-008	0.0324463
2.67293e-008	0.0295654
2.67543e-008	0.0237305
2.67793e-008	0.0243652
2.68043e-008	0.0316162
2.68293e-008	0.0342774
2.68543e-008	0.0261475
2.68793e-008	0.0188477
2.69043e-008	0.0190186
2.69293e-008	0.0139893
2.69543e-008	0.0147705
2.69793e-008	0.0281494
2.70043e-008	0.0309082
2.70293e-008	0.0291504
2.70543e-008	0.0263916
2.70793e-008	0.0243408
2.71043e-008	0.0313477
2.71293e-008	0.0184082
2.71543e-008	0.00854493
2.71793e-008	0.0248047
2.72043e-008	0.0190918
2.72293e-008	0.0123291
2.72543e-008	0.021875
2.72793e-008	0.0196045
2.73043e-008	0.028125
2.73293e-008	0.0330322
2.73543e-008	0.0195313
2.73793e-008	0.016333
2.74043e-008	0.0129639
2.74293e-008	0.0139404
2.74543e-008	0.0210938
2.74793e-008	0.0236572
2.75043e-008	0.0380371
2.75293e-008	0.0358399
2.75543e-008	0.0201904
2.75793e-008	0.0235352
2.76043e-008	0.014209
2.76293e-008	0.0109619
2.76543e-008	0.0304688
2.76793e-008	0.0275391
2.77043e-008	0.0228027
2.77293e-008	0.0292481
2.77543e-008	0.0193604
2.77793e-008	0.0177246
2.78043e-008	0.0285889
2.78293e-008	0.0233399
2.78543e-008	0.0176758
2.78793e-008	0.0281006
2.79043e-008	0.0363037
2.79293e-008	0.028125
2.79543e-008	0.0207275
2.79793e-008	0.0253174
2.80043e-008	0.0229492
2.80293e-008	0.0194336
2.80543e-008	0.0207031
2.80793e-008	0.0223389
2.81043e-008	0.0333008
2.81293e-008	0.028125
2.81543e-008	0.0193604
2.81793e-008	0.0374756
2.82043e-008	0.0406006
2.82293e-008	0.0260254
2.82543e-008	0.0203857
2.82793e-008	0.0232178
2.83043e-008	0.0257324
2.83293e-008	0.0116699
2.83543e-008	0.018042
2.83793e-008	0.0425537
2.84043e-008	0.0260986
2.84293e-008	0.00688477
2.84543e-008	0.0245606
2.84793e-008	0.0432129
2.85043e-008	0.0436035
2.85293e-008	0.0293945
2.85543e-008	0.0162354
2.85793e-008	0.0229248
2.86043e-008	0.0355225
2.86293e-008	0.02854
2.86543e-008	0.0208008
2.86793e-008	0.0336182
2.87043e-008	0.0398926
2.87293e-008	0.0321777
2.87543e-008	0.0276367
2.87793e-008	0.0227539
2.88043e-008	0.0210205
2.88293e-008	0.027417
2.88543e-008	0.0295654
2.88793e-008	0.0278809
2.89043e-008	0.0278076
2.89293e-008	0.0232178
2.89543e-008	0.0251709
2.89793e-008	0.030957
2.90043e-008	0.025708
2.90293e-008	0.0228272
2.90543e-008	0.023169
2.90793e-008	0.0307373
2.91043e-008	0.0381836
2.91293e-008	0.0214111
2.91543e-008	0.0137695
2.91793e-008	0.0283447
2.92043e-008	0.0280762
2.92293e-008	0.0176758
2.92543e-008	0.014502
2.92793e-008	0.0134766
2.93043e-008	0.0213867
2.93293e-008	0.029126
2.93543e-008	0.0228272
2.93793e-008	0.0229248
2.94043e-008	0.0279297
2.94293e-008	0.0258789
2.94543e-008	0.0178223
2.94793e-008	0.0225098
2.95043e-008	0.0383057
2.95293e-008	0.0153076
2.95543e-008	-0.000195305
2.95793e-008	0.0239746
2.96043e-008	0.027124
2.96293e-008	0.0272705
2.96543e-008	0.0294678
2.96793e-008	0.031665
2.97043e-008	0.0377197
2.97293e-008	0.0185303
2.97543e-008	0.0282471
2.97793e-008	0.0495361
2.98043e-008	0.0301758
2.98293e-008	0.0293457
2.98543e-008	0.0345459
2.98793e-008	0.0323731
2.99043e-008	0.042041
2.99293e-008	0.035791
2.99543e-008	0.0374756
2.99793e-008	0.0418945
3.00043e-008	0.0409912
3.00293e-008	0.0514649
3.00543e-008	0.0361572
3.00793e-008	0.039502
3.01043e-008	0.0663086
3.01293e-008	0.0403809
3.01543e-008	0.0294434
3.01793e-008	0.0432617
3.02043e-008	0.0164795
3.02293e-008	0.017334
3.02543e-008	0.0378662
3.02793e-008	0.0360108
3.03043e-008	0.0413574
3.03293e-008	0.0243408
3.03543e-008	0.0145752
3.03793e-008	0.0366943
3.04043e-008	0.0361572
3.04293e-008	0.0201416
3.04543e-008	0.0177002
3.04793e-008	0.0343018
3.05043e-008	0.0339844
3.05293e-008	0.0106201
3.05543e-008	0.0145996
3.05793e-008	0.0313965
3.06043e-008	0.0313233
3.06293e-008	0.0213867
3.06543e-008	0.0170654
3.06793e-008	0.030249
3.07043e-008	0.0339356
3.07293e-008	0.0179688
3.07543e-008	0.0103272
3.07793e-008	0.0159912
3.08043e-008	0.0324463
3.08293e-008	0.02854
3.08543e-008	0.00888673
3.08793e-008	0.0259766
3.09043e-008	0.0283936
3.09293e-008	0.0084961
3.09543e-008	0.0210938
3.09793e-008	0.0266113
3.10043e-008	0.019751
3.10293e-008	0.0258789
3.10543e-008	0.0242188
3.10793e-008	0.0170166
3.11043e-008	0.0163818
3.11293e-008	0.011792
3.11543e-008	0.0145752
3.11793e-008	0.0232178
3.12043e-008	0.0214111
3.12293e-008	0.0248291
3.12543e-008	0.0237305
3.12793e-008	0.0287354
3.13043e-008	0.0336426
3.13293e-008	0.0109375
3.13543e-008	0.0128906
3.13793e-008	0.0252197
3.14043e-008	0.0151123
3.14293e-008	0.0196045
3.14543e-008	0.0268799
3.14793e-008	0.0262695
3.15043e-008	0.023999
3.15293e-008	0.0164551
3.15543e-008	0.0182617
3.15793e-008	0.0235352
3.16043e-008	0.018457
3.16293e-008	0.0147705
3.16543e-008	0.0230225
3.16793e-008	0.0349121
3.17043e-008	0.0345947
3.17293e-008	0.0275879
3.17543e-008	0.0263428
3.17793e-008	0.0292481
3.18043e-008	0.0313477
3.18293e-008	0.025293
3.18543e-008	0.0300293
3.18793e-008	0.0415527
3.19043e-008	0.0236328
3.19293e-008	0.0137207
3.19543e-008	0.0298096
3.19793e-008	0.0326904
3.20043e-008	0.0397949
3.20293e-008	0.0467041
3.20543e-008	0.0338135
3.20793e-008	0.0311524
3.21043e-008	0.0278809
3.21293e-008	0.0187988
3.21543e-008	0.0204834
3.21793e-008	0.016333
3.22043e-008	0.0182129
3.22293e-008	0.0358154
3.22543e-008	0.0360596
3.22793e-008	0.0238281
3.23043e-008	0.031665
3.23293e-008	0.0302734
3.23543e-008	0.0124512
3.23793e-008	0.0175537
3.24043e-008	0.0244385
3.24293e-008	0.0262451
3.24543e-008	0.0305664
3.24793e-008	0.0244873
3.25043e-008	0.0267578
3.25293e-008	0.0312744
3.25543e-008	0.0249512
3.25793e-008	0.0240479
3.26043e-008	0.0322022
3.26293e-008	0.0290527
3.26543e-008	0.0250244
3.26793e-008	0.0461426
3.27043e-008	0.0427246
3.27293e-008	0.0164063
3.27543e-008	0.0216797
3.27793e-008	0.028418
3.28043e-008	0.0239746
3.28293e-008	0.0346191
3.28543e-008	0.0502197
3.28793e-008	0.0413086
3.29043e-008	0.0284912
3.29293e-008	0.0343018
3.29543e-008	0.0302979
3.29793e-008	0.0246826
3.30043e-008	0.0278809
3.30293e-008	0.0333984
3.30543e-008	0.0301025
3.30793e-008	0.0193359
3.31043e-008	0.0301758
3.31293e-008	0.032251
3.31543e-008	0.0209961
3.31793e-008	0.0274658
3.32043e-008	0.0317627
3.32293e-008	0.031665
3.32543e-008	0.0325928
3.32793e-008	0.0326416
3.33043e-008	0.0329834
3.33293e-008	0.0296387
3.33543e-008	0.0250244
3.33793e-008	0.0194336
3.34043e-008	0.017627
3.34293e-008	0.0178955
3.34543e-008	0.0189941
3.34793e-008	0.0244629
3.35043e-008	0.0186524
3.35293e-008	0.0130615
3.35543e-008	0.0251221
3.35793e-008	0.0313477
3.36043e-008	0.0274414
3.36293e-008	0.0255371
3.36543e-008	0.0246582
3.36793e-008	0.0263184
3.37043e-008	0.0226807
3.37293e-008	0.0143311
3.37543e-008	0.0193359
3.37793e-008	0.0292969
3.38043e-008	0.0288818
3.38293e-008	0.0327149
3.38543e-008	0.0385986
3.38793e-008	0.0383789
3.39043e-008	0.0395752
3.39293e-008	0.031958
3.39543e-008	0.0223145
3.39793e-008	0.0187744
3.40043e-008	0.0162842
3.40293e-008	0.0249268
3.40543e-008	0.0288818
3.40793e-008	0.0295654
3.41043e-008	0.0383301
3.41293e-008	0.0330078
3.41543e-008	0.0322022
3.41793e-008	0.0484131
3.42043e-008	0.0481445
3.42293e-008	0.0271973
3.42543e-008	0.0142578
3.42793e-008	0.0233643
3.43043e-008	0.0333008
3.43293e-008	0.0251221
3.43543e-008	0.0157227
3.43793e-008	0.0263184
3.44043e-008	0.0346191
3.44293e-008	0.0275391
3.44543e-008	0.0323731
3.44793e-008	0.0393311
3.45043e-008	0.0294678
3.45293e-008	0.0234863
3.45543e-008	0.0279785
3.45793e-008	0.0287842
3.46043e-008	0.0268799
3.46293e-008	0.024585
3.46543e-008	0.0249756
3.46793e-008	0.0313965
3.47043e-008	0.0343994
3.47293e-008	0.0317383
3.47543e-008	0.0231934
3.47793e-008	0.0238281
3.48043e-008	0.0268555
3.48293e-008	0.022168
3.48543e-008	0.0271973
3.48793e-008	0.0266113
3.49043e-008	0.0253662
3.49293e-008	0.0176025
3.49543e-008	0.0149414
3.49793e-008	0.0393799
3.50043e-008	0.0341797
3.50293e-008	0.0248779
3.50543e-008	0.0354981
3.50793e-008	0.0324707
3.51043e-008	0.0312256
3.51293e-008	0.0205322
3.51543e-008	0.0124512
3.51793e-008	0.0213135
3.52043e-008	0.027124
3.52293e-008	0.0297119
3.52543e-008	0.0285156
3.52793e-008	0.0322022
3.53043e-008	0.0317139
3.53293e-008	0.0227295
3.53543e-008	0.0265137
3.53793e-008	0.0307129
3.54043e-008	0.0257324
3.54293e-008	0.0190918
3.54543e-008	0.0155029
3.54793e-008	0.0340332
3.55043e-008	0.0453369
3.55293e-008	0.0193604
3.55543e-008	0.0135498
3.55793e-008	0.0321533
3.56043e-008	0.034082
3.56293e-008	0.0348877
3.56543e-008	0.0309815
3.56793e-008	0.0248779
3.57043e-008	0.03125
3.57293e-008	0.0295166
3.57543e-008	0.0260986
3.57793e-008	0.0249756
3.58043e-008	0.0203857
3.58293e-008	0.0266602
3.58543e-008	0.0312744
3.58793e-008	0.0255859
3.59043e-008	0.0171387
3.59293e-008	0.0116455
3.59543e-008	0.0168701
3.59793e-008	0.0246094
3.60043e-008	0.0269043
3.60293e-008	0.0209961
3.60543e-008	0.0202149
3.60793e-008	0.036377
3.61043e-008	0.0477295
3.61293e-008	0.0372559
3.61543e-008	0.0176025
3.61793e-008	0.0203613
3.62043e-008	0.02771
3.62293e-008	0.0109863
3.62543e-008	0.0166748
3.62793e-008	0.0390625
3.63043e-008	0.0352539
3.63293e-008	0.0267334
3.63543e-008	0.0226563
3.63793e-008	0.0221436
3.64043e-008	0.024707
3.64293e-008	0.0265869
3.64543e-008	0.0377197
3.64793e-008	0.0410156
3.65043e-008	0.0261719
3.65293e-008	0.0156494
3.65543e-008	0.0277832
3.65793e-008	0.0485352
3.66043e-008	0.0404541
3.66293e-008	0.0227539
3.66543e-008	0.0245117
3.66793e-008	0.027002
3.67043e-008	0.0315674
3.67293e-008	0.026709
3.67543e-008	0.0167481
3.67793e-008	0.0256348
3.68043e-008	0.0261963
3.68293e-008	0.0219482
3.68543e-008	0.0238281
3.68793e-008	0.0330566
3.69043e-008	0.0469727
3.69293e-008	0.0295899
3.69543e-008	0.0140137
3.69793e-008	0.0272705
3.70043e-008	0.0303223
3.70293e-008	0.0208008
3.70543e-008	0.0213135
3.70793e-008	0.0326172
3.71043e-008	0.0268311
3.71293e-008	0.0165283
3.71543e-008	0.0264404
3.71793e-008	0.0287109
3.72043e-008	0.0304932
3.72293e-008	0.0389893
3.72543e-008	0.033667
3.72793e-008	0.0393066
3.73043e-008	0.0432861
3.73293e-008	0.0233643
3.73543e-008	0.0226563
3.73793e-008	0.0333008
3.74043e-008	0.0275391
3.74293e-008	0.0263428
3.74543e-008	0.0276367
3.74793e-008	0.026416
3.75043e-008	0.0288818
3.75293e-008	0.0227051
3.75543e-008	0.0123779
3.75793e-008	0.01875
3.76043e-008	0.0326416
3.76293e-008	0.0358643
3.76543e-008	0.0301514
3.76793e-008	0.0236084
3.77043e-008	0.0260254
3.77293e-008	0.0298096
3.77543e-008	0.0284424
3.77793e-008	0.0320313
3.78043e-008	0.0369385
3.78293e-008	0.0357666
3.78543e-008	0.0322266
3.78793e-008	0.0403809
3.79043e-008	0.0421631
3.79293e-008	0.0221436
3.79543e-008	0.020752
3.79793e-008	0.0322022
3.80043e-008	0.030249
3.80293e-008	0.0315674
3.80543e-008	0.0328613
3.80793e-008	0.026416
3.81043e-008	0.0262451
3.81293e-008	0.0324707
3.81543e-008	0.0246094
3.81793e-008	0.0225098
3.82043e-008	0.0351563
3.82293e-008	0.0260986
3.82543e-008	0.0147705
3.82793e-008	0.0263916
3.83043e-008	0.0385742
3.83293e-008	0.0293457
3.83543e-008	0.0140625
3.83793e-008	0.0175049
3.84043e-008	0.0188477
3.84293e-008	0.0209229
3.84543e-008	0.030835
3.84793e-008	0.030835
3.85043e-008	0.025708
3.85293e-008	0.0147705
3.85543e-008	0.014502
3.85793e-008	0.0222656
3.86043e-008	0.0188477
3.86293e-008	0.0265381
3.86543e-008	0.0357178
3.86793e-008	0.0340332
3.87043e-008	0.0317383
3.87293e-008	0.0256836
3.87543e-008	0.0237061
3.87793e-008	0.0212158
3.88043e-008	0.0210693
3.88293e-008	0.0269043
3.88543e-008	0.0346436
3.88793e-008	0.0487549
3.89043e-008	0.0378906
3.89293e-008	0.0127197
3.89543e-008	0.01604
3.89793e-008	0.0268066
3.90043e-008	0.02771
3.90293e-008	0.0345703
3.90543e-008	0.04646
3.90793e-008	0.0398682
3.91043e-008	0.0265869
3.91293e-008	0.0304932
3.91543e-008	0.0299561
3.91793e-008	0.0249512
3.92043e-008	0.0356445
3.92293e-008	0.0394287
3.92543e-008	0.0224121
3.92793e-008	0.0245117
3.93043e-008	0.0313721
3.93293e-008	0.0112061
3.93543e-008	0.0227051
3.93793e-008	0.0401611
3.94043e-008	0.0227539
3.94293e-008	0.0262207
3.94543e-008	0.0244141
3.94793e-008	0.0144043
3.95043e-008	0.0263672
3.95293e-008	0.0221191
3.95543e-008	0.0164551
3.95793e-008	0.0244385
3.96043e-008	0.0226074
3.96293e-008	0.0163086
3.96543e-008	0.0150391
3.96793e-008	0.0209473
3.97043e-008	0.0218506
3.97293e-008	0.0173828
3.97543e-008	0.0300537
3.97793e-008	0.0387207
3.98043e-008	0.0267578
3.98293e-008	0.028418
3.98543e-008	0.0291748
3.98793e-008	0.0187256
3.99043e-008	0.0237549
3.99293e-008	0.0236084
3.99543e-008	0.0284424
3.99793e-008	0.0425781
4.00043e-008	0.0212647
4.00293e-008	0.00764161
4.00543e-008	0.0301758
4.00793e-008	0.0394531
4.01043e-008	0.0427246
4.01293e-008	0.0401367
4.01543e-008	0.022876
4.01793e-008	0.0202881
4.02043e-008	0.0244873
4.02293e-008	0.0291504
4.02543e-008	0.0265625
4.02793e-008	0.0151123
4.03043e-008	0.0268799
4.03293e-008	0.0400147
4.03543e-008	0.0364014
4.03793e-008	0.0289307
4.04043e-008	0.0147705
4.04293e-008	0.0138916
4.04543e-008	0.0269775
4.04793e-008	0.0376221
4.05043e-008	0.0408203
4.05293e-008	0.029541
4.05543e-008	0.0208252
4.05793e-008	0.0201904
4.06043e-008	0.0196289
4.06293e-008	0.020459
4.06543e-008	0.0212891
4.06793e-008	0.0303955
4.07043e-008	0.0397949
4.07293e-008	0.0311524
4.07543e-008	0.0229248
4.07793e-008	0.032544
4.08043e-008	0.0342041
4.08293e-008	0.0201416
4.08543e-008	0.0185303
4.08793e-008	0.0237549
4.09043e-008	0.0190918
4.09293e-008	0.0195068
4.09543e-008	0.0261719
4.09793e-008	0.0251953
4.10043e-008	0.024585
4.10293e-008	0.0229492
4.10543e-008	0.0183106
4.10793e-008	0.0270752
4.11043e-008	0.0369629
4.11293e-008	0.0307373
4.11543e-008	0.018042
4.11793e-008	0.0188721
4.12043e-008	0.0339111
4.12293e-008	0.0369385
4.12543e-008	0.022168
4.12793e-008	0.0198975
4.13043e-008	0.0359131
4.13293e-008	0.0343018
4.13543e-008	0.0253662
4.13793e-008	0.0302734
4.14043e-008	0.0242676
4.14293e-008	0.0206299
4.14543e-008	0.0291748
4.14793e-008	0.0310547
4.15043e-008	0.0256104
4.15293e-008	0.0110107
4.15543e-008	0.0165772
4.15793e-008	0.0424561
4.16043e-008	0.0432129
4.16293e-008	0.0337402
4.16543e-008	0.0295654
4.16793e-008	0.0303223
4.17043e-008	0.0362549
4.17293e-008	0.0214356
4.17543e-008	0.0169678
4.17793e-008	0.0370606
4.18043e-008	0.0272949
4.18293e-008	0.0157959
4.18543e-008	0.0286621
4.18793e-008	0.0209717
4.19043e-008	0.0192139
4.19293e-008	0.031543
4.19543e-008	0.0186524
4.19793e-008	0.0191162
4.20043e-008	0.0299805
4.20293e-008	0.0170899
4.20543e-008	0.0131104
4.20793e-008	0.0239258
4.21043e-008	0.0303223
4.21293e-008	0.0297119
4.21543e-008	0.0237793
4.21793e-008	0.0183594
4.22043e-008	0.0249512
4.22293e-008	0.0389649
4.22543e-008	0.0373535
4.22793e-008	0.0337158
4.23043e-008	0.0319092
4.23293e-008	0.0183838
4.23543e-008	0.0195557
4.23793e-008	0.0308594
4.24043e-008	0.0250244
4.24293e-008	0.0213379
4.24543e-008	0.0315186
4.24793e-008	0.0327637
4.25043e-008	0.0211914
4.25293e-008	0.0122803
4.25543e-008	0.0179443
4.25793e-008	0.0290527
4.26043e-008	0.0270264
4.26293e-008	0.0272949
4.26543e-008	0.0299561
4.26793e-008	0.0300781
4.27043e-008	0.0405518
4.27293e-008	0.0381348
4.27543e-008	0.0187988
4.27793e-008	0.0156738
4.28043e-008	0.0267334
4.28293e-008	0.0252441
4.28543e-008	0.0254395
4.28793e-008	0.0354004
4.29043e-008	0.0267578
4.29293e-008	0.0181397
4.29543e-008	0.0203125
4.29793e-008	0.0235352
4.30043e-008	0.0325684
4.30293e-008	0.0175293
4.30543e-008	0.000122078
4.30793e-008	0.0220459
4.31043e-008	0.0323486
4.31293e-008	0.00666505
4.31543e-008	0.00217286
4.31793e-008	0.0266113
4.32043e-008	0.0324463
4.32293e-008	0.0331787
4.32543e-008	0.0436524
4.32793e-008	0.0373535
4.33043e-008	0.0262451
4.33293e-008	0.0198242
4.33543e-008	0.014502
4.33793e-008	0.0216065
4.34043e-008	0.0302979
4.34293e-008	0.023584
4.34543e-008	0.0121826
4.34793e-008	0.0196777
4.35043e-008	0.038916
4.35293e-008	0.0360352
4.35543e-008	0.0215576
4.35793e-008	0.0232178
4.36043e-008	0.0255615
4.36293e-008	0.0240723
4.36543e-008	0.0225098
4.36793e-008	0.0217774
4.37043e-008	0.0316162
4.37293e-008	0.0321045
4.37543e-008	0.028833
4.37793e-008	0.0350098
4.38043e-008	0.0306885
4.38293e-008	0.0275879
4.38543e-008	0.0265869
4.38793e-008	0.0233643
4.39043e-008	0.0254395
4.39293e-008	0.0166016
4.39543e-008	0.0120361
4.39793e-008	0.0197754
4.40043e-008	0.0163574
4.40293e-008	0.0180176
4.40543e-008	0.0258789
4.40793e-008	0.0270996
4.41043e-008	0.0281006
4.41293e-008	0.0110596
4.41543e-008	0.00795899
4.41793e-008	0.0362061
4.42043e-008	0.0336914
4.42293e-008	0.0162109
4.42543e-008	0.0160645
4.42793e-008	0.0229736
4.43043e-008	0.0289551
4.43293e-008	0.0182373
4.43543e-008	0.016333
4.43793e-008	0.0223633
4.44043e-008	0.0165772
4.44293e-008	0.0185791
4.44543e-008	0.0148193
4.44793e-008	0.00903321
4.45043e-008	0.0205811
4.45293e-008	0.0252441
4.45543e-008	0.0183106
4.45793e-008	0.0158203
4.46043e-008	0.0233887
4.46293e-008	0.035376
4.46543e-008	0.0379395
4.46793e-008	0.0369141
4.47043e-008	0.0337402
4.47293e-008	0.0206299
4.47543e-008	0.0168457
4.47793e-008	0.025415
4.48043e-008	0.026001
4.48293e-008	0.019751
4.48543e-008	0.0218506
4.48793e-008	0.0286133
4.49043e-008	0.0285889
4.49293e-008	0.0340088
4.49543e-008	0.0434815
4.49793e-008	0.0362305
4.50043e-008	0.0245606
4.50293e-008	0.0299316
4.50543e-008	0.03125
4.50793e-008	0.0269775
4.51043e-008	0.0303711
4.51293e-008	0.0191162
4.51543e-008	0.0157227
4.51793e-008	0.0303711
4.52043e-008	0.0263672
4.52293e-008	0.0196777
4.52543e-008	0.0228272
4.52793e-008	0.0241455
4.53043e-008	0.0287354
4.53293e-008	0.0275879
4.53543e-008	0.0197754
4.53793e-008	0.021875
4.54043e-008	0.0261963
4.54293e-008	0.0278076
4.54543e-008	0.0270508
4.54793e-008	0.0278809
4.55043e-008	0.0316406
4.55293e-008	0.020874
4.55543e-008	0.0185059
4.55793e-008	0.030957
4.56043e-008	0.0306885
4.56293e-008	0.0236084
4.56543e-008	0.014502
4.56793e-008	0.017627
4.57043e-008	0.0268555
4.57293e-008	0.0164551
4.57543e-008	0.0108154
4.57793e-008	0.0187744
4.58043e-008	0.020459
4.58293e-008	0.0273926
4.58543e-008	0.0345947
4.58793e-008	0.0304932
4.59043e-008	0.0273926
4.59293e-008	0.0236328
4.59543e-008	0.0212647
4.59793e-008	0.0249512
4.60043e-008	0.0301514
4.60293e-008	0.0247803
4.60543e-008	0.0121582
4.60793e-008	0.02146
4.61043e-008	0.0358154
4.61293e-008	0.025708
4.61543e-008	0.0203369
4.61793e-008	0.0340576
4.62043e-008	0.0294678
4.62293e-008	0.0169434
4.62543e-008	0.0274414
4.62793e-008	0.0379883
4.63043e-008	0.0390137
4.63293e-008	0.0316406
4.63543e-008	0.0260986
4.63793e-008	0.0322754
4.64043e-008	0.0299316
4.64293e-008	0.0282227
4.64543e-008	0.0284912
4.64793e-008	0.0262207
4.65043e-008	0.0342529
4.65293e-008	0.0199463
4.65543e-008	-0.00163573
4.65793e-008	0.0172119
4.66043e-008	0.0323242
4.66293e-008	0.0276367
4.66543e-008	0.0306152
4.66793e-008	0.0341797
4.67043e-008	0.0307373
4.67293e-008	0.0199463
4.67543e-008	0.023584
4.67793e-008	0.031543
4.68043e-008	0.0312988
4.68293e-008	0.0322022
4.68543e-008	0.0203125
4.68793e-008	0.0241699
4.69043e-008	0.0296631
4.69293e-008	0.017627
4.69543e-008	0.0238037
4.69793e-008	0.02146
4.70043e-008	0.0154297
4.70293e-008	0.0278076
4.70543e-008	0.0310059
4.70793e-008	0.0298096
4.71043e-008	0.0264404
4.71293e-008	0.0219482
4.71543e-008	0.03125
4.71793e-008	0.037085
4.72043e-008	0.0310791
4.72293e-008	0.0248291
4.72543e-008	0.0209961
4.72793e-008	0.0296387
4.73043e-008	0.0407471
4.73293e-008	0.0324951
4.73543e-008	0.0172852
4.73793e-008	0.0190186
4.74043e-008	0.0326904
4.74293e-008	0.027832
4.74543e-008	0.0209229
4.74793e-008	0.0342285
4.75043e-008	0.02854
4.75293e-008	0.00812989
4.75543e-008	0.019458
4.75793e-008	0.0399902
4.76043e-008	0.0337402
4.76293e-008	0.0241455
4.76543e-008	0.0208008
4.76793e-008	0.0221191
4.77043e-008	0.0268311
4.77293e-008	0.0133057
4.77543e-008	0.0171875
4.77793e-008	0.0361816
4.78043e-008	0.0268066
4.78293e-008	0.0233643
4.78543e-008	0.0266602
4.78793e-008	0.0267578
4.79043e-008	0.032666
4.79293e-008	0.0228027
4.79543e-008	0.0164063
4.79793e-008	0.0229981
4.80043e-008	0.0247559
4.80293e-008	0.0257324
4.80543e-008	0.0213867
4.80793e-008	0.0218262
4.81043e-008	0.0302734
4.81293e-008	0.027002
4.81543e-008	0.0223145
4.81793e-008	0.0276123
4.82043e-008	0.0384766
4.82293e-008	0.0354736
4.82543e-008	0.0155762
4.82793e-008	0.0203125
4.83043e-008	0.0318115
4.83293e-008	0.0178955
4.83543e-008	0.0172119
4.83793e-008	0.0282715
4.84043e-008	0.0331543
4.84293e-008	0.0319824
4.84543e-008	0.0174072
4.84793e-008	0.0247803
4.85043e-008	0.0354736
4.85293e-008	0.0137207
4.85543e-008	0.015625
4.85793e-008	0.0392334
4.86043e-008	0.0372315
4.86293e-008	0.0212891
4.86543e-008	0.020874
4.86793e-008	0.038208
4.87043e-008	0.0337891
4.87293e-008	0.0173584
4.87543e-008	0.0243652
4.87793e-008	0.0251221
4.88043e-008	0.0224854
4.88293e-008	0.0234619
4.88543e-008	0.0100586
4.88793e-008	0.02146
4.89043e-008	0.0394775
4.89293e-008	0.0268311
4.89543e-008	0.0233399
4.89793e-008	0.0297852
4.90043e-008	0.0286377
4.90293e-008	0.0251221
4.90543e-008	0.0311524
4.90793e-008	0.0404297
4.91043e-008	0.0307617
4.91293e-008	0.0252686
4.91543e-008	0.0236328
4.91793e-008	0.0170899
4.92043e-008	0.0205566
4.92293e-008	0.0160645
4.92543e-008	0.0148926
4.92793e-008	0.0327637
4.93043e-008	0.035083
4.93293e-008	0.0165772
4.93543e-008	0.00969239
4.93793e-008	0.0177002
4.94043e-008	0.0305664
4.94293e-008	0.040918
4.94543e-008	0.043457
4.94793e-008	0.0453613
4.95043e-008	0.0351563
4.95293e-008	0.0101074
4.95543e-008	0.00295411
4.95793e-008	0.0230957
4.96043e-008	0.0368652
4.96293e-008	0.0298828
4.96543e-008	0.0193604
4.96793e-008	0.0197754
4.97043e-008	0.0328125
4.97293e-008	0.0320557
4.97543e-008	0.0223389
4.97793e-008	0.0205811
4.98043e-008	0.0166748
4.98293e-008	0.0254639
4.98543e-008	0.0323242
4.98793e-008	0.0277344
4.99043e-008	0.033252
4.99293e-008	0.0329834
4.99543e-008	0.0260986
4.99793e-008	0.0261231
5.00043e-008	0.0277588
