# LECROYWM813Zi	51496	Waveform
# Segments	1	SegmentSize	4002
# Segment	TrigTime	TimeSinceSegment1
# #1	30-Nov-2018 17:20:54	0                 
# Time	Ampl
-5.001622e-008	0.0184082
-4.999122e-008	0.0175049
-4.996622e-008	0.0355225
-4.994122e-008	0.0224854
-4.991622e-008	0.0109375
-4.989122e-008	0.021875
-4.986622e-008	0.0197266
-4.984122e-008	0.0135498
-4.981622e-008	0.0131836
-4.979122e-008	0.0113281
-4.976622e-008	0.0110107
-4.974122e-008	0.0143799
-4.971622e-008	0.0197022
-4.969122e-008	0.0162109
-4.966622e-008	0.0129883
-4.964122e-008	0.0210205
-4.961622e-008	0.0124024
-4.959122e-008	0.00297852
-4.956622e-008	0.0175049
-4.954122e-008	0.0263428
-4.951622e-008	0.0204102
-4.949122e-008	0.0141357
-4.946622e-008	0.0267334
-4.944122e-008	0.0310059
-4.941622e-008	0.00400391
-4.939122e-008	0.00524903
-4.936622e-008	0.0210693
-4.934122e-008	0.0132813
-4.931622e-008	0.0176025
-4.929122e-008	0.0226318
-4.926622e-008	0.0146729
-4.924122e-008	0.0115479
-4.921622e-008	0.00668946
-4.919122e-008	0.00812989
-4.916622e-008	0.0179199
-4.914122e-008	0.0195557
-4.911622e-008	0.0264649
-4.909122e-008	0.0329834
-4.906622e-008	0.0185547
-4.904122e-008	0.00874024
-4.901622e-008	0.0110352
-4.899122e-008	0.0132324
-4.896622e-008	0.0193359
-4.894122e-008	0.0197022
-4.891622e-008	0.0169434
-4.889122e-008	0.0223633
-4.886622e-008	0.0263916
-4.884122e-008	0.0197266
-4.881622e-008	0.00737305
-4.879122e-008	0.00395509
-4.876622e-008	0.0151123
-4.874122e-008	0.0206055
-4.871622e-008	0.0232666
-4.869122e-008	0.0269043
-4.866622e-008	0.00732423
-4.864122e-008	0.00617677
-4.861622e-008	0.0294678
-4.859122e-008	0.023877
-4.856622e-008	0.0198975
-4.854122e-008	0.0319824
-4.851622e-008	0.0365234
-4.849122e-008	0.0310547
-4.846622e-008	0.0199219
-4.844122e-008	0.0172852
-4.841622e-008	0.0158203
-4.839122e-008	0.0208008
-4.836622e-008	0.0263916
-4.834122e-008	0.00888673
-4.831622e-008	0.00947266
-4.829122e-008	0.0285156
-4.826622e-008	0.0212402
-4.824122e-008	0.0155518
-4.821622e-008	0.021582
-4.819122e-008	0.0272217
-4.816622e-008	0.0348389
-4.814122e-008	0.0263672
-4.811622e-008	0.0202637
-4.809122e-008	0.0264404
-4.806622e-008	0.0248291
-4.804122e-008	0.016919
-4.801622e-008	7.45058e-009
-4.799122e-008	0.000927742
-4.796622e-008	0.0255371
-4.794122e-008	0.0238281
-4.791622e-008	0.0122803
-4.789122e-008	0.0173096
-4.786622e-008	0.0169922
-4.784122e-008	0.0259522
-4.781622e-008	0.0322754
-4.779122e-008	0.0172363
-4.776622e-008	0.0177734
-4.774122e-008	0.0241211
-4.771622e-008	0.0249756
-4.769122e-008	0.0298828
-4.766622e-008	0.0259766
-4.764122e-008	0.0147461
-4.761622e-008	0.000146492
-4.759122e-008	0.00700684
-4.756622e-008	0.02146
-4.754122e-008	0.0192139
-4.751622e-008	0.0164307
-4.749122e-008	0.000927742
-4.746622e-008	0.00969239
-4.744122e-008	0.0342774
-4.741622e-008	0.0233399
-4.739122e-008	0.0199219
-4.736622e-008	0.0214111
-4.734122e-008	0.0125244
-4.731622e-008	0.0154541
-4.729122e-008	0.0150879
-4.726622e-008	0.0128906
-4.724122e-008	0.0211182
-4.721622e-008	0.0218994
-4.719122e-008	0.0136475
-4.716622e-008	0.0174316
-4.714122e-008	0.0209473
-4.711622e-008	0.0179688
-4.709122e-008	0.0197754
-4.706622e-008	0.0219482
-4.704122e-008	0.0273682
-4.701622e-008	0.0290772
-4.699122e-008	0.019043
-4.696622e-008	0.0112549
-4.694122e-008	0.0201904
-4.691622e-008	0.0261963
-4.689122e-008	0.0110596
-4.686622e-008	0.0100098
-4.684122e-008	0.0223145
-4.681622e-008	0.0182373
-4.679122e-008	0.0209961
-4.676622e-008	0.0270752
-4.674122e-008	0.0197754
-4.671622e-008	0.0174805
-4.669122e-008	0.0128906
-4.666622e-008	0.0130371
-4.664122e-008	0.0142822
-4.661622e-008	-0.000805657
-4.659122e-008	0.005542
-4.656622e-008	0.0171875
-4.654122e-008	0.0038086
-4.651622e-008	0.0178955
-4.649122e-008	0.0422119
-4.646622e-008	0.0264649
-4.644122e-008	0.0132813
-4.641622e-008	0.0111328
-4.639122e-008	0.00700684
-4.636622e-008	0.0189941
-4.634122e-008	0.0227539
-4.631622e-008	0.0172852
-4.629122e-008	0.0175781
-4.626622e-008	0.0253418
-4.624122e-008	0.0324463
-4.621622e-008	0.0196289
-4.619122e-008	0.0186279
-4.616622e-008	0.0208496
-4.614122e-008	0.0135742
-4.611622e-008	0.0298828
-4.609122e-008	0.0316162
-4.606622e-008	0.0185791
-4.604122e-008	0.0301025
-4.601622e-008	0.0326172
-4.599122e-008	0.0217041
-4.596622e-008	0.0180908
-4.594122e-008	0.00910645
-4.591622e-008	0.0151367
-4.589122e-008	0.0247559
-4.586622e-008	0.017334
-4.584122e-008	0.0243897
-4.581622e-008	0.0187256
-4.579122e-008	0.0128662
-4.576622e-008	0.0242188
-4.574122e-008	0.0107178
-4.571622e-008	0.0114258
-4.569122e-008	0.0180664
-4.566622e-008	0.00219727
-4.564122e-008	0.00996095
-4.561622e-008	0.0249268
-4.559122e-008	0.0210693
-4.556622e-008	0.022168
-4.554122e-008	0.0257568
-4.551622e-008	0.0229248
-4.549122e-008	0.0259033
-4.546622e-008	0.0300049
-4.544122e-008	0.0326904
-4.541622e-008	0.0198486
-4.539122e-008	0.0039795
-4.536622e-008	0.0260498
-4.534122e-008	0.0379639
-4.531622e-008	0.02146
-4.529122e-008	0.0190918
-4.526622e-008	0.0321777
-4.524122e-008	0.0433838
-4.521622e-008	0.0228516
-4.519122e-008	0.00627442
-4.516622e-008	0.0189697
-4.514122e-008	0.0199463
-4.511622e-008	0.0238037
-4.509122e-008	0.0303955
-4.506622e-008	0.02146
-4.504122e-008	0.017627
-4.501622e-008	0.0133057
-4.499122e-008	0.00595704
-4.496622e-008	0.0130859
-4.494122e-008	0.0228272
-4.491622e-008	0.0263184
-4.489122e-008	0.0247559
-4.486622e-008	0.018042
-4.484122e-008	0.0208008
-4.481622e-008	0.022876
-4.479122e-008	0.0205322
-4.476622e-008	0.0244629
-4.474122e-008	0.0143555
-4.471622e-008	0.0126465
-4.469122e-008	0.0275879
-4.466622e-008	0.0211426
-4.464122e-008	0.0159668
-4.461622e-008	0.0155274
-4.459122e-008	0.00891114
-4.456622e-008	0.0200684
-4.454122e-008	0.0265381
-4.451622e-008	0.0217774
-4.449122e-008	0.0227051
-4.446622e-008	0.0259033
-4.444122e-008	0.0286377
-4.441622e-008	0.0232666
-4.439122e-008	0.0228027
-4.436622e-008	0.0269775
-4.434122e-008	0.0326172
-4.431622e-008	0.0350098
-4.429122e-008	0.0218018
-4.426622e-008	0.023291
-4.424122e-008	0.0260986
-4.421622e-008	0.0112549
-4.419122e-008	0.0109619
-4.416622e-008	0.0195557
-4.414122e-008	0.0176025
-4.411622e-008	0.0183106
-4.409122e-008	0.0273926
-4.406622e-008	0.0253662
-4.404122e-008	0.0186035
-4.401622e-008	0.0124756
-4.399122e-008	0.00642091
-4.396622e-008	0.0168213
-4.394122e-008	0.0166992
-4.391622e-008	0.0105469
-4.389122e-008	0.0255127
-4.386622e-008	0.0264893
-4.384122e-008	0.0176758
-4.381622e-008	0.0234863
-4.379122e-008	0.0164551
-4.376622e-008	-0.0019287
-4.374122e-008	0.00278321
-4.371622e-008	0.0254395
-4.369122e-008	0.0306397
-4.366622e-008	0.0240479
-4.364122e-008	0.0249756
-4.361622e-008	0.0147461
-4.359122e-008	0.00839845
-4.356622e-008	0.0172363
-4.354122e-008	0.0160889
-4.351622e-008	0.0118164
-4.349122e-008	0.0125
-4.346622e-008	0.0266358
-4.344122e-008	0.0279541
-4.341622e-008	-0.000634758
-4.339122e-008	0.00100098
-4.336622e-008	0.0198975
-4.334122e-008	0.0207764
-4.331622e-008	0.0220703
-4.329122e-008	0.0115723
-4.326622e-008	0.0129395
-4.324122e-008	0.0321045
-4.321622e-008	0.0174316
-4.319122e-008	0.000585945
-4.316622e-008	0.0198486
-4.314122e-008	0.0311035
-4.311622e-008	0.0207764
-4.309122e-008	0.0186279
-4.306622e-008	0.0236816
-4.304122e-008	0.0185059
-4.301622e-008	0.0184326
-4.299122e-008	0.0275391
-4.296622e-008	0.020044
-4.294122e-008	0.0137695
-4.291622e-008	0.0268555
-4.289122e-008	0.0270264
-4.286622e-008	0.0140869
-4.284122e-008	0.011499
-4.281622e-008	0.0143799
-4.279122e-008	0.023291
-4.276622e-008	0.0265137
-4.274122e-008	0.0187012
-4.271622e-008	0.0224854
-4.269122e-008	0.0159668
-4.266622e-008	0.010083
-4.264122e-008	0.028833
-4.261622e-008	0.0155274
-4.259122e-008	0.000634773
-4.256622e-008	0.0211914
-4.254122e-008	0.0241943
-4.251622e-008	0.0285645
-4.249122e-008	0.0333252
-4.246622e-008	0.0257568
-4.244122e-008	0.0300781
-4.241622e-008	0.018042
-4.239122e-008	0.00598145
-4.236622e-008	0.012915
-4.234122e-008	0.0126465
-4.231622e-008	0.0138428
-4.229122e-008	0.0110107
-4.226622e-008	0.00471192
-4.224122e-008	0.00817872
-4.221622e-008	0.00698243
-4.219122e-008	0.0128662
-4.216622e-008	0.0188232
-4.214122e-008	0.0146484
-4.211622e-008	0.0239502
-4.209122e-008	0.0178955
-4.206622e-008	0.00788575
-4.204122e-008	0.0138916
-4.201622e-008	0.00598145
-4.199122e-008	0.0153076
-4.196622e-008	0.0293457
-4.194122e-008	0.0239258
-4.191622e-008	0.0173096
-4.189122e-008	0.0145752
-4.186622e-008	0.0320557
-4.184122e-008	0.0361572
-4.181622e-008	0.0156006
-4.179122e-008	0.00759278
-4.176622e-008	0.0134033
-4.174122e-008	0.0200928
-4.171622e-008	0.0185303
-4.169122e-008	0.0174316
-4.166622e-008	0.0250244
-4.164122e-008	0.0334229
-4.161622e-008	0.0251953
-4.159122e-008	0.0135986
-4.156622e-008	0.0176758
-4.154122e-008	0.0185791
-4.151622e-008	0.016919
-4.149122e-008	0.0182373
-4.146622e-008	0.0248535
-4.144122e-008	0.0296631
-4.141622e-008	0.0206299
-4.139122e-008	0.0172852
-4.136622e-008	0.0218262
-4.134122e-008	0.0282715
-4.131622e-008	0.0233154
-4.129122e-008	0.00319825
-4.126622e-008	0.0110352
-4.124122e-008	0.0292969
-4.121622e-008	0.0201416
-4.119122e-008	0.016626
-4.116622e-008	0.0232666
-4.114122e-008	0.0202881
-4.111622e-008	0.0247559
-4.109122e-008	0.0381836
-4.106622e-008	0.0353272
-4.104122e-008	0.0204102
-4.101622e-008	0.0242432
-4.099122e-008	0.0338867
-4.096622e-008	0.0233887
-4.094122e-008	0.0200195
-4.091622e-008	0.0223877
-4.089122e-008	0.0117188
-4.086622e-008	0.0205566
-4.084122e-008	0.0166504
-4.081622e-008	-0.0127197
-4.079122e-008	0.00920411
-4.076622e-008	0.034668
-4.074122e-008	0.0188721
-4.071622e-008	0.0180176
-4.069122e-008	0.023169
-4.066622e-008	0.0261719
-4.064122e-008	0.0275879
-4.061622e-008	0.018335
-4.059122e-008	0.0196289
-4.056622e-008	0.0218994
-4.054122e-008	0.017749
-4.051622e-008	0.021582
-4.049122e-008	0.0225342
-4.046622e-008	0.0205078
-4.044122e-008	0.026709
-4.041622e-008	0.0247803
-4.039122e-008	0.0195801
-4.036622e-008	0.021875
-4.034122e-008	0.022583
-4.031622e-008	0.0262451
-4.029122e-008	0.0168213
-4.026622e-008	0.0128174
-4.024122e-008	0.0248047
-4.021622e-008	0.0136963
-4.019122e-008	0.0115479
-4.016622e-008	0.0253906
-4.014122e-008	0.0188965
-4.011622e-008	0.0125488
-4.009122e-008	0.0201416
-4.006622e-008	0.0296631
-4.004122e-008	0.0258789
-4.001622e-008	0.0105957
-3.999122e-008	0.0148682
-3.996622e-008	0.0300293
-3.994122e-008	0.0176025
-3.991622e-008	-0.00175781
-3.989122e-008	-0.00310058
-3.986622e-008	0.0182373
-3.984122e-008	0.0315674
-3.981622e-008	0.000634773
-3.979122e-008	-0.000805657
-3.976622e-008	0.0185303
-3.974122e-008	0.0090088
-3.971622e-008	0.0205322
-3.969122e-008	0.0187988
-3.966622e-008	0.00993653
-3.964122e-008	0.0183106
-3.961622e-008	0.00891114
-3.959122e-008	0.020044
-3.956622e-008	0.022168
-3.954122e-008	0.00612794
-3.951622e-008	0.0227051
-3.949122e-008	0.0207764
-3.946622e-008	0.011084
-3.944122e-008	0.0209229
-3.941622e-008	0.0173096
-3.939122e-008	0.0241699
-3.936622e-008	0.0297363
-3.934122e-008	0.0153076
-3.931622e-008	0.0121826
-3.929122e-008	0.0199463
-3.926622e-008	0.0328125
-3.924122e-008	0.0337891
-3.921622e-008	0.012085
-3.919122e-008	0.00766602
-3.916622e-008	0.0294434
-3.914122e-008	0.0344483
-3.911622e-008	0.0165283
-3.909122e-008	0.0104492
-3.906622e-008	0.0210938
-3.904122e-008	0.0221436
-3.901622e-008	0.00549317
-3.899122e-008	0.00229493
-3.896622e-008	0.0203369
-3.894122e-008	0.0222656
-3.891622e-008	0.0138428
-3.889122e-008	0.0175049
-3.886622e-008	0.0271484
-3.884122e-008	0.0323242
-3.881622e-008	0.0138672
-3.879122e-008	0.00285645
-3.876622e-008	0.0252686
-3.874122e-008	0.0244385
-3.871622e-008	0.0118164
-3.869122e-008	0.0231934
-3.866622e-008	0.0200195
-3.864122e-008	0.0148438
-3.861622e-008	0.0210205
-3.859122e-008	0.0176025
-3.856622e-008	0.0179199
-3.854122e-008	0.0195313
-3.851622e-008	0.016626
-3.849122e-008	0.0141602
-3.846622e-008	0.00908204
-3.844122e-008	0.0123047
-3.841622e-008	0.0176758
-3.839122e-008	0.0170899
-3.836622e-008	0.0266602
-3.834122e-008	0.0286133
-3.831622e-008	0.0187744
-3.829122e-008	0.0186279
-3.826622e-008	0.0186768
-3.824122e-008	0.0249756
-3.821622e-008	0.0264893
-3.819122e-008	0.0171631
-3.816622e-008	0.00930177
-3.814122e-008	0.00344239
-3.811622e-008	0.0261963
-3.809122e-008	0.0359619
-3.806622e-008	0.0162354
-3.804122e-008	0.0246582
-3.801622e-008	0.0324463
-3.799122e-008	0.0233887
-3.796622e-008	0.0121338
-3.794122e-008	0.0050293
-3.791622e-008	0.0223389
-3.789122e-008	0.0236572
-3.786622e-008	0.00803223
-3.784122e-008	0.0160156
-3.781622e-008	0.0191895
-3.779122e-008	0.0165039
-3.776622e-008	0.0176758
-3.774122e-008	0.0162598
-3.771622e-008	0.0264649
-3.769122e-008	0.0262695
-3.766622e-008	0.0198486
-3.764122e-008	0.0221436
-3.761622e-008	0.0038086
-3.759122e-008	-0.000317375
-3.756622e-008	0.02229
-3.754122e-008	0.0225098
-3.751622e-008	0.0233154
-3.749122e-008	0.0240967
-3.746622e-008	0.01604
-3.744122e-008	0.0241943
-3.741622e-008	0.0195801
-3.739122e-008	0.0169678
-3.736622e-008	0.0235352
-3.734122e-008	0.00986329
-3.731622e-008	0.00776368
-3.729122e-008	0.0104736
-3.726622e-008	0.00734864
-3.724122e-008	0.0168457
-3.721622e-008	0.0234619
-3.719122e-008	0.0271973
-3.716622e-008	0.0272949
-3.714122e-008	0.0214356
-3.711622e-008	0.0160156
-3.709122e-008	0.00825196
-3.706622e-008	0.0184326
-3.704122e-008	0.0352051
-3.701622e-008	0.0259033
-3.699122e-008	0.0166748
-3.696622e-008	0.0173828
-3.694122e-008	0.0156982
-3.691622e-008	0.0259033
-3.689122e-008	0.0308106
-3.686622e-008	0.0220215
-3.684122e-008	0.024707
-3.681622e-008	0.0248291
-3.679122e-008	0.0171631
-3.676622e-008	0.0219971
-3.674122e-008	0.021167
-3.671622e-008	0.0119873
-3.669122e-008	0.0138428
-3.666622e-008	0.0254395
-3.664122e-008	0.0365967
-3.661622e-008	0.022168
-3.659122e-008	0.0163574
-3.656622e-008	0.0334473
-3.654122e-008	0.0220703
-3.651622e-008	0.019043
-3.649122e-008	0.0188232
-3.646622e-008	0.00539552
-3.644122e-008	0.0267334
-3.641622e-008	0.0312744
-3.639122e-008	0.0226563
-3.636622e-008	0.0319336
-3.634122e-008	0.0133057
-3.631622e-008	0.000122078
-3.629122e-008	0.00888673
-3.626622e-008	0.0118897
-3.624122e-008	0.0175293
-3.621622e-008	0.019458
-3.619122e-008	0.0167725
-3.616622e-008	0.0197998
-3.614122e-008	0.0308106
-3.611622e-008	0.0406738
-3.609122e-008	0.0357666
-3.606622e-008	0.0248291
-3.604122e-008	0.0170899
-3.601622e-008	0.0129395
-3.599122e-008	0.0220215
-3.596622e-008	0.0290527
-3.594122e-008	0.0194336
-3.591622e-008	0.0147949
-3.589122e-008	0.00878907
-3.586622e-008	0.0130371
-3.584122e-008	0.0305908
-3.581622e-008	0.0138916
-3.579122e-008	0.00944825
-3.576622e-008	0.03396
-3.574122e-008	0.0268799
-3.571622e-008	0.0178711
-3.569122e-008	0.020459
-3.566622e-008	0.0165772
-3.564122e-008	0.0176025
-3.561622e-008	0.018335
-3.559122e-008	0.0214844
-3.556622e-008	0.0267578
-3.554122e-008	0.0240967
-3.551622e-008	0.0188232
-3.549122e-008	0.0159424
-3.546622e-008	0.0197266
-3.544122e-008	0.0339356
-3.541622e-008	0.0360596
-3.539122e-008	0.0280762
-3.536622e-008	0.0273438
-3.534122e-008	0.0147461
-3.531622e-008	0.0144775
-3.529122e-008	0.0257568
-3.526622e-008	0.0209961
-3.524122e-008	0.0209229
-3.521622e-008	0.0170899
-3.519122e-008	0.0198975
-3.516622e-008	0.0292725
-3.514122e-008	0.0269531
-3.511622e-008	0.026001
-3.509122e-008	0.0136231
-3.506622e-008	0.0109375
-3.504122e-008	0.0299316
-3.501622e-008	0.0370606
-3.499122e-008	0.0248291
-3.496622e-008	0.0104981
-3.494122e-008	0.0143066
-3.491622e-008	0.0189697
-3.489122e-008	0.0126709
-3.486622e-008	0.0150635
-3.484122e-008	0.0279053
-3.481622e-008	0.0348877
-3.479122e-008	0.0263428
-3.476622e-008	0.0170166
-3.474122e-008	0.0251709
-3.471622e-008	0.0300293
-3.469122e-008	0.0113037
-3.466622e-008	0.0121826
-3.464122e-008	0.0283691
-3.461622e-008	0.0175293
-3.459122e-008	0.015918
-3.456622e-008	0.0219727
-3.454122e-008	0.0083252
-3.451622e-008	0.00925294
-3.449122e-008	0.0192383
-3.446622e-008	0.019458
-3.444122e-008	0.0236328
-3.441622e-008	0.0118897
-3.439122e-008	0.00180665
-3.436622e-008	0.018042
-3.434122e-008	0.0169922
-3.431622e-008	0.0181885
-3.429122e-008	0.0353516
-3.426622e-008	0.0299805
-3.424122e-008	0.0229248
-3.421622e-008	0.0219482
-3.419122e-008	0.0203857
-3.416622e-008	0.0203857
-3.414122e-008	0.00993653
-3.411622e-008	0.00954591
-3.409122e-008	0.0187744
-3.406622e-008	0.0151123
-3.404122e-008	0.00834962
-3.401622e-008	0.0104004
-3.399122e-008	0.0240234
-3.396622e-008	0.0279053
-3.394122e-008	0.0186035
-3.391622e-008	0.0268555
-3.389122e-008	0.0309815
-3.386622e-008	0.0188477
-3.384122e-008	0.0185547
-3.381622e-008	0.0189453
-3.379122e-008	0.0159912
-3.376622e-008	0.0165772
-3.374122e-008	0.0181885
-3.371622e-008	0.0266113
-3.369122e-008	0.0175049
-3.366622e-008	0.010083
-3.364122e-008	0.023999
-3.361622e-008	0.0125977
-3.359122e-008	0.010083
-3.356622e-008	0.0255615
-3.354122e-008	0.0164795
-3.351622e-008	0.00195313
-3.349122e-008	-0.00200195
-3.346622e-008	0.0206299
-3.344122e-008	0.0212647
-3.341622e-008	-0.000878899
-3.339122e-008	0.0146484
-3.336622e-008	0.0211182
-3.334122e-008	0.022876
-3.331622e-008	0.0236084
-3.329122e-008	0.00898438
-3.326622e-008	0.019043
-3.324122e-008	0.0161621
-3.321622e-008	0.0019043
-3.319122e-008	0.0125244
-3.316622e-008	0.0181397
-3.314122e-008	0.0178467
-3.311622e-008	0.0275391
-3.309122e-008	0.0310791
-3.306622e-008	0.0251953
-3.304122e-008	0.0254395
-3.301622e-008	0.0131592
-3.299122e-008	0.00324708
-3.296622e-008	0.0171875
-3.294122e-008	0.0157227
-3.291622e-008	0.0175537
-3.289122e-008	0.0294678
-3.286622e-008	0.0284912
-3.284122e-008	0.0303223
-3.281622e-008	0.0105957
-3.279122e-008	0.00581055
-3.276622e-008	0.0306397
-3.274122e-008	0.0169678
-3.271622e-008	0.016333
-3.269122e-008	0.0317383
-3.266622e-008	0.0153809
-3.264122e-008	0.0227539
-3.261622e-008	0.03396
-3.259122e-008	0.0238037
-3.256622e-008	0.0272949
-3.254122e-008	0.0225342
-3.251622e-008	0.0111328
-3.249122e-008	0.0116699
-3.246622e-008	0.0161865
-3.244122e-008	0.02229
-3.241622e-008	0.0187744
-3.239122e-008	0.0151611
-3.236622e-008	0.0155518
-3.234122e-008	0.0113525
-3.231622e-008	0.0172852
-3.229122e-008	0.0277344
-3.226622e-008	0.029541
-3.224122e-008	0.0249756
-3.221622e-008	0.016333
-3.219122e-008	0.0187256
-3.216622e-008	0.031665
-3.214122e-008	0.0294678
-3.211622e-008	0.0176758
-3.209122e-008	0.00786134
-3.206622e-008	0.0119141
-3.204122e-008	0.0327149
-3.201622e-008	0.0211182
-3.199122e-008	0.0020752
-3.196622e-008	0.014502
-3.194122e-008	0.0208984
-3.191622e-008	0.0300781
-3.189122e-008	0.0344238
-3.186622e-008	0.0229248
-3.184122e-008	0.0174072
-3.181622e-008	0.0168701
-3.179122e-008	0.0287598
-3.176622e-008	0.02854
-3.174122e-008	0.0128418
-3.171622e-008	0.0110596
-3.169122e-008	0.0108643
-3.166622e-008	0.0196045
-3.164122e-008	0.0307617
-3.161622e-008	0.0203369
-3.159122e-008	0.0151856
-3.156622e-008	0.0192871
-3.154122e-008	0.0138916
-3.151622e-008	0.0161377
-3.149122e-008	0.0241699
-3.146622e-008	0.0253418
-3.144122e-008	0.0168945
-3.141622e-008	0.00097657
-3.139122e-008	0.0116455
-3.136622e-008	0.024292
-3.134122e-008	0.00302735
-3.131622e-008	0.00737305
-3.129122e-008	0.0216309
-3.126622e-008	0.0154785
-3.124122e-008	0.0320068
-3.121622e-008	0.0316406
-3.119122e-008	0.0151856
-3.116622e-008	0.0202393
-3.114122e-008	0.0146729
-3.111622e-008	0.0197266
-3.109122e-008	0.0298828
-3.106622e-008	0.0210205
-3.104122e-008	0.0286377
-3.101622e-008	0.0311279
-3.099122e-008	0.0170654
-3.096622e-008	0.0177002
-3.094122e-008	0.0184815
-3.091622e-008	0.0150635
-3.089122e-008	0.0246582
-3.086622e-008	0.033252
-3.084122e-008	0.0250977
-3.081622e-008	0.0184326
-3.079122e-008	0.0158447
-3.076622e-008	0.00703126
-3.074122e-008	0.0147949
-3.071622e-008	0.0259033
-3.069122e-008	0.0136475
-3.066622e-008	0.0124756
-3.064122e-008	0.0297119
-3.061622e-008	0.0352783
-3.059122e-008	0.032544
-3.056622e-008	0.0219971
-3.054122e-008	0.0105957
-3.051622e-008	0.0219727
-3.049122e-008	0.0255615
-3.046622e-008	0.0188232
-3.044122e-008	0.0337158
-3.041622e-008	0.0299805
-3.039122e-008	0.0168457
-3.036622e-008	0.0312256
-3.034122e-008	0.0320801
-3.031622e-008	0.0165039
-3.029122e-008	0.0119873
-3.026622e-008	0.0186524
-3.024122e-008	0.0208496
-3.021622e-008	0.0238525
-3.019122e-008	0.0396729
-3.016622e-008	0.0297608
-3.014122e-008	0.00515137
-3.011622e-008	0.0102051
-3.009122e-008	0.0218506
-3.006622e-008	0.0201172
-3.004122e-008	0.0130859
-3.001622e-008	0.0113037
-2.999122e-008	0.0193604
-2.996622e-008	0.0275147
-2.994122e-008	0.0292969
-2.991622e-008	0.0275635
-2.989122e-008	0.0297852
-2.986622e-008	0.0370361
-2.984122e-008	0.0313721
-2.981622e-008	0.0150635
-2.979122e-008	0.0152588
-2.976622e-008	0.0206543
-2.974122e-008	0.0205566
-2.971622e-008	0.0218994
-2.969122e-008	0.0166016
-2.966622e-008	0.0217774
-2.964122e-008	0.0304199
-2.961622e-008	0.0200928
-2.959122e-008	0.0162598
-2.956622e-008	0.0245606
-2.954122e-008	0.0275391
-2.951622e-008	0.0274902
-2.949122e-008	0.0225342
-2.946622e-008	0.0191406
-2.944122e-008	0.0292236
-2.941622e-008	0.0263184
-2.939122e-008	0.0140869
-2.936622e-008	0.0244629
-2.934122e-008	0.0259033
-2.931622e-008	0.0112549
-2.929122e-008	0.0134522
-2.926622e-008	0.0295899
-2.924122e-008	0.0342774
-2.921622e-008	0.0167969
-2.919122e-008	0.0137695
-2.916622e-008	0.0241211
-2.914122e-008	0.0194336
-2.911622e-008	0.0124512
-2.909122e-008	0.000268562
-2.906622e-008	-0.000244133
-2.904122e-008	0.0237305
-2.901622e-008	0.0373047
-2.899122e-008	0.0309326
-2.896622e-008	0.0193359
-2.894122e-008	0.0127686
-2.891622e-008	0.0157227
-2.889122e-008	0.0237061
-2.886622e-008	0.0310547
-2.884122e-008	0.0227051
-2.881622e-008	-0.00236816
-2.879122e-008	0.00295411
-2.876622e-008	0.034668
-2.874122e-008	0.0288086
-2.871622e-008	0.00292969
-2.869122e-008	-0.00236816
-2.866622e-008	0.00603028
-2.864122e-008	0.0146973
-2.861622e-008	0.0150391
-2.859122e-008	0.0156982
-2.856622e-008	0.014917
-2.854122e-008	0.0178955
-2.851622e-008	0.0201172
-2.849122e-008	0.0112549
-2.846622e-008	0.0217285
-2.844122e-008	0.0257324
-2.841622e-008	0.0108154
-2.839122e-008	0.0166748
-2.836622e-008	0.0171143
-2.834122e-008	0.0109131
-2.831622e-008	0.0196289
-2.829122e-008	0.0245606
-2.826622e-008	0.0199707
-2.824122e-008	0.0175293
-2.821622e-008	0.0244629
-2.819122e-008	0.0230957
-2.816622e-008	0.0134033
-2.814122e-008	0.0146484
-2.811622e-008	0.018042
-2.809122e-008	0.0131348
-2.806622e-008	0.0205322
-2.804122e-008	0.0357422
-2.801622e-008	0.0161377
-2.799122e-008	0.00419923
-2.796622e-008	0.0168457
-2.794122e-008	0.00898438
-2.791622e-008	0.0172607
-2.789122e-008	0.028418
-2.786622e-008	0.0248779
-2.784122e-008	0.030249
-2.781622e-008	0.020752
-2.779122e-008	0.0203125
-2.776622e-008	0.0253174
-2.774122e-008	0.0208008
-2.771622e-008	0.0318359
-2.769122e-008	0.0221436
-2.766622e-008	0.0120361
-2.764122e-008	0.027124
-2.761622e-008	0.0195557
-2.759122e-008	0.0126221
-2.756622e-008	0.0156006
-2.754122e-008	0.014624
-2.751622e-008	0.0237305
-2.749122e-008	0.0126953
-2.746622e-008	0.00664063
-2.744122e-008	0.0313721
-2.741622e-008	0.0343262
-2.739122e-008	0.0184326
-2.736622e-008	0.0162842
-2.734122e-008	0.0217774
-2.731622e-008	0.0264404
-2.729122e-008	0.0241455
-2.726622e-008	0.0233399
-2.724122e-008	0.0278565
-2.721622e-008	0.00847169
-2.719122e-008	-0.00444335
-2.716622e-008	0.0201904
-2.714122e-008	0.0301758
-2.711622e-008	0.0235352
-2.709122e-008	0.0194336
-2.706622e-008	0.0200684
-2.704122e-008	0.0292481
-2.701622e-008	0.015625
-2.699122e-008	0.00715333
-2.696622e-008	0.0233887
-2.694122e-008	0.0170654
-2.691622e-008	0.00656739
-2.689122e-008	0.0133545
-2.686622e-008	0.0174805
-2.684122e-008	0.0234131
-2.681622e-008	0.0190186
-2.679122e-008	0.00793458
-2.676622e-008	0.0147461
-2.674122e-008	0.0230469
-2.671622e-008	0.0304932
-2.669122e-008	0.0360596
-2.666622e-008	0.033374
-2.664122e-008	0.025293
-2.661622e-008	0.0119385
-2.659122e-008	0.0178467
-2.656622e-008	0.0179688
-2.654122e-008	0.00820313
-2.651622e-008	0.020044
-2.649122e-008	0.0178711
-2.646622e-008	0.0246826
-2.644122e-008	0.042749
-2.641622e-008	0.0270996
-2.639122e-008	0.0174561
-2.636622e-008	0.0182617
-2.634122e-008	0.0166992
-2.631622e-008	0.0227539
-2.629122e-008	0.0139649
-2.626622e-008	0.0164795
-2.624122e-008	0.0327637
-2.621622e-008	0.0180664
-2.619122e-008	0.0130371
-2.616622e-008	0.0256836
-2.614122e-008	0.0216797
-2.611622e-008	0.0221924
-2.609122e-008	0.0238281
-2.606622e-008	0.0258789
-2.604122e-008	0.0219727
-2.601622e-008	0.00966798
-2.599122e-008	0.0149414
-2.596622e-008	0.0141357
-2.594122e-008	0.014502
-2.591622e-008	0.0251953
-2.589122e-008	0.0146484
-2.586622e-008	0.0148926
-2.584122e-008	0.0259033
-2.581622e-008	0.0110352
-2.579122e-008	0.0115967
-2.576622e-008	0.0309326
-2.574122e-008	0.027124
-2.571622e-008	0.0136963
-2.569122e-008	0.012915
-2.566622e-008	0.0265869
-2.564122e-008	0.0208984
-2.561622e-008	0.0060547
-2.559122e-008	0.0174561
-2.556622e-008	0.0126709
-2.554122e-008	0.00612794
-2.551622e-008	0.00871583
-2.549122e-008	0.00229493
-2.546622e-008	0.0198731
-2.544122e-008	0.0246338
-2.541622e-008	0.0229004
-2.539122e-008	0.0365479
-2.536622e-008	0.0178467
-2.534122e-008	0.0116699
-2.531622e-008	0.0333984
-2.529122e-008	0.0351563
-2.526622e-008	0.0258545
-2.524122e-008	0.0135742
-2.521622e-008	0.0118164
-2.519122e-008	0.0244385
-2.516622e-008	0.0253418
-2.514122e-008	0.019751
-2.511622e-008	0.0182373
-2.509122e-008	0.00805665
-2.506622e-008	0.00898438
-2.504122e-008	0.0284424
-2.501622e-008	0.0224121
-2.499122e-008	0.00852052
-2.496622e-008	0.0140137
-2.494122e-008	0.0133545
-2.491622e-008	0.0164063
-2.489122e-008	0.0258057
-2.486622e-008	0.024585
-2.484122e-008	0.0206299
-2.481622e-008	0.0166992
-2.479122e-008	0.0120606
-2.476622e-008	0.0179443
-2.474122e-008	0.0198975
-2.471622e-008	0.00141602
-2.469122e-008	0.0022461
-2.466622e-008	0.0240967
-2.464122e-008	0.0274658
-2.461622e-008	0.0149658
-2.459122e-008	0.00593262
-2.456622e-008	0.0119629
-2.454122e-008	0.0121582
-2.451622e-008	0.0153809
-2.449122e-008	0.0315918
-2.446622e-008	0.0263672
-2.444122e-008	0.0181885
-2.441622e-008	0.0183838
-2.439122e-008	0.0141357
-2.436622e-008	0.0195313
-2.434122e-008	0.0231445
-2.431622e-008	0.0088379
-2.429122e-008	0.000146492
-2.426622e-008	0.0165039
-2.424122e-008	0.0240479
-2.421622e-008	0.0100586
-2.419122e-008	0.00595704
-2.416622e-008	0.013501
-2.414122e-008	0.0210205
-2.411622e-008	0.0162109
-2.409122e-008	0.00629884
-2.406622e-008	0.0138184
-2.404122e-008	0.0132324
-2.401622e-008	0.00480958
-2.399122e-008	0.0200684
-2.396622e-008	0.0216065
-2.394122e-008	0.00808106
-2.391622e-008	0.0149902
-2.389122e-008	0.0204834
-2.386622e-008	0.0248047
-2.384122e-008	0.0252197
-2.381622e-008	0.00803223
-2.379122e-008	0.00734864
-2.376622e-008	0.0160645
-2.374122e-008	0.0104492
-2.371622e-008	0.0162109
-2.369122e-008	0.027124
-2.366622e-008	0.0199707
-2.364122e-008	0.0145508
-2.361622e-008	0.0223877
-2.359122e-008	0.0254639
-2.356622e-008	0.0237549
-2.354122e-008	0.02229
-2.351622e-008	0.0154297
-2.349122e-008	0.0114746
-2.346622e-008	0.0148682
-2.344122e-008	0.0196045
-2.341622e-008	0.0116943
-2.339122e-008	0.00273438
-2.336622e-008	0.0156982
-2.334122e-008	0.0265381
-2.331622e-008	0.024292
-2.329122e-008	0.0178711
-2.326622e-008	0.0216309
-2.324122e-008	0.0237793
-2.321622e-008	0.00795899
-2.319122e-008	0.0177734
-2.316622e-008	0.0252197
-2.314122e-008	0.0105225
-2.311622e-008	0.0168945
-2.309122e-008	0.0226074
-2.306622e-008	0.0293457
-2.304122e-008	0.0373535
-2.301622e-008	0.027832
-2.299122e-008	0.0163818
-2.296622e-008	0.0111816
-2.294122e-008	0.0167969
-2.291622e-008	0.0183838
-2.289122e-008	0.0189209
-2.286622e-008	0.0317871
-2.284122e-008	0.0301025
-2.281622e-008	0.0163574
-2.279122e-008	0.0198242
-2.276622e-008	0.026294
-2.274122e-008	0.0147705
-2.271622e-008	0.0109375
-2.269122e-008	0.0228027
-2.266622e-008	0.0158203
-2.264122e-008	0.00517579
-2.261622e-008	0.0185547
-2.259122e-008	0.0235352
-2.256622e-008	0.0133545
-2.254122e-008	0.014917
-2.251622e-008	0.0198242
-2.249122e-008	0.0106445
-2.246622e-008	0.00937501
-2.244122e-008	0.0310059
-2.241622e-008	0.0348877
-2.239122e-008	0.0210449
-2.236622e-008	0.0188721
-2.234122e-008	0.0173584
-2.231622e-008	0.0233154
-2.229122e-008	0.0294434
-2.226622e-008	0.0313965
-2.224122e-008	0.0339356
-2.221622e-008	0.0168945
-2.219122e-008	0.0138428
-2.216622e-008	0.0292725
-2.214122e-008	0.0240723
-2.211622e-008	0.0174805
-2.209122e-008	0.0171631
-2.206622e-008	0.0158203
-2.204122e-008	0.0182861
-2.201622e-008	0.0143066
-2.199122e-008	0.0114502
-2.196622e-008	0.0207031
-2.194122e-008	0.0209717
-2.191622e-008	0.0175049
-2.189122e-008	0.0224854
-2.186622e-008	0.0196777
-2.184122e-008	0.0259277
-2.181622e-008	0.0206055
-2.179122e-008	-0.000439446
-2.176622e-008	0.0134522
-2.174122e-008	0.0231934
-2.171622e-008	0.0156982
-2.169122e-008	0.0164795
-2.166622e-008	0.0193359
-2.164122e-008	0.028833
-2.161622e-008	0.0260742
-2.159122e-008	0.0179688
-2.156622e-008	0.0179199
-2.154122e-008	0.0191895
-2.151622e-008	0.0281006
-2.149122e-008	0.0291748
-2.146622e-008	0.0187744
-2.144122e-008	0.0197266
-2.141622e-008	0.0218018
-2.139122e-008	0.0108154
-2.136622e-008	0.0108643
-2.134122e-008	0.014917
-2.131622e-008	0.0154541
-2.129122e-008	0.0197754
-2.126622e-008	0.0141602
-2.124122e-008	0.0202637
-2.121622e-008	0.0248291
-2.119122e-008	0.0104492
-2.116622e-008	0.0127441
-2.114122e-008	0.0193848
-2.111622e-008	0.0163086
-2.109122e-008	0.0242676
-2.106622e-008	0.0415527
-2.104122e-008	0.0417969
-2.101622e-008	0.0252686
-2.099122e-008	0.0197754
-2.096622e-008	0.0184326
-2.094122e-008	0.0114746
-2.091622e-008	0.0180176
-2.089122e-008	0.0263672
-2.086622e-008	0.025
-2.084122e-008	0.0294434
-2.081622e-008	0.0238525
-2.079122e-008	0.0173828
-2.076622e-008	0.0164063
-2.074122e-008	0.00996095
-2.071622e-008	0.0233154
-2.069122e-008	0.0270508
-2.066622e-008	0.0197754
-2.064122e-008	0.0219727
-2.061622e-008	0.00766602
-2.059122e-008	0.00786134
-2.056622e-008	0.0198486
-2.054122e-008	0.0182861
-2.051622e-008	0.0221191
-2.049122e-008	0.0219482
-2.046622e-008	0.0242432
-2.044122e-008	0.0369873
-2.041622e-008	0.0324219
-2.039122e-008	0.0223145
-2.036622e-008	0.0262695
-2.034122e-008	0.0230713
-2.031622e-008	0.0229981
-2.029122e-008	0.0283447
-2.026622e-008	0.021167
-2.024122e-008	0.0196777
-2.021622e-008	0.0185303
-2.019122e-008	0.0150391
-2.016622e-008	0.0159668
-2.014122e-008	0.0186768
-2.011622e-008	0.034375
-2.009122e-008	0.0308838
-2.006622e-008	0.0182617
-2.004122e-008	0.0353027
-2.001622e-008	0.0275635
-1.999122e-008	0.00615235
-1.996622e-008	0.0242432
-1.994122e-008	0.0302979
-1.991622e-008	0.0155029
-1.989122e-008	0.0184326
-1.986622e-008	0.0265137
-1.984122e-008	0.0304443
-1.981622e-008	0.0185059
-1.979122e-008	0.011499
-1.976622e-008	0.021582
-1.974122e-008	0.0138916
-1.971622e-008	0.0201416
-1.969122e-008	0.028418
-1.966622e-008	0.0186524
-1.964122e-008	0.0275879
-1.961622e-008	0.0167969
-1.959122e-008	0.0105225
-1.956622e-008	0.027002
-1.954122e-008	0.0109619
-1.951622e-008	0.00766602
-1.949122e-008	0.0227051
-1.946622e-008	0.0220215
-1.944122e-008	0.027417
-1.941622e-008	0.0212158
-1.939122e-008	0.0139404
-1.936622e-008	0.0244629
-1.934122e-008	0.0143799
-1.931622e-008	0.0053711
-1.929122e-008	0.0164795
-1.926622e-008	0.0220459
-1.924122e-008	0.0294434
-1.921622e-008	0.0145752
-1.919122e-008	-0.00456542
-1.916622e-008	0.0138184
-1.914122e-008	0.0262451
-1.911622e-008	0.0248047
-1.909122e-008	0.0210938
-1.906622e-008	0.0186279
-1.904122e-008	0.0313965
-1.901622e-008	0.031543
-1.899122e-008	0.0187256
-1.896622e-008	0.011084
-1.894122e-008	0.0172607
-1.891622e-008	0.0355957
-1.889122e-008	0.0259277
-1.886622e-008	0.0108154
-1.884122e-008	0.0137695
-1.881622e-008	0.00766602
-1.879122e-008	0.0156982
-1.876622e-008	0.0229248
-1.874122e-008	0.0153809
-1.871622e-008	0.0251221
-1.869122e-008	0.0258789
-1.866622e-008	0.0224609
-1.864122e-008	0.0252441
-1.861622e-008	0.0166504
-1.859122e-008	0.0236572
-1.856622e-008	0.0234131
-1.854122e-008	0.00915528
-1.851622e-008	0.0229248
-1.849122e-008	0.0291748
-1.846622e-008	0.0257324
-1.844122e-008	0.0320557
-1.841622e-008	0.0103272
-1.839122e-008	-0.00148925
-1.836622e-008	0.0188232
-1.834122e-008	0.0134033
-1.831622e-008	0.00485841
-1.829122e-008	0.0175049
-1.826622e-008	0.0196777
-1.824122e-008	0.0196045
-1.821622e-008	0.0145264
-1.819122e-008	0.00742188
-1.816622e-008	0.021582
-1.814122e-008	0.0253906
-1.811622e-008	0.0140869
-1.809122e-008	0.0134766
-1.806622e-008	0.0208252
-1.804122e-008	0.0294434
-1.801622e-008	0.0241211
-1.799122e-008	0.0180908
-1.796622e-008	0.0260498
-1.794122e-008	0.0297119
-1.791622e-008	0.0260254
-1.789122e-008	0.010791
-1.786622e-008	0.00776368
-1.784122e-008	0.0257568
-1.781622e-008	0.0190918
-1.779122e-008	0.0153565
-1.776622e-008	0.0311768
-1.774122e-008	0.0168457
-1.771622e-008	0.00556641
-1.769122e-008	0.0221436
-1.766622e-008	0.0245361
-1.764122e-008	0.0214111
-1.761622e-008	0.0255371
-1.759122e-008	0.0195313
-1.756622e-008	0.014502
-1.754122e-008	0.0233887
-1.751622e-008	0.0262207
-1.749122e-008	0.0107422
-1.746622e-008	0.0127197
-1.744122e-008	0.0287109
-1.741622e-008	0.0198731
-1.739122e-008	0.0156006
-1.736622e-008	0.016626
-1.734122e-008	0.00964356
-1.731622e-008	0.0209961
-1.729122e-008	0.0221436
-1.726622e-008	0.0204834
-1.724122e-008	0.030542
-1.721622e-008	0.0137695
-1.719122e-008	0.0102051
-1.716622e-008	0.0273193
-1.714122e-008	0.0138428
-1.711622e-008	0.00419923
-1.709122e-008	0.0174805
-1.706622e-008	0.0269043
-1.704122e-008	0.0260742
-1.701622e-008	0.0214356
-1.699122e-008	0.0209961
-1.696622e-008	0.0151856
-1.694122e-008	0.0124756
-1.691622e-008	0.0168945
-1.689122e-008	0.0135498
-1.686622e-008	0.0131836
-1.684122e-008	0.0138428
-1.681622e-008	0.0153809
-1.679122e-008	0.0220947
-1.676622e-008	0.0219971
-1.674122e-008	0.0210205
-1.671622e-008	0.0140381
-1.669122e-008	0.00451661
-1.666622e-008	0.00976563
-1.664122e-008	0.00922852
-1.661622e-008	0.00251466
-1.659122e-008	0.00705567
-1.656622e-008	0.0165772
-1.654122e-008	0.0257813
-1.651622e-008	0.0281494
-1.649122e-008	0.0221924
-1.646622e-008	0.0155029
-1.644122e-008	0.0180908
-1.641622e-008	0.0221924
-1.639122e-008	0.0138916
-1.636622e-008	0.0146729
-1.634122e-008	0.0310303
-1.631622e-008	0.0322022
-1.629122e-008	0.0195313
-1.626622e-008	0.0184326
-1.624122e-008	0.0200195
-1.621622e-008	0.0118408
-1.619122e-008	0.0102295
-1.616622e-008	0.0134522
-1.614122e-008	0.0156006
-1.611622e-008	0.0212402
-1.609122e-008	0.0234863
-1.606622e-008	0.0309326
-1.604122e-008	0.0361328
-1.601622e-008	0.0246094
-1.599122e-008	0.0212647
-1.596622e-008	0.023584
-1.594122e-008	0.0204834
-1.591622e-008	0.0258057
-1.589122e-008	0.0247315
-1.586622e-008	0.0148438
-1.584122e-008	0.01875
-1.581622e-008	0.0305664
-1.579122e-008	0.0258057
-1.576622e-008	0.0122315
-1.574122e-008	0.0153809
-1.571622e-008	0.0188477
-1.569122e-008	0.0129883
-1.566622e-008	0.014502
-1.564122e-008	0.0141846
-1.561622e-008	0.00913087
-1.559122e-008	0.0187744
-1.556622e-008	0.0307861
-1.554122e-008	0.0219238
-1.551622e-008	0.0200928
-1.549122e-008	0.0245117
-1.546622e-008	0.0201416
-1.544122e-008	0.0337891
-1.541622e-008	0.0365967
-1.539122e-008	0.0249756
-1.536622e-008	0.0248291
-1.534122e-008	0.0103027
-1.531622e-008	0.00717774
-1.529122e-008	0.017627
-1.526622e-008	0.0190674
-1.524122e-008	0.0302002
-1.521622e-008	0.0264893
-1.519122e-008	0.0188232
-1.516622e-008	0.030835
-1.514122e-008	0.0236816
-1.511622e-008	0.00209962
-1.509122e-008	0.00769044
-1.506622e-008	0.0200928
-1.504122e-008	0.0104248
-1.501622e-008	0.00771485
-1.499122e-008	0.016333
-1.496622e-008	0.0238037
-1.494122e-008	0.0267578
-1.491622e-008	0.027832
-1.489122e-008	0.0336426
-1.486622e-008	0.0252197
-1.484122e-008	0.025708
-1.481622e-008	0.0196289
-1.479122e-008	-0.00378417
-1.476622e-008	0.0150391
-1.474122e-008	0.0287109
-1.471622e-008	0.0171143
-1.469122e-008	0.0148926
-1.466622e-008	0.0103516
-1.464122e-008	0.0248047
-1.461622e-008	0.0266846
-1.459122e-008	0.00810548
-1.456622e-008	0.0230957
-1.454122e-008	0.0321533
-1.451622e-008	0.0180176
-1.449122e-008	0.0216065
-1.446622e-008	0.0289551
-1.444122e-008	0.0230957
-1.441622e-008	0.0170654
-1.439122e-008	0.0200928
-1.436622e-008	0.0230713
-1.434122e-008	0.0216309
-1.431622e-008	0.0197754
-1.429122e-008	0.0132813
-1.426622e-008	0.0153809
-1.424122e-008	0.021582
-1.421622e-008	0.0112549
-1.419122e-008	0.00278321
-1.416622e-008	0.00993653
-1.414122e-008	0.0194336
-1.411622e-008	0.0211914
-1.409122e-008	0.0128174
-1.406622e-008	0.00808106
-1.404122e-008	0.0164795
-1.401622e-008	0.0218262
-1.399122e-008	0.0208984
-1.396622e-008	0.013501
-1.394122e-008	0.00905762
-1.391622e-008	0.020752
-1.389122e-008	0.0299805
-1.386622e-008	0.0346191
-1.384122e-008	0.0255371
-1.381622e-008	0.0106445
-1.379122e-008	0.018042
-1.376622e-008	0.023999
-1.374122e-008	0.0200684
-1.371622e-008	0.0167969
-1.369122e-008	0.018335
-1.366622e-008	0.0304199
-1.364122e-008	0.0340332
-1.361622e-008	0.0244873
-1.359122e-008	0.0193359
-1.356622e-008	0.0133789
-1.354122e-008	0.0167236
-1.351622e-008	0.0331543
-1.349122e-008	0.0248291
-1.346622e-008	0.0214356
-1.344122e-008	0.0349121
-1.341622e-008	0.0161377
-1.339122e-008	0.00737305
-1.336622e-008	0.0266846
-1.334122e-008	0.0286621
-1.331622e-008	0.0216309
-1.329122e-008	0.0219482
-1.326622e-008	0.0219238
-1.324122e-008	0.0175293
-1.321622e-008	0.0168701
-1.319122e-008	0.0176025
-1.316622e-008	0.0165283
-1.314122e-008	0.0222168
-1.311622e-008	0.0179932
-1.309122e-008	0.00598145
-1.306622e-008	0.0143555
-1.304122e-008	0.0284668
-1.301622e-008	0.024292
-1.299122e-008	0.0182373
-1.296622e-008	0.0228272
-1.294122e-008	0.0159668
-1.291622e-008	0.0133545
-1.289122e-008	0.0282959
-1.286622e-008	0.0255615
-1.284122e-008	0.0213623
-1.281622e-008	0.0166504
-1.279122e-008	0.00163575
-1.276622e-008	0.0172607
-1.274122e-008	0.0357666
-1.271622e-008	0.0214356
-1.269122e-008	0.0187744
-1.266622e-008	0.0320801
-1.264122e-008	0.0252197
-1.261622e-008	0.0223145
-1.259122e-008	0.0297852
-1.256622e-008	0.0221191
-1.254122e-008	0.0161621
-1.251622e-008	0.01604
-1.249122e-008	0.0192383
-1.246622e-008	0.0264893
-1.244122e-008	0.028125
-1.241622e-008	0.0214356
-1.239122e-008	0.0126465
-1.236622e-008	0.0151611
-1.234122e-008	0.017749
-1.231622e-008	0.0236816
-1.229122e-008	0.0327393
-1.226622e-008	0.0269775
-1.224122e-008	0.029419
-1.221622e-008	0.0287354
-1.219122e-008	0.0133057
-1.216622e-008	0.0136719
-1.214122e-008	0.0250733
-1.211622e-008	0.0300781
-1.209122e-008	0.0239014
-1.206622e-008	0.0241211
-1.204122e-008	0.025293
-1.201622e-008	0.0130615
-1.199122e-008	0.0168945
-1.196622e-008	0.0213135
-1.194122e-008	0.0120117
-1.191622e-008	0.0119141
-1.189122e-008	0.0115234
-1.186622e-008	0.0209717
-1.184122e-008	0.0286621
-1.181622e-008	0.00561524
-1.179122e-008	0.00234376
-1.176622e-008	0.0144287
-1.174122e-008	-0.0071289
-1.171622e-008	9.76637e-005
-1.169122e-008	0.0312012
-1.166622e-008	0.0253174
-1.164122e-008	0.0260986
-1.161622e-008	0.0293213
-1.159122e-008	0.0221436
-1.156622e-008	0.0220215
-1.154122e-008	0.014917
-1.151622e-008	0.0244629
-1.149122e-008	0.0256104
-1.146622e-008	0.0171143
-1.144122e-008	0.0361572
-1.141622e-008	0.0246826
-1.139122e-008	0.0108399
-1.136622e-008	0.0323486
-1.134122e-008	0.0303223
-1.131622e-008	0.0243652
-1.129122e-008	0.0239746
-1.126622e-008	0.0227783
-1.124122e-008	0.0328613
-1.121622e-008	0.0169434
-1.119122e-008	0.00104981
-1.116622e-008	0.00732423
-1.114122e-008	0.011499
-1.111622e-008	0.0144043
-1.109122e-008	0.00700684
-1.106622e-008	0.0140869
-1.104122e-008	0.0199951
-1.101622e-008	0.00852052
-1.099122e-008	0.0209229
-1.096622e-008	0.0246338
-1.094122e-008	0.0134277
-1.091622e-008	0.0155274
-1.089122e-008	0.0179443
-1.086622e-008	0.0201904
-1.084122e-008	0.0197022
-1.081622e-008	0.0160156
-1.079122e-008	0.0144287
-1.076622e-008	0.016919
-1.074122e-008	0.0162354
-1.071622e-008	0.0194092
-1.069122e-008	0.0263672
-1.066622e-008	0.024292
-1.064122e-008	0.0200928
-1.061622e-008	0.0134277
-1.059122e-008	0.0189941
-1.056622e-008	0.0206543
-1.054122e-008	0.00622559
-1.051622e-008	0.0116943
-1.049122e-008	0.0257568
-1.046622e-008	0.0290283
-1.044122e-008	0.0252441
-1.041622e-008	0.0230225
-1.039122e-008	0.0206543
-1.036622e-008	0.00939942
-1.034122e-008	0.00817872
-1.031622e-008	0.0171875
-1.029122e-008	0.0177734
-1.026622e-008	0.021167
-1.024122e-008	0.0306641
-1.021622e-008	0.0158691
-1.019122e-008	0.00690919
-1.016622e-008	0.0279541
-1.014122e-008	0.0239258
-1.011622e-008	0.0197022
-1.009122e-008	0.0272217
-1.006622e-008	0.00773927
-1.004122e-008	0.0143066
-1.001622e-008	0.035376
-9.991222e-009	0.0226074
-9.966222e-009	0.0158203
-9.941222e-009	0.0237305
-9.916222e-009	0.0234863
-9.891222e-009	0.0120117
-9.866222e-009	0.0118897
-9.841222e-009	0.016626
-9.816222e-009	0.00546876
-9.791222e-009	0.0123535
-9.766222e-009	0.0184326
-9.741222e-009	0.014502
-9.716222e-009	0.0257568
-9.691222e-009	0.018457
-9.666222e-009	0.0119873
-9.641222e-009	0.0203369
-9.616222e-009	0.0172363
-9.591222e-009	0.0214356
-9.566222e-009	0.0227783
-9.541222e-009	0.0127197
-9.516222e-009	0.0163086
-9.491222e-009	0.0255371
-9.466222e-009	0.0173584
-9.441222e-009	0.00666505
-9.416222e-009	0.0210693
-9.391222e-009	0.0344727
-9.366222e-009	0.0211426
-9.341222e-009	0.0118652
-9.316222e-009	0.0221191
-9.291222e-009	0.0320313
-9.266222e-009	0.0387451
-9.241222e-009	0.0328613
-9.216222e-009	0.0156738
-9.191222e-009	0.0229736
-9.166222e-009	0.0213623
-9.141222e-009	-0.00581054
-9.116222e-009	0.00161134
-9.091222e-009	0.0137451
-9.066222e-009	0.0138184
-9.041222e-009	0.0291992
-9.016222e-009	0.0222656
-8.991222e-009	0.0122559
-8.966222e-009	0.015918
-8.941222e-009	0.0168457
-8.916222e-009	0.0328125
-8.891222e-009	0.0294434
-8.866222e-009	0.0163818
-8.841222e-009	0.0205566
-8.816222e-009	0.00732423
-8.791222e-009	0.00529786
-8.766222e-009	0.0203613
-8.741222e-009	0.0187012
-8.716222e-009	0.0187744
-8.691222e-009	0.0196045
-8.666222e-009	0.0136963
-8.641222e-009	0.0176514
-8.616222e-009	0.0218994
-8.591222e-009	0.0156738
-8.566222e-009	0.0155274
-8.541222e-009	0.023999
-8.516222e-009	0.0280029
-8.491222e-009	0.0210938
-8.466222e-009	0.0205078
-8.441222e-009	0.0289551
-8.416222e-009	0.0206299
-8.391222e-009	0.0151611
-8.366222e-009	0.0157471
-8.341222e-009	0.0138184
-8.316222e-009	0.0223633
-8.291222e-009	0.0199951
-8.266222e-009	0.0206299
-8.241222e-009	0.0264404
-8.216222e-009	0.0138184
-8.191222e-009	0.0108887
-8.166222e-009	0.01875
-8.141222e-009	0.0200195
-8.116222e-009	0.0148682
-8.091222e-009	0.00798341
-8.066222e-009	0.0193115
-8.041222e-009	0.0305908
-8.016222e-009	0.0213135
-7.991222e-009	0.0192627
-7.966222e-009	0.0171387
-7.941222e-009	0.00656739
-7.916222e-009	0.0156982
-7.891222e-009	0.0251465
-7.866222e-009	0.0237305
-7.841222e-009	0.0243652
-7.816222e-009	0.0127441
-7.791222e-009	0.0107666
-7.766222e-009	0.0214844
-7.741222e-009	0.0168213
-7.716222e-009	0.0119385
-7.691222e-009	0.0140137
-7.666222e-009	0.0253418
-7.641222e-009	0.0246582
-7.616222e-009	0.0109375
-7.591222e-009	0.0242188
-7.566222e-009	0.0275391
-7.541222e-009	0.0203369
-7.516222e-009	0.0267822
-7.491222e-009	0.018457
-7.466222e-009	0.0190674
-7.441222e-009	0.0247803
-7.416222e-009	0.0218994
-7.391222e-009	0.0256836
-7.366222e-009	0.0121582
-7.341222e-009	-0.000561516
-7.316222e-009	0.0144043
-7.291222e-009	0.0241211
-7.266222e-009	0.0220947
-7.241222e-009	0.0280518
-7.216222e-009	0.0269043
-7.191222e-009	0.013501
-7.166222e-009	0.0132813
-7.141222e-009	0.020752
-7.116222e-009	0.0134522
-7.091222e-009	0.00683595
-7.066222e-009	0.0076172
-7.041222e-009	0.0143311
-7.016222e-009	0.0323486
-6.991222e-009	0.0271729
-6.966222e-009	0.0115479
-6.941222e-009	0.0140869
-6.916222e-009	0.0200684
-6.891222e-009	0.0295166
-6.866222e-009	0.0242188
-6.841222e-009	0.0151611
-6.816222e-009	0.0151123
-6.791222e-009	0.0223145
-6.766222e-009	0.0344971
-6.741222e-009	0.0115479
-6.716222e-009	0.00109864
-6.691222e-009	0.0195557
-6.666222e-009	0.0143555
-6.641222e-009	0.016333
-6.616222e-009	0.0194824
-6.591222e-009	0.0171143
-6.566222e-009	0.0178223
-6.541222e-009	0.00957032
-6.516222e-009	0.0168457
-6.491222e-009	0.0205566
-6.466222e-009	0.0243652
-6.441222e-009	0.0366211
-6.416222e-009	0.0223877
-6.391222e-009	0.0204102
-6.366222e-009	0.0309815
-6.341222e-009	0.0235352
-6.316222e-009	0.0222168
-6.291222e-009	0.017627
-6.266222e-009	0.0220703
-6.241222e-009	0.0354004
-6.216222e-009	0.0154053
-6.191222e-009	0.00646973
-6.166222e-009	0.0233887
-6.141222e-009	0.00871583
-6.116222e-009	0.00183106
-6.091222e-009	0.0230957
-6.066222e-009	0.0243897
-6.041222e-009	0.0232666
-6.016222e-009	0.0169434
-5.991222e-009	0.00307618
-5.966222e-009	0.0108399
-5.941222e-009	0.0162354
-5.916222e-009	0.0212891
-5.891222e-009	0.0268311
-5.866222e-009	0.023584
-5.841222e-009	0.0207031
-5.816222e-009	0.00788575
-5.791222e-009	0.015332
-5.766222e-009	0.025
-5.741222e-009	0.0128418
-5.716222e-009	0.0187256
-5.691222e-009	0.0127686
-5.666222e-009	0.00759278
-5.641222e-009	0.0250488
-5.616222e-009	0.0192627
-5.591222e-009	0.0179688
-5.566222e-009	0.0264404
-5.541222e-009	0.0195068
-5.516222e-009	0.0186524
-5.491222e-009	0.0193604
-5.466222e-009	0.0208984
-5.441222e-009	0.0272705
-5.416222e-009	0.027832
-5.391222e-009	0.0281006
-5.366222e-009	0.0233154
-5.341222e-009	0.0195313
-5.316222e-009	0.0306641
-5.291222e-009	0.0304688
-5.266222e-009	0.0167725
-5.241222e-009	0.0193359
-5.216222e-009	0.0227051
-5.191222e-009	0.016919
-5.166222e-009	0.0179932
-5.141222e-009	0.0149658
-5.116222e-009	0.00947266
-5.091222e-009	0.0154053
-5.066222e-009	0.0273926
-5.041222e-009	0.0304932
-5.016222e-009	0.0188232
-4.991222e-009	0.0147705
-4.966222e-009	0.0119141
-4.941222e-009	0.00593262
-4.916222e-009	0.017334
-4.891222e-009	0.0213623
-4.866222e-009	0.016626
-4.841222e-009	0.0183838
-4.816222e-009	0.0222168
-4.791222e-009	0.0256836
-4.766222e-009	0.0125977
-4.741222e-009	0.013916
-4.716222e-009	0.0256348
-4.691222e-009	0.0134522
-4.666222e-009	0.0234131
-4.641222e-009	0.0341065
-4.616222e-009	0.0168945
-4.591222e-009	0.0156494
-4.566222e-009	0.0185303
-4.541222e-009	0.0241211
-4.516222e-009	0.030957
-4.491222e-009	0.0199463
-4.466222e-009	0.015918
-4.441222e-009	0.0181152
-4.416222e-009	0.0197754
-4.391222e-009	0.0195313
-4.366222e-009	0.0119629
-4.341222e-009	0.01604
-4.316222e-009	0.0235107
-4.291222e-009	0.0153565
-4.266222e-009	0.012793
-4.241222e-009	0.0226807
-4.216222e-009	0.0142578
-4.191222e-009	0.0109619
-4.166222e-009	0.0255127
-4.141222e-009	0.0195801
-4.116222e-009	0.0224609
-4.091222e-009	0.0317871
-4.066222e-009	0.0266113
-4.041222e-009	0.0288086
-4.016222e-009	0.0207031
-3.991222e-009	0.0143311
-3.966222e-009	0.0142822
-3.941222e-009	0.0144043
-3.916222e-009	0.0237061
-3.891222e-009	0.0111328
-3.866222e-009	0.0114502
-3.841222e-009	0.0323486
-3.816222e-009	0.0144287
-3.791222e-009	-0.00476073
-3.766222e-009	0.00615235
-3.741222e-009	0.021167
-3.716222e-009	0.0261719
-3.691222e-009	0.0207764
-3.666222e-009	0.0225098
-3.641222e-009	0.0236816
-3.616222e-009	0.0207031
-3.591222e-009	0.0318604
-3.566222e-009	0.0408936
-3.541222e-009	0.0314453
-3.516222e-009	0.0146484
-3.491222e-009	0.00966798
-3.466222e-009	0.0163574
-3.441222e-009	0.0167236
-3.416222e-009	0.0177979
-3.391222e-009	0.0286377
-3.366222e-009	0.0287842
-3.341222e-009	0.0180908
-3.316222e-009	0.0203857
-3.291222e-009	0.0235352
-3.266222e-009	0.0259033
-3.241222e-009	0.030542
-3.216222e-009	0.0125244
-3.191222e-009	0.00754395
-3.166222e-009	0.0153076
-3.141222e-009	0.00551759
-3.116222e-009	0.0205322
-3.091222e-009	0.0351563
-3.066222e-009	0.0339844
-3.041222e-009	0.0399902
-3.016222e-009	0.0240234
-2.991222e-009	0.0198731
-2.966222e-009	0.0303955
-2.941222e-009	0.0195068
-2.916222e-009	0.0151367
-2.891222e-009	0.0124268
-2.866222e-009	0.0174561
-2.841222e-009	0.0220703
-2.816222e-009	0.00334473
-2.791222e-009	0.0158936
-2.766222e-009	0.0364502
-2.741222e-009	0.0203857
-2.716222e-009	0.0198242
-2.691222e-009	0.0287842
-2.666222e-009	0.0267578
-2.641222e-009	0.0252441
-2.616222e-009	0.013501
-2.591222e-009	0.0098877
-2.566222e-009	0.0166748
-2.541222e-009	0.0207031
-2.516222e-009	0.0265625
-2.491222e-009	0.0169678
-2.466222e-009	0.00168458
-2.441222e-009	0.00485841
-2.416222e-009	0.0200195
-2.391222e-009	0.0293701
-2.366222e-009	0.0259766
-2.341222e-009	0.0235352
-2.316222e-009	0.0165283
-2.291222e-009	0.0120361
-2.266222e-009	0.0166016
-2.241222e-009	0.0101318
-2.216222e-009	0.0122315
-2.191222e-009	0.027124
-2.166222e-009	0.0291016
-2.141222e-009	0.02146
-2.116222e-009	0.0166504
-2.091222e-009	0.0186035
-2.066222e-009	0.0226563
-2.041222e-009	0.024707
-2.016222e-009	0.0227539
-1.991222e-009	0.0164307
-1.966222e-009	0.0039795
-1.941222e-009	0.00356446
-1.916222e-009	0.0216553
-1.891222e-009	0.0222168
-1.866222e-009	0.0182129
-1.841222e-009	0.0207275
-1.816222e-009	0.0114258
-1.791222e-009	0.0190918
-1.766222e-009	0.0229492
-1.741222e-009	0.00527345
-1.716222e-009	0.00544434
-1.691222e-009	0.0135254
-1.666222e-009	0.0262207
-1.641222e-009	0.029541
-1.616222e-009	0.0155762
-1.591222e-009	0.0276856
-1.566222e-009	0.0337158
-1.541222e-009	0.0184082
-1.516222e-009	0.0232178
-1.491222e-009	0.0241455
-1.466222e-009	0.0169678
-1.441222e-009	0.0191406
-1.416222e-009	0.00969239
-1.391222e-009	0.00246583
-1.366222e-009	0.0119629
-1.341222e-009	0.0155029
-1.316222e-009	0.0162354
-1.291222e-009	0.020044
-1.266222e-009	0.0269287
-1.241222e-009	0.0280762
-1.216222e-009	0.0169434
-1.191222e-009	0.018335
-1.166222e-009	0.0203857
-1.141222e-009	0.0202393
-1.116222e-009	0.0258057
-1.091222e-009	0.018335
-1.066222e-009	0.019751
-1.041222e-009	0.025708
-1.016222e-009	0.0172119
-9.912224e-010	0.0111816
-9.662224e-010	0.0105225
-9.412224e-010	0.0161133
-9.162224e-010	0.0258057
-8.912224e-010	0.0243652
-8.662224e-010	0.0252197
-8.412224e-010	0.0375977
-8.162224e-010	0.0251465
-7.912224e-010	0.0108154
-7.662224e-010	0.0189697
-7.412224e-010	0.0141113
-7.162224e-010	0.0183106
-6.912224e-010	0.0172119
-6.662224e-010	0.0112549
-6.412224e-010	0.0350586
-6.162224e-010	0.025293
-5.912224e-010	0.00666505
-5.662224e-010	0.0150635
-5.412224e-010	0.0145508
-5.162224e-010	0.0300293
-4.912224e-010	0.0273682
-4.662224e-010	0.00891114
-4.412224e-010	0.0211914
-4.162224e-010	0.0212647
-3.912224e-010	0.0152588
-3.662224e-010	0.0170654
-3.412224e-010	4.88356e-005
-3.162224e-010	-0.018335
-2.912224e-010	-0.020581
-2.662224e-010	-0.0416016
-2.412224e-010	-0.0696289
-2.162224e-010	-0.0495361
-1.912224e-010	-0.0523926
-1.662224e-010	-0.100439
-1.412224e-010	-0.117651
-1.162224e-010	-0.136108
-9.122243e-011	-0.170215
-6.622243e-011	-0.189087
-4.122243e-011	-0.211035
-1.622243e-011	-0.23855
8.777574e-012	-0.254492
3.377757e-011	-0.273486
5.877757e-011	-0.307227
8.377757e-011	-0.340186
1.087776e-010	-0.369385
1.337776e-010	-0.381396
1.587776e-010	-0.389014
1.837776e-010	-0.416382
2.087776e-010	-0.427832
2.337776e-010	-0.412207
2.587776e-010	-0.395972
2.837776e-010	-0.402368
3.087776e-010	-0.410034
3.337776e-010	-0.385986
3.587776e-010	-0.374561
3.837776e-010	-0.379517
4.087776e-010	-0.366431
4.337776e-010	-0.356079
4.587776e-010	-0.339404
4.837776e-010	-0.309009
5.087776e-010	-0.290796
5.337776e-010	-0.266235
5.587776e-010	-0.230298
5.837776e-010	-0.211841
6.087776e-010	-0.204712
6.337776e-010	-0.186768
6.587776e-010	-0.158545
6.837776e-010	-0.13916
7.087776e-010	-0.12666
7.337776e-010	-0.109082
7.587776e-010	-0.0959473
7.837776e-010	-0.0726318
8.087776e-010	-0.0443359
8.337776e-010	-0.0530029
8.587776e-010	-0.0561279
8.837776e-010	-0.0279785
9.087776e-010	-0.0248047
9.337776e-010	-0.0192139
9.587776e-010	0.005542
9.837776e-010	0.00622559
1.008778e-009	0.010083
1.033778e-009	0.0236816
1.058778e-009	0.0258545
1.083778e-009	0.0319336
1.108778e-009	0.0387207
1.133778e-009	0.0429443
1.158778e-009	0.0417969
1.183778e-009	0.0333496
1.208778e-009	0.0358399
1.233778e-009	0.043042
1.258778e-009	0.0400391
1.283778e-009	0.0397461
1.308778e-009	0.0467285
1.333778e-009	0.0476318
1.358778e-009	0.0459717
1.383778e-009	0.0387207
1.408778e-009	0.0282471
1.433778e-009	0.0356201
1.458778e-009	0.0381104
1.483778e-009	0.0265137
1.508778e-009	0.0216797
1.533778e-009	0.0253906
1.558778e-009	0.0295654
1.583778e-009	0.0116943
1.608778e-009	0.00122071
1.633778e-009	0.0132324
1.658778e-009	0.0108887
1.683778e-009	0.0111084
1.708778e-009	0.0019043
1.733778e-009	-0.0121582
1.758778e-009	0.00456544
1.783778e-009	0.00187989
1.808778e-009	-0.0085205
1.833778e-009	0.00654298
1.858778e-009	0.00834962
1.883778e-009	0.0146484
1.908778e-009	0.0188965
1.933778e-009	0.0069336
1.958778e-009	0.0151123
1.983778e-009	0.0176758
2.008778e-009	0.00795899
2.033778e-009	0.0101074
2.058778e-009	0.0140137
2.083778e-009	0.0217285
2.108778e-009	0.0110352
2.133778e-009	-0.00585937
2.158778e-009	0.0104248
2.183778e-009	0.0120606
2.208778e-009	0.00368653
2.233778e-009	0.019165
2.258778e-009	0.019165
2.283778e-009	0.0266846
2.308778e-009	0.0390625
2.333778e-009	0.0244629
2.358778e-009	0.0248047
2.383778e-009	0.0252686
2.408778e-009	0.0204834
2.433778e-009	0.0280029
2.458778e-009	0.0167481
2.483778e-009	0.0174561
2.508778e-009	0.0340332
2.533778e-009	0.0289063
2.558778e-009	0.0347168
2.583778e-009	0.04021
2.608778e-009	0.0266846
2.633778e-009	0.0274414
2.658778e-009	0.0219971
2.683778e-009	0.0175293
2.708778e-009	0.0286133
2.733778e-009	0.0203613
2.758778e-009	0.0150879
2.783778e-009	0.0158447
2.808778e-009	0.0121826
2.833778e-009	0.0188965
2.858778e-009	0.0125
2.883778e-009	0.0140137
2.908778e-009	0.0217285
2.933778e-009	0.0127686
2.958778e-009	0.0223389
2.983778e-009	0.0223389
3.008778e-009	0.00217286
3.033778e-009	0.00595704
3.058778e-009	0.0219482
3.083778e-009	0.0258057
3.108778e-009	0.0191162
3.133778e-009	0.02146
3.158778e-009	0.0234375
3.183778e-009	0.0205811
3.208778e-009	0.0298096
3.233778e-009	0.0219482
3.258778e-009	0.0119141
3.283778e-009	0.0282471
3.308778e-009	0.0291504
3.333778e-009	0.0243897
3.358778e-009	0.0287842
3.383778e-009	0.0142334
3.408778e-009	0.0169922
3.433778e-009	0.0348145
3.458778e-009	0.0198486
3.483778e-009	0.0153076
3.508778e-009	0.0304443
3.533778e-009	0.0252441
3.558778e-009	0.0269043
3.583778e-009	0.0365723
3.608778e-009	0.0272949
3.633778e-009	0.0156982
3.658778e-009	0.0104248
3.683778e-009	0.0192139
3.708778e-009	0.0266846
3.733778e-009	0.000634773
3.758778e-009	-0.0150635
3.783778e-009	-0.00954589
3.808778e-009	-0.00346679
3.833778e-009	0.0191895
3.858778e-009	0.0199951
3.883778e-009	0.0090088
3.908778e-009	0.00783692
3.933778e-009	-0.00624999
3.958778e-009	-0.00100097
3.983778e-009	0.0148926
4.008778e-009	0.0231445
4.033778e-009	0.0143066
4.058778e-009	-0.00612792
4.083778e-009	0.0156494
4.108778e-009	0.0249268
4.133778e-009	0.00742188
4.158778e-009	0.0181152
4.183778e-009	0.00817872
4.208778e-009	0.000366218
4.233778e-009	0.0144531
4.258778e-009	0.0114258
4.283778e-009	0.0251953
4.308778e-009	0.0257568
4.333778e-009	0.0215332
4.358778e-009	0.0494629
4.383778e-009	0.0415772
4.408778e-009	0.0259522
4.433778e-009	0.0341309
4.458778e-009	0.0309082
4.483778e-009	0.0299072
4.508778e-009	0.0260498
4.533778e-009	0.0309326
4.558778e-009	0.036499
4.583778e-009	0.0227783
4.608778e-009	0.0251221
4.633778e-009	0.0268311
4.658778e-009	0.0249756
4.683778e-009	0.035791
4.708778e-009	0.0270752
4.733778e-009	0.0261475
4.758778e-009	0.0331787
4.783778e-009	0.0123291
4.808778e-009	0.0111084
4.833778e-009	0.020752
4.858778e-009	0.00786134
4.883778e-009	0.00800782
4.908778e-009	0.00324708
4.933778e-009	-0.0083496
4.958778e-009	0.00268555
4.983778e-009	0.00405274
5.008778e-009	0.00458985
5.033778e-009	0.0129639
5.058778e-009	0.00708009
5.083778e-009	0.0189941
5.108778e-009	0.0213623
5.133778e-009	-0.00163573
5.158778e-009	0.00417481
5.183778e-009	0.00856934
5.208778e-009	0.00183106
5.233778e-009	-0.00163573
5.258778e-009	-0.00458984
5.283778e-009	0.00341798
5.308778e-009	-0.00288085
5.333778e-009	0.00856934
5.358778e-009	0.0232666
5.383778e-009	0.00144044
5.408778e-009	0.00639649
5.433778e-009	0.0216065
5.458778e-009	0.0234619
5.483778e-009	0.0191162
5.508778e-009	0.00322266
5.533778e-009	0.0138916
5.558778e-009	0.0176514
5.583778e-009	0.00534669
5.608778e-009	0.0172607
5.633778e-009	0.0172363
5.658778e-009	0.0118164
5.683778e-009	0.028833
5.708778e-009	0.0295899
5.733778e-009	0.0199463
5.758778e-009	0.0237061
5.783778e-009	0.0171387
5.808778e-009	0.0245117
5.833778e-009	0.0352539
5.858778e-009	0.0144287
5.883778e-009	0.0203125
5.908778e-009	0.0319336
5.933778e-009	0.0190918
5.958778e-009	0.0291504
5.983778e-009	0.0347168
6.008778e-009	0.0289307
6.033778e-009	0.0311035
6.058778e-009	0.0302734
6.083778e-009	0.0351318
6.108778e-009	0.0299316
6.133778e-009	0.0159912
6.158778e-009	0.015332
6.183778e-009	0.0161377
6.208778e-009	0.0153809
6.233778e-009	0.0186279
6.258778e-009	0.0171143
6.283778e-009	-0.00236816
6.308778e-009	-0.0137939
6.333778e-009	0.00793458
6.358778e-009	0.0126465
6.383778e-009	-0.000927727
6.408778e-009	0.00874024
6.433778e-009	0.0180664
6.458778e-009	0.0136475
6.483778e-009	0.00703126
6.508778e-009	0.0123291
6.533778e-009	0.00949708
6.558778e-009	-0.0110351
6.583778e-009	-0.00341796
6.608778e-009	0.00715333
6.633778e-009	0.00742188
6.658778e-009	0.0197998
6.683778e-009	0.01875
6.708778e-009	0.017041
6.733778e-009	0.0208008
6.758778e-009	0.0140869
6.783778e-009	0.0123779
6.808778e-009	0.0204834
6.833778e-009	0.0223877
6.858778e-009	0.0204346
6.883778e-009	0.0222656
6.908778e-009	0.0091797
6.933778e-009	0.0069336
6.958778e-009	0.0188232
6.983778e-009	0.0057129
7.008778e-009	0.00678712
7.033778e-009	0.0213867
7.058778e-009	0.0193115
7.083778e-009	0.025415
7.108778e-009	0.0205811
7.133778e-009	0.0115723
7.158778e-009	0.0234619
7.183778e-009	0.0272217
7.208778e-009	0.0251465
7.233778e-009	0.0246338
7.258778e-009	0.0213867
7.283778e-009	0.0273926
7.308778e-009	0.0250244
7.333778e-009	0.0174561
7.358778e-009	0.0264404
7.383778e-009	0.0211182
7.408778e-009	0.00507813
7.433778e-009	0.0081543
7.458778e-009	0.00893555
7.483778e-009	0.011792
7.508778e-009	0.0185059
7.533778e-009	0.00903321
7.558778e-009	0.0010254
7.583778e-009	-0.0022705
7.608778e-009	0.00332032
7.633778e-009	0.0212891
7.658778e-009	0.0261475
7.683778e-009	0.0151123
7.708778e-009	0.00104981
7.733778e-009	0.00922852
7.758778e-009	0.0347656
7.783778e-009	0.035083
7.808778e-009	0.0253662
7.833778e-009	0.0242676
7.858778e-009	0.0226563
7.883778e-009	0.0237549
7.908778e-009	0.0167725
7.933778e-009	0.019165
7.958778e-009	0.0289795
7.983778e-009	0.0156494
8.008778e-009	0.0200195
8.033778e-009	0.0395752
8.058778e-009	0.0258545
8.083778e-009	0.0182373
8.108778e-009	0.0320557
8.133778e-009	0.0286377
8.158778e-009	0.0216309
8.183778e-009	0.0206787
8.208778e-009	0.0104248
8.233778e-009	0.0154297
8.258778e-009	0.0332764
8.283778e-009	0.0227295
8.308778e-009	0.012793
8.333778e-009	0.027832
8.358778e-009	0.0238525
8.383778e-009	0.00324708
8.408778e-009	0.0010254
8.433778e-009	0.0112305
8.458778e-009	0.0111572
8.483778e-009	0.0081543
8.508778e-009	0.013916
8.533778e-009	0.0211914
8.558778e-009	0.0193359
8.583778e-009	-0.00666503
8.608778e-009	-0.00458984
8.633778e-009	0.0331543
8.658778e-009	0.0257324
8.683778e-009	-0.00168456
8.708778e-009	-0.000659172
8.733778e-009	0.0154053
8.758778e-009	0.0205566
8.783778e-009	0.0183594
8.808778e-009	0.026001
8.833778e-009	0.0157471
8.858778e-009	0.0103272
8.883778e-009	0.0251953
8.908778e-009	0.026001
8.933778e-009	0.0290283
8.958778e-009	0.0232178
8.983778e-009	0.00834962
9.008778e-009	0.0245361
9.033778e-009	0.0320557
9.058778e-009	0.0240967
9.083778e-009	0.0396484
9.108778e-009	0.0358154
9.133778e-009	0.0238037
9.158778e-009	0.0396729
9.183778e-009	0.0469971
9.208778e-009	0.0322998
9.233778e-009	0.0156982
9.258778e-009	0.0297363
9.283778e-009	0.0506836
9.308778e-009	0.0366699
9.333778e-009	0.0217529
9.358778e-009	0.0177734
9.383778e-009	0.00610352
9.408778e-009	0.0126465
9.433778e-009	0.026294
9.458778e-009	0.0114014
9.483778e-009	0.0119629
9.508778e-009	0.0329834
9.533778e-009	0.0306885
9.558778e-009	0.013208
9.583778e-009	0.0020752
9.608778e-009	0.0142578
9.633778e-009	0.0261719
9.658778e-009	0.0176758
9.683778e-009	0.00578614
9.708778e-009	0.00361329
9.733778e-009	0.018042
9.758778e-009	0.0203857
9.783778e-009	0.0036377
9.808778e-009	0.00344239
9.833778e-009	0.0105225
9.858778e-009	0.00598145
9.883778e-009	0.0135742
9.908778e-009	0.0206787
9.933778e-009	0.00751954
9.958778e-009	0.00566407
9.983778e-009	0.00729981
1.000878e-008	0.00703126
1.003378e-008	0.0197266
1.005878e-008	0.0229736
1.008378e-008	0.0239258
1.010878e-008	0.0253174
1.013378e-008	0.0234131
1.015878e-008	0.0343018
1.018378e-008	0.0244385
1.020878e-008	0.00793458
1.023378e-008	0.0204346
1.025878e-008	0.0229981
1.028378e-008	0.0277344
1.030878e-008	0.0364014
1.033378e-008	0.0216065
1.035878e-008	0.0238037
1.038378e-008	0.028418
1.040878e-008	0.0136231
1.043378e-008	0.020874
1.045878e-008	0.0354492
1.048378e-008	0.0341065
1.050878e-008	0.0389404
1.053378e-008	0.0395508
1.055878e-008	0.0226318
1.058378e-008	0.0143066
1.060878e-008	0.0190674
1.063378e-008	0.027002
1.065878e-008	0.0358887
1.068378e-008	0.0279541
1.070878e-008	0.0138184
1.073378e-008	0.0228272
1.075878e-008	0.0257324
1.078378e-008	0.00964356
1.080878e-008	0.0156006
1.083378e-008	0.0243164
1.085878e-008	0.0151611
1.088378e-008	0.0156982
1.090878e-008	0.0227783
1.093378e-008	0.0248047
1.095878e-008	0.0134277
1.098378e-008	0.000415047
1.100878e-008	0.00922852
1.103378e-008	0.0162354
1.105878e-008	0.00581055
1.108378e-008	0.00795899
1.110878e-008	0.0213867
1.113378e-008	0.0071045
1.115878e-008	-0.00935058
1.118378e-008	0.000732429
1.120878e-008	0.00466309
1.123378e-008	0.0125488
1.125878e-008	0.0262207
1.128378e-008	0.0151123
1.130878e-008	0.00781251
1.133378e-008	0.0222656
1.135878e-008	0.0235596
1.138378e-008	0.00278321
1.140878e-008	-0.00117187
1.143378e-008	0.0162354
1.145878e-008	0.0242188
1.148378e-008	0.0343018
1.150878e-008	0.0326416
1.153378e-008	0.00646973
1.155878e-008	0.00595704
1.158378e-008	0.0144043
1.160878e-008	0.00910645
1.163378e-008	0.0147461
1.165878e-008	0.0149658
1.168378e-008	0.0152344
1.170878e-008	0.0241699
1.173378e-008	0.0265625
1.175878e-008	0.0279541
1.178378e-008	0.0168701
1.180878e-008	0.00219727
1.183378e-008	0.00227052
1.185878e-008	0.0074463
1.188378e-008	0.0258301
1.190878e-008	0.0244629
1.193378e-008	-0.00166015
1.195878e-008	0.00893555
1.198378e-008	0.0276367
1.200878e-008	0.0219727
1.203378e-008	0.0189941
1.205878e-008	0.016333
1.208378e-008	0.00957032
1.210878e-008	0.00786134
1.213378e-008	0.0192383
1.215878e-008	0.0278076
1.218378e-008	0.0173096
1.220878e-008	0.00847169
1.223378e-008	0.0205322
1.225878e-008	0.0319336
1.228378e-008	0.0214111
1.230878e-008	0.0201172
1.233378e-008	0.0337158
1.235878e-008	0.0299316
1.238378e-008	0.0178955
1.240878e-008	0.0189453
1.243378e-008	0.0304199
1.245878e-008	0.0349365
1.248378e-008	0.0207764
1.250878e-008	0.00869141
1.253378e-008	0.0257324
1.255878e-008	0.0393066
1.258378e-008	0.023584
1.260878e-008	0.0179443
1.263378e-008	0.0204102
1.265878e-008	0.0211426
1.268378e-008	0.0360352
1.270878e-008	0.0332031
1.273378e-008	0.0156494
1.275878e-008	0.0144531
1.278378e-008	0.017627
1.280878e-008	0.0199219
1.283378e-008	0.0102539
1.285878e-008	0.00180665
1.288378e-008	0.0254639
1.290878e-008	0.033667
1.293378e-008	0.0189697
1.295878e-008	0.0189941
1.298378e-008	0.0134522
1.300878e-008	0.0136719
1.303378e-008	0.0144775
1.305878e-008	0.00673829
1.308378e-008	0.017627
1.310878e-008	0.0130127
1.313378e-008	0.00493165
1.315878e-008	0.0199951
1.318378e-008	0.0208984
1.320878e-008	0.0180664
1.323378e-008	0.0217529
1.325878e-008	0.0203369
1.328378e-008	0.0154541
1.330878e-008	0.0136963
1.333378e-008	0.0199219
1.335878e-008	0.0157959
1.338378e-008	0.0147217
1.340878e-008	0.0273438
1.343378e-008	0.0284424
1.345878e-008	0.0311035
1.348378e-008	0.0345703
1.350878e-008	0.0263916
1.353378e-008	0.0297119
1.355878e-008	0.0346924
1.358378e-008	0.0241699
1.360878e-008	0.0172607
1.363378e-008	0.0195801
1.365878e-008	0.0160889
1.368378e-008	0.0199219
1.370878e-008	0.035083
1.373378e-008	0.0343506
1.375878e-008	0.0260498
1.378378e-008	0.0168701
1.380878e-008	0.0141846
1.383378e-008	0.0271973
1.385878e-008	0.0250733
1.388378e-008	0.0157471
1.390878e-008	0.0183594
1.393378e-008	0.0268066
1.395878e-008	0.0371582
1.398378e-008	0.0304199
1.400878e-008	0.0207275
1.403378e-008	0.0251465
1.405878e-008	0.020752
1.408378e-008	0.012085
1.410878e-008	0.00810548
1.413378e-008	0.0102783
1.415878e-008	0.0180908
1.418378e-008	0.00456544
1.420878e-008	0.000122078
1.423378e-008	0.0138428
1.425878e-008	9.76637e-005
1.428378e-008	-0.00622558
1.430878e-008	0.00278321
1.433378e-008	0.0120361
1.435878e-008	0.0245361
1.438378e-008	0.0138184
1.440878e-008	0.0102783
1.443378e-008	0.0223145
1.445878e-008	0.02229
1.448378e-008	0.018335
1.450878e-008	0.0192139
1.453378e-008	0.0281494
1.455878e-008	0.0218506
1.458378e-008	0.0190918
1.460878e-008	0.0349121
1.463378e-008	0.0278076
1.465878e-008	0.017041
1.468378e-008	0.0116699
1.470878e-008	0.011377
1.473378e-008	0.0307373
1.475878e-008	0.0318848
1.478378e-008	0.020752
1.480878e-008	0.0213379
1.483378e-008	0.0245606
1.485878e-008	0.0254639
1.488378e-008	0.021875
1.490878e-008	0.0252686
1.493378e-008	0.0315674
1.495878e-008	0.0266602
1.498378e-008	0.0181152
1.500878e-008	0.0291016
1.503378e-008	0.0371582
1.505878e-008	0.0142334
1.508378e-008	0.011377
1.510878e-008	0.0258545
1.513378e-008	0.0235596
1.515878e-008	0.0304199
1.518378e-008	0.0315674
1.520878e-008	0.0160889
1.523378e-008	0.0157471
1.525878e-008	0.0190674
1.528378e-008	-0.00241698
1.530878e-008	-0.012085
1.533378e-008	0.0188721
1.535878e-008	0.027002
1.538378e-008	0.00644532
1.540878e-008	0.00549317
1.543378e-008	0.00454102
1.545878e-008	0.0114746
1.548378e-008	0.0251221
1.550878e-008	0.0142822
1.553378e-008	0.0165527
1.555878e-008	0.023584
1.558378e-008	0.0102051
1.560878e-008	0.0118897
1.563378e-008	0.0144043
1.565878e-008	0.0127686
1.568378e-008	0.0145264
1.570878e-008	0.00620118
1.573378e-008	0.0103027
1.575878e-008	0.0105713
1.578378e-008	-0.00312499
1.580878e-008	0.00468751
1.583378e-008	0.0202637
1.585878e-008	0.0229248
1.588378e-008	0.0213135
1.590878e-008	0.0204346
1.593378e-008	0.0285645
1.595878e-008	0.0332031
1.598378e-008	0.0166748
1.600878e-008	0.0129639
1.603378e-008	0.0202149
1.605878e-008	0.0161621
1.608378e-008	0.025293
1.610878e-008	0.0266602
1.613378e-008	0.022876
1.615878e-008	0.0336182
1.618378e-008	0.0271973
1.620878e-008	0.0193604
1.623378e-008	0.0161621
1.625878e-008	0.00732423
1.628378e-008	0.0121094
1.630878e-008	0.0115234
1.633378e-008	0.00446778
1.635878e-008	0.0076172
1.638378e-008	0.00541993
1.640878e-008	0.0179443
1.643378e-008	0.0240234
1.645878e-008	-0.00241698
1.648378e-008	0.0108399
1.650878e-008	0.0292236
1.653378e-008	0.0112793
1.655878e-008	0.0119385
1.658378e-008	0.00942384
1.660878e-008	0.0152832
1.663378e-008	0.0314941
1.665878e-008	0.0175293
1.668378e-008	0.00344239
1.670878e-008	-0.00495605
1.673378e-008	0.000756843
1.675878e-008	0.0210449
1.678378e-008	0.0202881
1.680878e-008	0.0204102
1.683378e-008	0.0251709
1.685878e-008	0.0101807
1.688378e-008	-4.88207e-005
1.690878e-008	0.012915
1.693378e-008	0.0312744
1.695878e-008	0.0263184
1.698378e-008	0.00703126
1.700878e-008	0.0125
1.703378e-008	0.0217529
1.705878e-008	0.0128174
1.708378e-008	0.0140869
1.710878e-008	0.0200928
1.713378e-008	0.022876
1.715878e-008	0.0221924
1.718378e-008	0.0136475
1.720878e-008	0.0186035
1.723378e-008	0.0217529
1.725878e-008	0.0176514
1.728378e-008	0.0244385
1.730878e-008	0.0220459
1.733378e-008	0.0180176
1.735878e-008	0.012207
1.738378e-008	0.0100586
1.740878e-008	0.0256836
1.743378e-008	0.0119629
1.745878e-008	-0.00534667
1.748378e-008	0.0122803
1.750878e-008	0.0202149
1.753378e-008	0.0207764
1.755878e-008	0.0198486
1.758378e-008	0.00737305
1.760878e-008	0.0121338
1.763378e-008	0.0261231
1.765878e-008	0.023291
1.768378e-008	0.0223633
1.770878e-008	0.0261719
1.773378e-008	0.0206055
1.775878e-008	0.0115479
1.778378e-008	0.00837403
1.780878e-008	0.0162354
1.783378e-008	0.0226563
1.785878e-008	0.0272705
1.788378e-008	0.0320313
1.790878e-008	0.0164551
1.793378e-008	0.00737305
1.795878e-008	0.0206543
1.798378e-008	0.00717774
1.800878e-008	-0.00671386
1.803378e-008	0.0201904
1.805878e-008	0.0295654
1.808378e-008	0.0134522
1.810878e-008	0.0139893
1.813378e-008	0.0267822
1.815878e-008	0.0318604
1.818378e-008	0.023584
1.820878e-008	0.0198975
1.823378e-008	0.0219238
1.825878e-008	0.0256104
1.828378e-008	0.0260498
1.830878e-008	0.0167481
1.833378e-008	0.0233399
1.835878e-008	0.033252
1.838378e-008	0.0229736
1.840878e-008	0.0195557
1.843378e-008	0.0268555
1.845878e-008	0.0238037
1.848378e-008	0.016333
1.850878e-008	0.0164307
1.853378e-008	0.0261231
1.855878e-008	0.026001
1.858378e-008	0.00437012
1.860878e-008	0.0097168
1.863378e-008	0.0299316
1.865878e-008	0.020044
1.868378e-008	0.01875
1.870878e-008	0.0173584
1.873378e-008	0.00625001
1.875878e-008	0.0184815
1.878378e-008	0.0102295
1.880878e-008	-0.00610351
1.883378e-008	0.011499
1.885878e-008	0.0108154
1.888378e-008	0.00695802
1.890878e-008	0.0131348
1.893378e-008	-0.00224609
1.895878e-008	0.00227052
1.898378e-008	0.0121094
1.900878e-008	0.0109375
1.903378e-008	0.0186524
1.905878e-008	0.0145264
1.908378e-008	0.0150635
1.910878e-008	0.0105713
1.913378e-008	0.00981446
1.915878e-008	0.0355469
1.918378e-008	0.0338623
1.920878e-008	0.0156738
1.923378e-008	0.0201904
1.925878e-008	0.0349854
1.928378e-008	0.0417725
1.930878e-008	0.0256592
1.933378e-008	0.0180176
1.935878e-008	0.036792
1.938378e-008	0.0369873
1.940878e-008	0.0186279
1.943378e-008	0.0188721
1.945878e-008	0.0249268
1.948378e-008	0.023877
1.950878e-008	0.0225586
1.953378e-008	0.0252686
1.955878e-008	0.0265869
1.958378e-008	0.019043
1.960878e-008	0.0220947
1.963378e-008	0.0292481
1.965878e-008	0.0249756
1.968378e-008	0.0227295
1.970878e-008	0.026001
1.973378e-008	0.0206543
1.975878e-008	0.00754395
1.978378e-008	0.00966798
1.980878e-008	0.0146973
1.983378e-008	0.0151611
1.985878e-008	0.0166748
1.988378e-008	0.0119385
1.990878e-008	0.0133789
1.993378e-008	0.0160156
1.995878e-008	0.0163818
1.998378e-008	0.0104492
2.000878e-008	-0.000537102
2.003378e-008	0.00339356
2.005878e-008	0.0105225
2.008378e-008	0.0159424
2.010878e-008	0.0134277
2.013378e-008	0.0097168
2.015878e-008	0.0204834
2.018378e-008	0.0128174
2.020878e-008	0.00827637
2.023378e-008	0.0266846
2.025878e-008	0.023291
2.028378e-008	0.0180176
2.030878e-008	0.0239258
2.033378e-008	0.0120606
2.035878e-008	0.00354005
2.038378e-008	0.0151367
2.040878e-008	0.023584
2.043378e-008	0.0197022
2.045878e-008	0.0192627
2.048378e-008	0.0193115
2.050878e-008	0.0171631
2.053378e-008	0.0273438
2.055878e-008	0.0321289
2.058378e-008	0.0254639
2.060878e-008	0.0234131
2.063378e-008	0.0259277
2.065878e-008	0.0337402
2.068378e-008	0.0237305
2.070878e-008	0.00446778
2.073378e-008	0.0211426
2.075878e-008	0.0345947
2.078378e-008	0.0210693
2.080878e-008	0.0244385
2.083378e-008	0.0211182
2.085878e-008	0.00720216
2.088378e-008	0.0235596
2.090878e-008	0.0315674
2.093378e-008	0.0209961
2.095878e-008	0.0254395
2.098378e-008	0.0230225
2.100878e-008	0.0193604
2.103378e-008	0.0206543
2.105878e-008	0.00998536
2.108378e-008	0.0144775
2.110878e-008	0.013794
2.113378e-008	0.00178223
2.115878e-008	0.0114502
2.118378e-008	0.012793
2.120878e-008	0.0165772
2.123378e-008	0.0169678
2.125878e-008	0.00600587
2.128378e-008	0.02229
2.130878e-008	0.0222168
2.133378e-008	0.0129883
2.135878e-008	0.01521
2.138378e-008	0.00729981
2.140878e-008	0.0190918
2.143378e-008	0.0206543
2.145878e-008	0.00410157
2.148378e-008	0.0134522
2.150878e-008	0.0280518
2.153378e-008	0.0358399
2.155878e-008	0.0292236
2.158378e-008	0.0115479
2.160878e-008	0.0202149
2.163378e-008	0.0209961
2.165878e-008	0.00700684
2.168378e-008	0.0175293
2.170878e-008	0.0154785
2.173378e-008	0.0170899
2.175878e-008	0.0283447
2.178378e-008	0.0162598
2.180878e-008	0.0227539
2.183378e-008	0.0282471
2.185878e-008	0.0184815
2.188378e-008	0.0197998
2.190878e-008	0.0130859
2.193378e-008	0.020166
2.195878e-008	0.0289795
2.198378e-008	0.00422364
2.200878e-008	-0.00246581
2.203378e-008	0.016919
2.205878e-008	0.0213623
2.208378e-008	0.0205811
2.210878e-008	0.0127686
2.213378e-008	0.0128662
2.215878e-008	0.0295899
2.218378e-008	0.0240479
2.220878e-008	0.017334
2.223378e-008	0.024292
2.225878e-008	0.0230713
2.228378e-008	0.0212647
2.230878e-008	0.0174561
2.233378e-008	0.00651856
2.235878e-008	-0.00236816
2.238378e-008	0.00644532
2.240878e-008	0.0161621
2.243378e-008	0.0126465
2.245878e-008	0.022876
2.248378e-008	0.0281983
2.250878e-008	0.0108887
2.253378e-008	0.0200195
2.255878e-008	0.0382568
2.258378e-008	0.019043
2.260878e-008	0.0142822
2.263378e-008	0.0263428
2.265878e-008	0.0210205
2.268378e-008	0.0228516
2.270878e-008	0.0207031
2.273378e-008	0.0201904
2.275878e-008	0.0249268
2.278378e-008	0.0116699
2.280878e-008	0.0115723
2.283378e-008	0.0177002
2.285878e-008	0.0186279
2.288378e-008	0.0347168
2.290878e-008	0.033252
2.293378e-008	0.025415
2.295878e-008	0.026709
2.298378e-008	0.0131836
2.300878e-008	0.0135254
2.303378e-008	0.0192139
2.305878e-008	0.019043
2.308378e-008	0.0276611
2.310878e-008	0.0156982
2.313378e-008	0.0135254
2.315878e-008	0.0257568
2.318378e-008	0.0106934
2.320878e-008	0.0121582
2.323378e-008	0.027002
2.325878e-008	0.0230225
2.328378e-008	0.0159668
2.330878e-008	0.0121094
2.333378e-008	0.0209717
2.335878e-008	0.023169
2.338378e-008	0.0130859
2.340878e-008	0.0122803
2.343378e-008	0.0187744
2.345878e-008	0.028418
2.348378e-008	0.0259277
2.350878e-008	0.0220947
2.353378e-008	0.0243897
2.355878e-008	0.0171631
2.358378e-008	0.0213379
2.360878e-008	0.0308838
2.363378e-008	0.0197266
2.365878e-008	0.0150879
2.368378e-008	0.0231445
2.370878e-008	0.0101807
2.373378e-008	0.0115967
2.375878e-008	0.0348633
2.378378e-008	0.0180664
2.380878e-008	0.0103516
2.383378e-008	0.0355713
2.385878e-008	0.0254883
2.388378e-008	0.00578614
2.390878e-008	0.00109864
2.393378e-008	-0.00402831
2.395878e-008	0.0132324
2.398378e-008	0.0258545
2.400878e-008	0.0140625
2.403378e-008	0.0123779
2.405878e-008	0.00705567
2.408378e-008	0.0124024
2.410878e-008	0.0343994
2.413378e-008	0.0249512
2.415878e-008	0.0129639
2.418378e-008	0.0173828
2.420878e-008	0.0153565
2.423378e-008	0.0152832
2.425878e-008	0.0186035
2.428378e-008	0.0193604
2.430878e-008	0.0207764
2.433378e-008	0.0291016
2.435878e-008	0.0278565
2.438378e-008	0.0142334
2.440878e-008	0.011377
2.443378e-008	0.0143555
2.445878e-008	0.0154541
2.448378e-008	0.00964356
2.450878e-008	0.00717774
2.453378e-008	0.025708
2.455878e-008	0.0255859
2.458378e-008	0.0135742
2.460878e-008	0.0258301
2.463378e-008	0.0228516
2.465878e-008	0.0164063
2.468378e-008	0.0228516
2.470878e-008	0.0147949
2.473378e-008	0.0133301
2.475878e-008	0.0117188
2.478378e-008	0.00620118
2.480878e-008	0.0167969
2.483378e-008	0.0209473
2.485878e-008	0.0166748
2.488378e-008	0.0163086
2.490878e-008	0.00703126
2.493378e-008	0.00595704
2.495878e-008	0.0236572
2.498378e-008	0.0247803
2.500878e-008	0.0142822
2.503378e-008	0.00661622
2.505878e-008	0.00834962
2.508378e-008	0.0273926
2.510878e-008	0.0289063
2.513378e-008	0.0262207
2.515878e-008	0.0322266
2.518378e-008	0.0241943
2.520878e-008	0.010669
2.523378e-008	-0.00102538
2.525878e-008	0.00825196
2.528378e-008	0.0189941
2.530878e-008	0.0190918
2.533378e-008	0.0366943
2.535878e-008	0.0373291
2.538378e-008	0.0224365
2.540878e-008	0.0247559
2.543378e-008	0.0229248
2.545878e-008	0.014502
2.548378e-008	0.00895997
2.550878e-008	0.00957032
2.553378e-008	0.0203613
2.555878e-008	0.0241699
2.558378e-008	0.0177734
2.560878e-008	0.0165527
2.563378e-008	0.0189697
2.565878e-008	0.0191406
2.568378e-008	0.0204834
2.570878e-008	0.0208252
2.573378e-008	0.0108887
2.575878e-008	0.00651856
2.578378e-008	0.0139649
2.580878e-008	0.0163086
2.583378e-008	0.0253662
2.585878e-008	0.015625
2.588378e-008	-0.0121582
2.590878e-008	0.00378419
2.593378e-008	0.0244873
2.595878e-008	0.0130615
2.598378e-008	0.00986329
2.600878e-008	0.0169678
2.603378e-008	0.0232422
2.605878e-008	0.02771
2.608378e-008	0.0243408
2.610878e-008	0.0188477
2.613378e-008	0.0235352
2.615878e-008	0.0230713
2.618378e-008	0.0057129
2.620878e-008	0.0134277
2.623378e-008	0.0313233
2.625878e-008	0.0127441
2.628378e-008	0.0126221
2.630878e-008	0.0276856
2.633378e-008	0.0145752
2.635878e-008	0.016333
2.638378e-008	0.0171875
2.640878e-008	0.0114014
2.643378e-008	0.0177246
2.645878e-008	0.00822755
2.648378e-008	0.00283204
2.650878e-008	0.00878907
2.653378e-008	0.0236816
2.655878e-008	0.0349365
2.658378e-008	0.0268799
2.660878e-008	0.0279053
2.663378e-008	0.025415
2.665878e-008	0.0175049
2.668378e-008	0.0235352
2.670878e-008	0.0269531
2.673378e-008	0.022583
2.675878e-008	0.0243652
2.678378e-008	0.0244385
2.680878e-008	0.0161377
2.683378e-008	0.0207275
2.685878e-008	0.0201904
2.688378e-008	0.017749
2.690878e-008	0.03125
2.693378e-008	0.0291504
2.695878e-008	0.025
2.698378e-008	0.0234131
2.700878e-008	0.0194336
2.703378e-008	0.0280029
2.705878e-008	0.0195068
2.708378e-008	0.0072754
2.710878e-008	0.0044922
2.713378e-008	0.000488289
2.715878e-008	0.0154053
2.718378e-008	0.0161865
2.720878e-008	0.00573731
2.723378e-008	0.0181397
2.725878e-008	0.0248291
2.728378e-008	0.0254395
2.730878e-008	0.0234131
2.733378e-008	0.0182129
2.735878e-008	0.0198486
2.738378e-008	0.0182129
2.740878e-008	0.0178467
2.743378e-008	0.0253418
2.745878e-008	0.0336182
2.748378e-008	0.0272217
2.750878e-008	0.0131104
2.753378e-008	0.0141602
2.755878e-008	0.0142334
2.758378e-008	0.00283204
2.760878e-008	0.0108643
2.763378e-008	0.0281738
2.765878e-008	0.0282715
2.768378e-008	0.0277832
2.770878e-008	0.021875
2.773378e-008	0.0248535
2.775878e-008	0.0288574
2.778378e-008	0.00795899
2.780878e-008	0.019751
2.783378e-008	0.035376
2.785878e-008	0.0225098
2.788378e-008	0.0355225
2.790878e-008	0.0329834
2.793378e-008	0.00861817
2.795878e-008	0.0218018
2.798378e-008	0.0338379
2.800878e-008	0.0163818
2.803378e-008	0.0090088
2.805878e-008	0.0126709
2.808378e-008	0.0130615
2.810878e-008	0.0142822
2.813378e-008	0.0217529
2.815878e-008	0.0252686
2.818378e-008	0.019043
2.820878e-008	0.0234863
2.823378e-008	0.018335
2.825878e-008	0.0136963
2.828378e-008	0.0256836
2.830878e-008	0.0127197
2.833378e-008	0.00964356
2.835878e-008	0.0182861
2.838378e-008	0.00720216
2.840878e-008	0.0110352
2.843378e-008	0.0166748
2.845878e-008	0.0136719
2.848378e-008	0.0147461
2.850878e-008	0.0162354
2.853378e-008	0.0280029
2.855878e-008	0.0350586
2.858378e-008	0.0225342
2.860878e-008	0.0213379
2.863378e-008	0.0260254
2.865878e-008	0.0177002
2.868378e-008	0.0244385
2.870878e-008	0.0255859
2.873378e-008	0.0209229
2.875878e-008	0.0361816
2.878378e-008	0.0305664
2.880878e-008	0.0191406
2.883378e-008	0.0221924
2.885878e-008	0.0195557
2.888378e-008	0.0270508
2.890878e-008	0.0342529
2.893378e-008	0.0284912
2.895878e-008	0.0152344
2.898378e-008	0.0038086
2.900878e-008	0.0116211
2.903378e-008	0.0269531
2.905878e-008	0.0314697
2.908378e-008	0.0143311
2.910878e-008	-0.000659172
2.913378e-008	0.0124756
2.915878e-008	0.0138428
2.918378e-008	0.000439461
2.920878e-008	0.0103516
2.923378e-008	0.0266358
2.925878e-008	0.0314697
2.928378e-008	0.0257324
2.930878e-008	0.00429688
2.933378e-008	-0.000610344
2.935878e-008	0.0186768
2.938378e-008	0.0182617
2.940878e-008	0.0121094
2.943378e-008	0.0165283
2.945878e-008	0.0195801
2.948378e-008	0.036499
2.950878e-008	0.0322998
2.953378e-008	0.0127686
2.955878e-008	0.0251709
2.958378e-008	0.020752
2.960878e-008	0.0107422
2.963378e-008	0.0166016
2.965878e-008	0.0090088
2.968378e-008	0.0249268
2.970878e-008	0.0336182
2.973378e-008	0.0235596
2.975878e-008	0.036499
2.978378e-008	0.0338379
2.980878e-008	0.029541
2.983378e-008	0.0321777
2.985878e-008	0.0176025
2.988378e-008	0.0126221
2.990878e-008	0.0181641
2.993378e-008	0.0328125
2.995878e-008	0.0355713
2.998378e-008	0.0173584
3.000878e-008	0.0227783
3.003378e-008	0.0331299
3.005878e-008	0.0269775
3.008378e-008	0.0231201
3.010878e-008	0.0187744
3.013378e-008	0.0256592
3.015878e-008	0.0362793
3.018378e-008	0.0265137
3.020878e-008	0.0217041
3.023378e-008	0.029834
3.025878e-008	0.0248779
3.028378e-008	0.0155518
3.030878e-008	0.0116699
3.033378e-008	0.0173828
3.035878e-008	0.0268311
3.038378e-008	0.0161377
3.040878e-008	0.0180664
3.043378e-008	0.0344238
3.045878e-008	0.0216553
3.048378e-008	0.0111816
3.050878e-008	0.0171387
3.053378e-008	0.0210693
3.055878e-008	0.0230713
3.058378e-008	0.0161133
3.060878e-008	0.0219482
3.063378e-008	0.0299072
3.065878e-008	0.0112061
3.068378e-008	0.012793
3.070878e-008	0.0256104
3.073378e-008	0.0170166
3.075878e-008	0.0218262
3.078378e-008	0.0170166
3.080878e-008	0.00512696
3.083378e-008	0.0167481
3.085878e-008	0.0192871
3.088378e-008	0.0226318
3.090878e-008	0.0253418
3.093378e-008	0.0168457
3.095878e-008	0.0264404
3.098378e-008	0.0224365
3.100878e-008	0.00861817
3.103378e-008	0.0293701
3.105878e-008	0.0316406
3.108378e-008	0.00722657
3.110878e-008	0.0113281
3.113378e-008	0.0194092
3.115878e-008	0.013208
3.118378e-008	0.014917
3.120878e-008	0.0204102
3.123378e-008	0.0179443
3.125878e-008	0.0158203
3.128378e-008	0.0258057
3.130878e-008	0.0333984
3.133378e-008	0.0344238
3.135878e-008	0.0270264
3.138378e-008	0.00920411
3.140878e-008	0.0182617
3.143378e-008	0.0352295
3.145878e-008	0.019751
3.148378e-008	0.0192627
3.150878e-008	0.0365234
3.153378e-008	0.0338379
3.155878e-008	0.0206787
3.158378e-008	0.00529786
3.160878e-008	0.011792
3.163378e-008	0.0198975
3.165878e-008	0.0106445
3.168378e-008	0.023999
3.170878e-008	0.0261963
3.173378e-008	0.0184326
3.175878e-008	0.0258545
3.178378e-008	0.0163574
3.180878e-008	0.0183594
3.183378e-008	0.0258301
3.185878e-008	0.0244873
3.188378e-008	0.0299561
3.190878e-008	0.0182129
3.193378e-008	0.0188965
3.195878e-008	0.0277588
3.198378e-008	0.00563966
3.200878e-008	0.00244141
3.203378e-008	0.0214111
3.205878e-008	0.0213867
3.208378e-008	0.018335
3.210878e-008	0.0074463
3.213378e-008	0.00468751
3.215878e-008	0.0351563
3.218378e-008	0.0405029
3.220878e-008	0.0141602
3.223378e-008	0.00568848
3.225878e-008	0.0170166
3.228378e-008	0.0297363
3.230878e-008	0.0260498
3.233378e-008	0.0177734
3.235878e-008	0.0232422
3.238378e-008	0.0274902
3.240878e-008	0.0202881
3.243378e-008	0.0176514
3.245878e-008	0.0229248
3.248378e-008	0.0175537
3.250878e-008	0.011377
3.253378e-008	0.0250488
3.255878e-008	0.0307617
3.258378e-008	0.0138672
3.260878e-008	0.0196777
3.263378e-008	0.0363525
3.265878e-008	0.0211914
3.268378e-008	0.0109619
3.270878e-008	0.0210205
3.273378e-008	0.0216309
3.275878e-008	0.0250488
3.278378e-008	0.0268311
3.280878e-008	0.013794
3.283378e-008	0.0174316
3.285878e-008	0.0220703
3.288378e-008	0.0156982
3.290878e-008	0.0220215
3.293378e-008	0.0227051
3.295878e-008	0.024707
3.298378e-008	0.0257324
3.300878e-008	0.0155029
3.303378e-008	0.023877
3.305878e-008	0.0325928
3.308378e-008	0.0291992
3.310878e-008	0.0276367
3.313378e-008	0.0141602
3.315878e-008	0.0116211
3.318378e-008	0.0219727
3.320878e-008	0.0175049
3.323378e-008	0.0227539
3.325878e-008	0.0239258
3.328378e-008	0.023584
3.330878e-008	0.0458496
3.333378e-008	0.038501
3.335878e-008	0.0206543
3.338378e-008	0.0198975
3.340878e-008	0.0123047
3.343378e-008	0.0150635
3.345878e-008	0.0103272
3.348378e-008	0.0103516
3.350878e-008	0.0255127
3.353378e-008	0.021167
3.355878e-008	0.0288574
3.358378e-008	0.03396
3.360878e-008	0.0165772
3.363378e-008	0.0243652
3.365878e-008	0.0315674
3.368378e-008	0.0179199
3.370878e-008	0.0181641
3.373378e-008	0.0272461
3.375878e-008	0.0239014
3.378378e-008	0.00622559
3.380878e-008	0.0121582
3.383378e-008	0.040625
3.385878e-008	0.0379883
3.388378e-008	0.0215332
3.390878e-008	0.0165283
3.393378e-008	0.0256104
3.395878e-008	0.0355713
3.398378e-008	0.0178467
3.400878e-008	0.0137451
3.403378e-008	0.023291
3.405878e-008	0.0114502
3.408378e-008	0.0111328
3.410878e-008	0.0215332
3.413378e-008	0.022876
3.415878e-008	0.018042
3.418378e-008	0.0121826
3.420878e-008	0.0195801
3.423378e-008	0.0209717
3.425878e-008	0.01521
3.428378e-008	0.025293
3.430878e-008	0.0326904
3.433378e-008	0.0350586
3.435878e-008	0.0310791
3.438378e-008	0.0231934
3.440878e-008	0.030542
3.443378e-008	0.0245361
3.445878e-008	0.0131592
3.448378e-008	0.0236572
3.450878e-008	0.0266846
3.453378e-008	0.0199463
3.455878e-008	0.0209229
3.458378e-008	0.0224121
3.460878e-008	0.0169922
3.463378e-008	0.0151367
3.465878e-008	0.0221191
3.468378e-008	0.0226318
3.470878e-008	0.0199951
3.473378e-008	0.0267334
3.475878e-008	0.0281738
3.478378e-008	0.0177002
3.480878e-008	0.0259766
3.483378e-008	0.032666
3.485878e-008	0.00903321
3.488378e-008	0.0139893
3.490878e-008	0.0302734
3.493378e-008	0.0155762
3.495878e-008	0.0222656
3.498378e-008	0.0301758
3.500878e-008	0.0180664
3.503378e-008	0.0180176
3.505878e-008	0.0184082
3.508378e-008	0.016626
3.510878e-008	0.0162598
3.513378e-008	0.0234619
3.515878e-008	0.0335449
3.518378e-008	0.0277588
3.520878e-008	0.0223633
3.523378e-008	0.022168
3.525878e-008	0.021875
3.528378e-008	0.0229981
3.530878e-008	0.0178955
3.533378e-008	0.0144775
3.535878e-008	0.0235596
3.538378e-008	0.0281006
3.540878e-008	0.0225098
3.543378e-008	0.0261231
3.545878e-008	0.0247803
3.548378e-008	0.0166992
3.550878e-008	0.022168
3.553378e-008	0.0175293
3.555878e-008	0.0052002
3.558378e-008	0.00769044
3.560878e-008	0.0168213
3.563378e-008	0.0208496
3.565878e-008	0.0172363
3.568378e-008	0.00590821
3.570878e-008	-0.00168456
3.573378e-008	0.0178223
3.575878e-008	0.0302734
3.578378e-008	0.0248535
3.580878e-008	0.0333984
3.583378e-008	0.0285156
3.585878e-008	0.0250733
3.588378e-008	0.0353272
3.590878e-008	0.0216797
3.593378e-008	0.0150391
3.595878e-008	0.0225098
3.598378e-008	0.0115234
3.600878e-008	0.00922852
3.603378e-008	0.0161133
3.605878e-008	0.0117188
3.608378e-008	0.0109375
3.610878e-008	0.00964356
3.613378e-008	0.00798341
3.615878e-008	0.0174072
3.618378e-008	0.0233399
3.620878e-008	0.0234131
3.623378e-008	0.0314941
3.625878e-008	0.0327881
3.628378e-008	0.0231445
3.630878e-008	0.0229492
3.633378e-008	0.0228272
3.635878e-008	0.0253906
3.638378e-008	0.0267822
3.640878e-008	0.0179688
3.643378e-008	0.0278565
3.645878e-008	0.0278076
3.648378e-008	0.0100098
3.650878e-008	0.0183106
3.653378e-008	0.0266846
3.655878e-008	0.0291504
3.658378e-008	0.0338135
3.660878e-008	0.0223145
3.663378e-008	0.0212402
3.665878e-008	0.0279785
3.668378e-008	0.0265137
3.670878e-008	0.0258057
3.673378e-008	0.0192871
3.675878e-008	0.0323731
3.678378e-008	0.0429932
3.680878e-008	0.0236572
3.683378e-008	0.0225098
3.685878e-008	0.0258789
3.688378e-008	0.0251709
3.690878e-008	0.0330078
3.693378e-008	0.0256836
3.695878e-008	0.0223145
3.698378e-008	0.0293457
3.700878e-008	0.0219971
3.703378e-008	0.010376
3.705878e-008	0.018457
3.708378e-008	0.020044
3.710878e-008	0.00507813
3.713378e-008	0.0176514
3.715878e-008	0.0307617
3.718378e-008	0.0187988
3.720878e-008	0.0121582
3.723378e-008	0.0158447
3.725878e-008	0.0311279
3.728378e-008	0.0263428
3.730878e-008	0.00300294
3.733378e-008	0.0133301
3.735878e-008	0.0245117
3.738378e-008	0.0177246
3.740878e-008	0.0193115
3.743378e-008	0.0172852
3.745878e-008	0.0229004
3.748378e-008	0.029126
3.750878e-008	0.0228516
3.753378e-008	0.0308594
3.755878e-008	0.0313477
3.758378e-008	0.0175537
3.760878e-008	0.0179443
3.763378e-008	0.0206299
3.765878e-008	0.0232422
3.768378e-008	0.0302002
3.770878e-008	0.0320557
3.773378e-008	0.0274902
3.775878e-008	0.0206299
3.778378e-008	0.0205566
3.780878e-008	0.026001
3.783378e-008	0.0280274
3.785878e-008	0.0235596
3.788378e-008	0.0129883
3.790878e-008	0.00805665
3.793378e-008	0.0179443
3.795878e-008	0.0301758
3.798378e-008	0.0325928
3.800878e-008	0.0317627
3.803378e-008	0.027417
3.805878e-008	0.0209717
3.808378e-008	0.0245606
3.810878e-008	0.0249756
3.813378e-008	0.0202881
3.815878e-008	0.0184326
3.818378e-008	0.0133057
3.820878e-008	0.0124024
3.823378e-008	0.0118897
3.825878e-008	0.0137207
3.828378e-008	0.0263184
3.830878e-008	0.0294922
3.833378e-008	0.0197998
3.835878e-008	0.0179688
3.838378e-008	0.0184815
3.840878e-008	0.00732423
3.843378e-008	0.00620118
3.845878e-008	0.0149658
3.848378e-008	0.0121582
3.850878e-008	0.0153565
3.853378e-008	0.0283691
3.855878e-008	0.0297363
3.858378e-008	0.0241699
3.860878e-008	0.0281494
3.863378e-008	0.0267578
3.865878e-008	0.017749
3.868378e-008	0.0214111
3.870878e-008	0.0192139
3.873378e-008	0.0191162
3.875878e-008	0.0251465
3.878378e-008	0.0122559
3.880878e-008	0.0109375
3.883378e-008	0.0196045
3.885878e-008	0.0180664
3.888378e-008	0.0206543
3.890878e-008	0.0115479
3.893378e-008	0.00578614
3.895878e-008	0.0172607
3.898378e-008	0.0146973
3.900878e-008	0.0235107
3.903378e-008	0.0458252
3.905878e-008	0.0345703
3.908378e-008	0.0174561
3.910878e-008	0.0177979
3.913378e-008	0.0204346
3.915878e-008	0.027002
3.918378e-008	0.0240479
3.920878e-008	0.0190918
3.923378e-008	0.0203125
3.925878e-008	0.015625
3.928378e-008	0.0235596
3.930878e-008	0.030835
3.933378e-008	0.0220459
3.935878e-008	0.0208008
3.938378e-008	0.0231445
3.940878e-008	0.0231445
3.943378e-008	0.0167236
3.945878e-008	0.00634766
3.948378e-008	0.0113281
3.950878e-008	0.0181152
3.953378e-008	0.0146729
3.955878e-008	0.0142578
3.958378e-008	0.0132324
3.960878e-008	0.0112793
3.963378e-008	0.0223633
3.965878e-008	0.0242676
3.968378e-008	0.0136719
3.970878e-008	0.0220459
3.973378e-008	0.0228516
3.975878e-008	0.0133057
3.978378e-008	0.017334
3.980878e-008	0.0126953
3.983378e-008	0.0107178
3.985878e-008	0.0160889
3.988378e-008	0.0136231
3.990878e-008	0.0168701
3.993378e-008	0.0234375
3.995878e-008	0.0281983
3.998378e-008	0.0260742
4.000878e-008	0.0223145
4.003378e-008	0.0250733
4.005878e-008	0.0206299
4.008378e-008	0.0165527
4.010878e-008	0.0176514
4.013378e-008	0.0244141
4.015878e-008	0.0301514
4.018378e-008	0.018042
4.020878e-008	0.016626
4.023378e-008	0.0319824
4.025878e-008	0.0314697
4.028378e-008	0.0162842
4.030878e-008	0.00966798
4.033378e-008	0.0189453
4.035878e-008	0.0272949
4.038378e-008	0.0256836
4.040878e-008	0.0195068
4.043378e-008	0.0227295
4.045878e-008	0.0296143
4.048378e-008	0.0209717
4.050878e-008	0.0125732
4.053378e-008	0.0162354
4.055878e-008	0.0209473
4.058378e-008	0.0189453
4.060878e-008	0.0173584
4.063378e-008	0.0154297
4.065878e-008	0.00734864
4.068378e-008	0.0109863
4.070878e-008	0.0199951
4.073378e-008	0.0224121
4.075878e-008	0.0251709
4.078378e-008	0.0233154
4.080878e-008	0.0134033
4.083378e-008	0.00673829
4.085878e-008	0.0174072
4.088378e-008	0.0229736
4.090878e-008	0.00854493
4.093378e-008	0.0147217
4.095878e-008	0.0343018
4.098378e-008	0.0173096
4.100878e-008	0.00239259
4.103378e-008	0.0149902
4.105878e-008	0.0138672
4.108378e-008	0.019043
4.110878e-008	0.0280518
4.113378e-008	0.0260498
4.115878e-008	0.0293457
4.118378e-008	0.0196045
4.120878e-008	0.0193359
4.123378e-008	0.026709
4.125878e-008	0.0175293
4.128378e-008	0.0207275
4.130878e-008	0.0235352
4.133378e-008	0.0197754
4.135878e-008	0.0256836
4.138378e-008	0.0275635
4.140878e-008	0.0272949
4.143378e-008	0.0245606
4.145878e-008	0.0184815
4.148378e-008	0.0181885
4.150878e-008	0.00903321
4.153378e-008	0.00712891
4.155878e-008	0.029126
4.158378e-008	0.0300537
4.160878e-008	0.0192871
4.163378e-008	0.023999
4.165878e-008	0.019751
4.168378e-008	0.0157471
4.170878e-008	0.0187012
4.173378e-008	0.0253174
4.175878e-008	0.0297852
4.178378e-008	0.0185547
4.180878e-008	0.0160889
4.183378e-008	0.0188477
4.185878e-008	0.0121338
4.188378e-008	0.0207031
4.190878e-008	0.0261475
4.193378e-008	0.013501
4.195878e-008	0.0138184
4.198378e-008	0.0213379
4.200878e-008	0.0255127
4.203378e-008	0.0224365
4.205878e-008	0.0116455
4.208378e-008	0.0232178
4.210878e-008	0.0316406
4.213378e-008	0.0193115
4.215878e-008	0.0178467
4.218378e-008	0.0148193
4.220878e-008	0.0146729
4.223378e-008	0.0208252
4.225878e-008	0.0194824
4.228378e-008	0.0148193
4.230878e-008	0.00751954
4.233378e-008	0.0185059
4.235878e-008	0.02771
4.238378e-008	0.0214356
4.240878e-008	0.0282227
4.243378e-008	0.0297852
4.245878e-008	0.0233887
4.248378e-008	0.0189209
4.250878e-008	0.0189209
4.253378e-008	0.0314209
4.255878e-008	0.030542
4.258378e-008	0.0150635
4.260878e-008	0.0150391
4.263378e-008	0.0262207
4.265878e-008	0.0253662
4.268378e-008	0.013916
4.270878e-008	0.0155518
4.273378e-008	0.0236572
4.275878e-008	0.0109375
4.278378e-008	0.00566407
4.280878e-008	0.0277588
4.283378e-008	0.0317139
4.285878e-008	0.0195801
4.288378e-008	0.0152588
4.290878e-008	0.0118897
4.293378e-008	0.020752
4.295878e-008	0.0235352
4.298378e-008	0.012207
4.300878e-008	0.0130371
4.303378e-008	0.0136231
4.305878e-008	0.017041
4.308378e-008	0.0185303
4.310878e-008	0.00876466
4.313378e-008	0.0202393
4.315878e-008	0.0246338
4.318378e-008	0.0126221
4.320878e-008	0.0180664
4.323378e-008	0.0143799
4.325878e-008	0.0187256
4.328378e-008	0.0337158
4.330878e-008	0.0140869
4.333378e-008	0.00500489
4.335878e-008	0.0202881
4.338378e-008	0.00910645
4.340878e-008	0.00456544
4.343378e-008	0.0312012
4.345878e-008	0.0373047
4.348378e-008	0.0232666
4.350878e-008	0.0240234
4.353378e-008	0.0249756
4.355878e-008	0.0182129
4.358378e-008	0.0188965
4.360878e-008	0.023999
4.363378e-008	0.0294922
4.365878e-008	0.0297363
4.368378e-008	0.0192383
4.370878e-008	0.011377
4.373378e-008	0.0164063
4.375878e-008	0.0222656
4.378378e-008	0.0165772
4.380878e-008	0.0218994
4.383378e-008	0.0269287
4.385878e-008	0.00920411
4.388378e-008	0.0134277
4.390878e-008	0.0189941
4.393378e-008	0.0102051
4.395878e-008	0.0226563
4.398378e-008	0.0199707
4.400878e-008	0.0158447
4.403378e-008	0.026416
4.405878e-008	0.0188965
4.408378e-008	0.0177734
4.410878e-008	0.0252197
4.413378e-008	0.0165283
4.415878e-008	0.00732423
4.418378e-008	0.0172852
4.420878e-008	0.0242676
4.423378e-008	0.0141846
4.425878e-008	0.00878907
4.428378e-008	0.0154053
4.430878e-008	0.0242188
4.433378e-008	0.0224609
4.435878e-008	0.0152588
4.438378e-008	0.0140381
4.440878e-008	0.0176025
4.443378e-008	0.0141357
4.445878e-008	0.00549317
4.448378e-008	0.00742188
4.450878e-008	0.0124268
4.453378e-008	0.0256836
4.455878e-008	0.0346436
4.458378e-008	0.0237305
4.460878e-008	0.016333
4.463378e-008	0.0128906
4.465878e-008	0.0210449
4.468378e-008	0.030835
4.470878e-008	0.0200684
4.473378e-008	0.0216065
4.475878e-008	0.0215332
4.478378e-008	0.00493165
4.480878e-008	0.0156494
4.483378e-008	0.0272949
4.485878e-008	0.0220703
4.488378e-008	0.0238037
4.490878e-008	0.0144775
4.493378e-008	0.0209473
4.495878e-008	0.0378662
4.498378e-008	0.0234375
4.500878e-008	0.0128662
4.503378e-008	0.0163574
4.505878e-008	0.0213623
4.508378e-008	0.0208252
4.510878e-008	0.0124756
4.513378e-008	0.0206787
4.515878e-008	0.0248291
4.518378e-008	0.0133301
4.520878e-008	0.0156494
4.523378e-008	0.022168
4.525878e-008	0.0258789
4.528378e-008	0.0338135
4.530878e-008	0.0227051
4.533378e-008	0.014624
4.535878e-008	0.0245117
4.538378e-008	0.00927735
4.540878e-008	0.00329591
4.543378e-008	0.0241211
4.545878e-008	0.0198242
4.548378e-008	0.0113037
4.550878e-008	0.02229
4.553378e-008	0.0266113
4.555878e-008	0.0171387
4.558378e-008	0.00439454
4.560878e-008	0.00454102
4.563378e-008	0.0171875
4.565878e-008	0.0177734
4.568378e-008	0.0126465
4.570878e-008	0.0182129
4.573378e-008	0.0261475
4.575878e-008	0.0314697
4.578378e-008	0.0269531
4.580878e-008	0.0133789
4.583378e-008	0.0104736
4.585878e-008	0.0202881
4.588378e-008	0.0266113
4.590878e-008	0.0250488
4.593378e-008	0.0081543
4.595878e-008	-0.0026123
4.598378e-008	0.0164307
4.600878e-008	0.0234619
4.603378e-008	0.0172363
4.605878e-008	0.0239258
4.608378e-008	0.0269775
4.610878e-008	0.0230957
4.613378e-008	0.0274414
4.615878e-008	0.0369385
4.618378e-008	0.0175049
4.620878e-008	-0.000268547
4.623378e-008	0.0198975
4.625878e-008	0.0260254
4.628378e-008	0.0170166
4.630878e-008	0.0179199
4.633378e-008	0.0201904
4.635878e-008	0.026416
4.638378e-008	0.0279297
4.640878e-008	0.0226318
4.643378e-008	0.0174805
4.645878e-008	0.0170899
4.648378e-008	0.0232178
4.650878e-008	0.0126221
4.653378e-008	0.00454102
4.655878e-008	0.0206787
4.658378e-008	0.0184082
4.660878e-008	0.0163086
4.663378e-008	0.02771
4.665878e-008	0.0192871
4.668378e-008	0.0166016
4.670878e-008	0.0213379
4.673378e-008	0.0202881
4.675878e-008	0.0133545
4.678378e-008	0.000903328
4.680878e-008	0.00830079
4.683378e-008	0.0190186
4.685878e-008	0.018335
4.688378e-008	0.0237793
4.690878e-008	0.0257324
4.693378e-008	0.0193604
4.695878e-008	0.019165
4.698378e-008	0.0229981
4.700878e-008	0.0183594
4.703378e-008	0.0165039
4.705878e-008	0.0195801
4.708378e-008	0.0195801
4.710878e-008	0.0150391
4.713378e-008	0.00483399
4.715878e-008	0.0135742
4.718378e-008	0.0220215
4.720878e-008	0.0120606
4.723378e-008	0.0176758
4.725878e-008	0.0206787
4.728378e-008	0.0205322
4.730878e-008	0.0271973
4.733378e-008	0.0193359
4.735878e-008	0.0202637
4.738378e-008	0.030957
4.740878e-008	0.0283203
4.743378e-008	0.0192139
4.745878e-008	0.0151611
4.748378e-008	0.0246582
4.750878e-008	0.030127
4.753378e-008	0.0157959
4.755878e-008	0.0104981
4.758378e-008	0.0199951
4.760878e-008	0.012793
4.763378e-008	0.00732423
4.765878e-008	0.0150635
4.768378e-008	0.00920411
4.770878e-008	0.0143555
4.773378e-008	0.0291748
4.775878e-008	0.0143311
4.778378e-008	0.00356446
4.780878e-008	0.0211426
4.783378e-008	0.0241699
4.785878e-008	0.0106445
4.788378e-008	0.0154785
4.790878e-008	0.0243408
4.793378e-008	0.0270996
4.795878e-008	0.0281983
4.798378e-008	0.0170899
4.800878e-008	0.0111328
4.803378e-008	0.0127686
4.805878e-008	0.0162842
4.808378e-008	0.0281738
4.810878e-008	0.0247315
4.813378e-008	0.0204346
4.815878e-008	0.0287109
4.818378e-008	0.0189941
4.820878e-008	0.0132324
4.823378e-008	0.0167236
4.825878e-008	0.0110352
4.828378e-008	0.019043
4.830878e-008	0.0281494
4.833378e-008	0.0312256
4.835878e-008	0.0314453
4.838378e-008	0.0158203
4.840878e-008	0.0143799
4.843378e-008	0.0234863
4.845878e-008	0.0258545
4.848378e-008	0.0289795
4.850878e-008	0.0232422
4.853378e-008	0.0208008
4.855878e-008	0.0157471
4.858378e-008	0.00808106
4.860878e-008	0.0196045
4.863378e-008	0.0243408
4.865878e-008	0.0182861
4.868378e-008	0.0192871
4.870878e-008	0.0104736
4.873378e-008	0.00498048
4.875878e-008	0.0216309
4.878378e-008	0.0224609
4.880878e-008	0.0108643
4.883378e-008	0.017041
4.885878e-008	0.0182129
4.888378e-008	0.0244141
4.890878e-008	0.0361572
4.893378e-008	0.0276123
4.895878e-008	0.0185791
4.898378e-008	0.00578614
4.900878e-008	0.00678712
4.903378e-008	0.023877
4.905878e-008	0.01875
4.908378e-008	0.0273682
4.910878e-008	0.0298828
4.913378e-008	0.00898438
4.915878e-008	0.0236816
4.918378e-008	0.0338379
4.920878e-008	0.023169
4.923378e-008	0.0243652
4.925878e-008	0.0182373
4.928378e-008	0.0138184
4.930878e-008	0.0210938
4.933378e-008	0.0276367
4.935878e-008	0.0253418
4.938378e-008	0.0178223
4.940878e-008	0.017627
4.943378e-008	0.0256348
4.945878e-008	0.0269043
4.948378e-008	0.0130371
4.950878e-008	0.0161865
4.953378e-008	0.0382324
4.955878e-008	0.0288574
4.958378e-008	0.00373536
4.960878e-008	0.0113281
4.963378e-008	0.0237305
4.965878e-008	0.0236084
4.968378e-008	0.0195068
4.970878e-008	-0.00126952
4.973378e-008	0.00769044
4.975878e-008	0.036084
4.978378e-008	0.0208252
4.980878e-008	0.0109863
4.983378e-008	0.0217774
4.985878e-008	0.0260254
4.988378e-008	0.0306885
4.990878e-008	0.0175781
4.993378e-008	0.0172119
4.995878e-008	0.0343506
4.998378e-008	0.0155029
5.000878e-008	0.00610352
