# LECROYWM813Zi	51496	Waveform
# Segments	1	SegmentSize	4002
# Segment	TrigTime	TimeSinceSegment1
# #1	30-Nov-2018 17:14:43	0                 
# Time	Ampl
-5.000326e-008	0.023999
-4.997826e-008	0.0164063
-4.995326e-008	0.0309082
-4.992826e-008	0.0262695
-4.990326e-008	0.0109619
-4.987826e-008	0.0142578
-4.985326e-008	0.0204346
-4.982826e-008	0.0222168
-4.980326e-008	0.0190186
-4.977826e-008	0.0151367
-4.975326e-008	0.0222168
-4.972826e-008	0.0316406
-4.970326e-008	0.0338379
-4.967826e-008	0.0279053
-4.965326e-008	0.0201172
-4.962826e-008	0.0264893
-4.960326e-008	0.0299561
-4.957826e-008	0.0318359
-4.955326e-008	0.0423584
-4.952826e-008	0.0251709
-4.950326e-008	0.0130127
-4.947826e-008	0.0280762
-4.945326e-008	0.033374
-4.942826e-008	0.0388184
-4.940326e-008	0.0284424
-4.937826e-008	0.0129639
-4.935326e-008	0.0158936
-4.932826e-008	0.010376
-4.930326e-008	0.0139649
-4.927826e-008	0.0223633
-4.925326e-008	0.0185547
-4.922826e-008	0.0243408
-4.920326e-008	0.02854
-4.917826e-008	0.024292
-4.915326e-008	0.0249024
-4.912826e-008	0.0261475
-4.910326e-008	0.0326172
-4.907826e-008	0.0372559
-4.905326e-008	0.0268311
-4.902826e-008	0.0274902
-4.900326e-008	0.0259033
-4.897826e-008	0.00974122
-4.895326e-008	0.0170899
-4.892826e-008	0.0244873
-4.890326e-008	0.0153565
-4.887826e-008	0.0116455
-4.885326e-008	0.0148926
-4.882826e-008	0.0228272
-4.880326e-008	0.0161133
-4.877826e-008	0.0101074
-4.875326e-008	0.029834
-4.872826e-008	0.0332275
-4.870326e-008	0.0140869
-4.867826e-008	0.0171387
-4.865326e-008	0.0314453
-4.862826e-008	0.0363281
-4.860326e-008	0.0287354
-4.857826e-008	0.0128662
-4.855326e-008	0.0131592
-4.852826e-008	0.0180908
-4.850326e-008	0.0151856
-4.847826e-008	0.017041
-4.845326e-008	0.0286377
-4.842826e-008	0.0312012
-4.840326e-008	0.0144043
-4.837826e-008	0.0160156
-4.835326e-008	0.0211426
-4.832826e-008	0.010376
-4.830326e-008	0.0197266
-4.827826e-008	0.029419
-4.825326e-008	0.0229736
-4.822826e-008	0.0172607
-4.820326e-008	0.015625
-4.817826e-008	0.0239746
-4.815326e-008	0.0262695
-4.812826e-008	0.0187988
-4.810326e-008	0.0174805
-4.807826e-008	0.0161133
-4.805326e-008	0.023999
-4.802826e-008	0.0313721
-4.800326e-008	0.0189453
-4.797826e-008	0.0151856
-4.795326e-008	0.013916
-4.792826e-008	0.00947266
-4.790326e-008	0.0239746
-4.787826e-008	0.0295166
-4.785326e-008	0.0290527
-4.782826e-008	0.0339356
-4.780326e-008	0.0241943
-4.777826e-008	0.0196777
-4.775326e-008	0.019751
-4.772826e-008	0.0199219
-4.770326e-008	0.023291
-4.767826e-008	0.015918
-4.765326e-008	0.0226807
-4.762826e-008	0.0296631
-4.760326e-008	0.0178223
-4.757826e-008	0.0262695
-4.755326e-008	0.0386963
-4.752826e-008	0.0297119
-4.750326e-008	0.0217285
-4.747826e-008	0.0165772
-4.745326e-008	0.0169678
-4.742826e-008	0.0291504
-4.740326e-008	0.0310303
-4.737826e-008	0.0168945
-4.735326e-008	0.00856934
-4.732826e-008	0.02146
-4.730326e-008	0.0303711
-4.727826e-008	0.0177734
-4.725326e-008	0.0239746
-4.722826e-008	0.0314209
-4.720326e-008	0.00920411
-4.717826e-008	0.0090088
-4.715326e-008	0.028125
-4.712826e-008	0.0250977
-4.710326e-008	0.017334
-4.707826e-008	0.0150391
-4.705326e-008	0.0119141
-4.702826e-008	0.0113525
-4.700326e-008	0.0150147
-4.697826e-008	0.0286133
-4.695326e-008	0.0355225
-4.692826e-008	0.0248779
-4.690326e-008	0.0178711
-4.687826e-008	0.0164795
-4.685326e-008	0.0254883
-4.682826e-008	0.0311279
-4.680326e-008	0.0131592
-4.677826e-008	0.0192871
-4.675326e-008	0.0415039
-4.672826e-008	0.0297852
-4.670326e-008	0.0272949
-4.667826e-008	0.0336426
-4.665326e-008	0.0229004
-4.662826e-008	0.0322266
-4.660326e-008	0.0313721
-4.657826e-008	0.0155029
-4.655326e-008	0.0264649
-4.652826e-008	0.027417
-4.650326e-008	0.0233399
-4.647826e-008	0.0273438
-4.645326e-008	0.0157715
-4.642826e-008	0.020166
-4.640326e-008	0.0284424
-4.637826e-008	0.0202149
-4.635326e-008	0.0228027
-4.632826e-008	0.0256348
-4.630326e-008	0.0326904
-4.627826e-008	0.0311035
-4.625326e-008	0.0144043
-4.622826e-008	0.026001
-4.620326e-008	0.029126
-4.617826e-008	0.0163086
-4.615326e-008	0.0211914
-4.612826e-008	0.0195068
-4.610326e-008	0.0264404
-4.607826e-008	0.0298828
-4.605326e-008	0.0189941
-4.602826e-008	0.02854
-4.600326e-008	0.0298584
-4.597826e-008	0.0171387
-4.595326e-008	0.012085
-4.592826e-008	0.0132568
-4.590326e-008	0.0236816
-4.587826e-008	0.0230713
-4.585326e-008	0.0226318
-4.582826e-008	0.0375488
-4.580326e-008	0.0299805
-4.577826e-008	0.00722657
-4.575326e-008	0.00532227
-4.572826e-008	0.0106445
-4.570326e-008	0.0175293
-4.567826e-008	0.0313721
-4.565326e-008	0.0309082
-4.562826e-008	0.0209961
-4.560326e-008	0.0172363
-4.557826e-008	0.0161133
-4.555326e-008	0.0190186
-4.552826e-008	0.0221436
-4.550326e-008	0.02146
-4.547826e-008	0.0244385
-4.545326e-008	0.0317139
-4.542826e-008	0.026001
-4.540326e-008	0.0147461
-4.537826e-008	0.0191895
-4.535326e-008	0.0261231
-4.532826e-008	0.0283447
-4.530326e-008	0.0246338
-4.527826e-008	0.0107666
-4.525326e-008	0.0141357
-4.522826e-008	0.0389649
-4.520326e-008	0.0392822
-4.517826e-008	0.0184815
-4.515326e-008	0.0215088
-4.512826e-008	0.0311524
-4.510326e-008	0.0263672
-4.507826e-008	0.0248291
-4.505326e-008	0.0292969
-4.502826e-008	0.0341797
-4.500326e-008	0.0233154
-4.497826e-008	0.0117676
-4.495326e-008	0.0259033
-4.492826e-008	0.0322754
-4.490326e-008	0.0286133
-4.487826e-008	0.0285889
-4.485326e-008	0.0200195
-4.482826e-008	0.0179932
-4.480326e-008	0.0211426
-4.477826e-008	0.0241211
-4.475326e-008	0.0279785
-4.472826e-008	0.022168
-4.470326e-008	0.0131592
-4.467826e-008	0.00925294
-4.465326e-008	0.0178223
-4.462826e-008	0.0315918
-4.460326e-008	0.0304932
-4.457826e-008	0.0196533
-4.455326e-008	0.0144043
-4.452826e-008	0.0157959
-4.450326e-008	0.0243164
-4.447826e-008	0.0300781
-4.445326e-008	0.0239502
-4.442826e-008	0.0171387
-4.440326e-008	0.00947266
-4.437826e-008	0.0143066
-4.435326e-008	0.0293701
-4.432826e-008	0.025
-4.430326e-008	0.0180176
-4.427826e-008	0.0165527
-4.425326e-008	0.01521
-4.422826e-008	0.025293
-4.420326e-008	0.0263916
-4.417826e-008	0.0263184
-4.415326e-008	0.0416992
-4.412826e-008	0.0305176
-4.410326e-008	0.00947266
-4.407826e-008	0.016333
-4.405326e-008	0.019043
-4.402826e-008	0.012085
-4.400326e-008	0.00864259
-4.397826e-008	0.018042
-4.395326e-008	0.0290772
-4.392826e-008	0.0195557
-4.390326e-008	0.0173828
-4.387826e-008	0.0232178
-4.385326e-008	0.0216309
-4.382826e-008	0.0248291
-4.380326e-008	0.0218994
-4.377826e-008	0.0130371
-4.375326e-008	0.0212158
-4.372826e-008	0.0298584
-4.370326e-008	0.0251221
-4.367826e-008	0.0293457
-4.365326e-008	0.0359131
-4.362826e-008	0.0357178
-4.360326e-008	0.0331787
-4.357826e-008	0.0213379
-4.355326e-008	0.010376
-4.352826e-008	0.013208
-4.350326e-008	0.0180176
-4.347826e-008	0.0120361
-4.345326e-008	0.0137451
-4.342826e-008	0.0218018
-4.340326e-008	0.0200928
-4.337826e-008	0.0251221
-4.335326e-008	0.0335205
-4.332826e-008	0.0304199
-4.330326e-008	0.023169
-4.327826e-008	0.0161621
-4.325326e-008	0.0225586
-4.322826e-008	0.0366943
-4.320326e-008	0.0243897
-4.317826e-008	0.00927735
-4.315326e-008	0.0179443
-4.312826e-008	0.0268799
-4.310326e-008	0.0356201
-4.307826e-008	0.0391602
-4.305326e-008	0.0281983
-4.302826e-008	0.0161865
-4.300326e-008	0.0119141
-4.297826e-008	0.0173096
-4.295326e-008	0.0261963
-4.292826e-008	0.0286133
-4.290326e-008	0.0140137
-4.287826e-008	0.00705567
-4.285326e-008	0.0249268
-4.282826e-008	0.0269287
-4.280326e-008	0.0158936
-4.277826e-008	0.0203613
-4.275326e-008	0.0249024
-4.272826e-008	0.0254395
-4.270326e-008	0.0320801
-4.267826e-008	0.0300537
-4.265326e-008	0.016919
-4.262826e-008	0.0180908
-4.260326e-008	0.0213623
-4.257826e-008	0.0215088
-4.255326e-008	0.0339844
-4.252826e-008	0.0338867
-4.250326e-008	0.0273926
-4.247826e-008	0.026294
-4.245326e-008	0.0275147
-4.242826e-008	0.0357422
-4.240326e-008	0.0262207
-4.237826e-008	0.0220459
-4.235326e-008	0.0346924
-4.232826e-008	0.0291016
-4.230326e-008	0.0273193
-4.227826e-008	0.0334473
-4.225326e-008	0.0327149
-4.222826e-008	0.0335449
-4.220326e-008	0.0285889
-4.217826e-008	0.0256592
-4.215326e-008	0.024707
-4.212826e-008	0.0174561
-4.210326e-008	0.0240723
-4.207826e-008	0.0344971
-4.205326e-008	0.033374
-4.202826e-008	0.0305176
-4.200326e-008	0.0242676
-4.197826e-008	0.0219482
-4.195326e-008	0.0213135
-4.192826e-008	0.0192627
-4.190326e-008	0.0203613
-4.187826e-008	0.0173584
-4.185326e-008	0.0255371
-4.182826e-008	0.037085
-4.180326e-008	0.0258789
-4.177826e-008	0.0210205
-4.175326e-008	0.0375733
-4.172826e-008	0.0355957
-4.170326e-008	0.0224854
-4.167826e-008	0.0273193
-4.165326e-008	0.0337402
-4.162826e-008	0.0337891
-4.160326e-008	0.0202637
-4.157826e-008	0.0156494
-4.155326e-008	0.0256836
-4.152826e-008	0.0165772
-4.150326e-008	0.0177979
-4.147826e-008	0.0187256
-4.145326e-008	0.0133545
-4.142826e-008	0.0334961
-4.140326e-008	0.0340576
-4.137826e-008	0.0213867
-4.135326e-008	0.0294678
-4.132826e-008	0.0352783
-4.130326e-008	0.0302734
-4.127826e-008	0.0216553
-4.125326e-008	0.0119873
-4.122826e-008	0.0103272
-4.120326e-008	0.0209717
-4.117826e-008	0.0262695
-4.115326e-008	0.0213623
-4.112826e-008	0.0166016
-4.110326e-008	0.0189941
-4.107826e-008	0.0195801
-4.105326e-008	0.0156494
-4.102826e-008	0.0250488
-4.100326e-008	0.0277588
-4.097826e-008	0.0249268
-4.095326e-008	0.0252441
-4.092826e-008	0.0125732
-4.090326e-008	0.0160156
-4.087826e-008	0.02854
-4.085326e-008	0.0263184
-4.082826e-008	0.0261231
-4.080326e-008	0.0273926
-4.077826e-008	0.0272461
-4.075326e-008	0.0229004
-4.072826e-008	0.0209961
-4.070326e-008	0.0220215
-4.067826e-008	0.0154785
-4.065326e-008	0.0235352
-4.062826e-008	0.0301514
-4.060326e-008	0.0139649
-4.057826e-008	0.0188232
-4.055326e-008	0.0336426
-4.052826e-008	0.0239014
-4.050326e-008	0.0200928
-4.047826e-008	0.0225586
-4.045326e-008	0.0181397
-4.042826e-008	0.0279785
-4.040326e-008	0.0372559
-4.037826e-008	0.0260254
-4.035326e-008	0.0226563
-4.032826e-008	0.02854
-4.030326e-008	0.0182617
-4.027826e-008	0.0131104
-4.025326e-008	0.0267334
-4.022826e-008	0.0242676
-4.020326e-008	0.00610352
-4.017826e-008	0.0154785
-4.015326e-008	0.0305176
-4.012826e-008	0.0186035
-4.010326e-008	0.0145508
-4.007826e-008	0.0254395
-4.005326e-008	0.0351074
-4.002826e-008	0.031958
-4.000326e-008	0.015625
-3.997826e-008	0.0212891
-3.995326e-008	0.0299072
-3.992826e-008	0.011377
-3.990326e-008	0.00480958
-3.987826e-008	0.0147949
-3.985326e-008	0.0186035
-3.982826e-008	0.0295166
-3.980326e-008	0.0326904
-3.977826e-008	0.0222656
-3.975326e-008	0.0244873
-3.972826e-008	0.0249024
-3.970326e-008	0.0243408
-3.967826e-008	0.0276856
-3.965326e-008	0.0293457
-3.962826e-008	0.0323242
-3.960326e-008	0.0171387
-3.957826e-008	0.0138184
-3.955326e-008	0.0247315
-3.952826e-008	0.0125
-3.950326e-008	0.0136475
-3.947826e-008	0.0226563
-3.945326e-008	0.019751
-3.942826e-008	0.0260254
-3.940326e-008	0.0222412
-3.937826e-008	0.0201172
-3.935326e-008	0.0331543
-3.932826e-008	0.0282227
-3.930326e-008	0.0126953
-3.927826e-008	0.0103516
-3.925326e-008	0.0241699
-3.922826e-008	0.0268555
-3.920326e-008	0.00869141
-3.917826e-008	0.0172363
-3.915326e-008	0.0336914
-3.912826e-008	0.0232422
-3.910326e-008	0.0219482
-3.907826e-008	0.028125
-3.905326e-008	0.0227783
-3.902826e-008	0.0171143
-3.900326e-008	0.0147949
-3.897826e-008	0.022168
-3.895326e-008	0.0275147
-3.892826e-008	0.0184082
-3.890326e-008	0.0222168
-3.887826e-008	0.0286133
-3.885326e-008	0.0258301
-3.882826e-008	0.0286865
-3.880326e-008	0.0164307
-3.877826e-008	0.0164063
-3.875326e-008	0.0312256
-3.872826e-008	0.0161865
-3.870326e-008	0.00468751
-3.867826e-008	0.0150147
-3.865326e-008	0.026001
-3.862826e-008	0.021875
-3.860326e-008	0.0151123
-3.857826e-008	0.0256348
-3.855326e-008	0.0233399
-3.852826e-008	0.0193115
-3.850326e-008	0.0321045
-3.847826e-008	0.0323486
-3.845326e-008	0.0305908
-3.842826e-008	0.0296387
-3.840326e-008	0.0150391
-3.837826e-008	0.012085
-3.835326e-008	0.0208008
-3.832826e-008	0.0290039
-3.830326e-008	0.0283691
-3.827826e-008	0.0193359
-3.825326e-008	0.0321289
-3.822826e-008	0.0323975
-3.820326e-008	0.015918
-3.817826e-008	0.0330566
-3.815326e-008	0.0396973
-3.812826e-008	0.0218018
-3.810326e-008	0.0184815
-3.807826e-008	0.0202637
-3.805326e-008	0.0241455
-3.802826e-008	0.0229004
-3.800326e-008	0.0132813
-3.797826e-008	0.0219238
-3.795326e-008	0.0291016
-3.792826e-008	0.0220459
-3.790326e-008	0.0188965
-3.787826e-008	0.0111084
-3.785326e-008	0.0200928
-3.782826e-008	0.0357666
-3.780326e-008	0.0253906
-3.777826e-008	0.0171387
-3.775326e-008	0.0221436
-3.772826e-008	0.0298584
-3.770326e-008	0.0324707
-3.767826e-008	0.0268555
-3.765326e-008	0.0249756
-3.762826e-008	0.0286133
-3.760326e-008	0.023291
-3.757826e-008	0.0173828
-3.755326e-008	0.0278565
-3.752826e-008	0.0312012
-3.750326e-008	0.0286865
-3.747826e-008	0.0285156
-3.745326e-008	0.0202393
-3.742826e-008	0.0191895
-3.740326e-008	0.0236328
-3.737826e-008	0.0184326
-3.735326e-008	0.011084
-3.732826e-008	0.0187012
-3.730326e-008	0.0165527
-3.727826e-008	0.0044922
-3.725326e-008	0.0209473
-3.722826e-008	0.0237549
-3.720326e-008	0.00803223
-3.717826e-008	0.0186768
-3.715326e-008	0.0321045
-3.712826e-008	0.0324463
-3.710326e-008	0.0323242
-3.707826e-008	0.0338379
-3.705326e-008	0.0263184
-3.702826e-008	0.00954591
-3.700326e-008	0.000366218
-3.697826e-008	0.00563966
-3.695326e-008	0.0181397
-3.692826e-008	0.026001
-3.690326e-008	0.0313477
-3.687826e-008	0.0285889
-3.685326e-008	0.0234131
-3.682826e-008	0.0256348
-3.680326e-008	0.00798341
-3.677826e-008	0.00541993
-3.675326e-008	0.0328858
-3.672826e-008	0.0230713
-3.670326e-008	0.0120361
-3.667826e-008	0.0242676
-3.665326e-008	0.0183838
-3.662826e-008	0.0173584
-3.660326e-008	0.0147461
-3.657826e-008	0.0144043
-3.655326e-008	0.0307617
-3.652826e-008	0.0305176
-3.650326e-008	0.0271729
-3.647826e-008	0.0208984
-3.645326e-008	0.0140381
-3.642826e-008	0.0230957
-3.640326e-008	0.0189209
-3.637826e-008	0.0177979
-3.635326e-008	0.0230469
-3.632826e-008	0.0182129
-3.630326e-008	0.0286621
-3.627826e-008	0.0341065
-3.625326e-008	0.0258301
-3.622826e-008	0.0293213
-3.620326e-008	0.0319824
-3.617826e-008	0.0306641
-3.615326e-008	0.0265137
-3.612826e-008	0.0233154
-3.610326e-008	0.0319824
-3.607826e-008	0.0286133
-3.605326e-008	0.023877
-3.602826e-008	0.0234131
-3.600326e-008	0.00959473
-3.597826e-008	0.023999
-3.595326e-008	0.0402344
-3.592826e-008	0.0254639
-3.590326e-008	0.0271973
-3.587826e-008	0.0275147
-3.585326e-008	0.0229736
-3.582826e-008	0.0285156
-3.580326e-008	0.0165039
-3.577826e-008	0.0137695
-3.575326e-008	0.0251953
-3.572826e-008	0.020752
-3.570326e-008	0.022876
-3.567826e-008	0.0310059
-3.565326e-008	0.025708
-3.562826e-008	0.0275391
-3.560326e-008	0.0340576
-3.557826e-008	0.0289795
-3.555326e-008	0.0213379
-3.552826e-008	0.0149658
-3.550326e-008	0.0214844
-3.547826e-008	0.0277832
-3.545326e-008	0.0154297
-3.542826e-008	0.0206787
-3.540326e-008	0.0351563
-3.537826e-008	0.0263428
-3.535326e-008	0.0233399
-3.532826e-008	0.0274902
-3.530326e-008	0.0269775
-3.527826e-008	0.0308838
-3.525326e-008	0.0299072
-3.522826e-008	0.0185547
-3.520326e-008	0.00170899
-3.517826e-008	0.0088379
-3.515326e-008	0.0327149
-3.512826e-008	0.026001
-3.510326e-008	0.0157227
-3.507826e-008	0.0192139
-3.505326e-008	0.0231934
-3.502826e-008	0.035669
-3.500326e-008	0.0287354
-3.497826e-008	0.0178711
-3.495326e-008	0.0248535
-3.492826e-008	0.0238525
-3.490326e-008	0.0322754
-3.487826e-008	0.0390137
-3.485326e-008	0.0282959
-3.482826e-008	0.0283203
-3.480326e-008	0.0308106
-3.477826e-008	0.0268799
-3.475326e-008	0.0212158
-3.472826e-008	0.018457
-3.470326e-008	0.0190186
-3.467826e-008	0.0177979
-3.465326e-008	0.0279297
-3.462826e-008	0.0333008
-3.460326e-008	0.0192139
-3.457826e-008	0.0193604
-3.455326e-008	0.0311279
-3.452826e-008	0.0286133
-3.450326e-008	0.0208008
-3.447826e-008	0.0185791
-3.445326e-008	0.0292725
-3.442826e-008	0.0422119
-3.440326e-008	0.0336914
-3.437826e-008	0.0145996
-3.435326e-008	0.013916
-3.432826e-008	0.0286377
-3.430326e-008	0.0285156
-3.427826e-008	0.0197754
-3.425326e-008	0.0244141
-3.422826e-008	0.025293
-3.420326e-008	0.0164795
-3.417826e-008	0.0145996
-3.415326e-008	0.0155518
-3.412826e-008	0.0209473
-3.410326e-008	0.0343994
-3.407826e-008	0.0339844
-3.405326e-008	0.0299072
-3.402826e-008	0.0287842
-3.400326e-008	0.0151367
-3.397826e-008	0.0162109
-3.395326e-008	0.0232422
-3.392826e-008	0.0192139
-3.390326e-008	0.0239014
-3.387826e-008	0.0220459
-3.385326e-008	0.0219238
-3.382826e-008	0.0315918
-3.380326e-008	0.0278565
-3.377826e-008	0.0258545
-3.375326e-008	0.0275147
-3.372826e-008	0.020459
-3.370326e-008	0.0227051
-3.367826e-008	0.0292725
-3.365326e-008	0.0290772
-3.362826e-008	0.0329834
-3.360326e-008	0.030127
-3.357826e-008	0.0242676
-3.355326e-008	0.0322754
-3.352826e-008	0.0396973
-3.350326e-008	0.0358643
-3.347826e-008	0.0247559
-3.345326e-008	0.0242432
-3.342826e-008	0.0333496
-3.340326e-008	0.0306397
-3.337826e-008	0.0253906
-3.335326e-008	0.0231201
-3.332826e-008	0.0212647
-3.330326e-008	0.0262695
-3.327826e-008	0.0307373
-3.325326e-008	0.027417
-3.322826e-008	0.0170654
-3.320326e-008	0.00856934
-3.317826e-008	0.0111328
-3.315326e-008	0.0183594
-3.312826e-008	0.0282959
-3.310326e-008	0.0361084
-3.307826e-008	0.0310791
-3.305326e-008	0.0302979
-3.302826e-008	0.0293701
-3.300326e-008	0.0136231
-3.297826e-008	0.0163818
-3.295326e-008	0.030957
-3.292826e-008	0.0301025
-3.290326e-008	0.0251465
-3.287826e-008	0.0197266
-3.285326e-008	0.0255859
-3.282826e-008	0.0326172
-3.280326e-008	0.0274658
-3.277826e-008	0.0267822
-3.275326e-008	0.0235596
-3.272826e-008	0.0270508
-3.270326e-008	0.031958
-3.267826e-008	0.0162354
-3.265326e-008	0.022583
-3.262826e-008	0.0419678
-3.260326e-008	0.0289795
-3.257826e-008	0.0189941
-3.255326e-008	0.024707
-3.252826e-008	0.023291
-3.250326e-008	0.0248779
-3.247826e-008	0.0257324
-3.245326e-008	0.0194092
-3.242826e-008	0.0257813
-3.240326e-008	0.028418
-3.237826e-008	0.0146484
-3.235326e-008	0.0206787
-3.232826e-008	0.0310791
-3.230326e-008	0.0286377
-3.227826e-008	0.0340576
-3.225326e-008	0.032251
-3.222826e-008	0.0277344
-3.220326e-008	0.0240479
-3.217826e-008	0.0204102
-3.215326e-008	0.0302979
-3.212826e-008	0.0238281
-3.210326e-008	0.0117676
-3.207826e-008	0.0234375
-3.205326e-008	0.0274414
-3.202826e-008	0.0169434
-3.200326e-008	0.0129395
-3.197826e-008	0.0211426
-3.195326e-008	0.0267822
-3.192826e-008	0.0232666
-3.190326e-008	0.0219482
-3.187826e-008	0.0166748
-3.185326e-008	0.0218018
-3.182826e-008	0.0337647
-3.180326e-008	0.0228027
-3.177826e-008	0.0203125
-3.175326e-008	0.0267334
-3.172826e-008	0.0259766
-3.170326e-008	0.0286377
-3.167826e-008	0.00712891
-3.165326e-008	0.0067627
-3.162826e-008	0.0351318
-3.160326e-008	0.0183106
-3.157826e-008	0.00344239
-3.155326e-008	0.0135742
-3.152826e-008	0.0111572
-3.150326e-008	0.0128662
-3.147826e-008	0.0184326
-3.145326e-008	0.0227539
-3.142826e-008	0.0271484
-3.140326e-008	0.0247315
-3.137826e-008	0.0250733
-3.135326e-008	0.0241455
-3.132826e-008	0.0142578
-3.130326e-008	0.022876
-3.127826e-008	0.0265381
-3.125326e-008	0.0138428
-3.122826e-008	0.0313477
-3.120326e-008	0.0302979
-3.117826e-008	0.0157959
-3.115326e-008	0.0316406
-3.112826e-008	0.0318115
-3.110326e-008	0.0321045
-3.107826e-008	0.0333252
-3.105326e-008	0.0307617
-3.102826e-008	0.0397705
-3.100326e-008	0.0284912
-3.097826e-008	0.0276611
-3.095326e-008	0.0360352
-3.092826e-008	0.0276367
-3.090326e-008	0.0327393
-3.087826e-008	0.0236572
-3.085326e-008	0.0131348
-3.082826e-008	0.031958
-3.080326e-008	0.0263428
-3.077826e-008	0.0167236
-3.075326e-008	0.0290283
-3.072826e-008	0.0286865
-3.070326e-008	0.031543
-3.067826e-008	0.0328369
-3.065326e-008	0.0280274
-3.062826e-008	0.0308838
-3.060326e-008	0.0214356
-3.057826e-008	0.0168213
-3.055326e-008	0.0271729
-3.052826e-008	0.0297119
-3.050326e-008	0.0283203
-3.047826e-008	0.0254883
-3.045326e-008	0.023999
-3.042826e-008	0.0249512
-3.040326e-008	0.0189209
-3.037826e-008	0.022876
-3.035326e-008	0.0377197
-3.032826e-008	0.0401611
-3.030326e-008	0.036084
-3.027826e-008	0.0251465
-3.025326e-008	0.0212647
-3.022826e-008	0.0348877
-3.020326e-008	0.0188477
-3.017826e-008	0.000756843
-3.015326e-008	0.0203613
-3.012826e-008	0.0219971
-3.010326e-008	0.0192871
-3.007826e-008	0.0322998
-3.005326e-008	0.0292481
-3.002826e-008	0.0321777
-3.000326e-008	0.0361816
-2.997826e-008	0.0289795
-2.995326e-008	0.0255371
-2.992826e-008	0.0186524
-2.990326e-008	0.0253662
-2.987826e-008	0.0338379
-2.985326e-008	0.0269775
-2.982826e-008	0.039209
-2.980326e-008	0.0398926
-2.977826e-008	0.0182617
-2.975326e-008	0.0221924
-2.972826e-008	0.0221191
-2.970326e-008	0.0193115
-2.967826e-008	0.0296875
-2.965326e-008	0.0251953
-2.962826e-008	0.0275879
-2.960326e-008	0.0191406
-2.957826e-008	0.00485841
-2.955326e-008	0.0189697
-2.952826e-008	0.0181397
-2.950326e-008	0.0228027
-2.947826e-008	0.0381836
-2.945326e-008	0.034082
-2.942826e-008	0.0360352
-2.940326e-008	0.0251709
-2.937826e-008	0.0154297
-2.935326e-008	0.0230957
-2.932826e-008	0.0211914
-2.930326e-008	0.0169678
-2.927826e-008	0.00957032
-2.925326e-008	0.0191895
-2.922826e-008	0.0341309
-2.920326e-008	0.022583
-2.917826e-008	0.0199707
-2.915326e-008	0.0271973
-2.912826e-008	0.0234375
-2.910326e-008	0.0172852
-2.907826e-008	0.0158203
-2.905326e-008	0.023999
-2.902826e-008	0.0270996
-2.900326e-008	0.0231445
-2.897826e-008	0.0226563
-2.895326e-008	0.0173584
-2.892826e-008	0.0186768
-2.890326e-008	0.0226563
-2.887826e-008	0.0232178
-2.885326e-008	0.0400635
-2.882826e-008	0.0345703
-2.880326e-008	0.00791016
-2.877826e-008	0.0148193
-2.875326e-008	0.0259522
-2.872826e-008	0.0251709
-2.870326e-008	0.0320557
-2.867826e-008	0.0242432
-2.865326e-008	0.0123047
-2.862826e-008	0.0221924
-2.860326e-008	0.0284424
-2.857826e-008	0.0255371
-2.855326e-008	0.0225586
-2.852826e-008	0.0178711
-2.850326e-008	0.0274414
-2.847826e-008	0.0319336
-2.845326e-008	0.0268555
-2.842826e-008	0.0416748
-2.840326e-008	0.0450684
-2.837826e-008	0.0271973
-2.835326e-008	0.0268311
-2.832826e-008	0.0304199
-2.830326e-008	0.0253906
-2.827826e-008	0.030835
-2.825326e-008	0.0388184
-2.822826e-008	0.0338379
-2.820326e-008	0.0216797
-2.817826e-008	0.0243652
-2.815326e-008	0.0278565
-2.812826e-008	0.0135986
-2.810326e-008	0.0197266
-2.807826e-008	0.0315918
-2.805326e-008	0.0188232
-2.802826e-008	0.0208984
-2.800326e-008	0.0324951
-2.797826e-008	0.0286377
-2.795326e-008	0.0255371
-2.792826e-008	0.0193115
-2.790326e-008	0.0171875
-2.787826e-008	0.0211426
-2.785326e-008	0.0161133
-2.782826e-008	0.0217529
-2.780326e-008	0.0250977
-2.777826e-008	0.0244385
-2.775326e-008	0.0332764
-2.772826e-008	0.0239502
-2.770326e-008	0.0222168
-2.767826e-008	0.0277344
-2.765326e-008	0.022583
-2.762826e-008	0.0330811
-2.760326e-008	0.0321777
-2.757826e-008	0.0212158
-2.755326e-008	0.0209961
-2.752826e-008	0.0186768
-2.750326e-008	0.0245606
-2.747826e-008	0.0267578
-2.745326e-008	0.020166
-2.742826e-008	0.0234375
-2.740326e-008	0.023877
-2.737826e-008	0.0231934
-2.735326e-008	0.0227539
-2.732826e-008	0.0154785
-2.730326e-008	0.0260498
-2.727826e-008	0.0302002
-2.725326e-008	0.0165039
-2.722826e-008	0.034668
-2.720326e-008	0.0487793
-2.717826e-008	0.02771
-2.715326e-008	0.0191406
-2.712826e-008	0.0219482
-2.710326e-008	0.0164795
-2.707826e-008	0.0105957
-2.705326e-008	0.0098877
-2.702826e-008	0.0208496
-2.700326e-008	0.0266602
-2.697826e-008	0.0217041
-2.695326e-008	0.0229981
-2.692826e-008	0.0184082
-2.690326e-008	0.0184326
-2.687826e-008	0.0275635
-2.685326e-008	0.0272461
-2.682826e-008	0.0315674
-2.680326e-008	0.0205078
-2.677826e-008	0.00593262
-2.675326e-008	0.0236816
-2.672826e-008	0.0259766
-2.670326e-008	0.0182373
-2.667826e-008	0.0290283
-2.665326e-008	0.0206055
-2.662826e-008	0.00573731
-2.660326e-008	0.0141602
-2.657826e-008	0.0226318
-2.655326e-008	0.0209473
-2.652826e-008	0.02229
-2.650326e-008	0.0266846
-2.647826e-008	0.0227051
-2.645326e-008	0.0217529
-2.642826e-008	0.0292969
-2.640326e-008	0.0152588
-2.637826e-008	0.00856934
-2.635326e-008	0.0299561
-2.632826e-008	0.0297608
-2.630326e-008	0.0277344
-2.627826e-008	0.0309815
-2.625326e-008	0.0205811
-2.622826e-008	0.0207764
-2.620326e-008	0.0175537
-2.617826e-008	0.0189697
-2.615326e-008	0.0320313
-2.612826e-008	0.0307617
-2.610326e-008	0.0231201
-2.607826e-008	0.0234619
-2.605326e-008	0.0284912
-2.602826e-008	0.017334
-2.600326e-008	0.00412598
-2.597826e-008	0.00839845
-2.595326e-008	0.016626
-2.592826e-008	0.0257324
-2.590326e-008	0.0312744
-2.587826e-008	0.0313965
-2.585326e-008	0.0313477
-2.582826e-008	0.0323242
-2.580326e-008	0.0253418
-2.577826e-008	0.0191406
-2.575326e-008	0.0244873
-2.572826e-008	0.0248779
-2.570326e-008	0.02771
-2.567826e-008	0.0273926
-2.565326e-008	0.0234619
-2.562826e-008	0.0269287
-2.560326e-008	0.0150635
-2.557826e-008	0.0167481
-2.555326e-008	0.0366211
-2.552826e-008	0.0285156
-2.550326e-008	0.0223633
-2.547826e-008	0.0304932
-2.545326e-008	0.0258301
-2.542826e-008	0.0247803
-2.540326e-008	0.0228272
-2.537826e-008	0.0167969
-2.535326e-008	0.026416
-2.532826e-008	0.0312744
-2.530326e-008	0.0292969
-2.527826e-008	0.0305664
-2.525326e-008	0.024585
-2.522826e-008	0.0267578
-2.520326e-008	0.0320801
-2.517826e-008	0.0259033
-2.515326e-008	0.0208984
-2.512826e-008	0.0184815
-2.510326e-008	0.0185303
-2.507826e-008	0.0240723
-2.505326e-008	0.0252686
-2.502826e-008	0.0242432
-2.500326e-008	0.0323242
-2.497826e-008	0.0296875
-2.495326e-008	0.0151856
-2.492826e-008	0.014209
-2.490326e-008	0.022583
-2.487826e-008	0.0301025
-2.485326e-008	0.0277832
-2.482826e-008	0.023877
-2.480326e-008	0.0274658
-2.477826e-008	0.0243652
-2.475326e-008	0.0186524
-2.472826e-008	0.0123535
-2.470326e-008	0.0112305
-2.467826e-008	0.0270752
-2.465326e-008	0.0375977
-2.462826e-008	0.0281006
-2.460326e-008	0.0235107
-2.457826e-008	0.0300781
-2.455326e-008	0.0279297
-2.452826e-008	0.0261963
-2.450326e-008	0.0233887
-2.447826e-008	0.0171875
-2.445326e-008	0.0275879
-2.442826e-008	0.0290039
-2.440326e-008	0.0177002
-2.437826e-008	0.0223389
-2.435326e-008	0.0220703
-2.432826e-008	0.0178223
-2.430326e-008	0.0289795
-2.427826e-008	0.0315918
-2.425326e-008	0.0279053
-2.422826e-008	0.0342285
-2.420326e-008	0.030542
-2.417826e-008	0.0265137
-2.415326e-008	0.0323975
-2.412826e-008	0.023169
-2.410326e-008	0.0131836
-2.407826e-008	0.0220459
-2.405326e-008	0.0246094
-2.402826e-008	0.0230225
-2.400326e-008	0.0330811
-2.397826e-008	0.0273926
-2.395326e-008	0.0168945
-2.392826e-008	0.0258789
-2.390326e-008	0.0227783
-2.387826e-008	0.0179688
-2.385326e-008	0.0298828
-2.382826e-008	0.0280029
-2.380326e-008	0.0210449
-2.377826e-008	0.0229248
-2.375326e-008	0.0199219
-2.372826e-008	0.023169
-2.370326e-008	0.0317139
-2.367826e-008	0.0233154
-2.365326e-008	0.0185791
-2.362826e-008	0.0250977
-2.360326e-008	0.0182861
-2.357826e-008	0.022168
-2.355326e-008	0.0343018
-2.352826e-008	0.0263672
-2.350326e-008	0.0214111
-2.347826e-008	0.0208008
-2.345326e-008	0.0170654
-2.342826e-008	0.0317139
-2.340326e-008	0.0426514
-2.337826e-008	0.0243408
-2.335326e-008	0.0197022
-2.332826e-008	0.0239258
-2.330326e-008	0.0165039
-2.327826e-008	0.0275635
-2.325326e-008	0.0329346
-2.322826e-008	0.0312256
-2.320326e-008	0.0310303
-2.317826e-008	0.0180176
-2.315326e-008	0.0154785
-2.312826e-008	0.0124268
-2.310326e-008	0.0161621
-2.307826e-008	0.0236328
-2.305326e-008	0.0197998
-2.302826e-008	0.0264649
-2.300326e-008	0.013794
-2.297826e-008	0.00705567
-2.295326e-008	0.0278076
-2.292826e-008	0.025
-2.290326e-008	0.0246826
-2.287826e-008	0.026416
-2.285326e-008	0.0151856
-2.282826e-008	0.0208496
-2.280326e-008	0.0199707
-2.277826e-008	0.0140869
-2.275326e-008	0.0221436
-2.272826e-008	0.0226318
-2.270326e-008	0.0177979
-2.267826e-008	0.0211426
-2.265326e-008	0.0248291
-2.262826e-008	0.0153565
-2.260326e-008	0.00839845
-2.257826e-008	0.0187988
-2.255326e-008	0.0232178
-2.252826e-008	0.0217041
-2.250326e-008	0.0264893
-2.247826e-008	0.0271973
-2.245326e-008	0.0304932
-2.242826e-008	0.030127
-2.240326e-008	0.0201172
-2.237826e-008	0.0275147
-2.235326e-008	0.0299561
-2.232826e-008	0.0143555
-2.230326e-008	0.0247559
-2.227826e-008	0.0365723
-2.225326e-008	0.0289063
-2.222826e-008	0.0346436
-2.220326e-008	0.0292481
-2.217826e-008	0.0153565
-2.215326e-008	0.02771
-2.212826e-008	0.0308838
-2.210326e-008	0.0173096
-2.207826e-008	0.010376
-2.205326e-008	0.00805665
-2.202826e-008	0.021167
-2.200326e-008	0.0297363
-2.197826e-008	0.0235352
-2.195326e-008	0.0223145
-2.192826e-008	0.013501
-2.190326e-008	0.0171875
-2.187826e-008	0.0260498
-2.185326e-008	0.017334
-2.182826e-008	0.0245117
-2.180326e-008	0.0197022
-2.177826e-008	0.00847169
-2.175326e-008	0.0222412
-2.172826e-008	0.0224609
-2.170326e-008	0.0266358
-2.167826e-008	0.037915
-2.165326e-008	0.0350586
-2.162826e-008	0.0365723
-2.160326e-008	0.0300537
-2.157826e-008	0.02229
-2.155326e-008	0.0245606
-2.152826e-008	0.0201172
-2.150326e-008	0.0254639
-2.147826e-008	0.0321045
-2.145326e-008	0.0201172
-2.142826e-008	0.0210693
-2.140326e-008	0.0295166
-2.137826e-008	0.0237061
-2.135326e-008	0.020874
-2.132826e-008	0.0207031
-2.130326e-008	0.0230225
-2.127826e-008	0.0261475
-2.125326e-008	0.0256104
-2.122826e-008	0.0264649
-2.120326e-008	0.0213135
-2.117826e-008	0.0187744
-2.115326e-008	0.02229
-2.112826e-008	0.0208252
-2.110326e-008	0.0208252
-2.107826e-008	0.0239502
-2.105326e-008	0.0267578
-2.102826e-008	0.0281983
-2.100326e-008	0.0139893
-2.097826e-008	0.00117188
-2.095326e-008	0.017041
-2.092826e-008	0.0248779
-2.090326e-008	0.0229492
-2.087826e-008	0.0330566
-2.085326e-008	0.0282227
-2.082826e-008	0.0203857
-2.080326e-008	0.0247803
-2.077826e-008	0.025
-2.075326e-008	0.020874
-2.072826e-008	0.0236328
-2.070326e-008	0.0317627
-2.067826e-008	0.0237549
-2.065326e-008	0.0144287
-2.062826e-008	0.0204834
-2.060326e-008	0.0206543
-2.057826e-008	0.0190674
-2.055326e-008	0.019458
-2.052826e-008	0.0159912
-2.050326e-008	0.0157715
-2.047826e-008	0.0184326
-2.045326e-008	0.0335693
-2.042826e-008	0.0443359
-2.040326e-008	0.025708
-2.037826e-008	0.0171875
-2.035326e-008	0.02229
-2.032826e-008	0.0233154
-2.030326e-008	0.0312988
-2.027826e-008	0.0236328
-2.025326e-008	0.0227051
-2.022826e-008	0.0374512
-2.020326e-008	0.0291748
-2.017826e-008	0.0182861
-2.015326e-008	0.01875
-2.012826e-008	0.0219482
-2.010326e-008	0.0286133
-2.007826e-008	0.0339111
-2.005326e-008	0.0322022
-2.002826e-008	0.0274902
-2.000326e-008	0.023169
-1.997826e-008	0.0260254
-1.995326e-008	0.0362305
-1.992826e-008	0.0249756
-1.990326e-008	0.0188477
-1.987826e-008	0.027417
-1.985326e-008	0.0185303
-1.982826e-008	0.0217774
-1.980326e-008	0.0283936
-1.977826e-008	0.0240234
-1.975326e-008	0.0216065
-1.972826e-008	0.0191895
-1.970326e-008	0.0245117
-1.967826e-008	0.0222168
-1.965326e-008	0.0235352
-1.962826e-008	0.0282227
-1.960326e-008	0.0177246
-1.957826e-008	0.0248047
-1.955326e-008	0.0333984
-1.952826e-008	0.025415
-1.950326e-008	0.02854
-1.947826e-008	0.0268799
-1.945326e-008	0.027124
-1.942826e-008	0.0328125
-1.940326e-008	0.0183106
-1.937826e-008	0.0205566
-1.935326e-008	0.0296143
-1.932826e-008	0.0147705
-1.930326e-008	0.0167481
-1.927826e-008	0.0288086
-1.925326e-008	0.0327637
-1.922826e-008	0.0361816
-1.920326e-008	0.0318115
-1.917826e-008	0.0253174
-1.915326e-008	0.0199951
-1.912826e-008	0.0203857
-1.910326e-008	0.02146
-1.907826e-008	0.014624
-1.905326e-008	0.0221924
-1.902826e-008	0.0285889
-1.900326e-008	0.013208
-1.897826e-008	0.0180176
-1.895326e-008	0.0287598
-1.892826e-008	0.020874
-1.890326e-008	0.0289795
-1.887826e-008	0.0265869
-1.885326e-008	0.0171143
-1.882826e-008	0.0271729
-1.880326e-008	0.0174072
-1.877826e-008	0.0125732
-1.875326e-008	0.0272461
-1.872826e-008	0.0258301
-1.870326e-008	0.0210693
-1.867826e-008	0.0289063
-1.865326e-008	0.0338867
-1.862826e-008	0.020874
-1.860326e-008	0.011084
-1.857826e-008	0.0116699
-1.855326e-008	0.0200684
-1.852826e-008	0.0340088
-1.850326e-008	0.0253174
-1.847826e-008	0.0146484
-1.845326e-008	0.0207275
-1.842826e-008	0.0215088
-1.840326e-008	0.0210205
-1.837826e-008	0.0301025
-1.835326e-008	0.0371826
-1.832826e-008	0.0272217
-1.830326e-008	0.0247803
-1.827826e-008	0.0293457
-1.825326e-008	0.0107178
-1.822826e-008	0.00407716
-1.820326e-008	0.00808106
-1.817826e-008	0.000659187
-1.815326e-008	0.0189453
-1.812826e-008	0.0369385
-1.810326e-008	0.0285156
-1.807826e-008	0.0184326
-1.805326e-008	0.0202881
-1.802826e-008	0.0372803
-1.800326e-008	0.0243652
-1.797826e-008	0.00463868
-1.795326e-008	0.0207275
-1.792826e-008	0.0225342
-1.790326e-008	0.0152588
-1.787826e-008	0.0189209
-1.785326e-008	0.0232422
-1.782826e-008	0.0276856
-1.780326e-008	0.0307861
-1.777826e-008	0.0298828
-1.775326e-008	0.0198731
-1.772826e-008	0.0252197
-1.770326e-008	0.0382324
-1.767826e-008	0.0338379
-1.765326e-008	0.0161377
-1.762826e-008	0.00322266
-1.760326e-008	0.0150147
-1.757826e-008	0.0214844
-1.755326e-008	0.0229492
-1.752826e-008	0.0304199
-1.750326e-008	0.021875
-1.747826e-008	0.0125732
-1.745326e-008	0.013501
-1.742826e-008	0.0180176
-1.740326e-008	0.012793
-1.737826e-008	0.0148682
-1.735326e-008	0.0339844
-1.732826e-008	0.0266846
-1.730326e-008	0.0109863
-1.727826e-008	0.0238525
-1.725326e-008	0.0343994
-1.722826e-008	0.0246094
-1.720326e-008	0.0206299
-1.717826e-008	0.0260254
-1.715326e-008	0.0256592
-1.712826e-008	0.0231445
-1.710326e-008	0.0187744
-1.707826e-008	0.0145996
-1.705326e-008	0.0198731
-1.702826e-008	0.026709
-1.700326e-008	0.0196045
-1.697826e-008	0.0233399
-1.695326e-008	0.0389893
-1.692826e-008	0.0229248
-1.690326e-008	0.012207
-1.687826e-008	0.023291
-1.685326e-008	0.0208252
-1.682826e-008	0.0217529
-1.680326e-008	0.0202637
-1.677826e-008	0.0131592
-1.675326e-008	0.01875
-1.672826e-008	0.0270264
-1.670326e-008	0.0252686
-1.667826e-008	0.0197022
-1.665326e-008	0.0293945
-1.662826e-008	0.0344971
-1.660326e-008	0.0208008
-1.657826e-008	0.02146
-1.655326e-008	0.03125
-1.652826e-008	0.0275879
-1.650326e-008	0.0216797
-1.647826e-008	0.0172363
-1.645326e-008	0.0156006
-1.642826e-008	0.0271973
-1.640326e-008	0.041626
-1.637826e-008	0.0359863
-1.635326e-008	0.0234375
-1.632826e-008	0.0240479
-1.630326e-008	0.0247315
-1.627826e-008	0.0279053
-1.625326e-008	0.0333252
-1.622826e-008	0.0260742
-1.620326e-008	0.0147949
-1.617826e-008	0.0116455
-1.615326e-008	0.0181397
-1.612826e-008	0.0250977
-1.610326e-008	0.0298584
-1.607826e-008	0.0275147
-1.605326e-008	0.0232178
-1.602826e-008	0.0296631
-1.600326e-008	0.0278076
-1.597826e-008	0.0233154
-1.595326e-008	0.0294434
-1.592826e-008	0.032959
-1.590326e-008	0.0346436
-1.587826e-008	0.0311035
-1.585326e-008	0.0229492
-1.582826e-008	0.0270752
-1.580326e-008	0.0356201
-1.577826e-008	0.0189941
-1.575326e-008	0.00844727
-1.572826e-008	0.0267578
-1.570326e-008	0.0277344
-1.567826e-008	0.0223633
-1.565326e-008	0.023584
-1.562826e-008	0.0218018
-1.560326e-008	0.0267822
-1.557826e-008	0.0220703
-1.555326e-008	0.0126953
-1.552826e-008	0.00654298
-1.550326e-008	0.0151611
-1.547826e-008	0.0260742
-1.545326e-008	0.0127686
-1.542826e-008	0.0167481
-1.540326e-008	0.0282715
-1.537826e-008	0.0243652
-1.535326e-008	0.029419
-1.532826e-008	0.029834
-1.530326e-008	0.0187988
-1.527826e-008	0.0139404
-1.525326e-008	0.0234131
-1.522826e-008	0.0321533
-1.520326e-008	0.0313233
-1.517826e-008	0.0285156
-1.515326e-008	0.0290283
-1.512826e-008	0.0286377
-1.510326e-008	0.0169678
-1.507826e-008	0.0168945
-1.505326e-008	0.0297852
-1.502826e-008	0.0314209
-1.500326e-008	0.0247559
-1.497826e-008	0.0123779
-1.495326e-008	0.0116211
-1.492826e-008	0.0250488
-1.490326e-008	0.0246582
-1.487826e-008	0.0205566
-1.485326e-008	0.0260986
-1.482826e-008	0.0231445
-1.480326e-008	0.0167236
-1.477826e-008	0.0166016
-1.475326e-008	0.0226074
-1.472826e-008	0.0348877
-1.470326e-008	0.0347412
-1.467826e-008	0.0260254
-1.465326e-008	0.0217774
-1.462826e-008	0.0205811
-1.460326e-008	0.0188477
-1.457826e-008	0.0110107
-1.455326e-008	0.019043
-1.452826e-008	0.0363525
-1.450326e-008	0.0320557
-1.447826e-008	0.0210693
-1.445326e-008	0.0275391
-1.442826e-008	0.0370361
-1.440326e-008	0.0263428
-1.437826e-008	0.0166748
-1.435326e-008	0.0122315
-1.432826e-008	0.0104248
-1.430326e-008	0.0233154
-1.427826e-008	0.023584
-1.425326e-008	0.0268311
-1.422826e-008	0.035376
-1.420326e-008	0.0187744
-1.417826e-008	0.0135254
-1.415326e-008	0.022583
-1.412826e-008	0.025708
-1.410326e-008	0.0235596
-1.407826e-008	0.0156006
-1.405326e-008	0.0241943
-1.402826e-008	0.0256348
-1.400326e-008	0.00822755
-1.397826e-008	0.0192139
-1.395326e-008	0.0343994
-1.392826e-008	0.0221191
-1.390326e-008	0.0220215
-1.387826e-008	0.0354981
-1.385326e-008	0.0367188
-1.382826e-008	0.0292725
-1.380326e-008	0.017334
-1.377826e-008	0.0164307
-1.375326e-008	0.0290039
-1.372826e-008	0.0258301
-1.370326e-008	0.0160889
-1.367826e-008	0.0150879
-1.365326e-008	0.0136231
-1.362826e-008	0.0225586
-1.360326e-008	0.0295899
-1.357826e-008	0.0253174
-1.355326e-008	0.0268311
-1.352826e-008	0.0239746
-1.350326e-008	0.016919
-1.347826e-008	0.0161865
-1.345326e-008	0.0242188
-1.342826e-008	0.0285156
-1.340326e-008	0.0197998
-1.337826e-008	0.0214844
-1.335326e-008	0.0234619
-1.332826e-008	0.0198731
-1.330326e-008	0.0227783
-1.327826e-008	0.0206055
-1.325326e-008	0.0280762
-1.322826e-008	0.0344727
-1.320326e-008	0.0219238
-1.317826e-008	0.0196289
-1.315326e-008	0.0215332
-1.312826e-008	0.0164551
-1.310326e-008	0.0233399
-1.307826e-008	0.0241455
-1.305326e-008	0.0225098
-1.302826e-008	0.032666
-1.300326e-008	0.0204346
-1.297826e-008	0.0101074
-1.295326e-008	0.0271729
-1.292826e-008	0.02771
-1.290326e-008	0.00654298
-1.287826e-008	-0.00151366
-1.285326e-008	0.0177979
-1.282826e-008	0.0289551
-1.280326e-008	0.0211182
-1.277826e-008	0.0251953
-1.275326e-008	0.0240234
-1.272826e-008	0.0191895
-1.270326e-008	0.0290527
-1.267826e-008	0.025415
-1.265326e-008	0.0197998
-1.262826e-008	0.0280029
-1.260326e-008	0.0125977
-1.257826e-008	0.00141602
-1.255326e-008	0.0270752
-1.252826e-008	0.0353272
-1.250326e-008	0.0289551
-1.247826e-008	0.0336182
-1.245326e-008	0.0279053
-1.242826e-008	0.020874
-1.240326e-008	0.017627
-1.237826e-008	0.0177979
-1.235326e-008	0.0245606
-1.232826e-008	0.0293457
-1.230326e-008	0.0278565
-1.227826e-008	0.0197266
-1.225326e-008	0.0248047
-1.222826e-008	0.0405029
-1.220326e-008	0.0417236
-1.217826e-008	0.0279297
-1.215326e-008	0.0174561
-1.212826e-008	0.0227295
-1.210326e-008	0.0249024
-1.207826e-008	0.0204102
-1.205326e-008	0.0252686
-1.202826e-008	0.0227783
-1.200326e-008	0.00954591
-1.197826e-008	0.012207
-1.195326e-008	0.0220459
-1.192826e-008	0.0193604
-1.190326e-008	0.0260986
-1.187826e-008	0.0442627
-1.185326e-008	0.0445557
-1.182826e-008	0.0289795
-1.180326e-008	0.0152588
-1.177826e-008	0.0157715
-1.175326e-008	0.024707
-1.172826e-008	0.0222412
-1.170326e-008	0.0217774
-1.167826e-008	0.0282471
-1.165326e-008	0.0299561
-1.162826e-008	0.0299561
-1.160326e-008	0.00954591
-1.157826e-008	-0.0052246
-1.155326e-008	0.0213379
-1.152826e-008	0.0369385
-1.150326e-008	0.0162842
-1.147826e-008	0.00788575
-1.145326e-008	0.0270996
-1.142826e-008	0.0309082
-1.140326e-008	0.0242432
-1.137826e-008	0.0279053
-1.135326e-008	0.0179199
-1.132826e-008	0.0138184
-1.130326e-008	0.0200928
-1.127826e-008	0.0124268
-1.125326e-008	0.0148438
-1.122826e-008	0.0226074
-1.120326e-008	0.0137695
-1.117826e-008	0.0184815
-1.115326e-008	0.0311279
-1.112826e-008	0.0210938
-1.110326e-008	0.0162354
-1.107826e-008	0.0176025
-1.105326e-008	0.0230957
-1.102826e-008	0.0391846
-1.100326e-008	0.0202637
-1.097826e-008	0.00595704
-1.095326e-008	0.0251221
-1.092826e-008	0.0230469
-1.090326e-008	0.0266602
-1.087826e-008	0.0356445
-1.085326e-008	0.0290039
-1.082826e-008	0.0318359
-1.080326e-008	0.0198486
-1.077826e-008	0.0162598
-1.075326e-008	0.0351563
-1.072826e-008	0.0247315
-1.070326e-008	0.0246338
-1.067826e-008	0.0314453
-1.065326e-008	0.0102539
-1.062826e-008	0.0149658
-1.060326e-008	0.0236816
-1.057826e-008	0.0189453
-1.055326e-008	0.0279541
-1.052826e-008	0.0275879
-1.050326e-008	0.0181885
-1.047826e-008	0.0151123
-1.045326e-008	0.0252197
-1.042826e-008	0.0259033
-1.040326e-008	0.0159912
-1.037826e-008	0.0272461
-1.035326e-008	0.0324219
-1.032826e-008	0.025708
-1.030326e-008	0.026416
-1.027826e-008	0.0256592
-1.025326e-008	0.0261475
-1.022826e-008	0.0232178
-1.020326e-008	0.013501
-1.017826e-008	0.0179443
-1.015326e-008	0.0297119
-1.012826e-008	0.027417
-1.010326e-008	0.0282471
-1.007826e-008	0.0283691
-1.005326e-008	0.0236084
-1.002826e-008	0.0259522
-1.000326e-008	0.0256836
-9.978262e-009	0.0290283
-9.953262e-009	0.023584
-9.928262e-009	0.0164551
-9.903262e-009	0.0258545
-9.878262e-009	0.0206055
-9.853262e-009	0.0218506
-9.828262e-009	0.0387451
-9.803262e-009	0.0197998
-9.778262e-009	-0.00102538
-9.753262e-009	0.0167236
-9.728262e-009	0.0244141
-9.703262e-009	0.0229981
-9.678262e-009	0.0281983
-9.653262e-009	0.0245606
-9.628262e-009	0.0323242
-9.603262e-009	0.0302979
-9.578262e-009	0.0212158
-9.553262e-009	0.032666
-9.528262e-009	0.0394043
-9.503262e-009	0.0446045
-9.478262e-009	0.027832
-9.453262e-009	0.00986329
-9.428262e-009	0.0236328
-9.403262e-009	0.0146484
-9.378262e-009	0.0107422
-9.353262e-009	0.0198242
-9.328262e-009	0.010669
-9.303262e-009	0.0219971
-9.278262e-009	0.0306397
-9.253262e-009	0.0225342
-9.228262e-009	0.0193359
-9.203262e-009	0.0140137
-9.178262e-009	0.0180176
-9.153262e-009	0.0269531
-9.128262e-009	0.02854
-9.103262e-009	0.0227051
-9.078262e-009	0.0171631
-9.053262e-009	0.0314453
-9.028262e-009	0.0473145
-9.003262e-009	0.0334961
-8.978262e-009	0.0203857
-8.953262e-009	0.0289551
-8.928262e-009	0.0280274
-8.903262e-009	0.0164551
-8.878262e-009	0.00998536
-8.853262e-009	0.0185303
-8.828262e-009	0.0351318
-8.803262e-009	0.0300293
-8.778262e-009	0.0161865
-8.753262e-009	0.0193604
-8.728262e-009	0.0234131
-8.703262e-009	0.0109619
-8.678262e-009	0.00749512
-8.653262e-009	0.024707
-8.628262e-009	0.0320313
-8.603262e-009	0.0228272
-8.578262e-009	0.0153076
-8.553262e-009	0.0199219
-8.528262e-009	0.0243164
-8.503262e-009	0.0184326
-8.478262e-009	0.0172119
-8.453262e-009	0.0253174
-8.428262e-009	0.0248535
-8.403262e-009	0.0123535
-8.378262e-009	0.0135742
-8.353262e-009	0.0251465
-8.328262e-009	0.0274902
-8.303262e-009	0.0281006
-8.278262e-009	0.0234375
-8.253262e-009	0.0187012
-8.228262e-009	0.0278565
-8.203262e-009	0.0336914
-8.178262e-009	0.0338379
-8.153262e-009	0.026001
-8.128262e-009	0.00544434
-8.103262e-009	0.0134277
-8.078262e-009	0.0335205
-8.053262e-009	0.0233887
-8.028262e-009	0.0194824
-8.003262e-009	0.0221924
-7.978262e-009	0.0175293
-7.953262e-009	0.0288818
-7.928262e-009	0.036792
-7.903262e-009	0.0234375
-7.878262e-009	0.0133301
-7.853262e-009	0.0274414
-7.828262e-009	0.0355225
-7.803262e-009	0.0166748
-7.778262e-009	0.0144531
-7.753262e-009	0.0254883
-7.728262e-009	0.0235107
-7.703262e-009	0.0298584
-7.678262e-009	0.032544
-7.653262e-009	0.0246094
-7.628262e-009	0.0292725
-7.603262e-009	0.0241211
-7.578262e-009	0.0125488
-7.553262e-009	0.0184815
-7.528262e-009	0.0210449
-7.503262e-009	0.0267578
-7.478262e-009	0.0293945
-7.453262e-009	0.0187988
-7.428262e-009	0.0268555
-7.403262e-009	0.03479
-7.378262e-009	0.0285156
-7.353262e-009	0.023169
-7.328262e-009	0.0187988
-7.303262e-009	0.0223633
-7.278262e-009	0.0257568
-7.253262e-009	0.0294922
-7.228262e-009	0.0283447
-7.203262e-009	0.0202149
-7.178262e-009	0.0212158
-7.153262e-009	0.0171143
-7.128262e-009	0.0179688
-7.103262e-009	0.0264649
-7.078262e-009	0.0202637
-7.053262e-009	0.0276367
-7.028262e-009	0.0353516
-7.003262e-009	0.0151367
-6.978262e-009	0.0124024
-6.953262e-009	0.0227539
-6.928262e-009	0.0229492
-6.903262e-009	0.0313965
-6.878262e-009	0.0303223
-6.853262e-009	0.0167969
-6.828262e-009	0.0110596
-6.803262e-009	0.0139893
-6.778262e-009	0.0228272
-6.753262e-009	0.0239258
-6.728262e-009	0.013794
-6.703262e-009	0.0139404
-6.678262e-009	0.0211914
-6.653262e-009	0.0188965
-6.628262e-009	0.0260986
-6.603262e-009	0.0218994
-6.578262e-009	0.00544434
-6.553262e-009	0.0227539
-6.528262e-009	0.033252
-6.503262e-009	0.0229981
-6.478262e-009	0.0148926
-6.453262e-009	0.011792
-6.428262e-009	0.0318848
-6.403262e-009	0.0379883
-6.378262e-009	0.0289063
-6.353262e-009	0.0237305
-6.328262e-009	0.0126953
-6.303262e-009	0.0281494
-6.278262e-009	0.0380371
-6.253262e-009	0.0260254
-6.228262e-009	0.023291
-6.203262e-009	0.0104004
-6.178262e-009	0.0135742
-6.153262e-009	0.0289063
-6.128262e-009	0.0218994
-6.103262e-009	0.0241943
-6.078262e-009	0.0272705
-6.053262e-009	0.0216065
-6.028262e-009	0.0221924
-6.003262e-009	0.0140625
-5.978262e-009	0.0217285
-5.953262e-009	0.0386231
-5.928262e-009	0.0249512
-5.903262e-009	0.0214844
-5.878262e-009	0.0277344
-5.853262e-009	0.0220703
-5.828262e-009	0.0346924
-5.803262e-009	0.0333252
-5.778262e-009	0.0145508
-5.753262e-009	0.0210205
-5.728262e-009	0.0265869
-5.703262e-009	0.025293
-5.678262e-009	0.0262695
-5.653262e-009	0.017041
-5.628262e-009	0.0208252
-5.603262e-009	0.0221436
-5.578262e-009	0.0162598
-5.553262e-009	0.0306641
-5.528262e-009	0.02229
-5.503262e-009	0.0147949
-5.478262e-009	0.029126
-5.453262e-009	0.0173096
-5.428262e-009	0.0208252
-5.403262e-009	0.0313233
-5.378262e-009	0.0203125
-5.353262e-009	0.0239014
-5.328262e-009	0.0268555
-5.303262e-009	0.0292236
-5.278262e-009	0.028418
-5.253262e-009	0.0197022
-5.228262e-009	0.0289307
-5.203262e-009	0.0241455
-5.178262e-009	0.0124268
-5.153262e-009	0.0216065
-5.128262e-009	0.0132324
-5.103262e-009	0.0129639
-5.078262e-009	0.0351318
-5.053262e-009	0.0368897
-5.028262e-009	0.0350342
-5.003262e-009	0.0303223
-4.978262e-009	0.019458
-4.953262e-009	0.0196045
-4.928262e-009	0.0232666
-4.903262e-009	0.0335205
-4.878262e-009	0.032666
-4.853262e-009	0.0219482
-4.828262e-009	0.0274414
-4.803262e-009	0.0322022
-4.778262e-009	0.0288086
-4.753262e-009	0.0253906
-4.728262e-009	0.0232666
-4.703262e-009	0.0265381
-4.678262e-009	0.0287842
-4.653262e-009	0.0286865
-4.628262e-009	0.0327149
-4.603262e-009	0.0318604
-4.578262e-009	0.0258301
-4.553262e-009	0.020752
-4.528262e-009	0.0180176
-4.503262e-009	0.0251465
-4.478262e-009	0.0306885
-4.453262e-009	0.0335449
-4.428262e-009	0.0282227
-4.403262e-009	0.017041
-4.378262e-009	0.0268066
-4.353262e-009	0.0253418
-4.328262e-009	0.0165772
-4.303262e-009	0.0246826
-4.278262e-009	0.023291
-4.253262e-009	0.0326172
-4.228262e-009	0.033374
-4.203262e-009	0.00732423
-4.178262e-009	0.0106201
-4.153262e-009	0.0303467
-4.128262e-009	0.0288086
-4.103262e-009	0.0224121
-4.078262e-009	0.0185791
-4.053262e-009	0.0213867
-4.028262e-009	0.0381592
-4.003262e-009	0.0323731
-3.978262e-009	0.011792
-3.953262e-009	0.0165527
-3.928262e-009	0.0238037
-3.903262e-009	0.0318115
-3.878262e-009	0.0349365
-3.853262e-009	0.0291504
-3.828262e-009	0.0276611
-3.803262e-009	0.0097168
-3.778262e-009	0.0114502
-3.753262e-009	0.0283691
-3.728262e-009	0.0200928
-3.703262e-009	0.026416
-3.678262e-009	0.0301514
-3.653262e-009	0.019043
-3.628262e-009	0.0216797
-3.603262e-009	0.0185303
-3.578262e-009	0.019458
-3.553262e-009	0.0198975
-3.528262e-009	0.0101318
-3.503262e-009	0.0180176
-3.478262e-009	0.0230225
-3.453262e-009	0.0249756
-3.428262e-009	0.03125
-3.403262e-009	0.0140625
-3.378262e-009	0.0107422
-3.353262e-009	0.0278076
-3.328262e-009	0.0210205
-3.303262e-009	0.0186524
-3.278262e-009	0.0236816
-3.253262e-009	0.0200684
-3.228262e-009	0.0261963
-3.203262e-009	0.0214844
-3.178262e-009	0.0130615
-3.153262e-009	0.0173584
-3.128262e-009	0.0194824
-3.103262e-009	0.0262695
-3.078262e-009	0.0285645
-3.053262e-009	0.0262207
-3.028262e-009	0.0233887
-3.003262e-009	0.0192627
-2.978262e-009	0.0249756
-2.953262e-009	0.0235107
-2.928262e-009	0.0239258
-2.903262e-009	0.0273438
-2.878262e-009	0.0191406
-2.853262e-009	0.0310059
-2.828262e-009	0.0405274
-2.803262e-009	0.0272949
-2.778262e-009	0.0217774
-2.753262e-009	0.0163818
-2.728262e-009	0.0177246
-2.703262e-009	0.0231201
-2.678262e-009	0.0151856
-2.653262e-009	0.0220459
-2.628262e-009	0.0318604
-2.603262e-009	0.02146
-2.578262e-009	0.0181397
-2.553262e-009	0.0219971
-2.528262e-009	0.0250977
-2.503262e-009	0.0275635
-2.478262e-009	0.0184815
-2.453262e-009	0.021875
-2.428262e-009	0.0293701
-2.403262e-009	0.0179443
-2.378262e-009	0.0165039
-2.353262e-009	0.0172607
-2.328262e-009	0.0167481
-2.303262e-009	0.0302979
-2.278262e-009	0.028418
-2.253262e-009	0.0228027
-2.228262e-009	0.0375488
-2.203262e-009	0.0362793
-2.178262e-009	0.0224121
-2.153262e-009	0.0186768
-2.128262e-009	0.0120361
-2.103262e-009	0.0119873
-2.078262e-009	0.0126953
-2.053262e-009	0.0203613
-2.028262e-009	0.0373779
-2.003262e-009	0.0249512
-1.978262e-009	0.0189941
-1.953262e-009	0.0263916
-1.928262e-009	0.0123047
-1.903262e-009	0.0176025
-1.878262e-009	0.0296143
-1.853262e-009	0.0216553
-1.828262e-009	0.0214844
-1.803262e-009	0.0164551
-1.778262e-009	0.00493165
-1.753262e-009	0.0150391
-1.728262e-009	0.0266113
-1.703262e-009	0.0122315
-1.678262e-009	0.00461427
-1.653262e-009	0.0217529
-1.628262e-009	0.0221191
-1.603262e-009	0.0119873
-1.578262e-009	0.0224609
-1.553262e-009	0.0280518
-1.528262e-009	0.0253906
-1.503262e-009	0.0351807
-1.478262e-009	0.0395508
-1.453262e-009	0.0315918
-1.428262e-009	0.0255615
-1.403262e-009	0.0261475
-1.378262e-009	0.0306885
-1.353262e-009	0.0266113
-1.328262e-009	0.0228272
-1.303262e-009	0.0287109
-1.278262e-009	0.0243652
-1.253262e-009	0.0262207
-1.228262e-009	0.0364014
-1.203262e-009	0.0256836
-1.178262e-009	0.0199951
-1.153262e-009	0.0223389
-1.128262e-009	0.0181885
-1.103262e-009	0.0236572
-1.078262e-009	0.0255615
-1.053262e-009	0.0274414
-1.028262e-009	0.0327149
-1.003262e-009	0.0212158
-9.782621e-010	0.0163818
-9.532621e-010	0.0298584
-9.282621e-010	0.0293457
-9.032621e-010	0.0153565
-8.782621e-010	0.0215576
-8.532621e-010	0.0328613
-8.282621e-010	0.0195068
-8.032621e-010	0.00886231
-7.782621e-010	0.018457
-7.532621e-010	0.029541
-7.282621e-010	0.0246094
-7.032621e-010	0.0178223
-6.782621e-010	0.0314453
-6.532621e-010	0.0428223
-6.282621e-010	0.030835
-6.032621e-010	0.010791
-5.782621e-010	0.0124512
-5.532621e-010	0.0230713
-5.282621e-010	0.0139404
-5.032621e-010	0.0102295
-4.782621e-010	0.0153809
-4.532621e-010	0.0219971
-4.282621e-010	0.0301758
-4.032621e-010	0.021875
-3.782621e-010	0.0112061
-3.532621e-010	0.0123535
-3.282621e-010	0.0206787
-3.032621e-010	0.0113037
-2.782621e-010	-0.0184082
-2.532621e-010	-0.0258301
-2.282621e-010	-0.0293701
-2.032621e-010	-0.0451904
-1.782621e-010	-0.0411377
-1.532621e-010	-0.0503662
-1.282621e-010	-0.0924316
-1.032621e-010	-0.125171
-7.826206e-011	-0.143604
-5.326206e-011	-0.15564
-2.826206e-011	-0.18584
-3.262061e-012	-0.243652
2.173794e-011	-0.269971
4.673794e-011	-0.271606
7.173794e-011	-0.300659
9.673794e-011	-0.345923
1.217379e-010	-0.37478
1.467379e-010	-0.389038
1.717379e-010	-0.417139
1.967379e-010	-0.445947
2.217379e-010	-0.45752
2.467379e-010	-0.466187
2.717379e-010	-0.475195
2.967379e-010	-0.474829
3.217379e-010	-0.467651
3.467379e-010	-0.472778
3.717379e-010	-0.475537
3.967379e-010	-0.467944
4.217379e-010	-0.46311
4.467379e-010	-0.450903
4.717379e-010	-0.428101
4.967379e-010	-0.397583
5.217379e-010	-0.368799
5.467379e-010	-0.335913
5.717379e-010	-0.311328
5.967379e-010	-0.296069
6.217379e-010	-0.262085
6.467379e-010	-0.239453
6.717379e-010	-0.215869
6.967379e-010	-0.187036
7.217379e-010	-0.1771
7.467379e-010	-0.145605
7.717379e-010	-0.117383
7.967379e-010	-0.112695
8.217379e-010	-0.0979492
8.467379e-010	-0.0846924
8.717379e-010	-0.073999
8.967379e-010	-0.0427734
9.217379e-010	-0.0103516
9.467379e-010	-0.0103271
9.717379e-010	-0.0185547
9.967379e-010	-0.011084
1.021738e-009	0.00319825
1.046738e-009	0.0179688
1.071738e-009	0.0251953
1.096738e-009	0.0223389
1.121738e-009	0.0233887
1.146738e-009	0.0363525
1.171738e-009	0.0378174
1.196738e-009	0.0306641
1.221738e-009	0.0337158
1.246738e-009	0.0454346
1.271738e-009	0.0571289
1.296738e-009	0.0498291
1.321738e-009	0.045166
1.346738e-009	0.0515381
1.371738e-009	0.0447266
1.396738e-009	0.0378174
1.421738e-009	0.0359619
1.446738e-009	0.0341309
1.471738e-009	0.0385254
1.496738e-009	0.0365723
1.521738e-009	0.0227051
1.546738e-009	0.0283447
1.571738e-009	0.0414063
1.596738e-009	0.0206787
1.621738e-009	0.00876466
1.646738e-009	0.0171143
1.671738e-009	-0.000610344
1.696738e-009	-0.00893554
1.721738e-009	0.00319825
1.746738e-009	0.000634773
1.771738e-009	0.0058838
1.796738e-009	0.00976563
1.821738e-009	-0.00451659
1.846738e-009	-2.44066e-005
1.871738e-009	0.0105957
1.896738e-009	0.00690919
1.921738e-009	0.0124024
1.946738e-009	0.0105225
1.971738e-009	-0.00224609
1.996738e-009	-0.00544433
2.021738e-009	0.00305177
2.046738e-009	0.0200195
2.071738e-009	0.00708009
2.096738e-009	-0.00659179
2.121738e-009	0.0088379
2.146738e-009	0.00402833
2.171738e-009	0.00871583
2.196738e-009	0.0197998
2.221738e-009	0.00717774
2.246738e-009	0.0121582
2.271738e-009	0.0225342
2.296738e-009	0.024292
2.321738e-009	0.0248291
2.346738e-009	0.0302002
2.371738e-009	0.0442139
2.396738e-009	0.0304932
2.421738e-009	0.0118652
2.446738e-009	0.0233643
2.471738e-009	0.026416
2.496738e-009	0.0258057
2.521738e-009	0.0343018
2.546738e-009	0.0314941
2.571738e-009	0.0378174
2.596738e-009	0.0452149
2.621738e-009	0.0345947
2.646738e-009	0.0282959
2.671738e-009	0.0224365
2.696738e-009	0.022168
2.721738e-009	0.0339844
2.746738e-009	0.0362793
2.771738e-009	0.0353027
2.796738e-009	0.0301025
2.821738e-009	0.0180908
2.846738e-009	0.020166
2.871738e-009	0.019458
2.896738e-009	0.0153565
2.921738e-009	0.0221436
2.946738e-009	0.0101563
2.971738e-009	0.00480958
2.996738e-009	0.0231934
3.021738e-009	0.0258301
3.046738e-009	0.0217285
3.071738e-009	0.0230713
3.096738e-009	0.0300293
3.121738e-009	0.0234619
3.146738e-009	0.00512696
3.171738e-009	0.0177002
3.196738e-009	0.0265625
3.221738e-009	0.0171143
3.246738e-009	0.0249268
3.271738e-009	0.0273438
3.296738e-009	0.021875
3.321738e-009	0.0291504
3.346738e-009	0.0367432
3.371738e-009	0.0315186
3.396738e-009	0.0249512
3.421738e-009	0.0287354
3.446738e-009	0.0333496
3.471738e-009	0.0343018
3.496738e-009	0.0306641
3.521738e-009	0.0219727
3.546738e-009	0.0266846
3.571738e-009	0.0314697
3.596738e-009	0.0132568
3.621738e-009	0.0090088
3.646738e-009	0.0194824
3.671738e-009	0.0230469
3.696738e-009	0.0277832
3.721738e-009	0.0126221
3.746738e-009	0.00715333
3.771738e-009	0.0153076
3.796738e-009	0.00539552
3.821738e-009	0.0150635
3.846738e-009	0.00458985
3.871738e-009	-0.0179199
3.896738e-009	0.00644532
3.921738e-009	0.0115479
3.946738e-009	0.0081543
3.971738e-009	0.0181152
3.996738e-009	0.0034668
4.021738e-009	-0.00117187
4.046738e-009	0.00478516
4.071738e-009	0.00839845
4.096738e-009	0.0113525
4.121738e-009	0.00104981
4.146738e-009	0.00112305
4.171738e-009	0.0050293
4.196738e-009	0.00688477
4.221738e-009	0.0191406
4.246738e-009	0.023291
4.271738e-009	0.0265381
4.296738e-009	0.0260742
4.321738e-009	0.0136963
4.346738e-009	0.0208252
4.371738e-009	0.0426514
4.396738e-009	0.0368897
4.421738e-009	0.0223633
4.446738e-009	0.0412842
4.471738e-009	0.0500244
4.496738e-009	0.0344483
4.521738e-009	0.0373291
4.546738e-009	0.0418945
4.571738e-009	0.0443848
4.596738e-009	0.0443359
4.621738e-009	0.0261475
4.646738e-009	0.0250244
4.671738e-009	0.0399902
4.696738e-009	0.0368652
4.721738e-009	0.0337891
4.746738e-009	0.0445801
4.771738e-009	0.04375
4.796738e-009	0.0281494
4.821738e-009	0.0216309
4.846738e-009	0.0263428
4.871738e-009	0.0275635
4.896738e-009	0.0219727
4.921738e-009	0.0122559
4.946738e-009	-0.00437011
4.971738e-009	-0.00605468
4.996738e-009	0.0152832
5.021738e-009	0.0218506
5.046738e-009	0.0136719
5.071738e-009	0.0110596
5.096738e-009	0.00590821
5.121738e-009	-0.00124511
5.146738e-009	-0.0012207
5.171738e-009	-0.00524902
5.196738e-009	-0.0100098
5.221738e-009	0.00859376
5.246738e-009	0.0179932
5.271738e-009	0.00786134
5.296738e-009	0.00864259
5.321738e-009	0.00749512
5.346738e-009	0.018457
5.371738e-009	0.0324463
5.396738e-009	0.0181885
5.421738e-009	0.0165039
5.446738e-009	0.0310791
5.471738e-009	0.0210205
5.496738e-009	0.00808106
5.521738e-009	0.0164551
5.546738e-009	0.0268799
5.571738e-009	0.0331543
5.596738e-009	0.0289551
5.621738e-009	0.0170899
5.646738e-009	0.0198242
5.671738e-009	0.0280518
5.696738e-009	0.0248779
5.721738e-009	0.0199951
5.746738e-009	0.032959
5.771738e-009	0.0394043
5.796738e-009	0.0192627
5.821738e-009	0.02229
5.846738e-009	0.0416748
5.871738e-009	0.033667
5.896738e-009	0.0244141
5.921738e-009	0.024292
5.946738e-009	0.0277344
5.971738e-009	0.0411133
5.996738e-009	0.0425049
6.021738e-009	0.0370117
6.046738e-009	0.0449463
6.071738e-009	0.0461914
6.096738e-009	0.0314209
6.121738e-009	0.0180176
6.146738e-009	0.019043
6.171738e-009	0.0261719
6.196738e-009	0.0255127
6.221738e-009	0.0203857
6.246738e-009	0.0173828
6.271738e-009	0.0172852
6.296738e-009	0.0191406
6.321738e-009	0.0256348
6.346738e-009	0.0297363
6.371738e-009	0.0148926
6.396738e-009	0.00173341
6.421738e-009	0.0153076
6.446738e-009	0.0241699
6.471738e-009	0.0180664
6.496738e-009	0.0220947
6.521738e-009	0.0163574
6.546738e-009	0.0097168
6.571738e-009	0.0202637
6.596738e-009	0.0136963
6.621738e-009	0.00144044
6.646738e-009	0.00290528
6.671738e-009	0.0101318
6.696738e-009	0.0196289
6.721738e-009	0.0205566
6.746738e-009	0.0228516
6.771738e-009	0.016333
6.796738e-009	-0.00861816
6.821738e-009	-0.00058593
6.846738e-009	0.028418
6.871738e-009	0.0138916
6.896738e-009	-0.000708
6.921738e-009	0.0172852
6.946738e-009	0.0284424
6.971738e-009	0.0323975
6.996738e-009	0.0207764
7.021738e-009	0.0125732
7.046738e-009	0.0307373
7.071738e-009	0.031543
7.096738e-009	0.0259766
7.121738e-009	0.0342774
7.146738e-009	0.0387451
7.171738e-009	0.0413574
7.196738e-009	0.0306641
7.221738e-009	0.01875
7.246738e-009	0.0227539
7.271738e-009	0.024585
7.296738e-009	0.0280762
7.321738e-009	0.0270996
7.346738e-009	0.022876
7.371738e-009	0.0268311
7.396738e-009	0.0123047
7.421738e-009	0.00720216
7.446738e-009	0.0264649
7.471738e-009	0.0251953
7.496738e-009	0.0174316
7.521738e-009	0.0125732
7.546738e-009	0.0155274
7.571738e-009	0.0357422
7.596738e-009	0.03396
7.621738e-009	0.0195801
7.646738e-009	0.0185547
7.671738e-009	0.00888673
7.696738e-009	0.00422364
7.721738e-009	0.0200195
7.746738e-009	0.0281738
7.771738e-009	0.0263428
7.796738e-009	0.0226074
7.821738e-009	0.0197754
7.846738e-009	0.030249
7.871738e-009	0.0323242
7.896738e-009	0.0226318
7.921738e-009	0.0214356
7.946738e-009	0.0212891
7.971738e-009	0.0206299
7.996738e-009	0.0145752
8.021738e-009	0.0173584
8.046738e-009	0.0352295
8.071738e-009	0.0352295
8.096738e-009	0.0228272
8.121738e-009	0.0164795
8.146738e-009	0.0231934
8.171738e-009	0.0284668
8.196738e-009	0.0188721
8.221738e-009	0.0251221
8.246738e-009	0.0285156
8.271738e-009	0.0188232
8.296738e-009	0.0266113
8.321738e-009	0.0206543
8.346738e-009	0.0121338
8.371738e-009	0.0270264
8.396738e-009	0.02146
8.421738e-009	0.00378419
8.446738e-009	0.00898438
8.471738e-009	0.0230957
8.496738e-009	0.0175537
8.521738e-009	0.0022461
8.546738e-009	0.0204346
8.571738e-009	0.0326172
8.596738e-009	-0.00390624
8.621738e-009	-0.0105469
8.646738e-009	0.0183594
8.671738e-009	0.0149658
8.696738e-009	0.0135986
8.721738e-009	0.00905762
8.746738e-009	-0.00424804
8.771738e-009	0.0166016
8.796738e-009	0.0158203
8.821738e-009	0.0105713
8.846738e-009	0.0258057
8.871738e-009	0.0149414
8.896738e-009	0.0179688
8.921738e-009	0.0237305
8.946738e-009	0.021582
8.971738e-009	0.0316162
8.996738e-009	0.0181885
9.021738e-009	0.0162354
9.046738e-009	0.0332275
9.071738e-009	0.0247315
9.096738e-009	0.0279053
9.121738e-009	0.0362305
9.146738e-009	0.0163574
9.171738e-009	0.0216797
9.196738e-009	0.0430908
9.221738e-009	0.0418213
9.246738e-009	0.0373291
9.271738e-009	0.0268311
9.296738e-009	0.0255859
9.321738e-009	0.0268799
9.346738e-009	0.0216797
9.371738e-009	0.0331055
9.396738e-009	0.0306397
9.421738e-009	0.0195801
9.446738e-009	0.0243652
9.471738e-009	0.025415
9.496738e-009	0.0212647
9.521738e-009	0.0200195
9.546738e-009	0.0217774
9.571738e-009	0.0184815
9.596738e-009	0.0101318
9.621738e-009	0.00954591
9.646738e-009	0.019458
9.671738e-009	0.0206055
9.696738e-009	0.0161133
9.721738e-009	0.0220215
9.746738e-009	0.0205811
9.771738e-009	0.0183594
9.796738e-009	0.0124512
9.821738e-009	-0.000146477
9.846738e-009	0.00944825
9.871738e-009	0.0178955
9.896738e-009	0.0262695
9.921738e-009	0.0378662
9.946738e-009	0.011084
9.971738e-009	-0.00312499
9.996738e-009	0.0173828
1.002174e-008	0.0244141
1.004674e-008	0.0289551
1.007174e-008	0.0231445
1.009674e-008	0.016626
1.012174e-008	0.0276856
1.014674e-008	0.025293
1.017174e-008	0.0237305
1.019674e-008	0.0201172
1.022174e-008	0.0175537
1.024674e-008	0.039917
1.027174e-008	0.0311768
1.029674e-008	0.0102295
1.032174e-008	0.0295166
1.034674e-008	0.0447022
1.037174e-008	0.0457275
1.039674e-008	0.0359619
1.042174e-008	0.0248535
1.044674e-008	0.0401123
1.047174e-008	0.0414795
1.049674e-008	0.0172607
1.052174e-008	0.00891114
1.054674e-008	0.0274658
1.057174e-008	0.0408936
1.059674e-008	0.020166
1.062174e-008	0.0139893
1.064674e-008	0.02854
1.067174e-008	0.023999
1.069674e-008	0.0286377
1.072174e-008	0.0291992
1.074674e-008	0.024585
1.077174e-008	0.0354004
1.079674e-008	0.0226318
1.082174e-008	0.0133301
1.084674e-008	0.0208496
1.087174e-008	0.017334
1.089674e-008	0.0288818
1.092174e-008	0.0310791
1.094674e-008	0.0113525
1.097174e-008	0.0129395
1.099674e-008	0.0165772
1.102174e-008	0.0153076
1.104674e-008	0.023291
1.107174e-008	0.0115723
1.109674e-008	0.0111572
1.112174e-008	0.0272461
1.114674e-008	0.0103272
1.117174e-008	-0.00153808
1.119674e-008	-0.0053955
1.122174e-008	-0.00681152
1.124674e-008	0.0144775
1.127174e-008	0.0155029
1.129674e-008	0.013916
1.132174e-008	0.0156494
1.134674e-008	0.00478516
1.137174e-008	0.0154297
1.139674e-008	0.020044
1.142174e-008	0.0143066
1.144674e-008	0.0206055
1.147174e-008	0.0194824
1.149674e-008	0.0232422
1.152174e-008	0.02771
1.154674e-008	0.0140137
1.157174e-008	0.00837403
1.159674e-008	0.00947266
1.162174e-008	0.0067627
1.164674e-008	0.0143799
1.167174e-008	0.0143799
1.169674e-008	0.00920411
1.172174e-008	0.008667
1.174674e-008	0.00231934
1.177174e-008	0.00595704
1.179674e-008	0.0118652
1.182174e-008	0.0136963
1.184674e-008	0.0220703
1.187174e-008	0.0239258
1.189674e-008	0.0140869
1.192174e-008	0.00915528
1.194674e-008	0.0202393
1.197174e-008	0.0238037
1.199674e-008	0.0141357
1.202174e-008	0.0174316
1.204674e-008	0.0204102
1.207174e-008	0.0138184
1.209674e-008	0.0214844
1.212174e-008	0.027832
1.214674e-008	0.0192383
1.217174e-008	0.0182617
1.219674e-008	0.0196045
1.222174e-008	0.0209717
1.224674e-008	0.0280518
1.227174e-008	0.0283447
1.229674e-008	0.026001
1.232174e-008	0.03125
1.234674e-008	0.032666
1.237174e-008	0.0214111
1.239674e-008	0.0313233
1.242174e-008	0.0500733
1.244674e-008	0.0400391
1.247174e-008	0.0377686
1.249674e-008	0.0464356
1.252174e-008	0.0554443
1.254674e-008	0.0615723
1.257174e-008	0.0421143
1.259674e-008	0.0200195
1.262174e-008	0.0105225
1.264674e-008	0.0179932
1.267174e-008	0.036377
1.269674e-008	0.0376221
1.272174e-008	0.0236816
1.274674e-008	0.0186279
1.277174e-008	0.0266846
1.279674e-008	0.0250733
1.282174e-008	0.0258057
1.284674e-008	0.028833
1.287174e-008	0.0201416
1.289674e-008	0.0116699
1.292174e-008	0.000512703
1.294674e-008	0.0140869
1.297174e-008	0.031543
1.299674e-008	0.015918
1.302174e-008	0.016626
1.304674e-008	0.0320557
1.307174e-008	0.0257324
1.309674e-008	0.0136231
1.312174e-008	0.0144043
1.314674e-008	0.0237793
1.317174e-008	0.0335205
1.319674e-008	0.0348633
1.322174e-008	0.0268799
1.324674e-008	0.0204346
1.327174e-008	0.0193848
1.329674e-008	0.0255371
1.332174e-008	0.0241943
1.334674e-008	0.018457
1.337174e-008	0.0239258
1.339674e-008	0.0249268
1.342174e-008	0.0242676
1.344674e-008	0.0224365
1.347174e-008	0.0226074
1.349674e-008	0.0310059
1.352174e-008	0.0262695
1.354674e-008	0.025708
1.357174e-008	0.0424561
1.359674e-008	0.0424561
1.362174e-008	0.0300293
1.364674e-008	0.0317383
1.367174e-008	0.0338379
1.369674e-008	0.0314697
1.372174e-008	0.0338623
1.374674e-008	0.0290283
1.377174e-008	0.0246094
1.379674e-008	0.0269531
1.382174e-008	0.0276611
1.384674e-008	0.028125
1.387174e-008	0.0269531
1.389674e-008	0.0308594
1.392174e-008	0.033667
1.394674e-008	0.0283691
1.397174e-008	0.0326904
1.399674e-008	0.0290039
1.402174e-008	0.0158691
1.404674e-008	0.0226074
1.407174e-008	0.0151123
1.409674e-008	0.00747071
1.412174e-008	0.0259277
1.414674e-008	0.018335
1.417174e-008	0.0144531
1.419674e-008	0.0338623
1.422174e-008	0.0272949
1.424674e-008	0.00913087
1.427174e-008	0.00170899
1.429674e-008	0.0121338
1.432174e-008	0.0226807
1.434674e-008	0.0225342
1.437174e-008	0.028125
1.439674e-008	0.0172119
1.442174e-008	0.0142822
1.444674e-008	0.0331055
1.447174e-008	0.0159668
1.449674e-008	-0.000561516
1.452174e-008	0.0183594
1.454674e-008	0.0217774
1.457174e-008	0.0277344
1.459674e-008	0.0395508
1.462174e-008	0.022876
1.464674e-008	0.02229
1.467174e-008	0.0247803
1.469674e-008	0.0105957
1.472174e-008	0.022583
1.474674e-008	0.0293457
1.477174e-008	0.0234375
1.479674e-008	0.0224121
1.482174e-008	0.0174072
1.484674e-008	0.0237061
1.487174e-008	0.0311035
1.489674e-008	0.0342774
1.492174e-008	0.036377
1.494674e-008	0.0382813
1.497174e-008	0.034082
1.499674e-008	0.0178955
1.502174e-008	0.0240723
1.504674e-008	0.0364014
1.507174e-008	0.0256836
1.509674e-008	0.0216065
1.512174e-008	0.0270508
1.514674e-008	0.0326904
1.517174e-008	0.0327149
1.519674e-008	0.0172363
1.522174e-008	0.0106445
1.524674e-008	0.0155274
1.527174e-008	0.0100098
1.529674e-008	0.0175781
1.532174e-008	0.0325195
1.534674e-008	0.0235107
1.537174e-008	0.0158936
1.539674e-008	0.0192627
1.542174e-008	0.0151856
1.544674e-008	0.00827637
1.547174e-008	0.0076172
1.549674e-008	0.0172363
1.552174e-008	0.015332
1.554674e-008	0.00712891
1.557174e-008	0.0216553
1.559674e-008	0.0166992
1.562174e-008	0.000488289
1.564674e-008	0.0105469
1.567174e-008	0.0153809
1.569674e-008	0.017334
1.572174e-008	0.016919
1.574674e-008	0.0249268
1.577174e-008	0.0345703
1.579674e-008	0.0121826
1.582174e-008	0.01521
1.584674e-008	0.0291016
1.587174e-008	0.0147705
1.589674e-008	0.017627
1.592174e-008	0.0114258
1.594674e-008	0.00979005
1.597174e-008	0.0373535
1.599674e-008	0.027832
1.602174e-008	0.0101563
1.604674e-008	0.0211914
1.607174e-008	0.0293457
1.609674e-008	0.0379639
1.612174e-008	0.0323975
1.614674e-008	0.0199707
1.617174e-008	0.0232666
1.619674e-008	0.0235352
1.622174e-008	0.0298584
1.624674e-008	0.0258301
1.627174e-008	0.011499
1.629674e-008	0.0276611
1.632174e-008	0.0357422
1.634674e-008	0.0292481
1.637174e-008	0.0300049
1.639674e-008	0.0166992
1.642174e-008	0.0169434
1.644674e-008	0.0253174
1.647174e-008	0.0134766
1.649674e-008	0.00876466
1.652174e-008	0.0174561
1.654674e-008	0.0296631
1.657174e-008	0.0339356
1.659674e-008	0.0245117
1.662174e-008	0.0202393
1.664674e-008	0.024585
1.667174e-008	0.0279541
1.669674e-008	0.0272217
1.672174e-008	0.0206543
1.674674e-008	0.0264404
1.677174e-008	0.0380615
1.679674e-008	0.0195557
1.682174e-008	0.00876466
1.684674e-008	0.0256592
1.687174e-008	0.0239502
1.689674e-008	0.0151367
1.692174e-008	0.0166992
1.694674e-008	0.0243164
1.697174e-008	0.0256348
1.699674e-008	0.00910645
1.702174e-008	0.00800782
1.704674e-008	0.0175293
1.707174e-008	0.0149902
1.709674e-008	0.0255127
1.712174e-008	0.0388428
1.714674e-008	0.0259766
1.717174e-008	0.0158203
1.719674e-008	0.0205566
1.722174e-008	0.0165283
1.724674e-008	0.0169678
1.727174e-008	0.012915
1.729674e-008	0.00429688
1.732174e-008	0.0148193
1.734674e-008	0.0176758
1.737174e-008	0.0255127
1.739674e-008	0.0342529
1.742174e-008	0.0108399
1.744674e-008	0.0117676
1.747174e-008	0.0278076
1.749674e-008	0.01521
1.752174e-008	0.0180176
1.754674e-008	0.0302734
1.757174e-008	0.0275147
1.759674e-008	0.0144043
1.762174e-008	0.0060547
1.764674e-008	0.0246826
1.767174e-008	0.0337402
1.769674e-008	0.0164307
1.772174e-008	0.00375977
1.774674e-008	0.0115234
1.777174e-008	0.028833
1.779674e-008	0.0243164
1.782174e-008	0.0139404
1.784674e-008	0.0238037
1.787174e-008	0.0328369
1.789674e-008	0.0269531
1.792174e-008	0.0207275
1.794674e-008	0.0129639
1.797174e-008	-0.0019287
1.799674e-008	0.000366218
1.802174e-008	0.0146729
1.804674e-008	0.0193848
1.807174e-008	0.0154053
1.809674e-008	0.0117188
1.812174e-008	0.0219971
1.814674e-008	0.0312012
1.817174e-008	0.027124
1.819674e-008	0.022876
1.822174e-008	0.0209473
1.824674e-008	0.0209229
1.827174e-008	0.022583
1.829674e-008	0.0261963
1.832174e-008	0.0273926
1.834674e-008	0.0244141
1.837174e-008	0.0280518
1.839674e-008	0.0381348
1.842174e-008	0.0395996
1.844674e-008	0.0311279
1.847174e-008	0.0314453
1.849674e-008	0.03479
1.852174e-008	0.0312988
1.854674e-008	0.0362549
1.857174e-008	0.0427246
1.859674e-008	0.0392822
1.862174e-008	0.0307373
1.864674e-008	0.0192383
1.867174e-008	0.0175049
1.869674e-008	0.0190674
1.872174e-008	0.0108154
1.874674e-008	0.0170654
1.877174e-008	0.0207031
1.879674e-008	0.00476075
1.882174e-008	0.0084961
1.884674e-008	0.0141113
1.887174e-008	0.00104981
1.889674e-008	-0.00466308
1.892174e-008	0.00200196
1.894674e-008	0.0158447
1.897174e-008	0.0157715
1.899674e-008	0.000390632
1.902174e-008	-0.000268547
1.904674e-008	0.00991212
1.907174e-008	0.0168213
1.909674e-008	0.0227051
1.912174e-008	0.022876
1.914674e-008	0.020874
1.917174e-008	0.0187744
1.919674e-008	0.00666505
1.922174e-008	0.00515137
1.924674e-008	0.0194336
1.927174e-008	0.0209473
1.929674e-008	0.0181397
1.932174e-008	0.0229736
1.934674e-008	0.0266846
1.937174e-008	0.0318848
1.939674e-008	0.0362061
1.942174e-008	0.035791
1.944674e-008	0.0373779
1.947174e-008	0.0310547
1.949674e-008	0.016919
1.952174e-008	0.0174561
1.954674e-008	0.0243652
1.957174e-008	0.0289307
1.959674e-008	0.0292969
1.962174e-008	0.0211182
1.964674e-008	0.0243164
1.967174e-008	0.0353027
1.969674e-008	0.0394287
1.972174e-008	0.0331787
1.974674e-008	0.0271484
1.977174e-008	0.0333496
1.979674e-008	0.0277832
1.982174e-008	0.0206299
1.984674e-008	0.0323975
1.987174e-008	0.0391113
1.989674e-008	0.0282227
1.992174e-008	0.0152832
1.994674e-008	0.0153565
1.997174e-008	0.011792
1.999674e-008	0.00742188
2.002174e-008	0.020459
2.004674e-008	0.0238037
2.007174e-008	0.0103272
2.009674e-008	0.00715333
2.012174e-008	0.0022461
2.014674e-008	0.00236817
2.017174e-008	0.0168213
2.019674e-008	0.0008545
2.022174e-008	-0.000390618
2.024674e-008	0.0280518
2.027174e-008	0.0154297
2.029674e-008	0.0121582
2.032174e-008	0.0211914
2.034674e-008	0.00891114
2.037174e-008	0.018335
2.039674e-008	0.0205078
2.042174e-008	0.0123535
2.044674e-008	0.0196045
2.047174e-008	0.0155762
2.049674e-008	0.0154297
2.052174e-008	0.027832
2.054674e-008	0.0330322
2.057174e-008	0.0348389
2.059674e-008	0.0297608
2.062174e-008	0.017334
2.064674e-008	0.014209
2.067174e-008	0.0207275
2.069674e-008	0.0294678
2.072174e-008	0.0321777
2.074674e-008	0.0318359
2.077174e-008	0.0287842
2.079674e-008	0.010791
2.082174e-008	0.0112793
2.084674e-008	0.0330566
2.087174e-008	0.0308838
2.089674e-008	0.017041
2.092174e-008	0.0138672
2.094674e-008	0.0275391
2.097174e-008	0.0322754
2.099674e-008	0.0109863
2.102174e-008	0.0126953
2.104674e-008	0.0275635
2.107174e-008	0.0227051
2.109674e-008	0.0193359
2.112174e-008	0.0184082
2.114674e-008	0.0165283
2.117174e-008	0.0138672
2.119674e-008	0.0117432
2.122174e-008	0.0157959
2.124674e-008	0.0171387
2.127174e-008	0.0216553
2.129674e-008	0.0248047
2.132174e-008	0.0183838
2.134674e-008	0.0275879
2.137174e-008	0.0270508
2.139674e-008	-0.00283202
2.142174e-008	-0.00153808
2.144674e-008	0.0168701
2.147174e-008	0.00568848
2.149674e-008	0.00532227
2.152174e-008	0.0236572
2.154674e-008	0.0262207
2.157174e-008	0.0178467
2.159674e-008	0.012207
2.162174e-008	0.0121582
2.164674e-008	0.021167
2.167174e-008	0.0310547
2.169674e-008	0.0260742
2.172174e-008	0.0221436
2.174674e-008	0.0293701
2.177174e-008	0.0157715
2.179674e-008	0.00148927
2.182174e-008	0.0121582
2.184674e-008	0.0175537
2.187174e-008	0.0214356
2.189674e-008	0.0222412
2.192174e-008	0.0142578
2.194674e-008	0.0247315
2.197174e-008	0.0394531
2.199674e-008	0.0272949
2.202174e-008	0.0150879
2.204674e-008	0.0219482
2.207174e-008	0.0156006
2.209674e-008	0.0165527
2.212174e-008	0.0257568
2.214674e-008	0.0195068
2.217174e-008	0.0289551
2.219674e-008	0.0259766
2.222174e-008	0.0154053
2.224674e-008	0.0245606
2.227174e-008	0.0222412
2.229674e-008	0.0209961
2.232174e-008	0.0233399
2.234674e-008	0.0254639
2.237174e-008	0.022168
2.239674e-008	0.0115723
2.242174e-008	0.0133545
2.244674e-008	0.0140381
2.247174e-008	0.0125
2.249674e-008	0.00913087
2.252174e-008	0.0170899
2.254674e-008	0.0356445
2.257174e-008	0.023877
2.259674e-008	0.00947266
2.262174e-008	0.0198486
2.264674e-008	0.0290039
2.267174e-008	0.021875
2.269674e-008	0.0177979
2.272174e-008	0.0270752
2.274674e-008	0.014917
2.277174e-008	0.00986329
2.279674e-008	0.0339111
2.282174e-008	0.0327149
2.284674e-008	0.0170654
2.287174e-008	0.0172852
2.289674e-008	0.0199463
2.292174e-008	0.0217529
2.294674e-008	0.0273193
2.297174e-008	0.026416
2.299674e-008	0.0152588
2.302174e-008	0.0182373
2.304674e-008	0.0327637
2.307174e-008	0.0279297
2.309674e-008	0.0138428
2.312174e-008	0.011084
2.314674e-008	0.0122803
2.317174e-008	0.0157471
2.319674e-008	0.0169678
2.322174e-008	0.0224854
2.324674e-008	0.0344238
2.327174e-008	0.0205811
2.329674e-008	0.00568848
2.332174e-008	0.012793
2.334674e-008	0.0207764
2.337174e-008	0.0294678
2.339674e-008	0.0214844
2.342174e-008	0.0121338
2.344674e-008	0.0212647
2.347174e-008	0.0237305
2.349674e-008	0.0210938
2.352174e-008	0.0188232
2.354674e-008	0.0174805
2.357174e-008	0.0175781
2.359674e-008	0.015918
2.362174e-008	0.0200684
2.364674e-008	0.0229736
2.367174e-008	0.0217285
2.369674e-008	0.0260742
2.372174e-008	0.027832
2.374674e-008	0.0292969
2.377174e-008	0.0365479
2.379674e-008	0.0344238
2.382174e-008	0.0284424
2.384674e-008	0.0224609
2.387174e-008	0.0145508
2.389674e-008	0.0216309
2.392174e-008	0.0273193
2.394674e-008	0.0246094
2.397174e-008	0.0258301
2.399674e-008	0.0199219
2.402174e-008	0.0216309
2.404674e-008	0.0295899
2.407174e-008	0.0188232
2.409674e-008	0.0132568
2.412174e-008	0.026709
2.414674e-008	0.0351563
2.417174e-008	0.0358154
2.419674e-008	0.0320068
2.422174e-008	0.0250244
2.424674e-008	0.0292481
2.427174e-008	0.0260498
2.429674e-008	0.0110107
2.432174e-008	0.0155029
2.434674e-008	0.0245361
2.437174e-008	0.0279297
2.439674e-008	0.0272461
2.442174e-008	0.0185547
2.444674e-008	0.0191406
2.447174e-008	0.0218018
2.449674e-008	0.0244141
2.452174e-008	0.0271729
2.454674e-008	0.0277588
2.457174e-008	0.0354004
2.459674e-008	0.02854
2.462174e-008	0.0186524
2.464674e-008	0.0256104
2.467174e-008	0.0237793
2.469674e-008	0.0156982
2.472174e-008	0.0155029
2.474674e-008	0.020459
2.477174e-008	0.0197266
2.479674e-008	0.00649415
2.482174e-008	0.00483399
2.484674e-008	0.0251953
2.487174e-008	0.0316895
2.489674e-008	0.0122559
2.492174e-008	0.0172852
2.494674e-008	0.0316162
2.497174e-008	0.0108643
2.499674e-008	0.0133301
2.502174e-008	0.0327393
2.504674e-008	0.0251709
2.507174e-008	0.0272461
2.509674e-008	0.0256104
2.512174e-008	0.0139649
2.514674e-008	0.0284668
2.517174e-008	0.0363525
2.519674e-008	0.0156494
2.522174e-008	0.0163574
2.524674e-008	0.0291992
2.527174e-008	0.0182129
2.529674e-008	0.0146973
2.532174e-008	0.0181397
2.534674e-008	0.0223389
2.537174e-008	0.0289063
2.539674e-008	0.0223145
2.542174e-008	0.023877
2.544674e-008	0.0275147
2.547174e-008	0.0259766
2.549674e-008	0.0251709
2.552174e-008	0.0154541
2.554674e-008	0.0212891
2.557174e-008	0.0353272
2.559674e-008	0.0306641
2.562174e-008	0.0282227
2.564674e-008	0.0277344
2.567174e-008	0.0191162
2.569674e-008	0.0223145
2.572174e-008	0.0312988
2.574674e-008	0.0288818
2.577174e-008	0.027832
2.579674e-008	0.0361572
2.582174e-008	0.0361816
2.584674e-008	0.025708
2.587174e-008	0.0219482
2.589674e-008	0.0166504
2.592174e-008	0.00954591
2.594674e-008	0.0148926
2.597174e-008	0.0168945
2.599674e-008	0.0143799
2.602174e-008	0.0195557
2.604674e-008	0.0229981
2.607174e-008	0.0229248
2.609674e-008	0.0197266
2.612174e-008	0.0157715
2.614674e-008	0.0246582
2.617174e-008	0.03396
2.619674e-008	0.0263184
2.622174e-008	0.0134033
2.624674e-008	0.010376
2.627174e-008	0.0174316
2.629674e-008	0.0159668
2.632174e-008	0.00583497
2.634674e-008	0.00808106
2.637174e-008	0.00546876
2.639674e-008	0.00319825
2.642174e-008	0.0222656
2.644674e-008	0.0218262
2.647174e-008	0.00781251
2.649674e-008	0.0148438
2.652174e-008	0.0201172
2.654674e-008	0.0205566
2.657174e-008	0.02146
2.659674e-008	0.0163574
2.662174e-008	0.0181397
2.664674e-008	0.0248535
2.667174e-008	0.0223389
2.669674e-008	0.0153076
2.672174e-008	0.0125244
2.674674e-008	0.0156982
2.677174e-008	0.0265625
2.679674e-008	0.0306397
2.682174e-008	0.0240967
2.684674e-008	0.0262695
2.687174e-008	0.0257813
2.689674e-008	0.0165039
2.692174e-008	0.0204834
2.694674e-008	0.03125
2.697174e-008	0.0287598
2.699674e-008	0.0226807
2.702174e-008	0.0222656
2.704674e-008	0.0205078
2.707174e-008	0.0243164
2.709674e-008	0.0283447
2.712174e-008	0.0249512
2.714674e-008	0.0303955
2.717174e-008	0.0304688
2.719674e-008	0.0117432
2.722174e-008	0.0050293
2.724674e-008	0.0186768
2.727174e-008	0.027417
2.729674e-008	0.0229004
2.732174e-008	0.0200195
2.734674e-008	0.0299561
2.737174e-008	0.0319824
2.739674e-008	0.0105225
2.742174e-008	0.00173341
2.744674e-008	0.0178223
2.747174e-008	0.0274658
2.749674e-008	0.0276367
2.752174e-008	0.0235352
2.754674e-008	0.0240967
2.757174e-008	0.0282471
2.759674e-008	0.0190186
2.762174e-008	0.0184326
2.764674e-008	0.023999
2.767174e-008	0.020166
2.769674e-008	0.0203125
2.772174e-008	0.0195801
2.774674e-008	0.0354981
2.777174e-008	0.046582
2.779674e-008	0.0213867
2.782174e-008	0.0177734
2.784674e-008	0.02854
2.787174e-008	0.0205566
2.789674e-008	0.0201904
2.792174e-008	0.0207764
2.794674e-008	0.0254639
2.797174e-008	0.0316162
2.799674e-008	0.0271484
2.802174e-008	0.027417
2.804674e-008	0.0209961
2.807174e-008	0.0208984
2.809674e-008	0.0355469
2.812174e-008	0.0282471
2.814674e-008	0.0223389
2.817174e-008	0.0315674
2.819674e-008	0.0186768
2.822174e-008	0.00791016
2.824674e-008	0.0120361
2.827174e-008	0.00939942
2.829674e-008	0.0207275
2.832174e-008	0.0292969
2.834674e-008	0.0236084
2.837174e-008	0.0339844
2.839674e-008	0.0362793
2.842174e-008	0.028833
2.844674e-008	0.0340332
2.847174e-008	0.021582
2.849674e-008	0.00734864
2.852174e-008	0.0212647
2.854674e-008	0.0261963
2.857174e-008	0.0263672
2.859674e-008	0.0355957
2.862174e-008	0.0199463
2.864674e-008	0.00957032
2.867174e-008	0.0335449
2.869674e-008	0.0368164
2.872174e-008	0.016333
2.874674e-008	0.0223145
2.877174e-008	0.0280518
2.879674e-008	0.0170899
2.882174e-008	0.0241455
2.884674e-008	0.0250244
2.887174e-008	0.0163086
2.889674e-008	0.0276611
2.892174e-008	0.0332031
2.894674e-008	0.0270264
2.897174e-008	0.0224854
2.899674e-008	0.0139404
2.902174e-008	0.0142334
2.904674e-008	0.0236572
2.907174e-008	0.0224365
2.909674e-008	0.00168458
2.912174e-008	-0.00742187
2.914674e-008	0.0187744
2.917174e-008	0.0253418
2.919674e-008	0.0126465
2.922174e-008	0.020166
2.924674e-008	0.0154785
2.927174e-008	0.0121826
2.929674e-008	0.0185059
2.932174e-008	0.00725098
2.934674e-008	0.0113525
2.937174e-008	0.0177246
2.939674e-008	0.00664063
2.942174e-008	0.0182617
2.944674e-008	0.0277344
2.947174e-008	0.0196045
2.949674e-008	0.0253174
2.952174e-008	0.0138428
2.954674e-008	0.00634766
2.957174e-008	0.0366211
2.959674e-008	0.031543
2.962174e-008	0.00798341
2.964674e-008	0.0240723
2.967174e-008	0.0304199
2.969674e-008	0.0205566
2.972174e-008	0.0264893
2.974674e-008	0.0366699
2.977174e-008	0.0320801
2.979674e-008	0.0216065
2.982174e-008	0.0337647
2.984674e-008	0.0443848
2.987174e-008	0.031665
2.989674e-008	0.0212402
2.992174e-008	0.0216553
2.994674e-008	0.0308838
2.997174e-008	0.0316406
2.999674e-008	0.026416
3.002174e-008	0.031958
3.004674e-008	0.0292481
3.007174e-008	0.0225342
3.009674e-008	0.027002
3.012174e-008	0.0358887
3.014674e-008	0.0427734
3.017174e-008	0.0402344
3.019674e-008	0.0299316
3.022174e-008	0.0214844
3.024674e-008	0.0210205
3.027174e-008	0.0274414
3.029674e-008	0.0294922
3.032174e-008	0.0231934
3.034674e-008	0.0230469
3.037174e-008	0.0345215
3.039674e-008	0.0465576
3.042174e-008	0.0438233
3.044674e-008	0.0266358
3.047174e-008	0.0134766
3.049674e-008	0.0142822
3.052174e-008	0.0253418
3.054674e-008	0.0339356
3.057174e-008	0.0332764
3.059674e-008	0.0282959
3.062174e-008	0.0218262
3.064674e-008	0.0126221
3.067174e-008	0.0124756
3.069674e-008	0.0225342
3.072174e-008	0.019458
3.074674e-008	0.00734864
3.077174e-008	0.000805672
3.079674e-008	0.0105225
3.082174e-008	0.0246338
3.084674e-008	0.0124756
3.087174e-008	0.00827637
3.089674e-008	0.0262451
3.092174e-008	0.0294434
3.094674e-008	0.0245361
3.097174e-008	0.0232666
3.099674e-008	0.0251709
3.102174e-008	0.0288818
3.104674e-008	0.0174561
3.107174e-008	0.0060547
3.109674e-008	0.0180908
3.112174e-008	0.0198486
3.114674e-008	0.014624
3.117174e-008	0.0276367
3.119674e-008	0.0231445
3.122174e-008	0.0166016
3.124674e-008	0.0292969
3.127174e-008	0.0266113
3.129674e-008	0.0183106
3.132174e-008	0.0139404
3.134674e-008	0.00930177
3.137174e-008	0.0221436
3.139674e-008	0.0361572
3.142174e-008	0.028125
3.144674e-008	0.0157715
3.147174e-008	0.0193848
3.149674e-008	0.0303711
3.152174e-008	0.0249024
3.154674e-008	0.0251709
3.157174e-008	0.0333008
3.159674e-008	0.0125
3.162174e-008	0.0119141
3.164674e-008	0.0232422
3.167174e-008	0.0131836
3.169674e-008	0.0246826
3.172174e-008	0.0217529
3.174674e-008	0.0184326
3.177174e-008	0.0379639
3.179674e-008	0.0301514
3.182174e-008	0.0313721
3.184674e-008	0.0405518
3.187174e-008	0.0240234
3.189674e-008	0.0144043
3.192174e-008	0.0188721
3.194674e-008	0.0242188
3.197174e-008	0.0258545
3.199674e-008	0.0206299
3.202174e-008	0.0160156
3.204674e-008	0.0258057
3.207174e-008	0.0369141
3.209674e-008	0.0287842
3.212174e-008	0.0260986
3.214674e-008	0.037915
3.217174e-008	0.0414307
3.219674e-008	0.0310547
3.222174e-008	0.0135742
3.224674e-008	0.016626
3.227174e-008	0.0316406
3.229674e-008	0.0232666
3.232174e-008	0.010669
3.234674e-008	0.0124512
3.237174e-008	0.0220459
3.239674e-008	0.0243897
3.242174e-008	0.0220215
3.244674e-008	0.0276367
3.247174e-008	0.020166
3.249674e-008	0.0112061
3.252174e-008	0.0139649
3.254674e-008	0.012085
3.257174e-008	0.01604
3.259674e-008	0.0187988
3.262174e-008	0.0155518
3.264674e-008	0.0249024
3.267174e-008	0.0291992
3.269674e-008	0.0238281
3.272174e-008	0.0302979
3.274674e-008	0.0263916
3.277174e-008	0.0188721
3.279674e-008	0.0227539
3.282174e-008	0.0158447
3.284674e-008	0.0217285
3.287174e-008	0.0300537
3.289674e-008	0.019458
3.292174e-008	0.0235107
3.294674e-008	0.0342529
3.297174e-008	0.0364258
3.299674e-008	0.0362549
3.302174e-008	0.0277588
3.304674e-008	0.0145996
3.307174e-008	0.0153809
3.309674e-008	0.0304932
3.312174e-008	0.0299316
3.314674e-008	0.00871583
3.317174e-008	0.00527345
3.319674e-008	0.0200195
3.322174e-008	0.0232422
3.324674e-008	0.0219727
3.327174e-008	0.0245606
3.329674e-008	0.0267578
3.332174e-008	0.00881348
3.334674e-008	-0.00234374
3.337174e-008	0.0246582
3.339674e-008	0.0257568
3.342174e-008	0.0159424
3.344674e-008	0.0257324
3.347174e-008	0.0192383
3.349674e-008	0.0288574
3.352174e-008	0.0381836
3.354674e-008	0.01604
3.357174e-008	0.013794
3.359674e-008	0.0201172
3.362174e-008	0.00876466
3.364674e-008	0.0165039
3.367174e-008	0.0259522
3.369674e-008	0.0236572
3.372174e-008	0.0247803
3.374674e-008	0.014209
3.377174e-008	0.0220459
3.379674e-008	0.0286621
3.382174e-008	0.0157471
3.384674e-008	0.0267334
3.387174e-008	0.0244629
3.389674e-008	0.0172119
3.392174e-008	0.0332764
3.394674e-008	0.0222168
3.397174e-008	0.00742188
3.399674e-008	0.0254395
3.402174e-008	0.0382813
3.404674e-008	0.0328125
3.407174e-008	0.0201416
3.409674e-008	0.0164063
3.412174e-008	0.0253662
3.414674e-008	0.0227051
3.417174e-008	0.024707
3.419674e-008	0.0286865
3.422174e-008	0.0147949
3.424674e-008	0.00957032
3.427174e-008	0.0111816
3.429674e-008	0.0217529
3.432174e-008	0.0333252
3.434674e-008	0.0282715
3.437174e-008	0.0268799
3.439674e-008	0.0197998
3.442174e-008	0.0132324
3.444674e-008	0.0183106
3.447174e-008	0.0204834
3.449674e-008	0.0251465
3.452174e-008	0.0276856
3.454674e-008	0.0259522
3.457174e-008	0.0182617
3.459674e-008	0.0226074
3.462174e-008	0.0411621
3.464674e-008	0.0307617
3.467174e-008	0.0161377
3.469674e-008	0.0316406
3.472174e-008	0.0443848
3.474674e-008	0.0314209
3.477174e-008	0.01521
3.479674e-008	0.011499
3.482174e-008	0.0124268
3.484674e-008	0.019751
3.487174e-008	0.0229004
3.489674e-008	0.0234863
3.492174e-008	0.0268066
3.494674e-008	0.0219482
3.497174e-008	0.0187256
3.499674e-008	0.017041
3.502174e-008	0.0198242
3.504674e-008	0.0314941
3.507174e-008	0.027124
3.509674e-008	0.0124268
3.512174e-008	0.0124512
3.514674e-008	0.0206787
3.517174e-008	0.0306152
3.519674e-008	0.0248535
3.522174e-008	0.0151856
3.524674e-008	0.0292969
3.527174e-008	0.0261719
3.529674e-008	0.0182617
3.532174e-008	0.0298096
3.534674e-008	0.0190918
3.537174e-008	0.00939942
3.539674e-008	0.0179199
3.542174e-008	0.0228272
3.544674e-008	0.0294434
3.547174e-008	0.0291016
3.549674e-008	0.0251709
3.552174e-008	0.0270508
3.554674e-008	0.0227783
3.557174e-008	0.0203613
3.559674e-008	0.0257813
3.562174e-008	0.0212647
3.564674e-008	0.00610352
3.567174e-008	0.00895997
3.569674e-008	0.0339111
3.572174e-008	0.0366943
3.574674e-008	0.0195313
3.577174e-008	0.017041
3.579674e-008	0.0108643
3.582174e-008	0.0109619
3.584674e-008	0.024292
3.587174e-008	0.019165
3.589674e-008	0.0209717
3.592174e-008	0.0287598
3.594674e-008	0.025708
3.597174e-008	0.0320801
3.599674e-008	0.0264893
3.602174e-008	0.0200684
3.604674e-008	0.0240479
3.607174e-008	0.0129395
3.609674e-008	0.0165772
3.612174e-008	0.0237549
3.614674e-008	0.0197022
3.617174e-008	0.027002
3.619674e-008	0.0180908
3.622174e-008	0.0139404
3.624674e-008	0.0294434
3.627174e-008	0.0248047
3.629674e-008	0.016626
3.632174e-008	0.020752
3.634674e-008	0.0262451
3.637174e-008	0.0244385
3.639674e-008	0.0164063
3.642174e-008	0.0196777
3.644674e-008	0.0261475
3.647174e-008	0.0235352
3.649674e-008	0.0214844
3.652174e-008	0.0214111
3.654674e-008	0.0248291
3.657174e-008	0.0272949
3.659674e-008	0.0223145
3.662174e-008	0.0249024
3.664674e-008	0.0205811
3.667174e-008	0.00847169
3.669674e-008	0.0214844
3.672174e-008	0.0324219
3.674674e-008	0.0344483
3.677174e-008	0.0358887
3.679674e-008	0.0160156
3.682174e-008	0.0118652
3.684674e-008	0.0282959
3.687174e-008	0.0258301
3.689674e-008	0.00974122
3.692174e-008	0.00732423
3.694674e-008	0.0231201
3.697174e-008	0.0258301
3.699674e-008	0.0205566
3.702174e-008	0.017627
3.704674e-008	0.0171387
3.707174e-008	0.0282715
3.709674e-008	0.0223877
3.712174e-008	0.0142578
3.714674e-008	0.0260986
3.717174e-008	0.0261719
3.719674e-008	0.0236328
3.722174e-008	0.0341065
3.724674e-008	0.0344483
3.727174e-008	0.0250733
3.729674e-008	0.0258545
3.732174e-008	0.027124
3.734674e-008	0.0205811
3.737174e-008	0.0187256
3.739674e-008	0.0238525
3.742174e-008	0.0271729
3.744674e-008	0.0145752
3.747174e-008	0.00246583
3.749674e-008	0.0190674
3.752174e-008	0.037915
3.754674e-008	0.0339356
3.757174e-008	0.0249756
3.759674e-008	0.0209229
3.762174e-008	0.0112305
3.764674e-008	0.00769044
3.767174e-008	0.024707
3.769674e-008	0.0344727
3.772174e-008	0.0216797
3.774674e-008	0.0148926
3.777174e-008	0.0276856
3.779674e-008	0.0279297
3.782174e-008	0.0236328
3.784674e-008	0.0354981
3.787174e-008	0.0178711
3.789674e-008	0.00231934
3.792174e-008	0.0278076
3.794674e-008	0.0376953
3.797174e-008	0.0310303
3.799674e-008	0.0262695
3.802174e-008	0.0259033
3.804674e-008	0.0354981
3.807174e-008	0.0314453
3.809674e-008	0.0174561
3.812174e-008	0.0131348
3.814674e-008	0.0218018
3.817174e-008	0.0271484
3.819674e-008	0.0200684
3.822174e-008	0.0213623
3.824674e-008	0.0251953
3.827174e-008	0.0281006
3.829674e-008	0.0337158
3.832174e-008	0.0253662
3.834674e-008	0.0156006
3.837174e-008	0.0116943
3.839674e-008	0.0153076
3.842174e-008	0.0202393
3.844674e-008	0.00783692
3.847174e-008	0.0110107
3.849674e-008	0.0246826
3.852174e-008	0.0169678
3.854674e-008	0.0209473
3.857174e-008	0.0339356
3.859674e-008	0.0230225
3.862174e-008	0.019165
3.864674e-008	0.0296387
3.867174e-008	0.0124024
3.869674e-008	0.011499
3.872174e-008	0.0345215
3.874674e-008	0.0281494
3.877174e-008	0.024707
3.879674e-008	0.0205322
3.882174e-008	0.0158203
3.884674e-008	0.0205566
3.887174e-008	0.0109375
3.889674e-008	0.0209961
3.892174e-008	0.0327149
3.894674e-008	0.0334229
3.897174e-008	0.0378174
3.899674e-008	0.0169434
3.902174e-008	0.00270997
3.904674e-008	0.0173828
3.907174e-008	0.0307617
3.909674e-008	0.0320313
3.912174e-008	0.0285645
3.914674e-008	0.0322754
3.917174e-008	0.0399658
3.919674e-008	0.0337158
3.922174e-008	0.0148193
3.924674e-008	0.0156494
3.927174e-008	0.0289063
3.929674e-008	0.0252197
3.932174e-008	0.0265625
3.934674e-008	0.0362061
3.937174e-008	0.0273682
3.939674e-008	0.013794
3.942174e-008	0.0185547
3.944674e-008	0.0269775
3.947174e-008	0.0202637
3.949674e-008	0.0120117
3.952174e-008	0.00524903
3.954674e-008	0.0104736
3.957174e-008	0.0357178
3.959674e-008	0.0226318
3.962174e-008	0.00434571
3.964674e-008	0.0365967
3.967174e-008	0.0431641
3.969674e-008	0.0297608
3.972174e-008	0.0281738
3.974674e-008	0.0280274
3.977174e-008	0.0512695
3.979674e-008	0.0430176
3.982174e-008	0.00976563
3.984674e-008	0.0176514
3.987174e-008	0.0293945
3.989674e-008	0.0252197
3.992174e-008	0.0135986
3.994674e-008	0.0148926
3.997174e-008	0.0292236
3.999674e-008	0.01521
4.002174e-008	0.0178467
4.004674e-008	0.0374024
4.007174e-008	0.0148926
4.009674e-008	0.00620118
4.012174e-008	0.0256592
4.014674e-008	0.0309082
4.017174e-008	0.0318359
4.019674e-008	0.0218018
4.022174e-008	0.0178711
4.024674e-008	0.0343262
4.027174e-008	0.0322022
4.029674e-008	0.0174805
4.032174e-008	0.014624
4.034674e-008	0.0239258
4.037174e-008	0.0260986
4.039674e-008	0.00166016
4.042174e-008	-0.00200195
4.044674e-008	0.022583
4.047174e-008	0.031665
4.049674e-008	0.0335938
4.052174e-008	0.0265137
4.054674e-008	0.0216797
4.057174e-008	0.0276856
4.059674e-008	0.0298828
4.062174e-008	0.0322998
4.064674e-008	0.0230957
4.067174e-008	0.018457
4.069674e-008	0.0199951
4.072174e-008	0.00634766
4.074674e-008	0.00947266
4.077174e-008	0.0220947
4.079674e-008	0.0145264
4.082174e-008	0.0147949
4.084674e-008	0.0195557
4.087174e-008	0.0157471
4.089674e-008	0.0300537
4.092174e-008	0.0292969
4.094674e-008	0.0140381
4.097174e-008	0.0294922
4.099674e-008	0.030542
4.102174e-008	0.0189941
4.104674e-008	0.0229004
4.107174e-008	0.0203857
4.109674e-008	0.0258789
4.112174e-008	0.0319824
4.114674e-008	0.0355713
4.117174e-008	0.0370606
4.119674e-008	0.00695802
4.122174e-008	-0.0019287
4.124674e-008	0.0321045
4.127174e-008	0.0364258
4.129674e-008	0.026001
4.132174e-008	0.0249268
4.134674e-008	0.00739747
4.137174e-008	0.00617677
4.139674e-008	0.0201904
4.142174e-008	0.0195557
4.144674e-008	0.0144775
4.147174e-008	0.0076172
4.149674e-008	0.0106201
4.152174e-008	0.0152832
4.154674e-008	0.0145752
4.157174e-008	0.0193604
4.159674e-008	0.0137695
4.162174e-008	0.0223389
4.164674e-008	0.0425049
4.167174e-008	0.0293213
4.169674e-008	0.0155029
4.172174e-008	0.0208984
4.174674e-008	0.029126
4.177174e-008	0.0346191
4.179674e-008	0.0243652
4.182174e-008	0.0182129
4.184674e-008	0.0202637
4.187174e-008	0.0164307
4.189674e-008	0.0202637
4.192174e-008	0.0217774
4.194674e-008	0.0270752
4.197174e-008	0.0382568
4.199674e-008	0.0243408
4.202174e-008	0.0156494
4.204674e-008	0.0258301
4.207174e-008	0.0258057
4.209674e-008	0.0289307
4.212174e-008	0.0312988
4.214674e-008	0.0322998
4.217174e-008	0.0369629
4.219674e-008	0.0220703
4.222174e-008	0.0136719
4.224674e-008	0.0279785
4.227174e-008	0.0320068
4.229674e-008	0.0236084
4.232174e-008	0.01521
4.234674e-008	0.0125
4.237174e-008	0.0220947
4.239674e-008	0.028125
4.242174e-008	0.023584
4.244674e-008	0.0251709
4.247174e-008	0.0197022
4.249674e-008	0.0121094
4.252174e-008	0.0239502
4.254674e-008	0.0366943
4.257174e-008	0.0341797
4.259674e-008	0.0166748
4.262174e-008	0.012793
4.264674e-008	0.0219482
4.267174e-008	0.0203125
4.269674e-008	0.0260498
4.272174e-008	0.0263672
4.274674e-008	0.026416
4.277174e-008	0.0384522
4.279674e-008	0.0200684
4.282174e-008	0.00349122
4.284674e-008	0.0258301
4.287174e-008	0.0350342
4.289674e-008	0.0262207
4.292174e-008	0.0189697
4.294674e-008	0.0131592
4.297174e-008	0.0223633
4.299674e-008	0.0249268
4.302174e-008	0.0212402
4.304674e-008	0.0183838
4.307174e-008	0.0114258
4.309674e-008	0.0324951
4.312174e-008	0.0354981
4.314674e-008	0.00673829
4.317174e-008	0.0165039
4.319674e-008	0.024292
4.322174e-008	0.0132324
4.324674e-008	0.0217041
4.327174e-008	0.0242676
4.329674e-008	0.0232666
4.332174e-008	0.020044
4.334674e-008	0.0191162
4.337174e-008	0.0332275
4.339674e-008	0.0222656
4.342174e-008	0.00820313
4.344674e-008	0.0179199
4.347174e-008	0.0182617
4.349674e-008	0.0126953
4.352174e-008	0.0113281
4.354674e-008	0.0235107
4.357174e-008	0.034668
4.359674e-008	0.0239258
4.362174e-008	0.0205566
4.364674e-008	0.0273193
4.367174e-008	0.0272217
4.369674e-008	0.0224854
4.372174e-008	0.0240967
4.374674e-008	0.0359863
4.377174e-008	0.030957
4.379674e-008	0.0106201
4.382174e-008	0.0123779
4.384674e-008	0.0231201
4.387174e-008	0.0112061
4.389674e-008	0.00461427
4.392174e-008	0.0164795
4.394674e-008	0.0179199
4.397174e-008	0.0168457
4.399674e-008	0.0198975
4.402174e-008	0.0199951
4.404674e-008	0.0263184
4.407174e-008	0.0350342
4.409674e-008	0.028125
4.412174e-008	0.0128418
4.414674e-008	0.0185547
4.417174e-008	0.0253174
4.419674e-008	0.0169922
4.422174e-008	0.0213867
4.424674e-008	0.0265381
4.427174e-008	0.0208008
4.429674e-008	0.0238037
4.432174e-008	0.0318359
4.434674e-008	0.0322998
4.437174e-008	0.0270996
4.439674e-008	0.0222168
4.442174e-008	0.0239502
4.444674e-008	0.0269287
4.447174e-008	0.023169
4.449674e-008	0.0180176
4.452174e-008	0.0109619
4.454674e-008	0.0126221
4.457174e-008	0.0261231
4.459674e-008	0.0254395
4.462174e-008	0.018335
4.464674e-008	0.0185791
4.467174e-008	0.00939942
4.469674e-008	0.00783692
4.472174e-008	0.0254883
4.474674e-008	0.0344727
4.477174e-008	0.0292236
4.479674e-008	0.0178711
4.482174e-008	0.0163574
4.484674e-008	0.0278076
4.487174e-008	0.0260498
4.489674e-008	0.0171143
4.492174e-008	0.0192871
4.494674e-008	0.0289063
4.497174e-008	0.0290283
4.499674e-008	0.0216065
4.502174e-008	0.0258301
4.504674e-008	0.0226563
4.507174e-008	0.018042
4.509674e-008	0.0305176
4.512174e-008	0.0283691
4.514674e-008	0.0229004
4.517174e-008	0.0314453
4.519674e-008	0.0229981
4.522174e-008	0.0158691
4.524674e-008	0.030249
4.527174e-008	0.030835
4.529674e-008	0.017334
4.532174e-008	0.0109619
4.534674e-008	0.0133545
4.537174e-008	0.0234619
4.539674e-008	0.0285645
4.542174e-008	0.0275635
4.544674e-008	0.0257324
4.547174e-008	0.0244141
4.549674e-008	0.0305664
4.552174e-008	0.028418
4.554674e-008	0.0232178
4.557174e-008	0.0341065
4.559674e-008	0.0304688
4.562174e-008	0.0166016
4.564674e-008	0.0203125
4.567174e-008	0.0138184
4.569674e-008	0.011377
4.572174e-008	0.0216553
4.574674e-008	0.0172852
4.577174e-008	0.0272461
4.579674e-008	0.0226074
4.582174e-008	0.0043213
4.584674e-008	0.0273438
4.587174e-008	0.0344238
4.589674e-008	0.025415
4.592174e-008	0.0174805
4.594674e-008	0.00983887
4.597174e-008	0.0373779
4.599674e-008	0.0298828
4.602174e-008	0.00837403
4.604674e-008	0.0270996
4.607174e-008	0.0220459
4.609674e-008	0.0175537
4.612174e-008	0.0281006
4.614674e-008	0.0284668
4.617174e-008	0.0353516
4.619674e-008	0.03125
4.622174e-008	0.0197754
4.624674e-008	0.0241211
4.627174e-008	0.0198242
4.629674e-008	0.0121094
4.632174e-008	0.0263184
4.634674e-008	0.0376953
4.637174e-008	0.032251
4.639674e-008	0.0118897
4.642174e-008	0.0043213
4.644674e-008	0.0209229
4.647174e-008	0.0236816
4.649674e-008	0.0206543
4.652174e-008	0.0208252
4.654674e-008	0.0342774
4.657174e-008	0.0422363
4.659674e-008	0.0200684
4.662174e-008	0.024707
4.664674e-008	0.0301514
4.667174e-008	0.0165527
4.669674e-008	0.0297608
4.672174e-008	0.0286133
4.674674e-008	0.0158447
4.677174e-008	0.0275391
4.679674e-008	0.0274902
4.682174e-008	0.0172119
4.684674e-008	0.0200684
4.687174e-008	0.0226563
4.689674e-008	0.0217285
4.692174e-008	0.0124512
4.694674e-008	0.0147949
4.697174e-008	0.0388184
4.699674e-008	0.034375
4.702174e-008	0.0223877
4.704674e-008	0.0281006
4.707174e-008	0.0221924
4.709674e-008	0.0191162
4.712174e-008	0.018457
4.714674e-008	0.0224365
4.717174e-008	0.0287109
4.719674e-008	0.015918
4.722174e-008	0.01604
4.724674e-008	0.0311035
4.727174e-008	0.0293945
4.729674e-008	0.0193359
4.732174e-008	0.0145996
4.734674e-008	0.0192383
4.737174e-008	0.0298584
4.739674e-008	0.0253906
4.742174e-008	0.014917
4.744674e-008	0.0193604
4.747174e-008	0.0187988
4.749674e-008	0.0188721
4.752174e-008	0.020752
4.754674e-008	0.0195313
4.757174e-008	0.0270508
4.759674e-008	0.019165
4.762174e-008	0.0168213
4.764674e-008	0.0261963
4.767174e-008	0.0173096
4.769674e-008	0.0157227
4.772174e-008	0.0230713
4.774674e-008	0.0234375
4.777174e-008	0.0156006
4.779674e-008	0.0102783
4.782174e-008	0.0209717
4.784674e-008	0.0348877
4.787174e-008	0.0329102
4.789674e-008	0.0227295
4.792174e-008	0.021167
4.794674e-008	0.0181152
4.797174e-008	0.0197754
4.799674e-008	0.0208496
4.802174e-008	0.0137207
4.804674e-008	0.017041
4.807174e-008	0.0141846
4.809674e-008	0.0109863
4.812174e-008	0.0179688
4.814674e-008	0.0234863
4.817174e-008	0.0223145
4.819674e-008	0.00681153
4.822174e-008	0.00864259
4.824674e-008	0.0272461
4.827174e-008	0.0299072
4.829674e-008	0.0274902
4.832174e-008	0.0270508
4.834674e-008	0.0350098
4.837174e-008	0.0334717
4.839674e-008	0.0102295
4.842174e-008	0.01604
4.844674e-008	0.0404053
4.847174e-008	0.0335449
4.849674e-008	0.025293
4.852174e-008	0.0289551
4.854674e-008	0.0241699
4.857174e-008	0.0284912
4.859674e-008	0.0266113
4.862174e-008	0.00722657
4.864674e-008	0.0122559
4.867174e-008	0.0331299
4.869674e-008	0.0352783
4.872174e-008	0.0341309
4.874674e-008	0.0441406
4.877174e-008	0.0365479
4.879674e-008	0.0161865
4.882174e-008	0.0157471
4.884674e-008	0.0158691
4.887174e-008	0.0164063
4.889674e-008	0.0218506
4.892174e-008	0.013794
4.894674e-008	0.020459
4.897174e-008	0.0368652
4.899674e-008	0.0241699
4.902174e-008	0.0176514
4.904674e-008	0.0284424
4.907174e-008	0.0150391
4.909674e-008	0.0139649
4.912174e-008	0.0287354
4.914674e-008	0.0245606
4.917174e-008	0.030249
4.919674e-008	0.023584
4.922174e-008	0.00778809
4.924674e-008	0.0199707
4.927174e-008	0.0246338
4.929674e-008	0.0159912
4.932174e-008	0.0188477
4.934674e-008	0.0335693
4.937174e-008	0.035083
4.939674e-008	0.0235596
4.942174e-008	0.023999
4.944674e-008	0.0226318
4.947174e-008	0.0192139
4.949674e-008	0.0219238
4.952174e-008	0.0243408
4.954674e-008	0.0268555
4.957174e-008	0.0216309
4.959674e-008	0.0133789
4.962174e-008	0.0213135
4.964674e-008	0.0280762
4.967174e-008	0.0181641
4.969674e-008	0.0270752
4.972174e-008	0.0282959
4.974674e-008	0.00808106
4.977174e-008	0.0220215
4.979674e-008	0.0323975
4.982174e-008	0.0202637
4.984674e-008	0.0246826
4.987174e-008	0.0319824
4.989674e-008	0.0294434
4.992174e-008	0.0137451
4.994674e-008	0.00874024
4.997174e-008	0.0244629
4.999674e-008	0.0209229
5.002174e-008	0.0153809
