# LECROYWM813Zi	51496	Waveform
# Segments	1	SegmentSize	4002
# Segment	TrigTime	TimeSinceSegment1
# #1	30-Nov-2018 17:24:53	0                 
# Time	Ampl
-5.000309e-008	0.0290283
-4.997809e-008	0.0167969
-4.995309e-008	0.0039795
-4.992809e-008	0.0213623
-4.990309e-008	0.0305664
-4.987809e-008	0.0142334
-4.985309e-008	0.0160889
-4.982809e-008	0.0296631
-4.980309e-008	0.0328858
-4.977809e-008	0.0250244
-4.975309e-008	0.0195557
-4.972809e-008	0.0288086
-4.970309e-008	0.0314941
-4.967809e-008	0.0248535
-4.965309e-008	0.0280762
-4.962809e-008	0.0303711
-4.960309e-008	0.0241943
-4.957809e-008	0.0286133
-4.955309e-008	0.032251
-4.952809e-008	0.020459
-4.950309e-008	0.0215088
-4.947809e-008	0.0252441
-4.945309e-008	0.0208008
-4.942809e-008	0.0323486
-4.940309e-008	0.0339111
-4.937809e-008	0.0226807
-4.935309e-008	0.0287354
-4.932809e-008	0.0320801
-4.930309e-008	0.0224365
-4.927809e-008	0.0151611
-4.925309e-008	0.0165772
-4.922809e-008	0.0271729
-4.920309e-008	0.0320801
-4.917809e-008	0.0217529
-4.915309e-008	0.0210693
-4.912809e-008	0.0350586
-4.910309e-008	0.0301025
-4.907809e-008	0.0160645
-4.905309e-008	0.0185059
-4.902809e-008	0.0188965
-4.900309e-008	0.02146
-4.897809e-008	0.0333008
-4.895309e-008	0.0325684
-4.892809e-008	0.0339844
-4.890309e-008	0.0281006
-4.887809e-008	0.00561524
-4.885309e-008	0.00998536
-4.882809e-008	0.022583
-4.880309e-008	0.0208252
-4.877809e-008	0.0179932
-4.875309e-008	0.0136719
-4.872809e-008	0.024707
-4.870309e-008	0.0271973
-4.867809e-008	0.00947266
-4.865309e-008	0.0180908
-4.862809e-008	0.0342529
-4.860309e-008	0.0265381
-4.857809e-008	0.0143066
-4.855309e-008	0.00732423
-4.852809e-008	0.0182617
-4.850309e-008	0.0232666
-4.847809e-008	0.00549317
-4.845309e-008	0.0129395
-4.842809e-008	0.0210693
-4.840309e-008	0.0142334
-4.837809e-008	0.024292
-4.835309e-008	0.0243408
-4.832809e-008	0.0251709
-4.830309e-008	0.0312256
-4.827809e-008	0.0174805
-4.825309e-008	0.0174072
-4.822809e-008	0.0279541
-4.820309e-008	0.0200928
-4.817809e-008	0.0179932
-4.815309e-008	0.0234375
-4.812809e-008	0.024292
-4.810309e-008	0.0274658
-4.807809e-008	0.0243408
-4.805309e-008	0.0240723
-4.802809e-008	0.0314697
-4.800309e-008	0.0315918
-4.797809e-008	0.0236328
-4.795309e-008	0.0225586
-4.792809e-008	0.0313965
-4.790309e-008	0.0232422
-4.787809e-008	0.0168945
-4.785309e-008	0.0315186
-4.782809e-008	0.0248535
-4.780309e-008	0.00600587
-4.777809e-008	0.0155518
-4.775309e-008	0.0240234
-4.772809e-008	0.0193359
-4.770309e-008	0.0275879
-4.767809e-008	0.0218994
-4.765309e-008	0.0125977
-4.762809e-008	0.0259277
-4.760309e-008	0.0250977
-4.757809e-008	0.0236816
-4.755309e-008	0.0314697
-4.752809e-008	0.0281494
-4.750309e-008	0.0256104
-4.747809e-008	0.0151856
-4.745309e-008	0.0164551
-4.742809e-008	0.0293457
-4.740309e-008	0.0173096
-4.737809e-008	0.0187256
-4.735309e-008	0.0358643
-4.732809e-008	0.0405762
-4.730309e-008	0.0327393
-4.727809e-008	0.00905762
-4.725309e-008	0.014502
-4.722809e-008	0.0328369
-4.720309e-008	0.0227539
-4.717809e-008	0.0237793
-4.715309e-008	0.0258545
-4.712809e-008	0.0214356
-4.710309e-008	0.0309326
-4.707809e-008	0.0251221
-4.705309e-008	0.0165283
-4.702809e-008	0.0271973
-4.700309e-008	0.0312744
-4.697809e-008	0.0330566
-4.695309e-008	0.0320068
-4.692809e-008	0.027002
-4.690309e-008	0.0351074
-4.687809e-008	0.0277588
-4.685309e-008	0.00620118
-4.682809e-008	0.0107666
-4.680309e-008	0.0230713
-4.677809e-008	0.0229736
-4.675309e-008	0.0248779
-4.672809e-008	0.0149658
-4.670309e-008	0.00844727
-4.667809e-008	0.0283203
-4.665309e-008	0.0361816
-4.662809e-008	0.0284424
-4.660309e-008	0.018457
-4.657809e-008	0.0185791
-4.655309e-008	0.0332764
-4.652809e-008	0.0400879
-4.650309e-008	0.0476318
-4.647809e-008	0.0248535
-4.645309e-008	0.00168458
-4.642809e-008	0.0376953
-4.640309e-008	0.0448975
-4.637809e-008	0.0214111
-4.635309e-008	0.0241699
-4.632809e-008	0.0265869
-4.630309e-008	0.0266846
-4.627809e-008	0.0234375
-4.625309e-008	0.0322754
-4.622809e-008	0.0436768
-4.620309e-008	0.0260254
-4.617809e-008	0.0143311
-4.615309e-008	0.0220703
-4.612809e-008	0.0291748
-4.610309e-008	0.0240967
-4.607809e-008	0.0131104
-4.605309e-008	0.0112793
-4.602809e-008	0.0123047
-4.600309e-008	0.0187988
-4.597809e-008	0.0278076
-4.595309e-008	0.0259277
-4.592809e-008	0.0235352
-4.590309e-008	0.0327881
-4.587809e-008	0.0374512
-4.585309e-008	0.0312744
-4.582809e-008	0.0305176
-4.580309e-008	0.0250977
-4.577809e-008	0.0236572
-4.575309e-008	0.041626
-4.572809e-008	0.0428467
-4.570309e-008	0.0257568
-4.567809e-008	0.0193848
-4.565309e-008	0.015332
-4.562809e-008	0.0124268
-4.560309e-008	0.0165283
-4.557809e-008	0.0159912
-4.555309e-008	0.0124512
-4.552809e-008	0.0214356
-4.550309e-008	0.0362793
-4.547809e-008	0.0300293
-4.545309e-008	0.01875
-4.542809e-008	0.0258545
-4.540309e-008	0.0279053
-4.537809e-008	0.0216065
-4.535309e-008	0.0209961
-4.532809e-008	0.0237061
-4.530309e-008	0.0246826
-4.527809e-008	0.0247315
-4.525309e-008	0.0255127
-4.522809e-008	0.0209229
-4.520309e-008	0.0261475
-4.517809e-008	0.0327393
-4.515309e-008	0.0261475
-4.512809e-008	0.0261231
-4.510309e-008	0.0192383
-4.507809e-008	0.0121338
-4.505309e-008	0.0209473
-4.502809e-008	0.0250733
-4.500309e-008	0.0256836
-4.497809e-008	0.025293
-4.495309e-008	0.0248047
-4.492809e-008	0.0261963
-4.490309e-008	0.0266846
-4.487809e-008	0.0253906
-4.485309e-008	0.0182373
-4.482809e-008	0.0224609
-4.480309e-008	0.0291016
-4.477809e-008	0.0175781
-4.475309e-008	0.0140625
-4.472809e-008	0.0223633
-4.470309e-008	0.018457
-4.467809e-008	0.0101563
-4.465309e-008	0.0175293
-4.462809e-008	0.027417
-4.460309e-008	0.0215332
-4.457809e-008	0.0238281
-4.455309e-008	0.0369873
-4.452809e-008	0.0295654
-4.450309e-008	0.0206543
-4.447809e-008	0.0246094
-4.445309e-008	0.0193359
-4.442809e-008	0.0192139
-4.440309e-008	0.0203125
-4.437809e-008	0.0110352
-4.435309e-008	0.0141357
-4.432809e-008	0.0175293
-4.430309e-008	0.0192627
-4.427809e-008	0.0287598
-4.425309e-008	0.0299561
-4.422809e-008	0.0304199
-4.420309e-008	0.0283691
-4.417809e-008	0.0295899
-4.415309e-008	0.0337647
-4.412809e-008	0.0182861
-4.410309e-008	0.0157959
-4.407809e-008	0.0260742
-4.405309e-008	0.0227295
-4.402809e-008	0.0293701
-4.400309e-008	0.0303223
-4.397809e-008	0.0162842
-4.395309e-008	0.0130371
-4.392809e-008	0.0230713
-4.390309e-008	0.0362305
-4.387809e-008	0.028125
-4.385309e-008	0.0154785
-4.382809e-008	0.0286133
-4.380309e-008	0.0302246
-4.377809e-008	0.0117188
-4.375309e-008	0.0199707
-4.372809e-008	0.0416504
-4.370309e-008	0.0307129
-4.367809e-008	0.0101807
-4.365309e-008	0.0205322
-4.362809e-008	0.0396729
-4.360309e-008	0.0355469
-4.357809e-008	0.0184326
-4.355309e-008	0.0157227
-4.352809e-008	0.0316162
-4.350309e-008	0.0359375
-4.347809e-008	0.0143066
-4.345309e-008	0.0043213
-4.342809e-008	0.0229981
-4.340309e-008	0.0322754
-4.337809e-008	0.0297608
-4.335309e-008	0.0321289
-4.332809e-008	0.0286377
-4.330309e-008	0.0279053
-4.327809e-008	0.031665
-4.325309e-008	0.0251221
-4.322809e-008	0.0181641
-4.320309e-008	0.0260254
-4.317809e-008	0.0279297
-4.315309e-008	0.0184326
-4.312809e-008	0.026709
-4.310309e-008	0.0322022
-4.307809e-008	0.0250733
-4.305309e-008	0.0276856
-4.302809e-008	0.0249268
-4.300309e-008	0.0224609
-4.297809e-008	0.0326172
-4.295309e-008	0.0284912
-4.292809e-008	0.0223389
-4.290309e-008	0.0305176
-4.287809e-008	0.0199707
-4.285309e-008	0.00607911
-4.282809e-008	0.010791
-4.280309e-008	0.0179199
-4.277809e-008	0.0227783
-4.275309e-008	0.0173828
-4.272809e-008	0.0204102
-4.270309e-008	0.0253174
-4.267809e-008	0.00908204
-4.265309e-008	0.0144043
-4.262809e-008	0.034082
-4.260309e-008	0.0262207
-4.257809e-008	0.0186279
-4.255309e-008	0.0221924
-4.252809e-008	0.0284912
-4.250309e-008	0.0344727
-4.247809e-008	0.0209229
-4.245309e-008	0.0119873
-4.242809e-008	0.0162842
-4.240309e-008	0.0179443
-4.237809e-008	0.0262695
-4.235309e-008	0.0277344
-4.232809e-008	0.0273193
-4.230309e-008	0.0224365
-4.227809e-008	-0.000146477
-4.225309e-008	0.00249024
-4.222809e-008	0.0266846
-4.220309e-008	0.0274414
-4.217809e-008	0.0178223
-4.215309e-008	0.013794
-4.212809e-008	0.015625
-4.210309e-008	0.0207764
-4.207809e-008	0.0125488
-4.205309e-008	0.0088379
-4.202809e-008	0.0205566
-4.200309e-008	0.0267578
-4.197809e-008	0.0286621
-4.195309e-008	0.028833
-4.192809e-008	0.0284668
-4.190309e-008	0.0211914
-4.187809e-008	0.0119629
-4.185309e-008	0.0164307
-4.182809e-008	0.018335
-4.180309e-008	0.01604
-4.177809e-008	0.0155518
-4.175309e-008	0.0225098
-4.172809e-008	0.0417236
-4.170309e-008	0.0353272
-4.167809e-008	0.0120361
-4.165309e-008	0.0127441
-4.162809e-008	0.0128662
-4.160309e-008	0.0161865
-4.157809e-008	0.0323731
-4.155309e-008	0.032251
-4.152809e-008	0.0285645
-4.150309e-008	0.0280274
-4.147809e-008	0.0279785
-4.145309e-008	0.0272461
-4.142809e-008	0.0207275
-4.140309e-008	0.0234863
-4.137809e-008	0.0243652
-4.135309e-008	0.0303467
-4.132809e-008	0.039209
-4.130309e-008	0.0237061
-4.127809e-008	0.013208
-4.125309e-008	0.0191895
-4.122809e-008	0.0236328
-4.120309e-008	0.0269531
-4.117809e-008	0.030127
-4.115309e-008	0.0223633
-4.112809e-008	0.0167481
-4.110309e-008	0.0296875
-4.107809e-008	0.0252441
-4.105309e-008	0.0160156
-4.102809e-008	0.0213867
-4.100309e-008	0.0228272
-4.097809e-008	0.033667
-4.095309e-008	0.0266358
-4.092809e-008	0.0149658
-4.090309e-008	0.0347168
-4.087809e-008	0.0336426
-4.085309e-008	0.0139404
-4.082809e-008	0.0214356
-4.080309e-008	0.0314697
-4.077809e-008	0.0251709
-4.075309e-008	0.0237061
-4.072809e-008	0.0266113
-4.070309e-008	0.0273438
-4.067809e-008	0.0252197
-4.065309e-008	0.023291
-4.062809e-008	0.0238037
-4.060309e-008	0.015625
-4.057809e-008	0.0127686
-4.055309e-008	0.0235596
-4.052809e-008	0.0345215
-4.050309e-008	0.0333984
-4.047809e-008	0.0214844
-4.045309e-008	0.0289551
-4.042809e-008	0.0385986
-4.040309e-008	0.0246094
-4.037809e-008	0.0197754
-4.035309e-008	0.0182861
-4.032809e-008	0.00881348
-4.030309e-008	0.0139404
-4.027809e-008	0.0160645
-4.025309e-008	0.0138672
-4.022809e-008	0.0278076
-4.020309e-008	0.0382813
-4.017809e-008	0.0297608
-4.015309e-008	0.0199463
-4.012809e-008	0.0338135
-4.010309e-008	0.037915
-4.007809e-008	0.00922852
-4.005309e-008	0.00983887
-4.002809e-008	0.0307617
-4.000309e-008	0.0221436
-3.997809e-008	0.0172119
-3.995309e-008	0.0301025
-3.992809e-008	0.035791
-3.990309e-008	0.0258789
-3.987809e-008	0.0132568
-3.985309e-008	0.0138184
-3.982809e-008	0.0181397
-3.980309e-008	0.025293
-3.977809e-008	0.0295899
-3.975309e-008	0.0172852
-3.972809e-008	0.018335
-3.970309e-008	0.0249512
-3.967809e-008	0.0104736
-3.965309e-008	0.0127441
-3.962809e-008	0.0233887
-3.960309e-008	0.0241943
-3.957809e-008	0.0287109
-3.955309e-008	0.0189941
-3.952809e-008	0.0224609
-3.950309e-008	0.032544
-3.947809e-008	0.0100342
-3.945309e-008	0.0101807
-3.942809e-008	0.0320068
-3.940309e-008	0.0298096
-3.937809e-008	0.0196777
-3.935309e-008	0.00749512
-3.932809e-008	0.0143311
-3.930309e-008	0.0364014
-3.927809e-008	0.0300781
-3.925309e-008	0.0240234
-3.922809e-008	0.0280762
-3.920309e-008	0.0170654
-3.917809e-008	0.0190674
-3.915309e-008	0.0202637
-3.912809e-008	0.0168457
-3.910309e-008	0.0339356
-3.907809e-008	0.0284912
-3.905309e-008	0.0187744
-3.902809e-008	0.0350342
-3.900309e-008	0.0331787
-3.897809e-008	0.0293701
-3.895309e-008	0.0293457
-3.892809e-008	0.0151367
-3.890309e-008	0.0201416
-3.887809e-008	0.0258301
-3.885309e-008	0.0216065
-3.882809e-008	0.0348389
-3.880309e-008	0.0269287
-3.877809e-008	0.00869141
-3.875309e-008	0.0206787
-3.872809e-008	0.0168945
-3.870309e-008	0.00402833
-3.867809e-008	0.0148682
-3.865309e-008	0.0208252
-3.862809e-008	0.0250244
-3.860309e-008	0.0273193
-3.857809e-008	0.0143066
-3.855309e-008	0.0130615
-3.852809e-008	0.030127
-3.850309e-008	0.0394043
-3.847809e-008	0.0302734
-3.845309e-008	0.0206299
-3.842809e-008	0.0197022
-3.840309e-008	0.021582
-3.837809e-008	0.0236328
-3.835309e-008	0.0109863
-3.832809e-008	0.00620118
-3.830309e-008	0.0243652
-3.827809e-008	0.0243652
-3.825309e-008	0.0212158
-3.822809e-008	0.0253174
-3.820309e-008	0.0130615
-3.817809e-008	0.0169434
-3.815309e-008	0.0281494
-3.812809e-008	0.0297363
-3.810309e-008	0.0410156
-3.807809e-008	0.030542
-3.805309e-008	0.014624
-3.802809e-008	0.0241699
-3.800309e-008	0.0292969
-3.797809e-008	0.0341553
-3.795309e-008	0.0368897
-3.792809e-008	0.0282959
-3.790309e-008	0.0283691
-3.787809e-008	0.0299561
-3.785309e-008	0.0169678
-3.782809e-008	0.00595704
-3.780309e-008	0.0187256
-3.777809e-008	0.0382324
-3.775309e-008	0.0334961
-3.772809e-008	0.0197998
-3.770309e-008	0.0256348
-3.767809e-008	0.0303223
-3.765309e-008	0.0284912
-3.762809e-008	0.0360352
-3.760309e-008	0.0354492
-3.757809e-008	0.0312744
-3.755309e-008	0.0300781
-3.752809e-008	0.0279053
-3.750309e-008	0.0293701
-3.747809e-008	0.0240723
-3.745309e-008	0.021875
-3.742809e-008	0.0250244
-3.740309e-008	0.0206787
-3.737809e-008	0.0162354
-3.735309e-008	0.00957032
-3.732809e-008	0.0120361
-3.730309e-008	0.0298096
-3.727809e-008	0.0238525
-3.725309e-008	0.00895997
-3.722809e-008	0.0269775
-3.720309e-008	0.0391846
-3.717809e-008	0.0274414
-3.715309e-008	0.0258545
-3.712809e-008	0.0306641
-3.710309e-008	0.0267334
-3.707809e-008	0.02146
-3.705309e-008	0.0216065
-3.702809e-008	0.0263672
-3.700309e-008	0.0293701
-3.697809e-008	0.0290772
-3.695309e-008	0.0291016
-3.692809e-008	0.0289795
-3.690309e-008	0.0320557
-3.687809e-008	0.0312744
-3.685309e-008	0.0280518
-3.682809e-008	0.0269531
-3.680309e-008	0.016626
-3.677809e-008	0.0124756
-3.675309e-008	0.0151856
-3.672809e-008	0.0210449
-3.670309e-008	0.032251
-3.667809e-008	0.0240723
-3.665309e-008	0.0148438
-3.662809e-008	0.0174805
-3.660309e-008	0.0116211
-3.657809e-008	0.0133789
-3.655309e-008	0.0319336
-3.652809e-008	0.0419922
-3.650309e-008	0.0368408
-3.647809e-008	0.0281006
-3.645309e-008	0.0200195
-3.642809e-008	0.0233399
-3.640309e-008	0.0281494
-3.637809e-008	0.020459
-3.635309e-008	0.0228027
-3.632809e-008	0.0298828
-3.630309e-008	0.0175293
-3.627809e-008	0.0166748
-3.625309e-008	0.0321289
-3.622809e-008	0.0279297
-3.620309e-008	0.0239746
-3.617809e-008	0.0236084
-3.615309e-008	0.0203857
-3.612809e-008	0.0325684
-3.610309e-008	0.0376709
-3.607809e-008	0.032251
-3.605309e-008	0.0231934
-3.602809e-008	0.017041
-3.600309e-008	0.0249024
-3.597809e-008	0.0230469
-3.595309e-008	0.0185547
-3.592809e-008	0.0207031
-3.590309e-008	0.020166
-3.587809e-008	0.0177734
-3.585309e-008	0.0108887
-3.582809e-008	0.0211914
-3.580309e-008	0.0348145
-3.577809e-008	0.0231445
-3.575309e-008	0.0197998
-3.572809e-008	0.0282959
-3.570309e-008	0.0194336
-3.567809e-008	0.0103516
-3.565309e-008	0.0205566
-3.562809e-008	0.0240479
-3.560309e-008	0.0115234
-3.557809e-008	0.0176514
-3.555309e-008	0.0272461
-3.552809e-008	0.0251221
-3.550309e-008	0.0371094
-3.547809e-008	0.0249024
-3.545309e-008	0.000805672
-3.542809e-008	0.0140137
-3.540309e-008	0.0197998
-3.537809e-008	0.0188232
-3.535309e-008	0.0249756
-3.532809e-008	0.0223633
-3.530309e-008	0.020044
-3.527809e-008	0.00700684
-3.525309e-008	0.000512703
-3.522809e-008	0.00341798
-3.520309e-008	0.0125244
-3.517809e-008	0.0340332
-3.515309e-008	0.0205811
-3.512809e-008	0.0124512
-3.510309e-008	0.031665
-3.507809e-008	0.0164063
-3.505309e-008	0.0122803
-3.502809e-008	0.0271973
-3.500309e-008	0.0222656
-3.497809e-008	0.0214356
-3.495309e-008	0.0193604
-3.492809e-008	0.0236816
-3.490309e-008	0.0308838
-3.487809e-008	0.0218018
-3.485309e-008	0.0155029
-3.482809e-008	0.012915
-3.480309e-008	0.0169434
-3.477809e-008	0.0120606
-3.475309e-008	0.00458985
-3.472809e-008	0.0249268
-3.470309e-008	0.0280762
-3.467809e-008	0.0202393
-3.465309e-008	0.020752
-3.462809e-008	0.00708009
-3.460309e-008	0.0212402
-3.457809e-008	0.0356201
-3.455309e-008	0.0147705
-3.452809e-008	0.014624
-3.450309e-008	0.0229981
-3.447809e-008	0.0209717
-3.445309e-008	0.0241455
-3.442809e-008	0.0213379
-3.440309e-008	0.0169922
-3.437809e-008	0.0132568
-3.435309e-008	0.0157959
-3.432809e-008	0.0243652
-3.430309e-008	0.0199707
-3.427809e-008	0.0162598
-3.425309e-008	0.0179443
-3.422809e-008	0.0213379
-3.420309e-008	0.0261719
-3.417809e-008	0.0165772
-3.415309e-008	0.0131104
-3.412809e-008	0.0267822
-3.410309e-008	0.0352295
-3.407809e-008	0.0191406
-3.405309e-008	-0.000341789
-3.402809e-008	0.0203369
-3.400309e-008	0.0313233
-3.397809e-008	0.0134522
-3.395309e-008	0.00991212
-3.392809e-008	0.00949708
-3.390309e-008	0.0217285
-3.387809e-008	0.0340332
-3.385309e-008	0.0313233
-3.382809e-008	0.033667
-3.380309e-008	0.0239746
-3.377809e-008	0.0199219
-3.375309e-008	0.0264404
-3.372809e-008	0.0250488
-3.370309e-008	0.0378174
-3.367809e-008	0.0308106
-3.365309e-008	0.00949708
-3.362809e-008	0.02229
-3.360309e-008	0.0246338
-3.357809e-008	0.0217041
-3.355309e-008	0.0299561
-3.352809e-008	0.0214111
-3.350309e-008	0.0193848
-3.347809e-008	0.0171143
-3.345309e-008	0.0167969
-3.342809e-008	0.0246826
-3.340309e-008	0.0177734
-3.337809e-008	0.0165527
-3.335309e-008	0.0183594
-3.332809e-008	0.0178955
-3.330309e-008	0.0172607
-3.327809e-008	0.00124512
-3.325309e-008	0.00366212
-3.322809e-008	0.0223877
-3.320309e-008	0.0203613
-3.317809e-008	0.0246826
-3.315309e-008	0.0322998
-3.312809e-008	0.0236572
-3.310309e-008	0.0198975
-3.307809e-008	0.015625
-3.305309e-008	0.0149658
-3.302809e-008	0.019458
-3.300309e-008	0.0171875
-3.297809e-008	0.0169434
-3.295309e-008	0.0196533
-3.292809e-008	0.0313721
-3.290309e-008	0.0315674
-3.287809e-008	0.0185791
-3.285309e-008	0.0276123
-3.282809e-008	0.0235352
-3.280309e-008	0.00947266
-3.277809e-008	0.0210693
-3.275309e-008	0.0193115
-3.272809e-008	0.0171875
-3.270309e-008	0.0293213
-3.267809e-008	0.0200684
-3.265309e-008	0.0252441
-3.262809e-008	0.0409668
-3.260309e-008	0.019458
-3.257809e-008	0.0120361
-3.255309e-008	0.0182617
-3.252809e-008	0.0138428
-3.250309e-008	0.0345215
-3.247809e-008	0.0198486
-3.245309e-008	-0.00815429
-3.242809e-008	0.018042
-3.240309e-008	0.0258057
-3.237809e-008	0.0251953
-3.235309e-008	0.0296631
-3.232809e-008	0.0150879
-3.230309e-008	0.0197022
-3.227809e-008	0.0261475
-3.225309e-008	0.0252197
-3.222809e-008	0.0283936
-3.220309e-008	0.0233643
-3.217809e-008	0.016333
-3.215309e-008	0.015332
-3.212809e-008	0.0253662
-3.210309e-008	0.0288574
-3.207809e-008	0.0217529
-3.205309e-008	0.0256592
-3.202809e-008	0.0273682
-3.200309e-008	0.0203613
-3.197809e-008	0.0286865
-3.195309e-008	0.0343262
-3.192809e-008	0.02229
-3.190309e-008	0.0197754
-3.187809e-008	0.0177002
-3.185309e-008	0.011377
-3.182809e-008	0.0181152
-3.180309e-008	0.0304199
-3.177809e-008	0.033374
-3.175309e-008	0.0189453
-3.172809e-008	0.0195068
-3.170309e-008	0.0253418
-3.167809e-008	0.00568848
-3.165309e-008	0.0188965
-3.162809e-008	0.0355713
-3.160309e-008	0.00808106
-3.157809e-008	0.010376
-3.155309e-008	0.0242432
-3.152809e-008	0.0239502
-3.150309e-008	0.0348145
-3.147809e-008	0.0169434
-3.145309e-008	0.011377
-3.142809e-008	0.0343262
-3.140309e-008	0.0220215
-3.137809e-008	0.0135254
-3.135309e-008	0.0260498
-3.132809e-008	0.0284912
-3.130309e-008	0.0308106
-3.127809e-008	0.0347412
-3.125309e-008	0.0310303
-3.122809e-008	0.0158936
-3.120309e-008	0.017627
-3.117809e-008	0.0291016
-3.115309e-008	0.0106445
-3.112809e-008	0.00544434
-3.110309e-008	0.0215576
-3.107809e-008	0.0207275
-3.105309e-008	0.0252441
-3.102809e-008	0.029541
-3.100309e-008	0.0246094
-3.097809e-008	0.0301514
-3.095309e-008	0.0320801
-3.092809e-008	0.0301514
-3.090309e-008	0.0346191
-3.087809e-008	0.032251
-3.085309e-008	0.0257568
-3.082809e-008	0.0244385
-3.080309e-008	0.0203125
-3.077809e-008	0.0227783
-3.075309e-008	0.0261475
-3.072809e-008	0.0150879
-3.070309e-008	0.0234375
-3.067809e-008	0.032959
-3.065309e-008	0.0244629
-3.062809e-008	0.0310059
-3.060309e-008	0.0217041
-3.057809e-008	0.0135986
-3.055309e-008	0.0279785
-3.052809e-008	0.0227051
-3.050309e-008	0.0197998
-3.047809e-008	0.0203857
-3.045309e-008	0.0107666
-3.042809e-008	0.0111084
-3.040309e-008	0.0163818
-3.037809e-008	0.0183106
-3.035309e-008	0.0161133
-3.032809e-008	0.0242676
-3.030309e-008	0.0346191
-3.027809e-008	0.0245606
-3.025309e-008	0.01604
-3.022809e-008	0.0256836
-3.020309e-008	0.028125
-3.017809e-008	0.0223633
-3.015309e-008	0.0309815
-3.012809e-008	0.018042
-3.010309e-008	0.000415047
-3.007809e-008	0.0214356
-3.005309e-008	0.024292
-3.002809e-008	0.0178467
-3.000309e-008	0.0243652
-2.997809e-008	0.0177246
-2.995309e-008	0.0345459
-2.992809e-008	0.0519531
-2.990309e-008	0.032544
-2.987809e-008	0.016919
-2.985309e-008	0.0149902
-2.982809e-008	0.0226074
-2.980309e-008	0.0283936
-2.977809e-008	0.0178955
-2.975309e-008	0.0202637
-2.972809e-008	0.0259766
-2.970309e-008	0.0205811
-2.967809e-008	0.0258789
-2.965309e-008	0.0197754
-2.962809e-008	0.0127197
-2.960309e-008	0.0177979
-2.957809e-008	0.0153076
-2.955309e-008	0.0268066
-2.952809e-008	0.0337891
-2.950309e-008	0.0296387
-2.947809e-008	0.0308838
-2.945309e-008	0.020044
-2.942809e-008	0.0196289
-2.940309e-008	0.0199707
-2.937809e-008	0.012915
-2.935309e-008	0.0269287
-2.932809e-008	0.0321289
-2.930309e-008	0.02771
-2.927809e-008	0.0313477
-2.925309e-008	0.0317383
-2.922809e-008	0.028125
-2.920309e-008	0.0172607
-2.917809e-008	0.0215332
-2.915309e-008	0.0287842
-2.912809e-008	0.0163574
-2.910309e-008	0.0140869
-2.907809e-008	0.0124024
-2.905309e-008	0.0199707
-2.902809e-008	0.0381836
-2.900309e-008	0.0313965
-2.897809e-008	0.0253906
-2.895309e-008	0.0160889
-2.892809e-008	0.0118408
-2.890309e-008	0.0250977
-2.887809e-008	0.0125488
-2.885309e-008	0.0123779
-2.882809e-008	0.0314941
-2.880309e-008	0.026709
-2.877809e-008	0.0266113
-2.875309e-008	0.0281006
-2.872809e-008	0.0217285
-2.870309e-008	0.0260254
-2.867809e-008	0.0180908
-2.865309e-008	0.00920411
-2.862809e-008	0.0230225
-2.860309e-008	0.0268799
-2.857809e-008	0.0279785
-2.855309e-008	0.0333008
-2.852809e-008	0.0256592
-2.850309e-008	0.0297119
-2.847809e-008	0.0274414
-2.845309e-008	0.0106934
-2.842809e-008	0.0165772
-2.840309e-008	0.0258057
-2.837809e-008	0.0243408
-2.835309e-008	0.0259033
-2.832809e-008	0.0271729
-2.830309e-008	0.0232178
-2.827809e-008	0.0116943
-2.825309e-008	0.0111328
-2.822809e-008	0.0303711
-2.820309e-008	0.0327149
-2.817809e-008	0.00942384
-2.815309e-008	0.00634766
-2.812809e-008	0.0291504
-2.810309e-008	0.0325928
-2.807809e-008	0.0156738
-2.805309e-008	0.00976563
-2.802809e-008	0.0216309
-2.800309e-008	0.0344971
-2.797809e-008	0.0213135
-2.795309e-008	0.00222169
-2.792809e-008	0.00795899
-2.790309e-008	0.0194336
-2.787809e-008	0.0292725
-2.785309e-008	0.0342529
-2.782809e-008	0.0278076
-2.780309e-008	0.0227051
-2.777809e-008	0.0181152
-2.775309e-008	0.0132568
-2.772809e-008	0.0200195
-2.770309e-008	0.0286133
-2.767809e-008	0.0206299
-2.765309e-008	0.0109131
-2.762809e-008	0.0196289
-2.760309e-008	0.0245606
-2.757809e-008	0.0135742
-2.755309e-008	0.0218506
-2.752809e-008	0.0401123
-2.750309e-008	0.0269531
-2.747809e-008	0.00876466
-2.745309e-008	0.0153565
-2.742809e-008	0.0295166
-2.740309e-008	0.0327149
-2.737809e-008	0.0282471
-2.735309e-008	0.0301758
-2.732809e-008	0.0276856
-2.730309e-008	0.0168457
-2.727809e-008	0.0150635
-2.725309e-008	0.0209717
-2.722809e-008	0.0181152
-2.720309e-008	0.00610352
-2.717809e-008	0.0150879
-2.715309e-008	0.0322022
-2.712809e-008	0.0279297
-2.710309e-008	0.0271729
-2.707809e-008	0.0243164
-2.705309e-008	0.0173584
-2.702809e-008	0.0272217
-2.700309e-008	0.0262695
-2.697809e-008	0.0149658
-2.695309e-008	0.0217529
-2.692809e-008	0.0343994
-2.690309e-008	0.0333984
-2.687809e-008	0.0267578
-2.685309e-008	0.0258301
-2.682809e-008	0.0252441
-2.680309e-008	0.0259033
-2.677809e-008	0.0226563
-2.675309e-008	0.0175537
-2.672809e-008	0.0283936
-2.670309e-008	0.0315674
-2.667809e-008	0.00817872
-2.665309e-008	-0.00102538
-2.662809e-008	0.016626
-2.660309e-008	0.0272949
-2.657809e-008	0.0303955
-2.655309e-008	0.0302246
-2.652809e-008	0.025415
-2.650309e-008	0.0227783
-2.647809e-008	0.0202149
-2.645309e-008	0.0182861
-2.642809e-008	0.014209
-2.640309e-008	0.0201416
-2.637809e-008	0.0104492
-2.635309e-008	-0.00803222
-2.632809e-008	0.0237061
-2.630309e-008	0.0309815
-2.627809e-008	-0.0043457
-2.625309e-008	-0.0019287
-2.622809e-008	0.00952149
-2.620309e-008	0.0137695
-2.617809e-008	0.0165039
-2.615309e-008	0.00788575
-2.612809e-008	0.00456544
-2.610309e-008	0.00957032
-2.607809e-008	0.013501
-2.605309e-008	0.0133545
-2.602809e-008	0.0181885
-2.600309e-008	0.0208008
-2.597809e-008	0.0269043
-2.595309e-008	0.0337158
-2.592809e-008	0.0170654
-2.590309e-008	0.0182617
-2.587809e-008	0.030249
-2.585309e-008	0.0166016
-2.582809e-008	0.019043
-2.580309e-008	0.0289551
-2.577809e-008	0.0259766
-2.575309e-008	0.0243652
-2.572809e-008	0.0181397
-2.570309e-008	0.0211426
-2.567809e-008	0.0235107
-2.565309e-008	0.0110596
-2.562809e-008	0.0181885
-2.560309e-008	0.0296143
-2.557809e-008	0.0183838
-2.555309e-008	0.0189941
-2.552809e-008	0.0291016
-2.550309e-008	0.0269043
-2.547809e-008	0.0246826
-2.545309e-008	0.025293
-2.542809e-008	0.0221191
-2.540309e-008	0.0176758
-2.537809e-008	0.0241699
-2.535309e-008	0.0178955
-2.532809e-008	0.00834962
-2.530309e-008	0.02229
-2.527809e-008	0.0139404
-2.525309e-008	0.0125244
-2.522809e-008	0.0354004
-2.520309e-008	0.0254395
-2.517809e-008	0.0198242
-2.515309e-008	0.0281738
-2.512809e-008	0.0218018
-2.510309e-008	0.0286133
-2.507809e-008	0.0319092
-2.505309e-008	0.0177002
-2.502809e-008	0.0143311
-2.500309e-008	0.0161133
-2.497809e-008	0.0229736
-2.495309e-008	0.0296875
-2.492809e-008	0.0232178
-2.490309e-008	0.0171631
-2.487809e-008	0.0138672
-2.485309e-008	0.0205811
-2.482809e-008	0.026709
-2.480309e-008	0.0229492
-2.477809e-008	0.0164795
-2.475309e-008	0.00651856
-2.472809e-008	0.0137695
-2.470309e-008	0.0211182
-2.467809e-008	0.022876
-2.465309e-008	0.0240967
-2.462809e-008	0.0111816
-2.460309e-008	0.0190674
-2.457809e-008	0.02854
-2.455309e-008	0.0141113
-2.452809e-008	0.011499
-2.450309e-008	0.0244873
-2.447809e-008	0.0300293
-2.445309e-008	0.0214356
-2.442809e-008	0.0185791
-2.440309e-008	0.0154297
-2.437809e-008	0.00991212
-2.435309e-008	0.0172852
-2.432809e-008	0.023169
-2.430309e-008	0.0257324
-2.427809e-008	0.0260498
-2.425309e-008	0.0297119
-2.422809e-008	0.0313965
-2.420309e-008	0.0188232
-2.417809e-008	0.0199707
-2.415309e-008	0.024585
-2.412809e-008	0.0160889
-2.410309e-008	0.0198975
-2.407809e-008	0.0225098
-2.405309e-008	0.0193848
-2.402809e-008	0.022583
-2.400309e-008	0.0188721
-2.397809e-008	0.0179688
-2.395309e-008	0.0262207
-2.392809e-008	0.0352051
-2.390309e-008	0.0347412
-2.387809e-008	0.026001
-2.385309e-008	0.0297119
-2.382809e-008	0.0328613
-2.380309e-008	0.0263184
-2.377809e-008	0.022168
-2.375309e-008	0.0216309
-2.372809e-008	0.0299316
-2.370309e-008	0.0276611
-2.367809e-008	0.00964356
-2.365309e-008	0.0169678
-2.362809e-008	0.0290527
-2.360309e-008	0.0177734
-2.357809e-008	0.0193848
-2.355309e-008	0.020044
-2.352809e-008	0.0171387
-2.350309e-008	0.0257568
-2.347809e-008	0.0139893
-2.345309e-008	0.010791
-2.342809e-008	0.0261719
-2.340309e-008	0.0229981
-2.337809e-008	0.0234619
-2.335309e-008	0.0364502
-2.332809e-008	0.0351318
-2.330309e-008	0.0195557
-2.327809e-008	0.0124024
-2.325309e-008	0.0158936
-2.322809e-008	0.0201172
-2.320309e-008	0.0228516
-2.317809e-008	0.0188965
-2.315309e-008	0.015625
-2.312809e-008	0.0177002
-2.310309e-008	0.0141846
-2.307809e-008	0.0112305
-2.305309e-008	0.0197754
-2.302809e-008	0.0230469
-2.300309e-008	0.0209961
-2.297809e-008	0.0303467
-2.295309e-008	0.0292969
-2.292809e-008	0.0270996
-2.290309e-008	0.0405518
-2.287809e-008	0.0387207
-2.285309e-008	0.0334473
-2.282809e-008	0.033374
-2.280309e-008	0.0250977
-2.277809e-008	0.0202149
-2.275309e-008	0.0150147
-2.272809e-008	0.0164795
-2.270309e-008	0.0245606
-2.267809e-008	0.0242676
-2.265309e-008	0.0252197
-2.262809e-008	0.0296143
-2.260309e-008	0.026709
-2.257809e-008	0.0237793
-2.255309e-008	0.0324707
-2.252809e-008	0.0365723
-2.250309e-008	0.0344971
-2.247809e-008	0.0291748
-2.245309e-008	0.0147949
-2.242809e-008	0.0202881
-2.240309e-008	0.0290527
-2.237809e-008	0.0150147
-2.235309e-008	0.0161133
-2.232809e-008	0.0343506
-2.230309e-008	0.0294678
-2.227809e-008	0.0136231
-2.225309e-008	0.0199707
-2.222809e-008	0.0253662
-2.220309e-008	0.0312988
-2.217809e-008	0.0393799
-2.215309e-008	0.0230713
-2.212809e-008	0.0260742
-2.210309e-008	0.0270996
-2.207809e-008	0.00183106
-2.205309e-008	0.0215576
-2.202809e-008	0.0373047
-2.200309e-008	0.0181885
-2.197809e-008	0.0244141
-2.195309e-008	0.023584
-2.192809e-008	0.0161133
-2.190309e-008	0.0306397
-2.187809e-008	0.0279053
-2.185309e-008	0.0202881
-2.182809e-008	0.0338379
-2.180309e-008	0.0321533
-2.177809e-008	0.0111816
-2.175309e-008	0.0110596
-2.172809e-008	0.0332031
-2.170309e-008	0.0354981
-2.167809e-008	0.0150391
-2.165309e-008	0.0189697
-2.162809e-008	0.0320313
-2.160309e-008	0.0188477
-2.157809e-008	0.0145264
-2.155309e-008	0.0214844
-2.152809e-008	0.0226563
-2.150309e-008	0.0307617
-2.147809e-008	0.0250488
-2.145309e-008	0.0148926
-2.142809e-008	0.0299561
-2.140309e-008	0.0432617
-2.137809e-008	0.0366211
-2.135309e-008	0.015332
-2.132809e-008	0.00239259
-2.130309e-008	0.0158447
-2.127809e-008	0.0221436
-2.125309e-008	0.0191895
-2.122809e-008	0.0211914
-2.120309e-008	0.0183106
-2.117809e-008	0.0273438
-2.115309e-008	0.0323975
-2.112809e-008	0.0236328
-2.110309e-008	0.0195068
-2.107809e-008	0.00888673
-2.105309e-008	0.012085
-2.102809e-008	0.0328369
-2.100309e-008	0.0318848
-2.097809e-008	0.0111572
-2.095309e-008	0.00681153
-2.092809e-008	0.0214111
-2.090309e-008	0.023999
-2.087809e-008	0.0203613
-2.085309e-008	0.0255859
-2.082809e-008	0.0269287
-2.080309e-008	0.0193115
-2.077809e-008	0.0153565
-2.075309e-008	0.0221191
-2.072809e-008	0.0283936
-2.070309e-008	0.0217529
-2.067809e-008	0.00598145
-2.065309e-008	0.00913087
-2.062809e-008	0.0219482
-2.060309e-008	0.0223389
-2.057809e-008	0.027124
-2.055309e-008	0.0250733
-2.052809e-008	0.0205078
-2.050309e-008	0.0241455
-2.047809e-008	0.016919
-2.045309e-008	0.02146
-2.042809e-008	0.0341797
-2.040309e-008	0.0247559
-2.037809e-008	0.0156494
-2.035309e-008	0.0196777
-2.032809e-008	0.0245117
-2.030309e-008	0.0312256
-2.027809e-008	0.0322022
-2.025309e-008	0.0212891
-2.022809e-008	0.0148438
-2.020309e-008	0.0137207
-2.017809e-008	0.0118652
-2.015309e-008	0.0120606
-2.012809e-008	0.0151611
-2.010309e-008	0.0244873
-2.007809e-008	0.027832
-2.005309e-008	0.0300781
-2.002809e-008	0.0401367
-2.000309e-008	0.029541
-1.997809e-008	0.00825196
-1.995309e-008	0.00949708
-1.992809e-008	0.0204102
-1.990309e-008	0.0221436
-1.987809e-008	0.0208984
-1.985309e-008	0.0246826
-1.982809e-008	0.0299561
-1.980309e-008	0.0298584
-1.977809e-008	0.0213623
-1.975309e-008	0.0123535
-1.972809e-008	0.0155029
-1.970309e-008	0.0230469
-1.967809e-008	0.0153809
-1.965309e-008	0.00405274
-1.962809e-008	0.00888673
-1.960309e-008	0.0210449
-1.957809e-008	0.0264649
-1.955309e-008	0.0172852
-1.952809e-008	0.0103516
-1.950309e-008	0.0244629
-1.947809e-008	0.0329102
-1.945309e-008	0.0227539
-1.942809e-008	0.0208496
-1.940309e-008	0.0277344
-1.937809e-008	0.023291
-1.935309e-008	0.0161621
-1.932809e-008	0.0234375
-1.930309e-008	0.0382813
-1.927809e-008	0.040332
-1.925309e-008	0.0306152
-1.922809e-008	0.0262451
-1.920309e-008	0.0221924
-1.917809e-008	0.0146729
-1.915309e-008	0.0157959
-1.912809e-008	0.0247315
-1.910309e-008	0.0231445
-1.907809e-008	0.0169678
-1.905309e-008	0.0186524
-1.902809e-008	0.0135742
-1.900309e-008	0.0146973
-1.897809e-008	0.0197998
-1.895309e-008	0.0161865
-1.892809e-008	0.0274658
-1.890309e-008	0.0251221
-1.887809e-008	0.00185548
-1.885309e-008	0.00280762
-1.882809e-008	0.0136231
-1.880309e-008	0.0162842
-1.877809e-008	0.0239014
-1.875309e-008	0.030542
-1.872809e-008	0.0169434
-1.870309e-008	0.00622559
-1.867809e-008	0.02146
-1.865309e-008	0.021875
-1.862809e-008	0.0184082
-1.860309e-008	0.0308838
-1.857809e-008	0.0246826
-1.855309e-008	0.0162109
-1.852809e-008	0.0201904
-1.850309e-008	0.01875
-1.847809e-008	0.0113281
-1.845309e-008	0.0162842
-1.842809e-008	0.0251465
-1.840309e-008	0.0177246
-1.837809e-008	0.0244141
-1.835309e-008	0.0277832
-1.832809e-008	0.0173828
-1.830309e-008	0.0215576
-1.827809e-008	0.00532227
-1.825309e-008	-0.00266113
-1.822809e-008	0.0185059
-1.820309e-008	0.0164063
-1.817809e-008	0.0164307
-1.815309e-008	0.0213379
-1.812809e-008	0.0133789
-1.810309e-008	0.0217041
-1.807809e-008	0.021167
-1.805309e-008	0.0178467
-1.802809e-008	0.0254883
-1.800309e-008	0.0182861
-1.797809e-008	0.0263184
-1.795309e-008	0.032666
-1.792809e-008	0.0295166
-1.790309e-008	0.0327637
-1.787809e-008	0.0122803
-1.785309e-008	0.0128906
-1.782809e-008	0.0260986
-1.780309e-008	0.0157471
-1.777809e-008	0.0204102
-1.775309e-008	0.0221191
-1.772809e-008	0.0241211
-1.770309e-008	0.0311524
-1.767809e-008	0.0128906
-1.765309e-008	0.00876466
-1.762809e-008	0.0235107
-1.760309e-008	0.0195801
-1.757809e-008	0.0164063
-1.755309e-008	0.0229492
-1.752809e-008	0.0223145
-1.750309e-008	0.0174561
-1.747809e-008	0.020459
-1.745309e-008	0.0319824
-1.742809e-008	0.0331055
-1.740309e-008	0.0263916
-1.737809e-008	0.0300049
-1.735309e-008	0.0314941
-1.732809e-008	0.027417
-1.730309e-008	0.023584
-1.727809e-008	0.0091797
-1.725309e-008	0.0104248
-1.722809e-008	0.0313965
-1.720309e-008	0.0235107
-1.717809e-008	0.0083252
-1.715309e-008	0.0144531
-1.712809e-008	0.0285645
-1.710309e-008	0.0378174
-1.707809e-008	0.0142578
-1.705309e-008	-0.00144042
-1.702809e-008	0.0222412
-1.700309e-008	0.031665
-1.697809e-008	0.0212647
-1.695309e-008	0.0125977
-1.692809e-008	0.0187012
-1.690309e-008	0.0292725
-1.687809e-008	0.0111816
-1.685309e-008	0.00549317
-1.682809e-008	0.0187012
-1.680309e-008	0.0109863
-1.677809e-008	0.0213379
-1.675309e-008	0.0370606
-1.672809e-008	0.0312744
-1.670309e-008	0.0293213
-1.667809e-008	0.0200684
-1.665309e-008	0.0190674
-1.662809e-008	0.0251953
-1.660309e-008	0.0175781
-1.657809e-008	0.0156494
-1.655309e-008	0.0189697
-1.652809e-008	0.0293213
-1.650309e-008	0.0321777
-1.647809e-008	0.0132568
-1.645309e-008	0.012207
-1.642809e-008	0.0304199
-1.640309e-008	0.026416
-1.637809e-008	0.0191162
-1.635309e-008	0.0295899
-1.632809e-008	0.0315918
-1.630309e-008	0.0305176
-1.627809e-008	0.0234619
-1.625309e-008	0.0109375
-1.622809e-008	0.011084
-1.620309e-008	0.00820313
-1.617809e-008	0.0137451
-1.615309e-008	0.015918
-1.612809e-008	0.0130127
-1.610309e-008	0.0275879
-1.607809e-008	0.0222656
-1.605309e-008	0.0143555
-1.602809e-008	0.0208984
-1.600309e-008	0.0220703
-1.597809e-008	0.0248535
-1.595309e-008	0.0152832
-1.592809e-008	0.0180908
-1.590309e-008	0.0301758
-1.587809e-008	0.016919
-1.585309e-008	0.0166992
-1.582809e-008	0.0286133
-1.580309e-008	0.0275635
-1.577809e-008	0.0238525
-1.575309e-008	0.0192871
-1.572809e-008	0.0181641
-1.570309e-008	0.0109619
-1.567809e-008	0.00507813
-1.565309e-008	0.0162109
-1.562809e-008	0.0269287
-1.560309e-008	0.0249268
-1.557809e-008	0.0185059
-1.555309e-008	0.0237061
-1.552809e-008	0.0289063
-1.550309e-008	0.0306397
-1.547809e-008	0.0327149
-1.545309e-008	0.0209473
-1.542809e-008	0.0145996
-1.540309e-008	0.0144287
-1.537809e-008	0.0144775
-1.535309e-008	0.014502
-1.532809e-008	0.014502
-1.530309e-008	0.026416
-1.527809e-008	0.0188477
-1.525309e-008	0.0142578
-1.522809e-008	0.0302246
-1.520309e-008	0.0234131
-1.517809e-008	0.0240479
-1.515309e-008	0.0342041
-1.512809e-008	0.0266358
-1.510309e-008	0.0240967
-1.507809e-008	0.0304443
-1.505309e-008	0.0321777
-1.502809e-008	0.022876
-1.500309e-008	0.0194824
-1.497809e-008	0.0237793
-1.495309e-008	0.0120606
-1.492809e-008	0.00803223
-1.490309e-008	0.0252197
-1.487809e-008	0.0221924
-1.485309e-008	0.011499
-1.482809e-008	0.0208252
-1.480309e-008	0.0239014
-1.477809e-008	0.024292
-1.475309e-008	0.0255615
-1.472809e-008	0.0259277
-1.470309e-008	0.0285645
-1.467809e-008	0.0157959
-1.465309e-008	0.0195557
-1.462809e-008	0.0308838
-1.460309e-008	0.0173584
-1.457809e-008	0.0186768
-1.455309e-008	0.0226074
-1.452809e-008	0.0220947
-1.450309e-008	0.0361572
-1.447809e-008	0.0305176
-1.445309e-008	0.0183106
-1.442809e-008	0.0196777
-1.440309e-008	0.0246338
-1.437809e-008	0.0338135
-1.435309e-008	0.014502
-1.432809e-008	-0.00498046
-1.430309e-008	0.0205566
-1.427809e-008	0.0319092
-1.425309e-008	0.018042
-1.422809e-008	0.0205078
-1.420309e-008	0.0302734
-1.417809e-008	0.02854
-1.415309e-008	0.0192383
-1.412809e-008	0.0220215
-1.410309e-008	0.0239014
-1.407809e-008	0.0161621
-1.405309e-008	0.0168701
-1.402809e-008	0.0206787
-1.400309e-008	0.0253662
-1.397809e-008	0.0244873
-1.395309e-008	0.0162842
-1.392809e-008	0.0197266
-1.390309e-008	0.0313233
-1.387809e-008	0.0273438
-1.385309e-008	0.0142822
-1.382809e-008	0.0191162
-1.380309e-008	0.0200928
-1.377809e-008	0.0138916
-1.375309e-008	0.0210205
-1.372809e-008	0.0262451
-1.370309e-008	0.0344238
-1.367809e-008	0.0293213
-1.365309e-008	0.0124756
-1.362809e-008	0.0120606
-1.360309e-008	0.0106201
-1.357809e-008	0.0203857
-1.355309e-008	0.0338623
-1.352809e-008	0.0351807
-1.350309e-008	0.0342041
-1.347809e-008	0.0183838
-1.345309e-008	0.0169678
-1.342809e-008	0.0247559
-1.340309e-008	0.0203613
-1.337809e-008	0.0249268
-1.335309e-008	0.0217529
-1.332809e-008	0.0266113
-1.330309e-008	0.0327637
-1.327809e-008	0.00861817
-1.325309e-008	0.00473634
-1.322809e-008	0.0217285
-1.320309e-008	0.0219482
-1.317809e-008	0.0208984
-1.315309e-008	0.0290039
-1.312809e-008	0.0365234
-1.310309e-008	0.0300537
-1.307809e-008	0.0199707
-1.305309e-008	0.0202637
-1.302809e-008	0.0178223
-1.300309e-008	0.00754395
-1.297809e-008	0.0130859
-1.295309e-008	0.0271973
-1.292809e-008	0.0156494
-1.290309e-008	0.00827637
-1.287809e-008	0.016919
-1.285309e-008	0.0236328
-1.282809e-008	0.03479
-1.280309e-008	0.0243652
-1.277809e-008	0.0155029
-1.275309e-008	0.030542
-1.272809e-008	0.0371582
-1.270309e-008	0.030957
-1.267809e-008	0.0154297
-1.265309e-008	0.0208496
-1.262809e-008	0.0373291
-1.260309e-008	0.0274658
-1.257809e-008	0.0236816
-1.255309e-008	0.032544
-1.252809e-008	0.0349121
-1.250309e-008	0.028833
-1.247809e-008	0.015625
-1.245309e-008	0.013794
-1.242809e-008	0.0230225
-1.240309e-008	0.0273193
-1.237809e-008	0.0225098
-1.235309e-008	0.0153076
-1.232809e-008	0.0229248
-1.230309e-008	0.0260254
-1.227809e-008	0.0116699
-1.225309e-008	0.0164307
-1.222809e-008	0.0297852
-1.220309e-008	0.0314697
-1.217809e-008	0.0332031
-1.215309e-008	0.019458
-1.212809e-008	0.0164063
-1.210309e-008	0.0318359
-1.207809e-008	0.0172607
-1.205309e-008	0.0145264
-1.202809e-008	0.0322022
-1.200309e-008	0.0252441
-1.197809e-008	0.0270996
-1.195309e-008	0.0295899
-1.192809e-008	0.0267578
-1.190309e-008	0.032959
-1.187809e-008	0.0230957
-1.185309e-008	0.0183838
-1.182809e-008	0.0204346
-1.180309e-008	0.020874
-1.177809e-008	0.0314697
-1.175309e-008	0.0280029
-1.172809e-008	0.0174805
-1.170309e-008	0.0157471
-1.167809e-008	0.00773927
-1.165309e-008	0.012207
-1.162809e-008	0.0307617
-1.160309e-008	0.0290772
-1.157809e-008	0.0281983
-1.155309e-008	0.0268066
-1.152809e-008	0.0141357
-1.150309e-008	0.0243652
-1.147809e-008	0.0276367
-1.145309e-008	0.0165283
-1.142809e-008	0.0167481
-1.140309e-008	0.014917
-1.137809e-008	0.0188721
-1.135309e-008	0.02229
-1.132809e-008	0.025415
-1.130309e-008	0.0327637
-1.127809e-008	0.0232666
-1.125309e-008	0.0196777
-1.122809e-008	0.024585
-1.120309e-008	0.0137207
-1.117809e-008	0.0167236
-1.115309e-008	0.0244629
-1.112809e-008	0.0210938
-1.110309e-008	0.0241455
-1.107809e-008	0.00913087
-1.105309e-008	0.00178223
-1.102809e-008	0.0180908
-1.100309e-008	0.0225342
-1.097809e-008	0.0245606
-1.095309e-008	0.0191406
-1.092809e-008	0.0178955
-1.090309e-008	0.0324219
-1.087809e-008	0.0310791
-1.085309e-008	0.0256836
-1.082809e-008	0.0283203
-1.080309e-008	0.0150391
-1.077809e-008	0.0105469
-1.075309e-008	0.0298096
-1.072809e-008	0.0285889
-1.070309e-008	0.0268066
-1.067809e-008	0.0336182
-1.065309e-008	0.0160645
-1.062809e-008	0.0081543
-1.060309e-008	0.0165283
-1.057809e-008	0.0249756
-1.055309e-008	0.028125
-1.052809e-008	0.0215576
-1.050309e-008	0.0256104
-1.047809e-008	0.0202637
-1.045309e-008	0.00895997
-1.042809e-008	0.0213623
-1.040309e-008	0.0261231
-1.037809e-008	0.0157227
-1.035309e-008	0.0153809
-1.032809e-008	0.0301025
-1.030309e-008	0.0319092
-1.027809e-008	0.0118897
-1.025309e-008	0.015918
-1.022809e-008	0.0222168
-1.020309e-008	0.0108887
-1.017809e-008	0.0165527
-1.015309e-008	0.0180908
-1.012809e-008	0.0263916
-1.010309e-008	0.0374512
-1.007809e-008	0.01875
-1.005309e-008	0.0173828
-1.002809e-008	0.0280518
-1.000309e-008	0.0231934
-9.978089e-009	0.0262695
-9.953089e-009	0.0203125
-9.928089e-009	0.016919
-9.903089e-009	0.0273193
-9.878089e-009	0.0198731
-9.853089e-009	0.0136475
-9.828089e-009	0.0138916
-9.803089e-009	0.0174561
-9.778089e-009	0.0252197
-9.753089e-009	0.0164307
-9.728089e-009	0.0256592
-9.703089e-009	0.0436279
-9.678089e-009	0.0317627
-9.653089e-009	0.0258545
-9.628089e-009	0.0250244
-9.603089e-009	0.0105713
-9.578089e-009	0.0156738
-9.553089e-009	0.0343018
-9.528089e-009	0.031543
-9.503089e-009	0.0319092
-9.478089e-009	0.0287109
-9.453089e-009	0.0111572
-9.428089e-009	0.0212158
-9.403089e-009	0.0292236
-9.378089e-009	0.0270508
-9.353089e-009	0.0349609
-9.328089e-009	0.0283447
-9.303089e-009	0.0343994
-9.278089e-009	0.0417725
-9.253089e-009	0.0258301
-9.228089e-009	0.023584
-9.203089e-009	0.0184082
-9.178089e-009	0.0133545
-9.153089e-009	0.0246338
-9.128089e-009	0.0259522
-9.103089e-009	0.0253906
-9.078089e-009	0.0121826
-9.053089e-009	0.00681153
-9.028089e-009	0.0302734
-9.003089e-009	0.0255371
-8.978089e-009	0.0250977
-8.953089e-009	0.0402588
-8.928089e-009	0.0334473
-8.903089e-009	0.0466309
-8.878089e-009	0.033374
-8.853089e-009	0.00344239
-8.828089e-009	0.0302002
-8.803089e-009	0.0321289
-8.778089e-009	0.0136475
-8.753089e-009	0.0283203
-8.728089e-009	0.03396
-8.703089e-009	0.0262207
-8.678089e-009	0.0147217
-8.653089e-009	0.0195557
-8.628089e-009	0.0316895
-8.603089e-009	0.020874
-8.578089e-009	0.0223633
-8.553089e-009	0.0343262
-8.528089e-009	0.0304443
-8.503089e-009	0.0256104
-8.478089e-009	0.0197266
-8.453089e-009	0.0192627
-8.428089e-009	0.0254883
-8.403089e-009	0.0223633
-8.378089e-009	0.0194824
-8.353089e-009	0.0193115
-8.328089e-009	0.0255615
-8.303089e-009	0.037085
-8.278089e-009	0.0301758
-8.253089e-009	0.0212891
-8.228089e-009	0.0243164
-8.203089e-009	0.0223389
-8.178089e-009	0.0191162
-8.153089e-009	0.0197754
-8.128089e-009	0.0287109
-8.103089e-009	0.0295654
-8.078089e-009	0.0105225
-8.053089e-009	0.0134033
-8.028089e-009	0.0274658
-8.003089e-009	0.0218018
-7.978089e-009	0.0255615
-7.953089e-009	0.0244873
-7.928089e-009	0.0182373
-7.903089e-009	0.0268066
-7.878089e-009	0.0172363
-7.853089e-009	0.0124268
-7.828089e-009	0.0234131
-7.803089e-009	0.0206055
-7.778089e-009	0.0217774
-7.753089e-009	0.0229248
-7.728089e-009	0.020752
-7.703089e-009	0.0234131
-7.678089e-009	0.0170654
-7.653089e-009	0.0149902
-7.628089e-009	0.0227539
-7.603089e-009	0.0160889
-7.578089e-009	0.00798341
-7.553089e-009	0.0234375
-7.528089e-009	0.0381104
-7.503089e-009	0.0311035
-7.478089e-009	0.0200928
-7.453089e-009	0.0175537
-7.428089e-009	0.016919
-7.403089e-009	0.0176025
-7.378089e-009	0.0184815
-7.353089e-009	0.0154053
-7.328089e-009	0.0221191
-7.303089e-009	0.0323975
-7.278089e-009	0.0302246
-7.253089e-009	0.0252686
-7.228089e-009	0.0221436
-7.203089e-009	0.0201416
-7.178089e-009	0.0251221
-7.153089e-009	0.0317627
-7.128089e-009	0.0234619
-7.103089e-009	0.017041
-7.078089e-009	0.026294
-7.053089e-009	0.0233643
-7.028089e-009	0.0193848
-7.003089e-009	0.0270752
-6.978089e-009	0.0231201
-6.953089e-009	0.018042
-6.928089e-009	0.0251221
-6.903089e-009	0.0321289
-6.878089e-009	0.0244141
-6.853089e-009	0.0101563
-6.828089e-009	0.0159912
-6.803089e-009	0.0310547
-6.778089e-009	0.0316895
-6.753089e-009	0.0234619
-6.728089e-009	0.0240723
-6.703089e-009	0.0273926
-6.678089e-009	0.0168457
-6.653089e-009	0.0187988
-6.628089e-009	0.0288086
-6.603089e-009	0.0170899
-6.578089e-009	0.0170654
-6.553089e-009	0.0261231
-6.528089e-009	0.0248291
-6.503089e-009	0.0347656
-6.478089e-009	0.0258789
-6.453089e-009	0.00915528
-6.428089e-009	0.0194824
-6.403089e-009	0.0229736
-6.378089e-009	0.0248535
-6.353089e-009	0.0202637
-6.328089e-009	0.0157715
-6.303089e-009	0.0349854
-6.278089e-009	0.024707
-6.253089e-009	0.0143799
-6.228089e-009	0.0294434
-6.203089e-009	0.019458
-6.178089e-009	0.0138428
-6.153089e-009	0.0137695
-6.128089e-009	0.0203125
-6.103089e-009	0.0390869
-6.078089e-009	0.0193115
-6.053089e-009	0.0104248
-6.028089e-009	0.0320313
-6.003089e-009	0.0292236
-5.978089e-009	0.0228272
-5.953089e-009	0.0182129
-5.928089e-009	0.0200195
-5.903089e-009	0.035376
-5.878089e-009	0.0307617
-5.853089e-009	0.0217529
-5.828089e-009	0.0238525
-5.803089e-009	0.0240479
-5.778089e-009	0.0294434
-5.753089e-009	0.0280274
-5.728089e-009	0.0229736
-5.703089e-009	0.0325195
-5.678089e-009	0.0291016
-5.653089e-009	0.0186279
-5.628089e-009	0.025415
-5.603089e-009	0.0234863
-5.578089e-009	0.0143555
-5.553089e-009	0.0154297
-5.528089e-009	0.0234863
-5.503089e-009	0.0271973
-5.478089e-009	0.0212647
-5.453089e-009	0.0243164
-5.428089e-009	0.0280762
-5.403089e-009	0.0223877
-5.378089e-009	0.0185303
-5.353089e-009	0.0158203
-5.328089e-009	0.0204102
-5.303089e-009	0.0230957
-5.278089e-009	0.015332
-5.253089e-009	0.0178223
-5.228089e-009	0.023877
-5.203089e-009	0.0153076
-5.178089e-009	0.0108399
-5.153089e-009	0.0174805
-5.128089e-009	0.0228516
-5.103089e-009	0.0206299
-5.078089e-009	0.0116211
-5.053089e-009	0.016626
-5.028089e-009	0.0268311
-5.003089e-009	0.0281006
-4.978089e-009	0.0344483
-4.953089e-009	0.0225098
-4.928089e-009	0.00959473
-4.903089e-009	0.0220947
-4.878089e-009	0.0131592
-4.853089e-009	0.00673829
-4.828089e-009	0.0206543
-4.803089e-009	0.01521
-4.778089e-009	0.00808106
-4.753089e-009	0.00407716
-4.728089e-009	0.0175537
-4.703089e-009	0.0378418
-4.678089e-009	0.020044
-4.653089e-009	0.0166016
-4.628089e-009	0.0269287
-4.603089e-009	0.0134277
-4.578089e-009	0.0201416
-4.553089e-009	0.0279785
-4.528089e-009	0.0172363
-4.503089e-009	0.0176758
-4.478089e-009	0.0146729
-4.453089e-009	0.0162109
-4.428089e-009	0.0250977
-4.403089e-009	0.012085
-4.378089e-009	0.010791
-4.353089e-009	0.0274902
-4.328089e-009	0.0322998
-4.303089e-009	0.0335449
-4.278089e-009	0.0254639
-4.253089e-009	0.0227295
-4.228089e-009	0.0244385
-4.203089e-009	0.0194092
-4.178089e-009	0.030249
-4.153089e-009	0.0292481
-4.128089e-009	0.0227295
-4.103089e-009	0.0283936
-4.078089e-009	0.0171631
-4.053089e-009	0.0123535
-4.028089e-009	0.0145752
-4.003089e-009	0.0104004
-3.978089e-009	0.0164063
-3.953089e-009	0.01875
-3.928089e-009	0.0172607
-3.903089e-009	0.0187256
-3.878089e-009	0.0185791
-3.853089e-009	0.0206543
-3.828089e-009	0.0164551
-3.803089e-009	0.0101074
-3.778089e-009	0.0134522
-3.753089e-009	0.00981446
-3.728089e-009	0.0091797
-3.703089e-009	0.0297608
-3.678089e-009	0.0353516
-3.653089e-009	0.0309082
-3.628089e-009	0.0387695
-3.603089e-009	0.0317139
-3.578089e-009	0.0262451
-3.553089e-009	0.021875
-3.528089e-009	0.00581055
-3.503089e-009	0.0154785
-3.478089e-009	0.0219971
-3.453089e-009	0.0149658
-3.428089e-009	0.0252686
-3.403089e-009	0.0264893
-3.378089e-009	0.0280762
-3.353089e-009	0.0378174
-3.328089e-009	0.0327149
-3.303089e-009	0.0297363
-3.278089e-009	0.0318604
-3.253089e-009	0.0269043
-3.228089e-009	0.023169
-3.203089e-009	0.0272705
-3.178089e-009	0.0337402
-3.153089e-009	0.0320313
-3.128089e-009	0.0215088
-3.103089e-009	0.0142822
-3.078089e-009	0.0186279
-3.053089e-009	0.0210693
-3.028089e-009	0.0205078
-3.003089e-009	0.0262451
-2.978089e-009	0.0145996
-2.953089e-009	0.0090088
-2.928089e-009	0.0345947
-2.903089e-009	0.0375733
-2.878089e-009	0.0226807
-2.853089e-009	0.0191895
-2.828089e-009	0.0139893
-2.803089e-009	0.0189697
-2.778089e-009	0.0270508
-2.753089e-009	0.0224854
-2.728089e-009	0.024292
-2.703089e-009	0.0267578
-2.678089e-009	0.0177002
-2.653089e-009	0.0195068
-2.628089e-009	0.0201904
-2.603089e-009	0.0132813
-2.578089e-009	0.0275635
-2.553089e-009	0.0270996
-2.528089e-009	0.0168701
-2.503089e-009	0.0270752
-2.478089e-009	0.0249268
-2.453089e-009	0.0201904
-2.428089e-009	0.0294922
-2.403089e-009	0.0412842
-2.378089e-009	0.0332275
-2.353089e-009	0.00712891
-2.328089e-009	0.00839845
-2.303089e-009	0.0173096
-2.278089e-009	0.00839845
-2.253089e-009	0.0158203
-2.228089e-009	0.0297363
-2.203089e-009	0.0208252
-2.178089e-009	0.00412598
-2.153089e-009	0.00498048
-2.128089e-009	0.0251465
-2.103089e-009	0.0318848
-2.078089e-009	0.0168945
-2.053089e-009	0.0222168
-2.028089e-009	0.03479
-2.003089e-009	0.0177002
-1.978089e-009	0.0114746
-1.953089e-009	0.0192139
-1.928089e-009	0.0103272
-1.903089e-009	0.0207764
-1.878089e-009	0.031665
-1.853089e-009	0.0191895
-1.828089e-009	0.0280274
-1.803089e-009	0.0359131
-1.778089e-009	0.0244385
-1.753089e-009	0.0180908
-1.728089e-009	0.01521
-1.703089e-009	0.0226807
-1.678089e-009	0.0279541
-1.653089e-009	0.0227051
-1.628089e-009	0.0216065
-1.603089e-009	0.0177734
-1.578089e-009	0.0160156
-1.553089e-009	0.0156494
-1.528089e-009	0.0127686
-1.503089e-009	0.0126465
-1.478089e-009	0.00864259
-1.453089e-009	0.0180908
-1.428089e-009	0.0340576
-1.403089e-009	0.0348389
-1.378089e-009	0.0268799
-1.353089e-009	0.0125732
-1.328089e-009	0.0203613
-1.303089e-009	0.0391846
-1.278089e-009	0.0301514
-1.253089e-009	0.0211426
-1.228089e-009	0.0270996
-1.203089e-009	0.0293213
-1.178089e-009	0.0295654
-1.153089e-009	0.0316162
-1.128089e-009	0.0267822
-1.103089e-009	0.0228272
-1.078089e-009	0.0231201
-1.053089e-009	0.0175781
-1.028089e-009	0.0153565
-1.003089e-009	0.0158691
-9.780895e-010	0.0155518
-9.530895e-010	0.0157959
-9.280895e-010	0.0191895
-9.030895e-010	0.0302002
-8.780895e-010	0.0280518
-8.530895e-010	0.023291
-8.280895e-010	0.0359863
-8.030895e-010	0.0354248
-7.780895e-010	0.0216065
-7.530895e-010	0.0196045
-7.280895e-010	0.0235107
-7.030895e-010	0.0273926
-6.780895e-010	0.029834
-6.530895e-010	0.0345947
-6.280895e-010	0.0353027
-6.030895e-010	0.0261231
-5.780895e-010	0.0270752
-5.530895e-010	0.0202637
-5.280895e-010	0.0153076
-5.030895e-010	0.0264893
-4.780895e-010	0.0150391
-4.530895e-010	0.0151367
-4.280895e-010	0.0289551
-4.030895e-010	0.0237549
-3.780895e-010	0.0229736
-3.530895e-010	0.0223633
-3.280895e-010	0.0205566
-3.030895e-010	0.0178467
-2.780895e-010	0.0201904
-2.530895e-010	0.026709
-2.280895e-010	0.0219727
-2.030895e-010	0.0148926
-1.780895e-010	0.00737305
-1.530895e-010	0.0101563
-1.280895e-010	0.0170654
-1.030895e-010	0.0132568
-7.808949e-011	-0.00620116
-5.308949e-011	-0.0206055
-2.808949e-011	-0.00295409
-3.089489e-012	-0.0188965
2.191051e-011	-0.0691162
4.691051e-011	-0.0856934
7.191051e-011	-0.0995605
9.691051e-011	-0.135083
1.219105e-010	-0.174072
1.469105e-010	-0.205737
1.719105e-010	-0.243652
1.969105e-010	-0.30105
2.219105e-010	-0.35769
2.469105e-010	-0.410547
2.719105e-010	-0.457959
2.969105e-010	-0.51582
3.219105e-010	-0.599585
3.469105e-010	-0.664111
3.719105e-010	-0.710205
3.969105e-010	-0.780591
4.219105e-010	-0.845923
4.469105e-010	-0.889868
4.719105e-010	-0.951587
4.969105e-010	-1.00596
5.219105e-010	-1.04348
5.469105e-010	-1.09683
5.719105e-010	-1.13035
5.969105e-010	-1.15259
6.219105e-010	-1.18982
6.469105e-010	-1.20667
6.719105e-010	-1.21035
6.969105e-010	-1.21746
7.219105e-010	-1.20623
7.469105e-010	-1.18665
7.719105e-010	-1.17839
7.969105e-010	-1.14922
8.219105e-010	-1.11536
8.469105e-010	-1.0928
8.719105e-010	-1.0335
8.969105e-010	-0.980713
9.219105e-010	-0.956348
9.469105e-010	-0.902417
9.719105e-010	-0.827759
9.969105e-010	-0.769775
1.021911e-009	-0.721753
1.046911e-009	-0.646631
1.071911e-009	-0.576294
1.096911e-009	-0.524463
1.121911e-009	-0.447876
1.146911e-009	-0.393359
1.171911e-009	-0.365796
1.196911e-009	-0.31853
1.221911e-009	-0.276392
1.246911e-009	-0.240063
1.271911e-009	-0.194897
1.296911e-009	-0.161377
1.321911e-009	-0.134912
1.346911e-009	-0.0945801
1.371911e-009	-0.068042
1.396911e-009	-0.0602295
1.421911e-009	-0.0379883
1.446911e-009	-0.0189697
1.471911e-009	-0.00422363
1.496911e-009	0.0151367
1.521911e-009	0.0248535
1.546911e-009	0.0383301
1.571911e-009	0.052002
1.596911e-009	0.058252
1.621911e-009	0.0660645
1.646911e-009	0.0711914
1.671911e-009	0.073999
1.696911e-009	0.0732178
1.721911e-009	0.0603516
1.746911e-009	0.0487793
1.771911e-009	0.0535645
1.796911e-009	0.0519775
1.821911e-009	0.0442383
1.846911e-009	0.0509522
1.871911e-009	0.04375
1.896911e-009	0.0241211
1.921911e-009	0.0233643
1.946911e-009	0.0167969
1.971911e-009	0.00219727
1.996911e-009	0.00781251
2.021911e-009	0.00471192
2.046911e-009	-0.0145752
2.071911e-009	-0.0185791
2.096911e-009	-0.0199951
2.121911e-009	-0.0304199
2.146911e-009	-0.0314209
2.171911e-009	-0.0215088
2.196911e-009	-0.0218018
2.221911e-009	-0.0287842
2.246911e-009	-0.0270019
2.271911e-009	-0.030957
2.296911e-009	-0.0309814
2.321911e-009	-0.0166992
2.346911e-009	-0.0150879
2.371911e-009	-0.0176025
2.396911e-009	-0.00603027
2.421911e-009	-0.00234374
2.446911e-009	-0.0163574
2.471911e-009	-0.0120361
2.496911e-009	0.0134033
2.521911e-009	0.00541993
2.546911e-009	-0.00173339
2.571911e-009	0.0241455
2.596911e-009	0.0260498
2.621911e-009	0.0269775
2.646911e-009	0.032544
2.671911e-009	0.022876
2.696911e-009	0.0268066
2.721911e-009	0.0184815
2.746911e-009	0.0171387
2.771911e-009	0.0334717
2.796911e-009	0.0376709
2.821911e-009	0.0499756
2.846911e-009	0.0453369
2.871911e-009	0.0315918
2.896911e-009	0.0367432
2.921911e-009	0.0364746
2.946911e-009	0.041919
2.971911e-009	0.0390625
2.996911e-009	0.017627
3.021911e-009	0.00800782
3.046911e-009	0.0119385
3.071911e-009	0.0317139
3.096911e-009	0.0419922
3.121911e-009	0.0195557
3.146911e-009	0.00803223
3.171911e-009	0.0105957
3.196911e-009	0.00937501
3.221911e-009	0.0230957
3.246911e-009	0.0298584
3.271911e-009	0.0229248
3.296911e-009	0.0240234
3.321911e-009	0.0251953
3.346911e-009	0.0216797
3.371911e-009	0.00483399
3.396911e-009	-0.00161132
3.421911e-009	0.0168213
3.446911e-009	0.0174072
3.471911e-009	0.00700684
3.496911e-009	0.0110107
3.521911e-009	0.0234375
3.546911e-009	0.029834
3.571911e-009	0.0232666
3.596911e-009	0.0247315
3.621911e-009	0.0360108
3.646911e-009	0.0402344
3.671911e-009	0.0490479
3.696911e-009	0.0645264
3.721911e-009	0.0542236
3.746911e-009	0.0390381
3.771911e-009	0.052002
3.796911e-009	0.0542725
3.821911e-009	0.0448486
3.846911e-009	0.0442383
3.871911e-009	0.0428467
3.896911e-009	0.0427979
3.921911e-009	0.0345947
3.946911e-009	0.0301758
3.971911e-009	0.0369873
3.996911e-009	0.0340576
4.021911e-009	0.0229492
4.046911e-009	0.0176025
4.071911e-009	0.0317627
4.096911e-009	0.0293457
4.121911e-009	0.00168458
4.146911e-009	-0.000146477
4.171911e-009	-0.00461425
4.196911e-009	-0.0153076
4.221911e-009	-0.0101562
4.246911e-009	-0.0241699
4.271911e-009	-0.0298096
4.296911e-009	-0.0171143
4.321911e-009	-0.0272705
4.346911e-009	-0.0324219
4.371911e-009	-0.0158935
4.396911e-009	-0.0131348
4.421911e-009	-0.0230469
4.446911e-009	-0.022583
4.471911e-009	-0.00551757
4.496911e-009	0.00556641
4.521911e-009	-0.00615234
4.546911e-009	0.000268562
4.571911e-009	0.0171387
4.596911e-009	0.0136475
4.621911e-009	0.0172607
4.646911e-009	0.0229736
4.671911e-009	0.0268555
4.696911e-009	0.0310059
4.721911e-009	0.0247803
4.746911e-009	0.0299072
4.771911e-009	0.0499512
4.796911e-009	0.0556641
4.821911e-009	0.0469483
4.846911e-009	0.0461914
4.871911e-009	0.0458984
4.896911e-009	0.05271
4.921911e-009	0.066626
4.946911e-009	0.0695068
4.971911e-009	0.0721191
4.996911e-009	0.0627441
5.021911e-009	0.054419
5.046911e-009	0.0638184
5.071911e-009	0.0639649
5.096911e-009	0.0508789
5.121911e-009	0.0388428
5.146911e-009	0.0334229
5.171911e-009	0.0210938
5.196911e-009	0.0192139
5.221911e-009	0.0300537
5.246911e-009	0.0248291
5.271911e-009	0.013208
5.296911e-009	-0.000878899
5.321911e-009	-0.00310058
5.346911e-009	0.00949708
5.371911e-009	0.010791
5.396911e-009	-0.00395507
5.421911e-009	-0.0193115
5.446911e-009	-0.0223877
5.471911e-009	-0.0229492
5.496911e-009	-0.0223877
5.521911e-009	-0.0289062
5.546911e-009	-0.0275391
5.571911e-009	-0.0137695
5.596911e-009	-0.0212158
5.621911e-009	-0.0170654
5.646911e-009	-0.00737304
5.671911e-009	-0.0135986
5.696911e-009	-0.00541991
5.721911e-009	-0.00651855
5.746911e-009	-0.0122803
5.771911e-009	-0.00375976
5.796911e-009	-0.00236816
5.821911e-009	0.00373536
5.846911e-009	0.00664063
5.871911e-009	0.00219727
5.896911e-009	0.0190186
5.921911e-009	0.022168
5.946911e-009	0.0128174
5.971911e-009	0.0261719
5.996911e-009	0.0255371
6.021911e-009	0.0245606
6.046911e-009	0.0367432
6.071911e-009	0.0291016
6.096911e-009	0.0363525
6.121911e-009	0.053418
6.146911e-009	0.0401856
6.171911e-009	0.0322998
6.196911e-009	0.0376465
6.221911e-009	0.0425781
6.246911e-009	0.0588867
6.271911e-009	0.0596924
6.296911e-009	0.048291
6.321911e-009	0.0416748
6.346911e-009	0.0328369
6.371911e-009	0.0439453
6.396911e-009	0.0580322
6.421911e-009	0.0450684
6.446911e-009	0.0243164
6.471911e-009	0.0313721
6.496911e-009	0.0431152
6.521911e-009	0.021875
6.546911e-009	0.0196777
6.571911e-009	0.0341065
6.596911e-009	0.0208496
6.621911e-009	0.0115234
6.646911e-009	0.0247559
6.671911e-009	0.0318115
6.696911e-009	0.0181397
6.721911e-009	0.0069336
6.746911e-009	0.00107423
6.771911e-009	0.00808106
6.796911e-009	0.0166992
6.821911e-009	-0.013208
6.846911e-009	-0.0222656
6.871911e-009	0.00637208
6.896911e-009	0.00341798
6.921911e-009	-0.0119629
6.946911e-009	-0.00236816
6.971911e-009	0.00898438
6.996911e-009	-0.00141601
7.021911e-009	-0.00231933
7.046911e-009	0.0121338
7.071911e-009	0.00595704
7.096911e-009	0.00598145
7.121911e-009	0.0144531
7.146911e-009	0.0124512
7.171911e-009	0.0174805
7.196911e-009	0.0191406
7.221911e-009	0.0209717
7.246911e-009	0.0247803
7.271911e-009	0.0156494
7.296911e-009	0.0131104
7.321911e-009	0.0320313
7.346911e-009	0.0396484
7.371911e-009	0.0271729
7.396911e-009	0.0337402
7.421911e-009	0.0386719
7.446911e-009	0.0327637
7.471911e-009	0.0421875
7.496911e-009	0.0355225
7.521911e-009	0.018042
7.546911e-009	0.0197022
7.571911e-009	0.0351318
7.596911e-009	0.0463867
7.621911e-009	0.0331055
7.646911e-009	0.020459
7.671911e-009	0.0295899
7.696911e-009	0.0385742
7.721911e-009	0.0384522
7.746911e-009	0.0295899
7.771911e-009	0.0243897
7.796911e-009	0.017749
7.821911e-009	-0.00217284
7.846911e-009	0.0052002
7.871911e-009	0.0170166
7.896911e-009	0.00114747
7.921911e-009	0.00852052
7.946911e-009	0.0167725
7.971911e-009	0.0038086
7.996911e-009	0.0083252
8.021911e-009	0.017041
8.046911e-009	0.0157471
8.071911e-009	0.0166504
8.096911e-009	0.0182861
8.121911e-009	0.00651856
8.146911e-009	-0.000561516
8.171911e-009	0.0117432
8.196911e-009	0.0220947
8.221911e-009	0.0384033
8.246911e-009	0.0448242
8.271911e-009	0.0277832
8.296911e-009	0.0257568
8.321911e-009	0.0341797
8.346911e-009	0.0307861
8.371911e-009	0.0250733
8.396911e-009	0.0271729
8.421911e-009	0.0352539
8.446911e-009	0.0390381
8.471911e-009	0.0373047
8.496911e-009	0.0263428
8.521911e-009	0.0151367
8.546911e-009	0.0272949
8.571911e-009	0.0342529
8.596911e-009	0.0240479
8.621911e-009	0.0236084
8.646911e-009	0.0192383
8.671911e-009	0.0257324
8.696911e-009	0.0333252
8.721911e-009	0.00791016
8.746911e-009	-0.00112304
8.771911e-009	0.0112549
8.796911e-009	0.0120361
8.821911e-009	0.014624
8.846911e-009	0.0121826
8.871911e-009	0.00217286
8.896911e-009	-0.00217284
8.921911e-009	-0.0117676
8.946911e-009	-0.0168213
8.971911e-009	-0.00603027
8.996911e-009	-0.00744628
9.021911e-009	-0.0102295
9.046911e-009	-0.00263671
9.071911e-009	-0.00866698
9.096911e-009	0.00131837
9.121911e-009	0.0226563
9.146911e-009	0.0123779
9.171911e-009	0.00747071
9.196911e-009	0.0216065
9.221911e-009	0.0154541
9.246911e-009	0.0146484
9.271911e-009	0.0365967
9.296911e-009	0.031665
9.321911e-009	0.0205078
9.346911e-009	0.0386231
9.371911e-009	0.049292
9.396911e-009	0.0429932
9.421911e-009	0.0352783
9.446911e-009	0.0426025
9.471911e-009	0.0581543
9.496911e-009	0.050293
9.521911e-009	0.0356201
9.546911e-009	0.037207
9.571911e-009	0.0368897
9.596911e-009	0.0263916
9.621911e-009	0.0294922
9.646911e-009	0.0350586
9.671911e-009	0.027417
9.696911e-009	0.0405518
9.721911e-009	0.0454102
9.746911e-009	0.0244141
9.771911e-009	0.0258301
9.796911e-009	0.027124
9.821911e-009	0.0130615
9.846911e-009	0.013501
9.871911e-009	0.0199951
9.896911e-009	0.0130859
9.921911e-009	0.0034668
9.946911e-009	0.00620118
9.971911e-009	-0.00205077
9.996911e-009	-0.0120361
1.002191e-008	-0.00202636
1.004691e-008	-0.00742187
1.007191e-008	-0.0190674
1.009691e-008	-0.00820312
1.012191e-008	0.00412598
1.014691e-008	0.00598145
1.017191e-008	0.000292976
1.019691e-008	-0.00187988
1.022191e-008	-0.00759277
1.024691e-008	-0.00876464
1.027191e-008	0.0266602
1.029691e-008	0.0366699
1.032191e-008	0.00473634
1.034691e-008	0.00541993
1.037191e-008	0.011377
1.039691e-008	0.00632325
1.042191e-008	0.0189941
1.044691e-008	0.0203125
1.047191e-008	0.0139649
1.049691e-008	0.0196777
1.052191e-008	0.0219238
1.054691e-008	0.023877
1.057191e-008	0.0333496
1.059691e-008	0.0385254
1.062191e-008	0.0402344
1.064691e-008	0.0443115
1.067191e-008	0.0483154
1.069691e-008	0.0521729
1.072191e-008	0.048584
1.074691e-008	0.0451416
1.077191e-008	0.0474854
1.079691e-008	0.041333
1.082191e-008	0.0336914
1.084691e-008	0.0364258
1.087191e-008	0.0432129
1.089691e-008	0.0411865
1.092191e-008	0.0272217
1.094691e-008	0.0275635
1.097191e-008	0.0427246
1.099691e-008	0.0387695
1.102191e-008	0.0325928
1.104691e-008	0.0370606
1.107191e-008	0.0321533
1.109691e-008	0.0239502
1.112191e-008	0.00932618
1.114691e-008	0.00527345
1.117191e-008	0.0175293
1.119691e-008	0.0162354
1.122191e-008	0.0148926
1.124691e-008	0.0090088
1.127191e-008	0.00810548
1.129691e-008	0.0219238
1.132191e-008	0.00405274
1.134691e-008	-0.00844726
1.137191e-008	0.0128662
1.139691e-008	0.0134522
1.142191e-008	0.00595704
1.144691e-008	0.00864259
1.147191e-008	0.00332032
1.149691e-008	0.00405274
1.152191e-008	-0.00354003
1.154691e-008	-0.0210449
1.157191e-008	-0.00246581
1.159691e-008	0.00705567
1.162191e-008	-0.00996093
1.164691e-008	0.00393067
1.167191e-008	0.00461427
1.169691e-008	-0.0147705
1.172191e-008	-0.00844726
1.174691e-008	0.000830086
1.177191e-008	0.00634766
1.179691e-008	0.00888673
1.182191e-008	0.00756837
1.184691e-008	0.0065918
1.187191e-008	0.00925294
1.189691e-008	0.018457
1.192191e-008	0.00810548
1.194691e-008	-0.00170898
1.197191e-008	0.0145508
1.199691e-008	0.0159912
1.202191e-008	-0.00471191
1.204691e-008	-0.0116699
1.207191e-008	-0.00280761
1.209691e-008	0.00930177
1.212191e-008	0.0168945
1.214691e-008	0.00268555
1.217191e-008	-0.00158691
1.219691e-008	0.0214844
1.222191e-008	0.0120361
1.224691e-008	-0.00397948
1.227191e-008	0.0267334
1.229691e-008	0.0331299
1.232191e-008	-0.00058593
1.234691e-008	-0.00229491
1.237191e-008	0.0122315
1.239691e-008	0.0183106
1.242191e-008	0.0286133
1.244691e-008	0.026294
1.247191e-008	0.019458
1.249691e-008	0.0170166
1.252191e-008	0.0171143
1.254691e-008	0.0235596
1.257191e-008	0.0231445
1.259691e-008	0.0289795
1.262191e-008	0.0423096
1.264691e-008	0.0380371
1.267191e-008	0.0308838
1.269691e-008	0.0383789
1.272191e-008	0.0354492
1.274691e-008	0.0319336
1.277191e-008	0.0566406
1.279691e-008	0.069458
1.282191e-008	0.060376
1.284691e-008	0.0477539
1.287191e-008	0.0364746
1.289691e-008	0.0459961
1.292191e-008	0.0393311
1.294691e-008	0.0222168
1.297191e-008	0.0376709
1.299691e-008	0.0478516
1.302191e-008	0.0383545
1.304691e-008	0.0305176
1.307191e-008	0.0328369
1.309691e-008	0.0317871
1.312191e-008	0.024585
1.314691e-008	0.0313721
1.317191e-008	0.0255859
1.319691e-008	0.0126709
1.322191e-008	0.0197998
1.324691e-008	0.0233887
1.327191e-008	0.0281983
1.329691e-008	0.0263916
1.332191e-008	0.00610352
1.334691e-008	0.000756843
1.337191e-008	0.00927735
1.339691e-008	0.015918
1.342191e-008	0.018042
1.344691e-008	0.0162598
1.347191e-008	0.0222656
1.349691e-008	0.0226563
1.352191e-008	0.00722657
1.354691e-008	0.002417
1.357191e-008	0.0130615
1.359691e-008	0.0123779
1.362191e-008	0.00749512
1.364691e-008	0.0124268
1.367191e-008	0.020752
1.369691e-008	0.0331055
1.372191e-008	0.0307617
1.374691e-008	0.0193604
1.377191e-008	0.0210693
1.379691e-008	0.0252686
1.382191e-008	0.0396729
1.384691e-008	0.0405274
1.387191e-008	0.0239502
1.389691e-008	0.0337891
1.392191e-008	0.0322754
1.394691e-008	0.0313233
1.397191e-008	0.0562988
1.399691e-008	0.0442139
1.402191e-008	0.0279053
1.404691e-008	0.0332764
1.407191e-008	0.0277344
1.409691e-008	0.0370361
1.412191e-008	0.0507813
1.414691e-008	0.043335
1.417191e-008	0.0310547
1.419691e-008	0.0223877
1.422191e-008	0.0211426
1.424691e-008	0.0226074
1.427191e-008	0.0197754
1.429691e-008	0.018042
1.432191e-008	0.0103516
1.434691e-008	0.00891114
1.437191e-008	0.0254639
1.439691e-008	0.0264893
1.442191e-008	0.0105225
1.444691e-008	0.00292969
1.447191e-008	0.00690919
1.449691e-008	0.0111328
1.452191e-008	0.0043213
1.454691e-008	0.00131837
1.457191e-008	0.00529786
1.459691e-008	0.0038086
1.462191e-008	-0.00397948
1.464691e-008	-0.011499
1.467191e-008	-0.00322265
1.469691e-008	0.00764161
1.472191e-008	-0.00324706
1.474691e-008	-0.0086914
1.477191e-008	0.00854493
1.479691e-008	0.00544434
1.482191e-008	-0.00285644
1.484691e-008	0.01875
1.487191e-008	0.0213623
1.489691e-008	0.00405274
1.492191e-008	0.00100098
1.494691e-008	0.0145752
1.497191e-008	0.0325928
1.499691e-008	0.0274414
1.502191e-008	0.0232178
1.504691e-008	0.0256836
1.507191e-008	0.0292481
1.509691e-008	0.042041
1.512191e-008	0.0262207
1.514691e-008	0.0207764
1.517191e-008	0.048169
1.519691e-008	0.0480469
1.522191e-008	0.0393066
1.524691e-008	0.0386719
1.527191e-008	0.0344971
1.529691e-008	0.0429932
1.532191e-008	0.0447754
1.534691e-008	0.0390869
1.537191e-008	0.0435791
1.539691e-008	0.0412842
1.542191e-008	0.0391358
1.544691e-008	0.0351074
1.547191e-008	0.0252197
1.549691e-008	0.0224854
1.552191e-008	0.015625
1.554691e-008	0.017334
1.557191e-008	0.0243897
1.559691e-008	0.0187256
1.562191e-008	0.0152344
1.564691e-008	0.0151123
1.567191e-008	0.0168213
1.569691e-008	0.0151367
1.572191e-008	0.00749512
1.574691e-008	0.0058838
1.577191e-008	0.0071045
1.579691e-008	0.00888673
1.582191e-008	0.0158447
1.584691e-008	0.0108154
1.587191e-008	-0.00668945
1.589691e-008	-0.00617675
1.592191e-008	-0.000830071
1.594691e-008	0.00227052
1.597191e-008	0.018457
1.599691e-008	0.0351318
1.602191e-008	0.0382813
1.604691e-008	0.0209961
1.607191e-008	0.0177002
1.609691e-008	0.0245606
1.612191e-008	0.0139649
1.614691e-008	0.0166504
1.617191e-008	0.0156006
1.619691e-008	0.0157227
1.622191e-008	0.0293945
1.624691e-008	0.0198486
1.627191e-008	0.019458
1.629691e-008	0.0337647
1.632191e-008	0.0272949
1.634691e-008	0.0245361
1.637191e-008	0.0316406
1.639691e-008	0.0309815
1.642191e-008	0.033252
1.644691e-008	0.0321289
1.647191e-008	0.026416
1.649691e-008	0.0411865
1.652191e-008	0.0450928
1.654691e-008	0.0165283
1.657191e-008	0.00844727
1.659691e-008	0.0268311
1.662191e-008	0.0273926
1.664691e-008	0.0163574
1.667191e-008	0.0159912
1.669691e-008	0.0151856
1.672191e-008	0.0130859
1.674691e-008	0.0203857
1.677191e-008	0.0316895
1.679691e-008	0.0336426
1.682191e-008	0.0237549
1.684691e-008	0.0172119
1.687191e-008	0.0163818
1.689691e-008	0.0190918
1.692191e-008	0.0267334
1.694691e-008	0.02854
1.697191e-008	0.0240479
1.699691e-008	0.0143555
1.702191e-008	0.00278321
1.704691e-008	0.00961915
1.707191e-008	0.020044
1.709691e-008	0.0143555
1.712191e-008	0.0168457
1.714691e-008	0.021875
1.717191e-008	0.0144775
1.719691e-008	0.0111084
1.722191e-008	0.0109375
1.724691e-008	0.00891114
1.727191e-008	0.0128906
1.729691e-008	0.0244873
1.732191e-008	0.0195801
1.734691e-008	0.00800782
1.737191e-008	0.0181152
1.739691e-008	0.0167481
1.742191e-008	0.0081543
1.744691e-008	0.00754395
1.747191e-008	0.0114258
1.749691e-008	0.0253174
1.752191e-008	0.0138428
1.754691e-008	0.0057129
1.757191e-008	0.0175781
1.759691e-008	0.0161377
1.762191e-008	0.0230957
1.764691e-008	0.0357666
1.767191e-008	0.0349854
1.769691e-008	0.0174805
1.772191e-008	0.0211426
1.774691e-008	0.03479
1.777191e-008	0.0143066
1.779691e-008	0.0136475
1.782191e-008	0.0221191
1.784691e-008	0.01521
1.787191e-008	0.0122559
1.789691e-008	0.00319825
1.792191e-008	0.0113281
1.794691e-008	0.0186768
1.797191e-008	0.00644532
1.799691e-008	0.00507813
1.802191e-008	0.0140381
1.804691e-008	0.0124024
1.807191e-008	0.0104492
1.809691e-008	0.0216309
1.812191e-008	0.0103027
1.814691e-008	0.0081543
1.817191e-008	0.033374
1.819691e-008	0.0229248
1.822191e-008	0.0117188
1.824691e-008	0.0150879
1.827191e-008	0.00891114
1.829691e-008	0.0118652
1.832191e-008	0.0067627
1.834691e-008	0.00903321
1.837191e-008	0.021875
1.839691e-008	0.0162354
1.842191e-008	0.0134766
1.844691e-008	0.0229248
1.847191e-008	0.0346191
1.849691e-008	0.0298096
1.852191e-008	0.0171143
1.854691e-008	0.0248535
1.857191e-008	0.032544
1.859691e-008	0.0313721
1.862191e-008	0.0328613
1.864691e-008	0.0343506
1.867191e-008	0.0320068
1.869691e-008	0.0260498
1.872191e-008	0.0192383
1.874691e-008	0.0193848
1.877191e-008	0.0318115
1.879691e-008	0.0327637
1.882191e-008	0.027002
1.884691e-008	0.0332764
1.887191e-008	0.03396
1.889691e-008	0.0332275
1.892191e-008	0.0316895
1.894691e-008	0.0279053
1.897191e-008	0.0250733
1.899691e-008	0.0200928
1.902191e-008	0.0208496
1.904691e-008	0.00915528
1.907191e-008	0.00671387
1.909691e-008	0.0211182
1.912191e-008	-0.000170891
1.914691e-008	-0.0132324
1.917191e-008	0.00905762
1.919691e-008	0.0146973
1.922191e-008	-0.00234374
1.924691e-008	-0.0170654
1.927191e-008	-0.00246581
1.929691e-008	0.0125732
1.932191e-008	0.00256348
1.934691e-008	0.00197755
1.937191e-008	0.00444337
1.939691e-008	-0.00170898
1.942191e-008	0.00754395
1.944691e-008	0.0183838
1.947191e-008	0.00854493
1.949691e-008	0.00312501
1.952191e-008	0.0011963
1.954691e-008	-0.000952141
1.957191e-008	0.0164551
1.959691e-008	0.0213379
1.962191e-008	0.0189453
1.964691e-008	0.0318848
1.967191e-008	0.0294922
1.969691e-008	0.0207275
1.972191e-008	0.020459
1.974691e-008	0.0267822
1.977191e-008	0.0380371
1.979691e-008	0.0353027
1.982191e-008	0.0303711
1.984691e-008	0.0311279
1.987191e-008	0.0275147
1.989691e-008	0.0362061
1.992191e-008	0.0484131
1.994691e-008	0.0425537
1.997191e-008	0.0412109
1.999691e-008	0.0444092
2.002191e-008	0.0305176
2.004691e-008	0.0277832
2.007191e-008	0.0362793
2.009691e-008	0.0253906
2.012191e-008	0.00942384
2.014691e-008	0.0136963
2.017191e-008	0.0259033
2.019691e-008	0.00517579
2.022191e-008	-0.00844726
2.024691e-008	0.00441895
2.027191e-008	-0.00195312
2.029691e-008	0.0107666
2.032191e-008	0.0158203
2.034691e-008	-0.00637206
2.037191e-008	0.00209962
2.039691e-008	-0.00297851
2.042191e-008	-0.0176514
2.044691e-008	-0.00915527
2.047191e-008	-0.00129394
2.049691e-008	0.00622559
2.052191e-008	0.00332032
2.054691e-008	-0.00119628
2.057191e-008	-0.000805657
2.059691e-008	-4.88207e-005
2.062191e-008	0.00168458
2.064691e-008	0.000903328
2.067191e-008	0.00590821
2.069691e-008	0.0081543
2.072191e-008	0.0071045
2.074691e-008	0.00627442
2.077191e-008	0.0124024
2.079691e-008	0.0119141
2.082191e-008	0.00253907
2.084691e-008	0.0156982
2.087191e-008	0.0197022
2.089691e-008	0.025415
2.092191e-008	0.0413818
2.094691e-008	0.023169
2.097191e-008	0.0177246
2.099691e-008	0.0270752
2.102191e-008	0.0184082
2.104691e-008	0.0320801
2.107191e-008	0.0501953
2.109691e-008	0.0364258
2.112191e-008	0.022168
2.114691e-008	0.0196777
2.117191e-008	0.0229248
2.119691e-008	0.0280518
2.122191e-008	0.0266846
2.124691e-008	0.0249268
2.127191e-008	0.0197022
2.129691e-008	0.0257568
2.132191e-008	0.0319824
2.134691e-008	0.017334
2.137191e-008	0.0197998
2.139691e-008	0.0252441
2.142191e-008	0.0131104
2.144691e-008	0.0114746
2.147191e-008	0.0170166
2.149691e-008	0.0189209
2.152191e-008	0.0149902
2.154691e-008	0.00993653
2.157191e-008	0.0157471
2.159691e-008	0.0214356
2.162191e-008	0.0167481
2.164691e-008	0.0100586
2.167191e-008	0.00944825
2.169691e-008	0.0187256
2.172191e-008	0.0100586
2.174691e-008	-0.0050537
2.177191e-008	0.00842286
2.179691e-008	0.0124512
2.182191e-008	0.0118164
2.184691e-008	0.0229004
2.187191e-008	0.0241699
2.189691e-008	0.0261719
2.192191e-008	0.0242432
2.194691e-008	0.0229004
2.197191e-008	0.0293457
2.199691e-008	0.0227295
2.202191e-008	0.0174805
2.204691e-008	0.018457
2.207191e-008	0.0133057
2.209691e-008	0.0180908
2.212191e-008	0.0204346
2.214691e-008	0.0221191
2.217191e-008	0.0303955
2.219691e-008	0.0269287
2.222191e-008	0.0276856
2.224691e-008	0.0251221
2.227191e-008	0.0229981
2.229691e-008	0.0303711
2.232191e-008	0.0219238
2.234691e-008	0.0165527
2.237191e-008	0.0217529
2.239691e-008	0.0153076
2.242191e-008	0.00678712
2.244691e-008	0.0128418
2.247191e-008	0.0228027
2.249691e-008	0.0303223
2.252191e-008	0.0235352
2.254691e-008	0.0140381
2.257191e-008	0.0305664
2.259691e-008	0.0300781
2.262191e-008	0.01875
2.264691e-008	0.0143311
2.267191e-008	-0.00312499
2.269691e-008	0.00336915
2.272191e-008	0.0128662
2.274691e-008	0.0133057
2.277191e-008	0.0214356
2.279691e-008	0.011084
2.282191e-008	0.0118164
2.284691e-008	0.0226807
2.287191e-008	0.0120606
2.289691e-008	0.0161377
2.292191e-008	0.0260986
2.294691e-008	0.018457
2.297191e-008	0.0226563
2.299691e-008	0.0229736
2.302191e-008	0.0156494
2.304691e-008	0.0270996
2.307191e-008	0.0300049
2.309691e-008	0.0222412
2.312191e-008	0.0287842
2.314691e-008	0.0280029
2.317191e-008	0.0135986
2.319691e-008	0.0149902
2.322191e-008	0.0153565
2.324691e-008	0.0129883
2.327191e-008	0.0279297
2.329691e-008	0.0236816
2.332191e-008	0.00976563
2.334691e-008	0.0172852
2.337191e-008	0.0269287
2.339691e-008	0.0218994
2.342191e-008	0.019043
2.344691e-008	0.0308106
2.347191e-008	0.0284424
2.349691e-008	0.0290039
2.352191e-008	0.0321533
2.354691e-008	0.0115479
2.357191e-008	0.00720216
2.359691e-008	0.017041
2.362191e-008	0.0240479
2.364691e-008	0.0246582
2.367191e-008	0.0218018
2.369691e-008	0.0251709
2.372191e-008	0.00341798
2.374691e-008	-0.000317375
2.377191e-008	0.0310303
2.379691e-008	0.0260498
2.382191e-008	0.0039795
2.384691e-008	0.00229493
2.387191e-008	0.0196289
2.389691e-008	0.0261231
2.392191e-008	0.00622559
2.394691e-008	0.00925294
2.397191e-008	0.0202149
2.399691e-008	0.0135498
2.402191e-008	0.0194336
2.404691e-008	0.0249024
2.407191e-008	0.0266602
2.409691e-008	0.0300781
2.412191e-008	0.0192871
2.414691e-008	0.0177002
2.417191e-008	0.0236084
2.419691e-008	0.0210693
2.422191e-008	0.0302246
2.424691e-008	0.0287354
2.427191e-008	0.0263916
2.429691e-008	0.0411621
2.432191e-008	0.0244385
2.434691e-008	0.0208496
2.437191e-008	0.0442139
2.439691e-008	0.0297852
2.442191e-008	0.0177002
2.444691e-008	0.0218506
2.447191e-008	0.0210205
2.449691e-008	0.0253174
2.452191e-008	0.0243897
2.454691e-008	0.0274902
2.457191e-008	0.0302246
2.459691e-008	0.0249512
2.462191e-008	0.0261475
2.464691e-008	0.0262451
2.467191e-008	0.0210938
2.469691e-008	0.0200195
2.472191e-008	0.0196777
2.474691e-008	0.0177734
2.477191e-008	0.0249512
2.479691e-008	0.0260498
2.482191e-008	0.0105713
2.484691e-008	0.00510255
2.487191e-008	0.00769044
2.489691e-008	0.0151367
2.492191e-008	0.0209229
2.494691e-008	0.0141357
2.497191e-008	0.0233399
2.499691e-008	0.0261231
2.502191e-008	0.0123047
2.504691e-008	0.0127686
2.507191e-008	0.0106934
2.509691e-008	0.00964356
2.512191e-008	0.0112061
2.514691e-008	0.00327149
2.517191e-008	0.000122078
2.519691e-008	0.00512696
2.522191e-008	0.00646973
2.524691e-008	-0.00153808
2.527191e-008	-0.00119628
2.529691e-008	0.00510255
2.532191e-008	-0.00297851
2.534691e-008	-0.00429687
2.537191e-008	0.0150391
2.539691e-008	0.0289063
2.542191e-008	0.0278076
2.544691e-008	0.0283203
2.547191e-008	0.0337158
2.549691e-008	0.0220947
2.552191e-008	0.00283204
2.554691e-008	0.0130859
2.557191e-008	0.0222656
2.559691e-008	0.0171143
2.562191e-008	0.0196533
2.564691e-008	0.0139893
2.567191e-008	0.0227783
2.569691e-008	0.0337891
2.572191e-008	0.023877
2.574691e-008	0.0276611
2.577191e-008	0.029419
2.579691e-008	0.0251465
2.582191e-008	0.0287109
2.584691e-008	0.0258545
2.587191e-008	0.0239746
2.589691e-008	0.032251
2.592191e-008	0.0369141
2.594691e-008	0.0324707
2.597191e-008	0.0313721
2.599691e-008	0.0199951
2.602191e-008	0.0120361
2.604691e-008	0.0202881
2.607191e-008	0.0156494
2.609691e-008	0.0240234
2.612191e-008	0.0332275
2.614691e-008	0.023291
2.617191e-008	0.0232178
2.619691e-008	0.0149414
2.622191e-008	0.0115479
2.624691e-008	0.022583
2.627191e-008	0.0300537
2.629691e-008	0.0317139
2.632191e-008	0.0141846
2.634691e-008	0.00881348
2.637191e-008	0.0188477
2.639691e-008	0.0101807
2.642191e-008	0.0120361
2.644691e-008	0.020459
2.647191e-008	0.0052002
2.649691e-008	0.0084961
2.652191e-008	0.0205566
2.654691e-008	0.00678712
2.657191e-008	0.0115967
2.659691e-008	0.0164063
2.662191e-008	0.0065918
2.664691e-008	0.0177246
2.667191e-008	0.0268066
2.669691e-008	0.0254883
2.672191e-008	0.0158203
2.674691e-008	0.0123291
2.677191e-008	0.0250733
2.679691e-008	0.0255859
2.682191e-008	0.0187988
2.684691e-008	0.0208252
2.687191e-008	0.0334473
2.689691e-008	0.0361084
2.692191e-008	0.0286621
2.694691e-008	0.0309815
2.697191e-008	0.0302002
2.699691e-008	0.0262695
2.702191e-008	0.0256836
2.704691e-008	0.0271973
2.707191e-008	0.0299561
2.709691e-008	0.0327393
2.712191e-008	0.0251709
2.714691e-008	0.0218262
2.717191e-008	0.0379883
2.719691e-008	0.0353027
2.722191e-008	0.0270508
2.724691e-008	0.0233154
2.727191e-008	0.0202149
2.729691e-008	0.0306885
2.732191e-008	0.0174316
2.734691e-008	0.0111816
2.737191e-008	0.0187256
2.739691e-008	0.0121582
2.742191e-008	0.0206055
2.744691e-008	0.0195068
2.747191e-008	0.0220215
2.749691e-008	0.03125
2.752191e-008	0.0145752
2.754691e-008	0.0191406
2.757191e-008	0.0350586
2.759691e-008	0.0255371
2.762191e-008	0.013916
2.764691e-008	0.0115234
2.767191e-008	0.0149902
2.769691e-008	0.0181152
2.772191e-008	0.0206055
2.774691e-008	0.0171387
2.777191e-008	0.0100586
2.779691e-008	0.0162842
2.782191e-008	0.0203857
2.784691e-008	0.0175537
2.787191e-008	0.0237549
2.789691e-008	0.0240234
2.792191e-008	0.0168457
2.794691e-008	0.0206055
2.797191e-008	0.0173828
2.799691e-008	0.0105225
2.802191e-008	0.0206055
2.804691e-008	0.0218506
2.807191e-008	0.0212891
2.809691e-008	0.0203369
2.812191e-008	0.00429688
2.814691e-008	0.00488282
2.817191e-008	0.0165283
2.819691e-008	0.027124
2.822191e-008	0.0320313
2.824691e-008	0.0196045
2.827191e-008	0.016919
2.829691e-008	0.023291
2.832191e-008	0.0208252
2.834691e-008	0.0193359
2.837191e-008	0.0173828
2.839691e-008	0.019751
2.842191e-008	0.0320801
2.844691e-008	0.0197022
2.847191e-008	0.00493165
2.849691e-008	0.0226807
2.852191e-008	0.0133057
2.854691e-008	-0.00410156
2.857191e-008	0.0131348
2.859691e-008	0.0195313
2.862191e-008	0.0168457
2.864691e-008	0.0197998
2.867191e-008	0.0288818
2.869691e-008	0.0279541
2.872191e-008	0.00878907
2.874691e-008	0.0239746
2.877191e-008	0.0372559
2.879691e-008	0.0103272
2.882191e-008	0.00874024
2.884691e-008	0.0194092
2.887191e-008	0.0193604
2.889691e-008	0.025708
2.892191e-008	0.0188965
2.894691e-008	0.0160889
2.897191e-008	0.0300293
2.899691e-008	0.0356445
2.902191e-008	0.0271484
2.904691e-008	0.0159424
2.907191e-008	0.0188232
2.909691e-008	0.0302002
2.912191e-008	0.0274658
2.914691e-008	0.0228516
2.917191e-008	0.0345947
2.919691e-008	0.0328125
2.922191e-008	0.0112793
2.924691e-008	-4.88207e-005
2.927191e-008	-0.00161132
2.929691e-008	-0.0012207
2.932191e-008	-0.00283202
2.934691e-008	0.00349122
2.937191e-008	0.0191162
2.939691e-008	0.0150879
2.942191e-008	0.00566407
2.944691e-008	0.0154541
2.947191e-008	0.0250977
2.949691e-008	0.0176025
2.952191e-008	-0.00270995
2.954691e-008	-0.00310058
2.957191e-008	0.0143555
2.959691e-008	0.0142334
2.962191e-008	0.0153565
2.964691e-008	0.0161133
2.967191e-008	0.00944825
2.969691e-008	0.0136963
2.972191e-008	0.0102295
2.974691e-008	0.008667
2.977191e-008	0.0186524
2.979691e-008	0.0158203
2.982191e-008	-0.00246581
2.984691e-008	-0.00881347
2.987191e-008	0.0158447
2.989691e-008	0.0244141
2.992191e-008	-0.00368652
2.994691e-008	-0.00451659
2.997191e-008	0.019165
2.999691e-008	0.0194092
3.002191e-008	0.0278809
3.004691e-008	0.0331543
3.007191e-008	0.0211914
3.009691e-008	0.0325195
3.012191e-008	0.02854
3.014691e-008	0.0253906
3.017191e-008	0.0436524
3.019691e-008	0.0368897
3.022191e-008	0.0372315
3.024691e-008	0.037207
3.027191e-008	0.0299561
3.029691e-008	0.0425781
3.032191e-008	0.0358887
3.034691e-008	0.026709
3.037191e-008	0.038916
3.039691e-008	0.044751
3.042191e-008	0.0489258
3.044691e-008	0.0477051
3.047191e-008	0.0446045
3.049691e-008	0.042749
3.052191e-008	0.0238281
3.054691e-008	0.024707
3.057191e-008	0.0417236
3.059691e-008	0.0343262
3.062191e-008	0.0296631
3.064691e-008	0.0422608
3.067191e-008	0.0548584
3.069691e-008	0.0386963
3.072191e-008	0.0189941
3.074691e-008	0.0311768
3.077191e-008	0.0275635
3.079691e-008	0.0176025
3.082191e-008	0.0297608
3.084691e-008	0.0310547
3.087191e-008	0.0258301
3.089691e-008	0.0286865
3.092191e-008	0.0212402
3.094691e-008	0.0156738
3.097191e-008	0.0280029
3.099691e-008	0.020166
3.102191e-008	0.0137695
3.104691e-008	0.0259277
3.107191e-008	0.0176025
3.109691e-008	0.0178223
3.112191e-008	0.0151123
3.114691e-008	0.00297852
3.117191e-008	0.0159424
3.119691e-008	0.0189453
3.122191e-008	0.0177246
3.124691e-008	0.0205322
3.127191e-008	0.00944825
3.129691e-008	0.00942384
3.132191e-008	0.00703126
3.134691e-008	-0.00280761
3.137191e-008	0.0118408
3.139691e-008	0.0163086
3.142191e-008	-0.000488274
3.144691e-008	0.0119385
3.147191e-008	0.0211426
3.149691e-008	0.00688477
3.152191e-008	0.0129639
3.154691e-008	0.0177246
3.157191e-008	0.0104492
3.159691e-008	0.0114746
3.162191e-008	0.0129395
3.164691e-008	0.0169922
3.167191e-008	0.00622559
3.169691e-008	-0.00568847
3.172191e-008	0.0135498
3.174691e-008	0.0155518
3.177191e-008	0.00964356
3.179691e-008	0.0318604
3.182191e-008	0.030542
3.184691e-008	0.0107422
3.187191e-008	0.0143799
3.189691e-008	0.0251221
3.192191e-008	0.0223389
3.194691e-008	0.0182373
3.197191e-008	0.0271729
3.199691e-008	0.0323975
3.202191e-008	0.0295899
3.204691e-008	0.0252197
3.207191e-008	0.0147949
3.209691e-008	0.0147217
3.212191e-008	0.020044
3.214691e-008	0.0141602
3.217191e-008	0.0141602
3.219691e-008	0.0212891
3.222191e-008	0.0282715
3.224691e-008	0.0308106
3.227191e-008	0.0287842
3.229691e-008	0.0247559
3.232191e-008	0.0165283
3.234691e-008	0.0236572
3.237191e-008	0.0268555
3.239691e-008	0.0183594
3.242191e-008	0.0255615
3.244691e-008	0.0233887
3.247191e-008	0.0194092
3.249691e-008	0.0235107
3.252191e-008	0.0191406
3.254691e-008	0.0273926
3.257191e-008	0.0365234
3.259691e-008	0.0315186
3.262191e-008	0.0333008
3.264691e-008	0.0322022
3.267191e-008	0.0256836
3.269691e-008	0.026001
3.272191e-008	0.0146484
3.274691e-008	0.015332
3.277191e-008	0.0323242
3.279691e-008	0.0194336
3.282191e-008	0.0119873
3.284691e-008	0.02146
3.287191e-008	0.0196289
3.289691e-008	0.0259277
3.292191e-008	0.0268311
3.294691e-008	0.0162598
3.297191e-008	0.0150635
3.299691e-008	0.0210449
3.302191e-008	0.0220459
3.304691e-008	0.0206299
3.307191e-008	0.0342041
3.309691e-008	0.0327637
3.312191e-008	0.0149658
3.314691e-008	0.0237549
3.317191e-008	0.0313721
3.319691e-008	0.0274658
3.322191e-008	0.038501
3.324691e-008	0.041333
3.327191e-008	0.0281494
3.329691e-008	0.0292481
3.332191e-008	0.0417969
3.334691e-008	0.0378662
3.337191e-008	0.027002
3.339691e-008	0.0301025
3.342191e-008	0.0366211
3.344691e-008	0.0328858
3.347191e-008	0.0272705
3.349691e-008	0.0313233
3.352191e-008	0.0298584
3.354691e-008	0.0183594
3.357191e-008	0.020459
3.359691e-008	0.028125
3.362191e-008	0.0277832
3.364691e-008	0.0277832
3.367191e-008	0.0285156
3.369691e-008	0.0331787
3.372191e-008	0.0280029
3.374691e-008	0.0124756
3.377191e-008	0.0243164
3.379691e-008	0.0389404
3.382191e-008	0.0206543
3.384691e-008	0.00410157
3.387191e-008	0.00725098
3.389691e-008	0.0212647
3.392191e-008	0.0294434
3.394691e-008	0.0204834
3.397191e-008	0.0190186
3.399691e-008	0.0222656
3.402191e-008	0.0157227
3.404691e-008	0.0206543
3.407191e-008	0.0336914
3.409691e-008	0.0258301
3.412191e-008	0.00852052
3.414691e-008	0.014917
3.417191e-008	0.0236084
3.419691e-008	0.0200195
3.422191e-008	0.0257324
3.424691e-008	0.0276123
3.427191e-008	0.0258301
3.429691e-008	0.0345703
3.432191e-008	0.0463135
3.434691e-008	0.0382324
3.437191e-008	0.0192627
3.439691e-008	0.0218018
3.442191e-008	0.0216065
3.444691e-008	0.022583
3.447191e-008	0.0348145
3.449691e-008	0.0354736
3.452191e-008	0.0362549
3.454691e-008	0.034082
3.457191e-008	0.0290039
3.459691e-008	0.0255127
3.462191e-008	0.0261475
3.464691e-008	0.0294678
3.467191e-008	0.026294
3.469691e-008	0.0313965
3.472191e-008	0.0278076
3.474691e-008	0.02229
3.477191e-008	0.0311279
3.479691e-008	0.021875
3.482191e-008	0.014917
3.484691e-008	0.0311035
3.487191e-008	0.0405518
3.489691e-008	0.0292236
3.492191e-008	0.0134033
3.494691e-008	0.00983887
3.497191e-008	0.0140625
3.499691e-008	0.0214111
3.502191e-008	0.0167969
3.504691e-008	0.00654298
3.507191e-008	0.0193359
3.509691e-008	0.0400147
3.512191e-008	0.0414063
3.514691e-008	0.0275391
3.517191e-008	0.0201172
3.519691e-008	0.0181641
3.522191e-008	0.0149902
3.524691e-008	0.0167725
3.527191e-008	0.0199463
3.529691e-008	0.0247315
3.532191e-008	0.0182617
3.534691e-008	0.0111084
3.537191e-008	0.024292
3.539691e-008	0.0336914
3.542191e-008	0.0287354
3.544691e-008	0.0200684
3.547191e-008	0.0188477
3.549691e-008	0.0170654
3.552191e-008	0.0248779
3.554691e-008	0.0399414
3.557191e-008	0.0203857
3.559691e-008	0.0123291
3.562191e-008	0.0328369
3.564691e-008	0.0260254
3.567191e-008	0.0188965
3.569691e-008	0.0373779
3.572191e-008	0.032251
3.574691e-008	0.0129395
3.577191e-008	0.0307861
3.579691e-008	0.0364258
3.582191e-008	0.0249268
3.584691e-008	0.031665
3.587191e-008	0.025708
3.589691e-008	0.0251709
3.592191e-008	0.0258057
3.594691e-008	0.023999
3.597191e-008	0.0344971
3.599691e-008	0.0294678
3.602191e-008	0.0300049
3.604691e-008	0.0327393
3.607191e-008	0.0265137
3.609691e-008	0.0290772
3.612191e-008	0.0292969
3.614691e-008	0.0337158
3.617191e-008	0.0353272
3.619691e-008	0.0290527
3.622191e-008	0.025415
3.624691e-008	0.0154541
3.627191e-008	0.0124024
3.629691e-008	0.0183838
3.632191e-008	0.0216553
3.634691e-008	0.0309082
3.637191e-008	0.0359863
3.639691e-008	0.0309326
3.642191e-008	0.025
3.644691e-008	0.0227051
3.647191e-008	0.0372559
3.649691e-008	0.0404541
3.652191e-008	0.0188477
3.654691e-008	0.0174316
3.657191e-008	0.0237793
3.659691e-008	0.0216309
3.662191e-008	0.0289551
3.664691e-008	0.0292481
3.667191e-008	0.0323731
3.669691e-008	0.035376
3.672191e-008	0.00620118
3.674691e-008	-0.00461425
3.677191e-008	0.0253418
3.679691e-008	0.0371582
3.682191e-008	0.0304932
3.684691e-008	0.0299316
3.687191e-008	0.0314453
3.689691e-008	0.0344727
3.692191e-008	0.0367432
3.694691e-008	0.0286133
3.697191e-008	0.0169434
3.699691e-008	0.0224609
3.702191e-008	0.0228516
3.704691e-008	0.00649415
3.707191e-008	0.0124024
3.709691e-008	0.0183838
3.712191e-008	0.00681153
3.714691e-008	0.0189941
3.717191e-008	0.0272217
3.719691e-008	0.0197998
3.722191e-008	0.0238525
3.724691e-008	0.0187256
3.727191e-008	0.023291
3.729691e-008	0.0317627
3.732191e-008	0.0155518
3.734691e-008	0.0140869
3.737191e-008	0.0268066
3.739691e-008	0.0283691
3.742191e-008	0.0166504
3.744691e-008	0.00825196
3.747191e-008	0.0226318
3.749691e-008	0.0330566
3.752191e-008	0.0272705
3.754691e-008	0.025708
3.757191e-008	0.0379883
3.759691e-008	0.0364502
3.762191e-008	0.0154297
3.764691e-008	0.0255615
3.767191e-008	0.0388916
3.769691e-008	0.021167
3.772191e-008	0.0179688
3.774691e-008	0.0309815
3.777191e-008	0.0347412
3.779691e-008	0.0193848
3.782191e-008	0.0151856
3.784691e-008	0.0345459
3.787191e-008	0.0250977
3.789691e-008	0.0129883
3.792191e-008	0.0193359
3.794691e-008	0.0138672
3.797191e-008	0.0218994
3.799691e-008	0.0263916
3.802191e-008	0.0195801
3.804691e-008	0.0256592
3.807191e-008	0.0229492
3.809691e-008	0.0202637
3.812191e-008	0.0236572
3.814691e-008	0.0197754
3.817191e-008	0.0158936
3.819691e-008	0.0237549
3.822191e-008	0.03125
3.824691e-008	0.0120606
3.827191e-008	0.00270997
3.829691e-008	0.0167236
3.832191e-008	0.0212647
3.834691e-008	0.0226318
3.837191e-008	0.0184815
3.839691e-008	0.0223877
3.842191e-008	0.0328125
3.844691e-008	0.0238281
3.847191e-008	0.0294678
3.849691e-008	0.0362793
3.852191e-008	0.0186279
3.854691e-008	0.0202149
3.857191e-008	0.0263428
3.859691e-008	0.0172119
3.862191e-008	0.00893555
3.864691e-008	0.00429688
3.867191e-008	0.0174561
3.869691e-008	0.0287842
3.872191e-008	0.0262207
3.874691e-008	0.0296875
3.877191e-008	0.0293701
3.879691e-008	0.0158203
3.882191e-008	0.0107422
3.884691e-008	0.0215088
3.887191e-008	0.0196533
3.889691e-008	0.0178467
3.892191e-008	0.0238525
3.894691e-008	0.0164307
3.897191e-008	0.0109619
3.899691e-008	0.0147217
3.902191e-008	0.0333008
3.904691e-008	0.0393799
3.907191e-008	0.0187012
3.909691e-008	0.0147705
3.912191e-008	0.0193848
3.914691e-008	0.0223877
3.917191e-008	0.0254639
3.919691e-008	0.0244873
3.922191e-008	0.0264404
3.924691e-008	0.025415
3.927191e-008	0.0249268
3.929691e-008	0.0262695
3.932191e-008	0.0346924
3.934691e-008	0.0356934
3.937191e-008	0.0345459
3.939691e-008	0.0465576
3.942191e-008	0.0339111
3.944691e-008	0.0226807
3.947191e-008	0.0334717
3.949691e-008	0.0365723
3.952191e-008	0.03479
3.954691e-008	0.024292
3.957191e-008	0.0203613
3.959691e-008	0.0241211
3.962191e-008	0.0185303
3.964691e-008	0.0178467
3.967191e-008	0.0264404
3.969691e-008	0.0334229
3.972191e-008	0.029541
3.974691e-008	0.0278565
3.977191e-008	0.0272217
3.979691e-008	0.020752
3.982191e-008	0.0205078
3.984691e-008	0.0126465
3.987191e-008	0.0162354
3.989691e-008	0.0297119
3.992191e-008	0.00812989
3.994691e-008	-0.00270995
3.997191e-008	0.0110107
3.999691e-008	0.0142334
4.002191e-008	0.0293213
4.004691e-008	0.0329346
4.007191e-008	0.0257813
4.009691e-008	0.0294922
4.012191e-008	0.0125977
4.014691e-008	0.013501
4.017191e-008	0.026294
4.019691e-008	0.0151611
4.022191e-008	0.0266846
4.024691e-008	0.0306397
4.027191e-008	0.0210449
4.029691e-008	0.035669
4.032191e-008	0.030127
4.034691e-008	0.0215576
4.037191e-008	0.0268555
4.039691e-008	0.0243408
4.042191e-008	0.03125
4.044691e-008	0.0260742
4.047191e-008	0.0358887
4.049691e-008	0.0576416
4.052191e-008	0.029126
4.054691e-008	0.0262207
4.057191e-008	0.0413574
4.059691e-008	0.0173096
4.062191e-008	0.0232666
4.064691e-008	0.0287598
4.067191e-008	0.0163818
4.069691e-008	0.0304688
4.072191e-008	0.0369385
4.074691e-008	0.0308838
4.077191e-008	0.025293
4.079691e-008	0.0241943
4.082191e-008	0.0229736
4.084691e-008	0.010376
4.087191e-008	0.0131104
4.089691e-008	0.0202637
4.092191e-008	0.0137695
4.094691e-008	0.0260986
4.097191e-008	0.0426514
4.099691e-008	0.0328125
4.102191e-008	0.0274658
4.104691e-008	0.0367676
4.107191e-008	0.0345459
4.109691e-008	0.0149902
4.112191e-008	0.000805672
4.114691e-008	0.0110107
4.117191e-008	0.0152588
4.119691e-008	0.0181641
4.122191e-008	0.0294434
4.124691e-008	0.0106445
4.127191e-008	0.00947266
4.129691e-008	0.0316406
4.132191e-008	0.0189941
4.134691e-008	0.0159668
4.137191e-008	0.02854
4.139691e-008	0.0255127
4.142191e-008	0.0265869
4.144691e-008	0.0283203
4.147191e-008	0.0237061
4.149691e-008	0.0182617
4.152191e-008	0.012207
4.154691e-008	0.0107666
4.157191e-008	0.0148926
4.159691e-008	0.0159912
4.162191e-008	0.0222656
4.164691e-008	0.0361328
4.167191e-008	0.035791
4.169691e-008	0.0246582
4.172191e-008	0.0129395
4.174691e-008	0.0111328
4.177191e-008	0.0207031
4.179691e-008	0.0258789
4.182191e-008	0.0298096
4.184691e-008	0.0270264
4.187191e-008	0.0270508
4.189691e-008	0.0338379
4.192191e-008	0.026294
4.194691e-008	0.0187256
4.197191e-008	0.0160645
4.199691e-008	0.0174561
4.202191e-008	0.0241699
4.204691e-008	0.0257568
4.207191e-008	0.0307861
4.209691e-008	0.0257813
4.212191e-008	0.011377
4.214691e-008	0.0143311
4.217191e-008	0.021582
4.219691e-008	0.0249024
4.222191e-008	0.0275635
4.224691e-008	0.026709
4.227191e-008	0.0216553
4.229691e-008	0.0153809
4.232191e-008	0.0285156
4.234691e-008	0.0318848
4.237191e-008	0.0107178
4.239691e-008	0.0213379
4.242191e-008	0.0317383
4.244691e-008	0.00856934
4.247191e-008	0.0109619
4.249691e-008	0.0188965
4.252191e-008	-0.00378417
4.254691e-008	-0.00715331
4.257191e-008	0.0163574
4.259691e-008	0.0288574
4.262191e-008	0.0246338
4.264691e-008	0.0223389
4.267191e-008	0.0361084
4.269691e-008	0.0373291
4.272191e-008	0.0235352
4.274691e-008	0.026294
4.277191e-008	0.0233887
4.279691e-008	0.0205078
4.282191e-008	0.0318604
4.284691e-008	0.028125
4.287191e-008	0.0205811
4.289691e-008	0.0173584
4.292191e-008	0.0133301
4.294691e-008	0.0200928
4.297191e-008	0.0229736
4.299691e-008	0.0177734
4.302191e-008	0.020459
4.304691e-008	0.0141357
4.307191e-008	0.0124512
4.309691e-008	0.0358154
4.312191e-008	0.0284424
4.314691e-008	0.010376
4.317191e-008	0.0229736
4.319691e-008	0.0198975
4.322191e-008	0.0153565
4.324691e-008	0.0206055
4.327191e-008	0.0168945
4.329691e-008	0.0182129
4.332191e-008	0.0144775
4.334691e-008	0.0101807
4.337191e-008	0.0231201
4.339691e-008	0.0380127
4.342191e-008	0.0328858
4.344691e-008	0.0193359
4.347191e-008	0.0132813
4.349691e-008	0.0113037
4.352191e-008	0.0184815
4.354691e-008	0.0223877
4.357191e-008	0.020166
4.359691e-008	0.023584
4.362191e-008	0.020752
4.364691e-008	0.0058838
4.367191e-008	0.00156251
4.369691e-008	0.0202881
4.372191e-008	0.0212647
4.374691e-008	0.0125244
4.377191e-008	0.0234863
4.379691e-008	0.0236816
4.382191e-008	0.024292
4.384691e-008	0.0310547
4.387191e-008	0.0314453
4.389691e-008	0.0328369
4.392191e-008	0.0288574
4.394691e-008	0.0286133
4.397191e-008	0.0226318
4.399691e-008	0.0174072
4.402191e-008	0.0292725
4.404691e-008	0.0228516
4.407191e-008	0.0196045
4.409691e-008	0.0405518
4.412191e-008	0.0331787
4.414691e-008	0.0101318
4.417191e-008	0.0171631
4.419691e-008	0.0311279
4.422191e-008	0.0243897
4.424691e-008	0.0154541
4.427191e-008	0.0212158
4.429691e-008	0.0233887
4.432191e-008	0.00905762
4.434691e-008	0.000268562
4.437191e-008	0.00991212
4.439691e-008	0.0178955
4.442191e-008	0.0183106
4.444691e-008	0.0198731
4.447191e-008	0.0190186
4.449691e-008	0.0176514
4.452191e-008	0.0189453
4.454691e-008	0.0236084
4.457191e-008	0.0262695
4.459691e-008	0.0198242
4.462191e-008	0.0126953
4.464691e-008	0.0155518
4.467191e-008	0.0252197
4.469691e-008	0.030127
4.472191e-008	0.029419
4.474691e-008	0.0169922
4.477191e-008	0.0084961
4.479691e-008	0.0183594
4.482191e-008	0.0153076
4.484691e-008	0.0135986
4.487191e-008	0.0279785
4.489691e-008	0.02771
4.492191e-008	0.020044
4.494691e-008	0.0280274
4.497191e-008	0.0394043
4.499691e-008	0.029834
4.502191e-008	0.0245361
4.504691e-008	0.0311524
4.507191e-008	0.0250733
4.509691e-008	0.0283936
4.512191e-008	0.0243897
4.514691e-008	0.00996095
4.517191e-008	0.0247315
4.519691e-008	0.0303223
4.522191e-008	0.0234131
4.524691e-008	0.0259766
4.527191e-008	0.0242432
4.529691e-008	0.0343506
4.532191e-008	0.0223633
4.534691e-008	0.00317384
4.537191e-008	0.022876
4.539691e-008	0.0244873
4.542191e-008	0.0213379
4.544691e-008	0.029541
4.547191e-008	0.0236328
4.549691e-008	0.0296143
4.552191e-008	0.0270508
4.554691e-008	0.0163818
4.557191e-008	0.0140625
4.559691e-008	0.00925294
4.562191e-008	0.0147461
4.564691e-008	0.0205322
4.567191e-008	0.0276367
4.569691e-008	0.0383057
4.572191e-008	0.0325928
4.574691e-008	0.017334
4.577191e-008	0.0141602
4.579691e-008	0.0229248
4.582191e-008	0.0199707
4.584691e-008	0.00983887
4.587191e-008	0.0174805
4.589691e-008	0.0336426
4.592191e-008	0.0292969
4.594691e-008	0.0206787
4.597191e-008	0.0248779
4.599691e-008	0.0151611
4.602191e-008	0.00949708
4.604691e-008	0.0179932
4.607191e-008	0.0202149
4.609691e-008	0.0257813
4.612191e-008	0.0242188
4.614691e-008	0.0158447
4.617191e-008	0.0168213
4.619691e-008	0.0219727
4.622191e-008	0.0250488
4.624691e-008	0.0190674
4.627191e-008	0.0151123
4.629691e-008	0.023999
4.632191e-008	0.0294922
4.634691e-008	0.0219238
4.637191e-008	0.00771485
4.639691e-008	0.011084
4.642191e-008	0.0334717
4.644691e-008	0.030835
4.647191e-008	0.0279297
4.649691e-008	0.044043
4.652191e-008	0.0189453
4.654691e-008	0.00488282
4.657191e-008	0.032666
4.659691e-008	0.0255615
4.662191e-008	0.0190674
4.664691e-008	0.0319336
4.667191e-008	0.0280518
4.669691e-008	0.0333496
4.672191e-008	0.0324463
4.674691e-008	0.0215576
4.677191e-008	0.0326904
4.679691e-008	0.0308106
4.682191e-008	0.0142578
4.684691e-008	0.0217285
4.687191e-008	0.028418
4.689691e-008	0.0174561
4.692191e-008	0.00598145
4.694691e-008	0.00507813
4.697191e-008	0.0145508
4.699691e-008	0.0216309
4.702191e-008	0.0247559
4.704691e-008	0.0193115
4.707191e-008	0.0139649
4.709691e-008	0.0254639
4.712191e-008	0.0315674
4.714691e-008	0.0262451
4.717191e-008	0.0226563
4.719691e-008	0.0164307
4.722191e-008	0.0213623
4.724691e-008	0.0338623
4.727191e-008	0.0260986
4.729691e-008	0.0121094
4.732191e-008	0.0110596
4.734691e-008	0.0156494
4.737191e-008	0.0179688
4.739691e-008	0.0171875
4.742191e-008	0.0210205
4.744691e-008	0.0254395
4.747191e-008	0.0259766
4.749691e-008	0.0322998
4.752191e-008	0.032544
4.754691e-008	0.0198242
4.757191e-008	0.0195313
4.759691e-008	0.0241211
4.762191e-008	0.0160889
4.764691e-008	0.0187988
4.767191e-008	0.0269043
4.769691e-008	0.0220215
4.772191e-008	0.0221924
4.774691e-008	0.0242188
4.777191e-008	0.0248047
4.779691e-008	0.0320068
4.782191e-008	0.025293
4.784691e-008	0.0182617
4.787191e-008	0.0277588
4.789691e-008	0.020166
4.792191e-008	0.00600587
4.794691e-008	0.0183838
4.797191e-008	0.0319092
4.799691e-008	0.0286377
4.802191e-008	0.022583
4.804691e-008	0.0168457
4.807191e-008	0.0227783
4.809691e-008	0.0304688
4.812191e-008	0.0187256
4.814691e-008	0.0169434
4.817191e-008	0.0300537
4.819691e-008	0.0291504
4.822191e-008	0.018335
4.824691e-008	0.013794
4.827191e-008	0.0270996
4.829691e-008	0.0381348
4.832191e-008	0.0246094
4.834691e-008	0.0173584
4.837191e-008	0.0253174
4.839691e-008	0.0224365
4.842191e-008	0.0158203
4.844691e-008	0.0195068
4.847191e-008	0.0314941
4.849691e-008	0.0374512
4.852191e-008	0.0302734
4.854691e-008	0.0236084
4.857191e-008	0.0237061
4.859691e-008	0.0255859
4.862191e-008	0.0220459
4.864691e-008	0.0213867
4.867191e-008	0.0334961
4.869691e-008	0.0373535
4.872191e-008	0.0172119
4.874691e-008	0.00869141
4.877191e-008	0.0280029
4.879691e-008	0.025708
4.882191e-008	0.0179932
4.884691e-008	0.0268799
4.887191e-008	0.0195068
4.889691e-008	0.0249756
4.892191e-008	0.0316406
4.894691e-008	0.0197998
4.897191e-008	0.0248535
4.899691e-008	0.0245606
4.902191e-008	0.0153565
4.904691e-008	0.0158447
4.907191e-008	0.0226318
4.909691e-008	0.0320068
4.912191e-008	0.0249024
4.914691e-008	0.0150879
4.917191e-008	0.0241211
4.919691e-008	0.0299072
4.922191e-008	0.0152832
4.924691e-008	0.0091797
4.927191e-008	0.0258789
4.929691e-008	0.0213135
4.932191e-008	0.00732423
4.934691e-008	0.0226563
4.937191e-008	0.026001
4.939691e-008	0.0163818
4.942191e-008	0.0213623
4.944691e-008	0.0114746
4.947191e-008	0.00302735
4.949691e-008	0.0202393
4.952191e-008	0.0297608
4.954691e-008	0.0228516
4.957191e-008	0.0217774
4.959691e-008	0.0281006
4.962191e-008	0.0209229
4.964691e-008	0.0153565
4.967191e-008	0.027832
4.969691e-008	0.0261231
4.972191e-008	0.0148926
4.974691e-008	0.0160889
4.977191e-008	0.0250733
4.979691e-008	0.0253906
4.982191e-008	0.0131348
4.984691e-008	0.0210693
4.987191e-008	0.0332764
4.989691e-008	0.0305176
4.992191e-008	0.0287598
4.994691e-008	0.0210693
4.997191e-008	0.0224121
4.999691e-008	0.0280518
5.002191e-008	0.0253662
