# LECROYWM813Zi	51496	Waveform
# Segments	1	SegmentSize	4002
# Segment	TrigTime	TimeSinceSegment1
# #1	30-Nov-2018 17:08:33	0                 
# Time	Ampl
-5.002224e-008	0.0378418
-4.999724e-008	0.0248291
-4.997224e-008	0.0174072
-4.994724e-008	0.0302246
-4.992224e-008	0.0296631
-4.989724e-008	0.0302979
-4.987224e-008	0.023169
-4.984724e-008	0.0142578
-4.982224e-008	0.0289307
-4.979724e-008	0.0271973
-4.977224e-008	0.00642091
-4.974724e-008	0.0145508
-4.972224e-008	0.0356201
-4.969724e-008	0.0291016
-4.967224e-008	0.0164551
-4.964724e-008	0.0292236
-4.962224e-008	0.033667
-4.959724e-008	0.0212158
-4.957224e-008	0.0258301
-4.954724e-008	0.0234619
-4.952224e-008	0.0194336
-4.949724e-008	0.0321777
-4.947224e-008	0.0232178
-4.944724e-008	0.0130615
-4.942224e-008	0.0286133
-4.939724e-008	0.0340576
-4.937224e-008	0.014624
-4.934724e-008	0.0139404
-4.932224e-008	0.0384277
-4.929724e-008	0.0360596
-4.927224e-008	0.0249024
-4.924724e-008	0.0187744
-4.922224e-008	0.0140381
-4.919724e-008	0.0261719
-4.917224e-008	0.0202149
-4.914724e-008	0.0160645
-4.912224e-008	0.0308106
-4.909724e-008	0.0264649
-4.907224e-008	0.0209473
-4.904724e-008	0.0262207
-4.902224e-008	0.0308838
-4.899724e-008	0.0282715
-4.897224e-008	0.020044
-4.894724e-008	0.0228027
-4.892224e-008	0.0339111
-4.889724e-008	0.0326416
-4.887224e-008	0.0203613
-4.884724e-008	0.0202393
-4.882224e-008	0.0239746
-4.879724e-008	0.0268555
-4.877224e-008	0.0365723
-4.874724e-008	0.0296143
-4.872224e-008	0.0154297
-4.869724e-008	0.0116211
-4.867224e-008	0.00771485
-4.864724e-008	0.0163086
-4.862224e-008	0.0319336
-4.859724e-008	0.0245606
-4.857224e-008	0.0174805
-4.854724e-008	0.0294922
-4.852224e-008	0.0302979
-4.849724e-008	0.0223877
-4.847224e-008	0.0153076
-4.844724e-008	0.0174072
-4.842224e-008	0.0312012
-4.839724e-008	0.0264404
-4.837224e-008	0.0163818
-4.834724e-008	0.0116211
-4.832224e-008	0.0161865
-4.829724e-008	0.0337158
-4.827224e-008	0.0210449
-4.824724e-008	0.00981446
-4.822224e-008	0.0230225
-4.819724e-008	0.0151856
-4.817224e-008	0.00925294
-4.814724e-008	0.0185059
-4.812224e-008	0.0256836
-4.809724e-008	0.025293
-4.807224e-008	0.0186035
-4.804724e-008	0.022168
-4.802224e-008	0.0237549
-4.799724e-008	0.0209961
-4.797224e-008	0.0228027
-4.794724e-008	0.0272217
-4.792224e-008	0.0397705
-4.789724e-008	0.0393799
-4.787224e-008	0.0254639
-4.784724e-008	0.0225586
-4.782224e-008	0.0248047
-4.779724e-008	0.0260742
-4.777224e-008	0.022876
-4.774724e-008	0.0141846
-4.772224e-008	0.0195313
-4.769724e-008	0.0348389
-4.767224e-008	0.0287109
-4.764724e-008	0.0168945
-4.762224e-008	0.03479
-4.759724e-008	0.0459473
-4.757224e-008	0.023999
-4.754724e-008	0.0172119
-4.752224e-008	0.0302979
-4.749724e-008	0.0221436
-4.747224e-008	0.0101563
-4.744724e-008	0.022876
-4.742224e-008	0.035083
-4.739724e-008	0.029541
-4.737224e-008	0.0251953
-4.734724e-008	0.0337647
-4.732224e-008	0.0342529
-4.729724e-008	0.0143799
-4.727224e-008	0.00615235
-4.724724e-008	0.0180664
-4.722224e-008	0.0206787
-4.719724e-008	0.0120117
-4.717224e-008	0.0177002
-4.714724e-008	0.0260742
-4.712224e-008	0.0211426
-4.709724e-008	0.0303467
-4.707224e-008	0.0260254
-4.704724e-008	0.0128418
-4.702224e-008	0.0352051
-4.699724e-008	0.0311768
-4.697224e-008	0.00800782
-4.694724e-008	0.0182129
-4.692224e-008	0.0294678
-4.689724e-008	0.0319824
-4.687224e-008	0.0246094
-4.684724e-008	0.0177979
-4.682224e-008	0.0237305
-4.679724e-008	0.0266846
-4.677224e-008	0.0238037
-4.674724e-008	0.0177979
-4.672224e-008	0.0199219
-4.669724e-008	0.0163818
-4.667224e-008	0.00439454
-4.664724e-008	0.0114746
-4.662224e-008	0.0223877
-4.659724e-008	0.0281494
-4.657224e-008	0.0193848
-4.654724e-008	0.0041504
-4.652224e-008	0.0241943
-4.649724e-008	0.0353272
-4.647224e-008	0.00698243
-4.644724e-008	0.00720216
-4.642224e-008	0.0321045
-4.639724e-008	0.0239014
-4.637224e-008	0.0109619
-4.634724e-008	0.0167725
-4.632224e-008	0.0269531
-4.629724e-008	0.042334
-4.627224e-008	0.0326904
-4.624724e-008	0.0106445
-4.622224e-008	0.0174561
-4.619724e-008	0.0279541
-4.617224e-008	0.019751
-4.614724e-008	0.0114258
-4.612224e-008	0.0266846
-4.609724e-008	0.0308838
-4.607224e-008	0.0157471
-4.604724e-008	0.0266602
-4.602224e-008	0.0345947
-4.599724e-008	0.021582
-4.597224e-008	0.0208984
-4.594724e-008	0.0268555
-4.592224e-008	0.0219971
-4.589724e-008	0.0188477
-4.587224e-008	0.0244141
-4.584724e-008	0.0188965
-4.582224e-008	0.00908204
-4.579724e-008	0.0194092
-4.577224e-008	0.0288086
-4.574724e-008	0.0138184
-4.572224e-008	0.020752
-4.569724e-008	0.0399414
-4.567224e-008	0.0205811
-4.564724e-008	0.0175781
-4.562224e-008	0.027002
-4.559724e-008	0.0172119
-4.557224e-008	0.0286621
-4.554724e-008	0.0345459
-4.552224e-008	0.0255859
-4.549724e-008	0.0229004
-4.547224e-008	0.0123291
-4.544724e-008	0.0121094
-4.542224e-008	0.0252686
-4.539724e-008	0.0312256
-4.537224e-008	0.0280029
-4.534724e-008	0.0241943
-4.532224e-008	0.0254883
-4.529724e-008	0.0263184
-4.527224e-008	0.0248047
-4.524724e-008	0.0252197
-4.522224e-008	0.0289307
-4.519724e-008	0.0265137
-4.517224e-008	0.0263916
-4.514724e-008	0.032251
-4.512224e-008	0.023584
-4.509724e-008	0.0135498
-4.507224e-008	0.0161377
-4.504724e-008	0.0316162
-4.502224e-008	0.0333984
-4.499724e-008	0.00427247
-4.497224e-008	0.00705567
-4.494724e-008	0.0267578
-4.492224e-008	0.0237061
-4.489724e-008	0.0364746
-4.487224e-008	0.033252
-4.484724e-008	0.0108399
-4.482224e-008	0.0196777
-4.479724e-008	0.0276856
-4.477224e-008	0.00686036
-4.474724e-008	0.00146485
-4.472224e-008	0.0251953
-4.469724e-008	0.0231934
-4.467224e-008	0.00993653
-4.464724e-008	0.0188721
-4.462224e-008	0.0149414
-4.459724e-008	0.0108154
-4.457224e-008	0.0189453
-4.454724e-008	0.022168
-4.452224e-008	0.0312256
-4.449724e-008	0.0306885
-4.447224e-008	0.0212647
-4.444724e-008	0.0237305
-4.442224e-008	0.0215088
-4.439724e-008	0.0308838
-4.437224e-008	0.0447754
-4.434724e-008	0.0283447
-4.432224e-008	0.0250977
-4.429724e-008	0.0330078
-4.427224e-008	0.0243652
-4.424724e-008	0.025708
-4.422224e-008	0.0275391
-4.419724e-008	0.0210205
-4.417224e-008	0.0108643
-4.414724e-008	0.0105957
-4.412224e-008	0.0286865
-4.409724e-008	0.0324707
-4.407224e-008	0.026416
-4.404724e-008	0.0279297
-4.402224e-008	0.0225342
-4.399724e-008	0.0158447
-4.397224e-008	0.0194824
-4.394724e-008	0.026001
-4.392224e-008	0.0309326
-4.389724e-008	0.0249756
-4.387224e-008	0.00944825
-4.384724e-008	0.0138916
-4.382224e-008	0.02771
-4.379724e-008	0.0243164
-4.377224e-008	0.0164795
-4.374724e-008	0.0189697
-4.372224e-008	0.0301758
-4.369724e-008	0.0262695
-4.367224e-008	0.0151367
-4.364724e-008	0.0233154
-4.362224e-008	0.0318115
-4.359724e-008	0.0282959
-4.357224e-008	0.0181885
-4.354724e-008	0.0196777
-4.352224e-008	0.039624
-4.349724e-008	0.0378174
-4.347224e-008	0.00996095
-4.344724e-008	0.00954591
-4.342224e-008	0.0370606
-4.339724e-008	0.0327637
-4.337224e-008	0.0173096
-4.334724e-008	0.0314697
-4.332224e-008	0.038916
-4.329724e-008	0.0343506
-4.327224e-008	0.0296143
-4.324724e-008	0.0237061
-4.322224e-008	0.0190918
-4.319724e-008	0.0168213
-4.317224e-008	0.0281494
-4.314724e-008	0.0277832
-4.312224e-008	0.0217529
-4.309724e-008	0.026709
-4.307224e-008	0.0151611
-4.304724e-008	0.0142578
-4.302224e-008	0.0188721
-4.299724e-008	0.0123291
-4.297224e-008	0.0307373
-4.294724e-008	0.0364258
-4.292224e-008	0.0251465
-4.289724e-008	0.024585
-4.287224e-008	0.0098877
-4.284724e-008	0.0114746
-4.282224e-008	0.0236084
-4.279724e-008	0.0229248
-4.277224e-008	0.0338135
-4.274724e-008	0.032959
-4.272224e-008	0.0297363
-4.269724e-008	0.0269775
-4.267224e-008	0.00639649
-4.264724e-008	0.0156494
-4.262224e-008	0.0339356
-4.259724e-008	0.0215576
-4.257224e-008	0.0214844
-4.254724e-008	0.0324951
-4.252224e-008	0.0329102
-4.249724e-008	0.0437744
-4.247224e-008	0.0393311
-4.244724e-008	0.0112549
-4.242224e-008	0.00288087
-4.239724e-008	0.00920411
-4.237224e-008	0.0175537
-4.234724e-008	0.0189453
-4.232224e-008	0.0176514
-4.229724e-008	0.0275635
-4.227224e-008	0.0220459
-4.224724e-008	0.0106201
-4.222224e-008	0.0215576
-4.219724e-008	0.0263916
-4.217224e-008	0.0127686
-4.214724e-008	0.0166504
-4.212224e-008	0.0334717
-4.209724e-008	0.0285156
-4.207224e-008	0.0144043
-4.204724e-008	0.0192871
-4.202224e-008	0.0286377
-4.199724e-008	0.0229736
-4.197224e-008	0.0218506
-4.194724e-008	0.023291
-4.192224e-008	0.0177979
-4.189724e-008	0.0239746
-4.187224e-008	0.034375
-4.184724e-008	0.0287109
-4.182224e-008	0.00959473
-4.179724e-008	0.0038086
-4.177224e-008	0.0113281
-4.174724e-008	0.0161865
-4.172224e-008	0.0225342
-4.169724e-008	0.0223877
-4.167224e-008	0.0250488
-4.164724e-008	0.0309082
-4.162224e-008	0.0223389
-4.159724e-008	0.0152588
-4.157224e-008	0.0100098
-4.154724e-008	0.00668946
-4.152224e-008	0.0168945
-4.149724e-008	0.0170654
-4.147224e-008	0.0114746
-4.144724e-008	0.0188232
-4.142224e-008	0.020166
-4.139724e-008	0.0154785
-4.137224e-008	0.0148438
-4.134724e-008	0.0168945
-4.132224e-008	0.0232422
-4.129724e-008	0.0290039
-4.127224e-008	0.0223877
-4.124724e-008	0.0124756
-4.122224e-008	0.0125977
-4.119724e-008	0.0127441
-4.117224e-008	0.0227295
-4.114724e-008	0.0349609
-4.112224e-008	0.0325684
-4.109724e-008	0.0282715
-4.107224e-008	0.0223877
-4.104724e-008	0.0252441
-4.102224e-008	0.0237061
-4.099724e-008	0.0114014
-4.097224e-008	0.0117188
-4.094724e-008	0.0151856
-4.092224e-008	0.0194092
-4.089724e-008	0.0232178
-4.087224e-008	0.0283691
-4.084724e-008	0.0289307
-4.082224e-008	0.0211914
-4.079724e-008	0.023291
-4.077224e-008	0.0241211
-4.074724e-008	0.0206543
-4.072224e-008	0.0177979
-4.069724e-008	0.0221924
-4.067224e-008	0.0287842
-4.064724e-008	0.0228516
-4.062224e-008	0.0184326
-4.059724e-008	0.013208
-4.057224e-008	0.0167725
-4.054724e-008	0.0254883
-4.052224e-008	0.0240723
-4.049724e-008	0.0183106
-4.047224e-008	-0.00224609
-4.044724e-008	-0.00197753
-4.042224e-008	0.0250244
-4.039724e-008	0.0214111
-4.037224e-008	-7.32347e-005
-4.034724e-008	0.00729981
-4.032224e-008	0.0321533
-4.029724e-008	0.033667
-4.027224e-008	0.023169
-4.024724e-008	0.0208984
-4.022224e-008	0.0167969
-4.019724e-008	0.0206543
-4.017224e-008	0.0260742
-4.014724e-008	0.0235107
-4.012224e-008	0.0232178
-4.009724e-008	0.0156494
-4.007224e-008	0.00747071
-4.004724e-008	0.0137207
-4.002224e-008	0.0196045
-3.999724e-008	0.0119629
-3.997224e-008	0.0065918
-3.994724e-008	0.015625
-3.992224e-008	0.0224609
-3.989724e-008	0.0311524
-3.987224e-008	0.0372559
-3.984724e-008	0.0235107
-3.982224e-008	0.0192871
-3.979724e-008	0.0300293
-3.977224e-008	0.0254395
-3.974724e-008	0.0108887
-3.972224e-008	0.0144043
-3.969724e-008	0.0141357
-3.967224e-008	0.0104492
-3.964724e-008	0.0392334
-3.962224e-008	0.0423096
-3.959724e-008	0.0156738
-3.957224e-008	0.0164795
-3.954724e-008	0.0212158
-3.952224e-008	0.0262207
-3.949724e-008	0.026416
-3.947224e-008	0.015332
-3.944724e-008	0.0164551
-3.942224e-008	0.0169434
-3.939724e-008	0.0165039
-3.937224e-008	0.0229492
-3.934724e-008	0.0223633
-3.932224e-008	0.0253174
-3.929724e-008	0.0300781
-3.927224e-008	0.0200195
-3.924724e-008	0.0112305
-3.922224e-008	0.0129395
-3.919724e-008	0.0154053
-3.917224e-008	0.0165772
-3.914724e-008	0.027832
-3.912224e-008	0.0375
-3.909724e-008	0.0321777
-3.907224e-008	0.036084
-3.904724e-008	0.029834
-3.902224e-008	0.0105225
-3.899724e-008	0.0103272
-3.897224e-008	0.0180908
-3.894724e-008	0.0295899
-3.892224e-008	0.0256592
-3.889724e-008	0.013501
-3.887224e-008	0.0202393
-3.884724e-008	0.0265137
-3.882224e-008	0.0334229
-3.879724e-008	0.0297363
-3.877224e-008	0.0120361
-3.874724e-008	0.00998536
-3.872224e-008	0.0175537
-3.869724e-008	0.0143555
-3.867224e-008	0.00729981
-3.864724e-008	0.0237549
-3.862224e-008	0.0363037
-3.859724e-008	0.0202393
-3.857224e-008	0.0204834
-3.854724e-008	0.0247315
-3.852224e-008	0.02146
-3.849724e-008	0.0270996
-3.847224e-008	0.00476075
-3.844724e-008	-0.0072998
-3.842224e-008	0.0205078
-3.839724e-008	0.022876
-3.837224e-008	0.0130615
-3.834724e-008	0.0184082
-3.832224e-008	0.0222168
-3.829724e-008	0.0243897
-3.827224e-008	0.0181397
-3.824724e-008	0.0208496
-3.822224e-008	0.0360108
-3.819724e-008	0.0391358
-3.817224e-008	0.0308594
-3.814724e-008	0.0181641
-3.812224e-008	0.0184815
-3.809724e-008	0.023584
-3.807224e-008	0.0144775
-3.804724e-008	0.0196045
-3.802224e-008	0.0353272
-3.799724e-008	0.0296631
-3.797224e-008	0.0169434
-3.794724e-008	0.015625
-3.792224e-008	0.0244873
-3.789724e-008	0.0289795
-3.787224e-008	0.0181397
-3.784724e-008	0.0156494
-3.782224e-008	0.028125
-3.779724e-008	0.032959
-3.777224e-008	0.0252197
-3.774724e-008	0.0162598
-3.772224e-008	0.0217529
-3.769724e-008	0.031543
-3.767224e-008	0.0292969
-3.764724e-008	0.0237305
-3.762224e-008	0.0235596
-3.759724e-008	0.0249512
-3.757224e-008	0.0227051
-3.754724e-008	0.0209961
-3.752224e-008	0.0177246
-3.749724e-008	0.0188477
-3.747224e-008	0.0179443
-3.744724e-008	0.00913087
-3.742224e-008	0.019165
-3.739724e-008	0.0209473
-3.737224e-008	0.0118408
-3.734724e-008	0.0327149
-3.732224e-008	0.0462402
-3.729724e-008	0.0313233
-3.727224e-008	0.0118408
-3.724724e-008	0.00947266
-3.722224e-008	0.025415
-3.719724e-008	0.0252441
-3.717224e-008	0.0159424
-3.714724e-008	0.0218018
-3.712224e-008	0.032544
-3.709724e-008	0.0380859
-3.707224e-008	0.0283203
-3.704724e-008	0.0124512
-3.702224e-008	0.0125732
-3.699724e-008	0.0214111
-3.697224e-008	0.021875
-3.694724e-008	0.0169678
-3.692224e-008	0.0238281
-3.689724e-008	0.0252441
-3.687224e-008	0.00979005
-3.684724e-008	0.0215332
-3.682224e-008	0.0415283
-3.679724e-008	0.0218506
-3.677224e-008	0.010669
-3.674724e-008	0.0321289
-3.672224e-008	0.0417236
-3.669724e-008	0.0322754
-3.667224e-008	0.0265381
-3.664724e-008	0.0279541
-3.662224e-008	0.0260742
-3.659724e-008	0.0212158
-3.657224e-008	0.0167725
-3.654724e-008	0.0198731
-3.652224e-008	0.0332031
-3.649724e-008	0.0309082
-3.647224e-008	0.0149414
-3.644724e-008	0.0121338
-3.642224e-008	0.0224609
-3.639724e-008	0.027002
-3.637224e-008	0.0247803
-3.634724e-008	0.0370606
-3.632224e-008	0.0396973
-3.629724e-008	0.0217774
-3.627224e-008	0.0159668
-3.624724e-008	0.0145264
-3.622224e-008	0.0136963
-3.619724e-008	0.0202881
-3.617224e-008	0.0222656
-3.614724e-008	0.0202881
-3.612224e-008	0.0201172
-3.609724e-008	0.022168
-3.607224e-008	0.0220947
-3.604724e-008	0.0223877
-3.602224e-008	0.0275879
-3.599724e-008	0.0220215
-3.597224e-008	0.011499
-3.594724e-008	0.0118897
-3.592224e-008	0.0125244
-3.589724e-008	0.0159424
-3.587224e-008	0.0171875
-3.584724e-008	0.0161133
-3.582224e-008	0.0308838
-3.579724e-008	0.0364258
-3.577224e-008	0.0209473
-3.574724e-008	0.0196289
-3.572224e-008	0.0286621
-3.569724e-008	0.0201904
-3.567224e-008	0.0141846
-3.564724e-008	0.0206787
-3.562224e-008	0.0197266
-3.559724e-008	0.0239014
-3.557224e-008	0.0295654
-3.554724e-008	0.0201904
-3.552224e-008	0.0105957
-3.549724e-008	0.0147705
-3.547224e-008	0.0294678
-3.544724e-008	0.0302002
-3.542224e-008	0.0247315
-3.539724e-008	0.0279541
-3.537224e-008	0.0219238
-3.534724e-008	0.020044
-3.532224e-008	0.0244141
-3.529724e-008	0.0209717
-3.527224e-008	0.0212647
-3.524724e-008	0.0224365
-3.522224e-008	0.0174316
-3.519724e-008	0.0142334
-3.517224e-008	0.0220703
-3.514724e-008	0.0345947
-3.512224e-008	0.0423096
-3.509724e-008	0.0351807
-3.507224e-008	0.0176025
-3.504724e-008	0.023291
-3.502224e-008	0.0269775
-3.499724e-008	0.0105469
-3.497224e-008	0.0161865
-3.494724e-008	0.0256104
-3.492224e-008	0.0276611
-3.489724e-008	0.0302246
-3.487224e-008	0.0177002
-3.484724e-008	0.0124268
-3.482224e-008	0.0164063
-3.479724e-008	0.0199219
-3.477224e-008	0.0269043
-3.474724e-008	0.0272461
-3.472224e-008	0.0278076
-3.469724e-008	0.0171631
-3.467224e-008	0.00197755
-3.464724e-008	0.0147949
-3.462224e-008	0.026294
-3.459724e-008	0.0201416
-3.457224e-008	0.0107178
-3.454724e-008	0.00473634
-3.452224e-008	0.0187744
-3.449724e-008	0.0265381
-3.447224e-008	0.0220215
-3.444724e-008	0.0274902
-3.442224e-008	0.0163086
-3.439724e-008	0.0116699
-3.437224e-008	0.0279785
-3.434724e-008	0.0287109
-3.432224e-008	0.0293701
-3.429724e-008	0.029834
-3.427224e-008	0.0276367
-3.424724e-008	0.0276856
-3.422224e-008	0.0199463
-3.419724e-008	0.0236816
-3.417224e-008	0.0304932
-3.414724e-008	0.0290283
-3.412224e-008	0.0273682
-3.409724e-008	0.0246094
-3.407224e-008	0.021582
-3.404724e-008	0.0203613
-3.402224e-008	0.0260986
-3.399724e-008	0.0196777
-3.397224e-008	0.015625
-3.394724e-008	0.0258301
-3.392224e-008	0.0257568
-3.389724e-008	0.0297119
-3.387224e-008	0.0249268
-3.384724e-008	0.0165039
-3.382224e-008	0.0227295
-3.379724e-008	0.0177979
-3.377224e-008	0.0197022
-3.374724e-008	0.0208496
-3.372224e-008	0.0105469
-3.369724e-008	0.0156494
-3.367224e-008	0.0172363
-3.364724e-008	0.0188965
-3.362224e-008	0.0285889
-3.359724e-008	0.0249024
-3.357224e-008	0.0217285
-3.354724e-008	0.0191895
-3.352224e-008	0.0172119
-3.349724e-008	0.0231934
-3.347224e-008	0.0120361
-3.344724e-008	0.0125977
-3.342224e-008	0.0289307
-3.339724e-008	0.0195068
-3.337224e-008	0.0223145
-3.334724e-008	0.0280029
-3.332224e-008	0.0202637
-3.329724e-008	0.0247803
-3.327224e-008	0.0153809
-3.324724e-008	0.0125244
-3.322224e-008	0.0191895
-3.319724e-008	0.0143311
-3.317224e-008	0.0258057
-3.314724e-008	0.0291992
-3.312224e-008	0.0202637
-3.309724e-008	0.0300781
-3.307224e-008	0.031665
-3.304724e-008	0.0183838
-3.302224e-008	0.0166504
-3.299724e-008	0.0182373
-3.297224e-008	0.0154785
-3.294724e-008	0.0168945
-3.292224e-008	0.0214111
-3.289724e-008	0.0222168
-3.287224e-008	0.0206055
-3.284724e-008	0.0267578
-3.282224e-008	0.0259766
-3.279724e-008	0.0165039
-3.277224e-008	0.0216553
-3.274724e-008	0.0234863
-3.272224e-008	0.0157715
-3.269724e-008	0.0237793
-3.267224e-008	0.0286377
-3.264724e-008	0.0202881
-3.262224e-008	0.0260498
-3.259724e-008	0.0270996
-3.257224e-008	0.0105225
-3.254724e-008	0.0171875
-3.252224e-008	0.0392578
-3.249724e-008	0.0253662
-3.247224e-008	-0.00129394
-3.244724e-008	0.0105957
-3.242224e-008	0.0203857
-3.239724e-008	0.0072754
-3.237224e-008	0.0186279
-3.234724e-008	0.0299805
-3.232224e-008	0.0251709
-3.229724e-008	0.0294678
-3.227224e-008	0.0233399
-3.224724e-008	0.0155274
-3.222224e-008	0.022168
-3.219724e-008	0.024707
-3.217224e-008	0.0192383
-3.214724e-008	0.011499
-3.212224e-008	0.0183106
-3.209724e-008	0.029126
-3.207224e-008	0.0201416
-3.204724e-008	0.0162354
-3.202224e-008	0.0227295
-3.199724e-008	0.0204834
-3.197224e-008	0.0154541
-3.194724e-008	0.00488282
-3.192224e-008	0.00817872
-3.189724e-008	0.0271484
-3.187224e-008	0.0177002
-3.184724e-008	0.0166992
-3.182224e-008	0.0358399
-3.179724e-008	0.0256592
-3.177224e-008	0.021582
-3.174724e-008	0.0257324
-3.172224e-008	0.0193604
-3.169724e-008	0.029419
-3.167224e-008	0.0294922
-3.164724e-008	0.0185059
-3.162224e-008	0.0238281
-3.159724e-008	0.0279785
-3.157224e-008	0.0234375
-3.154724e-008	0.0136963
-3.152224e-008	0.0135986
-3.149724e-008	0.0253174
-3.147224e-008	0.0208008
-3.144724e-008	0.020874
-3.142224e-008	0.0335449
-3.139724e-008	0.0248779
-3.137224e-008	0.0161377
-3.134724e-008	0.0179932
-3.132224e-008	0.0190186
-3.129724e-008	0.0298584
-3.127224e-008	0.0300537
-3.124724e-008	0.0201904
-3.122224e-008	0.027124
-3.119724e-008	0.0320313
-3.117224e-008	0.0289795
-3.114724e-008	0.0347412
-3.112224e-008	0.0378418
-3.109724e-008	0.0270264
-3.107224e-008	0.012793
-3.104724e-008	0.0179199
-3.102224e-008	0.0288086
-3.099724e-008	0.0269531
-3.097224e-008	0.039624
-3.094724e-008	0.0436524
-3.092224e-008	0.0281738
-3.089724e-008	0.0294434
-3.087224e-008	0.0229004
-3.084724e-008	0.0148682
-3.082224e-008	0.0234375
-3.079724e-008	0.0239258
-3.077224e-008	0.0267822
-3.074724e-008	0.0258301
-3.072224e-008	0.0213379
-3.069724e-008	0.0331299
-3.067224e-008	0.0355225
-3.064724e-008	0.0240967
-3.062224e-008	0.0164307
-3.059724e-008	0.0135498
-3.057224e-008	0.0185059
-3.054724e-008	0.0196777
-3.052224e-008	0.0233643
-3.049724e-008	0.035669
-3.047224e-008	0.0220215
-3.044724e-008	0.0136475
-3.042224e-008	0.0366211
-3.039724e-008	0.0247803
-3.037224e-008	0.0098877
-3.034724e-008	0.0267578
-3.032224e-008	0.0223145
-3.029724e-008	0.0183594
-3.027224e-008	0.0203369
-3.024724e-008	0.0131104
-3.022224e-008	0.0153809
-3.019724e-008	0.0201904
-3.017224e-008	0.0277832
-3.014724e-008	0.0249268
-3.012224e-008	0.0157471
-3.009724e-008	0.0211914
-3.007224e-008	0.0217529
-3.004724e-008	0.0209717
-3.002224e-008	0.0273926
-2.999724e-008	0.0228272
-2.997224e-008	0.0212891
-2.994724e-008	0.0350098
-2.992224e-008	0.0396729
-2.989724e-008	0.0243164
-2.987224e-008	0.0100586
-2.984724e-008	0.0242676
-2.982224e-008	0.0399414
-2.979724e-008	0.0272949
-2.977224e-008	0.00925294
-2.974724e-008	-0.00141601
-2.972224e-008	0.0136231
-2.969724e-008	0.031958
-2.967224e-008	0.0193115
-2.964724e-008	0.0126709
-2.962224e-008	0.0192627
-2.959724e-008	0.0256836
-2.957224e-008	0.0263428
-2.954724e-008	0.0212891
-2.952224e-008	0.0296875
-2.949724e-008	0.0335205
-2.947224e-008	0.0235107
-2.944724e-008	0.0169922
-2.942224e-008	0.0151123
-2.939724e-008	0.0193848
-2.937224e-008	0.0220947
-2.934724e-008	0.0203857
-2.932224e-008	0.02854
-2.929724e-008	0.0334473
-2.927224e-008	0.0224365
-2.924724e-008	0.019043
-2.922224e-008	0.0268066
-2.919724e-008	0.0260986
-2.917224e-008	0.010376
-2.914724e-008	-0.000170891
-2.912224e-008	0.0172607
-2.909724e-008	0.0264404
-2.907224e-008	0.0127686
-2.904724e-008	0.0141113
-2.902224e-008	0.0216309
-2.899724e-008	0.0265381
-2.897224e-008	0.0285889
-2.894724e-008	0.0140137
-2.892224e-008	0.017041
-2.889724e-008	0.0377441
-2.887224e-008	0.0229736
-2.884724e-008	0.00317384
-2.882224e-008	0.00998536
-2.879724e-008	0.0144043
-2.877224e-008	0.0276856
-2.874724e-008	0.0341065
-2.872224e-008	0.0208984
-2.869724e-008	0.0244385
-2.867224e-008	0.0264404
-2.864724e-008	0.0201416
-2.862224e-008	0.0162842
-2.859724e-008	0.0106934
-2.857224e-008	0.0150635
-2.854724e-008	0.0188232
-2.852224e-008	0.019751
-2.849724e-008	0.0121094
-2.847224e-008	0.00104981
-2.844724e-008	0.0198731
-2.842224e-008	0.0336426
-2.839724e-008	0.0206055
-2.837224e-008	0.0198975
-2.834724e-008	0.0275147
-2.832224e-008	0.0321777
-2.829724e-008	0.0274658
-2.827224e-008	0.0158447
-2.824724e-008	0.0222168
-2.822224e-008	0.0200684
-2.819724e-008	0.0131592
-2.817224e-008	0.027124
-2.814724e-008	0.023169
-2.812224e-008	0.019165
-2.809724e-008	0.0301025
-2.807224e-008	0.0119873
-2.804724e-008	0.00598145
-2.802224e-008	0.0279297
-2.799724e-008	0.0219971
-2.797224e-008	0.0176758
-2.794724e-008	0.0262451
-2.792224e-008	0.0173828
-2.789724e-008	0.0164795
-2.787224e-008	0.020752
-2.784724e-008	0.0218018
-2.782224e-008	0.0276856
-2.779724e-008	0.0247559
-2.777224e-008	0.0170899
-2.774724e-008	0.0187988
-2.772224e-008	0.030957
-2.769724e-008	0.0317627
-2.767224e-008	0.019043
-2.764724e-008	0.015918
-2.762224e-008	0.0188965
-2.759724e-008	0.0247315
-2.757224e-008	0.0321777
-2.754724e-008	0.0272949
-2.752224e-008	0.0230713
-2.749724e-008	0.0335693
-2.747224e-008	0.030835
-2.744724e-008	0.0200195
-2.742224e-008	0.0243408
-2.739724e-008	0.025415
-2.737224e-008	0.0271973
-2.734724e-008	0.0271484
-2.732224e-008	0.0272949
-2.729724e-008	0.0358643
-2.727224e-008	0.0216553
-2.724724e-008	0.0170654
-2.722224e-008	0.0365967
-2.719724e-008	0.0296631
-2.717224e-008	0.0146973
-2.714724e-008	0.0146729
-2.712224e-008	0.0224121
-2.709724e-008	0.0268066
-2.707224e-008	0.019751
-2.704724e-008	0.0275147
-2.702224e-008	0.0381348
-2.699724e-008	0.0201904
-2.697224e-008	0.0130859
-2.694724e-008	0.0255859
-2.692224e-008	0.0216797
-2.689724e-008	0.0219482
-2.687224e-008	0.0273193
-2.684724e-008	0.0223389
-2.682224e-008	0.021875
-2.679724e-008	0.0178711
-2.677224e-008	0.015625
-2.674724e-008	0.0218262
-2.672224e-008	0.0219482
-2.669724e-008	0.0176025
-2.667224e-008	0.0191895
-2.664724e-008	0.0258301
-2.662224e-008	0.0298584
-2.659724e-008	0.0331543
-2.657224e-008	0.0289795
-2.654724e-008	0.01875
-2.652224e-008	0.0268799
-2.649724e-008	0.0413574
-2.647224e-008	0.0288086
-2.644724e-008	0.01521
-2.642224e-008	0.0205566
-2.639724e-008	0.0166504
-2.637224e-008	0.0132324
-2.634724e-008	0.0207031
-2.632224e-008	0.0289795
-2.629724e-008	0.0292725
-2.627224e-008	0.0162109
-2.624724e-008	0.0176025
-2.622224e-008	0.0271484
-2.619724e-008	0.0217529
-2.617224e-008	0.0242188
-2.614724e-008	0.0346191
-2.612224e-008	0.0312256
-2.609724e-008	0.0289551
-2.607224e-008	0.0309326
-2.604724e-008	0.0203369
-2.602224e-008	0.0164795
-2.599724e-008	0.0212402
-2.597224e-008	0.0276123
-2.594724e-008	0.0253174
-2.592224e-008	0.0102295
-2.589724e-008	0.0162354
-2.587224e-008	0.0220459
-2.584724e-008	0.0217285
-2.582224e-008	0.0299316
-2.579724e-008	0.0220215
-2.577224e-008	0.0230225
-2.574724e-008	0.02854
-2.572224e-008	0.0222656
-2.569724e-008	0.0224854
-2.567224e-008	0.0138916
-2.564724e-008	0.0131104
-2.562224e-008	0.0232178
-2.559724e-008	0.0164307
-2.557224e-008	0.0231201
-2.554724e-008	0.0351807
-2.552224e-008	0.0158936
-2.549724e-008	0.00590821
-2.547224e-008	0.0243652
-2.544724e-008	0.0429932
-2.542224e-008	0.0416504
-2.539724e-008	0.0228516
-2.537224e-008	0.0250733
-2.534724e-008	0.0323975
-2.532224e-008	0.0218994
-2.529724e-008	0.0225586
-2.527224e-008	0.01521
-2.524724e-008	0.00651856
-2.522224e-008	0.0197022
-2.519724e-008	0.0195557
-2.517224e-008	0.0134522
-2.514724e-008	0.0246094
-2.512224e-008	0.0332031
-2.509724e-008	0.0258789
-2.507224e-008	0.0169434
-2.504724e-008	0.0195557
-2.502224e-008	0.0226318
-2.499724e-008	0.023169
-2.497224e-008	0.0158691
-2.494724e-008	0.00817872
-2.492224e-008	0.021582
-2.489724e-008	0.0329834
-2.487224e-008	0.0342529
-2.484724e-008	0.0332275
-2.482224e-008	0.0255371
-2.479724e-008	0.0219727
-2.477224e-008	0.021167
-2.474724e-008	0.0199463
-2.472224e-008	0.0237793
-2.469724e-008	0.0321533
-2.467224e-008	0.0319336
-2.464724e-008	0.0285889
-2.462224e-008	0.0317383
-2.459724e-008	0.0221191
-2.457224e-008	0.02146
-2.454724e-008	0.0314453
-2.452224e-008	0.0246582
-2.449724e-008	0.0270752
-2.447224e-008	0.0281983
-2.444724e-008	0.0194824
-2.442224e-008	0.0260742
-2.439724e-008	0.0169678
-2.437224e-008	0.00170899
-2.434724e-008	0.0200928
-2.432224e-008	0.0357178
-2.429724e-008	0.0349365
-2.427224e-008	0.0361816
-2.424724e-008	0.0276856
-2.422224e-008	0.0159668
-2.419724e-008	0.0119385
-2.417224e-008	0.0150879
-2.414724e-008	0.0199219
-2.412224e-008	0.0226563
-2.409724e-008	0.0326904
-2.407224e-008	0.0335205
-2.404724e-008	0.0250244
-2.402224e-008	0.0300049
-2.399724e-008	0.0321289
-2.397224e-008	0.029541
-2.394724e-008	0.0309326
-2.392224e-008	0.0251465
-2.389724e-008	0.0220703
-2.387224e-008	0.0244385
-2.384724e-008	0.0244629
-2.382224e-008	0.0290527
-2.379724e-008	0.0273438
-2.377224e-008	0.0197022
-2.374724e-008	0.0237793
-2.372224e-008	0.0233154
-2.369724e-008	0.0146729
-2.367224e-008	0.0169434
-2.364724e-008	0.0270752
-2.362224e-008	0.0321777
-2.359724e-008	0.0251709
-2.357224e-008	0.0157471
-2.354724e-008	0.0138672
-2.352224e-008	0.0263916
-2.349724e-008	0.0386719
-2.347224e-008	0.027832
-2.344724e-008	0.0216309
-2.342224e-008	0.026416
-2.339724e-008	0.0200928
-2.337224e-008	0.0198731
-2.334724e-008	0.0298584
-2.332224e-008	0.0273926
-2.329724e-008	0.0195801
-2.327224e-008	0.0218506
-2.324724e-008	0.0179199
-2.322224e-008	0.0156982
-2.319724e-008	0.0303467
-2.317224e-008	0.0342285
-2.314724e-008	0.0184815
-2.312224e-008	0.0122315
-2.309724e-008	0.0271484
-2.307224e-008	0.0358399
-2.304724e-008	0.0263428
-2.302224e-008	0.0167969
-2.299724e-008	0.0183594
-2.297224e-008	0.0219238
-2.294724e-008	0.0124268
-2.292224e-008	0.0157471
-2.289724e-008	0.0392822
-2.287224e-008	0.0370361
-2.284724e-008	0.0192383
-2.282224e-008	0.0245361
-2.279724e-008	0.025
-2.277224e-008	0.0144287
-2.274724e-008	0.0207764
-2.272224e-008	0.0236816
-2.269724e-008	0.01875
-2.267224e-008	0.0159668
-2.264724e-008	0.0174072
-2.262224e-008	0.0307129
-2.259724e-008	0.0314453
-2.257224e-008	0.0187988
-2.254724e-008	0.011792
-2.252224e-008	0.0173584
-2.249724e-008	0.0307373
-2.247224e-008	0.02854
-2.244724e-008	0.0253906
-2.242224e-008	0.0249024
-2.239724e-008	0.0122803
-2.237224e-008	0.0100098
-2.234724e-008	0.0167481
-2.232224e-008	0.0255127
-2.229724e-008	0.030249
-2.227224e-008	0.0133057
-2.224724e-008	0.00563966
-2.222224e-008	0.0166016
-2.219724e-008	0.0188965
-2.217224e-008	0.0221924
-2.214724e-008	0.0241211
-2.212224e-008	0.0251709
-2.209724e-008	0.027832
-2.207224e-008	0.0191406
-2.204724e-008	0.0293213
-2.202224e-008	0.0384277
-2.199724e-008	0.0175293
-2.197224e-008	0.0168701
-2.194724e-008	0.0307373
-2.192224e-008	0.030835
-2.189724e-008	0.0247315
-2.187224e-008	0.0151856
-2.184724e-008	0.0158691
-2.182224e-008	0.0249512
-2.179724e-008	0.0256104
-2.177224e-008	0.0138916
-2.174724e-008	0.012085
-2.172224e-008	0.0301514
-2.169724e-008	0.0279297
-2.167224e-008	0.0112793
-2.164724e-008	0.0181885
-2.162224e-008	0.0220947
-2.159724e-008	0.0200195
-2.157224e-008	0.0314453
-2.154724e-008	0.0258057
-2.152224e-008	0.0223145
-2.149724e-008	0.0293457
-2.147224e-008	0.0165039
-2.144724e-008	0.0189941
-2.142224e-008	0.0212647
-2.139724e-008	0.0165283
-2.137224e-008	0.0283447
-2.134724e-008	0.0151611
-2.132224e-008	0.0141846
-2.129724e-008	0.034082
-2.127224e-008	0.0270996
-2.124724e-008	0.0260742
-2.122224e-008	0.0253174
-2.119724e-008	0.0164063
-2.117224e-008	0.0182129
-2.114724e-008	0.0104981
-2.112224e-008	0.00546876
-2.109724e-008	0.0158447
-2.107224e-008	0.016626
-2.104724e-008	0.0186524
-2.102224e-008	0.0311768
-2.099724e-008	0.02146
-2.097224e-008	-0.00163573
-2.094724e-008	0.00351563
-2.092224e-008	0.0318604
-2.089724e-008	0.0347656
-2.087224e-008	0.0122315
-2.084724e-008	0.0151611
-2.082224e-008	0.0232178
-2.079724e-008	0.020166
-2.077224e-008	0.033374
-2.074724e-008	0.0310059
-2.072224e-008	0.02229
-2.069724e-008	0.0358154
-2.067224e-008	0.0260498
-2.064724e-008	0.0110352
-2.062224e-008	0.0239746
-2.059724e-008	0.0269287
-2.057224e-008	0.0262695
-2.054724e-008	0.0318359
-2.052224e-008	0.0349854
-2.049724e-008	0.0341309
-2.047224e-008	0.0113281
-2.044724e-008	0.010791
-2.042224e-008	0.0363281
-2.039724e-008	0.0256348
-2.037224e-008	0.0171387
-2.034724e-008	0.0258301
-2.032224e-008	0.0218262
-2.029724e-008	0.0316162
-2.027224e-008	0.0368164
-2.024724e-008	0.0244873
-2.022224e-008	0.0264893
-2.019724e-008	0.0335693
-2.017224e-008	0.0345703
-2.014724e-008	0.0340576
-2.012224e-008	0.0352783
-2.009724e-008	0.0280762
-2.007224e-008	0.00593262
-2.004724e-008	0.00891114
-2.002224e-008	0.0267334
-1.999724e-008	0.018042
-1.997224e-008	0.0129883
-1.994724e-008	0.0170899
-1.992224e-008	0.018335
-1.989724e-008	0.0236084
-1.987224e-008	0.0197754
-1.984724e-008	0.0198731
-1.982224e-008	0.0258057
-1.979724e-008	0.0260986
-1.977224e-008	0.0313721
-1.974724e-008	0.0281983
-1.972224e-008	0.0238037
-1.969724e-008	0.0312256
-1.967224e-008	0.0246094
-1.964724e-008	0.0136719
-1.962224e-008	0.0190186
-1.959724e-008	0.0253418
-1.957224e-008	0.0215332
-1.954724e-008	0.0175537
-1.952224e-008	0.0306152
-1.949724e-008	0.0463867
-1.947224e-008	0.0373047
-1.944724e-008	0.0197754
-1.942224e-008	0.0145264
-1.939724e-008	0.014624
-1.937224e-008	0.0201172
-1.934724e-008	0.0188232
-1.932224e-008	0.00820313
-1.929724e-008	0.0220459
-1.927224e-008	0.0387451
-1.924724e-008	0.0348145
-1.922224e-008	0.0334473
-1.919724e-008	0.0244141
-1.917224e-008	0.020166
-1.914724e-008	0.0266602
-1.912224e-008	0.0302246
-1.909724e-008	0.0322998
-1.907224e-008	0.012207
-1.904724e-008	0.0147217
-1.902224e-008	0.0427002
-1.899724e-008	0.030957
-1.897224e-008	0.0182373
-1.894724e-008	0.0217285
-1.892224e-008	0.0228272
-1.889724e-008	0.0240479
-1.887224e-008	0.0128418
-1.884724e-008	0.0122559
-1.882224e-008	0.0207031
-1.879724e-008	0.0157715
-1.877224e-008	0.0203613
-1.874724e-008	0.0317383
-1.872224e-008	0.0244629
-1.869724e-008	0.0195557
-1.867224e-008	0.0246338
-1.864724e-008	0.0179199
-1.862224e-008	0.0175293
-1.859724e-008	0.0270264
-1.857224e-008	0.0317627
-1.854724e-008	0.0244141
-1.852224e-008	0.0105957
-1.849724e-008	0.022168
-1.847224e-008	0.025415
-1.844724e-008	0.0111572
-1.842224e-008	0.027002
-1.839724e-008	0.0395264
-1.837224e-008	0.0269531
-1.834724e-008	0.0175781
-1.832224e-008	0.0244629
-1.829724e-008	0.0256592
-1.827224e-008	0.0104248
-1.824724e-008	0.0151367
-1.822224e-008	0.0261475
-1.819724e-008	0.0287598
-1.817224e-008	0.0295654
-1.814724e-008	0.0173584
-1.812224e-008	0.022168
-1.809724e-008	0.030957
-1.807224e-008	0.0182373
-1.804724e-008	0.0152832
-1.802224e-008	0.0245117
-1.799724e-008	0.0263672
-1.797224e-008	0.0178711
-1.794724e-008	0.0228272
-1.792224e-008	0.0302246
-1.789724e-008	0.0171387
-1.787224e-008	0.0151611
-1.784724e-008	0.0237305
-1.782224e-008	0.0218994
-1.779724e-008	0.0131104
-1.777224e-008	0.0162354
-1.774724e-008	0.0307129
-1.772224e-008	0.0319824
-1.769724e-008	0.0311035
-1.767224e-008	0.0292725
-1.764724e-008	0.0253174
-1.762224e-008	0.0210938
-1.759724e-008	0.00786134
-1.757224e-008	0.00871583
-1.754724e-008	0.0152344
-1.752224e-008	0.02146
-1.749724e-008	0.0369141
-1.747224e-008	0.0319824
-1.744724e-008	0.0166992
-1.742224e-008	0.0159668
-1.739724e-008	0.0223633
-1.737224e-008	0.0249756
-1.734724e-008	0.0142822
-1.732224e-008	0.0114258
-1.729724e-008	0.0290283
-1.727224e-008	0.035083
-1.724724e-008	0.0167481
-1.722224e-008	0.00563966
-1.719724e-008	0.0151611
-1.717224e-008	0.0186279
-1.714724e-008	0.0169434
-1.712224e-008	0.0239014
-1.709724e-008	0.0239258
-1.707224e-008	0.014917
-1.704724e-008	0.00952149
-1.702224e-008	0.0129639
-1.699724e-008	0.0190674
-1.697224e-008	0.0184082
-1.694724e-008	0.0176025
-1.692224e-008	0.0260986
-1.689724e-008	0.0302002
-1.687224e-008	0.0211914
-1.684724e-008	0.019458
-1.682224e-008	0.0250977
-1.679724e-008	0.01521
-1.677224e-008	0.00839845
-1.674724e-008	0.0276367
-1.672224e-008	0.0392334
-1.669724e-008	0.0281738
-1.667224e-008	0.0236572
-1.664724e-008	0.0231201
-1.662224e-008	0.0215332
-1.659724e-008	0.0253174
-1.657224e-008	0.0119629
-1.654724e-008	0.00156251
-1.652224e-008	0.0263672
-1.649724e-008	0.0330811
-1.647224e-008	0.0165772
-1.644724e-008	0.0218262
-1.642224e-008	0.0214356
-1.639724e-008	0.0106934
-1.637224e-008	0.012207
-1.634724e-008	0.0282715
-1.632224e-008	0.0385986
-1.629724e-008	0.0250488
-1.627224e-008	0.0251709
-1.624724e-008	0.0219482
-1.622224e-008	0.0109619
-1.619724e-008	0.0274902
-1.617224e-008	0.0268066
-1.614724e-008	0.0174805
-1.612224e-008	0.023999
-1.609724e-008	0.0176514
-1.607224e-008	0.00920411
-1.604724e-008	0.017334
-1.602224e-008	0.0253418
-1.599724e-008	0.0144043
-1.597224e-008	0.016626
-1.594724e-008	0.0285156
-1.592224e-008	0.0300781
-1.589724e-008	0.0347168
-1.587224e-008	0.0196289
-1.584724e-008	0.013208
-1.582224e-008	0.0242188
-1.579724e-008	0.0162842
-1.577224e-008	0.0230957
-1.574724e-008	0.0335205
-1.572224e-008	0.0256348
-1.569724e-008	0.0228272
-1.567224e-008	0.0184815
-1.564724e-008	0.0151367
-1.562224e-008	0.0212402
-1.559724e-008	0.0240234
-1.557224e-008	0.0164551
-1.554724e-008	0.0175537
-1.552224e-008	0.036377
-1.549724e-008	0.029126
-1.547224e-008	0.00666505
-1.544724e-008	0.0234131
-1.542224e-008	0.0355713
-1.539724e-008	0.021875
-1.537224e-008	0.0262695
-1.534724e-008	0.0243897
-1.532224e-008	0.0146729
-1.529724e-008	0.0189209
-1.527224e-008	0.00656739
-1.524724e-008	0.00515137
-1.522224e-008	0.0270264
-1.519724e-008	0.0208008
-1.517224e-008	0.0178467
-1.514724e-008	0.0335938
-1.512224e-008	0.0257568
-1.509724e-008	0.0167725
-1.507224e-008	0.0181152
-1.504724e-008	0.0192871
-1.502224e-008	0.0260986
-1.499724e-008	0.0237549
-1.497224e-008	0.0232666
-1.494724e-008	0.0306885
-1.492224e-008	0.0319092
-1.489724e-008	0.029126
-1.487224e-008	0.0167725
-1.484724e-008	0.0144775
-1.482224e-008	0.0213135
-1.479724e-008	0.0199951
-1.477224e-008	0.0290283
-1.474724e-008	0.0246338
-1.472224e-008	0.0215576
-1.469724e-008	0.0337891
-1.467224e-008	0.0141113
-1.464724e-008	0.0158203
-1.462224e-008	0.0365479
-1.459724e-008	0.0231445
-1.457224e-008	0.020044
-1.454724e-008	0.0140625
-1.452224e-008	0.017627
-1.449724e-008	0.0395752
-1.447224e-008	0.0223389
-1.444724e-008	0.0155029
-1.442224e-008	0.0345947
-1.439724e-008	0.0366943
-1.437224e-008	0.0309326
-1.434724e-008	0.0136719
-1.432224e-008	0.0113037
-1.429724e-008	0.0265381
-1.427224e-008	0.0114014
-1.424724e-008	0.00546876
-1.422224e-008	0.0320313
-1.419724e-008	0.0339356
-1.417224e-008	0.0287354
-1.414724e-008	0.0320313
-1.412224e-008	0.0181641
-1.409724e-008	0.013794
-1.407224e-008	0.0185059
-1.404724e-008	0.0209717
-1.402224e-008	0.0222656
-1.399724e-008	0.0149414
-1.397224e-008	0.0217041
-1.394724e-008	0.0289551
-1.392224e-008	0.0262451
-1.389724e-008	0.0281006
-1.387224e-008	0.0217285
-1.384724e-008	0.021875
-1.382224e-008	0.0251709
-1.379724e-008	0.0178223
-1.377224e-008	0.0123291
-1.374724e-008	0.00847169
-1.372224e-008	0.0259522
-1.369724e-008	0.0402344
-1.367224e-008	0.023584
-1.364724e-008	0.02854
-1.362224e-008	0.036499
-1.359724e-008	0.0177734
-1.357224e-008	0.0184082
-1.354724e-008	0.0233399
-1.352224e-008	0.021167
-1.349724e-008	0.0304443
-1.347224e-008	0.0270264
-1.344724e-008	0.0210938
-1.342224e-008	0.0304932
-1.339724e-008	0.0295654
-1.337224e-008	0.0141113
-1.334724e-008	0.0160156
-1.332224e-008	0.0271484
-1.329724e-008	0.0218262
-1.327224e-008	0.0209229
-1.324724e-008	0.020459
-1.322224e-008	0.0146484
-1.319724e-008	0.0142578
-1.317224e-008	0.0124024
-1.314724e-008	0.0150879
-1.312224e-008	0.0200195
-1.309724e-008	0.0331543
-1.307224e-008	0.037793
-1.304724e-008	0.0246582
-1.302224e-008	0.0267822
-1.299724e-008	0.0176025
-1.297224e-008	0.0111816
-1.294724e-008	0.0270508
-1.292224e-008	0.0217041
-1.289724e-008	0.0256348
-1.287224e-008	0.0320313
-1.284724e-008	0.0155518
-1.282224e-008	0.0194336
-1.279724e-008	0.0250488
-1.277224e-008	0.0167481
-1.274724e-008	0.0200684
-1.272224e-008	0.0257568
-1.269724e-008	0.0259033
-1.267224e-008	0.0273438
-1.264724e-008	0.0251221
-1.262224e-008	0.0205322
-1.259724e-008	0.0244629
-1.257224e-008	0.0278809
-1.254724e-008	0.0248535
-1.252224e-008	0.0254395
-1.249724e-008	0.0303467
-1.247224e-008	0.0239502
-1.244724e-008	0.0112061
-1.242224e-008	0.0137207
-1.239724e-008	0.0161133
-1.237224e-008	0.0242188
-1.234724e-008	0.038208
-1.232224e-008	0.0332275
-1.229724e-008	0.0251221
-1.227224e-008	0.0177734
-1.224724e-008	0.0261963
-1.222224e-008	0.0366455
-1.219724e-008	0.025708
-1.217224e-008	0.0241455
-1.214724e-008	0.0207275
-1.212224e-008	0.0236328
-1.209724e-008	0.0343994
-1.207224e-008	0.027832
-1.204724e-008	0.0222168
-1.202224e-008	0.0224854
-1.199724e-008	0.029419
-1.197224e-008	0.0242188
-1.194724e-008	0.0165283
-1.192224e-008	0.0306641
-1.189724e-008	0.0264649
-1.187224e-008	0.00842286
-1.184724e-008	0.0011963
-1.182224e-008	0.00932618
-1.179724e-008	0.030249
-1.177224e-008	0.0316895
-1.174724e-008	0.0201172
-1.172224e-008	0.0232178
-1.169724e-008	0.0377441
-1.167224e-008	0.0370606
-1.164724e-008	0.0220703
-1.162224e-008	0.0209961
-1.159724e-008	0.022583
-1.157224e-008	0.0114746
-1.154724e-008	0.00473634
-1.152224e-008	0.0238037
-1.149724e-008	0.039209
-1.147224e-008	0.0273438
-1.144724e-008	0.0264649
-1.142224e-008	0.0332031
-1.139724e-008	0.0239258
-1.137224e-008	0.0136719
-1.134724e-008	0.0141602
-1.132224e-008	0.0202393
-1.129724e-008	0.023877
-1.127224e-008	0.0201172
-1.124724e-008	0.020752
-1.122224e-008	0.0342774
-1.119724e-008	0.0308838
-1.117224e-008	0.024585
-1.114724e-008	0.0284424
-1.112224e-008	0.0197754
-1.109724e-008	0.0260254
-1.107224e-008	0.0284912
-1.104724e-008	0.0214111
-1.102224e-008	0.0318359
-1.099724e-008	0.0168945
-1.097224e-008	0.00427247
-1.094724e-008	0.0230957
-1.092224e-008	0.0338135
-1.089724e-008	0.0400879
-1.087224e-008	0.0346924
-1.084724e-008	0.0228516
-1.082224e-008	0.0252686
-1.079724e-008	0.0231201
-1.077224e-008	0.0168701
-1.074724e-008	0.0178711
-1.072224e-008	0.0273438
-1.069724e-008	0.0318848
-1.067224e-008	0.019043
-1.064724e-008	0.0184815
-1.062224e-008	0.0291748
-1.059724e-008	0.0309815
-1.057224e-008	0.0356934
-1.054724e-008	0.0243164
-1.052224e-008	0.0180664
-1.049724e-008	0.039917
-1.047224e-008	0.0281006
-1.044724e-008	0.00712891
-1.042224e-008	0.0185547
-1.039724e-008	0.0172363
-1.037224e-008	0.0165283
-1.034724e-008	0.022876
-1.032224e-008	0.0245361
-1.029724e-008	0.0308838
-1.027224e-008	0.0175537
-1.024724e-008	0.0141357
-1.022224e-008	0.018335
-1.019724e-008	0.00437012
-1.017224e-008	0.0168701
-1.014724e-008	0.0286133
-1.012224e-008	0.0330566
-1.009724e-008	0.0385742
-1.007224e-008	0.0102051
-1.004724e-008	0.00825196
-1.002224e-008	0.029834
-9.997238e-009	0.0239502
-9.972238e-009	0.0213379
-9.947238e-009	0.0189697
-9.922238e-009	0.0178467
-9.897238e-009	0.0191162
-9.872238e-009	0.0160156
-9.847238e-009	0.026294
-9.822238e-009	0.0279785
-9.797238e-009	0.0253174
-9.772238e-009	0.0294678
-9.747238e-009	0.0179199
-9.722238e-009	0.0185547
-9.697238e-009	0.0288574
-9.672238e-009	0.0158203
-9.647238e-009	0.0136475
-9.622238e-009	0.0226563
-9.597238e-009	0.0206543
-9.572238e-009	0.0249512
-9.547238e-009	0.0239258
-9.522238e-009	0.02771
-9.497238e-009	0.0349365
-9.472238e-009	0.0210938
-9.447238e-009	0.0212891
-9.422238e-009	0.0254883
-9.397238e-009	0.0165283
-9.372238e-009	0.0139649
-9.347238e-009	0.00690919
-9.322238e-009	0.0124512
-9.297238e-009	0.024585
-9.272238e-009	0.0172607
-9.247238e-009	0.0139404
-9.222238e-009	0.0219238
-9.197238e-009	0.0241455
-9.172238e-009	0.0189453
-9.147238e-009	0.0248291
-9.122238e-009	0.034668
-9.097238e-009	0.0261475
-9.072238e-009	0.0119629
-9.047238e-009	0.00783692
-9.022238e-009	0.0208008
-8.997238e-009	0.0357666
-8.972238e-009	0.027124
-8.947238e-009	0.00708009
-8.922238e-009	0.0164795
-8.897238e-009	0.0331055
-8.872238e-009	0.0107178
-8.847238e-009	0.0202637
-8.822238e-009	0.0462158
-8.797238e-009	0.0195801
-8.772238e-009	0.0100586
-8.747238e-009	0.0147461
-8.722238e-009	0.0175293
-8.697238e-009	0.0383057
-8.672238e-009	0.0372315
-8.647238e-009	0.0202149
-8.622238e-009	0.012793
-8.597238e-009	0.0188721
-8.572238e-009	0.0225342
-8.547238e-009	0.0279297
-8.522238e-009	0.0395508
-8.497238e-009	0.0254883
-8.472238e-009	0.00776368
-8.447238e-009	0.0138916
-8.422238e-009	0.0228027
-8.397238e-009	0.0143311
-8.372238e-009	0.0145752
-8.347238e-009	0.0291504
-8.322238e-009	0.00688477
-8.297238e-009	-0.00161132
-8.272238e-009	0.0322998
-8.247238e-009	0.0284668
-8.222238e-009	0.00686036
-8.197238e-009	0.0141357
-8.172238e-009	0.0188721
-8.147238e-009	0.00749512
-8.122238e-009	0.00747071
-8.097238e-009	0.0160156
-8.072238e-009	0.0177979
-8.047238e-009	0.025293
-8.022238e-009	0.0238037
-7.997238e-009	0.0169434
-7.972238e-009	0.0227783
-7.947238e-009	0.0231201
-7.922238e-009	0.0280274
-7.897238e-009	0.0310547
-7.872238e-009	0.0157715
-7.847238e-009	0.0148926
-7.822238e-009	0.0202881
-7.797238e-009	0.0165283
-7.772238e-009	0.0212891
-7.747238e-009	0.0230957
-7.722238e-009	0.0255859
-7.697238e-009	0.0264404
-7.672238e-009	0.0148682
-7.647238e-009	0.0227783
-7.622238e-009	0.0350342
-7.597238e-009	0.0202881
-7.572238e-009	0.0171143
-7.547238e-009	0.0305664
-7.522238e-009	0.0293213
-7.497238e-009	0.022876
-7.472238e-009	0.0112061
-7.447238e-009	0.0103027
-7.422238e-009	0.0293213
-7.397238e-009	0.029834
-7.372238e-009	0.0292236
-7.347238e-009	0.0300293
-7.322238e-009	0.0197266
-7.297238e-009	0.0226807
-7.272238e-009	0.0156494
-7.247238e-009	0.00742188
-7.222238e-009	0.0121094
-7.197238e-009	0.0140381
-7.172238e-009	0.0206787
-7.147238e-009	0.022583
-7.122238e-009	0.0298584
-7.097238e-009	0.0325928
-7.072238e-009	0.0180664
-7.047238e-009	0.020166
-7.022238e-009	0.0273438
-6.997238e-009	0.026709
-6.972238e-009	0.0271729
-6.947238e-009	0.0219482
-6.922238e-009	0.0244385
-6.897238e-009	0.0237305
-6.872238e-009	0.0143555
-6.847238e-009	0.0226318
-6.822238e-009	0.017334
-6.797238e-009	0.00627442
-6.772238e-009	0.0217041
-6.747238e-009	0.0207275
-6.722238e-009	0.0123291
-6.697238e-009	0.025293
-6.672238e-009	0.0411865
-6.647238e-009	0.0347412
-6.622238e-009	0.0131104
-6.597238e-009	0.0140137
-6.572238e-009	0.0202393
-6.547238e-009	0.0265869
-6.522238e-009	0.0402344
-6.497238e-009	0.0298584
-6.472238e-009	0.0116699
-6.447238e-009	0.01521
-6.422238e-009	0.0247559
-6.397238e-009	0.0155274
-6.372238e-009	0.00874024
-6.347238e-009	0.0239746
-6.322238e-009	0.02854
-6.297238e-009	0.0185303
-6.272238e-009	0.0150635
-6.247238e-009	0.0210938
-6.222238e-009	0.0335938
-6.197238e-009	0.0418701
-6.172238e-009	0.0320801
-6.147238e-009	0.00791016
-6.122238e-009	0.0104981
-6.097238e-009	0.0291504
-6.072238e-009	0.0132568
-6.047238e-009	0.00678712
-6.022238e-009	0.0255371
-5.997238e-009	0.027417
-5.972238e-009	0.023291
-5.947238e-009	0.0138672
-5.922238e-009	0.0249512
-5.897238e-009	0.046875
-5.872238e-009	0.0166016
-5.847238e-009	2.44215e-005
-5.822238e-009	0.020874
-5.797238e-009	0.0205811
-5.772238e-009	0.0245606
-5.747238e-009	0.0296875
-5.722238e-009	0.0295166
-5.697238e-009	0.0306152
-5.672238e-009	0.00876466
-5.647238e-009	0.00427247
-5.622238e-009	0.0181152
-5.597238e-009	0.0159424
-5.572238e-009	0.0209229
-5.547238e-009	0.0208984
-5.522238e-009	0.0185303
-5.497238e-009	0.0255371
-5.472238e-009	0.0185791
-5.447238e-009	0.00966798
-5.422238e-009	0.0101807
-5.397238e-009	0.0237061
-5.372238e-009	0.0311768
-5.347238e-009	0.0182617
-5.322238e-009	0.0248047
-5.297238e-009	0.0302002
-5.272238e-009	0.0132813
-5.247238e-009	0.0243164
-5.222238e-009	0.0374756
-5.197238e-009	0.0224609
-5.172238e-009	0.0188965
-5.147238e-009	0.0228272
-5.122238e-009	0.0252197
-5.097238e-009	0.0223633
-5.072238e-009	0.00627442
-5.047238e-009	0.00983887
-5.022238e-009	0.0293945
-4.997238e-009	0.0301514
-4.972238e-009	0.0225586
-4.947238e-009	0.0255127
-4.922238e-009	0.0244141
-4.897238e-009	0.0169922
-4.872238e-009	0.018042
-4.847238e-009	0.0213379
-4.822238e-009	0.0255859
-4.797238e-009	0.0248047
-4.772238e-009	0.0156738
-4.747238e-009	0.0179443
-4.722238e-009	0.0362061
-4.697238e-009	0.0358399
-4.672238e-009	0.00239259
-4.647238e-009	-0.00187988
-4.622238e-009	0.0253906
-4.597238e-009	0.0259277
-4.572238e-009	0.0185303
-4.547238e-009	0.0179199
-4.522238e-009	0.0182861
-4.497238e-009	0.0264649
-4.472238e-009	0.0272217
-4.447238e-009	0.0229492
-4.422238e-009	0.0193848
-4.397238e-009	0.0256836
-4.372238e-009	0.0449219
-4.347238e-009	0.0387207
-4.322238e-009	0.0217529
-4.297238e-009	0.0135986
-4.272238e-009	0.00451661
-4.247238e-009	0.0218018
-4.222238e-009	0.0330811
-4.197238e-009	0.0216309
-4.172238e-009	0.013501
-4.147238e-009	0.00393067
-4.122238e-009	0.0213867
-4.097238e-009	0.0350098
-4.072238e-009	0.0184815
-4.047238e-009	0.0148438
-4.022238e-009	0.0188721
-3.997238e-009	0.0288574
-3.972238e-009	0.0309326
-3.947238e-009	0.0248779
-3.922238e-009	0.0358154
-3.897238e-009	0.0304932
-3.872238e-009	0.0165527
-3.847238e-009	0.0186524
-3.822238e-009	0.0130615
-3.797238e-009	0.00856934
-3.772238e-009	0.0147705
-3.747238e-009	0.0201416
-3.722238e-009	0.0257568
-3.697238e-009	0.0284912
-3.672238e-009	0.0241211
-3.647238e-009	0.0236816
-3.622238e-009	0.0322754
-3.597238e-009	0.0234619
-3.572238e-009	0.0128906
-3.547238e-009	0.0237061
-3.522238e-009	0.0263916
-3.497238e-009	0.0316895
-3.472238e-009	0.0294678
-3.447238e-009	0.0174316
-3.422238e-009	0.029126
-3.397238e-009	0.0335938
-3.372238e-009	0.0271484
-3.347238e-009	0.0198975
-3.322238e-009	0.012793
-3.297238e-009	0.0165283
-3.272238e-009	0.0154785
-3.247238e-009	0.0186768
-3.222238e-009	0.0285156
-3.197238e-009	0.035376
-3.172238e-009	0.0343018
-3.147238e-009	0.0224609
-3.122238e-009	0.0210693
-3.097238e-009	0.0235352
-3.072238e-009	0.0119873
-3.047238e-009	0.0105225
-3.022238e-009	0.026709
-2.997238e-009	0.0327881
-2.972238e-009	0.0312256
-2.947238e-009	0.0195801
-2.922238e-009	0.0160645
-2.897238e-009	0.0395996
-2.872238e-009	0.026416
-2.847238e-009	0.00895997
-2.822238e-009	0.029834
-2.797238e-009	0.030957
-2.772238e-009	0.0251709
-2.747238e-009	0.0213867
-2.722238e-009	0.0162842
-2.697238e-009	0.0101563
-2.672238e-009	-0.00490722
-2.647238e-009	0.015918
-2.622238e-009	0.0366455
-2.597238e-009	0.0184326
-2.572238e-009	0.0177979
-2.547238e-009	0.0278809
-2.522238e-009	0.0309815
-2.497238e-009	0.032544
-2.472238e-009	0.0162354
-2.447238e-009	0.0108643
-2.422238e-009	0.0235352
-2.397238e-009	0.0262207
-2.372238e-009	0.0290527
-2.347238e-009	0.0310547
-2.322238e-009	0.0336182
-2.297238e-009	0.034082
-2.272238e-009	0.0184082
-2.247238e-009	0.0165527
-2.222238e-009	0.0258545
-2.197238e-009	0.0242676
-2.172238e-009	0.0246094
-2.147238e-009	0.0235596
-2.122238e-009	0.029834
-2.097238e-009	0.0418213
-2.072238e-009	0.0319092
-2.047238e-009	0.0167725
-2.022238e-009	0.0216309
-1.997238e-009	0.0255371
-1.972238e-009	0.0230713
-1.947238e-009	0.0309815
-1.922238e-009	0.0356445
-1.897238e-009	0.0333008
-1.872238e-009	0.0213623
-1.847238e-009	0.0139404
-1.822238e-009	0.0258057
-1.797238e-009	0.0183106
-1.772238e-009	0.0147461
-1.747238e-009	0.031665
-1.722238e-009	0.0220947
-1.697238e-009	0.0141357
-1.672238e-009	0.0210938
-1.647238e-009	0.0154785
-1.622238e-009	0.0183106
-1.597238e-009	0.0253174
-1.572238e-009	0.0162109
-1.547238e-009	0.0181397
-1.522238e-009	0.0326416
-1.497238e-009	0.0265137
-1.472238e-009	0.0140625
-1.447238e-009	0.0192871
-1.422238e-009	0.0202149
-1.397238e-009	0.00683595
-1.372238e-009	0.0128662
-1.347238e-009	0.0324951
-1.322238e-009	0.0213135
-1.297238e-009	0.0100342
-1.272238e-009	0.0219727
-1.247238e-009	0.0172852
-1.222238e-009	0.0215576
-1.197238e-009	0.0362793
-1.172238e-009	0.0270508
-1.147238e-009	0.0301025
-1.122238e-009	0.0385498
-1.097238e-009	0.0349854
-1.072238e-009	0.0306397
-1.047238e-009	0.0171387
-1.022238e-009	0.0166748
-9.972377e-010	0.0232422
-9.722377e-010	0.0261231
-9.472377e-010	0.0390869
-9.222377e-010	0.0332031
-8.972377e-010	0.0182617
-8.722377e-010	0.0250733
-8.472377e-010	0.0314209
-8.222377e-010	0.0274414
-7.972377e-010	0.0143799
-7.722377e-010	0.0102539
-7.472377e-010	0.0225586
-7.222377e-010	0.0212402
-6.972377e-010	0.0269043
-6.722377e-010	0.0321289
-6.472377e-010	0.0145752
-6.222377e-010	0.0179688
-5.972377e-010	0.0289063
-5.722377e-010	0.0229736
-5.472377e-010	0.0179443
-5.222377e-010	0.0156006
-4.972377e-010	0.0164063
-4.722377e-010	0.0176758
-4.472377e-010	0.0209717
-4.222377e-010	0.0245117
-3.972377e-010	0.0128662
-3.722377e-010	0.00263673
-3.472377e-010	0.00488282
-3.222377e-010	0.0025879
-2.972377e-010	0.00651856
-2.722377e-010	-0.00422363
-2.472377e-010	-0.0282959
-2.222377e-010	-0.0251465
-1.972377e-010	-0.0378174
-1.722377e-010	-0.0657959
-1.472377e-010	-0.0759521
-1.222377e-010	-0.089331
-9.723772e-011	-0.121191
-7.223772e-011	-0.171338
-4.723772e-011	-0.199292
-2.223772e-011	-0.215601
2.762277e-012	-0.25481
2.776228e-011	-0.292603
5.276228e-011	-0.325537
7.776228e-011	-0.360815
1.027623e-010	-0.394092
1.277623e-010	-0.430005
1.527623e-010	-0.46958
1.777623e-010	-0.491382
2.027623e-010	-0.511694
2.277623e-010	-0.552637
2.527623e-010	-0.573071
2.777623e-010	-0.589087
3.027623e-010	-0.618896
3.277623e-010	-0.619385
3.527623e-010	-0.619531
3.777623e-010	-0.632788
4.027623e-010	-0.621045
4.277623e-010	-0.607764
4.527623e-010	-0.591699
4.777623e-010	-0.569263
5.027623e-010	-0.570264
5.277623e-010	-0.544434
5.527623e-010	-0.492041
5.777623e-010	-0.463599
6.027623e-010	-0.426636
6.277623e-010	-0.377734
6.527623e-010	-0.338647
6.777623e-010	-0.306689
7.027623e-010	-0.275122
7.277623e-010	-0.223608
7.527623e-010	-0.181421
7.777623e-010	-0.161182
8.027623e-010	-0.125464
8.277623e-010	-0.100342
8.527623e-010	-0.0996826
8.777623e-010	-0.0770752
9.027623e-010	-0.043457
9.277623e-010	-0.0388672
9.527623e-010	-0.0256103
9.777623e-010	0.0130615
1.002762e-009	0.0261719
1.027762e-009	0.0229004
1.052762e-009	0.0181641
1.077762e-009	0.0145996
1.102762e-009	0.0359619
1.127762e-009	0.0563233
1.152762e-009	0.0599854
1.177762e-009	0.0561524
1.202762e-009	0.0591797
1.227762e-009	0.0775879
1.252762e-009	0.0708008
1.277762e-009	0.0588135
1.302762e-009	0.0784424
1.327762e-009	0.07229
1.352762e-009	0.0524902
1.377762e-009	0.0570313
1.402762e-009	0.0554932
1.427762e-009	0.064209
1.452762e-009	0.0700195
1.477762e-009	0.0577637
1.502762e-009	0.0533936
1.527762e-009	0.0406494
1.552762e-009	0.0374512
1.577762e-009	0.0377441
1.602762e-009	0.0242432
1.627762e-009	0.0203369
1.652762e-009	0.00339356
1.677762e-009	0.000756843
1.702762e-009	0.0197998
1.727762e-009	0.00280762
1.752762e-009	-0.000854485
1.777762e-009	0.0124756
1.802762e-009	-0.0116455
1.827762e-009	-0.0207519
1.852762e-009	-0.0127197
1.877762e-009	-0.00422363
1.902762e-009	0.013794
1.927762e-009	-0.00500488
1.952762e-009	-0.0146728
1.977762e-009	0.00793458
2.002762e-009	0.00180665
2.027762e-009	-0.0059082
2.052762e-009	-0.00527343
2.077762e-009	-0.00893554
2.102762e-009	0.0100342
2.127762e-009	0.0309815
2.152762e-009	0.0148682
2.177762e-009	-0.00776366
2.202762e-009	0.00437012
2.227762e-009	0.015625
2.252762e-009	0.012793
2.277762e-009	0.0218018
2.302762e-009	0.0258301
2.327762e-009	0.0252686
2.352762e-009	0.0307861
2.377762e-009	0.0277344
2.402762e-009	0.0188232
2.427762e-009	0.0233399
2.452762e-009	0.0356201
2.477762e-009	0.0366455
2.502762e-009	0.0337158
2.527762e-009	0.0317139
2.552762e-009	0.028418
2.577762e-009	0.0260742
2.602762e-009	0.0246582
2.627762e-009	0.0235352
2.652762e-009	0.0215576
2.677762e-009	0.0324951
2.702762e-009	0.0405029
2.727762e-009	0.0348877
2.752762e-009	0.0319824
2.777762e-009	0.0273926
2.802762e-009	0.030957
2.827762e-009	0.0273438
2.852762e-009	0.0147949
2.877762e-009	0.0220703
2.902762e-009	0.0199463
2.927762e-009	0.00488282
2.952762e-009	0.00930177
2.977762e-009	0.0118164
3.002762e-009	-0.00117187
3.027762e-009	0.0076172
3.052762e-009	0.0238525
3.077762e-009	0.0165039
3.102762e-009	0.0069336
3.127762e-009	0.00500489
3.152762e-009	0.0118408
3.177762e-009	0.0164063
3.202762e-009	0.0179932
3.227762e-009	0.0246338
3.252762e-009	0.0213135
3.277762e-009	0.0250977
3.302762e-009	0.0335205
3.327762e-009	0.0259766
3.352762e-009	0.026709
3.377762e-009	0.0348389
3.402762e-009	0.0331543
3.427762e-009	0.0409912
3.452762e-009	0.0414795
3.477762e-009	0.0251953
3.502762e-009	0.0359619
3.527762e-009	0.0410645
3.552762e-009	0.0282227
3.577762e-009	0.0386963
3.602762e-009	0.0386719
3.627762e-009	0.0357178
3.652762e-009	0.0402588
3.677762e-009	0.0278076
3.702762e-009	0.0213135
3.727762e-009	0.0179199
3.752762e-009	0.0150635
3.777762e-009	0.0156738
3.802762e-009	0.0119873
3.827762e-009	0.0166016
3.852762e-009	0.0151856
3.877762e-009	-0.00251464
3.902762e-009	-0.0115723
3.927762e-009	-0.00781249
3.952762e-009	-0.00615234
3.977762e-009	-0.00722656
4.002762e-009	-0.00458984
4.027762e-009	-0.00441894
4.052762e-009	-0.0159912
4.077762e-009	-0.0108154
4.102762e-009	0.00356446
4.127762e-009	-0.0166504
4.152762e-009	-0.0183105
4.177762e-009	0.00546876
4.202762e-009	-2.44066e-005
4.227762e-009	0.000585945
4.252762e-009	0.0110352
4.277762e-009	0.0091797
4.302762e-009	0.00517579
4.327762e-009	-0.00332031
4.352762e-009	0.00522462
4.377762e-009	0.0237305
4.402762e-009	0.0240479
4.427762e-009	0.0324219
4.452762e-009	0.0461426
4.477762e-009	0.0447266
4.502762e-009	0.0446289
4.527762e-009	0.0379395
4.552762e-009	0.0299561
4.577762e-009	0.0335449
4.602762e-009	0.0384766
4.627762e-009	0.0522949
4.652762e-009	0.0635986
4.677762e-009	0.064209
4.702762e-009	0.0598877
4.727762e-009	0.0477051
4.752762e-009	0.0496582
4.777762e-009	0.0516846
4.802762e-009	0.0388672
4.827762e-009	0.036499
4.852762e-009	0.0224365
4.877762e-009	0.0112793
4.902762e-009	0.0287842
4.927762e-009	0.0270752
4.952762e-009	0.0147217
4.977762e-009	0.00783692
5.002762e-009	-0.00668945
5.027762e-009	-0.0118896
5.052762e-009	-0.0209717
5.077762e-009	-0.0209961
5.102762e-009	-0.00830077
5.127762e-009	-0.0242432
5.152762e-009	-0.0288086
5.177762e-009	-0.00290527
5.202762e-009	-0.00129394
5.227762e-009	-0.0152588
5.252762e-009	-0.00656738
5.277762e-009	0.00695802
5.302762e-009	-0.00646972
5.327762e-009	-0.0102051
5.352762e-009	0.0118897
5.377762e-009	0.0124268
5.402762e-009	0.00639649
5.427762e-009	0.00124512
5.452762e-009	0.00332032
5.477762e-009	0.0339111
5.502762e-009	0.0302734
5.527762e-009	0.00639649
5.552762e-009	0.0154541
5.577762e-009	0.0223145
5.602762e-009	0.019165
5.627762e-009	0.0173828
5.652762e-009	0.0219238
5.677762e-009	0.0329346
5.702762e-009	0.035083
5.727762e-009	0.0263916
5.752762e-009	0.026416
5.777762e-009	0.033252
5.802762e-009	0.0235352
5.827762e-009	0.0296143
5.852762e-009	0.0467774
5.877762e-009	0.0393555
5.902762e-009	0.0363525
5.927762e-009	0.0339356
5.952762e-009	0.0367676
5.977762e-009	0.0454346
6.002762e-009	0.0341797
6.027762e-009	0.0381104
6.052762e-009	0.0348389
6.077762e-009	0.0240479
6.102762e-009	0.0482422
6.127762e-009	0.0414795
6.152762e-009	0.0227051
6.177762e-009	0.0375733
6.202762e-009	0.0301514
6.227762e-009	0.0196777
6.252762e-009	0.0259277
6.277762e-009	0.0192383
6.302762e-009	0.00893555
6.327762e-009	0.0142334
6.352762e-009	0.0197266
6.377762e-009	0.0111084
6.402762e-009	0.0153809
6.427762e-009	0.0131592
6.452762e-009	0.000781257
6.477762e-009	0.0143311
6.502762e-009	0.0125488
6.527762e-009	-0.00515136
6.552762e-009	-0.00480956
6.577762e-009	-0.000317375
6.602762e-009	0.00722657
6.627762e-009	0.00769044
6.652762e-009	-0.0041748
6.677762e-009	-0.006958
6.702762e-009	0.00317384
6.727762e-009	0.0038086
6.752762e-009	-0.00600585
6.777762e-009	0.00134278
6.802762e-009	0.0154785
6.827762e-009	0.0124268
6.852762e-009	0.00383302
6.877762e-009	0.0137207
6.902762e-009	0.0354736
6.927762e-009	0.0357178
6.952762e-009	0.0260498
6.977762e-009	0.0335693
7.002762e-009	0.0396484
7.027762e-009	0.0311524
7.052762e-009	0.023877
7.077762e-009	0.0222412
7.102762e-009	0.0191406
7.127762e-009	0.0214356
7.152762e-009	0.0342774
7.177762e-009	0.041333
7.202762e-009	0.0324463
7.227762e-009	0.0272705
7.252762e-009	0.0303223
7.277762e-009	0.0338867
7.302762e-009	0.0361816
7.327762e-009	0.0254395
7.352762e-009	0.0222412
7.377762e-009	0.0304932
7.402762e-009	0.0279053
7.427762e-009	0.0151611
7.452762e-009	-0.00183105
7.477762e-009	0.00678712
7.502762e-009	0.0136231
7.527762e-009	0.000634773
7.552762e-009	0.0111816
7.577762e-009	0.0118408
7.602762e-009	0.00549317
7.627762e-009	0.0177734
7.652762e-009	0.0137207
7.677762e-009	0.0122315
7.702762e-009	0.0131348
7.727762e-009	-0.0141846
7.752762e-009	-0.01875
7.777762e-009	0.0138184
7.802762e-009	0.020874
7.827762e-009	0.0132813
7.852762e-009	0.0276123
7.877762e-009	0.0457275
7.902762e-009	0.0394775
7.927762e-009	0.0104492
7.952762e-009	0.00378419
7.977762e-009	0.0196289
8.002762e-009	0.027417
8.027762e-009	0.0339111
8.052762e-009	0.0250488
8.077762e-009	0.0169678
8.102762e-009	0.0311768
8.127762e-009	0.0228272
8.152762e-009	0.0121094
8.177762e-009	0.0257813
8.202762e-009	0.026001
8.227762e-009	0.0318359
8.252762e-009	0.0355225
8.277762e-009	0.0233643
8.302762e-009	0.0330811
8.327762e-009	0.0321533
8.352762e-009	0.0150147
8.377762e-009	0.01604
8.402762e-009	0.0197998
8.427762e-009	0.018042
8.452762e-009	0.0135742
8.477762e-009	0.00734864
8.502762e-009	0.00615235
8.527762e-009	0.0191162
8.552762e-009	0.0210449
8.577762e-009	0.00134278
8.602762e-009	-0.00239257
8.627762e-009	0.00871583
8.652762e-009	0.012915
8.677762e-009	0.00656739
8.702762e-009	0.00178223
8.727762e-009	-0.000341789
8.752762e-009	-7.32347e-005
8.777762e-009	0.0170899
8.802762e-009	0.0234863
8.827762e-009	0.0100098
8.852762e-009	0.0044922
8.877762e-009	0.0141357
8.902762e-009	0.0313721
8.927762e-009	0.0239014
8.952762e-009	0.0134033
8.977762e-009	0.0341797
9.002762e-009	0.0423584
9.027762e-009	0.0362305
9.052762e-009	0.0317871
9.077762e-009	0.0280029
9.102762e-009	0.0351074
9.127762e-009	0.0295654
9.152762e-009	0.022168
9.177762e-009	0.0273193
9.202762e-009	0.0367432
9.227762e-009	0.0493652
9.252762e-009	0.0435303
9.277762e-009	0.0392822
9.302762e-009	0.0505371
9.327762e-009	0.044751
9.352762e-009	0.034082
9.377762e-009	0.0316162
9.402762e-009	0.0208496
9.427762e-009	0.0272217
9.452762e-009	0.0399902
9.477762e-009	0.026294
9.502762e-009	0.0273193
9.527762e-009	0.033374
9.552762e-009	0.0203613
9.577762e-009	0.014502
9.602762e-009	0.0129395
9.627762e-009	0.0175781
9.652762e-009	0.0210449
9.677762e-009	0.0170166
9.702762e-009	0.0134766
9.727762e-009	0.00454102
9.752762e-009	0.0069336
9.777762e-009	0.0204346
9.802762e-009	0.0143066
9.827762e-009	-0.00114745
9.852762e-009	0.00527345
9.877762e-009	0.020044
9.902762e-009	0.0188232
9.927762e-009	0.00932618
9.952762e-009	0.00280762
9.977762e-009	-0.00717773
1.000276e-008	-0.0116943
1.002776e-008	0.00715333
1.005276e-008	0.0226318
1.007776e-008	0.0250733
1.010276e-008	0.0277588
1.012776e-008	0.0217774
1.015276e-008	0.0238281
1.017776e-008	0.0291504
1.020276e-008	0.0209229
1.022776e-008	0.0251709
1.025276e-008	0.0314209
1.027776e-008	0.0292725
1.030276e-008	0.0393799
1.032776e-008	0.0338623
1.035276e-008	0.0241943
1.037776e-008	0.0424805
1.040276e-008	0.0419678
1.042776e-008	0.0273438
1.045276e-008	0.023877
1.047776e-008	0.0277588
1.050276e-008	0.041333
1.052776e-008	0.0334473
1.055276e-008	0.0330078
1.057776e-008	0.0491211
1.060276e-008	0.0377686
1.062776e-008	0.0342529
1.065276e-008	0.042041
1.067776e-008	0.0401367
1.070276e-008	0.0372803
1.072776e-008	0.0263184
1.075276e-008	0.0214111
1.077776e-008	0.0213135
1.080276e-008	0.0224854
1.082776e-008	0.0215088
1.085276e-008	0.00104981
1.087776e-008	0.0098877
1.090276e-008	0.0344727
1.092776e-008	0.0179199
1.095276e-008	0.0110107
1.097776e-008	0.0229248
1.100276e-008	0.0216553
1.102776e-008	0.0127686
1.105276e-008	0.00869141
1.107776e-008	0.0104492
1.110276e-008	-0.000610344
1.112776e-008	0.0067627
1.115276e-008	0.0178955
1.117776e-008	-0.00427245
1.120276e-008	0.00031739
1.122776e-008	0.0149658
1.125276e-008	0.00307618
1.127776e-008	0.0101074
1.130276e-008	0.0171875
1.132776e-008	0.00544434
1.135276e-008	0.00722657
1.137776e-008	0.021875
1.140276e-008	0.0303955
1.142776e-008	0.0101318
1.145276e-008	-0.00791015
1.147776e-008	0.0127441
1.150276e-008	0.0245606
1.152776e-008	0.0145264
1.155276e-008	0.00913087
1.157776e-008	0.0129395
1.160276e-008	0.0138916
1.162776e-008	0.00566407
1.165276e-008	0.0157227
1.167776e-008	0.0249024
1.170276e-008	0.00766602
1.172776e-008	0.00932618
1.175276e-008	0.0242676
1.177776e-008	0.0109619
1.180276e-008	0.00847169
1.182776e-008	0.0126465
1.185276e-008	-0.00439452
1.187776e-008	0.0116943
1.190276e-008	0.0213623
1.192776e-008	-0.00339355
1.195276e-008	0.00664063
1.197776e-008	0.0227539
1.200276e-008	0.0245606
1.202776e-008	0.0296875
1.205276e-008	0.0229248
1.207776e-008	0.0192383
1.210276e-008	0.0212891
1.212776e-008	0.0172607
1.215276e-008	0.0146973
1.217776e-008	0.0164551
1.220276e-008	0.0221191
1.222776e-008	0.0273682
1.225276e-008	0.0248291
1.227776e-008	0.026294
1.230276e-008	0.0306885
1.232776e-008	0.0216065
1.235276e-008	0.0174072
1.237776e-008	0.0263916
1.240276e-008	0.0269775
1.242776e-008	0.0246582
1.245276e-008	0.0334229
1.247776e-008	0.0359863
1.250276e-008	0.0331787
1.252776e-008	0.0399658
1.255276e-008	0.0320313
1.257776e-008	0.0214356
1.260276e-008	0.0323975
1.262776e-008	0.0307129
1.265276e-008	0.0247559
1.267776e-008	0.0376709
1.270276e-008	0.0378418
1.272776e-008	0.0207031
1.275276e-008	0.0136231
1.277776e-008	0.0229248
1.280276e-008	0.0237549
1.282776e-008	0.0107422
1.285276e-008	0.0127441
1.287776e-008	0.0204346
1.290276e-008	0.0206299
1.292776e-008	0.0224365
1.295276e-008	0.0128418
1.297776e-008	0.00488282
1.300276e-008	0.0154541
1.302776e-008	0.0206543
1.305276e-008	0.0200195
1.307776e-008	0.0176758
1.310276e-008	0.00168458
1.312776e-008	0.0008545
1.315276e-008	0.0126221
1.317776e-008	0.00295411
1.320276e-008	0.00488282
1.322776e-008	0.0204102
1.325276e-008	0.020459
1.327776e-008	0.0223145
1.330276e-008	0.0158691
1.332776e-008	0.00505372
1.335276e-008	0.0191895
1.337776e-008	0.0320313
1.340276e-008	0.0260254
1.342776e-008	0.0257324
1.345276e-008	0.030542
1.347776e-008	0.0350342
1.350276e-008	0.0422119
1.352776e-008	0.032544
1.355276e-008	0.028418
1.357776e-008	0.0412109
1.360276e-008	0.0289795
1.362776e-008	0.0193604
1.365276e-008	0.0334229
1.367776e-008	0.0349365
1.370276e-008	0.0196777
1.372776e-008	0.0196045
1.375276e-008	0.0485108
1.377776e-008	0.0447998
1.380276e-008	0.0083252
1.382776e-008	0.0180664
1.385276e-008	0.0385742
1.387776e-008	0.0259522
1.390276e-008	0.0233643
1.392776e-008	0.0227783
1.395276e-008	0.0152344
1.397776e-008	0.023584
1.400276e-008	0.0209961
1.402776e-008	0.0164063
1.405276e-008	0.0256836
1.407776e-008	0.0260254
1.410276e-008	0.0249756
1.412776e-008	0.0132568
1.415276e-008	-0.0034912
1.417776e-008	-0.0041748
1.420276e-008	0.0020752
1.422776e-008	0.0139649
1.425276e-008	0.0121582
1.427776e-008	0.00732423
1.430276e-008	0.0212402
1.432776e-008	0.0127686
1.435276e-008	-0.00490722
1.437776e-008	0.00253907
1.440276e-008	0.00527345
1.442776e-008	0.00205079
1.445276e-008	-0.000512688
1.447776e-008	0.00324708
1.450276e-008	0.0215576
1.452776e-008	0.0179688
1.455276e-008	0.0060547
1.457776e-008	0.0164551
1.460276e-008	0.0220703
1.462776e-008	0.0212891
1.465276e-008	0.026001
1.467776e-008	0.0258789
1.470276e-008	0.0230469
1.472776e-008	0.0241943
1.475276e-008	0.025415
1.477776e-008	0.0344238
1.480276e-008	0.0396484
1.482776e-008	0.0311035
1.485276e-008	0.0328125
1.487776e-008	0.0355225
1.490276e-008	0.0363525
1.492776e-008	0.0372315
1.495276e-008	0.0285889
1.497776e-008	0.030835
1.500276e-008	0.0348389
1.502776e-008	0.02854
1.505276e-008	0.0243408
1.507776e-008	0.026294
1.510276e-008	0.0280762
1.512776e-008	0.0264404
1.515276e-008	0.0325195
1.517776e-008	0.0275147
1.520276e-008	0.0200684
1.522776e-008	0.0295654
1.525276e-008	0.0232422
1.527776e-008	0.017749
1.530276e-008	0.0226807
1.532776e-008	0.0131348
1.535276e-008	0.0147705
1.537776e-008	0.0262207
1.540276e-008	0.0227783
1.542776e-008	0.0218994
1.545276e-008	0.0204346
1.547776e-008	0.00483399
1.550276e-008	0.0043213
1.552776e-008	0.0143066
1.555276e-008	0.0127686
1.557776e-008	0.0136963
1.560276e-008	0.0121094
1.562776e-008	0.0081543
1.565276e-008	0.00751954
1.567776e-008	0.00996095
1.570276e-008	0.0144531
1.572776e-008	0.00847169
1.575276e-008	0.00505372
1.577776e-008	0.0100342
1.580276e-008	0.0140625
1.582776e-008	0.0222168
1.585276e-008	0.0223633
1.587776e-008	0.0108399
1.590276e-008	0.0189941
1.592776e-008	0.0333984
1.595276e-008	0.0228027
1.597776e-008	0.0204834
1.600276e-008	0.0289551
1.602776e-008	0.0307861
1.605276e-008	0.0289795
1.607776e-008	0.0231934
1.610276e-008	0.0291992
1.612776e-008	0.018457
1.615276e-008	0.0150391
1.617776e-008	0.0458984
1.620276e-008	0.042627
1.622776e-008	0.0244873
1.625276e-008	0.0179443
1.627776e-008	0.0188965
1.630276e-008	0.035791
1.632776e-008	0.0287842
1.635276e-008	0.0200195
1.637776e-008	0.0298828
1.640276e-008	0.0273193
1.642776e-008	0.0141602
1.645276e-008	0.00593262
1.647776e-008	0.0178467
1.650276e-008	0.0243897
1.652776e-008	0.017334
1.655276e-008	0.0192871
1.657776e-008	0.0173096
1.660276e-008	0.0166992
1.662776e-008	0.0165039
1.665276e-008	0.0100342
1.667776e-008	0.0120606
1.670276e-008	0.0137695
1.672776e-008	0.0207764
1.675276e-008	0.0217041
1.677776e-008	0.00690919
1.680276e-008	0.0187256
1.682776e-008	0.0290283
1.685276e-008	0.0120606
1.687776e-008	0.0254639
1.690276e-008	0.0434326
1.692776e-008	0.00935059
1.695276e-008	-0.00473632
1.697776e-008	0.0219482
1.700276e-008	0.00705567
1.702776e-008	-0.0108398
1.705276e-008	0.00827637
1.707776e-008	0.0196533
1.710276e-008	0.0317139
1.712776e-008	0.0382813
1.715276e-008	0.026294
1.717776e-008	0.0188965
1.720276e-008	0.01604
1.722776e-008	0.0147461
1.725276e-008	0.0162598
1.727776e-008	0.0242188
1.730276e-008	0.0366943
1.732776e-008	0.0272705
1.735276e-008	0.0113037
1.737776e-008	0.0199219
1.740276e-008	0.0241455
1.742776e-008	0.0250244
1.745276e-008	0.0306885
1.747776e-008	0.0187988
1.750276e-008	0.0142334
1.752776e-008	0.0147705
1.755276e-008	0.0108643
1.757776e-008	0.0186035
1.760276e-008	0.0162109
1.762776e-008	0.011084
1.765276e-008	0.017627
1.767776e-008	0.0226563
1.770276e-008	0.0240479
1.772776e-008	0.0231201
1.775276e-008	0.0269287
1.777776e-008	0.0264893
1.780276e-008	0.0193359
1.782776e-008	0.0151123
1.785276e-008	0.0124756
1.787776e-008	0.0171875
1.790276e-008	0.0162354
1.792776e-008	0.0108154
1.795276e-008	0.017041
1.797776e-008	0.0161377
1.800276e-008	0.0103516
1.802776e-008	0.0102539
1.805276e-008	0.00903321
1.807776e-008	0.0180908
1.810276e-008	0.0229004
1.812776e-008	0.0125488
1.815276e-008	0.018335
1.817776e-008	0.025708
1.820276e-008	0.0227783
1.822776e-008	0.0336182
1.825276e-008	0.0270996
1.827776e-008	0.017041
1.830276e-008	0.038916
1.832776e-008	0.035669
1.835276e-008	0.0200195
1.837776e-008	0.0297852
1.840276e-008	0.0304443
1.842776e-008	0.032959
1.845276e-008	0.0296631
1.847776e-008	0.0157471
1.850276e-008	0.0327393
1.852776e-008	0.0435059
1.855276e-008	0.0313965
1.857776e-008	0.0333008
1.860276e-008	0.0302734
1.862776e-008	0.0258789
1.865276e-008	0.0312744
1.867776e-008	0.0220215
1.870276e-008	0.0165527
1.872776e-008	0.0210938
1.875276e-008	0.0175293
1.877776e-008	0.0175537
1.880276e-008	0.00805665
1.882776e-008	-0.00742187
1.885276e-008	-0.00266113
1.887776e-008	0.00104981
1.890276e-008	0.00314942
1.892776e-008	0.0128906
1.895276e-008	0.00979005
1.897776e-008	0.000903328
1.900276e-008	0.00549317
1.902776e-008	0.0190918
1.905276e-008	0.0131592
1.907776e-008	-0.00200195
1.910276e-008	0.00957032
1.912776e-008	0.00891114
1.915276e-008	0.000708015
1.917776e-008	0.017334
1.920276e-008	0.0146973
1.922776e-008	0.0180664
1.925276e-008	0.0358643
1.927776e-008	0.0248291
1.930276e-008	0.0162842
1.932776e-008	0.0111816
1.935276e-008	0.0131348
1.937776e-008	0.0334229
1.940276e-008	0.0324219
1.942776e-008	0.025708
1.945276e-008	0.0297852
1.947776e-008	0.0351318
1.950276e-008	0.0423096
1.952776e-008	0.0270508
1.955276e-008	0.0236816
1.957776e-008	0.0452393
1.960276e-008	0.0357178
1.962776e-008	0.0208252
1.965276e-008	0.02229
1.967776e-008	0.0387695
1.970276e-008	0.0572266
1.972776e-008	0.0395508
1.975276e-008	0.0267334
1.977776e-008	0.025
1.980276e-008	0.0154541
1.982776e-008	0.0204346
1.985276e-008	0.0197022
1.987776e-008	0.0175293
1.990276e-008	0.0205566
1.992776e-008	0.00749512
1.995276e-008	0.00625001
1.997776e-008	0.0278565
2.000276e-008	0.0231201
2.002776e-008	-0.00693359
2.005276e-008	-0.0113037
2.007776e-008	0.00998536
2.010276e-008	0.0264649
2.012776e-008	0.014624
2.015276e-008	0.000390632
2.017776e-008	0.0144043
2.020276e-008	0.0185547
2.022776e-008	0.0195313
2.025276e-008	0.0249756
2.027776e-008	0.0156982
2.030276e-008	0.01875
2.032776e-008	0.0050293
2.035276e-008	-0.00996093
2.037776e-008	0.0104981
2.040276e-008	0.008667
2.042776e-008	0.00532227
2.045276e-008	0.0227295
2.047776e-008	0.0257813
2.050276e-008	0.0195068
2.052776e-008	0.0132568
2.055276e-008	0.0162598
2.057776e-008	0.0203125
2.060276e-008	0.0243652
2.062776e-008	0.0227051
2.065276e-008	0.0143066
2.067776e-008	0.0322754
2.070276e-008	0.0465576
2.072776e-008	0.0318604
2.075276e-008	0.0235596
2.077776e-008	0.0253662
2.080276e-008	0.0248047
2.082776e-008	0.027832
2.085276e-008	0.0353272
2.087776e-008	0.0360352
2.090276e-008	0.0267578
2.092776e-008	0.0172119
2.095276e-008	0.0153565
2.097776e-008	0.0187256
2.100276e-008	0.0241211
2.102776e-008	0.0296143
2.105276e-008	0.0295899
2.107776e-008	0.0306397
2.110276e-008	0.0279785
2.112776e-008	0.0158691
2.115276e-008	0.0186279
2.117776e-008	0.0172363
2.120276e-008	-0.000634758
2.122776e-008	0.0144043
2.125276e-008	0.0306397
2.127776e-008	0.0169678
2.130276e-008	0.0223633
2.132776e-008	0.0215332
2.135276e-008	0.000488289
2.137776e-008	0.002417
2.140276e-008	0.00817872
2.142776e-008	0.0072754
2.145276e-008	0.00969239
2.147776e-008	0.0155762
2.150276e-008	0.019458
2.152776e-008	-0.00305175
2.155276e-008	-0.00688476
2.157776e-008	0.0219482
2.160276e-008	0.0243897
2.162776e-008	0.0193604
2.165276e-008	0.0207764
2.167776e-008	0.0294678
2.170276e-008	0.0395264
2.172776e-008	0.0175781
2.175276e-008	0.0109131
2.177776e-008	0.032544
2.180276e-008	0.0296875
2.182776e-008	0.0178955
2.185276e-008	0.0274658
2.187776e-008	0.0339111
2.190276e-008	0.0235596
2.192776e-008	0.0134522
2.195276e-008	0.00942384
2.197776e-008	0.0240234
2.200276e-008	0.0365723
2.202776e-008	0.0268555
2.205276e-008	0.0211182
2.207776e-008	0.0281738
2.210276e-008	0.0342774
2.212776e-008	0.0177734
2.215276e-008	0.00754395
2.217776e-008	0.0213623
2.220276e-008	0.017627
2.222776e-008	0.0115479
2.225276e-008	0.0205566
2.227776e-008	0.0211914
2.230276e-008	0.0240723
2.232776e-008	0.0320068
2.235276e-008	0.0239014
2.237776e-008	0.0161133
2.240276e-008	0.0151123
2.242776e-008	0.0119141
2.245276e-008	0.0153076
2.247776e-008	0.0205078
2.250276e-008	0.0336914
2.252776e-008	0.0338623
2.255276e-008	0.0139649
2.257776e-008	0.00852052
2.260276e-008	0.0074463
2.262776e-008	0.0150879
2.265276e-008	0.0236084
2.267776e-008	0.00961915
2.270276e-008	0.00664063
2.272776e-008	0.0181152
2.275276e-008	0.0125732
2.277776e-008	0.00959473
2.280276e-008	0.0280762
2.282776e-008	0.0366699
2.285276e-008	0.0217529
2.287776e-008	0.00961915
2.290276e-008	0.0185303
2.292776e-008	0.0228272
2.295276e-008	0.022583
2.297776e-008	0.0349121
2.300276e-008	0.0306885
2.302776e-008	0.0195801
2.305276e-008	0.0169678
2.307776e-008	0.02771
2.310276e-008	0.0412598
2.312776e-008	0.0192139
2.315276e-008	0.00874024
2.317776e-008	0.0211182
2.320276e-008	0.0188232
2.322776e-008	0.0278809
2.325276e-008	0.0355469
2.327776e-008	0.0271973
2.330276e-008	0.0175293
2.332776e-008	0.0148926
2.335276e-008	0.0272705
2.337776e-008	0.0233399
2.340276e-008	0.00686036
2.342776e-008	0.0101807
2.345276e-008	0.0120606
2.347776e-008	0.0152588
2.350276e-008	0.0251465
2.352776e-008	0.0196045
2.355276e-008	0.0162354
2.357776e-008	0.0128662
2.360276e-008	0.00307618
2.362776e-008	0.011792
2.365276e-008	0.0203857
2.367776e-008	0.017627
2.370276e-008	0.0228272
2.372776e-008	0.0267334
2.375276e-008	0.0217774
2.377776e-008	0.0187744
2.380276e-008	0.0183594
2.382776e-008	0.0224854
2.385276e-008	0.0390381
2.387776e-008	0.0497315
2.390276e-008	0.0322998
2.392776e-008	0.0154785
2.395276e-008	0.0192383
2.397776e-008	0.02146
2.400276e-008	0.0251221
2.402776e-008	0.0240967
2.405276e-008	0.0170166
2.407776e-008	0.0283936
2.410276e-008	0.0272705
2.412776e-008	0.0104492
2.415276e-008	0.0136719
2.417776e-008	0.0190186
2.420276e-008	0.0149658
2.422776e-008	0.00568848
2.425276e-008	0.00319825
2.427776e-008	0.0233887
2.430276e-008	0.0354248
2.432776e-008	0.0247559
2.435276e-008	0.0207275
2.437776e-008	0.0206543
2.440276e-008	0.0151123
2.442776e-008	0.0105957
2.445276e-008	0.00776368
2.447776e-008	0.0186279
2.450276e-008	0.0258057
2.452776e-008	0.017627
2.455276e-008	0.0221436
2.457776e-008	0.0263916
2.460276e-008	0.0178223
2.462776e-008	0.00715333
2.465276e-008	-0.00058593
2.467776e-008	0.0107178
2.470276e-008	0.0177002
2.472776e-008	0.00839845
2.475276e-008	0.0145264
2.477776e-008	0.0229248
2.480276e-008	0.0187988
2.482776e-008	0.00253907
2.485276e-008	-0.00407714
2.487776e-008	0.0223389
2.490276e-008	0.0275879
2.492776e-008	0.00976563
2.495276e-008	0.0143799
2.497776e-008	0.0202881
2.500276e-008	0.0136963
2.502776e-008	0.00666505
2.505276e-008	0.0133545
2.507776e-008	0.0247559
2.510276e-008	0.0212891
2.512776e-008	0.0164795
2.515276e-008	0.0188232
2.517776e-008	0.0230957
2.520276e-008	0.0259522
2.522776e-008	0.0215332
2.525276e-008	0.0173828
2.527776e-008	0.0269043
2.530276e-008	0.0270752
2.532776e-008	0.0115967
2.535276e-008	0.0184815
2.537776e-008	0.0221436
2.540276e-008	0.005542
2.542776e-008	0.02229
2.545276e-008	0.0358887
2.547776e-008	0.0187744
2.550276e-008	0.0396973
2.552776e-008	0.0481201
2.555276e-008	0.0158203
2.557776e-008	0.0287354
2.560276e-008	0.0427979
2.562776e-008	0.0277344
2.565276e-008	0.0262695
2.567776e-008	0.0251709
2.570276e-008	0.0232178
2.572776e-008	0.0164795
2.575276e-008	0.0172852
2.577776e-008	0.0198486
2.580276e-008	0.00898438
2.582776e-008	0.0176514
2.585276e-008	0.0210693
2.587776e-008	0.0197022
2.590276e-008	0.0230957
2.592776e-008	0.00712891
2.595276e-008	0.0119629
2.597776e-008	0.0193359
2.600276e-008	0.00766602
2.602776e-008	0.0125244
2.605276e-008	0.0179443
2.607776e-008	0.022583
2.610276e-008	0.0270752
2.612776e-008	0.0161621
2.615276e-008	0.0126709
2.617776e-008	0.0183594
2.620276e-008	0.015625
2.622776e-008	0.0209473
2.625276e-008	0.0235107
2.627776e-008	0.0100342
2.630276e-008	0.00754395
2.632776e-008	0.00925294
2.635276e-008	0.0141846
2.637776e-008	0.0255127
2.640276e-008	0.024707
2.642776e-008	0.023291
2.645276e-008	0.0230713
2.647776e-008	0.0271484
2.650276e-008	0.0317383
2.652776e-008	0.0180176
2.655276e-008	0.0162109
2.657776e-008	0.0319092
2.660276e-008	0.0266113
2.662776e-008	0.0159668
2.665276e-008	0.0198975
2.667776e-008	0.0253418
2.670276e-008	0.0309326
2.672776e-008	0.022583
2.675276e-008	0.0179688
2.677776e-008	0.0316895
2.680276e-008	0.0259522
2.682776e-008	0.01604
2.685276e-008	0.0167236
2.687776e-008	0.0218262
2.690276e-008	0.0327393
2.692776e-008	0.0236816
2.695276e-008	0.0165772
2.697776e-008	0.0294922
2.700276e-008	0.0284668
2.702776e-008	0.0205811
2.705276e-008	0.0285156
2.707776e-008	0.0366943
2.710276e-008	0.0285156
2.712776e-008	0.0163818
2.715276e-008	0.0128662
2.717776e-008	0.0145264
2.720276e-008	0.0203613
2.722776e-008	0.0208008
2.725276e-008	0.0115234
2.727776e-008	0.0141602
2.730276e-008	0.0239746
2.732776e-008	0.014209
2.735276e-008	0.00861817
2.737776e-008	0.0250244
2.740276e-008	0.0270508
2.742776e-008	0.0201904
2.745276e-008	0.0251709
2.747776e-008	0.0245361
2.750276e-008	0.0149658
2.752776e-008	0.00712891
2.755276e-008	0.0177734
2.757776e-008	0.0300293
2.760276e-008	0.0195801
2.762776e-008	0.016333
2.765276e-008	0.0218262
2.767776e-008	0.0210205
2.770276e-008	0.0265625
2.772776e-008	0.0291748
2.775276e-008	0.0256348
2.777776e-008	0.0291748
2.780276e-008	0.0321533
2.782776e-008	0.0316406
2.785276e-008	0.0270752
2.787776e-008	0.020752
2.790276e-008	0.0248291
2.792776e-008	0.016919
2.795276e-008	0.00795899
2.797776e-008	0.0230225
2.800276e-008	0.0273438
2.802776e-008	0.0275635
2.805276e-008	0.0292481
2.807776e-008	0.0253174
2.810276e-008	0.0288086
2.812776e-008	0.0145996
2.815276e-008	0.00512696
2.817776e-008	0.0192627
2.820276e-008	0.0243897
2.822776e-008	0.0297119
2.825276e-008	0.0318848
2.827776e-008	0.028833
2.830276e-008	0.0343994
2.832776e-008	0.0314941
2.835276e-008	0.02854
2.837776e-008	0.0248047
2.840276e-008	0.0140625
2.842776e-008	0.0181641
2.845276e-008	0.0174072
2.847776e-008	0.0156982
2.850276e-008	0.0305176
2.852776e-008	0.0294922
2.855276e-008	0.0168701
2.857776e-008	0.0135254
2.860276e-008	0.0261231
2.862776e-008	0.0417481
2.865276e-008	0.0311524
2.867776e-008	0.0203369
2.870276e-008	0.0225586
2.872776e-008	0.011792
2.875276e-008	0.00910645
2.877776e-008	0.026709
2.880276e-008	0.022583
2.882776e-008	0.00478516
2.885276e-008	0.0117432
2.887776e-008	0.0275391
2.890276e-008	0.0339356
2.892776e-008	0.0161621
2.895276e-008	0.00136719
2.897776e-008	0.0236328
2.900276e-008	0.0331787
2.902776e-008	0.0167969
2.905276e-008	0.00812989
2.907776e-008	0.0181152
2.910276e-008	0.0276611
2.912776e-008	0.00886231
2.915276e-008	-0.00324706
2.917776e-008	0.0088379
2.920276e-008	0.0162109
2.922776e-008	0.0281983
2.925276e-008	0.0307617
2.927776e-008	0.00656739
2.930276e-008	0.00661622
2.932776e-008	0.0226318
2.935276e-008	0.0214356
2.937776e-008	0.0251465
2.940276e-008	0.0181152
2.942776e-008	0.0145508
2.945276e-008	0.0167236
2.947776e-008	0.00632325
2.950276e-008	0.0274902
2.952776e-008	0.0356934
2.955276e-008	0.0168945
2.957776e-008	0.0230225
2.960276e-008	0.0159912
2.962776e-008	0.0165527
2.965276e-008	0.0317139
2.967776e-008	0.0185791
2.970276e-008	0.021875
2.972776e-008	0.0326172
2.975276e-008	0.0199707
2.977776e-008	0.0162598
2.980276e-008	0.0203125
2.982776e-008	0.0277344
2.985276e-008	0.0355469
2.987776e-008	0.0351807
2.990276e-008	0.0401856
2.992776e-008	0.0364502
2.995276e-008	0.0196289
2.997776e-008	0.021875
3.000276e-008	0.0271729
3.002776e-008	0.0223633
3.005276e-008	0.0266113
3.007776e-008	0.0289551
3.010276e-008	0.0342529
3.012776e-008	0.0358154
3.015276e-008	0.0325928
3.017776e-008	0.041333
3.020276e-008	0.0249024
3.022776e-008	0.0156006
3.025276e-008	0.0373047
3.027776e-008	0.0334961
3.030276e-008	0.0328858
3.032776e-008	0.0429199
3.035276e-008	0.0311768
3.037776e-008	0.0220215
3.040276e-008	0.0233399
3.042776e-008	0.0275635
3.045276e-008	0.0246338
3.047776e-008	0.0220459
3.050276e-008	0.0256348
3.052776e-008	0.0144287
3.055276e-008	0.00905762
3.057776e-008	0.0195313
3.060276e-008	0.0238281
3.062776e-008	0.0296631
3.065276e-008	0.0334229
3.067776e-008	0.0250733
3.070276e-008	0.0100586
3.072776e-008	-0.00187988
3.075276e-008	0.00400391
3.077776e-008	0.016626
3.080276e-008	0.0223633
3.082776e-008	0.021582
3.085276e-008	0.0138916
3.087776e-008	0.00910645
3.090276e-008	0.0107422
3.092776e-008	0.0104736
3.095276e-008	0.00854493
3.097776e-008	0.0148682
3.100276e-008	0.0254639
3.102776e-008	0.0252197
3.105276e-008	0.0116455
3.107776e-008	0.0157715
3.110276e-008	0.0318115
3.112776e-008	0.0109863
3.115276e-008	0.00712891
3.117776e-008	0.0276856
3.120276e-008	0.0138672
3.122776e-008	0.016919
3.125276e-008	0.0283203
3.127776e-008	0.0257568
3.130276e-008	0.0277832
3.132776e-008	0.0102783
3.135276e-008	0.0107666
3.137776e-008	0.0218018
3.140276e-008	0.0133789
3.142776e-008	0.0131592
3.145276e-008	0.0131104
3.147776e-008	0.0238525
3.150276e-008	0.0289063
3.152776e-008	0.0177002
3.155276e-008	0.0265869
3.157776e-008	0.0312988
3.160276e-008	0.0246826
3.162776e-008	0.0136963
3.165276e-008	0.00402833
3.167776e-008	0.0193848
3.170276e-008	0.025708
3.172776e-008	0.0171387
3.175276e-008	0.0221191
3.177776e-008	0.0219482
3.180276e-008	0.0166016
3.182776e-008	0.0287598
3.185276e-008	0.0360108
3.187776e-008	0.0272461
3.190276e-008	0.0254639
3.192776e-008	0.0215088
3.195276e-008	0.0255127
3.197776e-008	0.0310303
3.200276e-008	0.0166748
3.202776e-008	0.0210449
3.205276e-008	0.0280518
3.207776e-008	0.0240234
3.210276e-008	0.0275147
3.212776e-008	0.0195068
3.215276e-008	0.0240967
3.217776e-008	0.0304443
3.220276e-008	0.0160156
3.222776e-008	0.02146
3.225276e-008	0.0318115
3.227776e-008	0.0296143
3.230276e-008	0.0283203
3.232776e-008	0.0225098
3.235276e-008	0.020166
3.237776e-008	0.020752
3.240276e-008	0.020044
3.242776e-008	0.0244629
3.245276e-008	0.0286377
3.247776e-008	0.0316162
3.250276e-008	0.0291016
3.252776e-008	0.0124024
3.255276e-008	0.00439454
3.257776e-008	0.0182861
3.260276e-008	0.0274414
3.262776e-008	0.0269287
3.265276e-008	0.0227295
3.267776e-008	0.0191162
3.270276e-008	0.025415
3.272776e-008	0.0260986
3.275276e-008	0.0195313
3.277776e-008	0.0124512
3.280276e-008	0.0119141
3.282776e-008	0.0281006
3.285276e-008	0.029541
3.287776e-008	0.023584
3.290276e-008	0.035791
3.292776e-008	0.0299316
3.295276e-008	0.019458
3.297776e-008	0.0310059
3.300276e-008	0.0290039
3.302776e-008	0.02229
3.305276e-008	0.0254639
3.307776e-008	0.0229736
3.310276e-008	0.030957
3.312776e-008	0.0360352
3.315276e-008	0.0241699
3.317776e-008	0.0226074
3.320276e-008	0.0246094
3.322776e-008	0.0277344
3.325276e-008	0.0308838
3.327776e-008	0.0244385
3.330276e-008	0.0312256
3.332776e-008	0.0287109
3.335276e-008	0.0121582
3.337776e-008	0.0221191
3.340276e-008	0.0276856
3.342776e-008	0.023169
3.345276e-008	0.0252441
3.347776e-008	0.0244873
3.350276e-008	0.0328613
3.352776e-008	0.0208984
3.355276e-008	0.00910645
3.357776e-008	0.0230225
3.360276e-008	0.0168213
3.362776e-008	0.0162842
3.365276e-008	0.0271729
3.367776e-008	0.0329102
3.370276e-008	0.0364258
3.372776e-008	0.0133301
3.375276e-008	0.00400391
3.377776e-008	0.0153565
3.380276e-008	0.0193359
3.382776e-008	0.0307861
3.385276e-008	0.0261475
3.387776e-008	0.0179199
3.390276e-008	0.0230225
3.392776e-008	0.0169922
3.395276e-008	0.0243897
3.397776e-008	0.0347412
3.400276e-008	0.0227295
3.402776e-008	0.0224365
3.405276e-008	0.0270508
3.407776e-008	0.0252197
3.410276e-008	0.0275147
3.412776e-008	0.0174316
3.415276e-008	0.0140137
3.417776e-008	0.0217041
3.420276e-008	0.0211182
3.422776e-008	0.0221924
3.425276e-008	0.0167725
3.427776e-008	0.021875
3.430276e-008	0.0350342
3.432776e-008	0.0180176
3.435276e-008	0.0139649
3.437776e-008	0.0350098
3.440276e-008	0.030957
3.442776e-008	0.023877
3.445276e-008	0.0225098
3.447776e-008	0.0223877
3.450276e-008	0.0352783
3.452776e-008	0.0178467
3.455276e-008	0.0109619
3.457776e-008	0.0383301
3.460276e-008	0.0223633
3.462776e-008	0.00656739
3.465276e-008	0.0208984
3.467776e-008	0.0275879
3.470276e-008	0.0317627
3.472776e-008	0.0272461
3.475276e-008	0.0274902
3.477776e-008	0.0310791
3.480276e-008	0.0265137
3.482776e-008	0.0240479
3.485276e-008	0.0161377
3.487776e-008	0.015625
3.490276e-008	0.0285889
3.492776e-008	0.0337647
3.495276e-008	0.0249756
3.497776e-008	0.0209717
3.500276e-008	0.0188477
3.502776e-008	0.00236817
3.505276e-008	0.0145752
3.507776e-008	0.0365967
3.510276e-008	0.0155029
3.512776e-008	0.0127197
3.515276e-008	0.0269043
3.517776e-008	0.015625
3.520276e-008	0.0201172
3.522776e-008	0.030835
3.525276e-008	0.023169
3.527776e-008	0.0173096
3.530276e-008	0.0162354
3.532776e-008	0.0185059
3.535276e-008	0.0274902
3.537776e-008	0.0337402
3.540276e-008	0.0291992
3.542776e-008	0.0215332
3.545276e-008	0.015625
3.547776e-008	0.0218506
3.550276e-008	0.0360596
3.552776e-008	0.0338135
3.555276e-008	0.0254395
3.557776e-008	0.0235596
3.560276e-008	0.0266846
3.562776e-008	0.0340332
3.565276e-008	0.0366455
3.567776e-008	0.0314941
3.570276e-008	0.0210693
3.572776e-008	0.019165
3.575276e-008	0.0226318
3.577776e-008	0.0241943
3.580276e-008	0.0266602
3.582776e-008	0.0168701
3.585276e-008	0.0154785
3.587776e-008	0.027124
3.590276e-008	0.0235107
3.592776e-008	0.017041
3.595276e-008	0.0162109
3.597776e-008	0.0226074
3.600276e-008	0.0273438
3.602776e-008	0.0262695
3.605276e-008	0.0304199
3.607776e-008	0.0223389
3.610276e-008	0.0258789
3.612776e-008	0.0336914
3.615276e-008	0.0148438
3.617776e-008	0.0209473
3.620276e-008	0.0236328
3.622776e-008	0.0067627
3.625276e-008	0.018042
3.627776e-008	0.0264893
3.630276e-008	0.0322022
3.632776e-008	0.0302246
3.635276e-008	0.021167
3.637776e-008	0.0309082
3.640276e-008	0.0278565
3.642776e-008	0.0280762
3.645276e-008	0.0293701
3.647776e-008	0.0205811
3.650276e-008	0.0332275
3.652776e-008	0.0297119
3.655276e-008	0.0171631
3.657776e-008	0.0286865
3.660276e-008	0.0276611
3.662776e-008	0.0195068
3.665276e-008	0.0216797
3.667776e-008	0.0171631
3.670276e-008	0.0130127
3.672776e-008	0.0182373
3.675276e-008	0.0287109
3.677776e-008	0.0378906
3.680276e-008	0.0270508
3.682776e-008	0.0105225
3.685276e-008	0.016919
3.687776e-008	0.0314941
3.690276e-008	0.0298096
3.692776e-008	0.0146729
3.695276e-008	0.0173096
3.697776e-008	0.0302002
3.700276e-008	0.0232178
3.702776e-008	0.0229248
3.705276e-008	0.0313477
3.707776e-008	0.0336182
3.710276e-008	0.0337891
3.712776e-008	0.0196289
3.715276e-008	0.0114014
3.717776e-008	0.0146729
3.720276e-008	0.0182861
3.722776e-008	0.0261475
3.725276e-008	0.0213623
3.727776e-008	0.0263184
3.730276e-008	0.0345703
3.732776e-008	0.0196289
3.735276e-008	0.0249268
3.737776e-008	0.0342041
3.740276e-008	0.0249268
3.742776e-008	0.0288086
3.745276e-008	0.0267334
3.747776e-008	0.0265625
3.750276e-008	0.0342529
3.752776e-008	0.0130859
3.755276e-008	0.00097657
3.757776e-008	0.0168213
3.760276e-008	0.0277832
3.762776e-008	0.0356934
3.765276e-008	0.0338379
3.767776e-008	0.0264893
3.770276e-008	0.0183838
3.772776e-008	0.00786134
3.775276e-008	0.0206299
3.777776e-008	0.0292481
3.780276e-008	0.0202881
3.782776e-008	0.0277344
3.785276e-008	0.0193359
3.787776e-008	0.0171631
3.790276e-008	0.0457031
3.792776e-008	0.0352783
3.795276e-008	0.0221924
3.797776e-008	0.0331055
3.800276e-008	0.0231201
3.802776e-008	0.0254639
3.805276e-008	0.0366455
3.807776e-008	0.0312012
3.810276e-008	0.0212891
3.812776e-008	0.0107178
3.815276e-008	0.0182129
3.817776e-008	0.0342774
3.820276e-008	0.030542
3.822776e-008	0.0208984
3.825276e-008	0.0125244
3.827776e-008	0.00915528
3.830276e-008	0.0166748
3.832776e-008	0.0118897
3.835276e-008	0.0117188
3.837776e-008	0.0260254
3.840276e-008	0.0311524
3.842776e-008	0.0300049
3.845276e-008	0.019165
3.847776e-008	0.0233887
3.850276e-008	0.0325684
3.852776e-008	0.0113525
3.855276e-008	0.00898438
3.857776e-008	0.0266602
3.860276e-008	0.0184815
3.862776e-008	0.0128418
3.865276e-008	0.0296143
3.867776e-008	0.0333984
3.870276e-008	0.0256836
3.872776e-008	0.0280518
3.875276e-008	0.026709
3.877776e-008	0.0282959
3.880276e-008	0.0328858
3.882776e-008	0.0236084
3.885276e-008	0.0218018
3.887776e-008	0.0261231
3.890276e-008	0.0210449
3.892776e-008	0.0195801
3.895276e-008	0.0195068
3.897776e-008	0.0250244
3.900276e-008	0.0364258
3.902776e-008	0.0330078
3.905276e-008	0.0204834
3.907776e-008	0.0209717
3.910276e-008	0.0376221
3.912776e-008	0.036084
3.915276e-008	0.0191406
3.917776e-008	0.0263428
3.920276e-008	0.0316895
3.922776e-008	0.020044
3.925276e-008	0.0195068
3.927776e-008	0.0253418
3.930276e-008	0.0213623
3.932776e-008	0.0143555
3.935276e-008	0.0188232
3.937776e-008	0.0260986
3.940276e-008	0.0226074
3.942776e-008	0.0162109
3.945276e-008	0.0202393
3.947776e-008	0.0271729
3.950276e-008	0.0210205
3.952776e-008	0.0154785
3.955276e-008	0.0127197
3.957776e-008	0.00668946
3.960276e-008	0.00791016
3.962776e-008	0.00959473
3.965276e-008	0.0105469
3.967776e-008	0.0180908
3.970276e-008	0.0267578
3.972776e-008	0.0233399
3.975276e-008	0.0231201
3.977776e-008	0.0309815
3.980276e-008	0.0212891
3.982776e-008	0.0231445
3.985276e-008	0.0272461
3.987776e-008	0.0192383
3.990276e-008	0.0259033
3.992776e-008	0.0169678
3.995276e-008	0.0256836
3.997776e-008	0.0466309
4.000276e-008	0.0278809
4.002776e-008	0.0263916
4.005276e-008	0.0319336
4.007776e-008	0.0297363
4.010276e-008	0.0423828
4.012776e-008	0.0295899
4.015276e-008	0.00959473
4.017776e-008	0.0152588
4.020276e-008	0.0278076
4.022776e-008	0.0276856
4.025276e-008	0.0224365
4.027776e-008	0.0330322
4.030276e-008	0.0343994
4.032776e-008	0.015332
4.035276e-008	0.0120117
4.037776e-008	0.0244873
4.040276e-008	0.0238037
4.042776e-008	0.0161133
4.045276e-008	0.0165527
4.047776e-008	0.0164307
4.050276e-008	0.0151611
4.052776e-008	0.0157471
4.055276e-008	0.0229248
4.057776e-008	0.0280762
4.060276e-008	0.02229
4.062776e-008	0.0256104
4.065276e-008	0.0248535
4.067776e-008	0.0193359
4.070276e-008	0.0270264
4.072776e-008	0.0236328
4.075276e-008	0.0186035
4.077776e-008	0.0220459
4.080276e-008	0.0212891
4.082776e-008	0.0211426
4.085276e-008	0.017334
4.087776e-008	0.0238525
4.090276e-008	0.0301758
4.092776e-008	0.0169678
4.095276e-008	0.01875
4.097776e-008	0.0255127
4.100276e-008	0.0135742
4.102776e-008	0.0098877
4.105276e-008	0.0199219
4.107776e-008	0.0308594
4.110276e-008	0.0306885
4.112776e-008	0.0196289
4.115276e-008	0.0139649
4.117776e-008	0.0223389
4.120276e-008	0.0395264
4.122776e-008	0.0275879
4.125276e-008	-0.00429687
4.127776e-008	0.00739747
4.130276e-008	0.035376
4.132776e-008	0.0348389
4.135276e-008	0.0300781
4.137776e-008	0.026416
4.140276e-008	0.0229492
4.142776e-008	0.0290527
4.145276e-008	0.0290772
4.147776e-008	0.0297608
4.150276e-008	0.0309082
4.152776e-008	0.0159424
4.155276e-008	0.0244141
4.157776e-008	0.0400635
4.160276e-008	0.0224365
4.162776e-008	0.0207275
4.165276e-008	0.0281006
4.167776e-008	0.0236572
4.170276e-008	0.0229248
4.172776e-008	0.0141357
4.175276e-008	0.0180664
4.177776e-008	0.0273682
4.180276e-008	0.0219971
4.182776e-008	0.019751
4.185276e-008	0.0124024
4.187776e-008	0.00932618
4.190276e-008	0.0206055
4.192776e-008	0.0206543
4.195276e-008	0.0203125
4.197776e-008	0.0312744
4.200276e-008	0.030542
4.202776e-008	0.0216309
4.205276e-008	0.0176025
4.207776e-008	0.02771
4.210276e-008	0.0350342
4.212776e-008	0.0213379
4.215276e-008	0.0204102
4.217776e-008	0.0221191
4.220276e-008	0.0220215
4.222776e-008	0.0297608
4.225276e-008	0.0143066
4.227776e-008	0.0154785
4.230276e-008	0.0297608
4.232776e-008	0.0148438
4.235276e-008	0.0154785
4.237776e-008	0.0247803
4.240276e-008	0.0168945
4.242776e-008	0.0157227
4.245276e-008	0.0205566
4.247776e-008	0.0289795
4.250276e-008	0.037793
4.252776e-008	0.0313477
4.255276e-008	0.0181397
4.257776e-008	0.0141846
4.260276e-008	0.0195068
4.262776e-008	0.0258301
4.265276e-008	0.0272461
4.267776e-008	0.0257813
4.270276e-008	0.0212647
4.272776e-008	0.0203369
4.275276e-008	0.0227783
4.277776e-008	0.0222412
4.280276e-008	0.0258545
4.282776e-008	0.0194824
4.285276e-008	0.0148926
4.287776e-008	0.0343018
4.290276e-008	0.0408936
4.292776e-008	0.0184815
4.295276e-008	0.00734864
4.297776e-008	0.0225342
4.300276e-008	0.0215576
4.302776e-008	0.0167969
4.305276e-008	0.02854
4.307776e-008	0.0223633
4.310276e-008	0.0195313
4.312776e-008	0.0173828
4.315276e-008	0.00725098
4.317776e-008	0.0190674
4.320276e-008	0.0317139
4.322776e-008	0.0309082
4.325276e-008	0.0209229
4.327776e-008	0.00771485
4.330276e-008	0.00595704
4.332776e-008	0.0158447
4.335276e-008	0.0255615
4.337776e-008	0.0313965
4.340276e-008	0.0309326
4.342776e-008	0.0174805
4.345276e-008	0.0145508
4.347776e-008	0.0271484
4.350276e-008	0.0291016
4.352776e-008	0.0229248
4.355276e-008	0.0237549
4.357776e-008	0.0291748
4.360276e-008	0.0303955
4.362776e-008	0.032251
4.365276e-008	0.0278565
4.367776e-008	0.0197998
4.370276e-008	0.0242676
4.372776e-008	0.023169
4.375276e-008	0.0142334
4.377776e-008	0.0144531
4.380276e-008	0.0198975
4.382776e-008	0.02229
4.385276e-008	0.01521
4.387776e-008	0.0107178
4.390276e-008	0.0154785
4.392776e-008	0.0236084
4.395276e-008	0.0372803
4.397776e-008	0.0368652
4.400276e-008	0.0226563
4.402776e-008	0.0216797
4.405276e-008	0.0189697
4.407776e-008	0.0111816
4.410276e-008	0.0199219
4.412776e-008	0.0227539
4.415276e-008	0.0131592
4.417776e-008	0.0191162
4.420276e-008	0.0247803
4.422776e-008	0.0187256
4.425276e-008	0.0169922
4.427776e-008	0.0178711
4.430276e-008	0.0264649
4.432776e-008	0.02229
4.435276e-008	0.00581055
4.437776e-008	0.020874
4.440276e-008	0.0319336
4.442776e-008	0.0258057
4.445276e-008	0.0251465
4.447776e-008	0.0177246
4.450276e-008	0.0244385
4.452776e-008	0.0168457
4.455276e-008	0.00222169
4.457776e-008	0.0282715
4.460276e-008	0.0360596
4.462776e-008	0.0215332
4.465276e-008	0.0225586
4.467776e-008	0.0264649
4.470276e-008	0.0246094
4.472776e-008	0.0118652
4.475276e-008	0.0153565
4.477776e-008	0.0343262
4.480276e-008	0.0334473
4.482776e-008	0.025708
4.485276e-008	0.0256104
4.487776e-008	0.0302002
4.490276e-008	0.0292481
4.492776e-008	0.0126709
4.495276e-008	0.0134522
4.497776e-008	0.0290527
4.500276e-008	0.0261719
4.502776e-008	0.0282471
4.505276e-008	0.0279053
4.507776e-008	0.0234863
4.510276e-008	0.0427002
4.512776e-008	0.0464111
4.515276e-008	0.0273438
4.517776e-008	0.0215088
4.520276e-008	0.0228027
4.522776e-008	0.027417
4.525276e-008	0.0262451
4.527776e-008	0.0178711
4.530276e-008	0.0282227
4.532776e-008	0.0344727
4.535276e-008	0.0224365
4.537776e-008	0.0164063
4.540276e-008	0.0141113
4.542776e-008	0.021875
4.545276e-008	0.0230225
4.547776e-008	0.0216553
4.550276e-008	0.0402588
4.552776e-008	0.0267334
4.555276e-008	0.00458985
4.557776e-008	0.01875
4.560276e-008	0.0281738
4.562776e-008	0.0274414
4.565276e-008	0.0124268
4.567776e-008	0.00678712
4.570276e-008	0.0218018
4.572776e-008	0.0109619
4.575276e-008	0.0131592
4.577776e-008	0.028418
4.580276e-008	0.0174316
4.582776e-008	0.015332
4.585276e-008	0.012085
4.587776e-008	0.00168458
4.590276e-008	0.0136475
4.592776e-008	0.0290772
4.595276e-008	0.0271484
4.597776e-008	0.0183106
4.600276e-008	0.0184082
4.602776e-008	0.0221191
4.605276e-008	0.0163086
4.607776e-008	0.0205322
4.610276e-008	0.0306152
4.612776e-008	0.0186035
4.615276e-008	0.0183106
4.617776e-008	0.03396
4.620276e-008	0.025
4.622776e-008	0.0195313
4.625276e-008	0.0282959
4.627776e-008	0.0193848
4.630276e-008	0.0132813
4.632776e-008	0.0238281
4.635276e-008	0.0246338
4.637776e-008	0.020166
4.640276e-008	0.0213623
4.642776e-008	0.0249268
4.645276e-008	0.03125
4.647776e-008	0.0291748
4.650276e-008	0.0221191
4.652776e-008	0.0217285
4.655276e-008	0.0209473
4.657776e-008	0.0202637
4.660276e-008	0.025293
4.662776e-008	0.0259522
4.665276e-008	0.0237549
4.667776e-008	0.0337647
4.670276e-008	0.0352051
4.672776e-008	0.0232422
4.675276e-008	0.0179199
4.677776e-008	0.0116943
4.680276e-008	0.0137695
4.682776e-008	0.0190918
4.685276e-008	0.0118652
4.687776e-008	0.0151367
4.690276e-008	0.0196289
4.692776e-008	0.0111572
4.695276e-008	0.0132813
4.697776e-008	0.0239258
4.700276e-008	0.0262451
4.702776e-008	0.0172607
4.705276e-008	0.00656739
4.707776e-008	0.0184082
4.710276e-008	0.0342774
4.712776e-008	0.0225586
4.715276e-008	0.0214356
4.717776e-008	0.0306152
4.720276e-008	0.014917
4.722776e-008	0.0144531
4.725276e-008	0.0223877
4.727776e-008	0.0115479
4.730276e-008	0.0149414
4.732776e-008	0.019165
4.735276e-008	0.0147705
4.737776e-008	0.0138916
4.740276e-008	0.0166504
4.742776e-008	0.0250488
4.745276e-008	0.0166992
4.747776e-008	0.0145752
4.750276e-008	0.0300781
4.752776e-008	0.0207275
4.755276e-008	0.00993653
4.757776e-008	0.0172852
4.760276e-008	0.0230957
4.762776e-008	0.0251221
4.765276e-008	0.0123047
4.767776e-008	0.00895997
4.770276e-008	0.0270508
4.772776e-008	0.0203369
4.775276e-008	0.0121094
4.777776e-008	0.0287842
4.780276e-008	0.0275147
4.782776e-008	0.0105469
4.785276e-008	0.00673829
4.787776e-008	0.0192383
4.790276e-008	0.0321777
4.792776e-008	0.0292969
4.795276e-008	0.0260986
4.797776e-008	0.0315674
4.800276e-008	0.0311035
4.802776e-008	0.0150879
4.805276e-008	0.00607911
4.807776e-008	0.0280029
4.810276e-008	0.0289063
4.812776e-008	0.00886231
4.815276e-008	0.0234131
4.817776e-008	0.0263672
4.820276e-008	0.0144775
4.822776e-008	0.0206299
4.825276e-008	0.0148193
4.827776e-008	0.0148438
4.830276e-008	0.0205078
4.832776e-008	0.0116455
4.835276e-008	0.0165039
4.837776e-008	0.0303955
4.840276e-008	0.0334717
4.842776e-008	0.0324707
4.845276e-008	0.031958
4.847776e-008	0.0322754
4.850276e-008	0.0283447
4.852776e-008	0.0170654
4.855276e-008	0.0172852
4.857776e-008	0.0211914
4.860276e-008	0.0137451
4.862776e-008	0.023999
4.865276e-008	0.0375733
4.867776e-008	0.0355469
4.870276e-008	0.0286377
4.872776e-008	0.0181397
4.875276e-008	0.0290283
4.877776e-008	0.0324463
4.880276e-008	0.0139404
4.882776e-008	0.0224121
4.885276e-008	0.0319824
4.887776e-008	0.0183838
4.890276e-008	0.0076172
4.892776e-008	0.00712891
4.895276e-008	0.0163086
4.897776e-008	0.0193604
4.900276e-008	0.0130127
4.902776e-008	0.0186279
4.905276e-008	0.027002
4.907776e-008	0.0268799
4.910276e-008	0.0299072
4.912776e-008	0.0285645
4.915276e-008	0.0164307
4.917776e-008	0.0141602
4.920276e-008	0.022583
4.922776e-008	0.0233154
4.925276e-008	0.0178711
4.927776e-008	0.0136719
4.930276e-008	0.0116943
4.932776e-008	0.0121338
4.935276e-008	0.0161133
4.937776e-008	0.0198975
4.940276e-008	0.0194336
4.942776e-008	0.0181885
4.945276e-008	0.0140625
4.947776e-008	0.0202637
4.950276e-008	0.0304443
4.952776e-008	0.0229492
4.955276e-008	0.0242432
4.957776e-008	0.029834
4.960276e-008	0.02146
4.962776e-008	0.0260742
4.965276e-008	0.0289307
4.967776e-008	0.016919
4.970276e-008	0.0227783
4.972776e-008	0.0253418
4.975276e-008	0.00966798
4.977776e-008	0.0131348
4.980276e-008	0.023877
4.982776e-008	0.0219971
4.985276e-008	0.0143311
4.987776e-008	0.0180908
4.990276e-008	0.0328369
4.992776e-008	0.0243652
4.995276e-008	0.0192383
4.997776e-008	0.0309326
5.000276e-008	0.0185303
