# LECROYWM813Zi	51496	Waveform
# Segments	1	SegmentSize	4002
# Segment	TrigTime	TimeSinceSegment1
# #1	30-Nov-2018 17:09:25	0                 
# Time	Ampl
-5.00154e-008	0.0283447
-4.99904e-008	0.0232422
-4.99654e-008	0.0223145
-4.99404e-008	0.0156982
-4.99154e-008	0.00756837
-4.98904e-008	0.0199951
-4.98654e-008	0.0291748
-4.98404e-008	0.0255127
-4.98154e-008	0.0103027
-4.97904e-008	0.00637208
-4.97654e-008	0.0296631
-4.97404e-008	0.0332275
-4.97154e-008	0.0205322
-4.96904e-008	0.0195313
-4.96654e-008	0.0131348
-4.96404e-008	0.0113037
-4.96154e-008	0.0151123
-4.95904e-008	0.0116699
-4.95654e-008	0.0221436
-4.95404e-008	0.0353516
-4.95154e-008	0.0274658
-4.94904e-008	0.0156738
-4.94654e-008	0.012915
-4.94404e-008	0.0138672
-4.94154e-008	0.0130127
-4.93904e-008	0.0168457
-4.93654e-008	0.026001
-4.93404e-008	0.0256348
-4.93154e-008	0.0263672
-4.92904e-008	0.026294
-4.92654e-008	0.0138184
-4.92404e-008	0.0213867
-4.92154e-008	0.0317139
-4.91904e-008	0.0213379
-4.91654e-008	0.0243652
-4.91404e-008	0.0271973
-4.91154e-008	0.0272217
-4.90904e-008	0.0377197
-4.90654e-008	0.0321289
-4.90404e-008	0.0176025
-4.90154e-008	0.0100342
-4.89904e-008	0.0179688
-4.89654e-008	0.0282227
-4.89404e-008	0.016333
-4.89154e-008	0.0140625
-4.88904e-008	0.0218994
-4.88654e-008	0.02146
-4.88404e-008	0.0239746
-4.88154e-008	0.0146973
-4.87904e-008	0.0205078
-4.87654e-008	0.0402588
-4.87404e-008	0.0220947
-4.87154e-008	0.00781251
-4.86904e-008	0.0171143
-4.86654e-008	0.0169434
-4.86404e-008	0.0170899
-4.86154e-008	0.0179932
-4.85904e-008	0.0247803
-4.85654e-008	0.0302979
-4.85404e-008	0.0158447
-4.85154e-008	0.0105957
-4.84904e-008	0.0174561
-4.84654e-008	0.0190186
-4.84404e-008	0.0208496
-4.84154e-008	0.00722657
-4.83904e-008	0.00219727
-4.83654e-008	0.0258789
-4.83404e-008	0.023169
-4.83154e-008	0.0148193
-4.82904e-008	0.0305664
-4.82654e-008	0.0184082
-4.82404e-008	0.00893555
-4.82154e-008	0.0251953
-4.81904e-008	0.0211914
-4.81654e-008	0.015332
-4.81404e-008	0.0189453
-4.81154e-008	0.0214356
-4.80904e-008	0.0246338
-4.80654e-008	0.0158691
-4.80404e-008	0.0152344
-4.80154e-008	0.0236572
-4.79904e-008	0.0227051
-4.79654e-008	0.0236816
-4.79404e-008	0.0186279
-4.79154e-008	0.0183106
-4.78904e-008	0.028833
-4.78654e-008	0.0215332
-4.78404e-008	0.0142578
-4.78154e-008	0.0241211
-4.77904e-008	0.0375488
-4.77654e-008	0.0333496
-4.77404e-008	0.00541993
-4.77154e-008	0.00834962
-4.76904e-008	0.0283936
-4.76654e-008	0.0178711
-4.76404e-008	0.0271973
-4.76154e-008	0.036792
-4.75904e-008	0.0187012
-4.75654e-008	0.0235107
-4.75404e-008	0.0307373
-4.75154e-008	0.0260498
-4.74904e-008	0.0224854
-4.74654e-008	0.0191406
-4.74404e-008	0.0281494
-4.74154e-008	0.0276856
-4.73904e-008	0.0257324
-4.73654e-008	0.0263184
-4.73404e-008	0.00407716
-4.73154e-008	0.00454102
-4.72904e-008	0.0229736
-4.72654e-008	0.0220947
-4.72404e-008	0.0276856
-4.72154e-008	0.0183838
-4.71904e-008	0.00266114
-4.71654e-008	0.0188477
-4.71404e-008	0.0306152
-4.71154e-008	0.0287598
-4.70904e-008	0.0248291
-4.70654e-008	0.020459
-4.70404e-008	0.0224609
-4.70154e-008	0.0188477
-4.69904e-008	0.0179932
-4.69654e-008	0.0206787
-4.69404e-008	0.00959473
-4.69154e-008	0.000537117
-4.68904e-008	0.0119141
-4.68654e-008	0.028833
-4.68404e-008	0.0299072
-4.68154e-008	0.0153565
-4.67904e-008	0.0185791
-4.67654e-008	0.0379883
-4.67404e-008	0.0238525
-4.67154e-008	0.0118408
-4.66904e-008	0.0243408
-4.66654e-008	0.0213623
-4.66404e-008	0.0205566
-4.66154e-008	0.0182129
-4.65904e-008	0.0148926
-4.65654e-008	0.0161621
-4.65404e-008	0.0106445
-4.65154e-008	0.0123047
-4.64904e-008	0.00776368
-4.64654e-008	0.0158203
-4.64404e-008	0.0343506
-4.64154e-008	0.029834
-4.63904e-008	0.0299316
-4.63654e-008	0.0224609
-4.63404e-008	0.00798341
-4.63154e-008	0.0224854
-4.62904e-008	0.0285156
-4.62654e-008	0.0158691
-4.62404e-008	0.0194824
-4.62154e-008	0.0263672
-4.61904e-008	0.0266846
-4.61654e-008	0.0249756
-4.61404e-008	0.0180176
-4.61154e-008	0.0144531
-4.60904e-008	0.0161621
-4.60654e-008	0.0210449
-4.60404e-008	0.0229248
-4.60154e-008	0.0253174
-4.59904e-008	0.0281983
-4.59654e-008	0.019043
-4.59404e-008	0.0220459
-4.59154e-008	0.0300293
-4.58904e-008	0.0186035
-4.58654e-008	0.0111328
-4.58404e-008	0.0191162
-4.58154e-008	0.0265625
-4.57904e-008	0.0180664
-4.57654e-008	0.0214844
-4.57404e-008	0.0366455
-4.57154e-008	0.0263916
-4.56904e-008	0.019165
-4.56654e-008	0.0275879
-4.56404e-008	0.0304443
-4.56154e-008	0.023169
-4.55904e-008	0.0198486
-4.55654e-008	0.0277344
-4.55404e-008	0.0150879
-4.55154e-008	0.00231934
-4.54904e-008	0.011377
-4.54654e-008	0.0151856
-4.54404e-008	0.0250733
-4.54154e-008	0.0262207
-4.53904e-008	0.0153076
-4.53654e-008	0.029541
-4.53404e-008	0.0306152
-4.53154e-008	0.00874024
-4.52904e-008	0.0141357
-4.52654e-008	0.0268799
-4.52404e-008	0.0250733
-4.52154e-008	0.0299561
-4.51904e-008	0.0384522
-4.51654e-008	0.0302734
-4.51404e-008	0.0107666
-4.51154e-008	0.012207
-4.50904e-008	0.0228272
-4.50654e-008	0.017627
-4.50404e-008	0.0206543
-4.50154e-008	0.0164307
-4.49904e-008	0.00236817
-4.49654e-008	0.0216797
-4.49404e-008	0.0364502
-4.49154e-008	0.0187988
-4.48904e-008	0.0112305
-4.48654e-008	0.0206543
-4.48404e-008	0.0247803
-4.48154e-008	0.0154785
-4.47904e-008	0.0113037
-4.47654e-008	0.0246582
-4.47404e-008	0.0265869
-4.47154e-008	0.0159668
-4.46904e-008	0.020874
-4.46654e-008	0.0234375
-4.46404e-008	0.0227783
-4.46154e-008	0.0333984
-4.45904e-008	0.0305664
-4.45654e-008	0.0212647
-4.45404e-008	0.0181885
-4.45154e-008	0.0217041
-4.44904e-008	0.0344238
-4.44654e-008	0.0167969
-4.44404e-008	-0.0071289
-4.44154e-008	0.0108399
-4.43904e-008	0.0278565
-4.43654e-008	0.0282715
-4.43404e-008	0.023877
-4.43154e-008	0.0125977
-4.42904e-008	0.0101563
-4.42654e-008	0.017749
-4.42404e-008	0.0253906
-4.42154e-008	0.020459
-4.41904e-008	0.019043
-4.41654e-008	0.0283936
-4.41404e-008	0.0198242
-4.41154e-008	0.0140381
-4.40904e-008	0.0191162
-4.40654e-008	0.0212647
-4.40404e-008	0.0244385
-4.40154e-008	0.0145752
-4.39904e-008	0.0176758
-4.39654e-008	0.0311035
-4.39404e-008	0.0167725
-4.39154e-008	0.00625001
-4.38904e-008	0.0121338
-4.38654e-008	0.0176025
-4.38404e-008	0.0197754
-4.38154e-008	0.0147949
-4.37904e-008	0.0218994
-4.37654e-008	0.023877
-4.37404e-008	0.00505372
-4.37154e-008	0.00488282
-4.36904e-008	0.0100342
-4.36654e-008	0.0133789
-4.36404e-008	0.0339111
-4.36154e-008	0.0304199
-4.35904e-008	0.013794
-4.35654e-008	0.0148926
-4.35404e-008	0.00925294
-4.35154e-008	0.00942384
-4.34904e-008	0.0197754
-4.34654e-008	0.0233643
-4.34404e-008	0.0238525
-4.34154e-008	0.0157471
-4.33904e-008	0.0154785
-4.33654e-008	0.0256592
-4.33404e-008	0.0228027
-4.33154e-008	0.0171387
-4.32904e-008	0.0193359
-4.32654e-008	0.014917
-4.32404e-008	0.00749512
-4.32154e-008	0.019165
-4.31904e-008	0.0285156
-4.31654e-008	0.0187988
-4.31404e-008	0.0103272
-4.31154e-008	0.0161621
-4.30904e-008	0.029126
-4.30654e-008	0.0231445
-4.30404e-008	0.019751
-4.30154e-008	0.0254395
-4.29904e-008	0.0211182
-4.29654e-008	0.0255859
-4.29404e-008	0.0141113
-4.29154e-008	0.00183106
-4.28904e-008	0.023999
-4.28654e-008	0.0292969
-4.28404e-008	0.0134033
-4.28154e-008	0.0122803
-4.27904e-008	0.0223877
-4.27654e-008	0.0218262
-4.27404e-008	0.010083
-4.27154e-008	0.0148193
-4.26904e-008	0.023584
-4.26654e-008	0.0221191
-4.26404e-008	0.0247803
-4.26154e-008	0.0236816
-4.25904e-008	0.026416
-4.25654e-008	0.0279053
-4.25404e-008	0.00895997
-4.25154e-008	0.00532227
-4.24904e-008	0.0217041
-4.24654e-008	0.0217041
-4.24404e-008	0.0149414
-4.24154e-008	0.00930177
-4.23904e-008	0.0104248
-4.23654e-008	0.0222168
-4.23404e-008	0.0199707
-4.23154e-008	0.0189697
-4.22904e-008	0.0176514
-4.22654e-008	0.00932618
-4.22404e-008	0.0260254
-4.22154e-008	0.0302246
-4.21904e-008	0.0169678
-4.21654e-008	0.0194336
-4.21404e-008	0.0163818
-4.21154e-008	0.0182617
-4.20904e-008	0.0276123
-4.20654e-008	0.0327393
-4.20404e-008	0.0313965
-4.20154e-008	0.0146973
-4.19904e-008	0.00947266
-4.19654e-008	0.0223389
-4.19404e-008	0.0225586
-4.19154e-008	0.0097168
-4.18904e-008	0.0128174
-4.18654e-008	0.0292236
-4.18404e-008	0.0184815
-4.18154e-008	-0.00258788
-4.17904e-008	0.0163574
-4.17654e-008	0.0406006
-4.17404e-008	0.0296875
-4.17154e-008	0.0163086
-4.16904e-008	0.0199463
-4.16654e-008	0.0283691
-4.16404e-008	0.0331787
-4.16154e-008	0.0342774
-4.15904e-008	0.0266846
-4.15654e-008	0.011792
-4.15404e-008	0.00500489
-4.15154e-008	0.00895997
-4.14904e-008	0.0249024
-4.14654e-008	0.0273682
-4.14404e-008	0.0108887
-4.14154e-008	0.0175293
-4.13904e-008	0.0317627
-4.13654e-008	0.0332031
-4.13404e-008	0.0338135
-4.13154e-008	0.0225586
-4.12904e-008	0.0182373
-4.12654e-008	0.028833
-4.12404e-008	0.013794
-4.12154e-008	0.00166016
-4.11904e-008	0.0244385
-4.11654e-008	0.0268311
-4.11404e-008	0.00986329
-4.11154e-008	0.012207
-4.10904e-008	0.0218262
-4.10654e-008	0.0294434
-4.10404e-008	0.0153565
-4.10154e-008	0.0041504
-4.09904e-008	0.0301514
-4.09654e-008	0.0268555
-4.09404e-008	0.00336915
-4.09154e-008	0.0179443
-4.08904e-008	0.0239258
-4.08654e-008	0.0220459
-4.08404e-008	0.025415
-4.08154e-008	0.00227052
-4.07904e-008	0.00139161
-4.07654e-008	0.0256348
-4.07404e-008	0.0114258
-4.07154e-008	0.00466309
-4.06904e-008	0.0280029
-4.06654e-008	0.0233399
-4.06404e-008	0.0164307
-4.06154e-008	0.0217774
-4.05904e-008	0.0215576
-4.05654e-008	0.0322998
-4.05404e-008	0.0238037
-4.05154e-008	0.0134766
-4.04904e-008	0.0199707
-4.04654e-008	0.00793458
-4.04404e-008	0.0172607
-4.04154e-008	0.0293945
-4.03904e-008	0.0128174
-4.03654e-008	0.0162842
-4.03404e-008	0.0174316
-4.03154e-008	0.0128662
-4.02904e-008	0.016626
-4.02654e-008	0.00539552
-4.02404e-008	0.0161133
-4.02154e-008	0.0286377
-4.01904e-008	0.0185791
-4.01654e-008	0.0241455
-4.01404e-008	0.0163086
-4.01154e-008	0.00969239
-4.00904e-008	0.0225586
-4.00654e-008	0.0195801
-4.00404e-008	0.0176514
-4.00154e-008	0.021582
-3.99904e-008	0.0304443
-3.99654e-008	0.0320801
-3.99404e-008	0.0216797
-3.99154e-008	0.0216797
-3.98904e-008	0.0128418
-3.98654e-008	0.0198731
-3.98404e-008	0.0396973
-3.98154e-008	0.0244141
-3.97904e-008	0.0224365
-3.97654e-008	0.0318848
-3.97404e-008	0.0112061
-3.97154e-008	0.00625001
-3.96904e-008	0.0198242
-3.96654e-008	0.013916
-3.96404e-008	0.0101563
-3.96154e-008	0.0227295
-3.95904e-008	0.0171631
-3.95654e-008	0.00517579
-3.95404e-008	0.0228027
-3.95154e-008	0.0306397
-3.94904e-008	0.0191162
-3.94654e-008	0.0210938
-3.94404e-008	0.0125732
-3.94154e-008	0.00476075
-3.93904e-008	0.0180908
-3.93654e-008	0.0202881
-3.93404e-008	0.020044
-3.93154e-008	0.0291992
-3.92904e-008	0.0253418
-3.92654e-008	0.0165527
-3.92404e-008	0.025293
-3.92154e-008	0.0354492
-3.91904e-008	0.0216065
-3.91654e-008	0.010669
-3.91404e-008	0.0173584
-3.91154e-008	0.0164307
-3.90904e-008	0.0192871
-3.90654e-008	0.0294678
-3.90404e-008	0.0245117
-3.90154e-008	0.0172852
-3.89904e-008	0.0189941
-3.89654e-008	0.0155518
-3.89404e-008	0.0120361
-3.89154e-008	0.0175293
-3.88904e-008	0.0200928
-3.88654e-008	0.0159424
-3.88404e-008	0.00607911
-3.88154e-008	0.000878914
-3.87904e-008	0.0198242
-3.87654e-008	0.0333984
-3.87404e-008	0.0211182
-3.87154e-008	0.0175537
-3.86904e-008	0.0211914
-3.86654e-008	0.0114258
-3.86404e-008	0.00805665
-3.86154e-008	0.017041
-3.85904e-008	0.0260986
-3.85654e-008	0.0330811
-3.85404e-008	0.0265137
-3.85154e-008	0.0145752
-3.84904e-008	0.0177002
-3.84654e-008	0.0251709
-3.84404e-008	0.0135986
-3.84154e-008	0.00549317
-3.83904e-008	0.0254883
-3.83654e-008	0.0210449
-3.83404e-008	0.00400391
-3.83154e-008	0.0174072
-3.82904e-008	0.0206299
-3.82654e-008	0.0187256
-3.82404e-008	0.0152588
-3.82154e-008	0.00712891
-3.81904e-008	0.018335
-3.81654e-008	0.0181885
-3.81404e-008	0.00852052
-3.81154e-008	0.010669
-3.80904e-008	0.0153076
-3.80654e-008	0.0318115
-3.80404e-008	0.0354736
-3.80154e-008	0.0171631
-3.79904e-008	0.0166504
-3.79654e-008	0.0169434
-3.79404e-008	0.0119629
-3.79154e-008	0.026709
-3.78904e-008	0.0284912
-3.78654e-008	0.00700684
-3.78404e-008	0.000292976
-3.78154e-008	0.00844727
-3.77904e-008	0.0143555
-3.77654e-008	0.0199219
-3.77404e-008	0.017334
-3.77154e-008	0.0143311
-3.76904e-008	0.0236084
-3.76654e-008	0.0271973
-3.76404e-008	0.0222656
-3.76154e-008	0.0148193
-3.75904e-008	0.0204346
-3.75654e-008	0.0303467
-3.75404e-008	0.0182861
-3.75154e-008	0.0186035
-3.74904e-008	0.0190186
-3.74654e-008	0.00185548
-3.74404e-008	0.011499
-3.74154e-008	0.0147705
-3.73904e-008	0.00131837
-3.73654e-008	0.0161865
-3.73404e-008	0.0251953
-3.73154e-008	0.0122559
-3.72904e-008	0.00937501
-3.72654e-008	0.0158203
-3.72404e-008	0.0192627
-3.72154e-008	0.0154785
-3.71904e-008	0.0253906
-3.71654e-008	0.0407715
-3.71404e-008	0.0284668
-3.71154e-008	0.0192871
-3.70904e-008	0.0198486
-3.70654e-008	0.0163818
-3.70404e-008	0.0270264
-3.70154e-008	0.0184082
-3.69904e-008	0.00585938
-3.69654e-008	0.0310791
-3.69404e-008	0.0380859
-3.69154e-008	0.0234131
-3.68904e-008	0.0207031
-3.68654e-008	0.0170654
-3.68404e-008	0.0165283
-3.68154e-008	0.0140625
-3.67904e-008	0.0186035
-3.67654e-008	0.0324463
-3.67404e-008	0.0271484
-3.67154e-008	0.0122559
-3.66904e-008	0.00429688
-3.66654e-008	0.00578614
-3.66404e-008	0.0120117
-3.66154e-008	0.0225342
-3.65904e-008	0.0329346
-3.65654e-008	0.0145752
-3.65404e-008	-0.00256347
-3.65154e-008	0.0143555
-3.64904e-008	0.0225586
-3.64654e-008	0.0191406
-3.64404e-008	0.0253662
-3.64154e-008	0.0197266
-3.63904e-008	0.0164063
-3.63654e-008	0.026001
-3.63404e-008	0.0116211
-3.63154e-008	-0.000244133
-3.62904e-008	0.0124512
-3.62654e-008	0.0189941
-3.62404e-008	0.023169
-3.62154e-008	0.0181152
-3.61904e-008	0.0183106
-3.61654e-008	0.0314209
-3.61404e-008	0.0237549
-3.61154e-008	0.0153076
-3.60904e-008	0.0154785
-3.60654e-008	0.0160645
-3.60404e-008	0.0161133
-3.60154e-008	0.0144531
-3.59904e-008	0.0258545
-3.59654e-008	0.034082
-3.59404e-008	0.0259033
-3.59154e-008	0.0148682
-3.58904e-008	0.0161377
-3.58654e-008	0.0206543
-3.58404e-008	0.0131104
-3.58154e-008	0.0157715
-3.57904e-008	0.0269775
-3.57654e-008	0.0243164
-3.57404e-008	0.0186524
-3.57154e-008	0.024585
-3.56904e-008	0.0263672
-3.56654e-008	0.011084
-3.56404e-008	0.00881348
-3.56154e-008	0.0226807
-3.55904e-008	0.0238525
-3.55654e-008	0.0180664
-3.55404e-008	0.01875
-3.55154e-008	0.0222656
-3.54904e-008	0.0197022
-3.54654e-008	0.0188477
-3.54404e-008	0.0202881
-3.54154e-008	0.0123779
-3.53904e-008	0.0220215
-3.53654e-008	0.036084
-3.53404e-008	0.0236816
-3.53154e-008	0.0198975
-3.52904e-008	0.0214356
-3.52654e-008	0.0122559
-3.52404e-008	0.0131836
-3.52154e-008	0.0188721
-3.51904e-008	0.0148926
-3.51654e-008	0.00715333
-3.51404e-008	0.0144287
-3.51154e-008	0.0243164
-3.50904e-008	0.0216553
-3.50654e-008	0.027124
-3.50404e-008	0.0403076
-3.50154e-008	0.0271484
-3.49904e-008	0.00778809
-3.49654e-008	0.0240723
-3.49404e-008	0.0137695
-3.49154e-008	-0.00456542
-3.48904e-008	0.0231934
-3.48654e-008	0.0185791
-3.48404e-008	0.00939942
-3.48154e-008	0.0266358
-3.47904e-008	0.0278809
-3.47654e-008	0.0268066
-3.47404e-008	0.014209
-3.47154e-008	0.0179199
-3.46904e-008	0.0325684
-3.46654e-008	0.0129639
-3.46404e-008	0.00466309
-3.46154e-008	0.0155518
-3.45904e-008	0.0230713
-3.45654e-008	0.037207
-3.45404e-008	0.0352295
-3.45154e-008	0.0188721
-3.44904e-008	0.0194092
-3.44654e-008	0.0220215
-3.44404e-008	0.0250488
-3.44154e-008	0.0375488
-3.43904e-008	0.0267822
-3.43654e-008	0.00881348
-3.43404e-008	0.0157959
-3.43154e-008	0.0196533
-3.42904e-008	0.0155518
-3.42654e-008	0.0212647
-3.42404e-008	0.0263428
-3.42154e-008	0.0228027
-3.41904e-008	0.0227783
-3.41654e-008	0.0205811
-3.41404e-008	0.0105469
-3.41154e-008	0.0169922
-3.40904e-008	0.0222168
-3.40654e-008	0.0122803
-3.40404e-008	0.0151367
-3.40154e-008	0.0219238
-3.39904e-008	0.029834
-3.39654e-008	0.0321289
-3.39404e-008	0.0222412
-3.39154e-008	0.0253418
-3.38904e-008	0.0287842
-3.38654e-008	0.0234619
-3.38404e-008	0.0190918
-3.38154e-008	0.0153565
-3.37904e-008	0.0166016
-3.37654e-008	0.0167725
-3.37404e-008	0.0155029
-3.37154e-008	0.0202149
-3.36904e-008	0.0228027
-3.36654e-008	0.0175537
-3.36404e-008	0.0231201
-3.36154e-008	0.0330566
-3.35904e-008	0.0317139
-3.35654e-008	0.0328369
-3.35404e-008	0.0260254
-3.35154e-008	0.0156006
-3.34904e-008	0.0177002
-3.34654e-008	0.0144775
-3.34404e-008	0.00683595
-3.34154e-008	0.00964356
-3.33904e-008	0.0202393
-3.33654e-008	0.0235107
-3.33404e-008	0.0235107
-3.33154e-008	0.0249268
-3.32904e-008	0.019165
-3.32654e-008	0.0229248
-3.32404e-008	0.0182617
-3.32154e-008	0.00517579
-3.31904e-008	0.0282715
-3.31654e-008	0.0321777
-3.31404e-008	0.00507813
-3.31154e-008	0.0131592
-3.30904e-008	0.0198242
-3.30654e-008	0.0146484
-3.30404e-008	0.0270264
-3.30154e-008	0.0291016
-3.29904e-008	0.0294678
-3.29654e-008	0.0326904
-3.29404e-008	0.0248535
-3.29154e-008	0.030957
-3.28904e-008	0.0335205
-3.28654e-008	0.0181152
-3.28404e-008	0.0091797
-3.28154e-008	0.00454102
-3.27904e-008	0.0118408
-3.27654e-008	0.0272949
-3.27404e-008	0.0237549
-3.27154e-008	0.0157227
-3.26904e-008	0.0267334
-3.26654e-008	0.0323731
-3.26404e-008	0.0262695
-3.26154e-008	0.0252686
-3.25904e-008	0.0220947
-3.25654e-008	0.0203613
-3.25404e-008	0.0188477
-3.25154e-008	0.0186035
-3.24904e-008	0.0223877
-3.24654e-008	0.024707
-3.24404e-008	0.0250977
-3.24154e-008	0.0141846
-3.23904e-008	0.0131836
-3.23654e-008	0.0231201
-3.23404e-008	0.0246582
-3.23154e-008	0.0178223
-3.22904e-008	0.00581055
-3.22654e-008	0.0170166
-3.22404e-008	0.0267822
-3.22154e-008	0.0177002
-3.21904e-008	0.0239502
-3.21654e-008	0.0216065
-3.21404e-008	0.008667
-3.21154e-008	0.0138916
-3.20904e-008	0.0204346
-3.20654e-008	0.0179199
-3.20404e-008	0.0164551
-3.20154e-008	0.0241699
-3.19904e-008	0.0382813
-3.19654e-008	0.0337158
-3.19404e-008	0.0111572
-3.19154e-008	0.0104004
-3.18904e-008	0.0188232
-3.18654e-008	0.0127441
-3.18404e-008	0.0198975
-3.18154e-008	0.0252441
-3.17904e-008	0.0152344
-3.17654e-008	0.0203857
-3.17404e-008	0.0249756
-3.17154e-008	0.0216797
-3.16904e-008	0.0236572
-3.16654e-008	0.0226563
-3.16404e-008	0.0253418
-3.16154e-008	0.0249268
-3.15904e-008	0.0219971
-3.15654e-008	0.0202881
-3.15404e-008	0.0109863
-3.15154e-008	0.0131348
-3.14904e-008	0.0181885
-3.14654e-008	0.0197022
-3.14404e-008	0.0295654
-3.14154e-008	0.022583
-3.13904e-008	0.00395509
-3.13654e-008	0.00507813
-3.13404e-008	0.0177002
-3.13154e-008	0.0205811
-3.12904e-008	0.0108399
-3.12654e-008	0.00959473
-3.12404e-008	0.0241211
-3.12154e-008	0.030542
-3.11904e-008	0.0295899
-3.11654e-008	0.0267334
-3.11404e-008	0.0206299
-3.11154e-008	0.0270996
-3.10904e-008	0.02854
-3.10654e-008	0.0108643
-3.10404e-008	0.00515137
-3.10154e-008	0.0142822
-3.09904e-008	0.0167481
-3.09654e-008	0.0251465
-3.09404e-008	0.0315186
-3.09154e-008	0.017041
-3.08904e-008	0.0224121
-3.08654e-008	0.038501
-3.08404e-008	0.0191162
-3.08154e-008	0.00563966
-3.07904e-008	0.0177002
-3.07654e-008	0.0148682
-3.07404e-008	0.00830079
-3.07154e-008	0.0213867
-3.06904e-008	0.0255127
-3.06654e-008	0.0126709
-3.06404e-008	0.018335
-3.06154e-008	0.0332031
-3.05904e-008	0.0344483
-3.05654e-008	0.0305664
-3.05404e-008	0.0131836
-3.05154e-008	0.00510255
-3.04904e-008	0.0202149
-3.04654e-008	0.0281006
-3.04404e-008	0.0288086
-3.04154e-008	0.0198486
-3.03904e-008	0.0172363
-3.03654e-008	0.0248535
-3.03404e-008	0.0184082
-3.03154e-008	0.0168701
-3.02904e-008	0.0179688
-3.02654e-008	0.0183838
-3.02404e-008	0.0229492
-3.02154e-008	0.0250244
-3.01904e-008	0.0322266
-3.01654e-008	0.0295654
-3.01404e-008	0.0207031
-3.01154e-008	0.020459
-3.00904e-008	0.0216797
-3.00654e-008	0.0237793
-3.00404e-008	0.0157471
-3.00154e-008	0.00458985
-2.99904e-008	0.0163086
-2.99654e-008	0.0330322
-2.99404e-008	0.0254395
-2.99154e-008	0.0164063
-2.98904e-008	0.0206055
-2.98654e-008	0.0220703
-2.98404e-008	0.0258789
-2.98154e-008	0.0246338
-2.97904e-008	0.023584
-2.97654e-008	0.0352539
-2.97404e-008	0.026294
-2.97154e-008	0.0137695
-2.96904e-008	0.0178711
-2.96654e-008	0.0148438
-2.96404e-008	0.0216553
-2.96154e-008	0.0303711
-2.95904e-008	0.027832
-2.95654e-008	0.0163574
-2.95404e-008	0.00239259
-2.95154e-008	0.019751
-2.94904e-008	0.0320313
-2.94654e-008	0.0225098
-2.94404e-008	0.0223389
-2.94154e-008	0.0176758
-2.93904e-008	0.0239014
-2.93654e-008	0.0243408
-2.93404e-008	0.0103027
-2.93154e-008	0.0224121
-2.92904e-008	0.0317383
-2.92654e-008	0.0303223
-2.92404e-008	0.0345703
-2.92154e-008	0.0230957
-2.91904e-008	0.0145752
-2.91654e-008	0.0244141
-2.91404e-008	0.0231201
-2.91154e-008	0.0172607
-2.90904e-008	0.0203613
-2.90654e-008	0.0198242
-2.90404e-008	0.0268555
-2.90154e-008	0.0292481
-2.89904e-008	0.0292481
-2.89654e-008	0.0345459
-2.89404e-008	0.015332
-2.89154e-008	0.0149902
-2.88904e-008	0.0309815
-2.88654e-008	0.0177979
-2.88404e-008	0.0143311
-2.88154e-008	0.0176025
-2.87904e-008	0.0183838
-2.87654e-008	0.0243897
-2.87404e-008	0.0186768
-2.87154e-008	0.0155274
-2.86904e-008	0.0208496
-2.86654e-008	0.0233643
-2.86404e-008	0.0203125
-2.86154e-008	0.0166504
-2.85904e-008	0.0188232
-2.85654e-008	0.0189209
-2.85404e-008	0.00734864
-2.85154e-008	0.00566407
-2.84904e-008	0.0182617
-2.84654e-008	0.01604
-2.84404e-008	0.0148682
-2.84154e-008	0.0209961
-2.83904e-008	0.0260742
-2.83654e-008	0.0281738
-2.83404e-008	0.01604
-2.83154e-008	0.0168457
-2.82904e-008	0.0216797
-2.82654e-008	0.0125488
-2.82404e-008	0.014624
-2.82154e-008	0.0189697
-2.81904e-008	0.0105225
-2.81654e-008	0.00722657
-2.81404e-008	0.0140625
-2.81154e-008	0.0129883
-2.80904e-008	0.0231445
-2.80654e-008	0.0385498
-2.80404e-008	0.0269043
-2.80154e-008	0.0178955
-2.79904e-008	0.0198975
-2.79654e-008	0.0179199
-2.79404e-008	0.0176025
-2.79154e-008	0.0215576
-2.78904e-008	0.0223389
-2.78654e-008	0.0198486
-2.78404e-008	0.0304932
-2.78154e-008	0.0269775
-2.77904e-008	0.0145996
-2.77654e-008	0.0290527
-2.77404e-008	0.027124
-2.77154e-008	0.0229492
-2.76904e-008	0.0390625
-2.76654e-008	0.0261963
-2.76404e-008	0.0164307
-2.76154e-008	0.0246582
-2.75904e-008	0.0180664
-2.75654e-008	0.0122559
-2.75404e-008	0.0111328
-2.75154e-008	0.0138672
-2.74904e-008	0.00517579
-2.74654e-008	0.00541993
-2.74404e-008	0.0291748
-2.74154e-008	0.0211914
-2.73904e-008	0.00795899
-2.73654e-008	0.00812989
-2.73404e-008	0.00805665
-2.73154e-008	0.0268555
-2.72904e-008	0.0286377
-2.72654e-008	0.0254883
-2.72404e-008	0.0309082
-2.72154e-008	0.0189941
-2.71904e-008	0.0179199
-2.71654e-008	0.0208496
-2.71404e-008	0.0162842
-2.71154e-008	0.0214356
-2.70904e-008	0.0213867
-2.70654e-008	0.0212402
-2.70404e-008	0.0315186
-2.70154e-008	0.0197266
-2.69904e-008	0.00578614
-2.69654e-008	0.0177246
-2.69404e-008	0.013208
-2.69154e-008	0.0130127
-2.68904e-008	0.033667
-2.68654e-008	0.0344483
-2.68404e-008	0.0265869
-2.68154e-008	0.0128418
-2.67904e-008	-0.00251464
-2.67654e-008	0.00822755
-2.67404e-008	0.0250977
-2.67154e-008	0.0235107
-2.66904e-008	0.0123535
-2.66654e-008	0.00991212
-2.66404e-008	0.0278076
-2.66154e-008	0.0298584
-2.65904e-008	0.0166992
-2.65654e-008	0.0334961
-2.65404e-008	0.0356201
-2.65154e-008	0.0209717
-2.64904e-008	0.0297608
-2.64654e-008	0.0278076
-2.64404e-008	0.0165527
-2.64154e-008	0.0205811
-2.63904e-008	0.0248779
-2.63654e-008	0.00910645
-2.63404e-008	0.00566407
-2.63154e-008	0.0322266
-2.62904e-008	0.0363037
-2.62654e-008	0.0206299
-2.62404e-008	0.0132568
-2.62154e-008	0.0108643
-2.61904e-008	0.0200195
-2.61654e-008	0.025415
-2.61404e-008	0.020166
-2.61154e-008	0.0257568
-2.60904e-008	0.0279297
-2.60654e-008	0.0255615
-2.60404e-008	0.0294678
-2.60154e-008	0.0198731
-2.59904e-008	0.0184326
-2.59654e-008	0.0248047
-2.59404e-008	0.016919
-2.59154e-008	0.0164551
-2.58904e-008	0.0134766
-2.58654e-008	0.00976563
-2.58404e-008	0.01875
-2.58154e-008	0.0167725
-2.57904e-008	0.00527345
-2.57654e-008	0.00549317
-2.57404e-008	0.0160156
-2.57154e-008	0.0275635
-2.56904e-008	0.0278076
-2.56654e-008	0.0172852
-2.56404e-008	0.0164795
-2.56154e-008	0.012207
-2.55904e-008	0.0143311
-2.55654e-008	0.031543
-2.55404e-008	0.0228272
-2.55154e-008	0.0157227
-2.54904e-008	0.0213379
-2.54654e-008	0.0104248
-2.54404e-008	0.00876466
-2.54154e-008	0.0109131
-2.53904e-008	0.00778809
-2.53654e-008	0.017627
-2.53404e-008	0.0183106
-2.53154e-008	0.00825196
-2.52904e-008	0.0175049
-2.52654e-008	0.0231445
-2.52404e-008	0.0150635
-2.52154e-008	0.0226807
-2.51904e-008	0.0278076
-2.51654e-008	0.0196045
-2.51404e-008	0.0131836
-2.51154e-008	0.0138184
-2.50904e-008	0.0293945
-2.50654e-008	0.0372315
-2.50404e-008	0.025415
-2.50154e-008	0.0160889
-2.49904e-008	0.0230469
-2.49654e-008	0.0373291
-2.49404e-008	0.0274414
-2.49154e-008	0.0145752
-2.48904e-008	0.0205078
-2.48654e-008	0.0161865
-2.48404e-008	0.0216797
-2.48154e-008	0.0313721
-2.47904e-008	0.0221436
-2.47654e-008	0.0211426
-2.47404e-008	0.0157715
-2.47154e-008	0.0106445
-2.46904e-008	0.0150879
-2.46654e-008	0.00803223
-2.46404e-008	0.013794
-2.46154e-008	0.0253906
-2.45904e-008	0.0197266
-2.45654e-008	0.0145508
-2.45404e-008	0.0144287
-2.45154e-008	0.0192627
-2.44904e-008	0.0212647
-2.44654e-008	0.0145264
-2.44404e-008	0.0155029
-2.44154e-008	0.025293
-2.43904e-008	0.0323242
-2.43654e-008	0.0345703
-2.43404e-008	0.0281983
-2.43154e-008	0.0160889
-2.42904e-008	0.0124756
-2.42654e-008	0.0103516
-2.42404e-008	0.0065918
-2.42154e-008	0.0136475
-2.41904e-008	0.0260254
-2.41654e-008	0.0325195
-2.41404e-008	0.0245606
-2.41154e-008	0.0202637
-2.40904e-008	0.0221924
-2.40654e-008	0.0104492
-2.40404e-008	0.013501
-2.40154e-008	0.0244873
-2.39904e-008	0.0259766
-2.39654e-008	0.025415
-2.39404e-008	0.011084
-2.39154e-008	0.0147949
-2.38904e-008	0.0227783
-2.38654e-008	0.0124512
-2.38404e-008	0.022168
-2.38154e-008	0.0226074
-2.37904e-008	0.0111816
-2.37654e-008	0.0145996
-2.37404e-008	0.0111816
-2.37154e-008	0.0164063
-2.36904e-008	0.028833
-2.36654e-008	0.0296875
-2.36404e-008	0.029541
-2.36154e-008	0.0192383
-2.35904e-008	0.0176758
-2.35654e-008	0.0363281
-2.35404e-008	0.031958
-2.35154e-008	0.0152344
-2.34904e-008	0.0109131
-2.34654e-008	0.0161621
-2.34404e-008	0.0311035
-2.34154e-008	0.0276611
-2.33904e-008	0.0165527
-2.33654e-008	0.0181397
-2.33404e-008	0.0117188
-2.33154e-008	0.00942384
-2.32904e-008	0.0196777
-2.32654e-008	0.0225586
-2.32404e-008	0.00231934
-2.32154e-008	-0.00681152
-2.31904e-008	0.0249268
-2.31654e-008	0.0320557
-2.31404e-008	0.0139893
-2.31154e-008	0.0199951
-2.30904e-008	0.0201416
-2.30654e-008	0.0165527
-2.30404e-008	0.0209717
-2.30154e-008	0.022876
-2.29904e-008	0.0276856
-2.29654e-008	0.0245361
-2.29404e-008	0.0189209
-2.29154e-008	0.0179443
-2.28904e-008	0.0222656
-2.28654e-008	0.0375244
-2.28404e-008	0.0366211
-2.28154e-008	0.0136475
-2.27904e-008	0.0150147
-2.27654e-008	0.0351563
-2.27404e-008	0.030249
-2.27154e-008	0.0204102
-2.26904e-008	0.0183838
-2.26654e-008	0.0167481
-2.26404e-008	0.0224365
-2.26154e-008	0.0199463
-2.25904e-008	0.0174805
-2.25654e-008	0.0141602
-2.25404e-008	0.00500489
-2.25154e-008	0.0199219
-2.24904e-008	0.032544
-2.24654e-008	0.0171143
-2.24404e-008	0.0104981
-2.24154e-008	0.0167969
-2.23904e-008	0.0261719
-2.23654e-008	0.0323242
-2.23404e-008	0.0139404
-2.23154e-008	0.00556641
-2.22904e-008	0.0220703
-2.22654e-008	0.0280274
-2.22404e-008	0.0116943
-2.22154e-008	-0.0133789
-2.21904e-008	0.0104736
-2.21654e-008	0.048291
-2.21404e-008	0.0241211
-2.21154e-008	0.00771485
-2.20904e-008	0.0205566
-2.20654e-008	0.0243164
-2.20404e-008	0.0365723
-2.20154e-008	0.0351807
-2.19904e-008	0.0248291
-2.19654e-008	0.0261719
-2.19404e-008	0.0161621
-2.19154e-008	0.0208984
-2.18904e-008	0.0301514
-2.18654e-008	0.0188965
-2.18404e-008	0.0262695
-2.18154e-008	0.0341797
-2.17904e-008	0.0266846
-2.17654e-008	0.0199951
-2.17404e-008	0.011084
-2.17154e-008	0.013916
-2.16904e-008	0.0189697
-2.16654e-008	0.0137451
-2.16404e-008	0.00776368
-2.16154e-008	0.0126221
-2.15904e-008	0.0277588
-2.15654e-008	0.0275147
-2.15404e-008	0.0149658
-2.15154e-008	0.0116211
-2.14904e-008	0.0130859
-2.14654e-008	0.0139649
-2.14404e-008	0.0169678
-2.14154e-008	0.0224854
-2.13904e-008	0.0330322
-2.13654e-008	0.0266846
-2.13404e-008	-0.00124511
-2.13154e-008	-0.000390618
-2.12904e-008	0.0174561
-2.12654e-008	0.0221436
-2.12404e-008	0.0318604
-2.12154e-008	0.0293945
-2.11904e-008	0.0292481
-2.11654e-008	0.0375733
-2.11404e-008	0.0114746
-2.11154e-008	0.00141602
-2.10904e-008	0.0241699
-2.10654e-008	0.0214111
-2.10404e-008	0.00820313
-2.10154e-008	0.00722657
-2.09904e-008	0.0191162
-2.09654e-008	0.023877
-2.09404e-008	0.0123535
-2.09154e-008	0.0101563
-2.08904e-008	0.00864259
-2.08654e-008	0.0164307
-2.08404e-008	0.0213623
-2.08154e-008	0.00444337
-2.07904e-008	0.0119385
-2.07654e-008	0.032959
-2.07404e-008	0.037207
-2.07154e-008	0.0354004
-2.06904e-008	0.0331543
-2.06654e-008	0.0301025
-2.06404e-008	0.0193115
-2.06154e-008	0.0134277
-2.05904e-008	0.0143799
-2.05654e-008	0.0072754
-2.05404e-008	0.00446778
-2.05154e-008	0.0140625
-2.04904e-008	0.0187012
-2.04654e-008	0.017334
-2.04404e-008	0.0230469
-2.04154e-008	0.0256104
-2.03904e-008	0.0246094
-2.03654e-008	0.0221436
-2.03404e-008	0.0130371
-2.03154e-008	0.0135254
-2.02904e-008	0.0222656
-2.02654e-008	0.0278076
-2.02404e-008	0.0253906
-2.02154e-008	0.0174072
-2.01904e-008	0.0212647
-2.01654e-008	0.0249024
-2.01404e-008	0.0164551
-2.01154e-008	0.0189209
-2.00904e-008	0.0284668
-2.00654e-008	0.0206543
-2.00404e-008	0.012207
-2.00154e-008	0.0165283
-1.99904e-008	0.0164551
-1.99654e-008	0.024292
-1.99404e-008	0.0321533
-1.99154e-008	0.0179443
-1.98904e-008	0.0208984
-1.98654e-008	0.0381592
-1.98404e-008	0.0303711
-1.98154e-008	0.0248535
-1.97904e-008	0.0299072
-1.97654e-008	0.0197754
-1.97404e-008	0.00454102
-1.97154e-008	0.00695802
-1.96904e-008	0.0203369
-1.96654e-008	0.0203369
-1.96404e-008	0.0151611
-1.96154e-008	0.0144775
-1.95904e-008	0.0209473
-1.95654e-008	0.0239258
-1.95404e-008	0.00473634
-1.95154e-008	0.00910645
-1.94904e-008	0.027124
-1.94654e-008	0.015332
-1.94404e-008	0.0132813
-1.94154e-008	0.0196777
-1.93904e-008	0.0175781
-1.93654e-008	0.0191895
-1.93404e-008	0.0193848
-1.93154e-008	0.0227051
-1.92904e-008	0.0207764
-1.92654e-008	0.0130371
-1.92404e-008	0.0165772
-1.92154e-008	0.0238281
-1.91904e-008	0.023291
-1.91654e-008	0.0195068
-1.91404e-008	0.0239502
-1.91154e-008	0.0289307
-1.90904e-008	0.0290772
-1.90654e-008	0.0191406
-1.90404e-008	0.00319825
-1.90154e-008	0.0115967
-1.89904e-008	0.0194824
-1.89654e-008	0.0221924
-1.89404e-008	0.0368652
-1.89154e-008	0.0271484
-1.88904e-008	0.0174561
-1.88654e-008	0.0282959
-1.88404e-008	0.0342041
-1.88154e-008	0.0228027
-1.87904e-008	0.00461427
-1.87654e-008	0.0191162
-1.87404e-008	0.034375
-1.87154e-008	0.0226807
-1.86904e-008	0.0180908
-1.86654e-008	0.0201172
-1.86404e-008	0.0215332
-1.86154e-008	0.0188965
-1.85904e-008	0.0177246
-1.85654e-008	0.0229004
-1.85404e-008	0.0173828
-1.85154e-008	0.0108399
-1.84904e-008	0.0202149
-1.84654e-008	0.0249512
-1.84404e-008	0.0220703
-1.84154e-008	0.0237305
-1.83904e-008	0.019043
-1.83654e-008	0.020752
-1.83404e-008	0.021875
-1.83154e-008	0.0131104
-1.82904e-008	0.0239746
-1.82654e-008	0.0266846
-1.82404e-008	0.0184326
-1.82154e-008	0.0265381
-1.81904e-008	0.028833
-1.81654e-008	0.0265625
-1.81404e-008	0.0178711
-1.81154e-008	0.0141602
-1.80904e-008	0.0265869
-1.80654e-008	0.0262695
-1.80404e-008	0.0265625
-1.80154e-008	0.0288574
-1.79904e-008	0.0170654
-1.79654e-008	0.0155762
-1.79404e-008	0.0188477
-1.79154e-008	0.0134033
-1.78904e-008	0.0157227
-1.78654e-008	0.0168701
-1.78404e-008	0.00822755
-1.78154e-008	0.00356446
-1.77904e-008	0.0108643
-1.77654e-008	0.0227295
-1.77404e-008	0.0255615
-1.77154e-008	0.0242188
-1.76904e-008	0.0138428
-1.76654e-008	0.0090088
-1.76404e-008	0.020044
-1.76154e-008	0.0198975
-1.75904e-008	0.0255127
-1.75654e-008	0.0277588
-1.75404e-008	0.020044
-1.75154e-008	0.0238037
-1.74904e-008	0.0194336
-1.74654e-008	0.0222656
-1.74404e-008	0.0188965
-1.74154e-008	0.00446778
-1.73904e-008	0.0199463
-1.73654e-008	0.0275391
-1.73404e-008	0.0124756
-1.73154e-008	0.00942384
-1.72904e-008	0.0202393
-1.72654e-008	0.0297852
-1.72404e-008	0.0218262
-1.72154e-008	0.0169922
-1.71904e-008	0.0278809
-1.71654e-008	0.0217774
-1.71404e-008	0.0104981
-1.71154e-008	0.0201172
-1.70904e-008	0.0238037
-1.70654e-008	0.0210205
-1.70404e-008	0.0232422
-1.70154e-008	0.0227539
-1.69904e-008	0.0268555
-1.69654e-008	0.0210693
-1.69404e-008	0.0143555
-1.69154e-008	0.0256104
-1.68904e-008	0.0207764
-1.68654e-008	0.0142578
-1.68404e-008	0.0231201
-1.68154e-008	0.0183106
-1.67904e-008	0.0195313
-1.67654e-008	0.0261231
-1.67404e-008	0.0181885
-1.67154e-008	0.0161377
-1.66904e-008	0.0186524
-1.66654e-008	0.0188965
-1.66404e-008	0.0145508
-1.66154e-008	0.0103516
-1.65904e-008	0.0252441
-1.65654e-008	0.0314697
-1.65404e-008	0.0171631
-1.65154e-008	0.0186279
-1.64904e-008	0.020459
-1.64654e-008	0.0129883
-1.64404e-008	0.0272949
-1.64154e-008	0.0462891
-1.63904e-008	0.0428711
-1.63654e-008	0.0320313
-1.63404e-008	0.02771
-1.63154e-008	0.023877
-1.62904e-008	0.0156982
-1.62654e-008	0.014209
-1.62404e-008	0.0254883
-1.62154e-008	0.0282715
-1.61904e-008	0.0203125
-1.61654e-008	0.016919
-1.61404e-008	0.0169922
-1.61154e-008	0.0223877
-1.60904e-008	0.0212891
-1.60654e-008	0.0161377
-1.60404e-008	0.0179199
-1.60154e-008	0.0167725
-1.59904e-008	0.0182373
-1.59654e-008	0.0144043
-1.59404e-008	0.0135986
-1.59154e-008	0.0267822
-1.58904e-008	0.0181397
-1.58654e-008	0.00981446
-1.58404e-008	0.0222656
-1.58154e-008	0.0199463
-1.57904e-008	0.0202881
-1.57654e-008	0.0269775
-1.57404e-008	0.0194824
-1.57154e-008	0.019458
-1.56904e-008	0.0205322
-1.56654e-008	0.00961915
-1.56404e-008	0.0137207
-1.56154e-008	0.023584
-1.55904e-008	0.0192383
-1.55654e-008	0.022168
-1.55404e-008	0.0185791
-1.55154e-008	0.00366212
-1.54904e-008	0.0153076
-1.54654e-008	0.0315674
-1.54404e-008	0.0179932
-1.54154e-008	0.0107422
-1.53904e-008	0.026709
-1.53654e-008	0.024292
-1.53404e-008	0.017749
-1.53154e-008	0.0151856
-1.52904e-008	0.000708015
-1.52654e-008	0.0131348
-1.52404e-008	0.0234619
-1.52154e-008	0.0123291
-1.51904e-008	0.0227539
-1.51654e-008	0.0263184
-1.51404e-008	0.0131104
-1.51154e-008	0.0160889
-1.50904e-008	0.0215332
-1.50654e-008	0.0169434
-1.50404e-008	0.0248291
-1.50154e-008	0.0347412
-1.49904e-008	0.0286377
-1.49654e-008	0.0230225
-1.49404e-008	0.018335
-1.49154e-008	0.0145752
-1.48904e-008	0.0162354
-1.48654e-008	0.0250733
-1.48404e-008	0.028833
-1.48154e-008	0.0181152
-1.47904e-008	0.024707
-1.47654e-008	0.0233154
-1.47404e-008	0.00698243
-1.47154e-008	0.0218506
-1.46904e-008	0.020752
-1.46654e-008	0.00842286
-1.46404e-008	0.0152832
-1.46154e-008	0.00749512
-1.45904e-008	0.0202149
-1.45654e-008	0.0379639
-1.45404e-008	0.0277832
-1.45154e-008	0.0281738
-1.44904e-008	0.0252686
-1.44654e-008	0.0177979
-1.44404e-008	0.019458
-1.44154e-008	0.0140869
-1.43904e-008	0.0112305
-1.43654e-008	0.01604
-1.43404e-008	0.0174072
-1.43154e-008	0.0160156
-1.42904e-008	0.0188232
-1.42654e-008	0.0208496
-1.42404e-008	0.0119141
-1.42154e-008	0.00578614
-1.41904e-008	0.0203613
-1.41654e-008	0.0359375
-1.41404e-008	0.023584
-1.41154e-008	0.00781251
-1.40904e-008	0.0179199
-1.40654e-008	0.0256348
-1.40404e-008	0.0277344
-1.40154e-008	0.0241943
-1.39904e-008	0.00627442
-1.39654e-008	0.0183106
-1.39404e-008	0.0333496
-1.39154e-008	0.0236816
-1.38904e-008	0.0208252
-1.38654e-008	0.0119385
-1.38404e-008	0.0159668
-1.38154e-008	0.0312256
-1.37904e-008	0.0254639
-1.37654e-008	0.0132324
-1.37404e-008	0.0158447
-1.37154e-008	0.0344238
-1.36904e-008	0.0370117
-1.36654e-008	0.0297119
-1.36404e-008	0.0183594
-1.36154e-008	-0.000610344
-1.35904e-008	0.0113281
-1.35654e-008	0.0301514
-1.35404e-008	0.0244385
-1.35154e-008	0.017041
-1.34904e-008	0.0230469
-1.34654e-008	0.0305908
-1.34404e-008	0.0178711
-1.34154e-008	0.00561524
-1.33904e-008	0.0190186
-1.33654e-008	0.0371338
-1.33404e-008	0.0239258
-1.33154e-008	0.00488282
-1.32904e-008	0.0196533
-1.32654e-008	0.0182861
-1.32404e-008	0.00476075
-1.32154e-008	0.0213867
-1.31904e-008	0.027832
-1.31654e-008	0.0288086
-1.31404e-008	0.0360352
-1.31154e-008	0.0206543
-1.30904e-008	0.0135498
-1.30654e-008	0.0229981
-1.30404e-008	0.0194092
-1.30154e-008	0.019043
-1.29904e-008	0.0263916
-1.29654e-008	0.0304932
-1.29404e-008	0.0260742
-1.29154e-008	0.0158447
-1.28904e-008	0.0184082
-1.28654e-008	0.00957032
-1.28404e-008	-0.00585937
-1.28154e-008	0.00930177
-1.27904e-008	0.0280274
-1.27654e-008	0.0267822
-1.27404e-008	0.0118652
-1.27154e-008	0.00878907
-1.26904e-008	0.0250733
-1.26654e-008	0.0214111
-1.26404e-008	0.00388184
-1.26154e-008	0.0071045
-1.25904e-008	0.0142334
-1.25654e-008	0.00927735
-1.25404e-008	0.0147217
-1.25154e-008	0.0228027
-1.24904e-008	0.0188721
-1.24654e-008	0.0210449
-1.24404e-008	0.0183838
-1.24154e-008	0.008667
-1.23904e-008	0.0202881
-1.23654e-008	0.0322754
-1.23404e-008	0.0216065
-1.23154e-008	0.0178711
-1.22904e-008	0.0250244
-1.22654e-008	0.0170654
-1.22404e-008	0.00791016
-1.22154e-008	0.0154541
-1.21904e-008	0.0278565
-1.21654e-008	0.0311768
-1.21404e-008	0.0142334
-1.21154e-008	0.000512703
-1.20904e-008	0.0111328
-1.20654e-008	0.0129395
-1.20404e-008	0.0123535
-1.20154e-008	0.0209717
-1.19904e-008	0.0179199
-1.19654e-008	0.0218018
-1.19404e-008	0.0269775
-1.19154e-008	0.0151123
-1.18904e-008	0.00476075
-1.18654e-008	0.00981446
-1.18404e-008	0.0238525
-1.18154e-008	0.025708
-1.17904e-008	0.0200195
-1.17654e-008	0.0183594
-1.17404e-008	0.0161865
-1.17154e-008	0.0213379
-1.16904e-008	0.0257813
-1.16654e-008	0.0241943
-1.16404e-008	0.0275879
-1.16154e-008	0.0176514
-1.15904e-008	0.00930177
-1.15654e-008	0.0224854
-1.15404e-008	0.0211182
-1.15154e-008	0.0156494
-1.14904e-008	0.0219482
-1.14654e-008	0.0264893
-1.14404e-008	0.0334473
-1.14154e-008	0.018457
-1.13904e-008	0.00925294
-1.13654e-008	0.0265869
-1.13404e-008	0.0164307
-1.13154e-008	0.0171631
-1.12904e-008	0.0337402
-1.12654e-008	0.0146729
-1.12404e-008	0.0121826
-1.12154e-008	0.0209229
-1.11904e-008	0.0189453
-1.11654e-008	0.0316895
-1.11404e-008	0.0293457
-1.11154e-008	0.0242188
-1.10904e-008	0.0223877
-1.10654e-008	0.0076172
-1.10404e-008	0.0111816
-1.10154e-008	0.0166504
-1.09904e-008	0.00839845
-1.09654e-008	0.00842286
-1.09404e-008	0.0144531
-1.09154e-008	0.0120361
-1.08904e-008	0.0123291
-1.08654e-008	0.0222412
-1.08404e-008	0.0151367
-1.08154e-008	0.00688477
-1.07904e-008	0.01604
-1.07654e-008	0.0202393
-1.07404e-008	0.0145752
-1.07154e-008	0.0104981
-1.06904e-008	0.0184082
-1.06654e-008	0.0220459
-1.06404e-008	0.0152344
-1.06154e-008	0.0193848
-1.05904e-008	0.0247803
-1.05654e-008	0.0174805
-1.05404e-008	0.0159424
-1.05154e-008	0.0144531
-1.04904e-008	0.00720216
-1.04654e-008	0.0153809
-1.04404e-008	0.0219727
-1.04154e-008	0.0264404
-1.03904e-008	0.0246826
-1.03654e-008	0.00834962
-1.03404e-008	0.016333
-1.03154e-008	0.0227051
-1.02904e-008	0.0195557
-1.02654e-008	0.0345459
-1.02404e-008	0.0310547
-1.02154e-008	0.0162109
-1.01904e-008	0.0242432
-1.01654e-008	0.0345215
-1.01404e-008	0.0256104
-1.01154e-008	0.0153565
-1.00904e-008	0.0159668
-1.00654e-008	0.0246826
-1.00404e-008	0.0223389
-1.00154e-008	0.00371095
-9.990397e-009	0.0118897
-9.965397e-009	0.0256348
-9.940397e-009	0.0182373
-9.915397e-009	0.0209473
-9.890397e-009	0.0207031
-9.865397e-009	0.0121094
-9.840397e-009	0.0163574
-9.815397e-009	0.0245117
-9.790397e-009	0.0209717
-9.765397e-009	0.0166748
-9.740397e-009	0.017627
-9.715397e-009	0.0207764
-9.690397e-009	0.0287109
-9.665397e-009	0.0229248
-9.640397e-009	0.0158447
-9.615397e-009	0.0187988
-9.590397e-009	0.0182861
-9.565397e-009	0.0186768
-9.540397e-009	0.0117676
-9.515397e-009	0.0146729
-9.490397e-009	0.0174072
-9.465397e-009	0.0091797
-9.440397e-009	0.0246094
-9.415397e-009	0.0324707
-9.390397e-009	0.027002
-9.365397e-009	0.0228272
-9.340397e-009	0.0145752
-9.315397e-009	0.0246338
-9.290397e-009	0.0260254
-9.265397e-009	0.0200928
-9.240397e-009	0.0280762
-9.215397e-009	0.0217285
-9.190397e-009	0.0189209
-9.165397e-009	0.0320557
-9.140397e-009	0.0250244
-9.115397e-009	0.0137451
-9.090397e-009	0.021582
-9.065397e-009	0.0158203
-9.040397e-009	0.0119873
-9.015397e-009	0.0243408
-8.990397e-009	0.0187256
-8.965397e-009	0.014502
-8.940397e-009	0.0233154
-8.915397e-009	0.0275879
-8.890397e-009	0.0271484
-8.865397e-009	0.0300293
-8.840397e-009	0.0378662
-8.815397e-009	0.0300293
-8.790397e-009	0.015625
-8.765397e-009	0.0199707
-8.740397e-009	0.0265625
-8.715397e-009	0.0126221
-8.690397e-009	0.00288087
-8.665397e-009	0.0177979
-8.640397e-009	0.0225342
-8.615397e-009	0.0217041
-8.590397e-009	0.0268311
-8.565397e-009	0.0114746
-8.540397e-009	0.0100586
-8.515397e-009	0.0238037
-8.490397e-009	0.0191895
-8.465397e-009	0.0220703
-8.440397e-009	0.0213379
-8.415397e-009	0.0129883
-8.390397e-009	0.0251953
-8.365397e-009	0.0380859
-8.340397e-009	0.0317627
-8.315397e-009	0.0190186
-8.290397e-009	0.0155518
-8.265397e-009	0.0164063
-8.240397e-009	0.0233154
-8.215397e-009	0.0255859
-8.190397e-009	0.0202881
-8.165397e-009	0.0254883
-8.140397e-009	0.0175293
-8.115397e-009	0.0144043
-8.090397e-009	0.0254395
-8.065397e-009	0.0222656
-8.040397e-009	0.0224609
-8.015397e-009	0.0145996
-7.990397e-009	0.0159424
-7.965397e-009	0.0336914
-7.940397e-009	0.0240479
-7.915397e-009	0.0194092
-7.890397e-009	0.0241455
-7.865397e-009	0.0157471
-7.840397e-009	0.0229981
-7.815397e-009	0.0298828
-7.790397e-009	0.0266358
-7.765397e-009	0.0249756
-7.740397e-009	0.00810548
-7.715397e-009	0.00285645
-7.690397e-009	0.0230957
-7.665397e-009	0.0359863
-7.640397e-009	0.0373047
-7.615397e-009	0.0329346
-7.590397e-009	0.031665
-7.565397e-009	0.0219238
-7.540397e-009	0.00512696
-7.515397e-009	0.0114746
-7.490397e-009	0.0208984
-7.465397e-009	0.0240723
-7.440397e-009	0.0259033
-7.415397e-009	0.0129395
-7.390397e-009	0.00910645
-7.365397e-009	0.0220215
-7.340397e-009	0.0214844
-7.315397e-009	0.0114014
-7.290397e-009	0.013794
-7.265397e-009	0.0270508
-7.240397e-009	0.0307129
-7.215397e-009	0.00893555
-7.190397e-009	0.00683595
-7.165397e-009	0.0297852
-7.140397e-009	0.0165283
-7.115397e-009	0.00688477
-7.090397e-009	0.0241943
-7.065397e-009	0.0229736
-7.040397e-009	0.0181152
-7.015397e-009	0.0203125
-6.990397e-009	0.0195313
-6.965397e-009	0.0144775
-6.940397e-009	0.0115479
-6.915397e-009	0.015332
-6.890397e-009	0.0212158
-6.865397e-009	0.0325195
-6.840397e-009	0.0251709
-6.815397e-009	0.0103272
-6.790397e-009	0.0212402
-6.765397e-009	0.026416
-6.740397e-009	0.0188232
-6.715397e-009	0.014624
-6.690397e-009	0.0165039
-6.665397e-009	0.0293457
-6.640397e-009	0.0374024
-6.615397e-009	0.030542
-6.590397e-009	0.02229
-6.565397e-009	0.0250244
-6.540397e-009	0.0195068
-6.515397e-009	0.0125488
-6.490397e-009	0.0248779
-6.465397e-009	0.0288574
-6.440397e-009	0.0220703
-6.415397e-009	0.0105469
-6.390397e-009	0.00803223
-6.365397e-009	0.0220459
-6.340397e-009	0.020166
-6.315397e-009	0.0161133
-6.290397e-009	0.0109619
-6.265397e-009	0.0102783
-6.240397e-009	0.0275635
-6.215397e-009	0.0252441
-6.190397e-009	0.0271484
-6.165397e-009	0.044043
-6.140397e-009	0.0391358
-6.115397e-009	0.0211426
-6.090397e-009	0.0107666
-6.065397e-009	0.015625
-6.040397e-009	0.0170166
-6.015397e-009	0.0104248
-5.990397e-009	0.0179199
-5.965397e-009	0.0337402
-5.940397e-009	0.0325195
-5.915397e-009	0.0215576
-5.890397e-009	0.0187988
-5.865397e-009	0.0131836
-5.840397e-009	0.019043
-5.815397e-009	0.0230713
-5.790397e-009	0.0065918
-5.765397e-009	0.0148193
-5.740397e-009	0.0304199
-5.715397e-009	0.0248779
-5.690397e-009	0.0204346
-5.665397e-009	0.0174561
-5.640397e-009	0.020752
-5.615397e-009	0.0231201
-5.590397e-009	0.0215332
-5.565397e-009	0.0305176
-5.540397e-009	0.0281494
-5.515397e-009	0.0184815
-5.490397e-009	0.0279541
-5.465397e-009	0.0376465
-5.440397e-009	0.0367676
-5.415397e-009	0.0253906
-5.390397e-009	0.0145752
-5.365397e-009	0.0191162
-5.340397e-009	0.0158936
-5.315397e-009	0.0165527
-5.290397e-009	0.0249024
-5.265397e-009	0.012915
-5.240397e-009	0.00920411
-5.215397e-009	0.0190918
-5.190397e-009	0.01604
-5.165397e-009	0.00905762
-5.140397e-009	0.0109863
-5.115397e-009	0.0228027
-5.090397e-009	0.0224609
-5.065397e-009	0.00742188
-5.040397e-009	0.0113037
-5.015397e-009	0.0131348
-4.990397e-009	0.00722657
-4.965397e-009	0.0197266
-4.940397e-009	0.0168213
-4.915397e-009	0.0115723
-4.890397e-009	0.021167
-4.865397e-009	0.0204102
-4.840397e-009	0.0231445
-4.815397e-009	0.00898438
-4.790397e-009	-0.00178222
-4.765397e-009	0.0300781
-4.740397e-009	0.0312744
-4.715397e-009	0.00583497
-4.690397e-009	0.0194092
-4.665397e-009	0.0280029
-4.640397e-009	0.0184326
-4.615397e-009	0.0175537
-4.590397e-009	0.0134522
-4.565397e-009	0.0190674
-4.540397e-009	0.0270752
-4.515397e-009	0.0212891
-4.490397e-009	0.0176025
-4.465397e-009	0.0216065
-4.440397e-009	0.0250733
-4.415397e-009	0.0161621
-4.390397e-009	0.0158203
-4.365397e-009	0.0242676
-4.340397e-009	0.0177979
-4.315397e-009	0.0164063
-4.290397e-009	0.0166504
-4.265397e-009	0.0132568
-4.240397e-009	0.010791
-4.215397e-009	0.00307618
-4.190397e-009	0.0192139
-4.165397e-009	0.0349121
-4.140397e-009	0.0115479
-4.115397e-009	0.00236817
-4.090397e-009	0.0218994
-4.065397e-009	0.0267822
-4.040397e-009	0.0206299
-4.015397e-009	0.0198975
-3.990397e-009	0.0222656
-3.965397e-009	0.0228027
-3.940397e-009	0.0195557
-3.915397e-009	0.0214844
-3.890397e-009	0.0275391
-3.865397e-009	0.02854
-3.840397e-009	0.0196533
-3.815397e-009	0.0153076
-3.790397e-009	0.0315186
-3.765397e-009	0.0261719
-3.740397e-009	-0.000634758
-3.715397e-009	0.00861817
-3.690397e-009	0.0273926
-3.665397e-009	0.0248291
-3.640397e-009	0.0192627
-3.615397e-009	0.0163086
-3.590397e-009	0.0276856
-3.565397e-009	0.0366455
-3.540397e-009	0.0227539
-3.515397e-009	0.01521
-3.490397e-009	0.024292
-3.465397e-009	0.0281494
-3.440397e-009	0.0199219
-3.415397e-009	0.0181152
-3.390397e-009	0.0306641
-3.365397e-009	0.0308106
-3.340397e-009	0.00942384
-3.315397e-009	0.000122078
-3.290397e-009	0.0135986
-3.265397e-009	0.0247559
-3.240397e-009	0.017041
-3.215397e-009	0.00295411
-3.190397e-009	0.0196045
-3.165397e-009	0.0376465
-3.140397e-009	0.0212891
-3.115397e-009	0.0198731
-3.090397e-009	0.0294922
-3.065397e-009	0.0264649
-3.040397e-009	0.022168
-3.015397e-009	0.0137207
-2.990397e-009	0.0138672
-2.965397e-009	0.0210449
-2.940397e-009	0.0266602
-2.915397e-009	0.0208984
-2.890397e-009	0.0134277
-2.865397e-009	0.0228272
-2.840397e-009	0.0201172
-2.815397e-009	0.0118652
-2.790397e-009	0.0227783
-2.765397e-009	0.0260498
-2.740397e-009	0.00905762
-2.715397e-009	0.00734864
-2.690397e-009	0.02854
-2.665397e-009	0.0238037
-2.640397e-009	0.0072754
-2.615397e-009	0.0198975
-2.590397e-009	0.0292969
-2.565397e-009	0.0235107
-2.540397e-009	0.0223633
-2.515397e-009	0.015625
-2.490397e-009	0.0129395
-2.465397e-009	0.0263916
-2.440397e-009	0.0300537
-2.415397e-009	0.0224365
-2.390397e-009	0.0265869
-2.365397e-009	0.0253906
-2.340397e-009	0.00927735
-2.315397e-009	0.0130127
-2.290397e-009	0.0267578
-2.265397e-009	0.0338623
-2.240397e-009	0.0395264
-2.215397e-009	0.0218506
-2.190397e-009	0.0132813
-2.165397e-009	0.0205322
-2.140397e-009	0.00498048
-2.115397e-009	0.00793458
-2.090397e-009	0.026416
-2.065397e-009	0.0255859
-2.040397e-009	0.0314941
-2.015397e-009	0.027002
-1.990397e-009	0.010669
-1.965397e-009	0.0234619
-1.940397e-009	0.02854
-1.915397e-009	0.0134277
-1.890397e-009	0.00925294
-1.865397e-009	0.0025879
-1.840397e-009	0.00766602
-1.815397e-009	0.0168945
-1.790397e-009	0.0121094
-1.765397e-009	0.0220947
-1.740397e-009	0.0290039
-1.715397e-009	0.0202149
-1.690397e-009	0.0159668
-1.665397e-009	0.00981446
-1.640397e-009	0.0146484
-1.615397e-009	0.0286133
-1.590397e-009	0.0233399
-1.565397e-009	0.0176514
-1.540397e-009	0.00927735
-1.515397e-009	7.32496e-005
-1.490397e-009	0.0185059
-1.465397e-009	0.0219971
-1.440397e-009	0.00563966
-1.415397e-009	0.00480958
-1.390397e-009	0.00803223
-1.365397e-009	0.0141357
-1.340397e-009	0.0215332
-1.315397e-009	0.0222168
-1.290397e-009	0.014917
-1.265397e-009	0.0209229
-1.240397e-009	0.0337647
-1.215397e-009	0.0158447
-1.190397e-009	0.00681153
-1.165397e-009	0.0155762
-1.140397e-009	0.00935059
-1.115397e-009	0.0162354
-1.090397e-009	0.0232666
-1.065397e-009	0.022168
-1.040397e-009	0.0229004
-1.015397e-009	0.00734864
-9.903971e-010	0.0098877
-9.653971e-010	0.0227783
-9.403971e-010	0.0186035
-9.153971e-010	0.0208496
-8.903971e-010	0.0173584
-8.653971e-010	0.00942384
-8.403971e-010	0.00483399
-8.153971e-010	0.0105957
-7.903971e-010	0.0314941
-7.653971e-010	0.0226318
-7.403971e-010	0.00141602
-7.153971e-010	0.00847169
-6.903971e-010	0.01875
-6.653971e-010	0.024707
-6.403971e-010	0.0237793
-6.153971e-010	0.0185791
-5.903971e-010	0.0234131
-5.653971e-010	0.0186768
-5.403971e-010	0.00944825
-5.153971e-010	0.0150635
-4.903971e-010	0.0193115
-4.653971e-010	0.0121094
-4.403971e-010	0.00795899
-4.153971e-010	0.0141357
-3.903971e-010	0.0177979
-3.653971e-010	0.0146484
-3.403971e-010	-0.00102538
-3.153971e-010	-0.0174072
-2.903971e-010	-0.026416
-2.653971e-010	-0.0440674
-2.403971e-010	-0.0604248
-2.153971e-010	-0.07854
-1.903971e-010	-0.0927002
-1.653971e-010	-0.0940918
-1.403971e-010	-0.104858
-1.153971e-010	-0.140527
-9.039714e-011	-0.183838
-6.539714e-011	-0.193042
-4.039714e-011	-0.202441
-1.539714e-011	-0.235522
9.602865e-012	-0.257056
3.460286e-011	-0.278564
5.960286e-011	-0.290967
8.460286e-011	-0.307642
1.096029e-010	-0.33645
1.346029e-010	-0.339453
1.596029e-010	-0.352612
1.846029e-010	-0.3625
2.096029e-010	-0.338452
2.346029e-010	-0.334253
2.596029e-010	-0.33938
2.846029e-010	-0.335474
3.096029e-010	-0.333228
3.346029e-010	-0.318115
3.596029e-010	-0.310376
3.846029e-010	-0.302002
4.096029e-010	-0.268018
4.346029e-010	-0.247925
4.596029e-010	-0.24729
4.846029e-010	-0.229395
5.096029e-010	-0.200513
5.346029e-010	-0.179663
5.596029e-010	-0.16377
5.846029e-010	-0.143799
6.096029e-010	-0.133691
6.346029e-010	-0.120312
6.596029e-010	-0.0848389
6.846029e-010	-0.0832519
7.096029e-010	-0.0930176
7.346029e-010	-0.0706543
7.596029e-010	-0.0587402
7.846029e-010	-0.0414551
8.096029e-010	-0.0238525
8.346029e-010	-0.0182861
8.596029e-010	-0.00322265
8.846029e-010	0.00134278
9.096029e-010	0.00375977
9.346029e-010	0.00949708
9.596029e-010	0.013916
9.846029e-010	0.0156494
1.009603e-009	0.020459
1.034603e-009	0.0351563
1.059603e-009	0.0293213
1.084603e-009	0.0302979
1.109603e-009	0.0452881
1.134603e-009	0.0389649
1.159603e-009	0.0432373
1.184603e-009	0.0484131
1.209603e-009	0.0418945
1.234603e-009	0.0506592
1.259603e-009	0.0459229
1.284603e-009	0.0291748
1.309603e-009	0.0279297
1.334603e-009	0.0313965
1.359603e-009	0.0401123
1.384603e-009	0.0368897
1.409603e-009	0.0249024
1.434603e-009	0.0261963
1.459603e-009	0.0212647
1.484603e-009	0.0198486
1.509603e-009	0.0210938
1.534603e-009	0.0121582
1.559603e-009	0.0123291
1.584603e-009	0.0103272
1.609603e-009	0.00446778
1.634603e-009	0.00507813
1.659603e-009	0.00246583
1.684603e-009	0.00668946
1.709603e-009	0.0134277
1.734603e-009	0.00131837
1.759603e-009	-0.00493163
1.784603e-009	0.00139161
1.809603e-009	0.00166016
1.834603e-009	0.0139893
1.859603e-009	0.0142822
1.884603e-009	0.00419923
1.909603e-009	0.0127197
1.934603e-009	0.00922852
1.959603e-009	0.00769044
1.984603e-009	0.0173096
2.009603e-009	0.0234131
2.034603e-009	0.0243652
2.059603e-009	0.010083
2.084603e-009	0.00959473
2.109603e-009	0.0233154
2.134603e-009	0.0254639
2.159603e-009	0.0165039
2.184603e-009	0.0105225
2.209603e-009	0.0195557
2.234603e-009	0.0228272
2.259603e-009	0.0236816
2.284603e-009	0.0255127
2.309603e-009	0.0178223
2.334603e-009	0.0309815
2.359603e-009	0.0404541
2.384603e-009	0.0178711
2.409603e-009	0.0194824
2.434603e-009	0.0320068
2.459603e-009	0.0185791
2.484603e-009	0.0195801
2.509603e-009	0.0292725
2.534603e-009	0.0307617
2.559603e-009	0.0306885
2.584603e-009	0.020874
2.609603e-009	0.0169922
2.634603e-009	0.0183106
2.659603e-009	0.0194092
2.684603e-009	0.0230225
2.709603e-009	0.0156494
2.734603e-009	0.00700684
2.759603e-009	0.0101318
2.784603e-009	0.0235107
2.809603e-009	0.029419
2.834603e-009	0.0107422
2.859603e-009	-0.00187988
2.884603e-009	0.00776368
2.909603e-009	0.0149902
2.934603e-009	0.0164307
2.959603e-009	0.01604
2.984603e-009	0.0132324
3.009603e-009	0.0186524
3.034603e-009	0.0224365
3.059603e-009	0.0123535
3.084603e-009	0.0107422
3.109603e-009	0.015625
3.134603e-009	0.0136719
3.159603e-009	0.016919
3.184603e-009	0.0183106
3.209603e-009	0.0276367
3.234603e-009	0.0412354
3.259603e-009	0.0287842
3.284603e-009	0.0187256
3.309603e-009	0.0263916
3.334603e-009	0.0238525
3.359603e-009	0.020044
3.384603e-009	0.0236572
3.409603e-009	0.0282471
3.434603e-009	0.0377197
3.459603e-009	0.0302979
3.484603e-009	0.0170654
3.509603e-009	0.0215576
3.534603e-009	0.0172852
3.559603e-009	0.0189697
3.584603e-009	0.0209229
3.609603e-009	0.00991212
3.634603e-009	0.0159668
3.659603e-009	0.0097168
3.684603e-009	0.00280762
3.709603e-009	0.0155029
3.734603e-009	0.00791016
3.759603e-009	0.00642091
3.784603e-009	0.0125732
3.809603e-009	0.00800782
3.834603e-009	0.0213867
3.859603e-009	0.0257568
3.884603e-009	0.0174805
3.909603e-009	0.00666505
3.934603e-009	-0.0118408
3.959603e-009	0.0116699
3.984603e-009	0.0302734
4.009603e-009	0.00781251
4.034603e-009	0.00637208
4.059603e-009	0.00368653
4.084603e-009	-0.00256347
4.109603e-009	0.00690919
4.134603e-009	0.00603028
4.159603e-009	-0.00190429
4.184603e-009	0.00217286
4.209603e-009	0.0261963
4.234603e-009	0.0306152
4.259603e-009	0.00852052
4.284603e-009	0.00905762
4.309603e-009	0.0240479
4.334603e-009	0.0268555
4.359603e-009	0.032666
4.384603e-009	0.0399414
4.409603e-009	0.0320557
4.434603e-009	0.0323486
4.459603e-009	0.0402832
4.484603e-009	0.0384522
4.509603e-009	0.0352783
4.534603e-009	0.0312744
4.559603e-009	0.0434082
4.584603e-009	0.051001
4.609603e-009	0.0307617
4.634603e-009	0.0238525
4.659603e-009	0.0250244
4.684603e-009	0.0269287
4.709603e-009	0.0324707
4.734603e-009	0.0175293
4.759603e-009	0.0127441
4.784603e-009	0.0190186
4.809603e-009	0.0237305
4.834603e-009	0.0418945
4.859603e-009	0.0350586
4.884603e-009	0.00905762
4.909603e-009	0.00236817
4.934603e-009	0.00161134
4.959603e-009	0.000463875
4.984603e-009	0.00739747
5.009603e-009	0.00288087
5.034603e-009	-0.00429687
5.059603e-009	0.011084
5.084603e-009	0.00976563
5.109603e-009	0.00405274
5.134603e-009	0.0124512
5.159603e-009	0.00212403
5.184603e-009	0.00800782
5.209603e-009	0.0255615
5.234603e-009	0.0168945
5.259603e-009	0.00461427
5.284603e-009	0.00129395
5.309603e-009	0.00549317
5.334603e-009	0.0166504
5.359603e-009	0.0167725
5.384603e-009	0.00681153
5.409603e-009	0.0126221
5.434603e-009	0.0219238
5.459603e-009	0.0232666
5.484603e-009	0.0268799
5.509603e-009	0.0261475
5.534603e-009	0.0205322
5.559603e-009	0.0217529
5.584603e-009	0.0277588
5.609603e-009	0.0279053
5.634603e-009	0.034375
5.659603e-009	0.0313721
5.684603e-009	0.0173828
5.709603e-009	0.0289795
5.734603e-009	0.0354981
5.759603e-009	0.0233887
5.784603e-009	0.0162842
5.809603e-009	0.0174561
5.834603e-009	0.0283203
5.859603e-009	0.0272461
5.884603e-009	0.0237061
5.909603e-009	0.0305664
5.934603e-009	0.0269043
5.959603e-009	0.0244629
5.984603e-009	0.0244141
6.009603e-009	0.020044
6.034603e-009	0.0210938
6.059603e-009	0.0181397
6.084603e-009	0.0156494
6.109603e-009	0.0158203
6.134603e-009	0.0182373
6.159603e-009	0.0315186
6.184603e-009	0.0259277
6.209603e-009	0.0144043
6.234603e-009	0.0307373
6.259603e-009	0.0251953
6.284603e-009	0.00234376
6.309603e-009	0.0113281
6.334603e-009	0.0126465
6.359603e-009	0.000878914
6.384603e-009	0.00847169
6.409603e-009	0.0154785
6.434603e-009	0.0144531
6.459603e-009	0.0112549
6.484603e-009	0.0140381
6.509603e-009	0.0181397
6.534603e-009	0.0115234
6.559603e-009	0.0141846
6.584603e-009	0.018042
6.609603e-009	0.0156006
6.634603e-009	0.0135498
6.659603e-009	0.00402833
6.684603e-009	0.00834962
6.709603e-009	0.0218018
6.734603e-009	0.02229
6.759603e-009	0.013794
6.784603e-009	0.00842286
6.809603e-009	0.0176514
6.834603e-009	0.0221924
6.859603e-009	0.0214111
6.884603e-009	0.0231934
6.909603e-009	0.0197998
6.934603e-009	0.0293457
6.959603e-009	0.0433838
6.984603e-009	0.035791
7.009603e-009	0.0242432
7.034603e-009	0.0312988
7.059603e-009	0.0444824
7.084603e-009	0.0375244
7.109603e-009	0.0213135
7.134603e-009	0.0246338
7.159603e-009	0.0263184
7.184603e-009	0.0223877
7.209603e-009	0.0273682
7.234603e-009	0.0175781
7.259603e-009	0.0155762
7.284603e-009	0.0252197
7.309603e-009	0.0162842
7.334603e-009	0.0150147
7.359603e-009	0.0261719
7.384603e-009	0.0206299
7.409603e-009	0.00930177
7.434603e-009	0.012793
7.459603e-009	0.00358887
7.484603e-009	-0.00356445
7.509603e-009	0.0144531
7.534603e-009	0.0200684
7.559603e-009	0.0185059
7.584603e-009	0.0177734
7.609603e-009	0.018042
7.634603e-009	0.0188721
7.659603e-009	0.0147949
7.684603e-009	0.0228272
7.709603e-009	0.0229736
7.734603e-009	0.00981446
7.759603e-009	0.00739747
7.784603e-009	0.0168213
7.809603e-009	0.0218018
7.834603e-009	0.0143799
7.859603e-009	0.0165283
7.884603e-009	0.0272461
7.909603e-009	0.0261231
7.934603e-009	0.0201172
7.959603e-009	0.0219482
7.984603e-009	0.0225342
8.009603e-009	0.0310059
8.034603e-009	0.033374
8.059603e-009	0.00747071
8.084603e-009	0.0153076
8.109603e-009	0.0329834
8.134603e-009	0.0176514
8.159603e-009	0.0216065
8.184603e-009	0.0170654
8.209603e-009	0.0108643
8.234603e-009	0.027002
8.259603e-009	0.0137207
8.284603e-009	-0.00126952
8.309603e-009	0.0116943
8.334603e-009	0.0189697
8.359603e-009	0.00161134
8.384603e-009	-0.0122314
8.409603e-009	0.0105225
8.434603e-009	0.0246094
8.459603e-009	0.0138672
8.484603e-009	0.0131104
8.509603e-009	0.0067627
8.534603e-009	0.00969239
8.559603e-009	0.0287109
8.584603e-009	0.0216065
8.609603e-009	0.0126709
8.634603e-009	0.0205566
8.659603e-009	0.0185791
8.684603e-009	0.0133301
8.709603e-009	0.0154785
8.734603e-009	0.0156982
8.759603e-009	0.0114258
8.784603e-009	0.0211426
8.809603e-009	0.0371826
8.834603e-009	0.0244629
8.859603e-009	0.00798341
8.884603e-009	0.0164551
8.909603e-009	0.0196289
8.934603e-009	0.0209473
8.959603e-009	0.0301514
8.984603e-009	0.0240234
9.009603e-009	0.0237549
9.034603e-009	0.0297119
9.059603e-009	0.0223877
9.084603e-009	0.024292
9.109603e-009	0.024585
9.134603e-009	0.0235107
9.159603e-009	0.0272217
9.184603e-009	0.0204102
9.209603e-009	0.0310303
9.234603e-009	0.0411621
9.259603e-009	0.0250244
9.284603e-009	0.0134033
9.309603e-009	0.0123535
9.334603e-009	0.0131836
9.359603e-009	0.00097657
9.384603e-009	0.000366218
9.409603e-009	0.0268555
9.434603e-009	0.0281983
9.459603e-009	0.0104004
9.484603e-009	0.00947266
9.509603e-009	0.0136963
9.534603e-009	0.012915
9.559603e-009	0.0147949
9.584603e-009	0.0097168
9.609603e-009	0.00539552
9.634603e-009	0.0190674
9.659603e-009	0.0188232
9.684603e-009	0.00822755
9.709603e-009	0.00698243
9.734603e-009	0.00822755
9.759603e-009	0.0162842
9.784603e-009	0.014624
9.809603e-009	0.00961915
9.834603e-009	0.01521
9.859603e-009	0.0199463
9.884603e-009	0.0187988
9.909603e-009	0.0119873
9.934603e-009	0.0101807
9.959603e-009	0.0178955
9.984603e-009	0.0217774
1.00096e-008	0.0216553
1.00346e-008	0.0200684
1.00596e-008	0.0109375
1.00846e-008	0.0176025
1.01096e-008	0.0340576
1.01346e-008	0.0304688
1.01596e-008	0.0167236
1.01846e-008	0.0167236
1.02096e-008	0.0378662
1.02346e-008	0.0425293
1.02596e-008	0.0340088
1.02846e-008	0.0300537
1.03096e-008	0.0185303
1.03346e-008	0.0158203
1.03596e-008	0.01875
1.03846e-008	0.0268799
1.04096e-008	0.0360108
1.04346e-008	0.0338379
1.04596e-008	0.0272949
1.04846e-008	0.0229981
1.05096e-008	0.0223389
1.05346e-008	0.0202149
1.05596e-008	0.0287354
1.05846e-008	0.0252441
1.06096e-008	0.0161865
1.06346e-008	0.0265869
1.06596e-008	0.0181641
1.06846e-008	0.012207
1.07096e-008	0.0186279
1.07346e-008	0.0148438
1.07596e-008	0.0235352
1.07846e-008	0.0284912
1.08096e-008	0.025
1.08346e-008	0.0319092
1.08596e-008	0.0291504
1.08846e-008	0.0113525
1.09096e-008	0.0053711
1.09346e-008	0.018042
1.09596e-008	0.0136963
1.09846e-008	-0.0067871
1.10096e-008	0.00791016
1.10346e-008	0.0230469
1.10596e-008	0.00842286
1.10846e-008	0.0113037
1.11096e-008	0.0101074
1.11346e-008	0.0104248
1.11596e-008	0.0215332
1.11846e-008	-0.000317375
1.12096e-008	0.00671387
1.12346e-008	0.0352783
1.12596e-008	0.0125244
1.12846e-008	0.00383302
1.13096e-008	0.0261475
1.13346e-008	0.0201416
1.13596e-008	0.00927735
1.13846e-008	0.0134033
1.14096e-008	0.0112549
1.14346e-008	0.00957032
1.14596e-008	0.00893555
1.14846e-008	0.00598145
1.15096e-008	0.0103516
1.15346e-008	0.0115723
1.15596e-008	0.0115967
1.15846e-008	0.0195313
1.16096e-008	0.0232422
1.16346e-008	0.0210938
1.16596e-008	0.0144287
1.16846e-008	0.0149902
1.17096e-008	0.0259277
1.17346e-008	0.020459
1.17596e-008	0.0131836
1.17846e-008	0.0113037
1.18096e-008	0.0149658
1.18346e-008	0.030249
1.18596e-008	0.0154541
1.18846e-008	0.0111572
1.19096e-008	0.032251
1.19346e-008	0.0186524
1.19596e-008	0.0131348
1.19846e-008	0.0145996
1.20096e-008	0.00510255
1.20346e-008	0.0171631
1.20596e-008	0.0217529
1.20846e-008	0.0174561
1.21096e-008	0.0145752
1.21346e-008	0.0175781
1.21596e-008	0.0284668
1.21846e-008	0.00559083
1.22096e-008	-7.32347e-005
1.22346e-008	0.0370361
1.22596e-008	0.0318359
1.22846e-008	0.0165039
1.23096e-008	0.0286621
1.23346e-008	0.0298584
1.23596e-008	0.0345703
1.23846e-008	0.039209
1.24096e-008	0.0355957
1.24346e-008	0.0357666
1.24596e-008	0.0261963
1.24846e-008	0.0173096
1.25096e-008	0.025708
1.25346e-008	0.0349854
1.25596e-008	0.030127
1.25846e-008	0.0241699
1.26096e-008	0.028418
1.26346e-008	0.0256348
1.26596e-008	0.0227539
1.26846e-008	0.0307861
1.27096e-008	0.0251221
1.27346e-008	0.0148682
1.27596e-008	0.00778809
1.27846e-008	0.00642091
1.28096e-008	0.0304443
1.28346e-008	0.0273438
1.28596e-008	-0.00424804
1.28846e-008	0.00539552
1.29096e-008	0.0238037
1.29346e-008	0.0198975
1.29596e-008	0.0214844
1.29846e-008	0.0175537
1.30096e-008	0.00202637
1.30346e-008	0.00959473
1.30596e-008	0.0251709
1.30846e-008	0.0141357
1.31096e-008	0.0134277
1.31346e-008	0.0264649
1.31596e-008	0.0198975
1.31846e-008	0.0129639
1.32096e-008	0.0230957
1.32346e-008	0.0298096
1.32596e-008	0.0180664
1.32846e-008	0.0167725
1.33096e-008	0.0217285
1.33346e-008	0.0154541
1.33596e-008	0.0202393
1.33846e-008	0.0273682
1.34096e-008	0.038501
1.34346e-008	0.0385254
1.34596e-008	0.0201904
1.34846e-008	0.0234619
1.35096e-008	0.0240479
1.35346e-008	0.0189941
1.35596e-008	0.0233399
1.35846e-008	0.0185791
1.36096e-008	0.0258789
1.36346e-008	0.037207
1.36596e-008	0.0280029
1.36846e-008	0.0192383
1.37096e-008	0.0242676
1.37346e-008	0.02771
1.37596e-008	0.0215576
1.37846e-008	0.0203369
1.38096e-008	0.0253174
1.38346e-008	0.021167
1.38596e-008	0.017749
1.38846e-008	0.0293457
1.39096e-008	0.0297852
1.39346e-008	0.017627
1.39596e-008	0.0178467
1.39846e-008	0.0102783
1.40096e-008	0.00402833
1.40346e-008	0.0174805
1.40596e-008	0.0145508
1.40846e-008	0.00615235
1.41096e-008	0.0183838
1.41346e-008	0.0239258
1.41596e-008	0.00507813
1.41846e-008	-0.00642089
1.42096e-008	0.0127197
1.42346e-008	0.0168213
1.42596e-008	0.005542
1.42846e-008	0.0138428
1.43096e-008	0.0153565
1.43346e-008	0.00976563
1.43596e-008	0.0185547
1.43846e-008	0.0267822
1.44096e-008	0.0275147
1.44346e-008	0.0215332
1.44596e-008	0.00754395
1.44846e-008	0.0133301
1.45096e-008	0.0206299
1.45346e-008	0.00793458
1.45596e-008	0.0158691
1.45846e-008	0.0253662
1.46096e-008	0.0255615
1.46346e-008	0.02771
1.46596e-008	0.0216553
1.46846e-008	0.0263184
1.47096e-008	0.0255615
1.47346e-008	0.0216309
1.47596e-008	0.0251953
1.47846e-008	0.0162842
1.48096e-008	0.0170899
1.48346e-008	0.0335449
1.48596e-008	0.0395264
1.48846e-008	0.0300293
1.49096e-008	0.020044
1.49346e-008	0.0229492
1.49596e-008	0.0333496
1.49846e-008	0.0331055
1.50096e-008	0.0288818
1.50346e-008	0.0312256
1.50596e-008	0.0220703
1.50846e-008	0.0129883
1.51096e-008	0.0230957
1.51346e-008	0.0319336
1.51596e-008	0.0236084
1.51846e-008	0.0151611
1.52096e-008	0.0162109
1.52346e-008	0.0160645
1.52596e-008	0.01875
1.52846e-008	0.017041
1.53096e-008	0.0106934
1.53346e-008	0.0168213
1.53596e-008	0.0195068
1.53846e-008	0.00954591
1.54096e-008	0.0179443
1.54346e-008	0.0241699
1.54596e-008	-0.00576171
1.54846e-008	7.45058e-009
1.55096e-008	0.0260742
1.55346e-008	0.0101563
1.55596e-008	0.0150147
1.55846e-008	0.0251221
1.56096e-008	0.0174072
1.56346e-008	0.0195557
1.56596e-008	0.00729981
1.56846e-008	0.00498048
1.57096e-008	0.0184082
1.57346e-008	0.0193359
1.57596e-008	0.0224854
1.57846e-008	0.0286133
1.58096e-008	0.0293945
1.58346e-008	0.0260498
1.58596e-008	0.0174561
1.58846e-008	0.0127441
1.59096e-008	0.0196777
1.59346e-008	0.0266602
1.59596e-008	0.0305176
1.59846e-008	0.0332764
1.60096e-008	0.028125
1.60346e-008	0.0184326
1.60596e-008	0.017334
1.60846e-008	0.0226563
1.61096e-008	0.0219482
1.61346e-008	0.0251465
1.61596e-008	0.0245361
1.61846e-008	0.0150391
1.62096e-008	0.0214111
1.62346e-008	0.0234375
1.62596e-008	0.00534669
1.62846e-008	-0.00498046
1.63096e-008	0.00405274
1.63346e-008	0.0176758
1.63596e-008	0.0208496
1.63846e-008	0.0190186
1.64096e-008	0.019165
1.64346e-008	0.0218262
1.64596e-008	0.023999
1.64846e-008	0.0286377
1.65096e-008	0.0234131
1.65346e-008	0.0102295
1.65596e-008	0.026001
1.65846e-008	0.0331299
1.66096e-008	0.0188721
1.66346e-008	0.0306885
1.66596e-008	0.032544
1.66846e-008	0.0194092
1.67096e-008	0.0227295
1.67346e-008	0.0152832
1.67596e-008	0.0115479
1.67846e-008	0.0252686
1.68096e-008	0.0254639
1.68346e-008	0.0223145
1.68596e-008	0.0101318
1.68846e-008	-0.000927727
1.69096e-008	0.020874
1.69346e-008	0.0250733
1.69596e-008	0.0126465
1.69846e-008	0.0182129
1.70096e-008	0.0185791
1.70346e-008	0.0184082
1.70596e-008	0.0148682
1.70846e-008	0.0140869
1.71096e-008	0.0240723
1.71346e-008	0.0202881
1.71596e-008	0.0167236
1.71846e-008	0.0230469
1.72096e-008	0.0271973
1.72346e-008	0.025708
1.72596e-008	0.0209717
1.72846e-008	0.0155762
1.73096e-008	0.00708009
1.73346e-008	0.0151611
1.73596e-008	0.0231934
1.73846e-008	0.00529786
1.74096e-008	0.00859376
1.74346e-008	0.0261231
1.74596e-008	0.0146729
1.74846e-008	0.0091797
1.75096e-008	0.0203369
1.75346e-008	0.0247803
1.75596e-008	0.0181152
1.75846e-008	0.0100342
1.76096e-008	0.0179443
1.76346e-008	0.0182617
1.76596e-008	0.0083252
1.76846e-008	0.0134033
1.77096e-008	0.0186768
1.77346e-008	0.0212158
1.77596e-008	0.0145996
1.77846e-008	-0.00100097
1.78096e-008	0.0141113
1.78346e-008	0.0319336
1.78596e-008	0.0167725
1.78846e-008	0.023877
1.79096e-008	0.0393555
1.79346e-008	0.0202637
1.79596e-008	0.0175049
1.79846e-008	0.0237549
1.80096e-008	0.00805665
1.80346e-008	0.00954591
1.80596e-008	0.0212402
1.80846e-008	0.0155518
1.81096e-008	0.0137207
1.81346e-008	0.0233643
1.81596e-008	0.0274658
1.81846e-008	0.024292
1.82096e-008	0.0265869
1.82346e-008	0.0330566
1.82596e-008	0.0314209
1.82846e-008	0.0256104
1.83096e-008	0.0220703
1.83346e-008	0.0223633
1.83596e-008	0.028125
1.83846e-008	0.0378662
1.84096e-008	0.0434326
1.84346e-008	0.030542
1.84596e-008	0.00888673
1.84846e-008	0.00725098
1.85096e-008	0.0303955
1.85346e-008	0.0411621
1.85596e-008	0.0240967
1.85846e-008	0.014209
1.86096e-008	0.0150147
1.86346e-008	0.0153809
1.86596e-008	0.0200928
1.86846e-008	0.0212647
1.87096e-008	0.0165772
1.87346e-008	0.0107666
1.87596e-008	0.0192627
1.87846e-008	0.0268555
1.88096e-008	0.0126709
1.88346e-008	0.00754395
1.88596e-008	0.00417481
1.88846e-008	0.00100098
1.89096e-008	0.0145264
1.89346e-008	0.0168945
1.89596e-008	0.01875
1.89846e-008	0.0161621
1.90096e-008	0.000512703
1.90346e-008	0.00463868
1.90596e-008	0.0124512
1.90846e-008	0.0149414
1.91096e-008	0.0208252
1.91346e-008	0.0210693
1.91596e-008	0.0198975
1.91846e-008	0.0146729
1.92096e-008	0.0208252
1.92346e-008	0.0403565
1.92596e-008	0.0313721
1.92846e-008	0.0130371
1.93096e-008	0.0236084
1.93346e-008	0.0296143
1.93596e-008	0.0250977
1.93846e-008	0.0283691
1.94096e-008	0.0281738
1.94346e-008	0.0223389
1.94596e-008	0.0113037
1.94846e-008	0.0157959
1.95096e-008	0.0284912
1.95346e-008	0.0214844
1.95596e-008	0.0247559
1.95846e-008	0.029834
1.96096e-008	0.0176758
1.96346e-008	0.0161865
1.96596e-008	0.0169434
1.96846e-008	0.0176025
1.97096e-008	0.0269775
1.97346e-008	0.0257568
1.97596e-008	0.0174561
1.97846e-008	0.0131836
1.98096e-008	0.0177979
1.98346e-008	0.0179443
1.98596e-008	0.00151368
1.98846e-008	0.00473634
1.99096e-008	0.0119873
1.99346e-008	0.00598145
1.99596e-008	0.0194336
1.99846e-008	0.0200684
2.00096e-008	0.00871583
2.00346e-008	0.0160645
2.00596e-008	0.0126709
2.00846e-008	0.00986329
2.01096e-008	0.00888673
2.01346e-008	-0.00375976
2.01596e-008	0.0138916
2.01846e-008	0.0197022
2.02096e-008	-0.00100097
2.02346e-008	0.0169922
2.02596e-008	0.0211426
2.02846e-008	0.00891114
2.03096e-008	0.0155762
2.03346e-008	0.0137451
2.03596e-008	0.0233887
2.03846e-008	0.0247559
2.04096e-008	0.0173096
2.04346e-008	0.0255371
2.04596e-008	0.0255859
2.04846e-008	0.0216065
2.05096e-008	0.0180664
2.05346e-008	0.0260986
2.05596e-008	0.0309326
2.05846e-008	0.0136719
2.06096e-008	0.0179932
2.06346e-008	0.0340332
2.06596e-008	0.025293
2.06846e-008	0.0166504
2.07096e-008	0.0256104
2.07346e-008	0.0323242
2.07596e-008	0.0239746
2.07846e-008	0.0216065
2.08096e-008	0.0255615
2.08346e-008	0.00996095
2.08596e-008	0.00305177
2.08846e-008	0.0161377
2.09096e-008	0.0162842
2.09346e-008	0.0232178
2.09596e-008	0.0355957
2.09846e-008	0.02229
2.10096e-008	0.0127441
2.10346e-008	0.0158691
2.10596e-008	0.00830079
2.10846e-008	0.00922852
2.11096e-008	0.0199707
2.11346e-008	0.0150147
2.11596e-008	0.0111816
2.11846e-008	0.0188232
2.12096e-008	0.0219482
2.12346e-008	0.0178711
2.12596e-008	0.0058838
2.12846e-008	0.00493165
2.13096e-008	0.0123047
2.13346e-008	0.00368653
2.13596e-008	0.00393067
2.13846e-008	0.00786134
2.14096e-008	0.00673829
2.14346e-008	0.0255615
2.14596e-008	0.0251221
2.14846e-008	0.00629884
2.15096e-008	0.017627
2.15346e-008	0.0245361
2.15596e-008	0.014624
2.15846e-008	0.0213867
2.16096e-008	0.0328125
2.16346e-008	0.037207
2.16596e-008	0.0343262
2.16846e-008	0.0224609
2.17096e-008	0.0160645
2.17346e-008	0.0201904
2.17596e-008	0.0253662
2.17846e-008	0.0279785
2.18096e-008	0.0315918
2.18346e-008	0.0208984
2.18596e-008	0.00905762
2.18846e-008	0.0216553
2.19096e-008	0.0174805
2.19346e-008	0.00898438
2.19596e-008	0.023291
2.19846e-008	0.0153565
2.20096e-008	0.0133545
2.20346e-008	0.0265625
2.20596e-008	0.0132324
2.20846e-008	0.00932618
2.21096e-008	0.019751
2.21346e-008	0.0256104
2.21596e-008	0.0291504
2.21846e-008	0.0273682
2.22096e-008	0.0387695
2.22346e-008	0.0240967
2.22596e-008	-0.00998534
2.22846e-008	0.00637208
2.23096e-008	0.0222656
2.23346e-008	0.0134033
2.23596e-008	0.0105957
2.23846e-008	0.00576173
2.24096e-008	0.0211426
2.24346e-008	0.0381836
2.24596e-008	0.0291992
2.24846e-008	0.0207275
2.25096e-008	0.0180664
2.25346e-008	0.0190918
2.25596e-008	0.0154785
2.25846e-008	0.0112549
2.26096e-008	0.0271729
2.26346e-008	0.0244141
2.26596e-008	-0.00236816
2.26846e-008	0.0105713
2.27096e-008	0.0308594
2.27346e-008	0.0225342
2.27596e-008	0.0325195
2.27846e-008	0.0317139
2.28096e-008	0.00263673
2.28346e-008	0.00371095
2.28596e-008	0.0209961
2.28846e-008	0.0209229
2.29096e-008	0.0179443
2.29346e-008	0.0182861
2.29596e-008	0.0176514
2.29846e-008	0.0181397
2.30096e-008	0.0206543
2.30346e-008	0.0198975
2.30596e-008	0.0173584
2.30846e-008	0.0230713
2.31096e-008	0.021582
2.31346e-008	0.00913087
2.31596e-008	0.0195313
2.31846e-008	0.0209961
2.32096e-008	0.00334473
2.32346e-008	0.0124268
2.32596e-008	0.0111084
2.32846e-008	0.00468751
2.33096e-008	0.0161865
2.33346e-008	0.0188965
2.33596e-008	0.0257813
2.33846e-008	0.0165772
2.34096e-008	0.0027588
2.34346e-008	0.0151611
2.34596e-008	0.0176025
2.34846e-008	0.0112793
2.35096e-008	0.0111572
2.35346e-008	0.0136963
2.35596e-008	0.014917
2.35846e-008	0.0150635
2.36096e-008	0.0225586
2.36346e-008	0.0178467
2.36596e-008	0.00974122
2.36846e-008	0.0260986
2.37096e-008	0.0264649
2.37346e-008	0.00837403
2.37596e-008	0.0177734
2.37846e-008	0.0310303
2.38096e-008	0.0339111
2.38346e-008	0.0230225
2.38596e-008	0.00334473
2.38846e-008	0.00913087
2.39096e-008	0.0172119
2.39346e-008	0.0248535
2.39596e-008	0.0354981
2.39846e-008	0.027002
2.40096e-008	0.0269043
2.40346e-008	0.026416
2.40596e-008	0.0128418
2.40846e-008	0.0149414
2.41096e-008	0.0152588
2.41346e-008	0.00856934
2.41596e-008	0.0222412
2.41846e-008	0.033374
2.42096e-008	0.0316895
2.42346e-008	0.0304688
2.42596e-008	0.0174561
2.42846e-008	0.0155518
2.43096e-008	0.0281738
2.43346e-008	0.0258057
2.43596e-008	0.0193848
2.43846e-008	0.00764161
2.44096e-008	0.00556641
2.44346e-008	0.0289307
2.44596e-008	0.0310547
2.44846e-008	0.0187012
2.45096e-008	0.0226074
2.45346e-008	0.0223389
2.45596e-008	0.0222656
2.45846e-008	0.02229
2.46096e-008	0.0130859
2.46346e-008	0.0101318
2.46596e-008	0.020166
2.46846e-008	0.0265381
2.47096e-008	0.0117432
2.47346e-008	0.00847169
2.47596e-008	0.0201172
2.47846e-008	0.0141357
2.48096e-008	0.017041
2.48346e-008	0.0262207
2.48596e-008	0.0172363
2.48846e-008	0.014624
2.49096e-008	0.0196289
2.49346e-008	0.0188477
2.49596e-008	0.0223145
2.49846e-008	0.0234619
2.50096e-008	0.0114502
2.50346e-008	0.00261231
2.50596e-008	0.0115479
2.50846e-008	0.0259277
2.51096e-008	0.0258301
2.51346e-008	0.0207275
2.51596e-008	0.0187012
2.51846e-008	0.00993653
2.52096e-008	0.0161865
2.52346e-008	0.0279053
2.52596e-008	0.0162109
2.52846e-008	0.0142822
2.53096e-008	0.0199463
2.53346e-008	0.0174072
2.53596e-008	0.0239258
2.53846e-008	0.0172119
2.54096e-008	0.0144775
2.54346e-008	0.0289307
2.54596e-008	0.0209717
2.54846e-008	0.0141113
2.55096e-008	0.0195313
2.55346e-008	0.0210449
2.55596e-008	0.0236084
2.55846e-008	0.0193604
2.56096e-008	0.0254883
2.56346e-008	0.0280274
2.56596e-008	0.0122315
2.56846e-008	0.0139893
2.57096e-008	0.0268066
2.57346e-008	0.0302979
2.57596e-008	0.0178711
2.57846e-008	0.00512696
2.58096e-008	0.0197022
2.58346e-008	0.0264404
2.58596e-008	0.0110352
2.58846e-008	0.0149414
2.59096e-008	0.0275879
2.59346e-008	0.0271484
2.59596e-008	0.0265625
2.59846e-008	0.022168
2.60096e-008	0.0101563
2.60346e-008	0.00268555
2.60596e-008	0.00473634
2.60846e-008	0.0156738
2.61096e-008	0.0202637
2.61346e-008	0.0113525
2.61596e-008	0.0109619
2.61846e-008	0.0150391
2.62096e-008	0.0221436
2.62346e-008	0.0330811
2.62596e-008	0.0159668
2.62846e-008	0.0111816
2.63096e-008	0.0369629
2.63346e-008	0.0370606
2.63596e-008	0.0276856
2.63846e-008	0.0243897
2.64096e-008	0.0244385
2.64346e-008	0.025
2.64596e-008	0.0112305
2.64846e-008	0.014917
2.65096e-008	0.0225098
2.65346e-008	0.0171387
2.65596e-008	0.0297852
2.65846e-008	0.0349854
2.66096e-008	0.0234619
2.66346e-008	0.0188232
2.66596e-008	0.0112549
2.66846e-008	0.0118408
2.67096e-008	0.0243897
2.67346e-008	0.0125488
2.67596e-008	0.00285645
2.67846e-008	0.0250733
2.68096e-008	0.0240234
2.68346e-008	0.00754395
2.68596e-008	0.0175537
2.68846e-008	0.0243164
2.69096e-008	0.0277832
2.69346e-008	0.0255859
2.69596e-008	0.00563966
2.69846e-008	0.0123291
2.70096e-008	0.0240479
2.70346e-008	0.00778809
2.70596e-008	0.00327149
2.70846e-008	0.00869141
2.71096e-008	0.00935059
2.71346e-008	0.0186524
2.71596e-008	0.0336426
2.71846e-008	0.0267822
2.72096e-008	0.00871583
2.72346e-008	0.0134033
2.72596e-008	0.0167725
2.72846e-008	0.0213379
2.73096e-008	0.0282471
2.73346e-008	0.0186768
2.73596e-008	0.0201172
2.73846e-008	0.0205322
2.74096e-008	0.0203125
2.74346e-008	0.030127
2.74596e-008	0.0254395
2.74846e-008	0.0205078
2.75096e-008	0.0266602
2.75346e-008	0.0333496
2.75596e-008	0.0183838
2.75846e-008	0.00783692
2.76096e-008	0.0284424
2.76346e-008	0.0164795
2.76596e-008	-0.00302734
2.76846e-008	0.0159668
2.77096e-008	0.0233154
2.77346e-008	0.0195557
2.77596e-008	0.0169922
2.77846e-008	0.00861817
2.78096e-008	0.0158203
2.78346e-008	0.0260742
2.78596e-008	0.0161133
2.78846e-008	0.0109863
2.79096e-008	0.0230957
2.79346e-008	0.0315918
2.79596e-008	0.0130371
2.79846e-008	-0.00854491
2.80096e-008	0.01604
2.80346e-008	0.0341797
2.80596e-008	0.0194336
2.80846e-008	0.0199463
2.81096e-008	0.0209473
2.81346e-008	0.0235107
2.81596e-008	0.035669
2.81846e-008	0.0289551
2.82096e-008	0.0131592
2.82346e-008	0.013916
2.82596e-008	0.0187012
2.82846e-008	0.0161377
2.83096e-008	0.0254883
2.83346e-008	0.030542
2.83596e-008	0.018335
2.83846e-008	0.0161621
2.84096e-008	0.0229004
2.84346e-008	0.0239746
2.84596e-008	0.0186279
2.84846e-008	0.0141602
2.85096e-008	0.0237549
2.85346e-008	0.0346924
2.85596e-008	0.0197266
2.85846e-008	0.00551759
2.86096e-008	0.0163818
2.86346e-008	0.0212402
2.86596e-008	0.0106934
2.86846e-008	0.00280762
2.87096e-008	0.0157715
2.87346e-008	0.0302246
2.87596e-008	0.0255859
2.87846e-008	0.0208496
2.88096e-008	0.0157959
2.88346e-008	0.0166016
2.88596e-008	0.0124512
2.88846e-008	0.00422364
2.89096e-008	0.0168945
2.89346e-008	0.0205811
2.89596e-008	0.0175049
2.89846e-008	0.0176758
2.90096e-008	0.0127686
2.90346e-008	0.0187012
2.90596e-008	0.0217529
2.90846e-008	0.0198731
2.91096e-008	0.0204102
2.91346e-008	0.0191406
2.91596e-008	0.0161377
2.91846e-008	0.00969239
2.92096e-008	0.013794
2.92346e-008	0.0173096
2.92596e-008	0.00805665
2.92846e-008	0.010083
2.93096e-008	0.0190918
2.93346e-008	0.0207275
2.93596e-008	0.0204102
2.93846e-008	0.0155518
2.94096e-008	0.0207275
2.94346e-008	0.0315918
2.94596e-008	0.0212158
2.94846e-008	0.015332
2.95096e-008	0.0216065
2.95346e-008	0.014917
2.95596e-008	0.00461427
2.95846e-008	0.0138672
2.96096e-008	0.0296631
2.96346e-008	0.0216797
2.96596e-008	0.0150635
2.96846e-008	0.0228027
2.97096e-008	0.0226074
2.97346e-008	0.0242676
2.97596e-008	0.0243408
2.97846e-008	0.0201416
2.98096e-008	0.0320313
2.98346e-008	0.0442383
2.98596e-008	0.0322998
2.98846e-008	0.0169434
2.99096e-008	0.0136719
2.99346e-008	0.0215332
2.99596e-008	0.0354736
2.99846e-008	0.0280762
3.00096e-008	0.024292
3.00346e-008	0.0437988
3.00596e-008	0.0327881
3.00846e-008	0.00927735
3.01096e-008	0.0171143
3.01346e-008	0.0280029
3.01596e-008	0.033252
3.01846e-008	0.0343994
3.02096e-008	0.021582
3.02346e-008	0.0126953
3.02596e-008	0.020874
3.02846e-008	0.0265381
3.03096e-008	0.0177734
3.03346e-008	0.0177002
3.03596e-008	0.0253906
3.03846e-008	0.0216065
3.04096e-008	0.0228272
3.04346e-008	0.02146
3.04596e-008	0.00400391
3.04846e-008	0.00703126
3.05096e-008	0.0271973
3.05346e-008	0.029834
3.05596e-008	0.0227051
3.05846e-008	0.0174561
3.06096e-008	0.0233399
3.06346e-008	0.0307373
3.06596e-008	0.0223877
3.06846e-008	0.0129395
3.07096e-008	0.015918
3.07346e-008	0.0238037
3.07596e-008	0.00527345
3.07846e-008	-0.00463866
3.08096e-008	0.0253906
3.08346e-008	0.0284424
3.08596e-008	0.0191895
3.08846e-008	0.0211914
3.09096e-008	0.0112549
3.09346e-008	0.0167725
3.09596e-008	0.0225342
3.09846e-008	0.0131348
3.10096e-008	0.0187744
3.10346e-008	0.0365723
3.10596e-008	0.0306397
3.10846e-008	0.00895997
3.11096e-008	0.0122559
3.11346e-008	0.0166016
3.11596e-008	0.00480958
3.11846e-008	0.00725098
3.12096e-008	0.0180664
3.12346e-008	0.0192871
3.12596e-008	0.0169922
3.12846e-008	0.0128418
3.13096e-008	0.0128174
3.13346e-008	0.0216553
3.13596e-008	0.0151367
3.13846e-008	0.00402833
3.14096e-008	0.0166016
3.14346e-008	0.0224365
3.14596e-008	0.0147705
3.14846e-008	0.0197998
3.15096e-008	0.0257568
3.15346e-008	0.020752
3.15596e-008	0.0154785
3.15846e-008	0.017627
3.16096e-008	0.0236084
3.16346e-008	0.0249512
3.16596e-008	0.0153565
3.16846e-008	0.00903321
3.17096e-008	0.0239014
3.17346e-008	0.0314209
3.17596e-008	0.0234375
3.17846e-008	0.0262451
3.18096e-008	0.0281006
3.18346e-008	0.0258789
3.18596e-008	0.0227051
3.18846e-008	0.0224121
3.19096e-008	0.0344727
3.19346e-008	0.0344483
3.19596e-008	0.0256836
3.19846e-008	0.0228027
3.20096e-008	0.020459
3.20346e-008	0.0182861
3.20596e-008	0.0115479
3.20846e-008	0.0123779
3.21096e-008	0.0160156
3.21346e-008	0.0185791
3.21596e-008	0.0278076
3.21846e-008	0.0229981
3.22096e-008	0.0230957
3.22346e-008	0.0375977
3.22596e-008	0.0299316
3.22846e-008	0.0188721
3.23096e-008	0.0220947
3.23346e-008	0.0213867
3.23596e-008	0.0209717
3.23846e-008	0.0172363
3.24096e-008	0.0178711
3.24346e-008	0.0317871
3.24596e-008	0.0221924
3.24846e-008	0.00454102
3.25096e-008	0.018335
3.25346e-008	0.0254883
3.25596e-008	0.0159424
3.25846e-008	0.0224854
3.26096e-008	0.0265381
3.26346e-008	0.00969239
3.26596e-008	0.00344239
3.26846e-008	0.0244873
3.27096e-008	0.0318115
3.27346e-008	0.0173096
3.27596e-008	0.0234619
3.27846e-008	0.0348145
3.28096e-008	0.0243652
3.28346e-008	0.0140381
3.28596e-008	0.0182617
3.28846e-008	0.023877
3.29096e-008	0.0215088
3.29346e-008	0.0225586
3.29596e-008	0.0228272
3.29846e-008	0.0159668
3.30096e-008	0.0211182
3.30346e-008	0.0260498
3.30596e-008	0.0130127
3.30846e-008	0.0119141
3.31096e-008	0.0266846
3.31346e-008	0.0244385
3.31596e-008	0.0218018
3.31846e-008	0.0273926
3.32096e-008	0.0198242
3.32346e-008	0.0203125
3.32596e-008	0.0147705
3.32846e-008	0.00358887
3.33096e-008	0.0200195
3.33346e-008	0.0226807
3.33596e-008	0.0149414
3.33846e-008	0.0184082
3.34096e-008	0.0229736
3.34346e-008	0.0385742
3.34596e-008	0.0311035
3.34846e-008	0.0125488
3.35096e-008	0.0196777
3.35346e-008	0.0220703
3.35596e-008	0.0249024
3.35846e-008	0.0297852
3.36096e-008	0.017627
3.36346e-008	0.0169434
3.36596e-008	0.0251465
3.36846e-008	0.0205811
3.37096e-008	0.0169678
3.37346e-008	0.0163818
3.37596e-008	0.0230225
3.37846e-008	0.0281494
3.38096e-008	0.0259766
3.38346e-008	0.0329102
3.38596e-008	0.0228272
3.38846e-008	0.00654298
3.39096e-008	0.0125732
3.39346e-008	0.0084961
3.39596e-008	0.0113281
3.39846e-008	0.0301514
3.40096e-008	0.0327149
3.40346e-008	0.0354248
3.40596e-008	0.0262451
3.40846e-008	0.0114746
3.41096e-008	0.0214356
3.41346e-008	0.0241943
3.41596e-008	0.024707
3.41846e-008	0.0255127
3.42096e-008	0.0149414
3.42346e-008	0.0157227
3.42596e-008	0.0159912
3.42846e-008	0.0181397
3.43096e-008	0.0267822
3.43346e-008	0.0305908
3.43596e-008	0.0332764
3.43846e-008	0.0246094
3.44096e-008	0.0166016
3.44346e-008	0.016333
3.44596e-008	0.0186279
3.44846e-008	0.0256348
3.45096e-008	0.0128906
3.45346e-008	0.00642091
3.45596e-008	0.0175293
3.45846e-008	0.0145752
3.46096e-008	0.0219238
3.46346e-008	0.0168701
3.46596e-008	0.00610352
3.46846e-008	0.0286133
3.47096e-008	0.0290039
3.47346e-008	0.0144043
3.47596e-008	0.0156006
3.47846e-008	0.011377
3.48096e-008	0.0119385
3.48346e-008	0.0261475
3.48596e-008	0.0275635
3.48846e-008	0.0158936
3.49096e-008	0.0214356
3.49346e-008	0.0194824
3.49596e-008	0.010083
3.49846e-008	0.0147461
3.50096e-008	0.0210205
3.50346e-008	0.0286377
3.50596e-008	0.0205322
3.50846e-008	0.0175049
3.51096e-008	0.025293
3.51346e-008	0.0217041
3.51596e-008	0.0230225
3.51846e-008	0.023291
3.52096e-008	0.0297852
3.52346e-008	0.0283691
3.52596e-008	0.0123291
3.52846e-008	0.0159668
3.53096e-008	0.0214111
3.53346e-008	0.0224609
3.53596e-008	0.0246094
3.53846e-008	0.0136963
3.54096e-008	0.0137207
3.54346e-008	0.0261475
3.54596e-008	0.0234375
3.54846e-008	0.0242432
3.55096e-008	0.0229004
3.55346e-008	0.0109375
3.55596e-008	0.0167969
3.55846e-008	0.0161865
3.56096e-008	0.0133789
3.56346e-008	0.0266358
3.56596e-008	0.0276123
3.56846e-008	0.0260742
3.57096e-008	0.023291
3.57346e-008	0.0235596
3.57596e-008	0.0365479
3.57846e-008	0.029834
3.58096e-008	0.0244629
3.58346e-008	0.0333008
3.58596e-008	0.0129639
3.58846e-008	0.00126954
3.59096e-008	0.019165
3.59346e-008	0.0255615
3.59596e-008	0.0321533
3.59846e-008	0.0282715
3.60096e-008	0.0228516
3.60346e-008	0.0257324
3.60596e-008	0.0134033
3.60846e-008	0.0198486
3.61096e-008	0.0212402
3.61346e-008	0.0147461
3.61596e-008	0.0319336
3.61846e-008	0.0241943
3.62096e-008	0.0178955
3.62346e-008	0.0324951
3.62596e-008	0.022583
3.62846e-008	0.0165283
3.63096e-008	0.0239258
3.63346e-008	0.0187012
3.63596e-008	0.0145752
3.63846e-008	0.0125977
3.64096e-008	0.0220947
3.64346e-008	0.0350098
3.64596e-008	0.0202149
3.64846e-008	0.0138916
3.65096e-008	0.0156982
3.65346e-008	0.00908204
3.65596e-008	0.0210205
3.65846e-008	0.0255371
3.66096e-008	0.0218262
3.66346e-008	0.0224121
3.66596e-008	0.00666505
3.66846e-008	-0.00463866
3.67096e-008	0.00805665
3.67346e-008	0.0267822
3.67596e-008	0.0348145
3.67846e-008	0.0304688
3.68096e-008	0.0204834
3.68346e-008	0.017041
3.68596e-008	0.0137695
3.68846e-008	0.0155029
3.69096e-008	0.0263916
3.69346e-008	0.0129639
3.69596e-008	0.00290528
3.69846e-008	0.0175537
3.70096e-008	0.019751
3.70346e-008	0.0181152
3.70596e-008	0.018042
3.70846e-008	0.0229004
3.71096e-008	0.0307373
3.71346e-008	0.0225586
3.71596e-008	0.0179688
3.71846e-008	0.0147949
3.72096e-008	0.0176025
3.72346e-008	0.0307129
3.72596e-008	0.0228516
3.72846e-008	0.0112793
3.73096e-008	0.0150635
3.73346e-008	0.0257568
3.73596e-008	0.0261963
3.73846e-008	0.0174805
3.74096e-008	0.0269287
3.74346e-008	0.0224121
3.74596e-008	0.0081543
3.74846e-008	0.0213135
3.75096e-008	0.0141846
3.75346e-008	9.76637e-005
3.75596e-008	0.0240967
3.75846e-008	0.04021
3.76096e-008	0.0251709
3.76346e-008	0.0165283
3.76596e-008	0.0286377
3.76846e-008	0.0240967
3.77096e-008	0.0105957
3.77346e-008	0.0220459
3.77596e-008	0.0233887
3.77846e-008	0.0173096
3.78096e-008	0.0317383
3.78346e-008	0.0318848
3.78596e-008	0.0152832
3.78846e-008	0.0129639
3.79096e-008	0.0181641
3.79346e-008	0.020459
3.79596e-008	0.0227539
3.79846e-008	0.0250488
3.80096e-008	0.0266358
3.80346e-008	0.0277832
3.80596e-008	0.0191895
3.80846e-008	0.0105225
3.81096e-008	0.0190674
3.81346e-008	0.0206299
3.81596e-008	0.022583
3.81846e-008	0.0256836
3.82096e-008	0.0163818
3.82346e-008	0.0249512
3.82596e-008	0.0161865
3.82846e-008	0.00600587
3.83096e-008	0.0289551
3.83346e-008	0.0255371
3.83596e-008	0.018335
3.83846e-008	0.0251953
3.84096e-008	0.0257813
3.84346e-008	0.0228272
3.84596e-008	0.011377
3.84846e-008	0.0088379
3.85096e-008	0.00959473
3.85346e-008	0.0218018
3.85596e-008	0.0367432
3.85846e-008	0.0217529
3.86096e-008	0.0122315
3.86346e-008	0.0149658
3.86596e-008	0.00949708
3.86846e-008	0.013794
3.87096e-008	0.0212891
3.87346e-008	0.0105957
3.87596e-008	0.0083252
3.87846e-008	0.0227051
3.88096e-008	0.0246826
3.88346e-008	0.0262207
3.88596e-008	0.0301758
3.88846e-008	0.0307373
3.89096e-008	0.0379395
3.89346e-008	0.0327881
3.89596e-008	0.0173096
3.89846e-008	0.0151123
3.90096e-008	0.0253906
3.90346e-008	0.0221924
3.90596e-008	0.00654298
3.90846e-008	0.00800782
3.91096e-008	0.0116699
3.91346e-008	0.0141602
3.91596e-008	0.0257813
3.91846e-008	0.0219482
3.92096e-008	0.0102783
3.92346e-008	0.0088379
3.92596e-008	0.00791016
3.92846e-008	0.0110107
3.93096e-008	0.0121338
3.93346e-008	0.00808106
3.93596e-008	0.0199951
3.93846e-008	0.0270752
3.94096e-008	0.0243897
3.94346e-008	0.0285156
3.94596e-008	0.0108887
3.94846e-008	0.00439454
3.95096e-008	0.0274414
3.95346e-008	0.0268311
3.95596e-008	0.0248047
3.95846e-008	0.0297608
3.96096e-008	0.0228516
3.96346e-008	0.0239014
3.96596e-008	0.0112305
3.96846e-008	0.00458985
3.97096e-008	0.0236328
3.97346e-008	0.0170166
3.97596e-008	0.00869141
3.97846e-008	0.0220459
3.98096e-008	0.0265137
3.98346e-008	0.0288818
3.98596e-008	0.0292725
3.98846e-008	0.0229736
3.99096e-008	0.0205811
3.99346e-008	0.0223633
3.99596e-008	0.0270508
3.99846e-008	0.0241455
4.00096e-008	0.0162842
4.00346e-008	0.0199219
4.00596e-008	0.0196777
4.00846e-008	0.015332
4.01096e-008	0.0216553
4.01346e-008	0.0227539
4.01596e-008	0.0238281
4.01846e-008	0.0272705
4.02096e-008	0.0307861
4.02346e-008	0.0335449
4.02596e-008	0.0195801
4.02846e-008	0.0224854
4.03096e-008	0.0383545
4.03346e-008	0.0280518
4.03596e-008	0.0238281
4.03846e-008	0.0250488
4.04096e-008	0.0255127
4.04346e-008	0.0395264
4.04596e-008	0.0279297
4.04846e-008	0.0111816
4.05096e-008	0.0194824
4.05346e-008	0.020166
4.05596e-008	0.0207275
4.05846e-008	0.0225098
4.06096e-008	0.0190186
4.06346e-008	0.0237549
4.06596e-008	0.0243408
4.06846e-008	0.0242188
4.07096e-008	0.0196045
4.07346e-008	0.0140381
4.07596e-008	0.0246826
4.07846e-008	0.0219971
4.08096e-008	0.0144775
4.08346e-008	0.0190186
4.08596e-008	0.0157471
4.08846e-008	0.0204346
4.09096e-008	0.02854
4.09346e-008	0.0237061
4.09596e-008	0.0216065
4.09846e-008	0.0225586
4.10096e-008	0.0188477
4.10346e-008	0.0157959
4.10596e-008	0.0188477
4.10846e-008	0.0280762
4.11096e-008	0.0326904
4.11346e-008	0.0263428
4.11596e-008	0.0285889
4.11846e-008	0.036499
4.12096e-008	0.0275391
4.12346e-008	0.0243164
4.12596e-008	0.0291016
4.12846e-008	0.018042
4.13096e-008	0.0152344
4.13346e-008	0.0251953
4.13596e-008	0.0277344
4.13846e-008	0.0284424
4.14096e-008	0.0349609
4.14346e-008	0.0381348
4.14596e-008	0.0177002
4.14846e-008	0.00590821
4.15096e-008	0.0240723
4.15346e-008	0.0306397
4.15596e-008	0.0240723
4.15846e-008	0.0283936
4.16096e-008	0.0392822
4.16346e-008	0.0278809
4.16596e-008	0.010083
4.16846e-008	0.0155029
4.17096e-008	0.0194092
4.17346e-008	0.0235107
4.17596e-008	0.0237305
4.17846e-008	0.0213135
4.18096e-008	0.0313721
4.18346e-008	0.0256104
4.18596e-008	0.0125488
4.18846e-008	0.0110107
4.19096e-008	0.013916
4.19346e-008	0.0202881
4.19596e-008	0.0261963
4.19846e-008	0.0277588
4.20096e-008	0.0219971
4.20346e-008	0.0212158
4.20596e-008	0.0215088
4.20846e-008	0.0146729
4.21096e-008	0.0161377
4.21346e-008	0.0183838
4.21596e-008	0.0162354
4.21846e-008	0.0174316
4.22096e-008	0.018457
4.22346e-008	0.0193359
4.22596e-008	0.011499
4.22846e-008	0.00522462
4.23096e-008	0.01604
4.23346e-008	0.0243897
4.23596e-008	0.0234619
4.23846e-008	0.0202637
4.24096e-008	0.0224365
4.24346e-008	0.0213379
4.24596e-008	0.0119873
4.24846e-008	0.0251709
4.25096e-008	0.0335693
4.25346e-008	0.014209
4.25596e-008	0.0131348
4.25846e-008	0.0213135
4.26096e-008	0.0276123
4.26346e-008	0.0427002
4.26596e-008	0.0354736
4.26846e-008	0.0179932
4.27096e-008	0.0151611
4.27346e-008	0.0160156
4.27596e-008	0.0248535
4.27846e-008	0.021582
4.28096e-008	0.0140625
4.28346e-008	0.0215332
4.28596e-008	0.0137695
4.28846e-008	0.0131348
4.29096e-008	0.0177246
4.29346e-008	0.0107666
4.29596e-008	0.0213623
4.29846e-008	0.0180176
4.30096e-008	0.0144531
4.30346e-008	0.0266846
4.30596e-008	0.0138184
4.30846e-008	0.0128906
4.31096e-008	0.0236572
4.31346e-008	0.0107178
4.31596e-008	0.00791016
4.31846e-008	0.018042
4.32096e-008	0.0165527
4.32346e-008	0.013208
4.32596e-008	0.0109619
4.32846e-008	0.0147949
4.33096e-008	0.0312256
4.33346e-008	0.0370117
4.33596e-008	0.0325195
4.33846e-008	0.0306152
4.34096e-008	0.0284668
4.34346e-008	0.0165772
4.34596e-008	0.00690919
4.34846e-008	0.025708
4.35096e-008	0.0291992
4.35346e-008	0.0121338
4.35596e-008	0.00490723
4.35846e-008	-2.44066e-005
4.36096e-008	0.0185547
4.36346e-008	0.0268311
4.36596e-008	0.0140625
4.36846e-008	0.0199219
4.37096e-008	0.0222656
4.37346e-008	0.0196289
4.37596e-008	0.0242188
4.37846e-008	0.0249512
4.38096e-008	0.020044
4.38346e-008	0.0159668
4.38596e-008	0.0169434
4.38846e-008	0.0252441
4.39096e-008	0.0196045
4.39346e-008	0.000585945
4.39596e-008	0.0159668
4.39846e-008	0.0317627
4.40096e-008	0.0220215
4.40346e-008	0.0243164
4.40596e-008	0.0235352
4.40846e-008	0.0185791
4.41096e-008	0.0281006
4.41346e-008	0.0315674
4.41596e-008	0.0111572
4.41846e-008	0.0146729
4.42096e-008	0.0453125
4.42346e-008	0.0451172
4.42596e-008	0.0345947
4.42846e-008	0.0234375
4.43096e-008	0.0171387
4.43346e-008	0.016626
4.43596e-008	0.00219727
4.43846e-008	0.0135742
4.44096e-008	0.0180908
4.44346e-008	-0.00424804
4.44596e-008	0.0050293
4.44846e-008	0.0197754
4.45096e-008	0.0194336
4.45346e-008	0.0231934
4.45596e-008	0.0150391
4.45846e-008	0.00332032
4.46096e-008	0.0118408
4.46346e-008	0.0215576
4.46596e-008	0.0210938
4.46846e-008	0.0217529
4.47096e-008	0.0187988
4.47346e-008	0.0167236
4.47596e-008	0.0264404
4.47846e-008	0.0316406
4.48096e-008	0.0229981
4.48346e-008	0.0249512
4.48596e-008	0.0343018
4.48846e-008	0.0203125
4.49096e-008	0.0090088
4.49346e-008	0.024707
4.49596e-008	0.0252441
4.49846e-008	0.0149658
4.50096e-008	0.0275635
4.50346e-008	0.0225342
4.50596e-008	0.00581055
4.50846e-008	0.02229
4.51096e-008	0.0324707
4.51346e-008	0.0186035
4.51596e-008	0.0154541
4.51846e-008	0.0247315
4.52096e-008	0.0334473
4.52346e-008	0.0275635
4.52596e-008	0.00678712
4.52846e-008	0.00278321
4.53096e-008	0.0083252
4.53346e-008	0.0101563
4.53596e-008	0.022876
4.53846e-008	0.0225342
4.54096e-008	0.0163818
4.54346e-008	0.016626
4.54596e-008	0.0129883
4.54846e-008	0.0202637
4.55096e-008	0.00998536
4.55346e-008	0.00227052
4.55596e-008	0.0268311
4.55846e-008	0.024707
4.56096e-008	0.0129639
4.56346e-008	0.0177979
4.56596e-008	0.00920411
4.56846e-008	0.00949708
4.57096e-008	0.0244141
4.57346e-008	0.0280274
4.57596e-008	0.0204834
4.57846e-008	0.00805665
4.58096e-008	0.0178711
4.58346e-008	0.0393799
4.58596e-008	0.0270996
4.58846e-008	0.0178223
4.59096e-008	0.0216797
4.59346e-008	0.0113281
4.59596e-008	0.0161133
4.59846e-008	0.0204102
4.60096e-008	0.0196533
4.60346e-008	0.029419
4.60596e-008	0.01604
4.60846e-008	0.00263673
4.61096e-008	0.0114258
4.61346e-008	0.0218262
4.61596e-008	0.028833
4.61846e-008	0.0221924
4.62096e-008	0.0189697
4.62346e-008	0.0280762
4.62596e-008	0.0309082
4.62846e-008	0.0205078
4.63096e-008	0.00217286
4.63346e-008	0.00959473
4.63596e-008	0.0317871
4.63846e-008	0.0263672
4.64096e-008	0.0166748
4.64346e-008	0.0241211
4.64596e-008	0.0294922
4.64846e-008	0.0263672
4.65096e-008	0.0250488
4.65346e-008	0.0240723
4.65596e-008	0.0161133
4.65846e-008	0.0147217
4.66096e-008	0.0270508
4.66346e-008	0.0249512
4.66596e-008	0.0136475
4.66846e-008	0.024292
4.67096e-008	0.0266846
4.67346e-008	0.0115479
4.67596e-008	0.0188721
4.67846e-008	0.0290283
4.68096e-008	0.0233887
4.68346e-008	0.0189697
4.68596e-008	0.0107178
4.68846e-008	0.0145996
4.69096e-008	0.0287109
4.69346e-008	0.0218018
4.69596e-008	0.0207764
4.69846e-008	0.0199463
4.70096e-008	0.0091797
4.70346e-008	0.0277832
4.70596e-008	0.0317627
4.70846e-008	0.0168213
4.71096e-008	0.0229736
4.71346e-008	0.0175049
4.71596e-008	0.0220947
4.71846e-008	0.0338135
4.72096e-008	0.0250977
4.72346e-008	0.0367432
4.72596e-008	0.0369873
4.72846e-008	0.0157471
4.73096e-008	0.0118652
4.73346e-008	0.00646973
4.73596e-008	0.0178711
4.73846e-008	0.0306152
4.74096e-008	0.0236816
4.74346e-008	0.0309326
4.74596e-008	0.0266113
4.74846e-008	0.015918
4.75096e-008	0.0187744
4.75346e-008	0.0215332
4.75596e-008	0.0233399
4.75846e-008	0.0124024
4.76096e-008	0.0203857
4.76346e-008	0.0355957
4.76596e-008	0.0188965
4.76846e-008	0.0135254
4.77096e-008	0.0206055
4.77346e-008	0.0280518
4.77596e-008	0.0392822
4.77846e-008	0.0224854
4.78096e-008	0.0124512
4.78346e-008	0.0255615
4.78596e-008	0.0160645
4.78846e-008	0.013794
4.79096e-008	0.0236572
4.79346e-008	0.0232422
4.79596e-008	0.032666
4.79846e-008	0.0191406
4.80096e-008	0.0025879
4.80346e-008	0.0238525
4.80596e-008	0.0249512
4.80846e-008	0.0139649
4.81096e-008	0.0217529
4.81346e-008	0.0227295
4.81596e-008	0.024585
4.81846e-008	0.018457
4.82096e-008	0.0141357
4.82346e-008	0.0277344
4.82596e-008	0.0217529
4.82846e-008	0.0101074
4.83096e-008	0.0126465
4.83346e-008	0.0235107
4.83596e-008	0.0235352
4.83846e-008	0.00712891
4.84096e-008	0.0226074
4.84346e-008	0.0335938
4.84596e-008	0.0165527
4.84846e-008	0.0174561
4.85096e-008	0.0209961
4.85346e-008	0.026416
4.85596e-008	0.0353272
4.85846e-008	0.0439453
4.86096e-008	0.0493652
4.86346e-008	0.0300781
4.86596e-008	0.0152832
4.86846e-008	0.0182373
4.87096e-008	0.0195557
4.87346e-008	0.0128174
4.87596e-008	0.0130127
4.87846e-008	0.0205811
4.88096e-008	0.00737305
4.88346e-008	0.0137695
4.88596e-008	0.0328858
4.88846e-008	0.0188232
4.89096e-008	0.0167236
4.89346e-008	0.0206543
4.89596e-008	0.0147461
4.89846e-008	0.0264649
4.90096e-008	0.0315674
4.90346e-008	0.0158691
4.90596e-008	0.00803223
4.90846e-008	0.0197998
4.91096e-008	0.0206299
4.91346e-008	0.0114746
4.91596e-008	0.0236816
4.91846e-008	0.0303955
4.92096e-008	0.0231445
4.92346e-008	0.0171143
4.92596e-008	0.00651856
4.92846e-008	0.00954591
4.93096e-008	0.0148193
4.93346e-008	0.0197998
4.93596e-008	0.0305176
4.93846e-008	0.0184082
4.94096e-008	0.0208252
4.94346e-008	0.0409668
4.94596e-008	0.0309326
4.94846e-008	0.0167725
4.95096e-008	0.0209229
4.95346e-008	0.0275391
4.95596e-008	0.0165039
4.95846e-008	0.00798341
4.96096e-008	0.0201904
4.96346e-008	0.0266602
4.96596e-008	0.0242188
4.96846e-008	0.0159424
4.97096e-008	0.0124756
4.97346e-008	0.0236572
4.97596e-008	0.0362061
4.97846e-008	0.037793
4.98096e-008	0.0166748
4.98346e-008	0.00288087
4.98596e-008	0.0152832
4.98846e-008	0.0258301
4.99096e-008	0.0252686
4.99346e-008	0.0134766
4.99596e-008	0.0150879
4.99846e-008	0.0312988
5.00096e-008	0.0257324
