# LECROYWM813Zi	51496	Waveform
# Segments	1	SegmentSize	4002
# Segment	TrigTime	TimeSinceSegment1
# #1	30-Nov-2018 17:20:32	0                 
# Time	Ampl
-5.000239e-008	0.023291
-4.997739e-008	0.0353272
-4.995239e-008	0.0276856
-4.992739e-008	0.0231201
-4.990239e-008	0.0314697
-4.987739e-008	0.0231201
-4.985239e-008	0.0205078
-4.982739e-008	0.026294
-4.980239e-008	0.0263184
-4.977739e-008	0.0384033
-4.975239e-008	0.0328369
-4.972739e-008	0.0146729
-4.970239e-008	0.014209
-4.967739e-008	0.017334
-4.965239e-008	0.0270752
-4.962739e-008	0.0319336
-4.960239e-008	0.0330811
-4.957739e-008	0.0326172
-4.955239e-008	0.0218506
-4.952739e-008	0.021582
-4.950239e-008	0.0178223
-4.947739e-008	0.0161865
-4.945239e-008	0.0302979
-4.942739e-008	0.0232178
-4.940239e-008	0.016333
-4.937739e-008	0.0291504
-4.935239e-008	0.0267578
-4.932739e-008	0.023169
-4.930239e-008	0.0271973
-4.927739e-008	0.0246338
-4.925239e-008	0.0289795
-4.922739e-008	0.0269531
-4.920239e-008	0.0225342
-4.917739e-008	0.0336914
-4.915239e-008	0.0262207
-4.912739e-008	0.0181641
-4.910239e-008	0.0348633
-4.907739e-008	0.0310303
-4.905239e-008	0.0140137
-4.902739e-008	0.0145996
-4.900239e-008	0.0240479
-4.897739e-008	0.0239014
-4.895239e-008	0.0103516
-4.892739e-008	0.0151367
-4.890239e-008	0.0230225
-4.887739e-008	0.0152344
-4.885239e-008	0.024292
-4.882739e-008	0.0297119
-4.880239e-008	0.0273438
-4.877739e-008	0.0237549
-4.875239e-008	-0.00407714
-4.872739e-008	-0.00334472
-4.870239e-008	0.02229
-4.867739e-008	0.0227783
-4.865239e-008	0.0302734
-4.862739e-008	0.0278076
-4.860239e-008	0.018042
-4.857739e-008	0.02771
-4.855239e-008	0.023584
-4.852739e-008	0.0272217
-4.850239e-008	0.0278076
-4.847739e-008	0.0138184
-4.845239e-008	0.0196777
-4.842739e-008	0.0163818
-4.840239e-008	0.0267578
-4.837739e-008	0.0504395
-4.835239e-008	0.0358887
-4.832739e-008	0.0206299
-4.830239e-008	0.0246094
-4.827739e-008	0.0251953
-4.825239e-008	0.020166
-4.822739e-008	0.0296143
-4.820239e-008	0.042749
-4.817739e-008	0.0272949
-4.815239e-008	0.0123047
-4.812739e-008	0.0174561
-4.810239e-008	0.0206055
-4.807739e-008	0.0168945
-4.805239e-008	0.0197022
-4.802739e-008	0.0213623
-4.800239e-008	0.017627
-4.797739e-008	0.028418
-4.795239e-008	0.0309326
-4.792739e-008	0.0213379
-4.790239e-008	0.0208252
-4.787739e-008	0.0198731
-4.785239e-008	0.030957
-4.782739e-008	0.035669
-4.780239e-008	0.025
-4.777739e-008	0.0250244
-4.775239e-008	0.0203369
-4.772739e-008	0.0220215
-4.770239e-008	0.0252686
-4.767739e-008	0.014502
-4.765239e-008	0.0218506
-4.762739e-008	0.0268555
-4.760239e-008	0.0238525
-4.757739e-008	0.0317871
-4.755239e-008	0.0219238
-4.752739e-008	0.0155762
-4.750239e-008	0.0207764
-4.747739e-008	0.008667
-4.745239e-008	0.00773927
-4.742739e-008	0.0195557
-4.740239e-008	0.0284668
-4.737739e-008	0.0388672
-4.735239e-008	0.0261719
-4.732739e-008	0.0112305
-4.730239e-008	0.0314697
-4.727739e-008	0.0425537
-4.725239e-008	0.0229004
-4.722739e-008	0.0209717
-4.720239e-008	0.0384766
-4.717739e-008	0.0331543
-4.715239e-008	0.0200928
-4.712739e-008	0.0245361
-4.710239e-008	0.0248535
-4.707739e-008	0.0233154
-4.705239e-008	0.0233154
-4.702739e-008	0.0148682
-4.700239e-008	0.0214844
-4.697739e-008	0.028418
-4.695239e-008	0.0156982
-4.692739e-008	0.0156494
-4.690239e-008	0.0212891
-4.687739e-008	0.024707
-4.685239e-008	0.0291504
-4.682739e-008	0.0155274
-4.680239e-008	0.0156738
-4.677739e-008	0.0284668
-4.675239e-008	0.0240479
-4.672739e-008	0.0241699
-4.670239e-008	0.0227051
-4.667739e-008	0.0193359
-4.665239e-008	0.0226318
-4.662739e-008	0.017334
-4.660239e-008	0.0198731
-4.657739e-008	0.027417
-4.655239e-008	0.0179932
-4.652739e-008	0.0123535
-4.650239e-008	0.0202637
-4.647739e-008	0.026294
-4.645239e-008	0.0275391
-4.642739e-008	0.0223145
-4.640239e-008	0.0276123
-4.637739e-008	0.0384522
-4.635239e-008	0.0232422
-4.632739e-008	0.0162109
-4.630239e-008	0.0266846
-4.627739e-008	0.0212402
-4.625239e-008	0.0237061
-4.622739e-008	0.0257813
-4.620239e-008	0.0128662
-4.617739e-008	0.0104004
-4.615239e-008	0.00478516
-4.612739e-008	0.00852052
-4.610239e-008	0.0167969
-4.607739e-008	0.00632325
-4.605239e-008	0.0218262
-4.602739e-008	0.0326904
-4.600239e-008	0.0213135
-4.597739e-008	0.0341309
-4.595239e-008	0.0233643
-4.592739e-008	0.00747071
-4.590239e-008	0.0204346
-4.587739e-008	0.00703126
-4.585239e-008	0.0083252
-4.582739e-008	0.0308838
-4.580239e-008	0.019751
-4.577739e-008	0.0131592
-4.575239e-008	0.0254639
-4.572739e-008	0.0398682
-4.570239e-008	0.0387695
-4.567739e-008	0.0223389
-4.565239e-008	0.0274902
-4.562739e-008	0.0321533
-4.560239e-008	0.0299072
-4.557739e-008	0.0263672
-4.555239e-008	0.0105225
-4.552739e-008	0.020459
-4.550239e-008	0.0298096
-4.547739e-008	0.0157227
-4.545239e-008	0.0216797
-4.542739e-008	0.0309082
-4.540239e-008	0.0310547
-4.537739e-008	0.0265625
-4.535239e-008	0.0114746
-4.532739e-008	0.0102539
-4.530239e-008	0.0171875
-4.527739e-008	0.017334
-4.525239e-008	0.0188232
-4.522739e-008	0.0166504
-4.520239e-008	0.0165527
-4.517739e-008	0.0186768
-4.515239e-008	0.0148926
-4.512739e-008	0.0221924
-4.510239e-008	0.0338135
-4.507739e-008	0.0258301
-4.505239e-008	0.0200928
-4.502739e-008	0.0275879
-4.500239e-008	0.0236816
-4.497739e-008	0.0164307
-4.495239e-008	0.0210449
-4.492739e-008	0.0248047
-4.490239e-008	0.0245117
-4.487739e-008	0.0307373
-4.485239e-008	0.0298096
-4.482739e-008	0.0171875
-4.480239e-008	0.0198975
-4.477739e-008	0.0212891
-4.475239e-008	0.0118164
-4.472739e-008	0.0115967
-4.470239e-008	0.0112305
-4.467739e-008	0.0192627
-4.465239e-008	0.021582
-4.462739e-008	0.0114502
-4.460239e-008	0.026001
-4.457739e-008	0.0290039
-4.455239e-008	0.0103516
-4.452739e-008	0.0183594
-4.450239e-008	0.0212158
-4.447739e-008	0.0131836
-4.445239e-008	0.0301514
-4.442739e-008	0.0329834
-4.440239e-008	0.0174316
-4.437739e-008	0.0167969
-4.435239e-008	0.0150635
-4.432739e-008	0.0209717
-4.430239e-008	0.0297608
-4.427739e-008	0.0218506
-4.425239e-008	0.0264404
-4.422739e-008	0.0329346
-4.420239e-008	0.0298096
-4.417739e-008	0.0335449
-4.415239e-008	0.0251221
-4.412739e-008	0.0128418
-4.410239e-008	0.0220215
-4.407739e-008	0.0346191
-4.405239e-008	0.0282471
-4.402739e-008	0.0265869
-4.400239e-008	0.0322022
-4.397739e-008	0.0216309
-4.395239e-008	0.0218262
-4.392739e-008	0.0244629
-4.390239e-008	0.0137451
-4.387739e-008	0.0140869
-4.385239e-008	0.0212891
-4.382739e-008	0.0302734
-4.380239e-008	0.0330566
-4.377739e-008	0.0234375
-4.375239e-008	0.0177246
-4.372739e-008	0.020874
-4.370239e-008	0.0229981
-4.367739e-008	0.0216065
-4.365239e-008	0.0203857
-4.362739e-008	0.0223389
-4.360239e-008	0.0350586
-4.357739e-008	0.0328125
-4.355239e-008	0.0110596
-4.352739e-008	0.0109619
-4.350239e-008	0.0176025
-4.347739e-008	0.0155029
-4.345239e-008	0.0217529
-4.342739e-008	0.0212647
-4.340239e-008	0.0227539
-4.337739e-008	0.0364014
-4.335239e-008	0.0251221
-4.332739e-008	0.0150879
-4.330239e-008	0.0263916
-4.327739e-008	0.0236816
-4.325239e-008	0.028418
-4.322739e-008	0.0201416
-4.320239e-008	0.00456544
-4.317739e-008	0.0240234
-4.315239e-008	0.0241943
-4.312739e-008	0.0210205
-4.310239e-008	0.03479
-4.307739e-008	0.0267578
-4.305239e-008	0.020874
-4.302739e-008	0.0243897
-4.300239e-008	0.0313477
-4.297739e-008	0.033252
-4.295239e-008	0.0137207
-4.292739e-008	0.00937501
-4.290239e-008	0.022876
-4.287739e-008	0.0290772
-4.285239e-008	0.0403565
-4.282739e-008	0.0280029
-4.280239e-008	0.0125488
-4.277739e-008	0.037085
-4.275239e-008	0.0378906
-4.272739e-008	0.0214844
-4.270239e-008	0.0222168
-4.267739e-008	0.0144287
-4.265239e-008	0.0161377
-4.262739e-008	0.0187012
-4.260239e-008	0.0192627
-4.257739e-008	0.026709
-4.255239e-008	0.0163574
-4.252739e-008	0.0157959
-4.250239e-008	0.0251953
-4.247739e-008	0.0182617
-4.245239e-008	0.0161865
-4.242739e-008	0.0178711
-4.240239e-008	0.025
-4.237739e-008	0.0260254
-4.235239e-008	0.0132324
-4.232739e-008	0.0259522
-4.230239e-008	0.0333496
-4.227739e-008	0.0143311
-4.225239e-008	0.0116211
-4.222739e-008	0.0133057
-4.220239e-008	0.0150391
-4.217739e-008	0.0204834
-4.215239e-008	0.0125977
-4.212739e-008	0.0109375
-4.210239e-008	0.0258057
-4.207739e-008	0.0318359
-4.205239e-008	0.0185547
-4.202739e-008	0.0143311
-4.200239e-008	0.0232178
-4.197739e-008	0.0236572
-4.195239e-008	0.0196289
-4.192739e-008	0.0135986
-4.190239e-008	0.0136963
-4.187739e-008	0.0182129
-4.185239e-008	0.0205566
-4.182739e-008	0.0281738
-4.180239e-008	0.0302734
-4.177739e-008	0.0208496
-4.175239e-008	0.00642091
-4.172739e-008	0.00915528
-4.170239e-008	0.0236328
-4.167739e-008	0.0234619
-4.165239e-008	0.0241455
-4.162739e-008	0.0209961
-4.160239e-008	0.00708009
-4.157739e-008	0.0101563
-4.155239e-008	0.0247559
-4.152739e-008	0.0275635
-4.150239e-008	0.0250733
-4.147739e-008	0.028125
-4.145239e-008	0.0305176
-4.142739e-008	0.0240479
-4.140239e-008	0.0256348
-4.137739e-008	0.0336914
-4.135239e-008	0.0181397
-4.132739e-008	0.0137207
-4.130239e-008	0.0177734
-4.127739e-008	0.00429688
-4.125239e-008	0.0140625
-4.122739e-008	0.0168945
-4.120239e-008	0.0122559
-4.117739e-008	0.0286865
-4.115239e-008	0.0251953
-4.112739e-008	0.0211914
-4.110239e-008	0.0293457
-4.107739e-008	0.0246826
-4.105239e-008	0.0216309
-4.102739e-008	0.0238037
-4.100239e-008	0.0183838
-4.097739e-008	0.0151611
-4.095239e-008	0.0228027
-4.092739e-008	0.0236572
-4.090239e-008	0.0292725
-4.087739e-008	0.0373047
-4.085239e-008	0.0120117
-4.082739e-008	0.00358887
-4.080239e-008	0.037085
-4.077739e-008	0.0324219
-4.075239e-008	0.00114747
-4.072739e-008	0.00163575
-4.070239e-008	0.00881348
-4.067739e-008	0.0177979
-4.065239e-008	0.0345459
-4.062739e-008	0.030957
-4.060239e-008	0.0257813
-4.057739e-008	0.0289795
-4.055239e-008	0.0123779
-4.052739e-008	0.0123291
-4.050239e-008	0.0272461
-4.047739e-008	0.0150635
-4.045239e-008	0.00927735
-4.042739e-008	0.0131348
-4.040239e-008	0.0235107
-4.037739e-008	0.0307373
-4.035239e-008	0.00607911
-4.032739e-008	0.000561531
-4.030239e-008	0.0132324
-4.027739e-008	0.0165772
-4.025239e-008	0.0249756
-4.022739e-008	0.0209961
-4.020239e-008	0.0244385
-4.017739e-008	0.0292236
-4.015239e-008	0.0129639
-4.012739e-008	0.00878907
-4.010239e-008	0.0118897
-4.007739e-008	0.0209961
-4.005239e-008	0.0389404
-4.002739e-008	0.0374268
-4.000239e-008	0.0157227
-3.997739e-008	0.0050293
-3.995239e-008	0.020459
-3.992739e-008	0.0238037
-3.990239e-008	0.019458
-3.987739e-008	0.0246582
-3.985239e-008	0.0196289
-3.982739e-008	0.0237549
-3.980239e-008	0.0272461
-3.977739e-008	0.0214356
-3.975239e-008	0.0200195
-3.972739e-008	0.0164063
-3.970239e-008	0.0138672
-3.967739e-008	0.0108887
-3.965239e-008	0.0220215
-3.962739e-008	0.0302734
-3.960239e-008	0.0258545
-3.957739e-008	0.0300049
-3.955239e-008	0.0197998
-3.952739e-008	0.0145752
-3.950239e-008	0.0253418
-3.947739e-008	0.0152344
-3.945239e-008	0.0119385
-3.942739e-008	0.0279053
-3.940239e-008	0.0335449
-3.937739e-008	0.0322266
-3.935239e-008	0.0172852
-3.932739e-008	0.0112793
-3.930239e-008	0.0240234
-3.927739e-008	0.0143066
-3.925239e-008	0.0200195
-3.922739e-008	0.0352295
-3.920239e-008	0.0247315
-3.917739e-008	0.0283936
-3.915239e-008	0.0197266
-3.912739e-008	0.00124512
-3.910239e-008	0.00991212
-3.907739e-008	0.0139649
-3.905239e-008	0.018335
-3.902739e-008	0.0269775
-3.900239e-008	0.0281738
-3.897739e-008	0.0296875
-3.895239e-008	0.0091797
-3.892739e-008	0.0050293
-3.890239e-008	0.0383545
-3.887739e-008	0.030835
-3.885239e-008	0.012207
-3.882739e-008	0.0296387
-3.880239e-008	0.0368897
-3.877739e-008	0.0255371
-3.875239e-008	0.0125244
-3.872739e-008	0.014917
-3.870239e-008	0.0253662
-3.867739e-008	0.0279053
-3.865239e-008	0.019165
-3.862739e-008	0.00471192
-3.860239e-008	0.0123535
-3.857739e-008	0.024292
-3.855239e-008	0.0189453
-3.852739e-008	0.0169678
-3.850239e-008	0.0239258
-3.847739e-008	0.0286621
-3.845239e-008	0.0269287
-3.842739e-008	0.024707
-3.840239e-008	0.0278565
-3.837739e-008	0.0209961
-3.835239e-008	0.00378419
-3.832739e-008	0.0166016
-3.830239e-008	0.030957
-3.827739e-008	0.0211914
-3.825239e-008	0.0217774
-3.822739e-008	0.0194336
-3.820239e-008	0.0244873
-3.817739e-008	0.0209473
-3.815239e-008	0.00285645
-3.812739e-008	0.0209717
-3.810239e-008	0.0234863
-3.807739e-008	0.00817872
-3.805239e-008	0.0216065
-3.802739e-008	0.027417
-3.800239e-008	0.0274414
-3.797739e-008	0.0265137
-3.795239e-008	0.0152832
-3.792739e-008	0.0211914
-3.790239e-008	0.031958
-3.787739e-008	0.0239258
-3.785239e-008	0.0314941
-3.782739e-008	0.035791
-3.780239e-008	0.0176025
-3.777739e-008	0.0203857
-3.775239e-008	0.00610352
-3.772739e-008	0.00122071
-3.770239e-008	0.0376465
-3.767739e-008	0.0294678
-3.765239e-008	0.0129883
-3.762739e-008	0.0198486
-3.760239e-008	0.01521
-3.757739e-008	0.0187012
-3.755239e-008	0.0199707
-3.752739e-008	0.0200195
-3.750239e-008	0.0294922
-3.747739e-008	0.0320801
-3.745239e-008	0.0282715
-3.742739e-008	0.029419
-3.740239e-008	0.0297608
-3.737739e-008	0.022168
-3.735239e-008	0.0152832
-3.732739e-008	0.0175781
-3.730239e-008	0.0249512
-3.727739e-008	0.018457
-3.725239e-008	0.0199463
-3.722739e-008	0.030957
-3.720239e-008	0.0196533
-3.717739e-008	0.00834962
-3.715239e-008	0.00717774
-3.712739e-008	0.0184326
-3.710239e-008	0.0261963
-3.707739e-008	0.0134277
-3.705239e-008	0.0182617
-3.702739e-008	0.0272217
-3.700239e-008	0.0280029
-3.697739e-008	0.0322754
-3.695239e-008	0.0090088
-3.692739e-008	0.00183106
-3.690239e-008	0.0340088
-3.687739e-008	0.0363037
-3.685239e-008	0.0290039
-3.682739e-008	0.0347412
-3.680239e-008	0.0218994
-3.677739e-008	0.0142334
-3.675239e-008	0.022168
-3.672739e-008	0.0313721
-3.670239e-008	0.0363037
-3.667739e-008	0.0287354
-3.665239e-008	0.01604
-3.662739e-008	0.0125732
-3.660239e-008	0.0242676
-3.657739e-008	0.0300293
-3.655239e-008	0.0191162
-3.652739e-008	0.0141846
-3.650239e-008	0.0227051
-3.647739e-008	0.0278076
-3.645239e-008	0.0230957
-3.642739e-008	0.020874
-3.640239e-008	0.0258057
-3.637739e-008	0.0273682
-3.635239e-008	0.0184815
-3.632739e-008	0.0182373
-3.630239e-008	0.0292969
-3.627739e-008	0.0285645
-3.625239e-008	0.0267822
-3.622739e-008	0.0157959
-3.620239e-008	0.00729981
-3.617739e-008	0.0255127
-3.615239e-008	0.0168213
-3.612739e-008	0.00329591
-3.610239e-008	0.0209961
-3.607739e-008	0.0220215
-3.605239e-008	0.0243164
-3.602739e-008	0.030542
-3.600239e-008	0.0262695
-3.597739e-008	0.0323975
-3.595239e-008	0.0216065
-3.592739e-008	0.00869141
-3.590239e-008	0.0162354
-3.587739e-008	0.0156982
-3.585239e-008	0.0231934
-3.582739e-008	0.0296143
-3.580239e-008	0.0202881
-3.577739e-008	0.0280274
-3.575239e-008	0.0291016
-3.572739e-008	0.0223145
-3.570239e-008	0.0359131
-3.567739e-008	0.0362305
-3.565239e-008	0.0217285
-3.562739e-008	0.0110107
-3.560239e-008	0.0149902
-3.557739e-008	0.0353027
-3.555239e-008	0.0277832
-3.552739e-008	0.00957032
-3.550239e-008	0.0212647
-3.547739e-008	0.0270264
-3.545239e-008	0.0236084
-3.542739e-008	0.0316406
-3.540239e-008	0.0333496
-3.537739e-008	0.0258057
-3.535239e-008	0.0167481
-3.532739e-008	0.0193604
-3.530239e-008	0.024707
-3.527739e-008	0.00993653
-3.525239e-008	0.00766602
-3.522739e-008	0.013208
-3.520239e-008	0.0136475
-3.517739e-008	0.0272217
-3.515239e-008	0.0184815
-3.512739e-008	0.0163086
-3.510239e-008	0.0394531
-3.507739e-008	0.0278076
-3.505239e-008	0.0187012
-3.502739e-008	0.0324951
-3.500239e-008	0.0291992
-3.497739e-008	0.0181641
-3.495239e-008	0.00805665
-3.492739e-008	0.0159912
-3.490239e-008	0.0315674
-3.487739e-008	0.0238525
-3.485239e-008	0.0226318
-3.482739e-008	0.0310791
-3.480239e-008	0.0344727
-3.477739e-008	0.0313965
-3.475239e-008	0.0153076
-3.472739e-008	0.0177734
-3.470239e-008	0.0274658
-3.467739e-008	0.0195801
-3.465239e-008	0.0244873
-3.462739e-008	0.0345459
-3.460239e-008	0.0284424
-3.457739e-008	0.0181152
-3.455239e-008	0.00881348
-3.452739e-008	0.008667
-3.450239e-008	0.0202149
-3.447739e-008	0.0206787
-3.445239e-008	0.0148438
-3.442739e-008	0.0193359
-3.440239e-008	0.0296875
-3.437739e-008	0.0359375
-3.435239e-008	0.0204346
-3.432739e-008	0.0117188
-3.430239e-008	0.0230713
-3.427739e-008	0.0150391
-3.425239e-008	0.00910645
-3.422739e-008	0.0249512
-3.420239e-008	0.0283447
-3.417739e-008	0.0184082
-3.415239e-008	0.0168701
-3.412739e-008	0.0218506
-3.410239e-008	0.0266846
-3.407739e-008	0.0261475
-3.405239e-008	0.0175293
-3.402739e-008	0.0187744
-3.400239e-008	0.0314209
-3.397739e-008	0.027124
-3.395239e-008	0.0120361
-3.392739e-008	0.0136231
-3.390239e-008	0.0174561
-3.387739e-008	0.0157227
-3.385239e-008	0.0228272
-3.382739e-008	0.0227539
-3.380239e-008	0.0193359
-3.377739e-008	0.0298828
-3.375239e-008	0.029834
-3.372739e-008	0.0202881
-3.370239e-008	0.0175293
-3.367739e-008	0.0191162
-3.365239e-008	0.0292236
-3.362739e-008	0.0296631
-3.360239e-008	0.0234131
-3.357739e-008	0.0306397
-3.355239e-008	0.0311768
-3.352739e-008	0.0183838
-3.350239e-008	0.00703126
-3.347739e-008	0.00810548
-3.345239e-008	0.0197022
-3.342739e-008	0.0227783
-3.340239e-008	0.018457
-3.337739e-008	0.0206787
-3.335239e-008	0.0179932
-3.332739e-008	0.0155762
-3.330239e-008	0.0240967
-3.327739e-008	0.0204834
-3.325239e-008	0.0218506
-3.322739e-008	0.0304932
-3.320239e-008	0.0227051
-3.317739e-008	0.0208252
-3.315239e-008	0.0228027
-3.312739e-008	0.0263184
-3.310239e-008	0.0269043
-3.307739e-008	0.012207
-3.305239e-008	0.0144287
-3.302739e-008	0.0237549
-3.300239e-008	0.0110352
-3.297739e-008	0.00598145
-3.295239e-008	0.0129639
-3.292739e-008	0.0114746
-3.290239e-008	0.0201172
-3.287739e-008	0.0287354
-3.285239e-008	0.0187256
-3.282739e-008	0.0164063
-3.280239e-008	0.0273926
-3.277739e-008	0.0312012
-3.275239e-008	0.0212402
-3.272739e-008	0.0162354
-3.270239e-008	0.0174561
-3.267739e-008	0.0179199
-3.265239e-008	0.029419
-3.262739e-008	0.0383301
-3.260239e-008	0.0339356
-3.257739e-008	0.0194824
-3.255239e-008	0.0129883
-3.252739e-008	0.0229981
-3.250239e-008	0.0270752
-3.247739e-008	0.0321533
-3.245239e-008	0.0226318
-3.242739e-008	0.00209962
-3.240239e-008	0.0209961
-3.237739e-008	0.0341553
-3.235239e-008	0.0124512
-3.232739e-008	0.0122315
-3.230239e-008	0.0287109
-3.227739e-008	0.0287354
-3.225239e-008	0.0265869
-3.222739e-008	0.0247559
-3.220239e-008	0.0201416
-3.217739e-008	0.0260986
-3.215239e-008	0.0192871
-3.212739e-008	0.00541993
-3.210239e-008	0.0144775
-3.207739e-008	0.0179443
-3.205239e-008	0.0159424
-3.202739e-008	0.0223145
-3.200239e-008	0.0224854
-3.197739e-008	0.0258301
-3.195239e-008	0.0246826
-3.192739e-008	0.021167
-3.190239e-008	0.0331299
-3.187739e-008	0.0242432
-3.185239e-008	0.0050293
-3.182739e-008	0.0181152
-3.180239e-008	0.0288818
-3.177739e-008	0.02229
-3.175239e-008	0.018457
-3.172739e-008	0.0152588
-3.170239e-008	0.00805665
-3.167739e-008	0.0106934
-3.165239e-008	0.0202881
-3.162739e-008	0.0110352
-3.160239e-008	0.0175293
-3.157739e-008	0.0293213
-3.155239e-008	0.0113281
-3.152739e-008	0.0174805
-3.150239e-008	0.0250977
-3.147739e-008	0.0122803
-3.145239e-008	0.0176758
-3.142739e-008	0.0201416
-3.140239e-008	0.0214111
-3.137739e-008	0.0221924
-3.135239e-008	0.0129639
-3.132739e-008	0.0155762
-3.130239e-008	0.0229004
-3.127739e-008	0.0249024
-3.125239e-008	0.0206055
-3.122739e-008	0.0165772
-3.120239e-008	0.0233643
-3.117739e-008	0.0199463
-3.115239e-008	0.012915
-3.112739e-008	0.0280518
-3.110239e-008	0.028125
-3.107739e-008	0.0106445
-3.105239e-008	0.0233399
-3.102739e-008	0.0305908
-3.100239e-008	0.0196533
-3.097739e-008	0.0304443
-3.095239e-008	0.0305664
-3.092739e-008	0.0179932
-3.090239e-008	0.021167
-3.087739e-008	0.0241455
-3.085239e-008	0.0220459
-3.082739e-008	0.0103272
-3.080239e-008	0.0124268
-3.077739e-008	0.0251465
-3.075239e-008	0.0128418
-3.072739e-008	0.0125732
-3.070239e-008	0.0210693
-3.067739e-008	0.0158691
-3.065239e-008	0.0195801
-3.062739e-008	0.0197022
-3.060239e-008	0.0170166
-3.057739e-008	0.0226807
-3.055239e-008	0.0245606
-3.052739e-008	0.0195557
-3.050239e-008	0.0212647
-3.047739e-008	0.026001
-3.045239e-008	0.0154785
-3.042739e-008	0.0110352
-3.040239e-008	0.0187012
-3.037739e-008	0.0182129
-3.035239e-008	0.0161865
-3.032739e-008	0.0203857
-3.030239e-008	0.0317139
-3.027739e-008	0.0322022
-3.025239e-008	0.0154541
-3.022739e-008	0.0139893
-3.020239e-008	0.0255859
-3.017739e-008	0.0314209
-3.015239e-008	0.0320068
-3.012739e-008	0.02146
-3.010239e-008	0.01604
-3.007739e-008	0.0253662
-3.005239e-008	0.0318115
-3.002739e-008	0.0245361
-3.000239e-008	0.0192383
-2.997739e-008	0.0309815
-2.995239e-008	0.0183594
-2.992739e-008	-0.00295409
-2.990239e-008	0.0181885
-2.987739e-008	0.0266113
-2.985239e-008	0.0121582
-2.982739e-008	0.0171875
-2.980239e-008	0.0197998
-2.977739e-008	0.0154541
-2.975239e-008	0.0165772
-2.972739e-008	0.0256592
-2.970239e-008	0.0311524
-2.967739e-008	0.015918
-2.965239e-008	0.0141846
-2.962739e-008	0.0235596
-2.960239e-008	0.0205566
-2.957739e-008	0.0302002
-2.955239e-008	0.0295166
-2.952739e-008	0.0214356
-2.950239e-008	0.0281983
-2.947739e-008	0.0208008
-2.945239e-008	0.0153076
-2.942739e-008	0.0150635
-2.940239e-008	0.0143066
-2.937739e-008	0.0195557
-2.935239e-008	0.0128662
-2.932739e-008	0.0135986
-2.930239e-008	0.0219238
-2.927739e-008	0.0251221
-2.925239e-008	0.0346436
-2.922739e-008	0.0313477
-2.920239e-008	0.0167725
-2.917739e-008	0.00893555
-2.915239e-008	-0.00190429
-2.912739e-008	0.00405274
-2.910239e-008	0.027124
-2.907739e-008	0.0299316
-2.905239e-008	0.0256104
-2.902739e-008	0.0250977
-2.900239e-008	0.0257568
-2.897739e-008	0.0262695
-2.895239e-008	0.0229004
-2.892739e-008	0.0333008
-2.890239e-008	0.0310791
-2.887739e-008	0.0120117
-2.885239e-008	0.0136475
-2.882739e-008	0.0165039
-2.880239e-008	0.0196777
-2.877739e-008	0.0287109
-2.875239e-008	0.0184326
-2.872739e-008	0.0153565
-2.870239e-008	0.0249512
-2.867739e-008	0.0158936
-2.865239e-008	0.011084
-2.862739e-008	0.0168213
-2.860239e-008	0.0227783
-2.857739e-008	0.0362549
-2.855239e-008	0.0381836
-2.852739e-008	0.0271973
-2.850239e-008	0.0181152
-2.847739e-008	0.0116455
-2.845239e-008	0.015625
-2.842739e-008	0.0219727
-2.840239e-008	0.0170654
-2.837739e-008	0.0207275
-2.835239e-008	0.0324219
-2.832739e-008	0.0295654
-2.830239e-008	0.0224121
-2.827739e-008	0.0218262
-2.825239e-008	0.0297363
-2.822739e-008	0.0260498
-2.820239e-008	0.0152588
-2.817739e-008	0.0247559
-2.815239e-008	0.0183838
-2.812739e-008	0.010791
-2.810239e-008	0.0189453
-2.807739e-008	0.0116943
-2.805239e-008	0.0239502
-2.802739e-008	0.0332275
-2.800239e-008	0.0250733
-2.797739e-008	0.0290039
-2.795239e-008	0.0178223
-2.792739e-008	0.0198731
-2.790239e-008	0.0307129
-2.787739e-008	0.0244141
-2.785239e-008	0.0314453
-2.782739e-008	0.0246826
-2.780239e-008	0.0137695
-2.777739e-008	0.0216797
-2.775239e-008	0.0153565
-2.772739e-008	0.015332
-2.770239e-008	0.0267334
-2.767739e-008	0.0226563
-2.765239e-008	0.0243897
-2.762739e-008	0.0233643
-2.760239e-008	0.0195313
-2.757739e-008	0.0359375
-2.755239e-008	0.0203613
-2.752739e-008	0.00263673
-2.750239e-008	0.029541
-2.747739e-008	0.0304688
-2.745239e-008	0.0221191
-2.742739e-008	0.0296387
-2.740239e-008	0.0255615
-2.737739e-008	0.0218506
-2.735239e-008	0.0165527
-2.732739e-008	0.0238281
-2.730239e-008	0.0287598
-2.727739e-008	0.0154785
-2.725239e-008	0.0220215
-2.722739e-008	0.0281494
-2.720239e-008	0.0242432
-2.717739e-008	0.0286377
-2.715239e-008	0.0187744
-2.712739e-008	0.0154053
-2.710239e-008	0.0299561
-2.707739e-008	0.0276123
-2.705239e-008	0.0270996
-2.702739e-008	0.0362061
-2.700239e-008	0.0311524
-2.697739e-008	0.0244141
-2.695239e-008	0.0269531
-2.692739e-008	0.027832
-2.690239e-008	0.0175537
-2.687739e-008	0.0120361
-2.685239e-008	0.0197754
-2.682739e-008	0.0238281
-2.680239e-008	0.0250977
-2.677739e-008	0.0263428
-2.675239e-008	0.0257324
-2.672739e-008	0.0209229
-2.670239e-008	0.0141357
-2.667739e-008	0.0275391
-2.665239e-008	0.0391602
-2.662739e-008	0.0195068
-2.660239e-008	0.016626
-2.657739e-008	0.0274902
-2.655239e-008	0.0163818
-2.652739e-008	0.0229004
-2.650239e-008	0.027417
-2.647739e-008	0.016919
-2.645239e-008	0.0257568
-2.642739e-008	0.0206299
-2.640239e-008	0.0130859
-2.637739e-008	0.0228272
-2.635239e-008	0.0225098
-2.632739e-008	0.018335
-2.630239e-008	0.017334
-2.627739e-008	0.0182617
-2.625239e-008	0.0125244
-2.622739e-008	0.0145264
-2.620239e-008	0.0303467
-2.617739e-008	0.0189697
-2.615239e-008	0.00327149
-2.612739e-008	0.0186524
-2.610239e-008	0.0292725
-2.607739e-008	0.0241211
-2.605239e-008	0.0231201
-2.602739e-008	0.0229248
-2.600239e-008	0.0222168
-2.597739e-008	0.0201904
-2.595239e-008	0.0119141
-2.592739e-008	0.0144043
-2.590239e-008	0.0337891
-2.587739e-008	0.039917
-2.585239e-008	0.024585
-2.582739e-008	0.0222168
-2.580239e-008	0.030127
-2.577739e-008	0.0303711
-2.575239e-008	0.0351807
-2.572739e-008	0.0285889
-2.570239e-008	0.020166
-2.567739e-008	0.0245117
-2.565239e-008	0.0233643
-2.562739e-008	0.031543
-2.560239e-008	0.0386231
-2.557739e-008	0.0274414
-2.555239e-008	0.00969239
-2.552739e-008	0.00534669
-2.550239e-008	0.0269531
-2.547739e-008	0.035083
-2.545239e-008	0.0219482
-2.542739e-008	0.0186768
-2.540239e-008	0.0269043
-2.537739e-008	0.0324463
-2.535239e-008	0.0244141
-2.532739e-008	0.02146
-2.530239e-008	0.0187744
-2.527739e-008	0.00441895
-2.525239e-008	0.0105469
-2.522739e-008	0.0307861
-2.520239e-008	0.0329346
-2.517739e-008	0.023877
-2.515239e-008	0.0184815
-2.512739e-008	0.017627
-2.510239e-008	0.0217285
-2.507739e-008	0.0214111
-2.505239e-008	0.0131348
-2.502739e-008	0.0139404
-2.500239e-008	0.021167
-2.497739e-008	0.0228516
-2.495239e-008	0.0214844
-2.492739e-008	0.0155274
-2.490239e-008	0.0102295
-2.487739e-008	0.0187744
-2.485239e-008	0.0327393
-2.482739e-008	0.0303223
-2.480239e-008	0.0221191
-2.477739e-008	0.0225342
-2.475239e-008	0.0181885
-2.472739e-008	0.0154297
-2.470239e-008	0.021582
-2.467739e-008	0.0259766
-2.465239e-008	0.0297119
-2.462739e-008	0.0276123
-2.460239e-008	0.0259766
-2.457739e-008	0.027002
-2.455239e-008	0.0201416
-2.452739e-008	0.0231934
-2.450239e-008	0.017041
-2.447739e-008	0.00522462
-2.445239e-008	0.0273438
-2.442739e-008	0.0320068
-2.440239e-008	0.0141113
-2.437739e-008	0.0236328
-2.435239e-008	0.032666
-2.432739e-008	0.0287354
-2.430239e-008	0.0235596
-2.427739e-008	0.0209473
-2.425239e-008	0.0287598
-2.422739e-008	0.0196045
-2.420239e-008	0.0110107
-2.417739e-008	0.0367432
-2.415239e-008	0.0379883
-2.412739e-008	0.0151856
-2.410239e-008	0.0191895
-2.407739e-008	0.0265625
-2.405239e-008	0.0266846
-2.402739e-008	0.0131104
-2.400239e-008	0.00324708
-2.397739e-008	0.0188232
-2.395239e-008	0.0179199
-2.392739e-008	0.0137207
-2.390239e-008	0.0205811
-2.387739e-008	0.0170899
-2.385239e-008	0.0181397
-2.382739e-008	0.015332
-2.380239e-008	0.0180664
-2.377739e-008	0.0271484
-2.375239e-008	0.00329591
-2.372739e-008	-0.00473632
-2.370239e-008	0.0224854
-2.367739e-008	0.0233643
-2.365239e-008	0.0171875
-2.362739e-008	0.0171387
-2.360239e-008	0.0182129
-2.357739e-008	0.0341797
-2.355239e-008	0.0268799
-2.352739e-008	0.0129639
-2.350239e-008	0.0244385
-2.347739e-008	0.0282959
-2.345239e-008	0.027124
-2.342739e-008	0.0242432
-2.340239e-008	0.0198975
-2.337739e-008	0.0287109
-2.335239e-008	0.0242188
-2.332739e-008	0.0173828
-2.330239e-008	0.026709
-2.327739e-008	0.021875
-2.325239e-008	0.0237061
-2.322739e-008	0.0299561
-2.320239e-008	0.0159424
-2.317739e-008	0.0203613
-2.315239e-008	0.0314697
-2.312739e-008	0.0298828
-2.310239e-008	0.0286865
-2.307739e-008	0.0181885
-2.305239e-008	0.0174561
-2.302739e-008	0.0215576
-2.300239e-008	0.0244629
-2.297739e-008	0.0352539
-2.295239e-008	0.0106201
-2.292739e-008	-0.0104248
-2.290239e-008	0.013501
-2.287739e-008	0.0218018
-2.285239e-008	0.0169922
-2.282739e-008	0.0147949
-2.280239e-008	0.0210938
-2.277739e-008	0.0387695
-2.275239e-008	0.0279053
-2.272739e-008	0.0206787
-2.270239e-008	0.0264404
-2.267739e-008	0.0125244
-2.265239e-008	0.0147217
-2.262739e-008	0.0217285
-2.260239e-008	0.0228027
-2.257739e-008	0.0403076
-2.255239e-008	0.0267822
-2.252739e-008	0.00419923
-2.250239e-008	0.0196533
-2.247739e-008	0.0201172
-2.245239e-008	0.0198486
-2.242739e-008	0.0379395
-2.240239e-008	0.0373291
-2.237739e-008	0.02854
-2.235239e-008	0.0124268
-2.232739e-008	0.00932618
-2.230239e-008	0.0236328
-2.227739e-008	0.0194092
-2.225239e-008	0.0123779
-2.222739e-008	0.0137451
-2.220239e-008	0.0238281
-2.217739e-008	0.0309815
-2.215239e-008	0.0129395
-2.212739e-008	0.00920411
-2.210239e-008	0.0272217
-2.207739e-008	0.0219971
-2.205239e-008	0.0158936
-2.202739e-008	0.0236328
-2.200239e-008	0.0201416
-2.197739e-008	0.0240234
-2.195239e-008	0.0323242
-2.192739e-008	0.0259522
-2.190239e-008	0.0207031
-2.187739e-008	0.0221191
-2.185239e-008	0.0220947
-2.182739e-008	0.0175781
-2.180239e-008	0.0205078
-2.177739e-008	0.0234131
-2.175239e-008	0.0160645
-2.172739e-008	0.0202881
-2.170239e-008	0.02146
-2.167739e-008	0.0115967
-2.165239e-008	0.0162109
-2.162739e-008	0.0205811
-2.160239e-008	0.0133301
-2.157739e-008	0.0114502
-2.155239e-008	0.0226318
-2.152739e-008	0.0321045
-2.150239e-008	0.023999
-2.147739e-008	0.0212402
-2.145239e-008	0.0313233
-2.142739e-008	0.0250488
-2.140239e-008	0.0205566
-2.137739e-008	0.0289063
-2.135239e-008	0.0192871
-2.132739e-008	0.0126953
-2.130239e-008	0.0217774
-2.127739e-008	0.0211426
-2.125239e-008	0.0245606
-2.122739e-008	0.0291748
-2.120239e-008	0.0189453
-2.117739e-008	0.0154053
-2.115239e-008	0.0186524
-2.112739e-008	0.0175781
-2.110239e-008	0.0211182
-2.107739e-008	0.022583
-2.105239e-008	0.023999
-2.102739e-008	0.0311768
-2.100239e-008	0.0301514
-2.097739e-008	0.0229981
-2.095239e-008	0.0147705
-2.092739e-008	0.0207275
-2.090239e-008	0.0314209
-2.087739e-008	0.0118164
-2.085239e-008	0.00422364
-2.082739e-008	0.0247315
-2.080239e-008	0.0324951
-2.077739e-008	0.0267334
-2.075239e-008	0.0127197
-2.072739e-008	0.0145508
-2.070239e-008	0.0293213
-2.067739e-008	0.0197998
-2.065239e-008	0.00490723
-2.062739e-008	0.00532227
-2.060239e-008	0.0151856
-2.057739e-008	0.0207031
-2.055239e-008	0.0139893
-2.052739e-008	0.0139404
-2.050239e-008	0.0189941
-2.047739e-008	0.0196777
-2.045239e-008	0.0180908
-2.042739e-008	0.0119141
-2.040239e-008	0.0237793
-2.037739e-008	0.0417969
-2.035239e-008	0.0172363
-2.032739e-008	-0.00222167
-2.030239e-008	0.0189453
-2.027739e-008	0.0248047
-2.025239e-008	0.0253418
-2.022739e-008	0.0322022
-2.020239e-008	0.0216553
-2.017739e-008	0.0201172
-2.015239e-008	0.0235107
-2.012739e-008	0.0168945
-2.010239e-008	0.0150635
-2.007739e-008	0.0198731
-2.005239e-008	0.0296875
-2.002739e-008	0.0288574
-2.000239e-008	0.0266113
-1.997739e-008	0.030249
-1.995239e-008	0.0091797
-1.992739e-008	0.0022461
-1.990239e-008	0.0272461
-1.987739e-008	0.0259033
-1.985239e-008	0.0152588
-1.982739e-008	0.0213623
-1.980239e-008	0.023877
-1.977739e-008	0.0298584
-1.975239e-008	0.0389649
-1.972739e-008	0.0316406
-1.970239e-008	0.0203613
-1.967739e-008	0.020752
-1.965239e-008	0.0173584
-1.962739e-008	0.017627
-1.960239e-008	0.0269531
-1.957739e-008	0.0258789
-1.955239e-008	0.0195313
-1.952739e-008	0.0233399
-1.950239e-008	0.0321045
-1.947739e-008	0.025708
-1.945239e-008	0.0186035
-1.942739e-008	0.0216797
-1.940239e-008	0.0234131
-1.937739e-008	0.03125
-1.935239e-008	0.0290772
-1.932739e-008	0.0151611
-1.930239e-008	0.0109131
-1.927739e-008	0.0120606
-1.925239e-008	0.0120361
-1.922739e-008	0.0108643
-1.920239e-008	0.0238281
-1.917739e-008	0.0348877
-1.915239e-008	0.0191406
-1.912739e-008	0.0183594
-1.910239e-008	0.0346436
-1.907739e-008	0.0218018
-1.905239e-008	0.0162598
-1.902739e-008	0.035083
-1.900239e-008	0.0369629
-1.897739e-008	0.0305664
-1.895239e-008	0.0221436
-1.892739e-008	0.0204346
-1.890239e-008	0.0281738
-1.887739e-008	0.0137695
-1.885239e-008	0.0109863
-1.882739e-008	0.0313721
-1.880239e-008	0.0345459
-1.877739e-008	0.0380127
-1.875239e-008	0.0348145
-1.872739e-008	0.0183106
-1.870239e-008	0.0178467
-1.867739e-008	0.0205811
-1.865239e-008	0.031543
-1.862739e-008	0.0346924
-1.860239e-008	0.0175781
-1.857739e-008	0.0254395
-1.855239e-008	0.0281983
-1.852739e-008	0.0172852
-1.850239e-008	0.0233643
-1.847739e-008	0.0173828
-1.845239e-008	0.0138184
-1.842739e-008	0.0224609
-1.840239e-008	0.0122315
-1.837739e-008	0.0125977
-1.835239e-008	0.0345459
-1.832739e-008	0.0187012
-1.830239e-008	-0.00295409
-1.827739e-008	0.0160156
-1.825239e-008	0.0197266
-1.822739e-008	0.0194824
-1.820239e-008	0.0290039
-1.817739e-008	0.0149658
-1.815239e-008	0.0083252
-1.812739e-008	0.0212402
-1.810239e-008	0.0302734
-1.807739e-008	0.0261231
-1.805239e-008	0.0209717
-1.802739e-008	0.0223877
-1.800239e-008	0.0223389
-1.797739e-008	0.0233154
-1.795239e-008	0.0182617
-1.792739e-008	0.0187012
-1.790239e-008	0.0252197
-1.787739e-008	0.0128906
-1.785239e-008	0.00356446
-1.782739e-008	-0.000268547
-1.780239e-008	-0.00139159
-1.777739e-008	0.0245361
-1.775239e-008	0.0328613
-1.772739e-008	0.0118164
-1.770239e-008	0.0109619
-1.767739e-008	0.0188965
-1.765239e-008	0.027832
-1.762739e-008	0.0287842
-1.760239e-008	0.0176514
-1.757739e-008	0.0290772
-1.755239e-008	0.0282471
-1.752739e-008	0.0110352
-1.750239e-008	0.0248535
-1.747739e-008	0.0308594
-1.745239e-008	0.0204834
-1.742739e-008	0.0214111
-1.740239e-008	0.0245361
-1.737739e-008	0.0337891
-1.735239e-008	0.0323731
-1.732739e-008	0.0185059
-1.730239e-008	0.0158936
-1.727739e-008	0.0150391
-1.725239e-008	0.0192139
-1.722739e-008	0.0274902
-1.720239e-008	0.0248047
-1.717739e-008	0.0276123
-1.715239e-008	0.0406494
-1.712739e-008	0.0341797
-1.710239e-008	0.0143066
-1.707739e-008	0.00720216
-1.705239e-008	0.0057129
-1.702739e-008	0.011792
-1.700239e-008	0.0262695
-1.697739e-008	0.0319092
-1.695239e-008	0.022168
-1.692739e-008	0.0127441
-1.690239e-008	0.018457
-1.687739e-008	0.0193604
-1.685239e-008	0.0164307
-1.682739e-008	0.0284668
-1.680239e-008	0.0370606
-1.677739e-008	0.0327881
-1.675239e-008	0.02146
-1.672739e-008	0.0181397
-1.670239e-008	0.0296387
-1.667739e-008	0.0258301
-1.665239e-008	0.0212402
-1.662739e-008	0.0317627
-1.660239e-008	0.0262451
-1.657739e-008	0.0190186
-1.655239e-008	0.0239746
-1.652739e-008	0.0240723
-1.650239e-008	0.0136475
-1.647739e-008	0.00751954
-1.645239e-008	0.0231934
-1.642739e-008	0.0330566
-1.640239e-008	0.0232178
-1.637739e-008	0.0169678
-1.635239e-008	0.0210205
-1.632739e-008	0.0234375
-1.630239e-008	0.0182617
-1.627739e-008	0.0219238
-1.625239e-008	0.0230469
-1.622739e-008	0.0139649
-1.620239e-008	0.0279785
-1.617739e-008	0.0376465
-1.615239e-008	0.016333
-1.612739e-008	0.0134277
-1.610239e-008	0.0309815
-1.607739e-008	0.0330078
-1.605239e-008	0.0238525
-1.602739e-008	0.0198486
-1.600239e-008	0.0246826
-1.597739e-008	0.0231445
-1.595239e-008	0.0157227
-1.592739e-008	0.0187988
-1.590239e-008	0.0290527
-1.587739e-008	0.0292969
-1.585239e-008	0.0165039
-1.582739e-008	0.0207275
-1.580239e-008	0.0407471
-1.577739e-008	0.0363525
-1.575239e-008	0.0162598
-1.572739e-008	0.0157959
-1.570239e-008	0.0253174
-1.567739e-008	0.0223389
-1.565239e-008	0.0167236
-1.562739e-008	0.0187012
-1.560239e-008	0.0275635
-1.557739e-008	0.0342041
-1.555239e-008	0.0189453
-1.552739e-008	0.00175782
-1.550239e-008	0.00793458
-1.547739e-008	0.0125977
-1.545239e-008	0.0188477
-1.542739e-008	0.0306641
-1.540239e-008	0.0208496
-1.537739e-008	0.0104004
-1.535239e-008	0.0132813
-1.532739e-008	0.0212158
-1.530239e-008	0.0261475
-1.527739e-008	0.0197998
-1.525239e-008	0.0216797
-1.522739e-008	0.0157959
-1.520239e-008	0.012915
-1.517739e-008	0.0293457
-1.515239e-008	0.0207764
-1.512739e-008	0.0130127
-1.510239e-008	0.0158691
-1.507739e-008	0.00895997
-1.505239e-008	0.0246338
-1.502739e-008	0.0323242
-1.500239e-008	0.0183106
-1.497739e-008	0.0210938
-1.495239e-008	0.0185059
-1.492739e-008	0.0133301
-1.490239e-008	0.0223633
-1.487739e-008	0.0240723
-1.485239e-008	0.0284668
-1.482739e-008	0.0255371
-1.480239e-008	0.0235107
-1.477739e-008	0.0354004
-1.475239e-008	0.0162109
-1.472739e-008	0.00402833
-1.470239e-008	0.0155518
-1.467739e-008	0.0116211
-1.465239e-008	0.0120117
-1.462739e-008	0.0125244
-1.460239e-008	0.0238281
-1.457739e-008	0.033374
-1.455239e-008	0.0119873
-1.452739e-008	0.0143311
-1.450239e-008	0.0339844
-1.447739e-008	0.0311035
-1.445239e-008	0.0241943
-1.442739e-008	0.0147949
-1.440239e-008	0.0165527
-1.437739e-008	0.02854
-1.435239e-008	0.0229492
-1.432739e-008	0.0140869
-1.430239e-008	0.0106934
-1.427739e-008	0.0168701
-1.425239e-008	0.0288574
-1.422739e-008	0.0244141
-1.420239e-008	0.0220947
-1.417739e-008	0.024292
-1.415239e-008	0.0137451
-1.412739e-008	0.0105225
-1.410239e-008	0.0203613
-1.407739e-008	0.0270996
-1.405239e-008	0.0299561
-1.402739e-008	0.0297363
-1.400239e-008	0.0277588
-1.397739e-008	0.0190186
-1.395239e-008	0.0122803
-1.392739e-008	0.0316895
-1.390239e-008	0.0352295
-1.387739e-008	0.0121094
-1.385239e-008	0.00944825
-1.382739e-008	0.0142578
-1.380239e-008	0.027002
-1.377739e-008	0.0363281
-1.375239e-008	0.0249756
-1.372739e-008	0.0267578
-1.370239e-008	0.0281494
-1.367739e-008	0.0218262
-1.365239e-008	0.0251953
-1.362739e-008	0.014502
-1.360239e-008	0.00378419
-1.357739e-008	0.0174561
-1.355239e-008	0.0188477
-1.352739e-008	0.0171631
-1.350239e-008	0.0293945
-1.347739e-008	0.0201904
-1.345239e-008	0.0181152
-1.342739e-008	0.0288086
-1.340239e-008	0.0268311
-1.337739e-008	0.033252
-1.335239e-008	0.0196289
-1.332739e-008	0.00261231
-1.330239e-008	0.0193359
-1.327739e-008	0.0213379
-1.325239e-008	0.0158936
-1.322739e-008	0.0199219
-1.320239e-008	0.0134522
-1.317739e-008	0.012915
-1.315239e-008	0.00913087
-1.312739e-008	0.00822755
-1.310239e-008	0.0226074
-1.307739e-008	0.020459
-1.305239e-008	0.0236328
-1.302739e-008	0.0348877
-1.300239e-008	0.0283447
-1.297739e-008	0.0300781
-1.295239e-008	0.0285889
-1.292739e-008	0.0271973
-1.290239e-008	0.0262207
-1.287739e-008	0.011377
-1.285239e-008	0.0214356
-1.282739e-008	0.0178711
-1.280239e-008	0.00786134
-1.277739e-008	0.0355469
-1.275239e-008	0.0321289
-1.272739e-008	0.0187012
-1.270239e-008	0.0216065
-1.267739e-008	0.0116943
-1.265239e-008	0.0154541
-1.262739e-008	0.0157227
-1.260239e-008	0.01521
-1.257739e-008	0.0243408
-1.255239e-008	0.0123291
-1.252739e-008	0.0117188
-1.250239e-008	0.029541
-1.247739e-008	0.0232422
-1.245239e-008	0.0117188
-1.242739e-008	0.0195313
-1.240239e-008	0.0321045
-1.237739e-008	0.035669
-1.235239e-008	0.0184082
-1.232739e-008	0.00388184
-1.230239e-008	0.012207
-1.227739e-008	0.0221924
-1.225239e-008	0.0329346
-1.222739e-008	0.020752
-1.220239e-008	0.0034668
-1.217739e-008	0.0205322
-1.215239e-008	0.0122315
-1.212739e-008	0.00341798
-1.210239e-008	0.0282959
-1.207739e-008	0.0286377
-1.205239e-008	0.0289795
-1.202739e-008	0.033252
-1.200239e-008	0.0235596
-1.197739e-008	0.0189941
-1.195239e-008	0.0120361
-1.192739e-008	0.0173828
-1.190239e-008	0.0197998
-1.187739e-008	0.0174561
-1.185239e-008	0.0279053
-1.182739e-008	0.0198975
-1.180239e-008	0.0184326
-1.177739e-008	0.0269043
-1.175239e-008	0.019043
-1.172739e-008	0.019458
-1.170239e-008	0.0184815
-1.167739e-008	0.0148438
-1.165239e-008	0.0243652
-1.162739e-008	0.0278076
-1.160239e-008	0.02771
-1.157739e-008	0.0280762
-1.155239e-008	0.0161133
-1.152739e-008	0.0181397
-1.150239e-008	0.0299316
-1.147739e-008	0.023291
-1.145239e-008	0.0204346
-1.142739e-008	0.0189209
-1.140239e-008	0.017627
-1.137739e-008	0.0237793
-1.135239e-008	0.0258057
-1.132739e-008	0.0238037
-1.130239e-008	0.0119385
-1.127739e-008	0.0124512
-1.125239e-008	0.0272217
-1.122739e-008	0.0239502
-1.120239e-008	0.0182373
-1.117739e-008	0.02146
-1.115239e-008	0.0175537
-1.112739e-008	0.0148926
-1.110239e-008	0.0158447
-1.107739e-008	0.0112793
-1.105239e-008	0.0216553
-1.102739e-008	0.0349365
-1.100239e-008	0.0281738
-1.097739e-008	0.0223633
-1.095239e-008	0.0270752
-1.092739e-008	0.0290527
-1.090239e-008	0.0223389
-1.087739e-008	0.0274902
-1.085239e-008	0.033252
-1.082739e-008	0.0275635
-1.080239e-008	0.0305176
-1.077739e-008	0.02854
-1.075239e-008	0.0211426
-1.072739e-008	0.0124756
-1.070239e-008	0.0164551
-1.067739e-008	0.0298096
-1.065239e-008	0.011377
-1.062739e-008	0.00390626
-1.060239e-008	0.0256104
-1.057739e-008	0.0322266
-1.055239e-008	0.0243652
-1.052739e-008	0.0172852
-1.050239e-008	0.0204102
-1.047739e-008	0.0190186
-1.045239e-008	0.0196777
-1.042739e-008	0.0257324
-1.040239e-008	0.016626
-1.037739e-008	0.018042
-1.035239e-008	0.0247315
-1.032739e-008	0.0234619
-1.030239e-008	0.0243652
-1.027739e-008	0.0138916
-1.025239e-008	0.0161621
-1.022739e-008	0.0277344
-1.020239e-008	0.0267578
-1.017739e-008	0.0311279
-1.015239e-008	0.0228516
-1.012739e-008	0.0184326
-1.010239e-008	0.0274658
-1.007739e-008	0.0256836
-1.005239e-008	0.0340332
-1.002739e-008	0.0269043
-1.000239e-008	0.019165
-9.977388e-009	0.0337891
-9.952388e-009	0.0195801
-9.927388e-009	0.011499
-9.902388e-009	0.0232178
-9.877388e-009	0.0167725
-9.852388e-009	0.012085
-9.827388e-009	0.0160645
-9.802388e-009	0.0175049
-9.777388e-009	0.0162109
-9.752388e-009	0.0204346
-9.727388e-009	0.0264404
-9.702388e-009	0.0321777
-9.677388e-009	0.032959
-9.652388e-009	0.012085
-9.627388e-009	0.00678712
-9.602388e-009	0.0275391
-9.577388e-009	0.022583
-9.552388e-009	0.00800782
-9.527388e-009	0.0173096
-9.502388e-009	0.0222412
-9.477388e-009	0.0169434
-9.452388e-009	0.0230713
-9.427388e-009	0.0238281
-9.402388e-009	0.0201904
-9.377388e-009	0.0321045
-9.352388e-009	0.0224609
-9.327388e-009	0.00463868
-9.302388e-009	0.0225342
-9.277388e-009	0.0321777
-9.252388e-009	0.0237061
-9.227388e-009	0.0122803
-9.202388e-009	0.00395509
-9.177388e-009	0.0188965
-9.152388e-009	0.0203857
-9.127388e-009	0.0181397
-9.102388e-009	0.0290283
-9.077388e-009	0.0222412
-9.052388e-009	0.0243652
-9.027388e-009	0.0278565
-9.002388e-009	0.0182373
-8.977388e-009	0.0299805
-8.952388e-009	0.0447998
-8.927388e-009	0.0195313
-8.902388e-009	-0.000390618
-8.877388e-009	0.0225586
-8.852388e-009	0.0235352
-8.827388e-009	0.0140381
-8.802388e-009	0.0154541
-8.777388e-009	0.0008545
-8.752388e-009	0.00322266
-8.727388e-009	0.013916
-8.702388e-009	0.0222168
-8.677388e-009	0.0290039
-8.652388e-009	0.0179199
-8.627388e-009	0.0125
-8.602388e-009	0.0307373
-8.577388e-009	0.0392334
-8.552388e-009	0.0128174
-8.527388e-009	0.0139893
-8.502388e-009	0.0314453
-8.477388e-009	0.0210693
-8.452388e-009	0.0232666
-8.427388e-009	0.015918
-8.402388e-009	0.0140869
-8.377388e-009	0.0337891
-8.352388e-009	0.0239258
-8.327388e-009	0.017334
-8.302388e-009	0.0314209
-8.277388e-009	0.0292481
-8.252388e-009	0.0168213
-8.227388e-009	0.0224609
-8.202388e-009	0.0361816
-8.177388e-009	0.0330566
-8.152388e-009	0.0234863
-8.127388e-009	0.0182373
-8.102388e-009	0.0183838
-8.077388e-009	0.0171387
-8.052388e-009	0.0199463
-8.027388e-009	0.026001
-8.002388e-009	0.0210938
-7.977388e-009	0.0273193
-7.952388e-009	0.0239746
-7.927388e-009	0.012207
-7.902388e-009	0.0263916
-7.877388e-009	0.0266602
-7.852388e-009	0.0158936
-7.827388e-009	0.0137207
-7.802388e-009	0.0168213
-7.777388e-009	0.0276856
-7.752388e-009	0.0243897
-7.727388e-009	0.0240967
-7.702388e-009	0.0213867
-7.677388e-009	0.00219727
-7.652388e-009	0.0112793
-7.627388e-009	0.0280518
-7.602388e-009	0.0274658
-7.577388e-009	0.031958
-7.552388e-009	0.0169434
-7.527388e-009	0.0129639
-7.502388e-009	0.034375
-7.477388e-009	0.0256348
-7.452388e-009	0.0257324
-7.427388e-009	0.035376
-7.402388e-009	0.0261963
-7.377388e-009	0.0303467
-7.352388e-009	0.0351563
-7.327388e-009	0.0297852
-7.302388e-009	0.0258057
-7.277388e-009	0.0261719
-7.252388e-009	0.0119141
-7.227388e-009	0.00322266
-7.202388e-009	0.0211182
-7.177388e-009	0.0223633
-7.152388e-009	0.0188477
-7.127388e-009	0.022876
-7.102388e-009	0.023999
-7.077388e-009	0.025415
-7.052388e-009	0.0226563
-7.027388e-009	0.0201904
-7.002388e-009	0.0125732
-6.977388e-009	0.0131104
-6.952388e-009	0.0210449
-6.927388e-009	0.0287354
-6.902388e-009	0.030957
-6.877388e-009	0.0171631
-6.852388e-009	0.0209961
-6.827388e-009	0.0340332
-6.802388e-009	0.0300537
-6.777388e-009	0.0171387
-6.752388e-009	0.00441895
-6.727388e-009	0.0109131
-6.702388e-009	0.0212647
-6.677388e-009	0.0220703
-6.652388e-009	0.0263672
-6.627388e-009	0.0266113
-6.602388e-009	0.0275635
-6.577388e-009	0.0258057
-6.552388e-009	0.00981446
-6.527388e-009	0.0166016
-6.502388e-009	0.0268555
-6.477388e-009	0.0111572
-6.452388e-009	0.0215332
-6.427388e-009	0.0313965
-6.402388e-009	0.0200195
-6.377388e-009	0.0237305
-6.352388e-009	0.019458
-6.327388e-009	0.0139404
-6.302388e-009	0.0136475
-6.277388e-009	0.0140137
-6.252388e-009	0.0279297
-6.227388e-009	0.0219482
-6.202388e-009	0.0065918
-6.177388e-009	0.0170654
-6.152388e-009	0.0162598
-6.127388e-009	0.00468751
-6.102388e-009	0.0243652
-6.077388e-009	0.0352051
-6.052388e-009	0.0145508
-6.027388e-009	0.00976563
-6.002388e-009	0.025293
-5.977388e-009	0.0381104
-5.952388e-009	0.0301025
-5.927388e-009	0.0145264
-5.902388e-009	0.0161865
-5.877388e-009	0.0137207
-5.852388e-009	0.0112305
-5.827388e-009	0.0186524
-5.802388e-009	0.0175781
-5.777388e-009	0.0203857
-5.752388e-009	0.0219482
-5.727388e-009	0.0138428
-5.702388e-009	0.0210693
-5.677388e-009	0.0273926
-5.652388e-009	0.0155029
-5.627388e-009	0.0128174
-5.602388e-009	0.0176514
-5.577388e-009	0.0182617
-5.552388e-009	0.023291
-5.527388e-009	0.0163818
-5.502388e-009	0.0122315
-5.477388e-009	0.0314697
-5.452388e-009	0.0304932
-5.427388e-009	0.0124268
-5.402388e-009	0.0126221
-5.377388e-009	0.0238525
-5.352388e-009	0.0233399
-5.327388e-009	0.0189209
-5.302388e-009	0.0339111
-5.277388e-009	0.0362305
-5.252388e-009	0.0294678
-5.227388e-009	0.0237305
-5.202388e-009	0.0106934
-5.177388e-009	0.0192871
-5.152388e-009	0.0148438
-5.127388e-009	0.00820313
-5.102388e-009	0.0235352
-5.077388e-009	0.0181152
-5.052388e-009	0.01521
-5.027388e-009	0.019043
-5.002388e-009	0.0256104
-4.977388e-009	0.0336914
-4.952388e-009	0.0118164
-4.927388e-009	0.000634773
-4.902388e-009	0.0186524
-4.877388e-009	0.031958
-4.852388e-009	0.0310791
-4.827388e-009	0.0197022
-4.802388e-009	0.0193848
-4.777388e-009	0.025
-4.752388e-009	0.0186279
-4.727388e-009	0.0121582
-4.702388e-009	0.0183106
-4.677388e-009	0.0279053
-4.652388e-009	0.0201904
-4.627388e-009	0.0123291
-4.602388e-009	0.0188965
-4.577388e-009	0.0133057
-4.552388e-009	0.011792
-4.527388e-009	0.0381104
-4.502388e-009	0.0484619
-4.477388e-009	0.0261963
-4.452388e-009	0.01521
-4.427388e-009	0.020752
-4.402388e-009	0.0259277
-4.377388e-009	0.0251465
-4.352388e-009	0.0150635
-4.327388e-009	0.018042
-4.302388e-009	0.0286133
-4.277388e-009	0.0177734
-4.252388e-009	-0.000952141
-4.227388e-009	0.00607911
-4.202388e-009	0.0310059
-4.177388e-009	0.0286621
-4.152388e-009	0.0166992
-4.127388e-009	0.0217041
-4.102388e-009	0.0180908
-4.077388e-009	0.0168213
-4.052388e-009	0.0220947
-4.027388e-009	0.0173096
-4.002388e-009	0.0182861
-3.977388e-009	0.0301758
-3.952388e-009	0.0355957
-3.927388e-009	0.0259033
-3.902388e-009	0.0202393
-3.877388e-009	0.0226563
-3.852388e-009	0.0210449
-3.827388e-009	0.0250244
-3.802388e-009	0.0293701
-3.777388e-009	0.0228027
-3.752388e-009	0.00949708
-3.727388e-009	0.0100098
-3.702388e-009	0.0197022
-3.677388e-009	0.0112549
-3.652388e-009	0.00983887
-3.627388e-009	0.0166016
-3.602388e-009	0.0130615
-3.577388e-009	0.0112549
-3.552388e-009	0.0090088
-3.527388e-009	0.016626
-3.502388e-009	0.0226563
-3.477388e-009	0.0157715
-3.452388e-009	0.0147949
-3.427388e-009	0.0169678
-3.402388e-009	0.0282959
-3.377388e-009	0.0311768
-3.352388e-009	0.00476075
-3.327388e-009	-0.00229491
-3.302388e-009	0.0211182
-3.277388e-009	0.026709
-3.252388e-009	0.0195801
-3.227388e-009	0.023169
-3.202388e-009	0.0236816
-3.177388e-009	0.0195557
-3.152388e-009	0.0166504
-3.127388e-009	0.0152832
-3.102388e-009	0.0225342
-3.077388e-009	0.0175293
-3.052388e-009	0.00581055
-3.027388e-009	0.0230469
-3.002388e-009	0.0329346
-2.977388e-009	0.0196777
-2.952388e-009	0.0142334
-2.927388e-009	0.0163574
-2.902388e-009	0.0258789
-2.877388e-009	0.0233643
-2.852388e-009	0.0191406
-2.827388e-009	0.0276123
-2.802388e-009	0.0265869
-2.777388e-009	0.0282471
-2.752388e-009	0.0187256
-2.727388e-009	0.00734864
-2.702388e-009	0.0213135
-2.677388e-009	0.0212402
-2.652388e-009	0.0116699
-2.627388e-009	0.0161621
-2.602388e-009	0.0257324
-2.577388e-009	0.0261963
-2.552388e-009	0.0145752
-2.527388e-009	0.0158447
-2.502388e-009	0.0239746
-2.477388e-009	0.0196777
-2.452388e-009	0.0154785
-2.427388e-009	0.0167969
-2.402388e-009	0.0169434
-2.377388e-009	0.0209473
-2.352388e-009	0.0256104
-2.327388e-009	0.0199707
-2.302388e-009	0.0182373
-2.277388e-009	0.0173828
-2.252388e-009	0.00373536
-2.227388e-009	0.0074463
-2.202388e-009	0.035376
-2.177388e-009	0.0389649
-2.152388e-009	0.0192627
-2.127388e-009	0.0159668
-2.102388e-009	0.0176758
-2.077388e-009	0.0209961
-2.052388e-009	0.0261963
-2.027388e-009	0.0179932
-2.002388e-009	0.022583
-1.977388e-009	0.0306641
-1.952388e-009	0.014502
-1.927388e-009	0.00871583
-1.902388e-009	0.0261963
-1.877388e-009	0.0263428
-1.852388e-009	0.0126709
-1.827388e-009	0.0228272
-1.802388e-009	0.0293457
-1.777388e-009	0.0248047
-1.752388e-009	0.0277832
-1.727388e-009	0.0175293
-1.702388e-009	0.0211182
-1.677388e-009	0.0275635
-1.652388e-009	0.0147461
-1.627388e-009	0.0246582
-1.602388e-009	0.0312744
-1.577388e-009	0.0128662
-1.552388e-009	0.00766602
-1.527388e-009	0.0274902
-1.502388e-009	0.0342529
-1.477388e-009	0.0104248
-1.452388e-009	0.00976563
-1.427388e-009	0.0205078
-1.402388e-009	0.0044922
-1.377388e-009	0.00473634
-1.352388e-009	0.0186035
-1.327388e-009	0.0203125
-1.302388e-009	0.0235352
-1.277388e-009	0.0227783
-1.252388e-009	0.0184082
-1.227388e-009	0.0156494
-1.202388e-009	0.0175293
-1.177388e-009	0.021167
-1.152388e-009	0.0187988
-1.127388e-009	0.0230957
-1.102388e-009	0.0218018
-1.077388e-009	0.0128418
-1.052388e-009	0.014502
-1.027388e-009	0.0142822
-1.002388e-009	0.0140625
-9.773884e-010	0.0143799
-9.523884e-010	0.0145752
-9.273884e-010	0.0241211
-9.023884e-010	0.0259033
-8.773884e-010	0.0235352
-8.523884e-010	0.0249512
-8.273884e-010	0.0191406
-8.023884e-010	0.0211182
-7.773884e-010	0.0262451
-7.523884e-010	0.0198486
-7.273884e-010	0.0137207
-7.023884e-010	0.0116455
-6.773884e-010	0.0162598
-6.523884e-010	0.019165
-6.273884e-010	0.0169678
-6.023884e-010	0.0232178
-5.773884e-010	0.0244141
-5.523884e-010	0.0170166
-5.273884e-010	0.0206787
-5.023884e-010	0.0255615
-4.773884e-010	0.0196289
-4.523884e-010	0.018335
-4.273884e-010	0.0177246
-4.023884e-010	0.00742188
-3.773884e-010	-0.00144042
-3.523884e-010	-0.010083
-3.273884e-010	-0.0157226
-3.023884e-010	-0.02146
-2.773884e-010	-0.0329101
-2.523884e-010	-0.0359863
-2.273884e-010	-0.0558838
-2.023884e-010	-0.0838623
-1.773884e-010	-0.0948975
-1.523884e-010	-0.122534
-1.273884e-010	-0.146338
-1.023884e-010	-0.160815
-7.738839e-011	-0.188647
-5.238839e-011	-0.202856
-2.738839e-011	-0.217896
-2.388393e-012	-0.247314
2.261161e-011	-0.266357
4.761161e-011	-0.26333
7.261161e-011	-0.267139
9.761161e-011	-0.286279
1.226116e-010	-0.291113
1.476116e-010	-0.313672
1.726116e-010	-0.326953
1.976116e-010	-0.298462
2.226116e-010	-0.298853
2.476116e-010	-0.299243
2.726116e-010	-0.278687
2.976116e-010	-0.271045
3.226116e-010	-0.249756
3.476116e-010	-0.248071
3.726116e-010	-0.25625
3.976116e-010	-0.213965
4.226116e-010	-0.194629
4.476116e-010	-0.201978
4.726116e-010	-0.165723
4.976116e-010	-0.156787
5.226116e-010	-0.162939
5.476116e-010	-0.117651
5.726116e-010	-0.104077
5.976116e-010	-0.108765
6.226116e-010	-0.076416
6.476116e-010	-0.0597656
6.726116e-010	-0.0520019
6.976116e-010	-0.0469971
7.226116e-010	-0.0518799
7.476116e-010	-0.0350342
7.726116e-010	-0.0178223
7.976116e-010	-0.0173096
8.226116e-010	-0.0152344
8.476116e-010	-0.00715331
8.726116e-010	0.0117188
8.976116e-010	0.0297119
9.226116e-010	0.0283203
9.476116e-010	0.0300781
9.726116e-010	0.0384277
9.976116e-010	0.0385254
1.022612e-009	0.0409912
1.047612e-009	0.0344483
1.072612e-009	0.0335938
1.097612e-009	0.0448975
1.122612e-009	0.040918
1.147612e-009	0.0413574
1.172612e-009	0.045044
1.197612e-009	0.0466065
1.222612e-009	0.0499024
1.247612e-009	0.036792
1.272612e-009	0.0315918
1.297612e-009	0.036377
1.322612e-009	0.0306397
1.347612e-009	0.0325195
1.372612e-009	0.0314453
1.397612e-009	0.0272217
1.422612e-009	0.030127
1.447612e-009	0.0185303
1.472612e-009	0.0165283
1.497612e-009	0.0198975
1.522612e-009	0.0108154
1.547612e-009	0.0119873
1.572612e-009	0.00158692
1.597612e-009	0.00319825
1.622612e-009	0.011084
1.647612e-009	-0.0114258
1.672612e-009	0.000610359
1.697612e-009	0.0273193
1.722612e-009	0.0192627
1.747612e-009	0.00834962
1.772612e-009	-0.000390618
1.797612e-009	0.00974122
1.822612e-009	0.0261475
1.847612e-009	0.0141846
1.872612e-009	0.0143799
1.897612e-009	0.0247315
1.922612e-009	0.0163086
1.947612e-009	0.0207764
1.972612e-009	0.0297608
1.997612e-009	0.0260498
2.022612e-009	0.0229736
2.047612e-009	0.0167481
2.072612e-009	0.014917
2.097612e-009	0.0217529
2.122612e-009	0.0253174
2.147612e-009	0.0279297
2.172612e-009	0.0286377
2.197612e-009	0.0273193
2.222612e-009	0.0359375
2.247612e-009	0.0329834
2.272612e-009	0.0213867
2.297612e-009	0.027002
2.322612e-009	0.024292
2.347612e-009	0.0258301
2.372612e-009	0.0225098
2.397612e-009	0.00314942
2.422612e-009	0.0281006
2.447612e-009	0.0395996
2.472612e-009	0.0149902
2.497612e-009	0.0299072
2.522612e-009	0.0294678
2.547612e-009	0.0119141
2.572612e-009	0.0305176
2.597612e-009	0.0360352
2.622612e-009	0.025708
2.647612e-009	0.02146
2.672612e-009	0.0183594
2.697612e-009	0.0232422
2.722612e-009	0.0195557
2.747612e-009	0.00898438
2.772612e-009	0.0149658
2.797612e-009	0.0180908
2.822612e-009	0.0123535
2.847612e-009	0.0229492
2.872612e-009	0.0267822
2.897612e-009	0.0208984
2.922612e-009	0.0175537
2.947612e-009	0.0101074
2.972612e-009	0.0227295
2.997612e-009	0.0321777
3.022612e-009	0.0215576
3.047612e-009	0.0131104
3.072612e-009	0.0181641
3.097612e-009	0.0359131
3.122612e-009	0.0375488
3.147612e-009	0.0339844
3.172612e-009	0.0395508
3.197612e-009	0.0373047
3.222612e-009	0.0303955
3.247612e-009	0.0351563
3.272612e-009	0.0378906
3.297612e-009	0.0217774
3.322612e-009	0.0193359
3.347612e-009	0.0261231
3.372612e-009	0.0283447
3.397612e-009	0.0381592
3.422612e-009	0.0355713
3.447612e-009	0.0220459
3.472612e-009	0.0225342
3.497612e-009	0.0338135
3.522612e-009	0.0314697
3.547612e-009	0.022876
3.572612e-009	0.0269775
3.597612e-009	0.0292236
3.622612e-009	0.0214111
3.647612e-009	0.0157227
3.672612e-009	0.0175293
3.697612e-009	0.00979005
3.722612e-009	-0.00549316
3.747612e-009	-0.00781249
3.772612e-009	-0.00676269
3.797612e-009	0.00139161
3.822612e-009	0.017627
3.847612e-009	0.00732423
3.872612e-009	-0.00649413
3.897612e-009	0.00197755
3.922612e-009	0.0052002
3.947612e-009	0.0135742
3.972612e-009	0.0071045
3.997612e-009	-0.0101562
4.022612e-009	0.00895997
4.047612e-009	0.0135254
4.072612e-009	0.00595704
4.097612e-009	0.0150391
4.122612e-009	0.0109131
4.147612e-009	0.0249024
4.172612e-009	0.0358399
4.197612e-009	0.0281738
4.222612e-009	0.0425293
4.247612e-009	0.0341797
4.272612e-009	0.0172607
4.297612e-009	0.0289551
4.322612e-009	0.0281494
4.347612e-009	0.0234863
4.372612e-009	0.0281494
4.397612e-009	0.0409668
4.422612e-009	0.0475098
4.447612e-009	0.0282227
4.472612e-009	0.0268311
4.497612e-009	0.0372803
4.522612e-009	0.0295166
4.547612e-009	0.0237305
4.572612e-009	0.0256592
4.597612e-009	0.0383057
4.622612e-009	0.0415283
4.647612e-009	0.0301025
4.672612e-009	0.0261719
4.697612e-009	0.0224854
4.722612e-009	0.02229
4.747612e-009	0.0249756
4.772612e-009	0.0243408
4.797612e-009	0.0219482
4.822612e-009	0.0126465
4.847612e-009	0.00192872
4.872612e-009	0.000170906
4.897612e-009	0.0102783
4.922612e-009	0.0126953
4.947612e-009	0.00852052
4.972612e-009	0.00625001
4.997612e-009	0.00424805
5.022612e-009	0.0141846
5.047612e-009	0.00915528
5.072612e-009	0.00339356
5.097612e-009	0.0143799
5.122612e-009	0.00861817
5.147612e-009	0.00625001
5.172612e-009	0.00573731
5.197612e-009	0.00795899
5.222612e-009	0.016333
5.247612e-009	0.00791016
5.272612e-009	0.0111084
5.297612e-009	0.0130615
5.322612e-009	-0.00187988
5.347612e-009	-0.00280761
5.372612e-009	0.00961915
5.397612e-009	0.0181152
5.422612e-009	0.017041
5.447612e-009	0.0219482
5.472612e-009	0.0262207
5.497612e-009	0.0147705
5.522612e-009	0.00698243
5.547612e-009	0.0141846
5.572612e-009	0.0212158
5.597612e-009	0.0203613
5.622612e-009	0.020166
5.647612e-009	0.0173584
5.672612e-009	0.0235352
5.697612e-009	0.0397949
5.722612e-009	0.0348389
5.747612e-009	0.0221924
5.772612e-009	0.0216553
5.797612e-009	0.0256592
5.822612e-009	0.0277832
5.847612e-009	0.0222412
5.872612e-009	0.0232666
5.897612e-009	0.0238037
5.922612e-009	0.0138428
5.947612e-009	0.0234863
5.972612e-009	0.0394287
5.997612e-009	0.0219971
6.022612e-009	0.00410157
6.047612e-009	0.0201172
6.072612e-009	0.0276611
6.097612e-009	0.0173584
6.122612e-009	0.0189697
6.147612e-009	0.0175293
6.172612e-009	0.0145752
6.197612e-009	0.0229492
6.222612e-009	0.0259033
6.247612e-009	0.019165
6.272612e-009	0.0176025
6.297612e-009	0.0230713
6.322612e-009	0.0166016
6.347612e-009	0.0153076
6.372612e-009	0.0209961
6.397612e-009	0.0101807
6.422612e-009	0.0102051
6.447612e-009	0.0138184
6.472612e-009	0.0117676
6.497612e-009	0.0216065
6.522612e-009	0.0181397
6.547612e-009	0.00551759
6.572612e-009	0.0108399
6.597612e-009	0.0260498
6.622612e-009	0.0213623
6.647612e-009	0.000366218
6.672612e-009	0.00529786
6.697612e-009	0.0164063
6.722612e-009	0.0100342
6.747612e-009	0.0171875
6.772612e-009	0.0275147
6.797612e-009	0.0242432
6.822612e-009	0.0176758
6.847612e-009	0.0149902
6.872612e-009	0.0195313
6.897612e-009	0.0195068
6.922612e-009	0.021582
6.947612e-009	0.0260498
6.972612e-009	0.0214356
6.997612e-009	0.0218506
7.022612e-009	0.0270264
7.047612e-009	0.0272949
7.072612e-009	0.0274658
7.097612e-009	0.0282715
7.122612e-009	0.0205566
7.147612e-009	0.0147705
7.172612e-009	0.018335
7.197612e-009	0.0171387
7.222612e-009	0.0170899
7.247612e-009	0.0177979
7.272612e-009	0.0194092
7.297612e-009	0.0281006
7.322612e-009	0.0273926
7.347612e-009	0.0117188
7.372612e-009	0.00507813
7.397612e-009	0.0208252
7.422612e-009	0.0260498
7.447612e-009	0.0176514
7.472612e-009	0.023169
7.497612e-009	0.0161621
7.522612e-009	0.00424805
7.547612e-009	0.0232422
7.572612e-009	0.0323975
7.597612e-009	0.0265137
7.622612e-009	0.0303467
7.647612e-009	0.0162842
7.672612e-009	0.0072754
7.697612e-009	0.0140137
7.722612e-009	0.0146484
7.747612e-009	0.0284424
7.772612e-009	0.0343994
7.797612e-009	0.0298584
7.822612e-009	0.0334961
7.847612e-009	0.0265625
7.872612e-009	0.0191895
7.897612e-009	0.0203613
7.922612e-009	0.0247803
7.947612e-009	0.0312012
7.972612e-009	0.0228272
7.997612e-009	0.013208
8.022612e-009	0.0265625
8.047612e-009	0.0302246
8.072612e-009	0.0204834
8.097612e-009	0.0258301
8.122612e-009	0.0261475
8.147612e-009	0.0262695
8.172612e-009	0.0331543
8.197612e-009	0.0289551
8.222612e-009	0.017627
8.247612e-009	0.00712891
8.272612e-009	0.0193848
8.297612e-009	0.0314209
8.322612e-009	0.0147461
8.347612e-009	0.00986329
8.372612e-009	0.014209
8.397612e-009	0.00649415
8.422612e-009	0.0119141
8.447612e-009	0.0249024
8.472612e-009	0.017041
8.497612e-009	0.00754395
8.522612e-009	0.00981446
8.547612e-009	0.00983887
8.572612e-009	0.0180664
8.597612e-009	0.0155029
8.622612e-009	0.0065918
8.647612e-009	0.0211426
8.672612e-009	0.0208984
8.697612e-009	0.0201904
8.722612e-009	0.0334229
8.747612e-009	0.0210938
8.772612e-009	0.0163818
8.797612e-009	0.0274902
8.822612e-009	0.0137207
8.847612e-009	4.88356e-005
8.872612e-009	0.0132324
8.897612e-009	0.0200195
8.922612e-009	0.0157227
8.947612e-009	0.0260742
8.972612e-009	0.032251
8.997612e-009	0.034668
9.022612e-009	0.0433594
9.047612e-009	0.0347412
9.072612e-009	0.0270264
9.097612e-009	0.0343018
9.122612e-009	0.0358399
9.147612e-009	0.0343262
9.172612e-009	0.0258057
9.197612e-009	0.0243652
9.222612e-009	0.0342041
9.247612e-009	0.0242188
9.272612e-009	0.0234131
9.297612e-009	0.0335205
9.322612e-009	0.01875
9.347612e-009	0.0052002
9.372612e-009	0.00446778
9.397612e-009	0.0166504
9.422612e-009	0.0287842
9.447612e-009	0.0172852
9.472612e-009	0.017041
9.497612e-009	0.0253906
9.522612e-009	0.0114258
9.547612e-009	0.00708009
9.572612e-009	0.0171387
9.597612e-009	0.0120117
9.622612e-009	-0.00305175
9.647612e-009	-0.00307616
9.672612e-009	0.00725098
9.697612e-009	0.0110596
9.722612e-009	0.018042
9.747612e-009	0.00629884
9.772612e-009	-0.00922851
9.797612e-009	0.0147217
9.822612e-009	0.0237549
9.847612e-009	0.00471192
9.872612e-009	0.00576173
9.897612e-009	0.0152832
9.922612e-009	0.017041
9.947612e-009	0.0179932
9.972612e-009	0.018042
9.997612e-009	0.0173096
1.002261e-008	0.0270996
1.004761e-008	0.036377
1.007261e-008	0.028125
1.009761e-008	0.0151611
1.012261e-008	0.00895997
1.014761e-008	0.0149658
1.017261e-008	0.0195313
1.019761e-008	0.0216065
1.022261e-008	0.0317383
1.024761e-008	0.0237061
1.027261e-008	0.0207764
1.029761e-008	0.0356934
1.032261e-008	0.0270508
1.034761e-008	0.0191895
1.037261e-008	0.0227783
1.039761e-008	0.0278565
1.042261e-008	0.033374
1.044761e-008	0.0227051
1.047261e-008	0.023169
1.049761e-008	0.0243652
1.052261e-008	0.0136475
1.054761e-008	0.0239258
1.057261e-008	0.0284668
1.059761e-008	0.0243408
1.062261e-008	0.0281983
1.064761e-008	0.0179443
1.067261e-008	0.012207
1.069761e-008	0.0259277
1.072261e-008	0.026709
1.074761e-008	0.0130859
1.077261e-008	0.0144531
1.079761e-008	0.0240234
1.082261e-008	0.0155029
1.084761e-008	0.00498048
1.087261e-008	0.0131836
1.089761e-008	0.00898438
1.092261e-008	0.000610359
1.094761e-008	0.0097168
1.097261e-008	0.0138672
1.099761e-008	0.0253418
1.102261e-008	0.0313965
1.104761e-008	0.0218994
1.107261e-008	0.0200684
1.109761e-008	0.0188965
1.112261e-008	0.0180908
1.114761e-008	0.0126953
1.117261e-008	0.0036377
1.119761e-008	0.00412598
1.122261e-008	0.011792
1.124761e-008	0.0103027
1.127261e-008	0.00764161
1.129761e-008	0.021582
1.132261e-008	0.0203369
1.134761e-008	0.00715333
1.137261e-008	0.0104004
1.139761e-008	0.0189453
1.142261e-008	0.0217041
1.144761e-008	0.0206543
1.147261e-008	0.0216065
1.149761e-008	0.0157715
1.152261e-008	0.0126953
1.154761e-008	0.019751
1.157261e-008	0.0212158
1.159761e-008	0.0197754
1.162261e-008	0.0161133
1.164761e-008	0.0156738
1.167261e-008	0.0138184
1.169761e-008	0.00576173
1.172261e-008	0.00969239
1.174761e-008	0.0103272
1.177261e-008	0.000781257
1.179761e-008	0.00214844
1.182261e-008	0.00698243
1.184761e-008	0.00468751
1.187261e-008	0.00852052
1.189761e-008	0.0179199
1.192261e-008	0.0154297
1.194761e-008	0.0156982
1.197261e-008	0.0170166
1.199761e-008	0.00766602
1.202261e-008	0.0097168
1.204761e-008	0.0142334
1.207261e-008	0.023877
1.209761e-008	0.0384522
1.212261e-008	0.0287354
1.214761e-008	0.0181397
1.217261e-008	0.0226807
1.219761e-008	0.0287354
1.222261e-008	0.0270752
1.224761e-008	0.0174316
1.227261e-008	0.0186768
1.229761e-008	0.025415
1.232261e-008	0.0259033
1.234761e-008	0.0300293
1.237261e-008	0.0369385
1.239761e-008	0.0336914
1.242261e-008	0.0223633
1.244761e-008	0.0195068
1.247261e-008	0.0289795
1.249761e-008	0.0359131
1.252261e-008	0.0283203
1.254761e-008	0.0236328
1.257261e-008	0.0247315
1.259761e-008	0.0190674
1.262261e-008	0.026709
1.264761e-008	0.0344971
1.267261e-008	0.027002
1.269761e-008	0.0225098
1.272261e-008	0.0102783
1.274761e-008	0.00290528
1.277261e-008	0.0106445
1.279761e-008	0.0202637
1.282261e-008	0.0292725
1.284761e-008	0.0152588
1.287261e-008	0.0050293
1.289761e-008	0.0177246
1.292261e-008	0.0204102
1.294761e-008	0.0213135
1.297261e-008	0.0131592
1.299761e-008	0.00546876
1.302261e-008	0.0183838
1.304761e-008	0.0125488
1.307261e-008	0.0053711
1.309761e-008	0.0144775
1.312261e-008	0.0130371
1.314761e-008	0.0234131
1.317261e-008	0.0335938
1.319761e-008	0.0276856
1.322261e-008	0.0289307
1.324761e-008	0.0283691
1.327261e-008	0.02229
1.329761e-008	0.0175049
1.332261e-008	0.0222168
1.334761e-008	0.0311768
1.337261e-008	0.0339111
1.339761e-008	0.0374512
1.342261e-008	0.0287354
1.344761e-008	0.0191895
1.347261e-008	0.0209717
1.349761e-008	0.0194336
1.352261e-008	0.0270264
1.354761e-008	0.0369873
1.357261e-008	0.0275635
1.359761e-008	0.015332
1.362261e-008	0.0193359
1.364761e-008	0.0183594
1.367261e-008	0.00895997
1.369761e-008	0.0184815
1.372261e-008	0.0283936
1.374761e-008	0.0212891
1.377261e-008	0.0159912
1.379761e-008	0.0247803
1.382261e-008	0.0342774
1.384761e-008	0.0201172
1.387261e-008	0.0119873
1.389761e-008	0.0300293
1.392261e-008	0.0318115
1.394761e-008	0.014209
1.397261e-008	0.00722657
1.399761e-008	0.0158691
1.402261e-008	0.0161865
1.404761e-008	0.00261231
1.407261e-008	0.00781251
1.409761e-008	0.01521
1.412261e-008	0.0114258
1.414761e-008	0.020166
1.417261e-008	0.0192871
1.419761e-008	0.0098877
1.422261e-008	0.0109863
1.424761e-008	0.00930177
1.427261e-008	0.0171631
1.429761e-008	0.0275879
1.432261e-008	0.0150879
1.434761e-008	0.00729981
1.437261e-008	0.0109131
1.439761e-008	0.0124756
1.442261e-008	0.0239502
1.444761e-008	0.0262695
1.447261e-008	0.0150635
1.449761e-008	0.0133545
1.452261e-008	0.0177246
1.454761e-008	0.0188965
1.457261e-008	0.0254639
1.459761e-008	0.0429932
1.462261e-008	0.034668
1.464761e-008	0.0140625
1.467261e-008	0.0234619
1.469761e-008	0.0290039
1.472261e-008	0.0261475
1.474761e-008	0.0242432
1.477261e-008	0.0186279
1.479761e-008	0.0274658
1.482261e-008	0.0296143
1.484761e-008	0.0224365
1.487261e-008	0.0224609
1.489761e-008	0.0231201
1.492261e-008	0.0293213
1.494761e-008	0.0323486
1.497261e-008	0.0300537
1.499761e-008	0.0277344
1.502261e-008	0.0197022
1.504761e-008	0.0171631
1.507261e-008	0.0273682
1.509761e-008	0.0291504
1.512261e-008	0.0173828
1.514761e-008	0.0174316
1.517261e-008	0.0186035
1.519761e-008	0.0183594
1.522261e-008	0.0246094
1.524761e-008	0.0195313
1.527261e-008	0.0172607
1.529761e-008	0.0121826
1.532261e-008	0.00173341
1.534761e-008	0.00754395
1.537261e-008	0.0133057
1.539761e-008	0.0190674
1.542261e-008	0.0182129
1.544761e-008	0.00598145
1.547261e-008	0.0112305
1.549761e-008	0.0256836
1.552261e-008	0.0289307
1.554761e-008	0.0155274
1.557261e-008	0.002417
1.559761e-008	0.0168701
1.562261e-008	0.0209717
1.564761e-008	0.00031739
1.567261e-008	0.00822755
1.569761e-008	0.0289795
1.572261e-008	0.0258301
1.574761e-008	0.0204834
1.577261e-008	0.0231934
1.579761e-008	0.0256104
1.582261e-008	0.0316406
1.584761e-008	0.0374512
1.587261e-008	0.0279297
1.589761e-008	0.0231201
1.592261e-008	0.0281738
1.594761e-008	0.0191162
1.597261e-008	0.0181885
1.599761e-008	0.0233887
1.602261e-008	0.0193604
1.604761e-008	0.0198975
1.607261e-008	0.0184815
1.609761e-008	0.0223633
1.612261e-008	0.0364746
1.614761e-008	0.0360108
1.617261e-008	0.0156982
1.619761e-008	0.0117188
1.622261e-008	0.0261475
1.624761e-008	0.0229981
1.627261e-008	0.0201172
1.629761e-008	0.0224854
1.632261e-008	0.0185547
1.634761e-008	0.0240723
1.637261e-008	0.0246094
1.639761e-008	0.025415
1.642261e-008	0.0290283
1.644761e-008	0.0167725
1.647261e-008	0.0171143
1.649761e-008	0.0242188
1.652261e-008	0.0179199
1.654761e-008	0.0164551
1.657261e-008	0.0137451
1.659761e-008	0.0197022
1.662261e-008	0.0230957
1.664761e-008	0.0067627
1.667261e-008	0.0110352
1.669761e-008	0.0213379
1.672261e-008	0.0185059
1.674761e-008	0.012915
1.677261e-008	0.00664063
1.679761e-008	0.0211182
1.682261e-008	0.0256104
1.684761e-008	0.0102295
1.687261e-008	0.00847169
1.689761e-008	0.0155518
1.692261e-008	0.0243652
1.694761e-008	0.0225098
1.697261e-008	0.0172119
1.699761e-008	0.0225098
1.702261e-008	0.0269775
1.704761e-008	0.0252441
1.707261e-008	0.0231445
1.709761e-008	0.0237305
1.712261e-008	0.0192383
1.714761e-008	0.0156494
1.717261e-008	0.0182373
1.719761e-008	0.026416
1.722261e-008	0.0232178
1.724761e-008	0.00488282
1.727261e-008	0.0141602
1.729761e-008	0.0296387
1.732261e-008	0.0239258
1.734761e-008	0.0256836
1.737261e-008	0.0162598
1.739761e-008	0.00344239
1.742261e-008	0.0228027
1.744761e-008	0.0323242
1.747261e-008	0.0213379
1.749761e-008	0.0261475
1.752261e-008	0.0260742
1.754761e-008	0.0168945
1.757261e-008	0.014624
1.759761e-008	0.0165039
1.762261e-008	0.023584
1.764761e-008	0.0161377
1.767261e-008	0.00507813
1.769761e-008	0.0150147
1.772261e-008	0.0235107
1.774761e-008	0.0208984
1.777261e-008	0.0185303
1.779761e-008	0.0189941
1.782261e-008	0.0221191
1.784761e-008	0.0196045
1.787261e-008	0.0172607
1.789761e-008	0.0224365
1.792261e-008	0.0193848
1.794761e-008	0.0233154
1.797261e-008	0.0276123
1.799761e-008	0.0174072
1.802261e-008	0.021167
1.804761e-008	0.0193604
1.807261e-008	0.0167969
1.809761e-008	0.0279053
1.812261e-008	0.0266602
1.814761e-008	0.0300537
1.817261e-008	0.0284424
1.819761e-008	0.0234375
1.822261e-008	0.0355713
1.824761e-008	0.0280029
1.827261e-008	0.0201172
1.829761e-008	0.0348877
1.832261e-008	0.0289063
1.834761e-008	0.0206543
1.837261e-008	0.0301758
1.839761e-008	0.0295654
1.842261e-008	0.0265137
1.844761e-008	0.0334717
1.847261e-008	0.0413086
1.849761e-008	0.0233399
1.852261e-008	0.00173341
1.854761e-008	0.0127197
1.857261e-008	0.0181885
1.859761e-008	0.0186279
1.862261e-008	0.00666505
1.864761e-008	-0.0209961
1.867261e-008	0.00686036
1.869761e-008	0.0398926
1.872261e-008	0.0213623
1.874761e-008	0.0136963
1.877261e-008	0.0119141
1.879761e-008	0.010083
1.882261e-008	0.0219727
1.884761e-008	0.0167969
1.887261e-008	0.0173096
1.889761e-008	0.0206787
1.892261e-008	0.0121338
1.894761e-008	0.0225586
1.897261e-008	0.0223389
1.899761e-008	0.0193604
1.902261e-008	0.0311768
1.904761e-008	0.0201172
1.907261e-008	0.0134766
1.909761e-008	0.0193848
1.912261e-008	0.0165283
1.914761e-008	0.0216797
1.917261e-008	0.0270752
1.919761e-008	0.0263916
1.922261e-008	0.0310547
1.924761e-008	0.0294678
1.927261e-008	0.0219238
1.929761e-008	0.0253662
1.932261e-008	0.0249756
1.934761e-008	0.0197998
1.937261e-008	0.0203857
1.939761e-008	0.0233887
1.942261e-008	0.034082
1.944761e-008	0.0281006
1.947261e-008	0.0189209
1.949761e-008	0.034668
1.952261e-008	0.0348389
1.954761e-008	0.0211914
1.957261e-008	0.0201416
1.959761e-008	0.0237549
1.962261e-008	0.0263672
1.964761e-008	0.0187012
1.967261e-008	0.0110107
1.969761e-008	0.0147705
1.972261e-008	0.0134033
1.974761e-008	0.0108643
1.977261e-008	0.0172119
1.979761e-008	0.0241211
1.982261e-008	0.0223633
1.984761e-008	0.000805672
1.987261e-008	-0.00520019
1.989761e-008	0.0177979
1.992261e-008	0.0191895
1.994761e-008	0.0144287
1.997261e-008	0.0127686
1.999761e-008	0.00673829
2.002261e-008	0.0230469
2.004761e-008	0.0171875
2.007261e-008	0.00419923
2.009761e-008	0.0266846
2.012261e-008	0.0250244
2.014761e-008	0.0194824
2.017261e-008	0.0241943
2.019761e-008	0.0166016
2.022261e-008	0.0279785
2.024761e-008	0.0177246
2.027261e-008	-0.00173339
2.029761e-008	0.0121338
2.032261e-008	0.0167236
2.034761e-008	0.0220703
2.037261e-008	0.0304932
2.039761e-008	0.0227051
2.042261e-008	0.0253174
2.044761e-008	0.0331299
2.047261e-008	0.0249512
2.049761e-008	0.0199951
2.052261e-008	0.0270508
2.054761e-008	0.0269775
2.057261e-008	0.0216065
2.059761e-008	0.0208984
2.062261e-008	0.0253174
2.064761e-008	0.0245117
2.067261e-008	0.0174561
2.069761e-008	0.0246582
2.072261e-008	0.0292481
2.074761e-008	0.0169678
2.077261e-008	0.017749
2.079761e-008	0.0306885
2.082261e-008	0.0328613
2.084761e-008	0.024707
2.087261e-008	0.017627
2.089761e-008	0.0238525
2.092261e-008	0.025415
2.094761e-008	0.0133301
2.097261e-008	0.0148193
2.099761e-008	0.0180176
2.102261e-008	0.0153076
2.104761e-008	0.0185059
2.107261e-008	0.0190186
2.109761e-008	0.0225342
2.112261e-008	0.0172363
2.114761e-008	0.0101074
2.117261e-008	0.0208984
2.119761e-008	0.0288086
2.122261e-008	0.0286133
2.124761e-008	0.0179688
2.127261e-008	0.0136963
2.129761e-008	0.0232422
2.132261e-008	0.0232178
2.134761e-008	0.0239746
2.137261e-008	0.0198731
2.139761e-008	0.0152344
2.142261e-008	0.0204834
2.144761e-008	0.00910645
2.147261e-008	0.0022461
2.149761e-008	0.0186768
2.152261e-008	0.0291992
2.154761e-008	0.0283447
2.157261e-008	0.0238281
2.159761e-008	0.0268555
2.162261e-008	0.0311035
2.164761e-008	0.0109131
2.167261e-008	0.00493165
2.169761e-008	0.0222656
2.172261e-008	0.019043
2.174761e-008	0.0204102
2.177261e-008	0.0185547
2.179761e-008	0.00837403
2.182261e-008	0.0207764
2.184761e-008	0.0257813
2.187261e-008	0.0276611
2.189761e-008	0.0271484
2.192261e-008	0.0148926
2.194761e-008	0.0242188
2.197261e-008	0.0310547
2.199761e-008	0.0198486
2.202261e-008	0.0136719
2.204761e-008	0.00825196
2.207261e-008	0.0138916
2.209761e-008	0.0334229
2.212261e-008	0.0302734
2.214761e-008	0.00544434
2.217261e-008	0.00688477
2.219761e-008	0.0239258
2.222261e-008	0.0209229
2.224761e-008	0.0185791
2.227261e-008	0.0206299
2.229761e-008	0.00957032
2.232261e-008	0.00341798
2.234761e-008	0.00996095
2.237261e-008	0.0108154
2.239761e-008	0.012915
2.242261e-008	0.0206787
2.244761e-008	0.0143555
2.247261e-008	0.013501
2.249761e-008	0.0225586
2.252261e-008	0.0181397
2.254761e-008	0.0148193
2.257261e-008	0.0128418
2.259761e-008	0.0124756
2.262261e-008	0.0166992
2.264761e-008	0.0167969
2.267261e-008	0.0171143
2.269761e-008	0.0132813
2.272261e-008	0.0215576
2.274761e-008	0.0292969
2.277261e-008	0.0107666
2.279761e-008	0.0137451
2.282261e-008	0.0342041
2.284761e-008	0.0267578
2.287261e-008	0.0183594
2.289761e-008	0.0194336
2.292261e-008	0.0159424
2.294761e-008	0.0253662
2.297261e-008	0.0269531
2.299761e-008	0.0161133
2.302261e-008	0.0276123
2.304761e-008	0.0286621
2.307261e-008	0.0236084
2.309761e-008	0.0317139
2.312261e-008	0.0116699
2.314761e-008	0.00996095
2.317261e-008	0.0278076
2.319761e-008	0.0069336
2.322261e-008	0.00351563
2.324761e-008	0.0125732
2.327261e-008	0.00197755
2.329761e-008	0.00742188
2.332261e-008	0.0138428
2.334761e-008	0.014917
2.337261e-008	0.00598145
2.339761e-008	0.00231934
2.342261e-008	0.0227295
2.344761e-008	0.0112061
2.347261e-008	-0.00119628
2.349761e-008	0.017627
2.352261e-008	0.0174561
2.354761e-008	0.0152588
2.357261e-008	0.0180664
2.359761e-008	0.0186035
2.362261e-008	0.0254883
2.364761e-008	0.0215332
2.367261e-008	0.0177734
2.369761e-008	0.0240967
2.372261e-008	0.0248779
2.374761e-008	0.0200928
2.377261e-008	0.0208984
2.379761e-008	0.0279053
2.382261e-008	0.029541
2.384761e-008	0.0190918
2.387261e-008	0.00961915
2.389761e-008	0.0147705
2.392261e-008	0.0230225
2.394761e-008	0.0241699
2.397261e-008	0.0185791
2.399761e-008	0.020459
2.402261e-008	0.0292725
2.404761e-008	0.0131104
2.407261e-008	0.00712891
2.409761e-008	0.0316406
2.412261e-008	0.0315918
2.414761e-008	0.0214111
2.417261e-008	0.0232178
2.419761e-008	0.0236572
2.422261e-008	0.0313477
2.424761e-008	0.028833
2.427261e-008	0.0144287
2.429761e-008	0.0128662
2.432261e-008	0.0192139
2.434761e-008	0.0258057
2.437261e-008	0.02854
2.439761e-008	0.0237549
2.442261e-008	0.0177002
2.444761e-008	0.0118652
2.447261e-008	0.015918
2.449761e-008	0.02771
2.452261e-008	0.0210693
2.454761e-008	0.0187256
2.457261e-008	0.0245606
2.459761e-008	0.0133545
2.462261e-008	0.0187012
2.464761e-008	0.0236084
2.467261e-008	0.0108643
2.469761e-008	0.00947266
2.472261e-008	0.00839845
2.474761e-008	0.0112305
2.477261e-008	0.015332
2.479761e-008	0.0209473
2.482261e-008	0.0276367
2.484761e-008	0.0204834
2.487261e-008	0.0201172
2.489761e-008	0.0211182
2.492261e-008	0.0184815
2.494761e-008	0.019165
2.497261e-008	0.0165039
2.499761e-008	0.0259766
2.502261e-008	0.0314697
2.504761e-008	0.0165283
2.507261e-008	0.00810548
2.509761e-008	0.0041504
2.512261e-008	0.00395509
2.514761e-008	0.0243408
2.517261e-008	0.0324951
2.519761e-008	0.0230225
2.522261e-008	0.0233887
2.524761e-008	0.01875
2.527261e-008	0.021167
2.529761e-008	0.0281983
2.532261e-008	0.0146484
2.534761e-008	0.0165283
2.537261e-008	0.0311524
2.539761e-008	0.0272217
2.542261e-008	0.0297608
2.544761e-008	0.0305664
2.547261e-008	0.0212647
2.549761e-008	0.0270508
2.552261e-008	0.0182129
2.554761e-008	0.0069336
2.557261e-008	0.024707
2.559761e-008	0.0258057
2.562261e-008	0.0119141
2.564761e-008	0.0121094
2.567261e-008	0.0165772
2.569761e-008	0.0149658
2.572261e-008	0.00932618
2.574761e-008	0.0168213
2.577261e-008	0.0199463
2.579761e-008	0.0182617
2.582261e-008	0.0229492
2.584761e-008	0.00324708
2.587261e-008	0.000585945
2.589761e-008	0.0229004
2.592261e-008	0.0133789
2.594761e-008	0.0111572
2.597261e-008	0.0217041
2.599761e-008	0.018335
2.602261e-008	0.0216309
2.604761e-008	0.0136963
2.607261e-008	0.00463868
2.609761e-008	0.0177246
2.612261e-008	0.0243164
2.614761e-008	0.00876466
2.617261e-008	0.000830086
2.619761e-008	0.0251221
2.622261e-008	0.0322754
2.624761e-008	0.0115234
2.627261e-008	0.0136963
2.629761e-008	0.0203369
2.632261e-008	0.0161133
2.634761e-008	0.0130615
2.637261e-008	0.00498048
2.639761e-008	0.0134277
2.642261e-008	0.0298584
2.644761e-008	0.0215088
2.647261e-008	0.0188965
2.649761e-008	0.0335449
2.652261e-008	0.031543
2.654761e-008	0.0214844
2.657261e-008	0.0183106
2.659761e-008	0.0162354
2.662261e-008	0.0252197
2.664761e-008	0.0242432
2.667261e-008	0.00339356
2.669761e-008	0.0137207
2.672261e-008	0.0313965
2.674761e-008	0.0202393
2.677261e-008	0.0189209
2.679761e-008	0.0164551
2.682261e-008	0.00947266
2.684761e-008	0.017627
2.687261e-008	0.0234863
2.689761e-008	0.0310059
2.692261e-008	0.0338867
2.694761e-008	0.028125
2.697261e-008	0.0273438
2.699761e-008	0.0228027
2.702261e-008	0.0252197
2.704761e-008	0.0259766
2.707261e-008	0.0115967
2.709761e-008	0.0169434
2.712261e-008	0.0253418
2.714761e-008	0.0112793
2.717261e-008	0.0136963
2.719761e-008	0.0314697
2.722261e-008	0.0285889
2.724761e-008	0.0258545
2.727261e-008	0.0355713
2.729761e-008	0.01875
2.732261e-008	0.00539552
2.734761e-008	0.0217774
2.737261e-008	0.0237549
2.739761e-008	0.0203125
2.742261e-008	0.0195557
2.744761e-008	0.0194824
2.747261e-008	0.0248291
2.749761e-008	0.019458
2.752261e-008	0.0173096
2.754761e-008	0.0170899
2.757261e-008	0.0219971
2.759761e-008	0.0351074
2.762261e-008	0.0277588
2.764761e-008	0.00859376
2.767261e-008	0.00390626
2.769761e-008	0.013916
2.772261e-008	0.0188721
2.774761e-008	0.0275147
2.777261e-008	0.0352783
2.779761e-008	0.0266358
2.782261e-008	0.0267822
2.784761e-008	0.0229248
2.787261e-008	0.0162109
2.789761e-008	0.0190186
2.792261e-008	0.0166748
2.794761e-008	0.0214844
2.797261e-008	0.014917
2.799761e-008	0.00930177
2.802261e-008	0.0229736
2.804761e-008	0.0116455
2.807261e-008	0.0114014
2.809761e-008	0.0319092
2.812261e-008	0.0202393
2.814761e-008	0.0187012
2.817261e-008	0.031543
2.819761e-008	0.0185059
2.822261e-008	0.0157471
2.824761e-008	0.0280274
2.827261e-008	0.0205322
2.829761e-008	0.0133789
2.832261e-008	0.0214844
2.834761e-008	0.0268555
2.837261e-008	0.027002
2.839761e-008	0.0207764
2.842261e-008	0.0196533
2.844761e-008	0.0182129
2.847261e-008	0.0128174
2.849761e-008	0.0229004
2.852261e-008	0.02229
2.854761e-008	0.0118897
2.857261e-008	0.00974122
2.859761e-008	0.00986329
2.862261e-008	0.0219971
2.864761e-008	0.0278565
2.867261e-008	0.0209229
2.869761e-008	0.0210449
2.872261e-008	0.0275879
2.874761e-008	0.0251465
2.877261e-008	0.0176758
2.879761e-008	0.0272217
2.882261e-008	0.0273438
2.884761e-008	0.00861817
2.887261e-008	0.00590821
2.889761e-008	0.00493165
2.892261e-008	0.00390626
2.894761e-008	0.0175537
2.897261e-008	0.020166
2.899761e-008	0.0196777
2.902261e-008	0.0328613
2.904761e-008	0.036377
2.907261e-008	0.0224121
2.909761e-008	0.0115967
2.912261e-008	0.019751
2.914761e-008	0.0308838
2.917261e-008	0.0286865
2.919761e-008	0.0280518
2.922261e-008	0.0236328
2.924761e-008	0.00949708
2.927261e-008	0.0162842
2.929761e-008	0.026416
2.932261e-008	0.0173096
2.934761e-008	0.0203613
2.937261e-008	0.0196777
2.939761e-008	0.0134522
2.942261e-008	0.026294
2.944761e-008	0.0270752
2.947261e-008	0.0192383
2.949761e-008	0.0104248
2.952261e-008	0.00187989
2.954761e-008	0.02854
2.957261e-008	0.0464111
2.959761e-008	0.0320801
2.962261e-008	0.0346924
2.964761e-008	0.0298828
2.967261e-008	0.0177734
2.969761e-008	0.0281738
2.972261e-008	0.025415
2.974761e-008	0.013501
2.977261e-008	0.0178955
2.979761e-008	0.0250977
2.982261e-008	0.0244385
2.984761e-008	0.0140625
2.987261e-008	0.0105957
2.989761e-008	0.0248047
2.992261e-008	0.0229736
2.994761e-008	0.0091797
2.997261e-008	0.0251953
2.999761e-008	0.0438477
3.002261e-008	0.0345703
3.004761e-008	0.0171631
3.007261e-008	0.0192139
3.009761e-008	0.0330811
3.012261e-008	0.020459
3.014761e-008	0.0120606
3.017261e-008	0.0323975
3.019761e-008	0.0354981
3.022261e-008	0.0266846
3.024761e-008	0.0270508
3.027261e-008	0.0169434
3.029761e-008	0.0116455
3.032261e-008	0.0191895
3.034761e-008	0.0135986
3.037261e-008	0.0116211
3.039761e-008	0.0249268
3.042261e-008	0.032666
3.044761e-008	0.022168
3.047261e-008	0.0114502
3.049761e-008	0.0217285
3.052261e-008	0.0190186
3.054761e-008	0.00793458
3.057261e-008	0.00913087
3.059761e-008	0.00939942
3.062261e-008	0.0233643
3.064761e-008	0.0289307
3.067261e-008	0.0170166
3.069761e-008	0.0120606
3.072261e-008	0.0238281
3.074761e-008	0.037207
3.077261e-008	0.0155029
3.079761e-008	0.011084
3.082261e-008	0.0269775
3.084761e-008	0.0130615
3.087261e-008	0.0118897
3.089761e-008	0.0156738
3.092261e-008	0.0175049
3.094761e-008	0.0261231
3.097261e-008	0.0151367
3.099761e-008	0.0157471
3.102261e-008	0.0288574
3.104761e-008	0.0210693
3.107261e-008	0.014209
3.109761e-008	0.0216065
3.112261e-008	0.0195557
3.114761e-008	0.0241699
3.117261e-008	0.0279297
3.119761e-008	0.00881348
3.122261e-008	0.0203125
3.124761e-008	0.0256348
3.127261e-008	0.00524903
3.129761e-008	0.017627
3.132261e-008	0.0130127
3.134761e-008	0.00993653
3.137261e-008	0.0269043
3.139761e-008	0.0193359
3.142261e-008	0.0262207
3.144761e-008	0.0203369
3.147261e-008	0.00236817
3.149761e-008	0.0179688
3.152261e-008	0.0221924
3.154761e-008	0.0169434
3.157261e-008	0.0159668
3.159761e-008	0.0199219
3.162261e-008	0.0266358
3.164761e-008	0.0153076
3.167261e-008	0.0161133
3.169761e-008	0.0216309
3.172261e-008	0.0166504
3.174761e-008	0.0193115
3.177261e-008	0.0176758
3.179761e-008	0.0251465
3.182261e-008	0.0312744
3.184761e-008	0.0176514
3.187261e-008	0.0189697
3.189761e-008	0.0255615
3.192261e-008	0.0154541
3.194761e-008	0.0116699
3.197261e-008	0.017334
3.199761e-008	0.0209717
3.202261e-008	0.0228516
3.204761e-008	0.024585
3.207261e-008	0.0259033
3.209761e-008	0.019458
3.212261e-008	0.0121338
3.214761e-008	0.0205322
3.217261e-008	0.0284668
3.219761e-008	0.023291
3.222261e-008	0.0213379
3.224761e-008	0.0219482
3.227261e-008	0.0196045
3.229761e-008	0.022876
3.232261e-008	0.0250733
3.234761e-008	0.0161865
3.237261e-008	0.00976563
3.239761e-008	0.0163086
3.242261e-008	0.0234131
3.244761e-008	0.0170899
3.247261e-008	0.0126709
3.249761e-008	0.0255615
3.252261e-008	0.0271484
3.254761e-008	0.0161865
3.257261e-008	0.0252197
3.259761e-008	0.0373047
3.262261e-008	0.0298828
3.264761e-008	0.0233643
3.267261e-008	0.0234619
3.269761e-008	0.0167725
3.272261e-008	0.0185059
3.274761e-008	0.0227295
3.277261e-008	0.0216553
3.279761e-008	0.0392578
3.282261e-008	0.0379395
3.284761e-008	0.0108399
3.287261e-008	0.0214844
3.289761e-008	0.0322998
3.292261e-008	0.0125488
3.294761e-008	0.0161133
3.297261e-008	0.0243408
3.299761e-008	0.022168
3.302261e-008	0.0255615
3.304761e-008	0.0152588
3.307261e-008	0.0133301
3.309761e-008	0.0261719
3.312261e-008	0.0250977
3.314761e-008	0.019458
3.317261e-008	0.0173828
3.319761e-008	0.0133057
3.322261e-008	0.0108643
3.324761e-008	0.0168945
3.327261e-008	0.0229492
3.329761e-008	0.0192383
3.332261e-008	0.0161621
3.334761e-008	0.0217285
3.337261e-008	0.0272705
3.339761e-008	0.0291992
3.342261e-008	0.026001
3.344761e-008	0.0112305
3.347261e-008	0.00905762
3.349761e-008	0.0211182
3.352261e-008	0.0231201
3.354761e-008	0.0295654
3.357261e-008	0.0268311
3.359761e-008	0.0197022
3.362261e-008	0.0233887
3.364761e-008	0.0135742
3.367261e-008	0.0256592
3.369761e-008	0.0397705
3.372261e-008	0.0180908
3.374761e-008	0.013501
3.377261e-008	0.0205078
3.379761e-008	0.0288574
3.382261e-008	0.0324951
3.384761e-008	0.0125977
3.387261e-008	0.0209229
3.389761e-008	0.0395752
3.392261e-008	0.0174072
3.394761e-008	0.0116455
3.397261e-008	0.0271973
3.399761e-008	0.0204834
3.402261e-008	0.0228516
3.404761e-008	0.0297608
3.407261e-008	0.0231934
3.409761e-008	0.0246582
3.412261e-008	0.0269775
3.414761e-008	0.0272949
3.417261e-008	0.022583
3.419761e-008	0.01875
3.422261e-008	0.0262451
3.424761e-008	0.0223145
3.427261e-008	0.0134522
3.429761e-008	0.0188965
3.432261e-008	0.0262695
3.434761e-008	0.0242676
3.437261e-008	0.018335
3.439761e-008	0.0123535
3.442261e-008	0.013208
3.444761e-008	0.027124
3.447261e-008	0.0282471
3.449761e-008	0.0129883
3.452261e-008	0.014209
3.454761e-008	0.0229492
3.457261e-008	0.0178955
3.459761e-008	0.0205566
3.462261e-008	0.0321533
3.464761e-008	0.0243164
3.467261e-008	0.0236572
3.469761e-008	0.0420899
3.472261e-008	0.0379883
3.474761e-008	0.0210449
3.477261e-008	0.0112793
3.479761e-008	0.0200928
3.482261e-008	0.0386231
3.484761e-008	0.016919
3.487261e-008	-0.00256347
3.489761e-008	0.0178955
3.492261e-008	0.0222656
3.494761e-008	0.0161377
3.497261e-008	0.0264404
3.499761e-008	0.0337647
3.502261e-008	0.0255127
3.504761e-008	0.00854493
3.507261e-008	0.00876466
3.509761e-008	0.0244629
3.512261e-008	0.0247315
3.514761e-008	0.0254395
3.517261e-008	0.0261475
3.519761e-008	0.0109131
3.522261e-008	0.0172607
3.524761e-008	0.0272461
3.527261e-008	0.0217529
3.529761e-008	0.0282715
3.532261e-008	0.0220703
3.534761e-008	0.00629884
3.537261e-008	0.0104248
3.539761e-008	0.0229736
3.542261e-008	0.0211426
3.544761e-008	0.00925294
3.547261e-008	0.0196777
3.549761e-008	0.0308594
3.552261e-008	0.0212158
3.554761e-008	0.0143066
3.557261e-008	0.0127686
3.559761e-008	0.0252197
3.562261e-008	0.0256348
3.564761e-008	0.0043213
3.567261e-008	0.0186768
3.569761e-008	0.033252
3.572261e-008	0.0118897
3.574761e-008	0.0091797
3.577261e-008	0.0123047
3.579761e-008	-0.000219719
3.582261e-008	0.00329591
3.584761e-008	0.00664063
3.587261e-008	0.00412598
3.589761e-008	0.0132568
3.592261e-008	0.0168945
3.594761e-008	0.0223633
3.597261e-008	0.0291016
3.599761e-008	0.027124
3.602261e-008	0.0208984
3.604761e-008	0.00563966
3.607261e-008	0.00913087
3.609761e-008	0.0263184
3.612261e-008	0.0180176
3.614761e-008	0.0076172
3.617261e-008	0.0199951
3.619761e-008	0.0283447
3.622261e-008	0.0148926
3.624761e-008	-0.000415032
3.627261e-008	0.00341798
3.629761e-008	0.0173096
3.632261e-008	0.017041
3.634761e-008	0.020874
3.637261e-008	0.0353027
3.639761e-008	0.0275879
3.642261e-008	0.0148926
3.644761e-008	0.0144531
3.647261e-008	0.0203125
3.649761e-008	0.0258301
3.652261e-008	0.0195313
3.654761e-008	0.0172363
3.657261e-008	0.0218262
3.659761e-008	0.018457
3.662261e-008	0.0179443
3.664761e-008	0.0254395
3.667261e-008	0.02229
3.669761e-008	0.0192627
3.672261e-008	0.0292236
3.674761e-008	0.0254639
3.677261e-008	0.012793
3.679761e-008	0.0161621
3.682261e-008	0.0241455
3.684761e-008	0.0172607
3.687261e-008	0.00964356
3.689761e-008	0.0136231
3.692261e-008	0.00805665
3.694761e-008	0.0117432
3.697261e-008	0.0366455
3.699761e-008	0.0385254
3.702261e-008	0.0245361
3.704761e-008	0.0174561
3.707261e-008	0.00800782
3.709761e-008	0.0101074
3.712261e-008	0.0231201
3.714761e-008	0.0235352
3.717261e-008	0.020459
3.719761e-008	0.0298096
3.722261e-008	0.03125
3.724761e-008	0.0216065
3.727261e-008	0.0170899
3.729761e-008	0.012207
3.732261e-008	0.0188477
3.734761e-008	0.0250977
3.737261e-008	0.0119385
3.739761e-008	0.0200928
3.742261e-008	0.0414551
3.744761e-008	0.0357178
3.747261e-008	0.0285645
3.749761e-008	0.0335938
3.752261e-008	0.0258057
3.754761e-008	0.0134522
3.757261e-008	0.00729981
3.759761e-008	0.00358887
3.762261e-008	0.0195313
3.764761e-008	0.0296387
3.767261e-008	0.0199951
3.769761e-008	0.0285156
3.772261e-008	0.0349609
3.774761e-008	0.0277344
3.777261e-008	0.0240234
3.779761e-008	0.0206055
3.782261e-008	0.0290283
3.784761e-008	0.0265381
3.787261e-008	0.0113037
3.789761e-008	0.0211914
3.792261e-008	0.0276856
3.794761e-008	0.0235352
3.797261e-008	0.0284668
3.799761e-008	0.0231934
3.802261e-008	0.0182861
3.804761e-008	0.0223633
3.807261e-008	0.0265137
3.809761e-008	0.0278076
3.812261e-008	0.0210938
3.814761e-008	0.0233154
3.817261e-008	0.0272461
3.819761e-008	0.0254395
3.822261e-008	0.0281006
3.824761e-008	0.0181152
3.827261e-008	0.0115234
3.829761e-008	0.0215576
3.832261e-008	0.019458
3.834761e-008	0.0119141
3.837261e-008	0.01604
3.839761e-008	0.0176758
3.842261e-008	0.0164551
3.844761e-008	0.0249512
3.847261e-008	0.0246582
3.849761e-008	0.0135254
3.852261e-008	0.0128662
3.854761e-008	0.014209
3.857261e-008	0.0152832
3.859761e-008	0.0241455
3.862261e-008	0.0266358
3.864761e-008	0.00759278
3.867261e-008	0.0025879
3.869761e-008	0.0303467
3.872261e-008	0.030835
3.874761e-008	0.0195068
3.877261e-008	0.0280274
3.879761e-008	0.0264404
3.882261e-008	0.0299316
3.884761e-008	0.0257568
3.887261e-008	0.0205078
3.889761e-008	0.0314453
3.892261e-008	0.0229004
3.894761e-008	0.0264649
3.897261e-008	0.0306885
3.899761e-008	0.0187256
3.902261e-008	0.0254395
3.904761e-008	0.0148438
3.907261e-008	0.0127441
3.909761e-008	0.0262695
3.912261e-008	0.0159912
3.914761e-008	0.0201172
3.917261e-008	0.0215088
3.919761e-008	0.0152588
3.922261e-008	0.0163574
3.924761e-008	0.00749512
3.927261e-008	0.0199219
3.929761e-008	0.0317139
3.932261e-008	0.019043
3.934761e-008	0.0169922
3.937261e-008	0.0210205
3.939761e-008	0.0254395
3.942261e-008	0.033667
3.944761e-008	0.0278565
3.947261e-008	0.0126221
3.949761e-008	0.00878907
3.952261e-008	0.016626
3.954761e-008	0.0225342
3.957261e-008	0.0147705
3.959761e-008	0.0173584
3.962261e-008	0.032544
3.964761e-008	0.0256592
3.967261e-008	0.0230957
3.969761e-008	0.0232422
3.972261e-008	0.00632325
3.974761e-008	0.0154785
3.977261e-008	0.0299561
3.979761e-008	0.0265381
3.982261e-008	0.0280518
3.984761e-008	0.0199219
3.987261e-008	0.0132568
3.989761e-008	0.0213867
3.992261e-008	0.0275391
3.994761e-008	0.028125
3.997261e-008	0.0216553
3.999761e-008	0.0246582
4.002261e-008	0.0295899
4.004761e-008	0.0124512
4.007261e-008	0.00939942
4.009761e-008	0.025708
4.012261e-008	0.0288818
4.014761e-008	0.0239746
4.017261e-008	0.0100586
4.019761e-008	0.0114746
4.022261e-008	0.0278565
4.024761e-008	0.0182617
4.027261e-008	0.0208496
4.029761e-008	0.0314941
4.032261e-008	0.0172363
4.034761e-008	0.0198731
4.037261e-008	0.022583
4.039761e-008	0.0156006
4.042261e-008	0.0202637
4.044761e-008	0.0111572
4.047261e-008	0.00368653
4.049761e-008	0.0189453
4.052261e-008	0.0311768
4.054761e-008	0.0197266
4.057261e-008	0.00305177
4.059761e-008	0.0104004
4.062261e-008	0.0235596
4.064761e-008	0.0229492
4.067261e-008	0.0179443
4.069761e-008	0.0091797
4.072261e-008	0.00937501
4.074761e-008	0.0236816
4.077261e-008	0.0196289
4.079761e-008	0.013501
4.082261e-008	0.0202637
4.084761e-008	0.00539552
4.087261e-008	0.0100098
4.089761e-008	0.0349121
4.092261e-008	0.020874
4.094761e-008	0.00312501
4.097261e-008	0.00700684
4.099761e-008	0.0248291
4.102261e-008	0.0349365
4.104761e-008	0.0143555
4.107261e-008	0.0150147
4.109761e-008	0.0370117
4.112261e-008	0.0278076
4.114761e-008	0.02146
4.117261e-008	0.0288818
4.119761e-008	0.0207275
4.122261e-008	0.0262695
4.124761e-008	0.0340576
4.127261e-008	0.0190186
4.129761e-008	0.00656739
4.132261e-008	0.00895997
4.134761e-008	0.0206055
4.137261e-008	0.016626
4.139761e-008	0.0171875
4.142261e-008	0.0302002
4.144761e-008	0.0239746
4.147261e-008	0.0239746
4.149761e-008	0.0253906
4.152261e-008	0.0210205
4.154761e-008	0.0287842
4.157261e-008	0.0193359
4.159761e-008	0.0098877
4.162261e-008	0.0284424
4.164761e-008	0.0191162
4.167261e-008	0.00454102
4.169761e-008	0.0340576
4.172261e-008	0.0339844
4.174761e-008	0.0209473
4.177261e-008	0.0343506
4.179761e-008	0.0274658
4.182261e-008	0.0251953
4.184761e-008	0.0242188
4.187261e-008	0.0074463
4.189761e-008	0.0126465
4.192261e-008	0.0237061
4.194761e-008	0.0102783
4.197261e-008	0.00664063
4.199761e-008	0.0302734
4.202261e-008	0.0324463
4.204761e-008	0.0191162
4.207261e-008	0.0207764
4.209761e-008	0.0218506
4.212261e-008	0.0233887
4.214761e-008	0.0212158
4.217261e-008	0.00859376
4.219761e-008	0.0119385
4.222261e-008	0.0314697
4.224761e-008	0.025
4.227261e-008	0.00717774
4.229761e-008	0.0155518
4.232261e-008	0.0199463
4.234761e-008	0.0134033
4.237261e-008	0.0170654
4.239761e-008	0.0219727
4.242261e-008	0.0293701
4.244761e-008	0.0312744
4.247261e-008	0.0257568
4.249761e-008	0.02854
4.252261e-008	0.0178467
4.254761e-008	0.00805665
4.257261e-008	0.0211914
4.259761e-008	0.0269287
4.262261e-008	0.0256836
4.264761e-008	0.0225098
4.267261e-008	0.02229
4.269761e-008	0.0236816
4.272261e-008	0.0210938
4.274761e-008	0.0279297
4.277261e-008	0.0205078
4.279761e-008	0.0179932
4.282261e-008	0.0266846
4.284761e-008	0.00524903
4.287261e-008	0.00493165
4.289761e-008	0.0282959
4.292261e-008	0.0243652
4.294761e-008	0.0218994
4.297261e-008	0.0234863
4.299761e-008	0.0197998
4.302261e-008	0.0308838
4.304761e-008	0.0292725
4.307261e-008	0.0121094
4.309761e-008	0.0216309
4.312261e-008	0.0311035
4.314761e-008	0.0182861
4.317261e-008	0.0146484
4.319761e-008	0.024707
4.322261e-008	0.0322266
4.324761e-008	0.0216553
4.327261e-008	0.00976563
4.329761e-008	0.0138184
4.332261e-008	0.022876
4.334761e-008	0.0352295
4.337261e-008	0.0320557
4.339761e-008	0.0234375
4.342261e-008	0.0279297
4.344761e-008	0.0231934
4.347261e-008	0.0121338
4.349761e-008	0.0101318
4.352261e-008	0.0187012
4.354761e-008	0.0223633
4.357261e-008	0.019751
4.359761e-008	0.0280274
4.362261e-008	0.0261719
4.364761e-008	0.00847169
4.367261e-008	0.00307618
4.369761e-008	0.0121094
4.372261e-008	0.0233887
4.374761e-008	0.0174072
4.377261e-008	0.00541993
4.379761e-008	0.0267822
4.382261e-008	0.0393799
4.384761e-008	0.0199463
4.387261e-008	0.0199463
4.389761e-008	0.0149658
4.392261e-008	-0.00385741
4.394761e-008	0.00473634
4.397261e-008	0.0189209
4.399761e-008	0.0236328
4.402261e-008	0.0204346
4.404761e-008	0.0102051
4.407261e-008	0.021582
4.409761e-008	0.0293457
4.412261e-008	0.0156738
4.414761e-008	0.0244141
4.417261e-008	0.027832
4.419761e-008	0.0194092
4.422261e-008	0.0257568
4.424761e-008	0.0148682
4.427261e-008	0.0107422
4.429761e-008	0.0220459
4.432261e-008	0.0258057
4.434761e-008	0.0334717
4.437261e-008	0.0236816
4.439761e-008	0.0223633
4.442261e-008	0.0401611
4.444761e-008	0.016626
4.447261e-008	-0.00341796
4.449761e-008	0.0208252
4.452261e-008	0.0235107
4.454761e-008	0.00361329
4.457261e-008	0.00483399
4.459761e-008	0.0242432
4.462261e-008	0.0316162
4.464761e-008	0.0149902
4.467261e-008	0.0130859
4.469761e-008	0.0193115
4.472261e-008	0.0159424
4.474761e-008	0.0280274
4.477261e-008	0.0273682
4.479761e-008	0.0180176
4.482261e-008	0.0323731
4.484761e-008	0.027417
4.487261e-008	0.00107423
4.489761e-008	0.00202637
4.492261e-008	0.0203369
4.494761e-008	0.0271973
4.497261e-008	0.0244629
4.499761e-008	0.0233399
4.502261e-008	0.0231445
4.504761e-008	0.0148926
4.507261e-008	0.0126221
4.509761e-008	0.0198975
4.512261e-008	0.0172363
4.514761e-008	0.0206543
4.517261e-008	0.0297852
4.519761e-008	0.0175537
4.522261e-008	0.00729981
4.524761e-008	0.00810548
4.527261e-008	0.00996095
4.529761e-008	0.0256836
4.532261e-008	0.0288086
4.534761e-008	0.0203369
4.537261e-008	0.0244385
4.539761e-008	0.0196777
4.542261e-008	0.0173584
4.544761e-008	0.0240967
4.547261e-008	0.0181397
4.549761e-008	0.0123535
4.552261e-008	0.0158447
4.554761e-008	0.0183594
4.557261e-008	0.0219482
4.559761e-008	0.0214111
4.562261e-008	0.0138672
4.564761e-008	0.0180664
4.567261e-008	0.0226318
4.569761e-008	0.0221191
4.572261e-008	0.026001
4.574761e-008	0.0184326
4.577261e-008	0.0164551
4.579761e-008	0.0256104
4.582261e-008	0.0145996
4.584761e-008	0.00268555
4.587261e-008	0.0120606
4.589761e-008	0.0194824
4.592261e-008	0.014624
4.594761e-008	0.0144775
4.597261e-008	0.0211426
4.599761e-008	0.0194824
4.602261e-008	0.0250733
4.604761e-008	0.0342041
4.607261e-008	0.022168
4.609761e-008	0.0168945
4.612261e-008	0.017334
4.614761e-008	0.0101563
4.617261e-008	0.0160889
4.619761e-008	0.0296631
4.622261e-008	0.0349854
4.624761e-008	0.0280762
4.627261e-008	0.0166016
4.629761e-008	0.00830079
4.632261e-008	0.0135254
4.634761e-008	0.0208008
4.637261e-008	0.0194092
4.639761e-008	0.0302002
4.642261e-008	0.0343018
4.644761e-008	0.0228027
4.647261e-008	0.0195313
4.649761e-008	0.0159668
4.652261e-008	0.00495606
4.654761e-008	0.0084961
4.657261e-008	0.0190186
4.659761e-008	0.0185303
4.662261e-008	0.0187012
4.664761e-008	0.00607911
4.667261e-008	0.00898438
4.669761e-008	0.0364258
4.672261e-008	0.0300537
4.674761e-008	0.0173828
4.677261e-008	0.0220703
4.679761e-008	0.0298584
4.682261e-008	0.032666
4.684761e-008	0.0141357
4.687261e-008	0.0121094
4.689761e-008	0.0268799
4.692261e-008	0.0158691
4.694761e-008	0.012793
4.697261e-008	0.0272217
4.699761e-008	0.0269775
4.702261e-008	0.0253906
4.704761e-008	0.0222656
4.707261e-008	0.0239502
4.709761e-008	0.0334717
4.712261e-008	0.0292236
4.714761e-008	0.0247315
4.717261e-008	0.0121094
4.719761e-008	0.0129639
4.722261e-008	0.0408203
4.724761e-008	0.0295166
4.727261e-008	0.0132813
4.729761e-008	0.0268311
4.732261e-008	0.0162598
4.734761e-008	0.00869141
4.737261e-008	0.015918
4.739761e-008	0.010669
4.742261e-008	0.0181641
4.744761e-008	0.0249512
4.747261e-008	0.0216553
4.749761e-008	0.023999
4.752261e-008	0.020874
4.754761e-008	0.0162842
4.757261e-008	0.00649415
4.759761e-008	0.0038086
4.762261e-008	0.0213867
4.764761e-008	0.0277344
4.767261e-008	0.0171143
4.769761e-008	0.0112549
4.772261e-008	0.0211426
4.774761e-008	0.0261231
4.777261e-008	0.0145508
4.779761e-008	0.0228272
4.782261e-008	0.0421387
4.784761e-008	0.0359375
4.787261e-008	0.0246094
4.789761e-008	0.0275147
4.792261e-008	0.0239014
4.794761e-008	0.012915
4.797261e-008	0.0133057
4.799761e-008	0.0203857
4.802261e-008	0.0328613
4.804761e-008	0.0265137
4.807261e-008	0.00466309
4.809761e-008	0.0134766
4.812261e-008	0.0167481
4.814761e-008	0.0140625
4.817261e-008	0.0277832
4.819761e-008	0.0123291
4.822261e-008	0.0019043
4.824761e-008	0.0178711
4.827261e-008	0.0236816
4.829761e-008	0.024292
4.832261e-008	0.0280518
4.834761e-008	0.0284912
4.837261e-008	0.0193115
4.839761e-008	0.0238037
4.842261e-008	0.0317871
4.844761e-008	0.0229736
4.847261e-008	0.0231934
4.849761e-008	0.0237793
4.852261e-008	0.0172852
4.854761e-008	0.0124756
4.857261e-008	0.0135986
4.859761e-008	0.0261475
4.862261e-008	0.0282959
4.864761e-008	0.0205566
4.867261e-008	0.0242188
4.869761e-008	0.0243164
4.872261e-008	0.0160889
4.874761e-008	0.0259522
4.877261e-008	0.0306152
4.879761e-008	0.0133789
4.882261e-008	0.01521
4.884761e-008	0.0132324
4.887261e-008	0.00407716
4.889761e-008	0.0287354
4.892261e-008	0.0324219
4.894761e-008	0.0114014
4.897261e-008	0.0122559
4.899761e-008	0.016333
4.902261e-008	0.0256836
4.904761e-008	0.027124
4.907261e-008	0.0194092
4.909761e-008	0.0268555
4.912261e-008	0.0242188
4.914761e-008	0.0178955
4.917261e-008	0.0222168
4.919761e-008	0.0227051
4.922261e-008	0.0233887
4.924761e-008	0.0143799
4.927261e-008	0.0036377
4.929761e-008	0.0141602
4.932261e-008	0.0199707
4.934761e-008	0.0161621
4.937261e-008	0.0268066
4.939761e-008	0.0305664
4.942261e-008	0.0213379
4.944761e-008	0.0133301
4.947261e-008	0.00595704
4.949761e-008	0.0184815
4.952261e-008	0.0243164
4.954761e-008	0.0101318
4.957261e-008	0.0150391
4.959761e-008	0.0107422
4.962261e-008	0.0138428
4.964761e-008	0.0391602
4.967261e-008	0.0304688
4.969761e-008	0.0206787
4.972261e-008	0.0249268
4.974761e-008	0.0205322
4.977261e-008	0.0242188
4.979761e-008	0.0250977
4.982261e-008	0.0158203
4.984761e-008	0.00712891
4.987261e-008	0.0113281
4.989761e-008	0.0233887
4.992261e-008	0.0179932
4.994761e-008	0.00698243
4.997261e-008	0.0141846
4.999761e-008	0.027832
5.002261e-008	0.0305908
