# LECROYWM813Zi	51496	Waveform
# Segments	1	SegmentSize	4002
# Segment	TrigTime	TimeSinceSegment1
# #1	30-Nov-2018 17:19:18	0                 
# Time	Ampl
-5.000954e-008	0.011499
-4.998454e-008	0.0153565
-4.995954e-008	0.0162109
-4.993454e-008	0.0186768
-4.990954e-008	0.019165
-4.988454e-008	0.0139649
-4.985954e-008	0.0160889
-4.983454e-008	0.0227539
-4.980954e-008	0.0101074
-4.978454e-008	0.0083252
-4.975954e-008	0.0244385
-4.973454e-008	0.0188965
-4.970954e-008	0.00966798
-4.968454e-008	0.0103027
-4.965954e-008	0.00861817
-4.963454e-008	0.0161621
-4.960954e-008	0.0209717
-4.958454e-008	0.0205811
-4.955954e-008	0.0239014
-4.953454e-008	0.0246582
-4.950954e-008	0.0295166
-4.948454e-008	0.0146973
-4.945954e-008	0.0114014
-4.943454e-008	0.0349854
-4.940954e-008	0.0187988
-4.938454e-008	0.0112305
-4.935954e-008	0.0229492
-4.933454e-008	0.0153076
-4.930954e-008	0.0189941
-4.928454e-008	0.0124756
-4.925954e-008	0.0130615
-4.923454e-008	0.0263184
-4.920954e-008	0.0183838
-4.918454e-008	0.0171387
-4.915954e-008	0.022583
-4.913454e-008	0.0270508
-4.910954e-008	0.0268555
-4.908454e-008	0.0189209
-4.905954e-008	0.0184326
-4.903454e-008	0.0176514
-4.900954e-008	0.0173828
-4.898454e-008	0.0195801
-4.895954e-008	0.0173828
-4.893454e-008	0.0167725
-4.890954e-008	0.0208008
-4.888454e-008	0.0240234
-4.885954e-008	0.0233887
-4.883454e-008	0.0227051
-4.880954e-008	0.0233887
-4.878454e-008	0.0244629
-4.875954e-008	0.0205811
-4.873454e-008	0.013794
-4.870954e-008	0.0124512
-4.868454e-008	0.0114502
-4.865954e-008	0.020459
-4.863454e-008	0.0309082
-4.860954e-008	0.0126953
-4.858454e-008	0.00556641
-4.855954e-008	0.0305664
-4.853454e-008	0.0373535
-4.850954e-008	0.0255859
-4.848454e-008	0.0177734
-4.845954e-008	0.0228272
-4.843454e-008	0.0335449
-4.840954e-008	0.0211914
-4.838454e-008	0.00844727
-4.835954e-008	0.0145264
-4.833454e-008	0.0194824
-4.830954e-008	0.0229492
-4.828454e-008	0.0234863
-4.825954e-008	0.0204102
-4.823454e-008	0.0251953
-4.820954e-008	0.0309326
-4.818454e-008	0.0243164
-4.815954e-008	0.0209473
-4.813454e-008	0.0195313
-4.810954e-008	0.0152832
-4.808454e-008	0.0223633
-4.805954e-008	0.0162598
-4.803454e-008	0.00764161
-4.800954e-008	0.0204102
-4.798454e-008	0.0273926
-4.795954e-008	0.0282715
-4.793454e-008	0.0258545
-4.790954e-008	0.0183106
-4.788454e-008	0.0159424
-4.785954e-008	0.0209473
-4.783454e-008	0.0292725
-4.780954e-008	0.0196289
-4.778454e-008	0.00600587
-4.775954e-008	0.0185059
-4.773454e-008	0.0303955
-4.770954e-008	0.0165039
-4.768454e-008	0.00915528
-4.765954e-008	0.0284912
-4.763454e-008	0.0357666
-4.760954e-008	0.0234619
-4.758454e-008	0.0216553
-4.755954e-008	0.0292969
-4.753454e-008	0.0327393
-4.750954e-008	0.0242188
-4.748454e-008	0.0192139
-4.745954e-008	0.0295899
-4.743454e-008	0.0287354
-4.740954e-008	0.0151611
-4.738454e-008	0.0169678
-4.735954e-008	0.0257324
-4.733454e-008	0.0217774
-4.730954e-008	0.0200928
-4.728454e-008	0.0259033
-4.725954e-008	0.027417
-4.723454e-008	0.0233154
-4.720954e-008	0.0103027
-4.718454e-008	0.0124512
-4.715954e-008	0.0277832
-4.713454e-008	0.0209961
-4.710954e-008	0.0150879
-4.708454e-008	0.0176025
-4.705954e-008	0.0231445
-4.703454e-008	0.0314209
-4.700954e-008	0.0152344
-4.698454e-008	0.0101807
-4.695954e-008	0.0275635
-4.693454e-008	0.0210205
-4.690954e-008	0.0117432
-4.688454e-008	0.0193115
-4.685954e-008	0.0290039
-4.683454e-008	0.0374512
-4.680954e-008	0.0288574
-4.678454e-008	0.0116211
-4.675954e-008	0.0131836
-4.673454e-008	0.0214356
-4.670954e-008	0.0229004
-4.668454e-008	0.0229492
-4.665954e-008	0.0205811
-4.663454e-008	0.0205811
-4.660954e-008	0.0249756
-4.658454e-008	0.0247315
-4.655954e-008	0.0227295
-4.653454e-008	0.0145996
-4.650954e-008	0.0121826
-4.648454e-008	0.0289307
-4.645954e-008	0.0292481
-4.643454e-008	0.0279053
-4.640954e-008	0.035669
-4.638454e-008	0.0141602
-4.635954e-008	0.00261231
-4.633454e-008	0.0166016
-4.630954e-008	0.022168
-4.628454e-008	0.022876
-4.625954e-008	0.01875
-4.623454e-008	0.0158936
-4.620954e-008	0.0181885
-4.618454e-008	0.014917
-4.615954e-008	0.0101807
-4.613454e-008	0.0159912
-4.610954e-008	0.0204102
-4.608454e-008	0.0135742
-4.605954e-008	0.0165772
-4.603454e-008	0.0250977
-4.600954e-008	0.0213623
-4.598454e-008	0.012085
-4.595954e-008	0.012085
-4.593454e-008	0.0191406
-4.590954e-008	0.0190918
-4.588454e-008	0.0181885
-4.585954e-008	0.0206787
-4.583454e-008	0.0196045
-4.580954e-008	0.00852052
-4.578454e-008	0.00839845
-4.575954e-008	0.0249024
-4.573454e-008	0.0168213
-4.570954e-008	0.0162598
-4.568454e-008	0.0386963
-4.565954e-008	0.0303467
-4.563454e-008	0.0245606
-4.560954e-008	0.0331543
-4.558454e-008	0.0251709
-4.555954e-008	0.0319824
-4.553454e-008	0.0379639
-4.550954e-008	0.0217529
-4.548454e-008	0.0139893
-4.545954e-008	0.0192383
-4.543454e-008	0.0257568
-4.540954e-008	0.017627
-4.538454e-008	0.0142578
-4.535954e-008	0.0257568
-4.533454e-008	0.0258545
-4.530954e-008	0.027832
-4.528454e-008	0.0209961
-4.525954e-008	0.0124268
-4.523454e-008	0.0295899
-4.520954e-008	0.0258789
-4.518454e-008	0.0126221
-4.515954e-008	0.0214844
-4.513454e-008	0.0204834
-4.510954e-008	0.0124024
-4.508454e-008	0.00515137
-4.505954e-008	0.0134766
-4.503454e-008	0.0266602
-4.500954e-008	0.00842286
-4.498454e-008	0.00795899
-4.495954e-008	0.0254395
-4.493454e-008	0.023291
-4.490954e-008	0.021582
-4.488454e-008	0.014624
-4.485954e-008	0.0209961
-4.483454e-008	0.0393311
-4.480954e-008	0.0334961
-4.478454e-008	0.020459
-4.475954e-008	0.019458
-4.473454e-008	0.027417
-4.470954e-008	0.0171875
-4.468454e-008	0.00429688
-4.465954e-008	0.0234131
-4.463454e-008	0.0311279
-4.460954e-008	0.0159912
-4.458454e-008	0.00957032
-4.455954e-008	0.0167725
-4.453454e-008	0.0306152
-4.450954e-008	0.0344727
-4.448454e-008	0.0299805
-4.445954e-008	0.0250488
-4.443454e-008	0.0140625
-4.440954e-008	0.00356446
-4.438454e-008	0.00581055
-4.435954e-008	0.0146484
-4.433454e-008	0.0114502
-4.430954e-008	-0.00100097
-4.428454e-008	0.00339356
-4.425954e-008	0.0269531
-4.423454e-008	0.0338379
-4.420954e-008	0.0190918
-4.418454e-008	0.0232178
-4.415954e-008	0.0397949
-4.413454e-008	0.0299805
-4.410954e-008	0.0141602
-4.408454e-008	0.0164795
-4.405954e-008	0.0203125
-4.403454e-008	0.0219971
-4.400954e-008	0.0203857
-4.398454e-008	0.0156982
-4.395954e-008	0.0195313
-4.393454e-008	0.0240234
-4.390954e-008	0.0192139
-4.388454e-008	0.0171143
-4.385954e-008	0.0272461
-4.383454e-008	0.0235107
-4.380954e-008	0.00615235
-4.378454e-008	0.0123779
-4.375954e-008	0.0233643
-4.373454e-008	0.0224609
-4.370954e-008	0.0254883
-4.368454e-008	0.0191406
-4.365954e-008	0.0148193
-4.363454e-008	0.0273926
-4.360954e-008	0.0219482
-4.358454e-008	0.00864259
-4.355954e-008	0.0160156
-4.353454e-008	0.0183106
-4.350954e-008	0.0208496
-4.348454e-008	0.0270996
-4.345954e-008	0.0150879
-4.343454e-008	0.0107422
-4.340954e-008	0.0202149
-4.338454e-008	0.0170166
-4.335954e-008	0.0117676
-4.333454e-008	0.0215332
-4.330954e-008	0.0263428
-4.328454e-008	0.0132324
-4.325954e-008	0.013916
-4.323454e-008	0.0353516
-4.320954e-008	0.0348389
-4.318454e-008	0.0247803
-4.315954e-008	0.036792
-4.313454e-008	0.031958
-4.310954e-008	0.0172363
-4.308454e-008	0.025415
-4.305954e-008	0.0334473
-4.303454e-008	0.0265625
-4.300954e-008	-0.00280761
-4.298454e-008	-0.0116699
-4.295954e-008	0.0199219
-4.293454e-008	0.020874
-4.290954e-008	-0.000512688
-4.288454e-008	0.00410157
-4.285954e-008	0.0245606
-4.283454e-008	0.0375488
-4.280954e-008	0.0201904
-4.278454e-008	0.00910645
-4.275954e-008	0.0311768
-4.273454e-008	0.026709
-4.270954e-008	0.00852052
-4.268454e-008	0.016333
-4.265954e-008	0.0211182
-4.263454e-008	0.0293457
-4.260954e-008	0.0237793
-4.258454e-008	0.00773927
-4.255954e-008	0.0191406
-4.253454e-008	0.0197998
-4.250954e-008	0.023877
-4.248454e-008	0.0322022
-4.245954e-008	0.0204834
-4.243454e-008	0.0294922
-4.240954e-008	0.0216309
-4.238454e-008	0.00786134
-4.235954e-008	0.0281006
-4.233454e-008	0.0240723
-4.230954e-008	0.00781251
-4.228454e-008	0.00476075
-4.225954e-008	0.0083252
-4.223454e-008	0.0199463
-4.220954e-008	0.0175049
-4.218454e-008	0.0131592
-4.215954e-008	0.0277344
-4.213454e-008	0.0407227
-4.210954e-008	0.0297608
-4.208454e-008	0.0167236
-4.205954e-008	0.023169
-4.203454e-008	0.0244629
-4.200954e-008	0.00820313
-4.198454e-008	0.00490723
-4.195954e-008	0.0195557
-4.193454e-008	0.0234375
-4.190954e-008	0.0219971
-4.188454e-008	0.0168213
-4.185954e-008	0.0183594
-4.183454e-008	0.0299072
-4.180954e-008	0.0210938
-4.178454e-008	0.019751
-4.175954e-008	0.0251465
-4.173454e-008	0.020459
-4.170954e-008	0.0238525
-4.168454e-008	0.0156982
-4.165954e-008	0.0137451
-4.163454e-008	0.0232422
-4.160954e-008	0.0215088
-4.158454e-008	0.0243408
-4.155954e-008	0.0303467
-4.153454e-008	0.040918
-4.150954e-008	0.0343994
-4.148454e-008	0.00808106
-4.145954e-008	0.0121826
-4.143454e-008	0.0236084
-4.140954e-008	0.0224365
-4.138454e-008	0.0222412
-4.135954e-008	0.0123047
-4.133454e-008	0.0118164
-4.130954e-008	0.0186524
-4.128454e-008	0.0230225
-4.125954e-008	0.0196289
-4.123454e-008	0.00307618
-4.120954e-008	0.00793458
-4.118454e-008	0.0242676
-4.115954e-008	0.0285645
-4.113454e-008	0.023291
-4.110954e-008	0.0197754
-4.108454e-008	0.0250977
-4.105954e-008	0.0178711
-4.103454e-008	0.00915528
-4.100954e-008	0.00637208
-4.098454e-008	0.0132568
-4.095954e-008	0.0288574
-4.093454e-008	0.025293
-4.090954e-008	0.0233399
-4.088454e-008	0.0204346
-4.085954e-008	0.0104248
-4.083454e-008	0.0254395
-4.080954e-008	0.0328858
-4.078454e-008	0.0175781
-4.075954e-008	0.0191406
-4.073454e-008	0.0276367
-4.070954e-008	0.0228516
-4.068454e-008	0.0223145
-4.065954e-008	0.0244629
-4.063454e-008	0.0179932
-4.060954e-008	0.0162842
-4.058454e-008	0.0193848
-4.055954e-008	0.0136231
-4.053454e-008	0.0102051
-4.050954e-008	0.0223633
-4.048454e-008	0.02229
-4.045954e-008	0.00351563
-4.043454e-008	0.012085
-4.040954e-008	0.0307861
-4.038454e-008	0.0258057
-4.035954e-008	0.0273193
-4.033454e-008	0.0273438
-4.030954e-008	0.0194824
-4.028454e-008	0.0228272
-4.025954e-008	0.0241943
-4.023454e-008	0.0241943
-4.020954e-008	0.0160156
-4.018454e-008	0.00368653
-4.015954e-008	0.0179932
-4.013454e-008	0.0318115
-4.010954e-008	0.0136231
-4.008454e-008	0.00405274
-4.005954e-008	0.021167
-4.003454e-008	0.0243164
-4.000954e-008	0.0217529
-3.998454e-008	0.0301758
-3.995954e-008	0.0196533
-3.993454e-008	0.0156738
-3.990954e-008	0.0366699
-3.988454e-008	0.0327881
-3.985954e-008	0.0198975
-3.983454e-008	0.027417
-3.980954e-008	0.0190186
-3.978454e-008	0.00756837
-3.975954e-008	0.015918
-3.973454e-008	0.0220459
-3.970954e-008	0.0209473
-3.968454e-008	0.0178467
-3.965954e-008	0.0243164
-3.963454e-008	0.0286377
-3.960954e-008	0.027832
-3.958454e-008	0.0331543
-3.955954e-008	0.0144531
-3.953454e-008	0.00031739
-3.950954e-008	0.0171143
-3.948454e-008	0.023877
-3.945954e-008	0.0150391
-3.943454e-008	0.00661622
-3.940954e-008	0.017041
-3.938454e-008	0.0294434
-3.935954e-008	0.0217041
-3.933454e-008	0.020166
-3.930954e-008	0.0152344
-3.928454e-008	0.00954591
-3.925954e-008	0.025293
-3.923454e-008	0.0314453
-3.920954e-008	0.0299316
-3.918454e-008	0.0303223
-3.915954e-008	0.0184326
-3.913454e-008	0.0135498
-3.910954e-008	0.0136475
-3.908454e-008	0.0074463
-3.905954e-008	0.0157471
-3.903454e-008	0.0241211
-3.900954e-008	0.0123291
-3.898454e-008	0.0156006
-3.895954e-008	0.0269043
-3.893454e-008	0.0195313
-3.890954e-008	0.0213379
-3.888454e-008	0.0246338
-3.885954e-008	0.0290772
-3.883454e-008	0.036377
-3.880954e-008	0.0195313
-3.878454e-008	0.0168213
-3.875954e-008	0.0280762
-3.873454e-008	0.019043
-3.870954e-008	0.020044
-3.868454e-008	0.0198486
-3.865954e-008	0.0135986
-3.863454e-008	0.025293
-3.860954e-008	0.0214111
-3.858454e-008	0.0134033
-3.855954e-008	0.019165
-3.853454e-008	0.0128174
-3.850954e-008	0.0208984
-3.848454e-008	0.0234375
-3.845954e-008	0.0058838
-3.843454e-008	0.0213135
-3.840954e-008	0.0293945
-3.838454e-008	0.021167
-3.835954e-008	0.0375
-3.833454e-008	0.0346191
-3.830954e-008	0.0180664
-3.828454e-008	0.0104736
-3.825954e-008	0.00522462
-3.823454e-008	0.0181397
-3.820954e-008	0.0216065
-3.818454e-008	0.0212402
-3.815954e-008	0.0302002
-3.813454e-008	0.0172852
-3.810954e-008	0.00764161
-3.808454e-008	0.0052002
-3.805954e-008	0.0134277
-3.803454e-008	0.0354248
-3.800954e-008	0.0151856
-3.798454e-008	0.00451661
-3.795954e-008	0.0285645
-3.793454e-008	0.0207764
-3.790954e-008	0.0237549
-3.788454e-008	0.0354981
-3.785954e-008	0.0181397
-3.783454e-008	0.0151611
-3.780954e-008	0.0226563
-3.778454e-008	0.0176025
-3.775954e-008	0.00373536
-3.773454e-008	0.00627442
-3.770954e-008	0.0258545
-3.768454e-008	0.0241943
-3.765954e-008	0.0300781
-3.763454e-008	0.0382813
-3.760954e-008	0.0174072
-3.758454e-008	0.0173828
-3.755954e-008	0.0255371
-3.753454e-008	0.0205811
-3.750954e-008	0.030835
-3.748454e-008	0.0221436
-3.745954e-008	0.0101807
-3.743454e-008	0.0280518
-3.740954e-008	0.0340332
-3.738454e-008	0.0319092
-3.735954e-008	0.0264404
-3.733454e-008	0.0149902
-3.730954e-008	0.0197998
-3.728454e-008	0.0175781
-3.725954e-008	0.0199707
-3.723454e-008	0.0302734
-3.720954e-008	0.00534669
-3.718454e-008	-0.00253906
-3.715954e-008	0.0217041
-3.713454e-008	0.0233154
-3.710954e-008	0.0295166
-3.708454e-008	0.0329346
-3.705954e-008	0.0199707
-3.703454e-008	0.026709
-3.700954e-008	0.023584
-3.698454e-008	0.0119141
-3.695954e-008	0.0200195
-3.693454e-008	0.0223389
-3.690954e-008	0.0230469
-3.688454e-008	0.0264649
-3.685954e-008	0.0311035
-3.683454e-008	0.035376
-3.680954e-008	0.0108399
-3.678454e-008	-0.00224609
-3.675954e-008	0.0150147
-3.673454e-008	0.0198242
-3.670954e-008	0.0336914
-3.668454e-008	0.0354248
-3.665954e-008	0.0106201
-3.663454e-008	0.0139893
-3.660954e-008	0.0224854
-3.658454e-008	0.0148193
-3.655954e-008	0.0144287
-3.653454e-008	0.0175781
-3.650954e-008	0.0097168
-3.648454e-008	0.00820313
-3.645954e-008	0.0276367
-3.643454e-008	0.0282471
-3.640954e-008	0.0169434
-3.638454e-008	0.0184082
-3.635954e-008	0.0168945
-3.633454e-008	0.0262451
-3.630954e-008	0.0280274
-3.628454e-008	0.0122803
-3.625954e-008	0.0216309
-3.623454e-008	0.0350098
-3.620954e-008	0.0269043
-3.618454e-008	0.0172119
-3.615954e-008	0.0113525
-3.613454e-008	0.0155274
-3.610954e-008	0.0197998
-3.608454e-008	0.00986329
-3.605954e-008	0.0107422
-3.603454e-008	0.0216065
-3.600954e-008	0.016919
-3.598454e-008	0.018335
-3.595954e-008	0.027124
-3.593454e-008	0.0198975
-3.590954e-008	0.0177246
-3.588454e-008	0.0190674
-3.585954e-008	0.0188965
-3.583454e-008	0.0348877
-3.580954e-008	0.0368652
-3.578454e-008	0.0218018
-3.575954e-008	0.0264893
-3.573454e-008	0.0379883
-3.570954e-008	0.0341309
-3.568454e-008	0.0164795
-3.565954e-008	0.00895997
-3.563454e-008	0.0155029
-3.560954e-008	0.0107422
-3.558454e-008	0.0124024
-3.555954e-008	0.0197998
-3.553454e-008	0.0155029
-3.550954e-008	0.017627
-3.548454e-008	0.0191162
-3.545954e-008	0.0212891
-3.543454e-008	0.0292236
-3.540954e-008	0.0253174
-3.538454e-008	0.0174316
-3.535954e-008	0.0197998
-3.533454e-008	0.0283447
-3.530954e-008	0.0254395
-3.528454e-008	0.0128174
-3.525954e-008	0.0186524
-3.523454e-008	0.0279785
-3.520954e-008	0.0202393
-3.518454e-008	0.0221191
-3.515954e-008	0.0288818
-3.513454e-008	0.0265869
-3.510954e-008	0.0212647
-3.508454e-008	0.00803223
-3.505954e-008	0.0110107
-3.503454e-008	0.0311035
-3.500954e-008	0.0312744
-3.498454e-008	0.0142334
-3.495954e-008	0.0091797
-3.493454e-008	0.021582
-3.490954e-008	0.0178467
-3.488454e-008	0.00688477
-3.485954e-008	0.0217041
-3.483454e-008	0.0263184
-3.480954e-008	0.010083
-3.478454e-008	0.0126221
-3.475954e-008	0.0237061
-3.473454e-008	0.0248535
-3.470954e-008	0.0206055
-3.468454e-008	0.00939942
-3.465954e-008	0.021582
-3.463454e-008	0.0376465
-3.460954e-008	0.0140869
-3.458454e-008	0.00834962
-3.455954e-008	0.0200928
-3.453454e-008	0.0149414
-3.450954e-008	0.0224365
-3.448454e-008	0.026294
-3.445954e-008	0.0217529
-3.443454e-008	0.0202637
-3.440954e-008	0.0136963
-3.438454e-008	0.0139404
-3.435954e-008	0.0136231
-3.433454e-008	0.0133057
-3.430954e-008	0.0190918
-3.428454e-008	0.0114014
-3.425954e-008	0.0102051
-3.423454e-008	0.0236816
-3.420954e-008	0.0193848
-3.418454e-008	0.0188721
-3.415954e-008	0.0196045
-3.413454e-008	0.00913087
-3.410954e-008	0.0233399
-3.408454e-008	0.0399902
-3.405954e-008	0.035376
-3.403454e-008	0.0217285
-3.400954e-008	0.0125732
-3.398454e-008	0.0238037
-3.395954e-008	0.0331055
-3.393454e-008	0.0244385
-3.390954e-008	0.0226074
-3.388454e-008	0.0335938
-3.385954e-008	0.028833
-3.383454e-008	0.0202393
-3.380954e-008	0.0232178
-3.378454e-008	0.0190674
-3.375954e-008	0.0219971
-3.373454e-008	0.0317139
-3.370954e-008	0.0309082
-3.368454e-008	0.0261231
-3.365954e-008	0.0226807
-3.363454e-008	0.0284424
-3.360954e-008	0.0425293
-3.358454e-008	0.0314941
-3.355954e-008	-0.00229491
-3.353454e-008	-0.00161132
-3.350954e-008	0.0162842
-3.348454e-008	0.0146973
-3.345954e-008	0.0208984
-3.343454e-008	0.0323486
-3.340954e-008	0.0237793
-3.338454e-008	0.0108643
-3.335954e-008	0.0181397
-3.333454e-008	0.0215088
-3.330954e-008	0.014917
-3.328454e-008	0.024707
-3.325954e-008	0.0318604
-3.323454e-008	0.0307617
-3.320954e-008	0.0317627
-3.318454e-008	0.0244385
-3.315954e-008	0.0167236
-3.313454e-008	0.0131104
-3.310954e-008	0.0135742
-3.308454e-008	0.0207031
-3.305954e-008	0.0270996
-3.303454e-008	0.023999
-3.300954e-008	0.0122803
-3.298454e-008	0.0131348
-3.295954e-008	0.0167236
-3.293454e-008	0.0120606
-3.290954e-008	0.0196045
-3.288454e-008	0.0168945
-3.285954e-008	0.00454102
-3.283454e-008	0.0188477
-3.280954e-008	0.0341065
-3.278454e-008	0.0222412
-3.275954e-008	0.0118408
-3.273454e-008	0.017749
-3.270954e-008	0.0230225
-3.268454e-008	0.0203369
-3.265954e-008	0.0144531
-3.263454e-008	0.0189697
-3.260954e-008	0.0229981
-3.258454e-008	0.0216309
-3.255954e-008	0.0251709
-3.253454e-008	0.0184815
-3.250954e-008	0.0217529
-3.248454e-008	0.0343994
-3.245954e-008	0.0289307
-3.243454e-008	0.023291
-3.240954e-008	0.0181641
-3.238454e-008	0.0146729
-3.235954e-008	0.0175293
-3.233454e-008	0.0180664
-3.230954e-008	0.0186035
-3.228454e-008	0.0125488
-3.225954e-008	0.0143555
-3.223454e-008	0.0271484
-3.220954e-008	0.0224854
-3.218454e-008	0.0229492
-3.215954e-008	0.0285889
-3.213454e-008	0.010376
-3.210954e-008	0.00749512
-3.208454e-008	0.0244873
-3.205954e-008	0.0238281
-3.203454e-008	0.0148926
-3.200954e-008	0.0169678
-3.198454e-008	0.0241455
-3.195954e-008	0.0271973
-3.193454e-008	0.0267822
-3.190954e-008	0.0171875
-3.188454e-008	0.0132568
-3.185954e-008	0.0195313
-3.183454e-008	0.0188232
-3.180954e-008	0.0127441
-3.178454e-008	0.00742188
-3.175954e-008	0.0192627
-3.173454e-008	0.0273926
-3.170954e-008	0.0157471
-3.168454e-008	0.0162598
-3.165954e-008	0.0224854
-3.163454e-008	0.0272705
-3.160954e-008	0.0263672
-3.158454e-008	0.0175049
-3.155954e-008	0.0255371
-3.153454e-008	0.0246826
-3.150954e-008	0.00378419
-3.148454e-008	0.00812989
-3.145954e-008	0.0276367
-3.143454e-008	0.0268799
-3.140954e-008	0.0109863
-3.138454e-008	0.00461427
-3.135954e-008	0.0154053
-3.133454e-008	0.0210449
-3.130954e-008	0.0151856
-3.128454e-008	0.0171631
-3.125954e-008	0.0303711
-3.123454e-008	0.0318848
-3.120954e-008	0.0203125
-3.118454e-008	0.0230957
-3.115954e-008	0.0330078
-3.113454e-008	0.0265625
-3.110954e-008	0.0135742
-3.108454e-008	0.0140625
-3.105954e-008	0.0250488
-3.103454e-008	0.0280274
-3.100954e-008	0.0194824
-3.098454e-008	0.0142822
-3.095954e-008	0.0167969
-3.093454e-008	0.0191406
-3.090954e-008	0.0131104
-3.088454e-008	0.00180665
-3.085954e-008	0.0156738
-3.083454e-008	0.0400635
-3.080954e-008	0.024292
-3.078454e-008	0.00388184
-3.075954e-008	0.019043
-3.073454e-008	0.0314209
-3.070954e-008	0.0177979
-3.068454e-008	0.0088379
-3.065954e-008	0.0221191
-3.063454e-008	0.0190674
-3.060954e-008	-0.00168456
-3.058454e-008	0.00541993
-3.055954e-008	0.019458
-3.053454e-008	0.0155762
-3.050954e-008	0.0154785
-3.048454e-008	0.0126953
-3.045954e-008	0.0110352
-3.043454e-008	0.0226318
-3.040954e-008	0.0270752
-3.038454e-008	0.0296631
-3.035954e-008	0.0281983
-3.033454e-008	0.0154297
-3.030954e-008	0.0150391
-3.028454e-008	0.00739747
-3.025954e-008	-0.000244133
-3.023454e-008	0.0240723
-3.020954e-008	0.0265137
-3.018454e-008	0.0139404
-3.015954e-008	0.025293
-3.013454e-008	0.0145508
-3.010954e-008	0.00874024
-3.008454e-008	0.023291
-3.005954e-008	0.0157959
-3.003454e-008	0.0156738
-3.000954e-008	0.0187988
-2.998454e-008	0.0173584
-2.995954e-008	0.0263428
-2.993454e-008	0.02229
-2.990954e-008	0.0112305
-2.988454e-008	0.0112061
-2.985954e-008	0.0208252
-2.983454e-008	0.0295166
-2.980954e-008	0.0305664
-2.978454e-008	0.0233887
-2.975954e-008	0.0171387
-2.973454e-008	0.0170654
-2.970954e-008	0.00532227
-2.968454e-008	0.00405274
-2.965954e-008	0.0264893
-2.963454e-008	0.0300537
-2.960954e-008	0.0203125
-2.958454e-008	0.0290527
-2.955954e-008	0.0310791
-2.953454e-008	0.0224609
-2.950954e-008	0.02771
-2.948454e-008	0.0246826
-2.945954e-008	0.0230957
-2.943454e-008	0.0293701
-2.940954e-008	0.0161865
-2.938454e-008	0.0146484
-2.935954e-008	0.0259277
-2.933454e-008	0.0269043
-2.930954e-008	0.02771
-2.928454e-008	0.0188477
-2.925954e-008	0.0183106
-2.923454e-008	0.0279053
-2.920954e-008	0.0169434
-2.918454e-008	0.0151856
-2.915954e-008	0.0213379
-2.913454e-008	0.0127197
-2.910954e-008	0.0088379
-2.908454e-008	0.00786134
-2.905954e-008	0.0191895
-2.903454e-008	0.0283447
-2.900954e-008	0.0144287
-2.898454e-008	0.0104736
-2.895954e-008	0.017041
-2.893454e-008	0.0237305
-2.890954e-008	0.0226074
-2.888454e-008	0.0126953
-2.885954e-008	0.0233643
-2.883454e-008	0.0344727
-2.880954e-008	0.0268555
-2.878454e-008	0.0219482
-2.875954e-008	0.0097168
-2.873454e-008	0.00590821
-2.870954e-008	0.027832
-2.868454e-008	0.0315674
-2.865954e-008	0.0300293
-2.863454e-008	0.031665
-2.860954e-008	0.0107178
-2.858454e-008	0.0144043
-2.855954e-008	0.0255127
-2.853454e-008	0.00922852
-2.850954e-008	0.00505372
-2.848454e-008	0.0145996
-2.845954e-008	0.0299561
-2.843454e-008	0.0290039
-2.840954e-008	0.0157715
-2.838454e-008	0.0253418
-2.835954e-008	0.0310303
-2.833454e-008	0.0200195
-2.830954e-008	0.0143066
-2.828454e-008	0.0242188
-2.825954e-008	0.0233154
-2.823454e-008	0.00327149
-2.820954e-008	0.00388184
-2.818454e-008	0.0149414
-2.815954e-008	0.0163574
-2.813454e-008	0.0211182
-2.810954e-008	0.0241455
-2.808454e-008	0.0123047
-2.805954e-008	0.0134522
-2.803454e-008	0.0280762
-2.800954e-008	0.0178223
-2.798454e-008	0.0150635
-2.795954e-008	0.0212647
-2.793454e-008	0.0161621
-2.790954e-008	0.0236084
-2.788454e-008	0.0219971
-2.785954e-008	0.0125
-2.783454e-008	0.0165283
-2.780954e-008	0.0237061
-2.778454e-008	0.0254639
-2.775954e-008	0.0188721
-2.773454e-008	0.0202637
-2.770954e-008	0.0281738
-2.768454e-008	0.0243164
-2.765954e-008	0.0189697
-2.763454e-008	0.0194824
-2.760954e-008	0.012915
-2.758454e-008	0.00769044
-2.755954e-008	0.0272949
-2.753454e-008	0.0413818
-2.750954e-008	0.0238525
-2.748454e-008	0.0224609
-2.745954e-008	0.0386963
-2.743454e-008	0.0261475
-2.740954e-008	0.016333
-2.738454e-008	0.0249756
-2.735954e-008	0.013794
-2.733454e-008	0.00751954
-2.730954e-008	0.0176758
-2.728454e-008	0.0125244
-2.725954e-008	0.0183594
-2.723454e-008	0.0314941
-2.720954e-008	0.0132324
-2.718454e-008	0.0088379
-2.715954e-008	0.0283447
-2.713454e-008	0.0251221
-2.710954e-008	0.0248047
-2.708454e-008	0.0303955
-2.705954e-008	0.0223633
-2.703454e-008	0.0219482
-2.700954e-008	0.0141846
-2.698454e-008	0.00922852
-2.695954e-008	0.0258789
-2.693454e-008	0.0299316
-2.690954e-008	0.0177002
-2.688454e-008	0.0156006
-2.685954e-008	0.0302734
-2.683454e-008	0.0246826
-2.680954e-008	0.00915528
-2.678454e-008	0.0240234
-2.675954e-008	0.0321045
-2.673454e-008	0.0300293
-2.670954e-008	0.0310303
-2.668454e-008	0.0213379
-2.665954e-008	0.0197998
-2.663454e-008	0.0226807
-2.660954e-008	0.0175293
-2.658454e-008	0.0128662
-2.655954e-008	0.0173584
-2.653454e-008	0.0297363
-2.650954e-008	0.0293945
-2.648454e-008	0.0217041
-2.645954e-008	0.0259277
-2.643454e-008	0.0248291
-2.640954e-008	0.0171387
-2.638454e-008	0.0178955
-2.635954e-008	0.0194336
-2.633454e-008	0.0234375
-2.630954e-008	0.0298828
-2.628454e-008	0.0309326
-2.625954e-008	0.0320313
-2.623454e-008	0.0281738
-2.620954e-008	0.0157471
-2.618454e-008	0.017334
-2.615954e-008	0.016626
-2.613454e-008	-0.000170891
-2.610954e-008	0.0141113
-2.608454e-008	0.0298584
-2.605954e-008	0.0199219
-2.603454e-008	0.0299072
-2.600954e-008	0.0310059
-2.598454e-008	0.0209229
-2.595954e-008	0.0189697
-2.593454e-008	0.00100098
-2.590954e-008	0.00151368
-2.588454e-008	0.018335
-2.585954e-008	0.0181152
-2.583454e-008	0.0183594
-2.580954e-008	0.0189697
-2.578454e-008	0.0179688
-2.575954e-008	0.0165283
-2.573454e-008	0.0146729
-2.570954e-008	0.0192871
-2.568454e-008	0.0193604
-2.565954e-008	0.0178955
-2.563454e-008	0.0198242
-2.560954e-008	0.0180908
-2.558454e-008	0.018457
-2.555954e-008	0.0196777
-2.553454e-008	0.0183106
-2.550954e-008	0.0216065
-2.548454e-008	0.0277832
-2.545954e-008	0.0259033
-2.543454e-008	0.0180908
-2.540954e-008	0.0140381
-2.538454e-008	0.0212647
-2.535954e-008	0.0305908
-2.533454e-008	0.0233154
-2.530954e-008	0.00783692
-2.528454e-008	0.0084961
-2.525954e-008	0.0299805
-2.523454e-008	0.0316895
-2.520954e-008	0.00864259
-2.518454e-008	0.00803223
-2.515954e-008	0.0172363
-2.513454e-008	0.0188965
-2.510954e-008	0.0171875
-2.508454e-008	0.0116943
-2.505954e-008	0.0246094
-2.503454e-008	0.032959
-2.500954e-008	0.0127686
-2.498454e-008	0.00407716
-2.495954e-008	0.0112793
-2.493454e-008	0.0209717
-2.490954e-008	0.0296875
-2.488454e-008	0.0180664
-2.485954e-008	0.0213135
-2.483454e-008	0.0318359
-2.480954e-008	0.0188721
-2.478454e-008	0.027124
-2.475954e-008	0.024292
-2.473454e-008	0.010083
-2.470954e-008	0.029419
-2.468454e-008	0.0307861
-2.465954e-008	0.0239258
-2.463454e-008	0.028418
-2.460954e-008	0.0224365
-2.458454e-008	0.0218262
-2.455954e-008	0.0194336
-2.453454e-008	0.0159668
-2.450954e-008	0.0174805
-2.448454e-008	0.0155029
-2.445954e-008	0.0211182
-2.443454e-008	0.0240967
-2.440954e-008	0.0161133
-2.438454e-008	0.0190918
-2.435954e-008	0.0281494
-2.433454e-008	0.0245361
-2.430954e-008	0.0218018
-2.428454e-008	0.0225342
-2.425954e-008	0.0196777
-2.423454e-008	0.0290283
-2.420954e-008	0.0327637
-2.418454e-008	0.0197754
-2.415954e-008	0.0195557
-2.413454e-008	0.0186279
-2.410954e-008	0.017749
-2.408454e-008	0.0269775
-2.405954e-008	0.0222656
-2.403454e-008	0.0267578
-2.400954e-008	0.0331787
-2.398454e-008	0.0147949
-2.395954e-008	0.00959473
-2.393454e-008	0.0213135
-2.390954e-008	0.0226318
-2.388454e-008	0.0169434
-2.385954e-008	0.0234863
-2.383454e-008	0.0333496
-2.380954e-008	0.0260254
-2.378454e-008	0.0157715
-2.375954e-008	0.0127686
-2.373454e-008	0.0159424
-2.370954e-008	0.017627
-2.368454e-008	0.016333
-2.365954e-008	0.0265381
-2.363454e-008	0.0259522
-2.360954e-008	0.0101563
-2.358454e-008	0.0162598
-2.355954e-008	0.0287354
-2.353454e-008	0.0278565
-2.350954e-008	0.0282471
-2.348454e-008	0.0241699
-2.345954e-008	0.0208252
-2.343454e-008	0.0195068
-2.340954e-008	0.0116943
-2.338454e-008	0.0134277
-2.335954e-008	0.0210693
-2.333454e-008	0.025708
-2.330954e-008	0.024292
-2.328454e-008	0.0209473
-2.325954e-008	0.0266602
-2.323454e-008	0.0254883
-2.320954e-008	0.0209961
-2.318454e-008	0.0151611
-2.315954e-008	0.00214844
-2.313454e-008	0.00356446
-2.310954e-008	0.0157959
-2.308454e-008	0.0256592
-2.305954e-008	0.0296143
-2.303454e-008	0.0286621
-2.300954e-008	0.020752
-2.298454e-008	0.0109131
-2.295954e-008	0.0197266
-2.293454e-008	0.0295899
-2.290954e-008	0.0320068
-2.288454e-008	0.0246338
-2.285954e-008	0.0130371
-2.283454e-008	0.0310791
-2.280954e-008	0.0315674
-2.278454e-008	0.0164551
-2.275954e-008	0.0312012
-2.273454e-008	0.024585
-2.270954e-008	0.0198731
-2.268454e-008	0.0305908
-2.265954e-008	0.0158936
-2.263454e-008	0.0206299
-2.260954e-008	0.0318359
-2.258454e-008	0.0194336
-2.255954e-008	0.01604
-2.253454e-008	0.0167236
-2.250954e-008	0.0196777
-2.248454e-008	0.0233887
-2.245954e-008	0.0192871
-2.243454e-008	0.0174316
-2.240954e-008	0.00969239
-2.238454e-008	0.0144531
-2.235954e-008	0.0302002
-2.233454e-008	0.0213135
-2.230954e-008	0.0178223
-2.228454e-008	0.0245117
-2.225954e-008	0.0246338
-2.223454e-008	0.0290527
-2.220954e-008	0.0261719
-2.218454e-008	0.0229981
-2.215954e-008	0.0184815
-2.213454e-008	0.0153076
-2.210954e-008	0.0202881
-2.208454e-008	0.00949708
-2.205954e-008	0.00263673
-2.203454e-008	0.0207275
-2.200954e-008	0.0427002
-2.198454e-008	0.0451172
-2.195954e-008	0.0287354
-2.193454e-008	0.0251221
-2.190954e-008	0.0333008
-2.188454e-008	0.0167236
-2.185954e-008	0.00366212
-2.183454e-008	0.0253906
-2.180954e-008	0.0248291
-2.178454e-008	0.0162842
-2.175954e-008	0.0253906
-2.173454e-008	0.0126953
-2.170954e-008	0.0190186
-2.168454e-008	0.0291016
-2.165954e-008	0.0199463
-2.163454e-008	0.0283203
-2.160954e-008	0.0193359
-2.158454e-008	0.010791
-2.155954e-008	0.0229736
-2.153454e-008	0.0234863
-2.150954e-008	0.0186279
-2.148454e-008	0.0159424
-2.145954e-008	0.025708
-2.143454e-008	0.0271729
-2.140954e-008	0.0102783
-2.138454e-008	0.0108399
-2.135954e-008	0.0218018
-2.133454e-008	0.0269531
-2.130954e-008	0.0224609
-2.128454e-008	0.0151123
-2.125954e-008	0.0237549
-2.123454e-008	0.0324463
-2.120954e-008	0.0279541
-2.118454e-008	0.022168
-2.115954e-008	0.0204346
-2.113454e-008	0.0210205
-2.110954e-008	0.0216553
-2.108454e-008	0.0212891
-2.105954e-008	0.0234131
-2.103454e-008	0.0344971
-2.100954e-008	0.0326904
-2.098454e-008	0.0150879
-2.095954e-008	0.0158936
-2.093454e-008	0.0139404
-2.090954e-008	-0.00168456
-2.088454e-008	-0.00283202
-2.085954e-008	0.00642091
-2.083454e-008	0.0168945
-2.080954e-008	0.0149902
-2.078454e-008	0.0140869
-2.075954e-008	0.0247315
-2.073454e-008	0.0246826
-2.070954e-008	0.0269287
-2.068454e-008	0.0343994
-2.065954e-008	0.0412354
-2.063454e-008	0.0377197
-2.060954e-008	0.0171631
-2.058454e-008	0.0178955
-2.055954e-008	0.0253174
-2.053454e-008	0.0088379
-2.050954e-008	0.00383302
-2.048454e-008	0.0189209
-2.045954e-008	0.0231445
-2.043454e-008	0.0172852
-2.040954e-008	0.0175293
-2.038454e-008	0.0220703
-2.035954e-008	0.0239258
-2.033454e-008	0.0158203
-2.030954e-008	0.0179443
-2.028454e-008	0.0355225
-2.025954e-008	0.038916
-2.023454e-008	0.0298828
-2.020954e-008	0.0169434
-2.018454e-008	0.0144531
-2.015954e-008	0.0233643
-2.013454e-008	0.0206299
-2.010954e-008	0.00874024
-2.008454e-008	0.00722657
-2.005954e-008	0.0265869
-2.003454e-008	0.0325684
-2.000954e-008	0.0230225
-1.998454e-008	0.0243164
-1.995954e-008	0.0176514
-1.993454e-008	0.0192139
-1.990954e-008	0.0271484
-1.988454e-008	0.0177246
-1.985954e-008	0.0150879
-1.983454e-008	0.0207764
-1.980954e-008	0.0209473
-1.978454e-008	0.0216065
-1.975954e-008	0.0245117
-1.973454e-008	0.0158203
-1.970954e-008	0.00895997
-1.968454e-008	0.0236328
-1.965954e-008	0.0334717
-1.963454e-008	0.0339111
-1.960954e-008	0.0244141
-1.958454e-008	0.00283204
-1.955954e-008	0.00600587
-1.953454e-008	0.0234863
-1.950954e-008	0.0241699
-1.948454e-008	0.0191895
-1.945954e-008	0.0169434
-1.943454e-008	0.017334
-1.940954e-008	0.0161621
-1.938454e-008	0.0158936
-1.935954e-008	0.0228272
-1.933454e-008	0.0240234
-1.930954e-008	0.021167
-1.928454e-008	0.0237549
-1.925954e-008	0.0244385
-1.923454e-008	0.019165
-1.920954e-008	0.0122559
-1.918454e-008	0.0193848
-1.915954e-008	0.0307617
-1.913454e-008	0.0173096
-1.910954e-008	0.00524903
-1.908454e-008	0.0188721
-1.905954e-008	0.0286865
-1.903454e-008	0.0247315
-1.900954e-008	0.0201904
-1.898454e-008	0.0172119
-1.895954e-008	0.0203125
-1.893454e-008	0.0251221
-1.890954e-008	0.0198486
-1.888454e-008	0.0160889
-1.885954e-008	0.0269775
-1.883454e-008	0.0229981
-1.880954e-008	0.0025879
-1.878454e-008	0.0147217
-1.875954e-008	0.0352051
-1.873454e-008	0.0309815
-1.870954e-008	0.0180176
-1.868454e-008	0.00253907
-1.865954e-008	0.0159668
-1.863454e-008	0.0291504
-1.860954e-008	0.0119873
-1.858454e-008	0.0161621
-1.855954e-008	0.0200195
-1.853454e-008	0.0147217
-1.850954e-008	0.0215576
-1.848454e-008	0.0152588
-1.845954e-008	0.0172119
-1.843454e-008	0.0323242
-1.840954e-008	0.0369629
-1.838454e-008	0.0304199
-1.835954e-008	0.019751
-1.833454e-008	0.0244873
-1.830954e-008	0.0325684
-1.828454e-008	0.0231934
-1.825954e-008	0.018457
-1.823454e-008	0.0324463
-1.820954e-008	0.0304199
-1.818454e-008	0.0141846
-1.815954e-008	0.0194336
-1.813454e-008	0.026416
-1.810954e-008	0.0205811
-1.808454e-008	0.0191895
-1.805954e-008	0.0321045
-1.803454e-008	0.0422119
-1.800954e-008	0.02854
-1.798454e-008	0.0198242
-1.795954e-008	0.0256348
-1.793454e-008	0.0203613
-1.790954e-008	0.0213867
-1.788454e-008	0.0349121
-1.785954e-008	0.0322998
-1.783454e-008	0.0235596
-1.780954e-008	0.0211426
-1.778454e-008	0.020166
-1.775954e-008	0.021167
-1.773454e-008	0.0169678
-1.770954e-008	0.02229
-1.768454e-008	0.0240967
-1.765954e-008	0.0142334
-1.763454e-008	0.0237305
-1.760954e-008	0.0243408
-1.758454e-008	0.0174561
-1.755954e-008	0.0235352
-1.753454e-008	0.0228027
-1.750954e-008	0.0224121
-1.748454e-008	0.0115967
-1.745954e-008	0.0074463
-1.743454e-008	0.0220947
-1.740954e-008	0.0222412
-1.738454e-008	0.0248047
-1.735954e-008	0.0295166
-1.733454e-008	0.0268066
-1.730954e-008	0.0234375
-1.728454e-008	0.017627
-1.725954e-008	0.0272705
-1.723454e-008	0.0195068
-1.720954e-008	-0.000317375
-1.718454e-008	0.0177246
-1.715954e-008	0.0291992
-1.713454e-008	0.0254395
-1.710954e-008	0.0271484
-1.708454e-008	0.0160889
-1.705954e-008	0.0183838
-1.703454e-008	0.034375
-1.700954e-008	0.0223877
-1.698454e-008	0.00427247
-1.695954e-008	0.0135986
-1.693454e-008	0.0159912
-1.690954e-008	0.00986329
-1.688454e-008	0.0194336
-1.685954e-008	0.0194092
-1.683454e-008	0.0162354
-1.680954e-008	0.0216065
-1.678454e-008	0.0219482
-1.675954e-008	0.0186768
-1.673454e-008	0.0168457
-1.670954e-008	0.0272705
-1.668454e-008	0.0263672
-1.665954e-008	0.0121582
-1.663454e-008	0.023291
-1.660954e-008	0.024585
-1.658454e-008	0.0154297
-1.655954e-008	0.02771
-1.653454e-008	0.0267578
-1.650954e-008	0.0199951
-1.648454e-008	0.0123047
-1.645954e-008	0.0118897
-1.643454e-008	0.0287354
-1.640954e-008	0.0204102
-1.638454e-008	0.0186524
-1.635954e-008	0.0260254
-1.633454e-008	0.0151611
-1.630954e-008	0.0248779
-1.628454e-008	0.0280029
-1.625954e-008	0.0170654
-1.623454e-008	0.0187988
-1.620954e-008	0.0128662
-1.618454e-008	0.0128418
-1.615954e-008	0.02771
-1.613454e-008	0.0278565
-1.610954e-008	0.0116211
-1.608454e-008	0.00563966
-1.605954e-008	0.0131592
-1.603454e-008	0.0179688
-1.600954e-008	0.0175293
-1.598454e-008	0.0202637
-1.595954e-008	0.0238037
-1.593454e-008	0.0196045
-1.590954e-008	0.0184082
-1.588454e-008	0.0203125
-1.585954e-008	0.0186279
-1.583454e-008	0.0197022
-1.580954e-008	0.0148682
-1.578454e-008	0.0104736
-1.575954e-008	0.0189453
-1.573454e-008	0.0269043
-1.570954e-008	0.0359375
-1.568454e-008	0.037207
-1.565954e-008	0.0199951
-1.563454e-008	0.0148926
-1.560954e-008	0.019458
-1.558454e-008	0.016626
-1.555954e-008	0.0202881
-1.553454e-008	0.0262695
-1.550954e-008	0.0263916
-1.548454e-008	0.0212647
-1.545954e-008	0.0263672
-1.543454e-008	0.031958
-1.540954e-008	0.00617677
-1.538454e-008	0.00297852
-1.535954e-008	0.0284912
-1.533454e-008	0.0199951
-1.530954e-008	0.017041
-1.528454e-008	0.0296143
-1.525954e-008	0.0261963
-1.523454e-008	0.023584
-1.520954e-008	0.0200928
-1.518454e-008	0.0209717
-1.515954e-008	0.018042
-1.513454e-008	0.016626
-1.510954e-008	0.0335938
-1.508454e-008	0.0334717
-1.505954e-008	0.0328858
-1.503454e-008	0.0368408
-1.500954e-008	0.0185303
-1.498454e-008	0.0140137
-1.495954e-008	0.0188477
-1.493454e-008	0.0161377
-1.490954e-008	0.0119385
-1.488454e-008	0.00817872
-1.485954e-008	0.0277832
-1.483454e-008	0.0335693
-1.480954e-008	0.0119629
-1.478454e-008	0.0180664
-1.475954e-008	0.0265869
-1.473454e-008	0.0141357
-1.470954e-008	0.012793
-1.468454e-008	0.0177979
-1.465954e-008	0.0196777
-1.463454e-008	0.0226807
-1.460954e-008	0.0286133
-1.458454e-008	0.0211182
-1.455954e-008	0.00524903
-1.453454e-008	0.0190918
-1.450954e-008	0.0289307
-1.448454e-008	0.00942384
-1.445954e-008	0.00881348
-1.443454e-008	0.0254395
-1.440954e-008	0.0307861
-1.438454e-008	0.0248779
-1.435954e-008	0.01875
-1.433454e-008	0.0172607
-1.430954e-008	0.020874
-1.428454e-008	0.0240967
-1.425954e-008	0.0201904
-1.423454e-008	0.0210693
-1.420954e-008	0.0112305
-1.418454e-008	0.00668946
-1.415954e-008	0.0298828
-1.413454e-008	0.0208496
-1.410954e-008	0.00317384
-1.408454e-008	0.0245361
-1.405954e-008	0.0352295
-1.403454e-008	0.0250244
-1.400954e-008	0.0175537
-1.398454e-008	0.018335
-1.395954e-008	0.0221191
-1.393454e-008	0.0235596
-1.390954e-008	0.0211182
-1.388454e-008	0.0122559
-1.385954e-008	0.0166992
-1.383454e-008	0.0291992
-1.380954e-008	0.027002
-1.378454e-008	0.0172852
-1.375954e-008	0.0159912
-1.373454e-008	0.0196289
-1.370954e-008	0.0106201
-1.368454e-008	0.00966798
-1.365954e-008	0.0231934
-1.363454e-008	0.023584
-1.360954e-008	0.020044
-1.358454e-008	0.0144287
-1.355954e-008	0.00937501
-1.353454e-008	0.0296143
-1.350954e-008	0.037085
-1.348454e-008	0.00837403
-1.345954e-008	0.00273438
-1.343454e-008	0.0175781
-1.340954e-008	0.0222656
-1.338454e-008	0.0276123
-1.335954e-008	0.0217041
-1.333454e-008	0.0154785
-1.330954e-008	0.0201172
-1.328454e-008	0.0130859
-1.325954e-008	0.0008545
-1.323454e-008	0.00473634
-1.320954e-008	0.0177002
-1.318454e-008	0.020166
-1.315954e-008	0.0142822
-1.313454e-008	0.0167969
-1.310954e-008	0.0324951
-1.308454e-008	0.0280029
-1.305954e-008	0.00683595
-1.303454e-008	0.008667
-1.300954e-008	0.008667
-1.298454e-008	0.00913087
-1.295954e-008	0.0205811
-1.293454e-008	0.0188965
-1.290954e-008	0.0253418
-1.288454e-008	0.0242676
-1.285954e-008	0.0136475
-1.283454e-008	0.0255615
-1.280954e-008	0.0148926
-1.278454e-008	-0.00297851
-1.275954e-008	0.0203369
-1.273454e-008	0.0287598
-1.270954e-008	0.0140869
-1.268454e-008	0.0176514
-1.265954e-008	0.022168
-1.263454e-008	0.015625
-1.260954e-008	0.00722657
-1.258454e-008	0.0112305
-1.255954e-008	0.0243897
-1.253454e-008	0.0259277
-1.250954e-008	0.0160645
-1.248454e-008	0.012915
-1.245954e-008	0.0270264
-1.243454e-008	0.0224854
-1.240954e-008	0.00639649
-1.238454e-008	0.0163818
-1.235954e-008	0.0233643
-1.233454e-008	0.0235107
-1.230954e-008	0.0192383
-1.228454e-008	0.0112793
-1.225954e-008	0.0176025
-1.223454e-008	0.0196289
-1.220954e-008	0.0188721
-1.218454e-008	0.0192383
-1.215954e-008	0.0138184
-1.213454e-008	0.0144043
-1.210954e-008	0.0121094
-1.208454e-008	0.00690919
-1.205954e-008	0.0198731
-1.203454e-008	0.0352783
-1.200954e-008	0.0246338
-1.198454e-008	0.0177246
-1.195954e-008	0.0316162
-1.193454e-008	0.0318115
-1.190954e-008	0.0232422
-1.188454e-008	0.0195801
-1.185954e-008	0.0191406
-1.183454e-008	0.0250977
-1.180954e-008	0.024585
-1.178454e-008	0.0230957
-1.175954e-008	0.0153565
-1.173454e-008	0.00390626
-1.170954e-008	0.017627
-1.168454e-008	0.0260742
-1.165954e-008	0.023877
-1.163454e-008	0.0328613
-1.160954e-008	0.0326904
-1.158454e-008	0.0237061
-1.155954e-008	0.0100098
-1.153454e-008	0.00910645
-1.150954e-008	0.0230957
-1.148454e-008	0.0155274
-1.145954e-008	0.0111328
-1.143454e-008	0.0187988
-1.140954e-008	0.00944825
-1.138454e-008	0.014502
-1.135954e-008	0.0321289
-1.133454e-008	0.0265137
-1.130954e-008	0.0187256
-1.128454e-008	0.0186279
-1.125954e-008	0.0175293
-1.123454e-008	0.0218018
-1.120954e-008	0.0233399
-1.118454e-008	0.0220215
-1.115954e-008	0.0187988
-1.113454e-008	0.0138428
-1.110954e-008	0.0170166
-1.108454e-008	0.0111816
-1.105954e-008	0.0136719
-1.103454e-008	0.0309326
-1.100954e-008	0.0162354
-1.098454e-008	0.00541993
-1.095954e-008	0.0190186
-1.093454e-008	0.0233154
-1.090954e-008	0.0264404
-1.088454e-008	0.0144287
-1.085954e-008	0.00556641
-1.083454e-008	0.0169434
-1.080954e-008	0.014502
-1.078454e-008	0.0240479
-1.075954e-008	0.0416504
-1.073454e-008	0.0315186
-1.070954e-008	0.0187988
-1.068454e-008	0.0144287
-1.065954e-008	0.0164307
-1.063454e-008	0.0195313
-1.060954e-008	0.0153076
-1.058454e-008	0.0229004
-1.055954e-008	0.0331299
-1.053454e-008	0.0220703
-1.050954e-008	0.00913087
-1.048454e-008	0.0111084
-1.045954e-008	0.0167236
-1.043454e-008	0.0270752
-1.040954e-008	0.027002
-1.038454e-008	0.00720216
-1.035954e-008	0.00578614
-1.033454e-008	0.0189453
-1.030954e-008	0.0266602
-1.028454e-008	0.0241699
-1.025954e-008	0.0177734
-1.023454e-008	0.0231201
-1.020954e-008	0.0125
-1.018454e-008	0.00820313
-1.015954e-008	0.0207764
-1.013454e-008	0.0166992
-1.010954e-008	0.0259766
-1.008454e-008	0.0240723
-1.005954e-008	0.0112793
-1.003454e-008	0.022876
-1.000954e-008	0.0120606
-9.984536e-009	0.015332
-9.959536e-009	0.038501
-9.934536e-009	0.0172607
-9.909536e-009	0.0149658
-9.884536e-009	0.0327881
-9.859536e-009	0.0193848
-9.834536e-009	0.0133057
-9.809536e-009	0.013501
-9.784536e-009	0.0165283
-9.759536e-009	0.030542
-9.734536e-009	0.0347168
-9.709536e-009	0.0290527
-9.684536e-009	0.02146
-9.659536e-009	0.0254883
-9.634536e-009	0.0270264
-9.609536e-009	0.0142578
-9.584536e-009	0.00954591
-9.559536e-009	0.0142822
-9.534536e-009	0.0249268
-9.509536e-009	0.02229
-9.484536e-009	0.0109375
-9.459536e-009	0.0216309
-9.434536e-009	0.0231445
-9.409536e-009	0.00771485
-9.384536e-009	0.0105469
-9.359536e-009	0.0219727
-9.334536e-009	0.0219971
-9.309536e-009	0.014917
-9.284536e-009	0.00764161
-9.259536e-009	0.0195557
-9.234536e-009	0.0364258
-9.209536e-009	0.012207
-9.184536e-009	-0.000952141
-9.159536e-009	0.0140137
-9.134536e-009	0.0180664
-9.109536e-009	0.0341797
-9.084536e-009	0.039502
-9.059536e-009	0.0405274
-9.034536e-009	0.026709
-9.009536e-009	-0.00937499
-8.984536e-009	0.00217286
-8.959536e-009	0.0151367
-8.934536e-009	0.0158447
-8.909536e-009	0.0299072
-8.884536e-009	0.0260986
-8.859536e-009	0.0264649
-8.834536e-009	0.0257568
-8.809536e-009	0.0203613
-8.784536e-009	0.0208496
-8.759536e-009	0.0165772
-8.734536e-009	0.0205078
-8.709536e-009	0.0263916
-8.684536e-009	0.0223633
-8.659536e-009	0.0246826
-8.634536e-009	0.0293701
-8.609536e-009	0.0193115
-8.584536e-009	0.014917
-8.559536e-009	0.0213623
-8.534536e-009	0.0246338
-8.509536e-009	0.0308838
-8.484536e-009	0.0282715
-8.459536e-009	0.0217774
-8.434536e-009	0.0234375
-8.409536e-009	0.00908204
-8.384536e-009	-4.88207e-005
-8.359536e-009	0.0194336
-8.334536e-009	0.0241211
-8.309536e-009	0.0229492
-8.284536e-009	0.0338867
-8.259536e-009	0.0253662
-8.234536e-009	0.0161377
-8.209536e-009	0.0183594
-8.184536e-009	0.0208984
-8.159536e-009	0.0227539
-8.134536e-009	0.0203857
-8.109536e-009	0.0289307
-8.084536e-009	0.030249
-8.059536e-009	0.0172363
-8.034536e-009	0.0172363
-8.009536e-009	0.0176514
-7.984536e-009	0.0144775
-7.959536e-009	0.0175293
-7.934536e-009	0.0210449
-7.909536e-009	0.0210693
-7.884536e-009	0.024707
-7.859536e-009	0.0344971
-7.834536e-009	0.0245361
-7.809536e-009	0.00427247
-7.784536e-009	0.0104492
-7.759536e-009	0.0261719
-7.734536e-009	0.0292481
-7.709536e-009	0.0243652
-7.684536e-009	0.017627
-7.659536e-009	0.0170654
-7.634536e-009	0.0155762
-7.609536e-009	0.00771485
-7.584536e-009	0.0135986
-7.559536e-009	0.0227539
-7.534536e-009	0.0175293
-7.509536e-009	0.025293
-7.484536e-009	0.0287109
-7.459536e-009	0.00976563
-7.434536e-009	0.0100342
-7.409536e-009	0.0192871
-7.384536e-009	0.0205078
-7.359536e-009	0.0236572
-7.334536e-009	0.0227783
-7.309536e-009	0.0255615
-7.284536e-009	0.0236328
-7.259536e-009	0.0264404
-7.234536e-009	0.0332031
-7.209536e-009	0.0102783
-7.184536e-009	0.000268562
-7.159536e-009	0.00942384
-7.134536e-009	0.00556641
-7.109536e-009	0.0179443
-7.084536e-009	0.0269531
-7.059536e-009	0.0258789
-7.034536e-009	0.027417
-7.009536e-009	0.0159668
-6.984536e-009	0.017041
-6.959536e-009	0.0174072
-6.934536e-009	0.0133545
-6.909536e-009	0.0271973
-6.884536e-009	0.0294434
-6.859536e-009	0.0207031
-6.834536e-009	0.0212402
-6.809536e-009	0.0363525
-6.784536e-009	0.0322022
-6.759536e-009	0.00729981
-6.734536e-009	0.0132813
-6.709536e-009	0.0190674
-6.684536e-009	0.0175049
-6.659536e-009	0.0263428
-6.634536e-009	0.0183106
-6.609536e-009	0.0124268
-6.584536e-009	0.0186768
-6.559536e-009	0.0244141
-6.534536e-009	0.0267578
-6.509536e-009	0.0159424
-6.484536e-009	0.00732423
-6.459536e-009	0.0149414
-6.434536e-009	0.019751
-6.409536e-009	0.0224609
-6.384536e-009	0.0302979
-6.359536e-009	0.0322754
-6.334536e-009	0.0315186
-6.309536e-009	0.0180176
-6.284536e-009	0.00100098
-6.259536e-009	0.0139649
-6.234536e-009	0.0287842
-6.209536e-009	0.0175049
-6.184536e-009	0.0154297
-6.159536e-009	0.0272949
-6.134536e-009	0.0244873
-6.109536e-009	0.0195801
-6.084536e-009	0.0144287
-6.059536e-009	0.016919
-6.034536e-009	0.0388184
-6.009536e-009	0.0345703
-5.984536e-009	0.0253906
-5.959536e-009	0.0375977
-5.934536e-009	0.0263916
-5.909536e-009	0.0143555
-5.884536e-009	0.0155762
-5.859536e-009	0.0140869
-5.834536e-009	0.0162354
-5.809536e-009	0.0153565
-5.784536e-009	0.0230713
-5.759536e-009	0.0289307
-5.734536e-009	0.0216797
-5.709536e-009	0.0198486
-5.684536e-009	0.0210449
-5.659536e-009	0.0217041
-5.634536e-009	0.0260742
-5.609536e-009	0.0288574
-5.584536e-009	0.0243164
-5.559536e-009	0.0276123
-5.534536e-009	0.0263184
-5.509536e-009	0.0183106
-5.484536e-009	0.0264649
-5.459536e-009	0.0239746
-5.434536e-009	0.0188965
-5.409536e-009	0.0198975
-5.384536e-009	0.0147461
-5.359536e-009	0.0241699
-5.334536e-009	0.0247315
-5.309536e-009	0.0200195
-5.284536e-009	0.0277588
-5.259536e-009	0.0209473
-5.234536e-009	0.0112793
-5.209536e-009	0.00996095
-5.184536e-009	0.0154053
-5.159536e-009	0.0210449
-5.134536e-009	0.0151856
-5.109536e-009	0.00888673
-5.084536e-009	0.00715333
-5.059536e-009	0.0197266
-5.034536e-009	0.0288574
-5.009536e-009	0.01875
-4.984536e-009	0.0217285
-4.959536e-009	0.0247315
-4.934536e-009	0.017334
-4.909536e-009	0.0259766
-4.884536e-009	0.0312012
-4.859536e-009	0.0193848
-4.834536e-009	0.0128906
-4.809536e-009	0.0130615
-4.784536e-009	0.0147461
-4.759536e-009	0.0325195
-4.734536e-009	0.0425293
-4.709536e-009	0.0255371
-4.684536e-009	0.0190674
-4.659536e-009	0.0201172
-4.634536e-009	0.0155518
-4.609536e-009	0.0151611
-4.584536e-009	0.0214356
-4.559536e-009	0.0354248
-4.534536e-009	0.0272949
-4.509536e-009	0.0138916
-4.484536e-009	0.0209717
-4.459536e-009	0.0253174
-4.434536e-009	0.0318848
-4.409536e-009	0.0253906
-4.384536e-009	0.0147949
-4.359536e-009	0.0284424
-4.334536e-009	0.0303467
-4.309536e-009	0.0177979
-4.284536e-009	0.0152832
-4.259536e-009	0.0240479
-4.234536e-009	0.0283203
-4.209536e-009	0.0162354
-4.184536e-009	0.0165772
-4.159536e-009	0.0216309
-4.134536e-009	0.0174316
-4.109536e-009	0.0338135
-4.084536e-009	0.0383301
-4.059536e-009	0.0175049
-4.034536e-009	0.0156982
-4.009536e-009	0.013501
-3.984536e-009	0.0074463
-3.959536e-009	0.0166504
-3.934536e-009	0.0193359
-3.909536e-009	0.0175293
-3.884536e-009	0.0100098
-3.859536e-009	0.00942384
-3.834536e-009	0.0270508
-3.809536e-009	0.023877
-3.784536e-009	0.0218262
-3.759536e-009	0.0320068
-3.734536e-009	0.0197754
-3.709536e-009	0.0147217
-3.684536e-009	0.0235352
-3.659536e-009	0.0265381
-3.634536e-009	0.0248535
-3.609536e-009	0.0176514
-3.584536e-009	0.0160889
-3.559536e-009	0.0171875
-3.534536e-009	0.0170654
-3.509536e-009	0.0182129
-3.484536e-009	0.0199707
-3.459536e-009	0.0269043
-3.434536e-009	0.0294678
-3.409536e-009	0.0202393
-3.384536e-009	0.0121094
-3.359536e-009	0.01604
-3.334536e-009	0.0196533
-3.309536e-009	0.0171875
-3.284536e-009	0.0178223
-3.259536e-009	0.0228027
-3.234536e-009	0.0198242
-3.209536e-009	0.00810548
-3.184536e-009	0.0232422
-3.159536e-009	0.0384522
-3.134536e-009	0.020044
-3.109536e-009	0.0197998
-3.084536e-009	0.025293
-3.059536e-009	0.0141846
-3.034536e-009	0.0247315
-3.009536e-009	0.033252
-2.984536e-009	0.020874
-2.959536e-009	0.0202637
-2.934536e-009	0.0157959
-2.909536e-009	0.00927735
-2.884536e-009	0.0260742
-2.859536e-009	0.0198731
-2.834536e-009	0.00329591
-2.809536e-009	0.0180908
-2.784536e-009	0.0224609
-2.759536e-009	0.0133789
-2.734536e-009	0.0142822
-2.709536e-009	0.0216065
-2.684536e-009	0.0210693
-2.659536e-009	0.0158203
-2.634536e-009	0.0268555
-2.609536e-009	0.034082
-2.584536e-009	0.0229004
-2.559536e-009	0.0166504
-2.534536e-009	0.0261231
-2.509536e-009	0.0265381
-2.484536e-009	0.00764161
-2.459536e-009	0.0141846
-2.434536e-009	0.0299316
-2.409536e-009	0.0072754
-2.384536e-009	0.00156251
-2.359536e-009	0.0246338
-2.334536e-009	0.0208252
-2.309536e-009	0.015625
-2.284536e-009	0.0216797
-2.259536e-009	0.0208496
-2.234536e-009	0.0229248
-2.209536e-009	0.026709
-2.184536e-009	0.0287109
-2.159536e-009	0.0238037
-2.134536e-009	0.0217774
-2.109536e-009	0.0202637
-2.084536e-009	0.0113281
-2.059536e-009	0.0189209
-2.034536e-009	0.0266602
-2.009536e-009	0.0267334
-1.984536e-009	0.0297363
-1.959536e-009	0.0119629
-1.934536e-009	0.00935059
-1.909536e-009	0.0279297
-1.884536e-009	0.0196289
-1.859536e-009	0.0263184
-1.834536e-009	0.0379395
-1.809536e-009	0.0184326
-1.784536e-009	0.0131104
-1.759536e-009	0.0100586
-1.734536e-009	0.00742188
-1.709536e-009	0.0255615
-1.684536e-009	0.0263672
-1.659536e-009	0.0161133
-1.634536e-009	0.0199707
-1.609536e-009	0.0243652
-1.584536e-009	0.0256592
-1.559536e-009	0.0252197
-1.534536e-009	0.0192627
-1.509536e-009	0.0220703
-1.484536e-009	0.0170899
-1.459536e-009	-0.00258788
-1.434536e-009	0.0103516
-1.409536e-009	0.0250733
-1.384536e-009	0.0147217
-1.359536e-009	0.0216309
-1.334536e-009	0.0291992
-1.309536e-009	0.0268555
-1.284536e-009	0.0257324
-1.259536e-009	0.0233887
-1.234536e-009	0.0237061
-1.209536e-009	0.0170899
-1.184536e-009	0.0148193
-1.159536e-009	0.0219727
-1.134536e-009	0.0208984
-1.109536e-009	0.0248291
-1.084536e-009	0.0320313
-1.059536e-009	0.0248291
-1.034536e-009	0.0205566
-1.009536e-009	0.0153809
-9.845358e-010	0.0140625
-9.595358e-010	0.0275879
-9.345358e-010	0.0212402
-9.095358e-010	0.0170899
-8.845358e-010	0.0251221
-8.595358e-010	0.0170899
-8.345358e-010	0.0157227
-8.095358e-010	0.0204102
-7.845358e-010	0.0279053
-7.595358e-010	0.0255615
-7.345358e-010	0.0186279
-7.095358e-010	0.0325684
-6.845358e-010	0.0180908
-6.595358e-010	0.00505372
-6.345358e-010	0.0327393
-6.095358e-010	0.0239746
-5.845358e-010	-0.00058593
-5.595358e-010	0.00666505
-5.345358e-010	0.00812989
-5.095358e-010	0.0139404
-4.845358e-010	0.0235352
-4.595358e-010	0.0112305
-4.345358e-010	0.00966798
-4.095358e-010	0.0199707
-3.845358e-010	0.019751
-3.595358e-010	0.0220703
-3.345358e-010	0.0235352
-3.095358e-010	0.00732423
-2.845358e-010	-0.00708007
-2.595358e-010	-0.00734863
-2.345358e-010	-0.0214844
-2.095358e-010	-0.038501
-1.845358e-010	-0.0419678
-1.595358e-010	-0.0492676
-1.345358e-010	-0.075415
-1.095358e-010	-0.11958
-8.453585e-011	-0.15354
-5.953585e-011	-0.183081
-3.453585e-011	-0.210278
-9.535846e-012	-0.23313
1.546415e-011	-0.288062
4.046415e-011	-0.345239
6.546415e-011	-0.384424
9.046415e-011	-0.429932
1.154642e-010	-0.471631
1.404642e-010	-0.532983
1.654642e-010	-0.606079
1.904642e-010	-0.65625
2.154642e-010	-0.708594
2.404642e-010	-0.752197
2.654642e-010	-0.78501
2.904642e-010	-0.840234
3.154642e-010	-0.895605
3.404642e-010	-0.937622
3.654642e-010	-0.966846
3.904642e-010	-0.97832
4.154642e-010	-1.0019
4.404642e-010	-1.02905
4.654642e-010	-1.02971
4.904642e-010	-1.03713
5.154642e-010	-1.04373
5.404642e-010	-1.01218
5.654642e-010	-0.989136
5.904642e-010	-0.970142
6.154642e-010	-0.91521
6.404642e-010	-0.875684
6.654642e-010	-0.856812
6.904642e-010	-0.803833
7.154642e-010	-0.732227
7.404642e-010	-0.679614
7.654642e-010	-0.622339
7.904642e-010	-0.555566
8.154642e-010	-0.507788
8.404642e-010	-0.44585
8.654642e-010	-0.378149
8.904642e-010	-0.344629
9.154642e-010	-0.302222
9.404642e-010	-0.244385
9.654642e-010	-0.189502
9.904642e-010	-0.135889
1.015464e-009	-0.112891
1.040464e-009	-0.102075
1.065464e-009	-0.0719238
1.090464e-009	-0.0401367
1.115464e-009	-0.0183105
1.140464e-009	-0.0103027
1.165464e-009	0.00629884
1.190464e-009	0.0332275
1.215464e-009	0.0369141
1.240464e-009	0.0432617
1.265464e-009	0.0627441
1.290464e-009	0.0761475
1.315464e-009	0.0873047
1.340464e-009	0.0791992
1.365464e-009	0.0688721
1.390464e-009	0.0810303
1.415464e-009	0.0846191
1.440464e-009	0.0801514
1.465464e-009	0.0787109
1.490464e-009	0.0671875
1.515464e-009	0.0688965
1.540464e-009	0.0799805
1.565464e-009	0.0725098
1.590464e-009	0.0596191
1.615464e-009	0.0493652
1.640464e-009	0.0437012
1.665464e-009	0.0332275
1.690464e-009	0.0216553
1.715464e-009	0.0195801
1.740464e-009	0.014624
1.765464e-009	0.0116211
1.790464e-009	-0.00217284
1.815464e-009	-0.0145752
1.840464e-009	-0.0120605
1.865464e-009	-0.0212891
1.890464e-009	-0.0236328
1.915464e-009	-0.0276611
1.940464e-009	-0.0507812
1.965464e-009	-0.0462402
1.990464e-009	-0.0240234
2.015464e-009	-0.0244141
2.040464e-009	-0.01875
2.065464e-009	-0.0228516
2.090464e-009	-0.047998
2.115464e-009	-0.0278076
2.140464e-009	-0.0106201
2.165464e-009	-0.0360107
2.190464e-009	-0.0312012
2.215464e-009	0.00124512
2.240464e-009	0.0171631
2.265464e-009	0.00302735
2.290464e-009	-0.00998534
2.315464e-009	0.00307618
2.340464e-009	0.0224121
2.365464e-009	0.0246338
2.390464e-009	0.00825196
2.415464e-009	0.0155518
2.440464e-009	0.0327149
2.465464e-009	0.0320313
2.490464e-009	0.0346191
2.515464e-009	0.0230225
2.540464e-009	0.0132568
2.565464e-009	0.025
2.590464e-009	0.0285889
2.615464e-009	0.0311279
2.640464e-009	0.0350098
2.665464e-009	0.0288574
2.690464e-009	0.0306885
2.715464e-009	0.0346191
2.740464e-009	0.0324219
2.765464e-009	0.0325928
2.790464e-009	0.0238281
2.815464e-009	0.0174805
2.840464e-009	0.0171875
2.865464e-009	0.0179932
2.890464e-009	0.0269043
2.915464e-009	0.0199707
2.940464e-009	0.0138916
2.965464e-009	0.0180664
2.990464e-009	0.0105225
3.015464e-009	0.0138184
3.040464e-009	0.0104248
3.065464e-009	0.00629884
3.090464e-009	0.0235107
3.115464e-009	0.0181152
3.140464e-009	0.0135254
3.165464e-009	0.0118164
3.190464e-009	-0.000659172
3.215464e-009	0.0232422
3.240464e-009	0.034375
3.265464e-009	0.0151367
3.290464e-009	0.00534669
3.315464e-009	0.00664063
3.340464e-009	0.0298584
3.365464e-009	0.0336426
3.390464e-009	0.0207275
3.415464e-009	0.0256836
3.440464e-009	0.0309326
3.465464e-009	0.0384766
3.490464e-009	0.0403809
3.515464e-009	0.0400635
3.540464e-009	0.0403076
3.565464e-009	0.0400879
3.590464e-009	0.0528076
3.615464e-009	0.0522705
3.640464e-009	0.0389404
3.665464e-009	0.036377
3.690464e-009	0.0381348
3.715464e-009	0.0441406
3.740464e-009	0.0561768
3.765464e-009	0.0524902
3.790464e-009	0.0293457
3.815464e-009	0.0194092
3.840464e-009	0.023291
3.865464e-009	0.0258789
3.890464e-009	0.0219971
3.915464e-009	0.00114747
3.940464e-009	-0.00905761
3.965464e-009	0.000146492
3.990464e-009	-0.00651855
4.015464e-009	-0.0152344
4.040464e-009	-0.0160156
4.065464e-009	-0.0184326
4.090464e-009	-0.0125732
4.115464e-009	-0.0206055
4.140464e-009	-0.0314453
4.165464e-009	-0.0231445
4.190464e-009	-0.0303467
4.215464e-009	-0.0318115
4.240464e-009	-0.00717773
4.265464e-009	-0.0057373
4.290464e-009	-0.0209717
4.315464e-009	-0.0140625
4.340464e-009	-0.00231933
4.365464e-009	0.00510255
4.390464e-009	0.0145264
4.415464e-009	0.0184815
4.440464e-009	0.0251953
4.465464e-009	0.0279785
4.490464e-009	0.0302734
4.515464e-009	0.042749
4.540464e-009	0.0450684
4.565464e-009	0.0450195
4.590464e-009	0.0549072
4.615464e-009	0.0612793
4.640464e-009	0.0556152
4.665464e-009	0.0485108
4.690464e-009	0.0551758
4.715464e-009	0.0646729
4.740464e-009	0.0694824
4.765464e-009	0.069751
4.790464e-009	0.0649902
4.815464e-009	0.0646729
4.840464e-009	0.0615723
4.865464e-009	0.0495361
4.890464e-009	0.0421875
4.915464e-009	0.0432861
4.940464e-009	0.0359131
4.965464e-009	0.0198242
4.990464e-009	0.0229981
5.015464e-009	0.0320068
5.040464e-009	0.0177246
5.065464e-009	0.00266114
5.090464e-009	0.00192872
5.115464e-009	-0.0010498
5.140464e-009	0.00290528
5.165464e-009	0.00488282
5.190464e-009	-0.0278076
5.215464e-009	-0.0337158
5.240464e-009	-0.0067871
5.265464e-009	-0.0222168
5.290464e-009	-0.0288818
5.315464e-009	-0.0234375
5.340464e-009	-0.0412353
5.365464e-009	-0.0307861
5.390464e-009	-0.0178467
5.415464e-009	-0.0225342
5.440464e-009	-0.016333
5.465464e-009	-0.0146728
5.490464e-009	-0.0115967
5.515464e-009	-0.000268547
5.540464e-009	-0.00292968
5.565464e-009	-0.00368652
5.590464e-009	0.00644532
5.615464e-009	0.00253907
5.640464e-009	0.00268555
5.665464e-009	0.0101563
5.690464e-009	0.0137451
5.715464e-009	0.0296631
5.740464e-009	0.0341553
5.765464e-009	0.0238281
5.790464e-009	0.025415
5.815464e-009	0.0302246
5.840464e-009	0.0262451
5.865464e-009	0.0308106
5.890464e-009	0.0464356
5.915464e-009	0.0394775
5.940464e-009	0.036499
5.965464e-009	0.0472412
5.990464e-009	0.0304688
6.015464e-009	0.0325928
6.040464e-009	0.04729
6.065464e-009	0.0319092
6.090464e-009	0.042749
6.115464e-009	0.0515137
6.140464e-009	0.0367676
6.165464e-009	0.0472412
6.190464e-009	0.0434326
6.215464e-009	0.0388184
6.240464e-009	0.0498047
6.265464e-009	0.0335693
6.290464e-009	0.0233399
6.315464e-009	0.0207275
6.340464e-009	0.0214111
6.365464e-009	0.0358643
6.390464e-009	0.023291
6.415464e-009	0.0153809
6.440464e-009	0.0185791
6.465464e-009	0.00107423
6.490464e-009	0.00678712
6.515464e-009	0.0097168
6.540464e-009	-0.000634758
6.565464e-009	0.00932618
6.590464e-009	0.0044922
6.615464e-009	0.00881348
6.640464e-009	0.0234863
6.665464e-009	0.000756843
6.690464e-009	-0.0204101
6.715464e-009	-0.0173828
6.740464e-009	-0.0109375
6.765464e-009	-0.0055664
6.790464e-009	-0.00158691
6.815464e-009	0.00561524
6.840464e-009	0.0176025
6.865464e-009	0.0195068
6.890464e-009	0.0129639
6.915464e-009	0.0148438
6.940464e-009	0.0156982
6.965464e-009	0.0138672
6.990464e-009	0.0109619
7.015464e-009	0.00656739
7.040464e-009	0.0131348
7.065464e-009	0.0170166
7.090464e-009	0.0219727
7.115464e-009	0.0305664
7.140464e-009	0.0322998
7.165464e-009	0.0420166
7.190464e-009	0.0396484
7.215464e-009	0.0273682
7.240464e-009	0.031543
7.265464e-009	0.0316895
7.290464e-009	0.0298096
7.315464e-009	0.0302002
7.340464e-009	0.0264893
7.365464e-009	0.0347412
7.390464e-009	0.0425293
7.415464e-009	0.0334717
7.440464e-009	0.0265137
7.465464e-009	0.0329102
7.490464e-009	0.0362305
7.515464e-009	0.0196289
7.540464e-009	0.00847169
7.565464e-009	0.0147949
7.590464e-009	0.00932618
7.615464e-009	0.00583497
7.640464e-009	0.014624
7.665464e-009	0.0135742
7.690464e-009	0.00769044
7.715464e-009	0.00146485
7.740464e-009	-0.0034912
7.765464e-009	0.00305177
7.790464e-009	0.00949708
7.815464e-009	0.00944825
7.840464e-009	0.0105957
7.865464e-009	0.0128906
7.890464e-009	0.0198242
7.915464e-009	0.0121826
7.940464e-009	0.0104736
7.965464e-009	0.0350586
7.990464e-009	0.0283203
8.015464e-009	0.0180664
8.040464e-009	0.0277832
8.065464e-009	0.0210449
8.090464e-009	0.0244629
8.115464e-009	0.0321533
8.140464e-009	0.0389404
8.165464e-009	0.0429932
8.190464e-009	0.0281738
8.215464e-009	0.0289551
8.240464e-009	0.03125
8.265464e-009	0.0299316
8.290464e-009	0.043457
8.315464e-009	0.0340576
8.340464e-009	0.0235352
8.365464e-009	0.0302002
8.390464e-009	0.024585
8.415464e-009	0.0236328
8.440464e-009	0.0256104
8.465464e-009	0.0232666
8.490464e-009	0.0204346
8.515464e-009	0.01521
8.540464e-009	0.0210938
8.565464e-009	0.0158203
8.590464e-009	0.0067627
8.615464e-009	0.0111084
8.640464e-009	-0.00439452
8.665464e-009	-0.00642089
8.690464e-009	0.0170899
8.715464e-009	0.00153809
8.740464e-009	-0.00949706
8.765464e-009	0.0217285
8.790464e-009	0.00869141
8.815464e-009	-0.0174805
8.840464e-009	0.00764161
8.865464e-009	0.0128662
8.890464e-009	0.00134278
8.915464e-009	0.0144775
8.940464e-009	0.0140381
8.965464e-009	0.000463875
8.990464e-009	-0.00710448
9.015464e-009	-0.00258788
9.040464e-009	0.026416
9.065464e-009	0.038208
9.090464e-009	0.0241943
9.115464e-009	0.0362793
9.140464e-009	0.0473389
9.165464e-009	0.0311035
9.190464e-009	0.0292725
9.215464e-009	0.039917
9.240464e-009	0.0358154
9.265464e-009	0.0312744
9.290464e-009	0.0381592
9.315464e-009	0.0417725
9.340464e-009	0.0355957
9.365464e-009	0.0378906
9.390464e-009	0.0546143
9.415464e-009	0.050293
9.440464e-009	0.0342041
9.465464e-009	0.0395752
9.490464e-009	0.0376221
9.515464e-009	0.0281006
9.540464e-009	0.0308106
9.565464e-009	0.0319824
9.590464e-009	0.0248047
9.615464e-009	0.0098877
9.640464e-009	0.00512696
9.665464e-009	0.0133057
9.690464e-009	0.0152344
9.715464e-009	0.0125244
9.740464e-009	0.0130127
9.765464e-009	0.0105957
9.790464e-009	-0.000415032
9.815464e-009	-0.00429687
9.840464e-009	0.00288087
9.865464e-009	0.00522462
9.890464e-009	-0.0113525
9.915464e-009	-0.0234375
9.940464e-009	-0.00405273
9.965464e-009	0.00173341
9.990464e-009	-0.00378417
1.001546e-008	0.00349122
1.004046e-008	-0.000805657
1.006546e-008	-0.00947265
1.009046e-008	-0.0187744
1.011546e-008	-0.012085
1.014046e-008	0.0057129
1.016546e-008	0.00307618
1.019046e-008	0.00019532
1.021546e-008	0.00620118
1.024046e-008	0.0144531
1.026546e-008	0.0254883
1.029046e-008	0.0312256
1.031546e-008	0.029541
1.034046e-008	0.0343018
1.036546e-008	0.0349365
1.039046e-008	0.0233154
1.041546e-008	0.0301758
1.044046e-008	0.0390869
1.046546e-008	0.0351807
1.049046e-008	0.0364746
1.051546e-008	0.033374
1.054046e-008	0.0342041
1.056546e-008	0.0498779
1.059046e-008	0.05271
1.061546e-008	0.0390381
1.064046e-008	0.0394287
1.066546e-008	0.0394043
1.069046e-008	0.0294434
1.071546e-008	0.0344971
1.074046e-008	0.0402344
1.076546e-008	0.0359619
1.079046e-008	0.0342041
1.081546e-008	0.0267334
1.084046e-008	0.0161865
1.086546e-008	0.0204346
1.089046e-008	0.0219971
1.091546e-008	0.0133301
1.094046e-008	0.0144531
1.096546e-008	0.0161621
1.099046e-008	0.0101318
1.101546e-008	0.00979005
1.104046e-008	0.0211426
1.106546e-008	0.0202149
1.109046e-008	0.00673829
1.111546e-008	-0.00493163
1.114046e-008	-0.0174316
1.116546e-008	-0.0105957
1.119046e-008	-0.0106689
1.121546e-008	-0.0154785
1.124046e-008	0.000781257
1.126546e-008	-0.00620116
1.129046e-008	-0.006958
1.131546e-008	0.00683595
1.134046e-008	-0.00488281
1.136546e-008	-0.000488274
1.139046e-008	0.00725098
1.141546e-008	-0.00285644
1.144046e-008	0.00192872
1.146546e-008	0.00288087
1.149046e-008	-0.0081787
1.151546e-008	-0.0086914
1.154046e-008	0.00793458
1.156546e-008	0.0209229
1.159046e-008	0.0115723
1.161546e-008	0.00771485
1.164046e-008	0.0159912
1.166546e-008	0.0145752
1.169046e-008	0.0044922
1.171546e-008	-0.00375976
1.174046e-008	0.00166016
1.176546e-008	0.00996095
1.179046e-008	0.0132324
1.181546e-008	0.00908204
1.184046e-008	0.00244141
1.186546e-008	0.0164795
1.189046e-008	0.018042
1.191546e-008	0.00229493
1.194046e-008	0.0146729
1.196546e-008	0.0186035
1.199046e-008	-0.00610351
1.201546e-008	-0.0083496
1.204046e-008	0.00590821
1.206546e-008	0.00922852
1.209046e-008	0.00781251
1.211546e-008	0.00244141
1.214046e-008	0.00617677
1.216546e-008	0.0122315
1.219046e-008	0.00878907
1.221546e-008	0.0142822
1.224046e-008	0.0140869
1.226546e-008	0.0157471
1.229046e-008	0.0281983
1.231546e-008	0.0172119
1.234046e-008	0.0157471
1.236546e-008	0.0322754
1.239046e-008	0.0265381
1.241546e-008	0.0266602
1.244046e-008	0.0351074
1.246546e-008	0.0338379
1.249046e-008	0.0394287
1.251546e-008	0.0484375
1.254046e-008	0.0504395
1.256546e-008	0.0444092
1.259046e-008	0.0368897
1.261546e-008	0.0350342
1.264046e-008	0.0430908
1.266546e-008	0.0476318
1.269046e-008	0.04021
1.271546e-008	0.0404785
1.274046e-008	0.0422852
1.276546e-008	0.0505615
1.279046e-008	0.053418
1.281546e-008	0.0251465
1.284046e-008	0.0188232
1.286546e-008	0.0316162
1.289046e-008	0.0199951
1.291546e-008	0.0223145
1.294046e-008	0.0377441
1.296546e-008	0.0253662
1.299046e-008	0.014209
1.301546e-008	0.0236084
1.304046e-008	0.017627
1.306546e-008	0.0114502
1.309046e-008	0.0210205
1.311546e-008	0.0171143
1.314046e-008	0.0141602
1.316546e-008	0.0173828
1.319046e-008	0.0128906
1.321546e-008	0.0218994
1.324046e-008	0.0257568
1.326546e-008	0.00451661
1.329046e-008	-0.0113281
1.331546e-008	-0.0086914
1.334046e-008	0.0113525
1.336546e-008	0.0224121
1.339046e-008	0.00300294
1.341546e-008	-0.000268547
1.344046e-008	0.0222656
1.346546e-008	0.0216309
1.349046e-008	0.0184326
1.351546e-008	0.0314453
1.354046e-008	0.0253662
1.356546e-008	0.0238037
1.359046e-008	0.0345215
1.361546e-008	0.030957
1.364046e-008	0.0313721
1.366546e-008	0.0285889
1.369046e-008	0.0233399
1.371546e-008	0.0319824
1.374046e-008	0.0393555
1.376546e-008	0.0402344
1.379046e-008	0.0289795
1.381546e-008	0.0259522
1.384046e-008	0.0447754
1.386546e-008	0.0461182
1.389046e-008	0.0408447
1.391546e-008	0.0432617
1.394046e-008	0.0320068
1.396546e-008	0.0286621
1.399046e-008	0.0299805
1.401546e-008	0.0211182
1.404046e-008	0.0173828
1.406546e-008	0.0162598
1.409046e-008	0.0178467
1.411546e-008	0.0198731
1.414046e-008	0.0198242
1.416546e-008	0.0185303
1.419046e-008	0.0125488
1.421546e-008	0.00778809
1.424046e-008	0.00781251
1.426546e-008	0.0121094
1.429046e-008	-0.000170891
1.431546e-008	-0.017749
1.434046e-008	0.0053711
1.436546e-008	0.0240723
1.439046e-008	-0.00415038
1.441546e-008	-0.0141846
1.444046e-008	0.00344239
1.446546e-008	0.00229493
1.449046e-008	-0.000805657
1.451546e-008	-0.0106201
1.454046e-008	-0.0290771
1.456546e-008	-0.0186523
1.459046e-008	-0.00825195
1.461546e-008	0.00187989
1.464046e-008	0.0256104
1.466546e-008	0.00607911
1.469046e-008	-0.00629882
1.471546e-008	0.0241455
1.474046e-008	0.0154541
1.476546e-008	-0.00549316
1.479046e-008	0.00473634
1.481546e-008	0.0159424
1.484046e-008	0.0209229
1.486546e-008	0.0278076
1.489046e-008	0.0379883
1.491546e-008	0.0249024
1.494046e-008	0.0197022
1.496546e-008	0.0414795
1.499046e-008	0.0269531
1.501546e-008	0.0174805
1.504046e-008	0.0373779
1.506546e-008	0.0350342
1.509046e-008	0.0370117
1.511546e-008	0.0423584
1.514046e-008	0.0377197
1.516546e-008	0.0401367
1.519046e-008	0.0325684
1.521546e-008	0.02146
1.524046e-008	0.0301025
1.526546e-008	0.0411865
1.529046e-008	0.0229004
1.531546e-008	0.00307618
1.534046e-008	0.00510255
1.536546e-008	0.00493165
1.539046e-008	0.0145508
1.541546e-008	0.0232422
1.544046e-008	0.0202393
1.546546e-008	0.0209717
1.549046e-008	0.0108399
1.551546e-008	0.00617677
1.554046e-008	0.0100586
1.556546e-008	-0.00454101
1.559046e-008	-0.0131348
1.561546e-008	0.000122078
1.564046e-008	0.005542
1.566546e-008	0.00312501
1.569046e-008	-0.00195312
1.571546e-008	-0.0055664
1.574046e-008	0.0150635
1.576546e-008	0.0295654
1.579046e-008	0.0185059
1.581546e-008	0.00644532
1.584046e-008	0.00593262
1.586546e-008	0.010669
1.589046e-008	0.00109864
1.591546e-008	0.00329591
1.594046e-008	0.0205078
1.596546e-008	0.0250977
1.599046e-008	0.0299805
1.601546e-008	0.0292236
1.604046e-008	0.0256592
1.606546e-008	0.0205078
1.609046e-008	0.00925294
1.611546e-008	0.0159912
1.614046e-008	0.0286133
1.616546e-008	0.0282227
1.619046e-008	0.023169
1.621546e-008	0.0246826
1.624046e-008	0.0279541
1.626546e-008	0.0274902
1.629046e-008	0.0331787
1.631546e-008	0.0248291
1.634046e-008	0.020044
1.636546e-008	0.0388672
1.639046e-008	0.0323242
1.641546e-008	0.0241211
1.644046e-008	0.0335693
1.646546e-008	0.022583
1.649046e-008	0.0179443
1.651546e-008	0.0220215
1.654046e-008	0.0238037
1.656546e-008	0.0286133
1.659046e-008	0.0117676
1.661546e-008	0.0019043
1.664046e-008	0.0156982
1.666546e-008	0.0233887
1.669046e-008	0.0187256
1.671546e-008	0.00717774
1.674046e-008	0.00410157
1.676546e-008	-0.00046386
1.679046e-008	-0.00644531
1.681546e-008	0.000341804
1.684046e-008	0.00927735
1.686546e-008	0.0170899
1.689046e-008	0.0122803
1.691546e-008	0.00690919
1.694046e-008	0.00661622
1.696546e-008	0.00227052
1.699046e-008	0.00825196
1.701546e-008	0.00893555
1.704046e-008	0.00937501
1.706546e-008	0.0192871
1.709046e-008	0.0145264
1.711546e-008	0.00695802
1.714046e-008	0.015625
1.716546e-008	0.0246582
1.719046e-008	0.0146729
1.721546e-008	0.00878907
1.724046e-008	0.0191162
1.726546e-008	0.0220459
1.729046e-008	0.0212647
1.731546e-008	0.0145996
1.734046e-008	0.0076172
1.736546e-008	0.0178955
1.739046e-008	0.0225098
1.741546e-008	0.0187012
1.744046e-008	0.0261475
1.746546e-008	0.0277832
1.749046e-008	0.00434571
1.751546e-008	0.00273438
1.754046e-008	0.0318848
1.756546e-008	0.0183594
1.759046e-008	-0.00229491
1.761546e-008	0.0159668
1.764046e-008	0.0192139
1.766546e-008	0.0177246
1.769046e-008	0.0265869
1.771546e-008	0.0216553
1.774046e-008	0.0220215
1.776546e-008	0.023877
1.779046e-008	0.0120117
1.781546e-008	0.0119141
1.784046e-008	0.0230957
1.786546e-008	0.0219238
1.789046e-008	0.0156494
1.791546e-008	0.0100098
1.794046e-008	0.00913087
1.796546e-008	0.0174561
1.799046e-008	0.00251466
1.801546e-008	-0.0165039
1.804046e-008	0.00898438
1.806546e-008	0.0265625
1.809046e-008	0.00959473
1.811546e-008	0.00959473
1.814046e-008	0.0208984
1.816546e-008	0.022876
1.819046e-008	0.0203369
1.821546e-008	0.00861817
1.824046e-008	0.00935059
1.826546e-008	0.0252197
1.829046e-008	0.0229736
1.831546e-008	0.0131104
1.834046e-008	0.023999
1.836546e-008	0.0422363
1.839046e-008	0.0361816
1.841546e-008	0.0198242
1.844046e-008	0.0252686
1.846546e-008	0.0329102
1.849046e-008	0.0240479
1.851546e-008	0.0165039
1.854046e-008	0.022583
1.856546e-008	0.0300781
1.859046e-008	0.0286865
1.861546e-008	0.0247315
1.864046e-008	0.025415
1.866546e-008	0.0266358
1.869046e-008	0.0185547
1.871546e-008	0.0186279
1.874046e-008	0.029126
1.876546e-008	0.0199219
1.879046e-008	0.0044922
1.881546e-008	0.00622559
1.884046e-008	0.00925294
1.886546e-008	0.0141846
1.889046e-008	0.0105957
1.891546e-008	-0.0111816
1.894046e-008	-0.000415032
1.896546e-008	0.0120117
1.899046e-008	-0.00954589
1.901546e-008	-0.0106689
1.904046e-008	-0.00791015
1.906546e-008	-0.012085
1.909046e-008	-0.00644531
1.911546e-008	-0.00270995
1.914046e-008	0.000805672
1.916546e-008	-0.00554198
1.919046e-008	-0.00905761
1.921546e-008	0.000537117
1.924046e-008	0.00468751
1.926546e-008	0.00666505
1.929046e-008	0.00253907
1.931546e-008	-0.0157959
1.934046e-008	-0.00595702
1.936546e-008	0.0241943
1.939046e-008	0.0154297
1.941546e-008	0.0108643
1.944046e-008	0.0260986
1.946546e-008	0.0209717
1.949046e-008	0.0217285
1.951546e-008	0.0213379
1.954046e-008	0.0226563
1.956546e-008	0.0362305
1.959046e-008	0.0218262
1.961546e-008	0.0181641
1.964046e-008	0.0424805
1.966546e-008	0.0443115
1.969046e-008	0.0379639
1.971546e-008	0.032959
1.974046e-008	0.0309326
1.976546e-008	0.0391846
1.979046e-008	0.0378906
1.981546e-008	0.0319336
1.984046e-008	0.0288086
1.986546e-008	0.023877
1.989046e-008	0.0202149
1.991546e-008	0.0188965
1.994046e-008	0.020874
1.996546e-008	0.021167
1.999046e-008	0.0114258
2.001546e-008	0.00187989
2.004046e-008	0.00288087
2.006546e-008	0.00705567
2.009046e-008	0.0106934
2.011546e-008	0.012793
2.014046e-008	0.0090088
2.016546e-008	-0.00378417
2.019046e-008	-0.0103516
2.021546e-008	-0.00319823
2.024046e-008	-7.32347e-005
2.026546e-008	0.00100098
2.029046e-008	-0.00307616
2.031546e-008	-0.00561523
2.034046e-008	0.00280762
2.036546e-008	-0.00410156
2.039046e-008	-0.0066162
2.041546e-008	0.0107666
2.044046e-008	0.0140869
2.046546e-008	0.00996095
2.049046e-008	0.0011963
2.051546e-008	-0.0132568
2.054046e-008	-0.00280761
2.056546e-008	0.00888673
2.059046e-008	0.00893555
2.061546e-008	0.0244141
2.064046e-008	0.0271729
2.066546e-008	0.0167969
2.069046e-008	0.0249268
2.071546e-008	0.035669
2.074046e-008	0.0416748
2.076546e-008	0.038916
2.079046e-008	0.020459
2.081546e-008	0.018042
2.084046e-008	0.0261475
2.086546e-008	0.0105713
2.089046e-008	0.0097168
2.091546e-008	0.0340088
2.094046e-008	0.0404541
2.096546e-008	0.0363281
2.099046e-008	0.0390381
2.101546e-008	0.0376709
2.104046e-008	0.029541
2.106546e-008	0.039209
2.109046e-008	0.0405518
2.111546e-008	0.00317384
2.114046e-008	-0.00217284
2.116546e-008	0.0214844
2.119046e-008	0.00903321
2.121546e-008	0.00668946
2.124046e-008	0.0279053
2.126546e-008	0.0216309
2.129046e-008	0.0119141
2.131546e-008	0.0135498
2.134046e-008	0.00991212
2.136546e-008	0.0112549
2.139046e-008	0.00585938
2.141546e-008	-0.00517577
2.144046e-008	-0.00219726
2.146546e-008	0.00952149
2.149046e-008	0.0145264
2.151546e-008	0.00935059
2.154046e-008	0.0122803
2.156546e-008	0.0117432
2.159046e-008	0.00402833
2.161546e-008	0.00500489
2.164046e-008	0.00500489
2.166546e-008	0.0072754
2.169046e-008	0.00100098
2.171546e-008	0.00187989
2.174046e-008	0.0263916
2.176546e-008	0.0277832
2.179046e-008	0.0187256
2.181546e-008	0.0164795
2.184046e-008	0.0131104
2.186546e-008	0.0247315
2.189046e-008	0.0257813
2.191546e-008	0.0171631
2.194046e-008	0.0211182
2.196546e-008	0.0328858
2.199046e-008	0.0422852
2.201546e-008	0.0290283
2.204046e-008	0.0157959
2.206546e-008	0.0251465
2.209046e-008	0.027832
2.211546e-008	0.0188721
2.214046e-008	0.0244629
2.216546e-008	0.0248779
2.219046e-008	0.0126709
2.221546e-008	0.0194092
2.224046e-008	0.0183106
2.226546e-008	0.011377
2.229046e-008	0.0126709
2.231546e-008	-0.000756828
2.234046e-008	0.00891114
2.236546e-008	0.0243408
2.239046e-008	0.00881348
2.241546e-008	0.00427247
2.244046e-008	0.00639649
2.246546e-008	0.0131348
2.249046e-008	0.0219727
2.251546e-008	0.000610359
2.254046e-008	0.00126954
2.256546e-008	0.033667
2.259046e-008	0.0339844
2.261546e-008	0.0219238
2.264046e-008	0.0184815
2.266546e-008	0.014209
2.269046e-008	0.0118164
2.271546e-008	0.00629884
2.274046e-008	0.0116211
2.276546e-008	0.0229981
2.279046e-008	0.0238037
2.281546e-008	0.0199707
2.284046e-008	0.0148438
2.286546e-008	0.02229
2.289046e-008	0.0240234
2.291546e-008	0.0102051
2.294046e-008	0.0207031
2.296546e-008	0.0285156
2.299046e-008	0.0117188
2.301546e-008	0.0161377
2.304046e-008	0.0256836
2.306546e-008	0.014502
2.309046e-008	0.0196045
2.311546e-008	0.02854
2.314046e-008	0.0108643
2.316546e-008	0.00847169
2.319046e-008	0.0211914
2.321546e-008	0.0191162
2.324046e-008	0.0197022
2.326546e-008	0.0165283
2.329046e-008	0.0127441
2.331546e-008	0.0198242
2.334046e-008	0.0140137
2.336546e-008	0.00446778
2.339046e-008	0.0074463
2.341546e-008	0.0124268
2.344046e-008	0.0149414
2.346546e-008	0.0159912
2.349046e-008	0.0184815
2.351546e-008	0.0203613
2.354046e-008	0.0249756
2.356546e-008	0.025415
2.359046e-008	0.0109375
2.361546e-008	0.0105957
2.364046e-008	0.0228027
2.366546e-008	0.0115967
2.369046e-008	-0.00275878
2.371546e-008	-0.00446777
2.374046e-008	-0.00559081
2.376546e-008	0.00834962
2.379046e-008	0.0168701
2.381546e-008	0.00541993
2.384046e-008	0.0157227
2.386546e-008	0.030542
2.389046e-008	0.0243408
2.391546e-008	0.0219482
2.394046e-008	0.0228027
2.396546e-008	0.0213379
2.399046e-008	0.0119873
2.401546e-008	0.00566407
2.404046e-008	0.0165527
2.406546e-008	0.0231934
2.409046e-008	0.0276123
2.411546e-008	0.027832
2.414046e-008	0.0200195
2.416546e-008	0.0167481
2.419046e-008	0.00439454
2.421546e-008	0.00617677
2.424046e-008	0.0312012
2.426546e-008	0.0319824
2.429046e-008	0.0261231
2.431546e-008	0.0289307
2.434046e-008	0.0220215
2.436546e-008	0.0286621
2.439046e-008	0.0318359
2.441546e-008	0.0249268
2.444046e-008	0.0275147
2.446546e-008	0.0179443
2.449046e-008	0.0176514
2.451546e-008	0.0215088
2.454046e-008	0.0107422
2.456546e-008	0.0158203
2.459046e-008	0.0189697
2.461546e-008	0.016626
2.464046e-008	0.0198975
2.466546e-008	0.0143066
2.469046e-008	0.0135986
2.471546e-008	0.0138184
2.474046e-008	0.0124512
2.476546e-008	0.0268555
2.479046e-008	0.023999
2.481546e-008	0.00705567
2.484046e-008	0.0137695
2.486546e-008	0.0105957
2.489046e-008	0.00358887
2.491546e-008	0.00539552
2.494046e-008	-0.00454101
2.496546e-008	0.00632325
2.499046e-008	0.0161621
2.501546e-008	0.00664063
2.504046e-008	0.0083252
2.506546e-008	0.00898438
2.509046e-008	0.00854493
2.511546e-008	0.00671387
2.514046e-008	0.00278321
2.516546e-008	0.00749512
2.519046e-008	0.0121338
2.521546e-008	0.017334
2.524046e-008	0.0294434
2.526546e-008	0.0357178
2.529046e-008	0.0253174
2.531546e-008	0.0118897
2.534046e-008	0.0103272
2.536546e-008	0.0183106
2.539046e-008	0.0162109
2.541546e-008	0.0144531
2.544046e-008	0.0272217
2.546546e-008	0.0264404
2.549046e-008	0.022876
2.551546e-008	0.0180664
2.554046e-008	0.0133545
2.556546e-008	0.0353027
2.559046e-008	0.0377441
2.561546e-008	0.014917
2.564046e-008	0.0142578
2.566546e-008	0.0255127
2.569046e-008	0.0248535
2.571546e-008	0.0175781
2.574046e-008	0.0246094
2.576546e-008	0.0330322
2.579046e-008	0.0268066
2.581546e-008	0.013501
2.584046e-008	0.00488282
2.586546e-008	0.018042
2.589046e-008	0.0256104
2.591546e-008	0.0126709
2.594046e-008	0.0237793
2.596546e-008	0.0362793
2.599046e-008	0.0116943
2.601546e-008	0.00720216
2.604046e-008	0.0302979
2.606546e-008	0.0269287
2.609046e-008	0.0109131
2.611546e-008	0.00864259
2.614046e-008	0.0127686
2.616546e-008	0.0112549
2.619046e-008	0.00541993
2.621546e-008	0.0043213
2.624046e-008	0.0128418
2.626546e-008	0.0164551
2.629046e-008	-0.00332031
2.631546e-008	-0.00839843
2.634046e-008	0.0153565
2.636546e-008	0.0208008
2.639046e-008	0.00827637
2.641546e-008	0.00830079
2.644046e-008	0.0198731
2.646546e-008	0.0244385
2.649046e-008	0.0145508
2.651546e-008	0.0104248
2.654046e-008	0.0256348
2.656546e-008	0.0292236
2.659046e-008	0.0231445
2.661546e-008	0.0256348
2.664046e-008	0.0192871
2.666546e-008	0.0172363
2.669046e-008	0.0172119
2.671546e-008	0.0144287
2.674046e-008	0.026294
2.676546e-008	0.032251
2.679046e-008	0.0274658
2.681546e-008	0.0256836
2.684046e-008	0.0216553
2.686546e-008	0.023584
2.689046e-008	0.0400147
2.691546e-008	0.0366455
2.694046e-008	0.021875
2.696546e-008	0.0317627
2.699046e-008	0.0344727
2.701546e-008	0.031958
2.704046e-008	0.0300293
2.706546e-008	0.0168701
2.709046e-008	0.0249512
2.711546e-008	0.035669
2.714046e-008	0.0260498
2.716546e-008	0.0246826
2.719046e-008	0.0230225
2.721546e-008	0.00566407
2.724046e-008	0.00651856
2.726546e-008	0.0239014
2.729046e-008	0.0153809
2.731546e-008	0.00549317
2.734046e-008	0.0175293
2.736546e-008	0.01604
2.739046e-008	0.0103027
2.741546e-008	0.0230713
2.744046e-008	0.0258789
2.746546e-008	0.0229004
2.749046e-008	0.0253662
2.751546e-008	0.0123779
2.754046e-008	0.0108643
2.756546e-008	0.0171387
2.759046e-008	0.00683595
2.761546e-008	0.0142578
2.764046e-008	0.0147949
2.766546e-008	-0.000854485
2.769046e-008	0.0178711
2.771546e-008	0.036792
2.774046e-008	0.0269287
2.776546e-008	0.0200195
2.779046e-008	0.0188721
2.781546e-008	0.0171143
2.784046e-008	0.0194336
2.786546e-008	0.0197998
2.789046e-008	0.0173828
2.791546e-008	0.0234619
2.794046e-008	0.0286133
2.796546e-008	0.0268066
2.799046e-008	0.0271729
2.801546e-008	0.0276856
2.804046e-008	0.0228516
2.806546e-008	0.0168213
2.809046e-008	0.0260742
2.811546e-008	0.0303711
2.814046e-008	0.0251953
2.816546e-008	0.0244141
2.819046e-008	0.00981446
2.821546e-008	0.0171387
2.824046e-008	0.0278809
2.826546e-008	0.0114502
2.829046e-008	0.0232178
2.831546e-008	0.0234131
2.834046e-008	0.00834962
2.836546e-008	0.0222168
2.839046e-008	0.0179443
2.841546e-008	0.0196289
2.844046e-008	0.0323486
2.846546e-008	0.0156006
2.849046e-008	0.0182617
2.851546e-008	0.0225098
2.854046e-008	0.0111572
2.856546e-008	0.0220703
2.859046e-008	0.0131592
2.861546e-008	0.00637208
2.864046e-008	0.030127
2.866546e-008	0.0421143
2.869046e-008	0.0405762
2.871546e-008	0.0229248
2.874046e-008	0.018335
2.876546e-008	0.0190918
2.879046e-008	0.00532227
2.881546e-008	0.01604
2.884046e-008	0.0224121
2.886546e-008	0.0170654
2.889046e-008	0.0246826
2.891546e-008	0.0339356
2.894046e-008	0.038794
2.896546e-008	0.0338135
2.899046e-008	0.0251465
2.901546e-008	0.0156738
2.904046e-008	0.020752
2.906546e-008	0.0334961
2.909046e-008	0.0236816
2.911546e-008	0.0145996
2.914046e-008	0.0213867
2.916546e-008	0.0161377
2.919046e-008	0.00158692
2.921546e-008	0.00290528
2.924046e-008	0.00922852
2.926546e-008	0.0132568
2.929046e-008	0.0058838
2.931546e-008	-0.00598144
2.934046e-008	0.00854493
2.936546e-008	0.0126221
2.939046e-008	0.00107423
2.941546e-008	0.00834962
2.944046e-008	0.00991212
2.946546e-008	0.000610359
2.949046e-008	-0.00139159
2.951546e-008	0.000122078
2.954046e-008	0.00422364
2.956546e-008	0.00583497
2.959046e-008	-0.00246581
2.961546e-008	0.00539552
2.964046e-008	0.017334
2.966546e-008	0.00930177
2.969046e-008	0.0167481
2.971546e-008	0.0219482
2.974046e-008	0.0155518
2.976546e-008	0.0230225
2.979046e-008	0.0200195
2.981546e-008	0.0145508
2.984046e-008	0.0148926
2.986546e-008	0.0205078
2.989046e-008	0.0371582
2.991546e-008	0.0329834
2.994046e-008	0.0297852
2.996546e-008	0.0361816
2.999046e-008	0.0221924
3.001546e-008	0.0263672
3.004046e-008	0.0395752
3.006546e-008	0.0314941
3.009046e-008	0.0278565
3.011546e-008	0.0266113
3.014046e-008	0.0422608
3.016546e-008	0.0575195
3.019046e-008	0.0343262
3.021546e-008	0.0279541
3.024046e-008	0.0430176
3.026546e-008	0.037793
3.029046e-008	0.0329102
3.031546e-008	0.0317139
3.034046e-008	0.0291016
3.036546e-008	0.0296387
3.039046e-008	0.0286133
3.041546e-008	0.0319824
3.044046e-008	0.0352783
3.046546e-008	0.0390381
3.049046e-008	0.042749
3.051546e-008	0.033667
3.054046e-008	0.0307617
3.056546e-008	0.0313965
3.059046e-008	0.0126465
3.061546e-008	0.00759278
3.064046e-008	0.0184326
3.066546e-008	0.00981446
3.069046e-008	0.013794
3.071546e-008	0.0274414
3.074046e-008	0.0166748
3.076546e-008	0.022583
3.079046e-008	0.0251221
3.081546e-008	0.00732423
3.084046e-008	0.0162598
3.086546e-008	0.0113525
3.089046e-008	-0.00131835
3.091546e-008	0.00817872
3.094046e-008	0.0120361
3.096546e-008	0.0275879
3.099046e-008	0.0188721
3.101546e-008	-0.00500488
3.104046e-008	0.0124024
3.106546e-008	0.0155762
3.109046e-008	0.00878907
3.111546e-008	0.0138916
3.114046e-008	0.00993653
3.116546e-008	0.0146729
3.119046e-008	0.00783692
3.121546e-008	0.00334473
3.124046e-008	0.0226807
3.126546e-008	0.0218018
3.129046e-008	0.00280762
3.131546e-008	-0.00598144
3.134046e-008	-0.00898437
3.136546e-008	-0.00551757
3.139046e-008	0.01875
3.141546e-008	0.0260742
3.144046e-008	0.00600587
3.146546e-008	0.0113525
3.149046e-008	0.0176758
3.151546e-008	0.0041504
3.154046e-008	0.00825196
3.156546e-008	0.019165
3.159046e-008	0.00734864
3.161546e-008	-0.00131835
3.164046e-008	0.0158936
3.166546e-008	0.0245117
3.169046e-008	0.0144531
3.171546e-008	0.0117188
3.174046e-008	0.0197266
3.176546e-008	0.0213379
3.179046e-008	0.0237061
3.181546e-008	0.0335205
3.184046e-008	0.0237793
3.186546e-008	0.0118897
3.189046e-008	0.0181885
3.191546e-008	0.0226074
3.194046e-008	0.0279297
3.196546e-008	0.0298584
3.199046e-008	0.0202637
3.201546e-008	0.0208008
3.204046e-008	0.0276123
3.206546e-008	0.0264893
3.209046e-008	0.033252
3.211546e-008	0.0380371
3.214046e-008	0.0344971
3.216546e-008	0.0332275
3.219046e-008	0.0237793
3.221546e-008	0.014917
3.224046e-008	0.0143799
3.226546e-008	0.0219238
3.229046e-008	0.0264404
3.231546e-008	0.0237793
3.234046e-008	0.0302002
3.236546e-008	0.0253906
3.239046e-008	0.0164551
3.241546e-008	0.0188477
3.244046e-008	0.0203125
3.246546e-008	0.0282715
3.249046e-008	0.0179199
3.251546e-008	-0.000219719
3.254046e-008	0.0140137
3.256546e-008	0.0211182
3.259046e-008	0.0132568
3.261546e-008	0.0183838
3.264046e-008	0.0147949
3.266546e-008	0.0139893
3.269046e-008	0.0243408
3.271546e-008	0.0212158
3.274046e-008	0.021875
3.276546e-008	0.021167
3.279046e-008	0.0161377
3.281546e-008	0.027124
3.284046e-008	0.0330566
3.286546e-008	0.031665
3.289046e-008	0.03125
3.291546e-008	0.0290772
3.294046e-008	0.0354248
3.296546e-008	0.0348633
3.299046e-008	0.0178955
3.301546e-008	0.0104248
3.304046e-008	0.0216797
3.306546e-008	0.0299072
3.309046e-008	0.0274902
3.311546e-008	0.0252686
3.314046e-008	0.0214844
3.316546e-008	0.0201904
3.319046e-008	0.0179443
3.321546e-008	0.014209
3.324046e-008	0.0310059
3.326546e-008	0.0358643
3.329046e-008	0.0228027
3.331546e-008	0.0335205
3.334046e-008	0.0354492
3.336546e-008	0.0215576
3.339046e-008	0.0143311
3.341546e-008	0.0081543
3.344046e-008	0.0127197
3.346546e-008	0.0208984
3.349046e-008	0.0216065
3.351546e-008	0.0173584
3.354046e-008	0.0236328
3.356546e-008	0.0274658
3.359046e-008	0.0136963
3.361546e-008	0.0151123
3.364046e-008	0.0195557
3.366546e-008	0.0186279
3.369046e-008	0.0241943
3.371546e-008	0.0221924
3.374046e-008	0.0211182
3.376546e-008	0.0228272
3.379046e-008	0.0248047
3.381546e-008	0.0224365
3.384046e-008	0.0186279
3.386546e-008	0.0258057
3.389046e-008	0.0310303
3.391546e-008	0.0288818
3.394046e-008	0.0210938
3.396546e-008	0.00805665
3.399046e-008	0.00168458
3.401546e-008	0.0177246
3.404046e-008	0.034668
3.406546e-008	0.0298584
3.409046e-008	0.022168
3.411546e-008	0.0125
3.414046e-008	0.0214844
3.416546e-008	0.0359375
3.419046e-008	0.0204834
3.421546e-008	0.0278076
3.424046e-008	0.0320557
3.426546e-008	0.011499
3.429046e-008	0.0302979
3.431546e-008	0.0371582
3.434046e-008	0.0222168
3.436546e-008	0.0312988
3.439046e-008	0.0220215
3.441546e-008	0.0174805
3.444046e-008	0.0353272
3.446546e-008	0.0284912
3.449046e-008	0.0253418
3.451546e-008	0.0310303
3.454046e-008	0.0246582
3.456546e-008	0.028418
3.459046e-008	0.0225098
3.461546e-008	0.0187012
3.464046e-008	0.0303711
3.466546e-008	0.0205078
3.469046e-008	0.0269531
3.471546e-008	0.0431397
3.474046e-008	0.0299561
3.476546e-008	0.0280274
3.479046e-008	0.0280029
3.481546e-008	0.0209473
3.484046e-008	0.0283447
3.486546e-008	0.032251
3.489046e-008	0.0223877
3.491546e-008	0.00781251
3.494046e-008	0.0192627
3.496546e-008	0.0383057
3.499046e-008	0.0182373
3.501546e-008	0.00847169
3.504046e-008	0.0221436
3.506546e-008	0.0142822
3.509046e-008	0.0107666
3.511546e-008	0.0104492
3.514046e-008	0.010376
3.516546e-008	0.0339111
3.519046e-008	0.0355957
3.521546e-008	0.0189453
3.524046e-008	0.0225586
3.526546e-008	0.0199463
3.529046e-008	0.0124756
3.531546e-008	0.0177734
3.534046e-008	0.0200684
3.536546e-008	0.0131348
3.539046e-008	0.00668946
3.541546e-008	0.00944825
3.544046e-008	0.0196777
3.546546e-008	0.0298584
3.549046e-008	0.0312256
3.551546e-008	0.0124024
3.554046e-008	0.011792
3.556546e-008	0.0336426
3.559046e-008	0.0193359
3.561546e-008	0.0160156
3.564046e-008	0.0399658
3.566546e-008	0.0300537
3.569046e-008	0.0165527
3.571546e-008	0.0176758
3.574046e-008	0.0238525
3.576546e-008	0.028125
3.579046e-008	0.0195313
3.581546e-008	0.0255371
3.584046e-008	0.0363037
3.586546e-008	0.029419
3.589046e-008	0.0181885
3.591546e-008	0.0144043
3.594046e-008	0.0291992
3.596546e-008	0.0294922
3.599046e-008	0.000244148
3.601546e-008	-0.0012207
3.604046e-008	0.019458
3.606546e-008	0.0265381
3.609046e-008	0.026294
3.611546e-008	0.0184815
3.614046e-008	0.0244385
3.616546e-008	0.029419
3.619046e-008	0.00437012
3.621546e-008	-0.00173339
3.624046e-008	0.0191162
3.626546e-008	0.0281983
3.629046e-008	0.0254639
3.631546e-008	0.0186768
3.634046e-008	0.0211182
3.636546e-008	0.0246094
3.639046e-008	0.0104981
3.641546e-008	0.0174805
3.644046e-008	0.0322998
3.646546e-008	0.0140625
3.649046e-008	0.0121582
3.651546e-008	0.0277344
3.654046e-008	0.0292969
3.656546e-008	0.0343994
3.659046e-008	0.0294678
3.661546e-008	0.0138672
3.664046e-008	0.0198242
3.666546e-008	0.0338135
3.669046e-008	0.0294678
3.671546e-008	0.0182861
3.674046e-008	0.0122803
3.676546e-008	0.00983887
3.679046e-008	0.0113281
3.681546e-008	0.0204102
3.684046e-008	0.0251709
3.686546e-008	0.0174316
3.689046e-008	0.0190918
3.691546e-008	0.023877
3.694046e-008	0.0278565
3.696546e-008	0.0283447
3.699046e-008	0.00734864
3.701546e-008	0.00715333
3.704046e-008	0.0227051
3.706546e-008	0.0225342
3.709046e-008	0.029541
3.711546e-008	0.0148682
3.714046e-008	-0.00375976
3.716546e-008	0.0215576
3.719046e-008	0.037915
3.721546e-008	0.0323731
3.724046e-008	0.0275879
3.726546e-008	0.00952149
3.729046e-008	0.00627442
3.731546e-008	0.0212158
3.734046e-008	0.027832
3.736546e-008	0.0368652
3.739046e-008	0.0270752
3.741546e-008	0.0090088
3.744046e-008	0.0161621
3.746546e-008	0.0154053
3.749046e-008	0.0175049
3.751546e-008	0.0292969
3.754046e-008	0.0265625
3.756546e-008	0.0268799
3.759046e-008	0.0208008
3.761546e-008	0.0155029
3.764046e-008	0.0234619
3.766546e-008	0.0186035
3.769046e-008	0.0197998
3.771546e-008	0.0267578
3.774046e-008	0.021167
3.776546e-008	0.0290772
3.779046e-008	0.0270996
3.781546e-008	0.00878907
3.784046e-008	0.0221436
3.786546e-008	0.0326904
3.789046e-008	0.0179199
3.791546e-008	0.014502
3.794046e-008	0.0235352
3.796546e-008	0.0346436
3.799046e-008	0.0289063
3.801546e-008	0.0230957
3.804046e-008	0.0320068
3.806546e-008	0.0237793
3.809046e-008	0.0196777
3.811546e-008	0.0198242
3.814046e-008	0.0116455
3.816546e-008	0.026709
3.819046e-008	0.0322754
3.821546e-008	0.0172852
3.824046e-008	0.0225586
3.826546e-008	0.0282227
3.829046e-008	0.0249024
3.831546e-008	0.027002
3.834046e-008	0.0281983
3.836546e-008	0.0226807
3.839046e-008	0.00859376
3.841546e-008	0.012207
3.844046e-008	0.0244629
3.846546e-008	0.0171387
3.849046e-008	0.0170899
3.851546e-008	0.01875
3.854046e-008	0.0164307
3.856546e-008	0.0207764
3.859046e-008	0.00786134
3.861546e-008	0.00400391
3.864046e-008	0.0233154
3.866546e-008	0.0204102
3.869046e-008	0.0039795
3.871546e-008	0.00717774
3.874046e-008	0.0223633
3.876546e-008	0.0231201
3.879046e-008	0.0145264
3.881546e-008	0.022583
3.884046e-008	0.0250733
3.886546e-008	0.0170899
3.889046e-008	0.0268799
3.891546e-008	0.0300293
3.894046e-008	0.024585
3.896546e-008	0.0317139
3.899046e-008	0.0293457
3.901546e-008	0.0243652
3.904046e-008	0.0306397
3.906546e-008	0.0283203
3.909046e-008	0.024292
3.911546e-008	0.0239258
3.914046e-008	0.0273193
3.916546e-008	0.0395264
3.919046e-008	0.0285156
3.921546e-008	0.0130615
3.924046e-008	0.0268066
3.926546e-008	0.0316895
3.929046e-008	0.0295654
3.931546e-008	0.0282959
3.934046e-008	0.020166
3.936546e-008	0.019165
3.939046e-008	0.0104004
3.941546e-008	0.018335
3.944046e-008	0.0334717
3.946546e-008	0.0110596
3.949046e-008	0.000292976
3.951546e-008	0.00895997
3.954046e-008	0.00603028
3.956546e-008	0.0121826
3.959046e-008	0.023584
3.961546e-008	0.0226318
3.964046e-008	0.0282227
3.966546e-008	0.0426025
3.969046e-008	0.0258301
3.971546e-008	0.00615235
3.974046e-008	0.0209229
3.976546e-008	0.0215088
3.979046e-008	0.016919
3.981546e-008	0.023169
3.984046e-008	0.0121826
3.986546e-008	0.0126953
3.989046e-008	0.020044
3.991546e-008	0.0165772
3.994046e-008	0.0269287
3.996546e-008	0.0300049
3.999046e-008	0.0203125
4.001546e-008	0.0236572
4.004046e-008	0.0247803
4.006546e-008	0.021582
4.009046e-008	0.0225342
4.011546e-008	0.0208984
4.014046e-008	0.0293701
4.016546e-008	0.0302002
4.019046e-008	0.0155029
4.021546e-008	0.0270752
4.024046e-008	0.0388916
4.026546e-008	0.0262451
4.029046e-008	0.0282959
4.031546e-008	0.0309082
4.034046e-008	0.0279541
4.036546e-008	0.0353516
4.039046e-008	0.0199463
4.041546e-008	0.0125244
4.044046e-008	0.0266113
4.046546e-008	0.0180664
4.049046e-008	0.0175293
4.051546e-008	0.0155762
4.054046e-008	0.0126709
4.056546e-008	0.035669
4.059046e-008	0.0330811
4.061546e-008	0.0226074
4.064046e-008	0.0193848
4.066546e-008	0.00957032
4.069046e-008	0.0241455
4.071546e-008	0.0188965
4.074046e-008	0.005542
4.076546e-008	0.0310059
4.079046e-008	0.0342774
4.081546e-008	0.0268066
4.084046e-008	0.0316406
4.086546e-008	0.0210205
4.089046e-008	0.0233399
4.091546e-008	0.0265137
4.094046e-008	0.016626
4.096546e-008	0.0133301
4.099046e-008	0.0115723
4.101546e-008	0.0123047
4.104046e-008	0.0157471
4.106546e-008	0.0237793
4.109046e-008	0.0174561
4.111546e-008	0.00541993
4.114046e-008	0.0229248
4.116546e-008	0.0242432
4.119046e-008	0.00478516
4.121546e-008	0.0160645
4.124046e-008	0.0222168
4.126546e-008	0.0150391
4.129046e-008	0.0268799
4.131546e-008	0.0261475
4.134046e-008	0.0262451
4.136546e-008	0.0403076
4.139046e-008	0.0313233
4.141546e-008	0.0212402
4.144046e-008	0.0323242
4.146546e-008	0.0379395
4.149046e-008	0.0283203
4.151546e-008	0.0219727
4.154046e-008	0.0215332
4.156546e-008	0.0265381
4.159046e-008	0.0174316
4.161546e-008	0.0008545
4.164046e-008	0.0207275
4.166546e-008	0.0301514
4.169046e-008	0.0188232
4.171546e-008	0.0281494
4.174046e-008	0.0277588
4.176546e-008	0.0166992
4.179046e-008	0.0212891
4.181546e-008	0.0291016
4.184046e-008	0.0213623
4.186546e-008	0.0261231
4.189046e-008	0.0351074
4.191546e-008	0.0182617
4.194046e-008	0.0194092
4.196546e-008	0.0187012
4.199046e-008	0.00134278
4.201546e-008	0.0148438
4.204046e-008	0.0289551
4.206546e-008	0.0227051
4.209046e-008	0.0199463
4.211546e-008	0.0172852
4.214046e-008	-0.00163573
4.216546e-008	-0.0145019
4.219046e-008	0.0103272
4.221546e-008	0.0290527
4.224046e-008	0.0232666
4.226546e-008	0.0251709
4.229046e-008	0.0213623
4.231546e-008	0.0160156
4.234046e-008	0.0250488
4.236546e-008	0.0307129
4.239046e-008	0.023584
4.241546e-008	0.0180664
4.244046e-008	0.0214356
4.246546e-008	0.0219238
4.249046e-008	0.0252197
4.251546e-008	0.0250977
4.254046e-008	0.0197998
4.256546e-008	0.02771
4.259046e-008	0.0231934
4.261546e-008	0.00642091
4.264046e-008	0.0163574
4.266546e-008	0.0333496
4.269046e-008	0.0253418
4.271546e-008	0.0160156
4.274046e-008	0.0222412
4.276546e-008	0.0229248
4.279046e-008	0.018457
4.281546e-008	0.0195557
4.284046e-008	0.0178955
4.286546e-008	0.0144531
4.289046e-008	0.0233643
4.291546e-008	0.0336914
4.294046e-008	0.0285645
4.296546e-008	0.0231934
4.299046e-008	0.0213623
4.301546e-008	0.0101318
4.304046e-008	0.00805665
4.306546e-008	0.0246094
4.309046e-008	0.0303467
4.311546e-008	0.0215088
4.314046e-008	0.0192383
4.316546e-008	0.0196533
4.319046e-008	0.00292969
4.321546e-008	-0.00703124
4.324046e-008	0.0195068
4.326546e-008	0.0330811
4.329046e-008	0.0144775
4.331546e-008	0.0151123
4.334046e-008	0.0314209
4.336546e-008	0.0309815
4.339046e-008	0.0257568
4.341546e-008	0.0276123
4.344046e-008	0.0229248
4.346546e-008	0.0162109
4.349046e-008	0.0166748
4.351546e-008	0.0202881
4.354046e-008	0.0254883
4.356546e-008	0.0273438
4.359046e-008	0.0227051
4.361546e-008	0.0203369
4.364046e-008	0.030127
4.366546e-008	0.0311035
4.369046e-008	0.0196533
4.371546e-008	0.0166992
4.374046e-008	0.00812989
4.376546e-008	0.0128662
4.379046e-008	0.0201172
4.381546e-008	-0.000634758
4.384046e-008	0.0108643
4.386546e-008	0.0361816
4.389046e-008	0.0331055
4.391546e-008	0.0259277
4.394046e-008	0.0157471
4.396546e-008	0.0343506
4.399046e-008	0.0457031
4.401546e-008	0.0140137
4.404046e-008	0.0115234
4.406546e-008	0.0253174
4.409046e-008	0.0216309
4.411546e-008	0.0188965
4.414046e-008	0.0124024
4.416546e-008	0.0170899
4.419046e-008	0.0256592
4.421546e-008	0.0170654
4.424046e-008	0.0191162
4.426546e-008	0.029126
4.429046e-008	0.0237061
4.431546e-008	0.0150147
4.434046e-008	0.0130615
4.436546e-008	0.0164307
4.439046e-008	0.0183838
4.441546e-008	0.0236572
4.444046e-008	0.0298828
4.446546e-008	0.020166
4.449046e-008	0.0159912
4.451546e-008	0.0164551
4.454046e-008	0.00827637
4.456546e-008	0.0151611
4.459046e-008	0.0211914
4.461546e-008	0.0169922
4.464046e-008	0.0183838
4.466546e-008	0.0196289
4.469046e-008	0.0193115
4.471546e-008	0.0113037
4.474046e-008	0.0172119
4.476546e-008	0.025708
4.479046e-008	-0.00178222
4.481546e-008	-0.00595702
4.484046e-008	0.0233399
4.486546e-008	0.0329102
4.489046e-008	0.018457
4.491546e-008	-0.00876464
4.494046e-008	0.00427247
4.496546e-008	0.0369873
4.499046e-008	0.0241699
4.501546e-008	0.015332
4.504046e-008	0.0271484
4.506546e-008	0.0284912
4.509046e-008	0.025415
4.511546e-008	0.0164795
4.514046e-008	0.0229248
4.516546e-008	0.0335693
4.519046e-008	0.0222412
4.521546e-008	0.0232422
4.524046e-008	0.0218994
4.526546e-008	0.0136719
4.529046e-008	0.0163086
4.531546e-008	0.00803223
4.534046e-008	0.0168945
4.536546e-008	0.0313965
4.539046e-008	0.0197266
4.541546e-008	0.0136963
4.544046e-008	0.0130615
4.546546e-008	0.0128418
4.549046e-008	0.0175049
4.551546e-008	0.0196289
4.554046e-008	0.0255859
4.556546e-008	0.0291016
4.559046e-008	0.0273682
4.561546e-008	0.0234131
4.564046e-008	0.0183106
4.566546e-008	0.022168
4.569046e-008	0.0174072
4.571546e-008	0.0091797
4.574046e-008	0.0229981
4.576546e-008	0.0226807
4.579046e-008	-4.88207e-005
4.581546e-008	0.00385743
4.584046e-008	0.0238525
4.586546e-008	0.0190918
4.589046e-008	0.0123779
4.591546e-008	0.0167481
4.594046e-008	0.017041
4.596546e-008	0.0202149
4.599046e-008	0.0197754
4.601546e-008	0.0164795
4.604046e-008	0.0102295
4.606546e-008	0.00976563
4.609046e-008	0.027417
4.611546e-008	0.0269043
4.614046e-008	0.022876
4.616546e-008	0.0263428
4.619046e-008	0.00930177
4.621546e-008	0.0162842
4.624046e-008	0.0291504
4.626546e-008	0.0166992
4.629046e-008	0.0273682
4.631546e-008	0.0309326
4.634046e-008	0.0273193
4.636546e-008	0.0368164
4.639046e-008	0.0176514
4.641546e-008	0.0117432
4.644046e-008	0.0253662
4.646546e-008	0.0187012
4.649046e-008	0.0106201
4.651546e-008	0.00515137
4.654046e-008	0.012915
4.656546e-008	0.0279297
4.659046e-008	0.0249024
4.661546e-008	0.0190918
4.664046e-008	0.0175293
4.666546e-008	0.0130859
4.669046e-008	0.0236816
4.671546e-008	0.0330322
4.674046e-008	0.0211182
4.676546e-008	0.0148193
4.679046e-008	-0.00168456
4.681546e-008	-0.00644531
4.684046e-008	0.0278076
4.686546e-008	0.0323731
4.689046e-008	0.0058838
4.691546e-008	0.00480958
4.694046e-008	0.027002
4.696546e-008	0.027417
4.699046e-008	0.00654298
4.701546e-008	0.0104736
4.704046e-008	0.0249024
4.706546e-008	0.0287109
4.709046e-008	0.03125
4.711546e-008	0.0229248
4.714046e-008	0.0114746
4.716546e-008	0.015625
4.719046e-008	0.0215088
4.721546e-008	0.0237305
4.724046e-008	0.0281494
4.726546e-008	0.0241699
4.729046e-008	0.0180176
4.731546e-008	0.0146729
4.734046e-008	0.0122803
4.736546e-008	0.0175537
4.739046e-008	0.0223633
4.741546e-008	0.0169434
4.744046e-008	0.0154785
4.746546e-008	0.0238037
4.749046e-008	0.016919
4.751546e-008	0.0101563
4.754046e-008	0.0270264
4.756546e-008	0.0314209
4.759046e-008	0.0198731
4.761546e-008	0.0185059
4.764046e-008	0.0185303
4.766546e-008	0.0170654
4.769046e-008	0.0185059
4.771546e-008	0.0182617
4.774046e-008	0.0213135
4.776546e-008	0.0239746
4.779046e-008	0.0200195
4.781546e-008	0.0187988
4.784046e-008	0.0219238
4.786546e-008	0.0234863
4.789046e-008	0.0224121
4.791546e-008	0.0217774
4.794046e-008	0.0265137
4.796546e-008	0.0286621
4.799046e-008	0.0202393
4.801546e-008	0.0166748
4.804046e-008	0.0226563
4.806546e-008	0.0200928
4.809046e-008	0.0126465
4.811546e-008	0.0126953
4.814046e-008	0.0178223
4.816546e-008	0.0157471
4.819046e-008	0.00776368
4.821546e-008	0.0145264
4.824046e-008	0.0237793
4.826546e-008	0.0243897
4.829046e-008	0.0255127
4.831546e-008	0.0164551
4.834046e-008	0.0160645
4.836546e-008	0.0209961
4.839046e-008	0.0108399
4.841546e-008	0.0205811
4.844046e-008	0.0240967
4.846546e-008	0.0103516
4.849046e-008	0.022583
4.851546e-008	0.0173828
4.854046e-008	0.011377
4.856546e-008	0.0373291
4.859046e-008	0.030957
4.861546e-008	0.0168945
4.864046e-008	0.0208984
4.866546e-008	0.0119141
4.869046e-008	0.0178223
4.871546e-008	0.0293701
4.874046e-008	0.0270508
4.876546e-008	0.0279541
4.879046e-008	0.0181641
4.881546e-008	0.0138428
4.884046e-008	0.0233887
4.886546e-008	0.0153076
4.889046e-008	0.0171143
4.891546e-008	0.028418
4.894046e-008	0.0210938
4.896546e-008	0.0280762
4.899046e-008	0.0325684
4.901546e-008	0.0224609
4.904046e-008	0.0266846
4.906546e-008	0.0196045
4.909046e-008	0.0206787
4.911546e-008	0.0340088
4.914046e-008	0.0188477
4.916546e-008	0.0161865
4.919046e-008	0.0249756
4.921546e-008	0.0169434
4.924046e-008	0.0130371
4.926546e-008	0.0121582
4.929046e-008	0.019458
4.931546e-008	0.0215332
4.934046e-008	0.0146973
4.936546e-008	0.0126221
4.939046e-008	-0.00251464
4.941546e-008	-0.000146477
4.944046e-008	0.0212402
4.946546e-008	0.0181397
4.949046e-008	0.0127197
4.951546e-008	0.0180664
4.954046e-008	0.027417
4.956546e-008	0.0335449
4.959046e-008	0.0197266
4.961546e-008	0.0128174
4.964046e-008	0.0180664
4.966546e-008	0.0146484
4.969046e-008	0.0217285
4.971546e-008	0.0189453
4.974046e-008	0.00620118
4.976546e-008	0.0162598
4.979046e-008	0.0143799
4.981546e-008	0.015625
4.984046e-008	0.0281738
4.986546e-008	0.0179688
4.989046e-008	0.0236816
4.991546e-008	0.0359375
4.994046e-008	0.0301758
4.996546e-008	0.02229
4.999046e-008	0.00747071
5.001546e-008	0.00664063
