# LECROYWM813Zi	51496	Waveform
# Segments	1	SegmentSize	4002
# Segment	TrigTime	TimeSinceSegment1
# #1	30-Nov-2018 17:19:48	0                 
# Time	Ampl
-5.002451e-008	0.0182861
-4.999951e-008	0.0393555
-4.997451e-008	0.030127
-4.994951e-008	0.00830079
-4.992451e-008	0.0109619
-4.989951e-008	0.0209961
-4.987451e-008	0.0243408
-4.984951e-008	0.0216065
-4.982451e-008	0.01875
-4.979951e-008	0.00878907
-4.977451e-008	0.00788575
-4.974951e-008	0.0282959
-4.972451e-008	0.0287842
-4.969951e-008	0.0186279
-4.967451e-008	0.0191895
-4.964951e-008	0.0132324
-4.962451e-008	0.0194336
-4.959951e-008	0.026709
-4.957451e-008	0.0185791
-4.954951e-008	0.0203125
-4.952451e-008	0.0221191
-4.949951e-008	0.0244141
-4.947451e-008	0.027832
-4.944951e-008	0.0152344
-4.942451e-008	0.0108643
-4.939951e-008	0.0176025
-4.937451e-008	0.0193115
-4.934951e-008	0.0154541
-4.932451e-008	0.00927735
-4.929951e-008	0.0176025
-4.927451e-008	0.0209717
-4.924951e-008	0.0126953
-4.922451e-008	0.0249024
-4.919951e-008	0.0306885
-4.917451e-008	0.024585
-4.914951e-008	0.0358887
-4.912451e-008	0.0361084
-4.909951e-008	0.0269531
-4.907451e-008	0.0224609
-4.904951e-008	0.0193115
-4.902451e-008	0.0336426
-4.899951e-008	0.0232178
-4.897451e-008	0.00615235
-4.894951e-008	0.0275879
-4.892451e-008	0.0210205
-4.889951e-008	0.0134766
-4.887451e-008	0.0311035
-4.884951e-008	0.0230469
-4.882451e-008	0.0192871
-4.879951e-008	0.0197266
-4.877451e-008	0.0241211
-4.874951e-008	0.0285645
-4.872451e-008	0.00510255
-4.869951e-008	0.00729981
-4.867451e-008	0.0241699
-4.864951e-008	0.0182129
-4.862451e-008	0.0175537
-4.859951e-008	0.0180176
-4.857451e-008	0.0255615
-4.854951e-008	0.0284424
-4.852451e-008	0.00820313
-4.849951e-008	0.0101563
-4.847451e-008	0.0239502
-4.844951e-008	0.01875
-4.842451e-008	0.0203369
-4.839951e-008	0.0229736
-4.837451e-008	0.0332275
-4.834951e-008	0.0383057
-4.832451e-008	0.0113525
-4.829951e-008	0.0141113
-4.827451e-008	0.0307129
-4.824951e-008	0.0208008
-4.822451e-008	0.0234619
-4.819951e-008	0.0197754
-4.817451e-008	0.0122315
-4.814951e-008	0.0213867
-4.812451e-008	0.0234131
-4.809951e-008	0.0221924
-4.807451e-008	0.0214844
-4.804951e-008	0.0220215
-4.802451e-008	0.0239746
-4.799951e-008	0.0152344
-4.797451e-008	0.0101563
-4.794951e-008	0.0204834
-4.792451e-008	0.0259766
-4.789951e-008	0.0209961
-4.787451e-008	0.0173828
-4.784951e-008	0.0174805
-4.782451e-008	0.0212402
-4.779951e-008	0.0194824
-4.777451e-008	0.0214844
-4.774951e-008	0.0296143
-4.772451e-008	0.0156494
-4.769951e-008	0.00642091
-4.767451e-008	0.0209473
-4.764951e-008	0.0274902
-4.762451e-008	0.0276856
-4.759951e-008	0.0246582
-4.757451e-008	0.021582
-4.754951e-008	0.0237549
-4.752451e-008	0.0141602
-4.749951e-008	0.015625
-4.747451e-008	0.033667
-4.744951e-008	0.0160156
-4.742451e-008	0.000390632
-4.739951e-008	0.0192871
-4.737451e-008	0.0275879
-4.734951e-008	0.0360352
-4.732451e-008	0.0241943
-4.729951e-008	0.00695802
-4.727451e-008	0.0263672
-4.724951e-008	0.0222168
-4.722451e-008	0.0182861
-4.719951e-008	0.0307373
-4.717451e-008	0.0210449
-4.714951e-008	0.0205811
-4.712451e-008	0.0179443
-4.709951e-008	0.0171631
-4.707451e-008	0.029834
-4.704951e-008	0.0176758
-4.702451e-008	0.0057129
-4.699951e-008	0.0161133
-4.697451e-008	0.0205566
-4.694951e-008	0.0118897
-4.692451e-008	0.00124512
-4.689951e-008	0.00500489
-4.687451e-008	0.0178467
-4.684951e-008	0.0209717
-4.682451e-008	0.0219238
-4.679951e-008	0.0201416
-4.677451e-008	0.0183106
-4.674951e-008	0.0222168
-4.672451e-008	0.0112549
-4.669951e-008	0.00292969
-4.667451e-008	0.0169922
-4.664951e-008	0.0216065
-4.662451e-008	0.0129883
-4.659951e-008	0.0213135
-4.657451e-008	0.0358399
-4.654951e-008	0.0206299
-4.652451e-008	0.00512696
-4.649951e-008	0.0205322
-4.647451e-008	0.0257324
-4.644951e-008	0.0186768
-4.642451e-008	0.019458
-4.639951e-008	0.01521
-4.637451e-008	0.0261231
-4.634951e-008	0.0445801
-4.632451e-008	0.0320557
-4.629951e-008	0.0195557
-4.627451e-008	0.0187988
-4.624951e-008	0.0106934
-4.622451e-008	0.0189209
-4.619951e-008	0.0261963
-4.617451e-008	0.0163086
-4.614951e-008	0.0157715
-4.612451e-008	0.0180908
-4.609951e-008	0.0174316
-4.607451e-008	0.0169922
-4.604951e-008	0.024585
-4.602451e-008	0.0379639
-4.599951e-008	0.0271973
-4.597451e-008	0.0151123
-4.594951e-008	0.0219482
-4.592451e-008	0.0220703
-4.589951e-008	0.0207764
-4.587451e-008	0.0232178
-4.584951e-008	0.0251221
-4.582451e-008	0.0224609
-4.579951e-008	0.0189209
-4.577451e-008	0.0315186
-4.574951e-008	0.0313477
-4.572451e-008	0.0115479
-4.569951e-008	0.0170654
-4.567451e-008	0.0284668
-4.564951e-008	0.0229004
-4.562451e-008	0.0222412
-4.559951e-008	0.0148193
-4.557451e-008	0.0126709
-4.554951e-008	0.0234375
-4.552451e-008	0.0165772
-4.549951e-008	0.0165039
-4.547451e-008	0.0218018
-4.544951e-008	0.0104004
-4.542451e-008	0.0149414
-4.539951e-008	0.0337647
-4.537451e-008	0.0244873
-4.534951e-008	0.00266114
-4.532451e-008	0.0153076
-4.529951e-008	0.0251953
-4.527451e-008	0.0115723
-4.524951e-008	0.0181641
-4.522451e-008	0.0231201
-4.519951e-008	0.015332
-4.517451e-008	0.0302734
-4.514951e-008	0.0395752
-4.512451e-008	0.0144043
-4.509951e-008	0.00754395
-4.507451e-008	0.0260742
-4.504951e-008	0.0315918
-4.502451e-008	0.0331299
-4.499951e-008	0.0237061
-4.497451e-008	0.0210449
-4.494951e-008	0.0369141
-4.492451e-008	0.0211914
-4.489951e-008	0.0107666
-4.487451e-008	0.0310059
-4.484951e-008	0.0174561
-4.482451e-008	0.00820313
-4.479951e-008	0.0274414
-4.477451e-008	0.0254639
-4.474951e-008	0.0290772
-4.472451e-008	0.0310303
-4.469951e-008	0.012085
-4.467451e-008	0.0163086
-4.464951e-008	0.0351318
-4.462451e-008	0.0311279
-4.459951e-008	0.0225586
-4.457451e-008	0.0338135
-4.454951e-008	0.0335449
-4.452451e-008	0.0210205
-4.449951e-008	0.0177246
-4.447451e-008	0.00996095
-4.444951e-008	0.0184082
-4.442451e-008	0.0311524
-4.439951e-008	0.0259766
-4.437451e-008	0.033252
-4.434951e-008	0.0315674
-4.432451e-008	0.0158447
-4.429951e-008	0.0229736
-4.427451e-008	0.0323975
-4.424951e-008	0.0195068
-4.422451e-008	0.0155518
-4.419951e-008	0.0287842
-4.417451e-008	0.0277588
-4.414951e-008	0.023999
-4.412451e-008	0.0201904
-4.409951e-008	0.0112061
-4.407451e-008	0.0152832
-4.404951e-008	0.0214844
-4.402451e-008	0.022876
-4.399951e-008	0.018457
-4.397451e-008	0.0196533
-4.394951e-008	0.0212891
-4.392451e-008	0.00952149
-4.389951e-008	0.0172119
-4.387451e-008	0.0265869
-4.384951e-008	0.017627
-4.382451e-008	0.0159912
-4.379951e-008	0.0204346
-4.377451e-008	0.0307373
-4.374951e-008	0.0318848
-4.372451e-008	0.0178467
-4.369951e-008	0.0168213
-4.367451e-008	0.0289795
-4.364951e-008	0.0348877
-4.362451e-008	0.0250733
-4.359951e-008	0.0140381
-4.357451e-008	0.0263916
-4.354951e-008	0.0352295
-4.352451e-008	0.0185059
-4.349951e-008	0.0103272
-4.347451e-008	0.0216309
-4.344951e-008	0.0392822
-4.342451e-008	0.0308838
-4.339951e-008	0.00483399
-4.337451e-008	0.0183106
-4.334951e-008	0.0365479
-4.332451e-008	0.0326416
-4.329951e-008	0.0326172
-4.327451e-008	0.0186524
-4.324951e-008	0.00717774
-4.322451e-008	0.0180664
-4.319951e-008	0.019458
-4.317451e-008	0.0229736
-4.314951e-008	0.0318359
-4.312451e-008	0.0195801
-4.309951e-008	0.0232178
-4.307451e-008	0.0278809
-4.304951e-008	0.0139649
-4.302451e-008	0.0270996
-4.299951e-008	0.0305908
-4.297451e-008	0.0262695
-4.294951e-008	0.0340088
-4.292451e-008	0.0200928
-4.289951e-008	0.0188477
-4.287451e-008	0.0268555
-4.284951e-008	0.0279541
-4.282451e-008	0.0328369
-4.279951e-008	0.0211426
-4.277451e-008	0.0200928
-4.274951e-008	0.0344727
-4.272451e-008	0.0312744
-4.269951e-008	0.0257324
-4.267451e-008	0.0226807
-4.264951e-008	0.0140869
-4.262451e-008	0.0172363
-4.259951e-008	0.0264404
-4.257451e-008	0.0226807
-4.254951e-008	0.0203125
-4.252451e-008	0.0160156
-4.249951e-008	0.0123535
-4.247451e-008	0.0300049
-4.244951e-008	0.0256104
-4.242451e-008	0.00974122
-4.239951e-008	0.0212402
-4.237451e-008	0.0123291
-4.234951e-008	0.00742188
-4.232451e-008	0.0175537
-4.229951e-008	0.00632325
-4.227451e-008	0.0134766
-4.224951e-008	0.0216309
-4.222451e-008	0.020166
-4.219951e-008	0.0305664
-4.217451e-008	0.0222656
-4.214951e-008	0.0124512
-4.212451e-008	0.0169678
-4.209951e-008	0.0258057
-4.207451e-008	0.0345459
-4.204951e-008	0.0254639
-4.202451e-008	0.0179688
-4.199951e-008	0.0286621
-4.197451e-008	0.0372559
-4.194951e-008	0.03125
-4.192451e-008	0.0178711
-4.189951e-008	0.0166748
-4.187451e-008	0.0283447
-4.184951e-008	0.0301025
-4.182451e-008	0.0183838
-4.179951e-008	0.0134033
-4.177451e-008	0.0230957
-4.174951e-008	0.0287354
-4.172451e-008	0.0202393
-4.169951e-008	0.0155762
-4.167451e-008	0.0233399
-4.164951e-008	0.0276611
-4.162451e-008	0.0235596
-4.159951e-008	0.0213379
-4.157451e-008	0.0218506
-4.154951e-008	0.0214844
-4.152451e-008	0.0180176
-4.149951e-008	0.0154297
-4.147451e-008	0.0156738
-4.144951e-008	0.0185547
-4.142451e-008	0.0305908
-4.139951e-008	0.0314453
-4.137451e-008	0.0178711
-4.134951e-008	0.0161377
-4.132451e-008	0.0172607
-4.129951e-008	0.0162842
-4.127451e-008	0.0138184
-4.124951e-008	0.0127686
-4.122451e-008	0.029834
-4.119951e-008	0.0324951
-4.117451e-008	0.00954591
-4.114951e-008	0.0130615
-4.112451e-008	0.026001
-4.109951e-008	0.0157227
-4.107451e-008	0.0164795
-4.104951e-008	0.0213379
-4.102451e-008	0.0144775
-4.099951e-008	0.0162842
-4.097451e-008	0.0278809
-4.094951e-008	0.0316162
-4.092451e-008	0.0139404
-4.089951e-008	0.0118408
-4.087451e-008	0.0237305
-4.084951e-008	0.00646973
-4.082451e-008	-0.00124511
-4.079951e-008	0.0195557
-4.077451e-008	0.0337891
-4.074951e-008	0.0288086
-4.072451e-008	0.0107666
-4.069951e-008	0.00881348
-4.067451e-008	0.0230225
-4.064951e-008	0.0198242
-4.062451e-008	0.0118164
-4.059951e-008	0.0186524
-4.057451e-008	0.0238037
-4.054951e-008	0.0134522
-4.052451e-008	0.00461427
-4.049951e-008	0.01604
-4.047451e-008	0.0271973
-4.044951e-008	0.0318115
-4.042451e-008	0.0362549
-4.039951e-008	0.0296631
-4.037451e-008	0.0199951
-4.034951e-008	0.0101807
-4.032451e-008	0.0065918
-4.029951e-008	0.0162354
-4.027451e-008	0.0220459
-4.024951e-008	0.0184326
-4.022451e-008	0.0196533
-4.019951e-008	0.0267578
-4.017451e-008	0.0293945
-4.014951e-008	0.0260254
-4.012451e-008	0.0131348
-4.009951e-008	0.0125
-4.007451e-008	0.030542
-4.004951e-008	0.0340332
-4.002451e-008	0.0291748
-3.999951e-008	0.0231201
-3.997451e-008	0.0162598
-3.994951e-008	0.0165039
-3.992451e-008	0.0131592
-3.989951e-008	0.024585
-3.987451e-008	0.0354492
-3.984951e-008	0.0145996
-3.982451e-008	0.0140625
-3.979951e-008	0.0290772
-3.977451e-008	0.0261475
-3.974951e-008	0.0302002
-3.972451e-008	0.0181885
-3.969951e-008	0.00131837
-3.967451e-008	0.0134766
-3.964951e-008	0.0214356
-3.962451e-008	0.0281494
-3.959951e-008	0.0314697
-3.957451e-008	0.00683595
-3.954951e-008	0.00144044
-3.952451e-008	0.0198731
-3.949951e-008	0.0171143
-3.947451e-008	0.0208984
-3.944951e-008	0.0243408
-3.942451e-008	0.0100586
-3.939951e-008	0.0150147
-3.937451e-008	0.0297119
-3.934951e-008	0.0304688
-3.932451e-008	0.0170166
-3.929951e-008	0.0178955
-3.927451e-008	0.025708
-3.924951e-008	0.0205322
-3.922451e-008	0.0274658
-3.919951e-008	0.0220947
-3.917451e-008	0.0168213
-3.914951e-008	0.0257813
-3.912451e-008	0.0186524
-3.909951e-008	0.0174316
-3.907451e-008	0.017627
-3.904951e-008	0.0202393
-3.902451e-008	0.0256104
-3.899951e-008	0.0103516
-3.897451e-008	0.00957032
-3.894951e-008	0.0232422
-3.892451e-008	0.0179932
-3.889951e-008	0.0194092
-3.887451e-008	0.0342774
-3.884951e-008	0.0277588
-3.882451e-008	0.0123779
-3.879951e-008	0.0155274
-3.877451e-008	0.0270752
-3.874951e-008	0.0292969
-3.872451e-008	0.0173828
-3.869951e-008	0.0149658
-3.867451e-008	0.0266602
-3.864951e-008	0.025708
-3.862451e-008	0.0120606
-3.859951e-008	0.00642091
-3.857451e-008	0.0145264
-3.854951e-008	0.0224365
-3.852451e-008	0.0251953
-3.849951e-008	0.0235352
-3.847451e-008	0.0169434
-3.844951e-008	0.0125732
-3.842451e-008	0.0208984
-3.839951e-008	0.0270752
-3.837451e-008	0.0155029
-3.834951e-008	0.0141357
-3.832451e-008	0.0178711
-3.829951e-008	0.0182617
-3.827451e-008	0.0215332
-3.824951e-008	0.0136719
-3.822451e-008	0.0193359
-3.819951e-008	0.0256836
-3.817451e-008	0.019751
-3.814951e-008	0.0311035
-3.812451e-008	0.0350586
-3.809951e-008	0.0276856
-3.807451e-008	0.0281738
-3.804951e-008	0.023999
-3.802451e-008	0.0159424
-3.799951e-008	0.0190186
-3.797451e-008	0.0280274
-3.794951e-008	0.0203125
-3.792451e-008	0.00778809
-3.789951e-008	0.016333
-3.787451e-008	0.0280029
-3.784951e-008	0.0208984
-3.782451e-008	0.0166992
-3.779951e-008	0.0210938
-3.777451e-008	0.0208252
-3.774951e-008	0.0294922
-3.772451e-008	0.029419
-3.769951e-008	0.0223389
-3.767451e-008	0.0273438
-3.764951e-008	0.0186279
-3.762451e-008	0.0207764
-3.759951e-008	0.033374
-3.757451e-008	0.0269287
-3.754951e-008	0.0268799
-3.752451e-008	0.0139893
-3.749951e-008	0.00302735
-3.747451e-008	0.0204834
-3.744951e-008	0.0201904
-3.742451e-008	0.0186768
-3.739951e-008	0.0251221
-3.737451e-008	0.0171387
-3.734951e-008	0.0177246
-3.732451e-008	0.017627
-3.729951e-008	0.013501
-3.727451e-008	0.0208252
-3.724951e-008	0.0233399
-3.722451e-008	0.0258545
-3.719951e-008	0.029541
-3.717451e-008	0.0209229
-3.714951e-008	0.0134766
-3.712451e-008	0.00776368
-3.709951e-008	0.0128418
-3.707451e-008	0.0324219
-3.704951e-008	0.0240967
-3.702451e-008	0.0138916
-3.699951e-008	0.0235107
-3.697451e-008	0.0153565
-3.694951e-008	0.0155762
-3.692451e-008	0.0178467
-3.689951e-008	0.00827637
-3.687451e-008	0.0165283
-3.684951e-008	0.0197998
-3.682451e-008	0.0179932
-3.679951e-008	0.0203857
-3.677451e-008	0.0183838
-3.674951e-008	0.0202881
-3.672451e-008	0.0158447
-3.669951e-008	0.0129639
-3.667451e-008	0.0182129
-3.664951e-008	0.018457
-3.662451e-008	0.02146
-3.659951e-008	0.0243897
-3.657451e-008	0.0233887
-3.654951e-008	0.023877
-3.652451e-008	0.0193848
-3.649951e-008	0.0204834
-3.647451e-008	0.0267822
-3.644951e-008	0.0279053
-3.642451e-008	0.0324951
-3.639951e-008	0.0179688
-3.637451e-008	0.00690919
-3.634951e-008	0.0260986
-3.632451e-008	0.0208496
-3.629951e-008	0.0111572
-3.627451e-008	0.0234863
-3.624951e-008	0.0222412
-3.622451e-008	0.016919
-3.619951e-008	0.0208496
-3.617451e-008	0.033374
-3.614951e-008	0.0299805
-3.612451e-008	0.000585945
-3.609951e-008	0.000537117
-3.607451e-008	0.0294678
-3.604951e-008	0.0333252
-3.602451e-008	0.0199707
-3.599951e-008	0.0127441
-3.597451e-008	0.0180664
-3.594951e-008	0.0293945
-3.592451e-008	0.0182617
-3.589951e-008	0.00810548
-3.587451e-008	0.0205811
-3.584951e-008	0.0227051
-3.582451e-008	0.0185547
-3.579951e-008	0.0227783
-3.577451e-008	0.024292
-3.574951e-008	0.0199707
-3.572451e-008	0.00793458
-3.569951e-008	0.0074463
-3.567451e-008	0.0290772
-3.564951e-008	0.0301514
-3.562451e-008	0.0179199
-3.559951e-008	0.0145508
-3.557451e-008	0.00981446
-3.554951e-008	0.0275879
-3.552451e-008	0.030249
-3.549951e-008	0.011499
-3.547451e-008	0.0205078
-3.544951e-008	0.0287354
-3.542451e-008	0.0213135
-3.539951e-008	0.00585938
-3.537451e-008	0.0132813
-3.534951e-008	0.0388184
-3.532451e-008	0.0322998
-3.529951e-008	0.0203125
-3.527451e-008	0.0208496
-3.524951e-008	0.024585
-3.522451e-008	0.0247559
-3.519951e-008	0.0189697
-3.517451e-008	0.0188477
-3.514951e-008	0.0126221
-3.512451e-008	0.00954591
-3.509951e-008	0.0174316
-3.507451e-008	0.0187744
-3.504951e-008	0.0174316
-3.502451e-008	0.0193604
-3.499951e-008	0.0191406
-3.497451e-008	0.0145996
-3.494951e-008	0.0174072
-3.492451e-008	0.0206299
-3.489951e-008	0.0134277
-3.487451e-008	0.0191162
-3.484951e-008	0.0305176
-3.482451e-008	0.0241455
-3.479951e-008	0.0179688
-3.477451e-008	0.0229736
-3.474951e-008	0.0239746
-3.472451e-008	0.0175293
-3.469951e-008	0.0193115
-3.467451e-008	0.0243897
-3.464951e-008	0.0229492
-3.462451e-008	0.0140869
-3.459951e-008	0.00930177
-3.457451e-008	0.031958
-3.454951e-008	0.0393555
-3.452451e-008	0.021875
-3.449951e-008	0.0264893
-3.447451e-008	0.0318359
-3.444951e-008	0.0268555
-3.442451e-008	0.0231445
-3.439951e-008	0.0227051
-3.437451e-008	0.0299316
-3.434951e-008	0.0308838
-3.432451e-008	0.021875
-3.429951e-008	0.0175293
-3.427451e-008	0.0208496
-3.424951e-008	0.0178955
-3.422451e-008	0.0155762
-3.419951e-008	0.0172363
-3.417451e-008	0.0188965
-3.414951e-008	0.0262695
-3.412451e-008	0.0243897
-3.409951e-008	0.0218506
-3.407451e-008	0.0195313
-3.404951e-008	0.0120117
-3.402451e-008	0.0206055
-3.399951e-008	0.018042
-3.397451e-008	0.00996095
-3.394951e-008	0.0182861
-3.392451e-008	0.0125488
-3.389951e-008	0.0152832
-3.387451e-008	0.0264649
-3.384951e-008	0.0230469
-3.382451e-008	0.0232422
-3.379951e-008	0.0194824
-3.377451e-008	0.0266602
-3.374951e-008	0.0260742
-3.372451e-008	-0.00134277
-3.369951e-008	0.0106201
-3.367451e-008	0.0354492
-3.364951e-008	0.0226563
-3.362451e-008	0.0138428
-3.359951e-008	0.00983887
-3.357451e-008	0.00913087
-3.354951e-008	0.0237793
-3.352451e-008	0.0199707
-3.349951e-008	0.0112061
-3.347451e-008	0.0176758
-3.344951e-008	0.0137451
-3.342451e-008	0.0199219
-3.339951e-008	0.0322754
-3.337451e-008	0.0210205
-3.334951e-008	0.0154297
-3.332451e-008	0.0218506
-3.329951e-008	0.0306397
-3.327451e-008	0.0399414
-3.324951e-008	0.0281494
-3.322451e-008	0.0144531
-3.319951e-008	0.0190918
-3.317451e-008	0.0262695
-3.314951e-008	0.0275391
-3.312451e-008	0.0204102
-3.309951e-008	0.0234863
-3.307451e-008	0.0276611
-3.304951e-008	0.0215088
-3.302451e-008	0.0268799
-3.299951e-008	0.0173096
-3.297451e-008	0.0110107
-3.294951e-008	0.0241211
-3.292451e-008	0.0171387
-3.289951e-008	0.0169678
-3.287451e-008	0.0202149
-3.284951e-008	0.0179688
-3.282451e-008	0.0244629
-3.279951e-008	0.0231445
-3.277451e-008	0.023999
-3.274951e-008	0.0167481
-3.272451e-008	0.00952149
-3.269951e-008	0.0189453
-3.267451e-008	0.0184326
-3.264951e-008	0.0126221
-3.262451e-008	0.0185547
-3.259951e-008	0.0306641
-3.257451e-008	0.0344238
-3.254951e-008	0.029541
-3.252451e-008	0.0205566
-3.249951e-008	0.0150635
-3.247451e-008	0.0171143
-3.244951e-008	0.0170899
-3.242451e-008	0.0243652
-3.239951e-008	0.0244629
-3.237451e-008	0.0189697
-3.234951e-008	0.0265381
-3.232451e-008	0.0241943
-3.229951e-008	0.0206787
-3.227451e-008	0.0162354
-3.224951e-008	0.0125488
-3.222451e-008	0.0256836
-3.219951e-008	0.025415
-3.217451e-008	0.0206299
-3.214951e-008	0.0202637
-3.212451e-008	0.0159668
-3.209951e-008	0.0187988
-3.207451e-008	0.0152588
-3.204951e-008	0.0150391
-3.202451e-008	0.0196533
-3.199951e-008	0.0196533
-3.197451e-008	0.0240967
-3.194951e-008	0.0239502
-3.192451e-008	0.0185303
-3.189951e-008	0.0130127
-3.187451e-008	0.0125
-3.184951e-008	0.0151611
-3.182451e-008	0.0151611
-3.179951e-008	0.0188965
-3.177451e-008	0.0271484
-3.174951e-008	0.0241211
-3.172451e-008	0.0116211
-3.169951e-008	0.0102295
-3.167451e-008	0.00935059
-3.164951e-008	0.0132568
-3.162451e-008	0.0284912
-3.159951e-008	0.032544
-3.157451e-008	0.029834
-3.154951e-008	0.0240479
-3.152451e-008	0.0158447
-3.149951e-008	0.019043
-3.147451e-008	0.0247559
-3.144951e-008	0.0191895
-3.142451e-008	0.0194092
-3.139951e-008	0.0222412
-3.137451e-008	0.0196533
-3.134951e-008	0.0317627
-3.132451e-008	0.0242432
-3.129951e-008	0.0052002
-3.127451e-008	0.0161621
-3.124951e-008	0.0119141
-3.122451e-008	0.0108643
-3.119951e-008	0.0294434
-3.117451e-008	0.0245606
-3.114951e-008	0.0227051
-3.112451e-008	0.0151367
-3.109951e-008	-0.0012207
-3.107451e-008	0.0187256
-3.104951e-008	0.0328858
-3.102451e-008	0.0188232
-3.099951e-008	0.023291
-3.097451e-008	0.037085
-3.094951e-008	0.0312256
-3.092451e-008	0.0228272
-3.089951e-008	0.0155029
-3.087451e-008	0.00544434
-3.084951e-008	0.00942384
-3.082451e-008	0.0176025
-3.079951e-008	0.0201416
-3.077451e-008	0.0271484
-3.074951e-008	0.0283203
-3.072451e-008	0.0161133
-3.069951e-008	0.0153076
-3.067451e-008	0.0187988
-3.064951e-008	0.0128662
-3.062451e-008	0.0148926
-3.059951e-008	0.0123779
-3.057451e-008	0.00629884
-3.054951e-008	0.00634766
-3.052451e-008	0.0128662
-3.049951e-008	0.019751
-3.047451e-008	0.0168457
-3.044951e-008	0.0273193
-3.042451e-008	0.0341553
-3.039951e-008	0.0203125
-3.037451e-008	0.0108643
-3.034951e-008	0.0155762
-3.032451e-008	0.0202393
-3.029951e-008	0.0123291
-3.027451e-008	0.0193115
-3.024951e-008	0.0308594
-3.022451e-008	0.0230713
-3.019951e-008	0.0146729
-3.017451e-008	0.020752
-3.014951e-008	0.0298584
-3.012451e-008	0.0182861
-3.009951e-008	0.0169434
-3.007451e-008	0.0246826
-3.004951e-008	0.0185303
-3.002451e-008	0.0292481
-2.999951e-008	0.0362793
-2.997451e-008	0.0235352
-2.994951e-008	0.0174072
-2.992451e-008	0.0166504
-2.989951e-008	0.0157959
-2.987451e-008	0.0199707
-2.984951e-008	0.0276611
-2.982451e-008	0.0246582
-2.979951e-008	0.0116211
-2.977451e-008	0.0150147
-2.974951e-008	0.0293213
-2.972451e-008	0.015918
-2.969951e-008	0.00278321
-2.967451e-008	0.0147949
-2.964951e-008	0.00678712
-2.962451e-008	-0.00153808
-2.959951e-008	0.0200195
-2.957451e-008	0.0369385
-2.954951e-008	0.0395996
-2.952451e-008	0.0340576
-2.949951e-008	0.0224121
-2.947451e-008	0.0168701
-2.944951e-008	0.0174805
-2.942451e-008	0.0209961
-2.939951e-008	0.0281983
-2.937451e-008	0.035376
-2.934951e-008	0.0360352
-2.932451e-008	0.0201172
-2.929951e-008	0.018042
-2.927451e-008	0.0295654
-2.924951e-008	0.0142578
-2.922451e-008	0.0173828
-2.919951e-008	0.0328369
-2.917451e-008	0.0302734
-2.914951e-008	0.0427002
-2.912451e-008	0.0274414
-2.909951e-008	-0.00217284
-2.907451e-008	0.0139404
-2.904951e-008	0.0329346
-2.902451e-008	0.0289063
-2.899951e-008	0.0202149
-2.897451e-008	0.0223145
-2.894951e-008	0.0334717
-2.892451e-008	0.0260986
-2.889951e-008	0.0156738
-2.887451e-008	0.020874
-2.884951e-008	0.0206787
-2.882451e-008	0.0227783
-2.879951e-008	0.0248535
-2.877451e-008	0.0238037
-2.874951e-008	0.0233643
-2.872451e-008	0.0151367
-2.869951e-008	0.0231445
-2.867451e-008	0.0303467
-2.864951e-008	0.020459
-2.862451e-008	0.0214844
-2.859951e-008	0.0241943
-2.857451e-008	0.0251953
-2.854951e-008	0.0303711
-2.852451e-008	0.0276367
-2.849951e-008	0.0196533
-2.847451e-008	0.0164551
-2.844951e-008	0.0177979
-2.842451e-008	0.0130127
-2.839951e-008	0.00705567
-2.837451e-008	0.0188965
-2.834951e-008	0.0236084
-2.832451e-008	0.00837403
-2.829951e-008	0.00998536
-2.827451e-008	0.0239014
-2.824951e-008	0.0365479
-2.822451e-008	0.0417725
-2.819951e-008	0.0232422
-2.817451e-008	0.0118408
-2.814951e-008	0.0133057
-2.812451e-008	0.0057129
-2.809951e-008	0.0165039
-2.807451e-008	0.0311524
-2.804951e-008	0.0140381
-2.802451e-008	0.0133545
-2.799951e-008	0.0268066
-2.797451e-008	0.00820313
-2.794951e-008	0.00375977
-2.792451e-008	0.0181397
-2.789951e-008	0.019043
-2.787451e-008	0.0238037
-2.784951e-008	0.0234375
-2.782451e-008	0.0142334
-2.779951e-008	0.0090088
-2.777451e-008	0.0162354
-2.774951e-008	0.0257813
-2.772451e-008	0.0206299
-2.769951e-008	0.0279785
-2.767451e-008	0.0322998
-2.764951e-008	0.0157715
-2.762451e-008	0.0243652
-2.759951e-008	0.0367432
-2.757451e-008	0.0153076
-2.754951e-008	0.0072754
-2.752451e-008	0.0255615
-2.749951e-008	0.0288086
-2.747451e-008	0.0255127
-2.744951e-008	0.023877
-2.742451e-008	0.0216797
-2.739951e-008	0.0369385
-2.737451e-008	0.0426758
-2.734951e-008	0.0257324
-2.732451e-008	0.00920411
-2.729951e-008	0.00769044
-2.727451e-008	0.023877
-2.724951e-008	0.0261719
-2.722451e-008	0.0156982
-2.719951e-008	0.0180908
-2.717451e-008	0.0272705
-2.714951e-008	0.037207
-2.712451e-008	0.0336914
-2.709951e-008	0.018042
-2.707451e-008	0.0167481
-2.704951e-008	0.0296875
-2.702451e-008	0.0299805
-2.699951e-008	0.0168213
-2.697451e-008	0.01875
-2.694951e-008	0.0232666
-2.692451e-008	0.010669
-2.689951e-008	0.0105957
-2.687451e-008	0.0295654
-2.684951e-008	0.0369629
-2.682451e-008	0.0171631
-2.679951e-008	-0.00415038
-2.677451e-008	0.0195313
-2.674951e-008	0.0385254
-2.672451e-008	0.0115234
-2.669951e-008	0.0157959
-2.667451e-008	0.0311035
-2.664951e-008	0.019043
-2.662451e-008	0.0230957
-2.659951e-008	0.025415
-2.657451e-008	0.0254639
-2.654951e-008	0.0222168
-2.652451e-008	0.00458985
-2.649951e-008	0.00942384
-2.647451e-008	0.0210938
-2.644951e-008	0.0263672
-2.642451e-008	0.0262207
-2.639951e-008	0.0130615
-2.637451e-008	0.0221436
-2.634951e-008	0.0322754
-2.632451e-008	0.0190186
-2.629951e-008	0.0200684
-2.627451e-008	0.0258545
-2.624951e-008	0.0292725
-2.622451e-008	0.0309082
-2.619951e-008	0.0150391
-2.617451e-008	0.0126709
-2.614951e-008	0.0226807
-2.612451e-008	0.01875
-2.609951e-008	0.0162842
-2.607451e-008	0.0240967
-2.604951e-008	0.0315674
-2.602451e-008	0.0245117
-2.599951e-008	0.0199219
-2.597451e-008	0.0284668
-2.594951e-008	0.0237549
-2.592451e-008	0.013794
-2.589951e-008	0.0220703
-2.587451e-008	0.0320313
-2.584951e-008	0.0237549
-2.582451e-008	0.0198731
-2.579951e-008	0.0227783
-2.577451e-008	0.0153809
-2.574951e-008	0.0238281
-2.572451e-008	0.0286865
-2.569951e-008	0.012207
-2.567451e-008	0.0175781
-2.564951e-008	0.0250977
-2.562451e-008	0.0155762
-2.559951e-008	0.0220703
-2.557451e-008	0.0276367
-2.554951e-008	0.00820313
-2.552451e-008	-0.00334472
-2.549951e-008	0.0060547
-2.547451e-008	0.0122315
-2.544951e-008	0.0211914
-2.542451e-008	0.027417
-2.539951e-008	0.0192627
-2.537451e-008	0.0179199
-2.534951e-008	0.0198486
-2.532451e-008	0.0238037
-2.529951e-008	0.032666
-2.527451e-008	0.0302002
-2.524951e-008	0.0199219
-2.522451e-008	0.015332
-2.519951e-008	0.0164307
-2.517451e-008	0.0226563
-2.514951e-008	0.0246826
-2.512451e-008	0.00981446
-2.509951e-008	0.0130371
-2.507451e-008	0.0339356
-2.504951e-008	0.0322998
-2.502451e-008	0.0173096
-2.499951e-008	0.00270997
-2.497451e-008	0.0151123
-2.494951e-008	0.0326416
-2.492451e-008	0.0203125
-2.489951e-008	0.0175049
-2.487451e-008	0.0178711
-2.484951e-008	0.0140869
-2.482451e-008	0.0230713
-2.479951e-008	0.0248535
-2.477451e-008	0.022876
-2.474951e-008	0.0236816
-2.472451e-008	0.0145508
-2.469951e-008	0.00942384
-2.467451e-008	0.0207275
-2.464951e-008	0.0250488
-2.462451e-008	0.0215332
-2.459951e-008	0.022583
-2.457451e-008	0.0265625
-2.454951e-008	0.0287354
-2.452451e-008	0.0186035
-2.449951e-008	0.018042
-2.447451e-008	0.0209473
-2.444951e-008	0.0114258
-2.442451e-008	0.0155274
-2.439951e-008	0.0182617
-2.437451e-008	0.0241943
-2.434951e-008	0.0328125
-2.432451e-008	0.00957032
-2.429951e-008	0.00261231
-2.427451e-008	0.0226074
-2.424951e-008	0.0247315
-2.422451e-008	0.0229248
-2.419951e-008	0.0211182
-2.417451e-008	0.0196045
-2.414951e-008	0.0197754
-2.412451e-008	0.0203613
-2.409951e-008	0.0280029
-2.407451e-008	0.0249268
-2.404951e-008	0.0177246
-2.402451e-008	0.0136719
-2.399951e-008	0.0135986
-2.397451e-008	0.0276856
-2.394951e-008	0.0269775
-2.392451e-008	0.0123047
-2.389951e-008	0.0138184
-2.387451e-008	0.0212647
-2.384951e-008	0.0231934
-2.382451e-008	0.0281494
-2.379951e-008	0.0238525
-2.377451e-008	0.0187988
-2.374951e-008	0.0357666
-2.372451e-008	0.0250244
-2.369951e-008	-9.76488e-005
-2.367451e-008	0.0161621
-2.364951e-008	0.031543
-2.362451e-008	0.0346924
-2.359951e-008	0.0322754
-2.357451e-008	0.0219482
-2.354951e-008	0.0179443
-2.352451e-008	0.00837403
-2.349951e-008	0.00925294
-2.347451e-008	0.0145508
-2.344951e-008	0.013916
-2.342451e-008	0.0209961
-2.339951e-008	0.018335
-2.337451e-008	0.028833
-2.334951e-008	0.0354248
-2.332451e-008	0.0130615
-2.329951e-008	0.0182617
-2.327451e-008	0.0263428
-2.324951e-008	0.0160156
-2.322451e-008	0.0258545
-2.319951e-008	0.0213379
-2.317451e-008	0.0118164
-2.314951e-008	0.0289307
-2.312451e-008	0.030542
-2.309951e-008	0.0245117
-2.307451e-008	0.0236084
-2.304951e-008	0.0227051
-2.302451e-008	0.0344971
-2.299951e-008	0.0275879
-2.297451e-008	0.0191162
-2.294951e-008	0.0205078
-2.292451e-008	0.0083252
-2.289951e-008	0.0165039
-2.287451e-008	0.0264404
-2.284951e-008	0.0169434
-2.282451e-008	0.0131592
-2.279951e-008	0.0156494
-2.277451e-008	0.0197022
-2.274951e-008	0.014502
-2.272451e-008	0.0132324
-2.269951e-008	0.0243408
-2.267451e-008	0.0262207
-2.264951e-008	0.0165772
-2.262451e-008	0.008667
-2.259951e-008	0.0152832
-2.257451e-008	0.0240234
-2.254951e-008	0.0208496
-2.252451e-008	0.0177979
-2.249951e-008	0.0164551
-2.247451e-008	0.0191406
-2.244951e-008	0.028418
-2.242451e-008	0.0290527
-2.239951e-008	0.0260254
-2.237451e-008	0.0329346
-2.234951e-008	0.0276367
-2.232451e-008	0.0050293
-2.229951e-008	0.00673829
-2.227451e-008	0.0250488
-2.224951e-008	0.0164307
-2.222451e-008	0.00122071
-2.219951e-008	0.0179932
-2.217451e-008	0.0351318
-2.214951e-008	0.0149658
-2.212451e-008	0.0105957
-2.209951e-008	0.0266846
-2.207451e-008	0.0180664
-2.204951e-008	0.0224609
-2.202451e-008	0.021875
-2.199951e-008	0.00405274
-2.197451e-008	0.0192871
-2.194951e-008	0.0277588
-2.192451e-008	0.015625
-2.189951e-008	0.0241211
-2.187451e-008	0.0343262
-2.184951e-008	0.0234375
-2.182451e-008	0.0125
-2.179951e-008	0.00944825
-2.177451e-008	0.0144287
-2.174951e-008	0.0240723
-2.172451e-008	0.0145508
-2.169951e-008	0.014209
-2.167451e-008	0.0286377
-2.164951e-008	0.0250977
-2.162451e-008	0.0204346
-2.159951e-008	0.0150391
-2.157451e-008	0.0194824
-2.154951e-008	0.0267578
-2.152451e-008	0.0130127
-2.149951e-008	0.0129639
-2.147451e-008	0.0157471
-2.144951e-008	0.0100586
-2.142451e-008	0.017334
-2.139951e-008	0.023291
-2.137451e-008	0.0322998
-2.134951e-008	0.0291992
-2.132451e-008	0.0101318
-2.129951e-008	0.0159668
-2.127451e-008	0.0248535
-2.124951e-008	0.0225098
-2.122451e-008	0.0244629
-2.119951e-008	0.0170166
-2.117451e-008	0.0211426
-2.114951e-008	0.0375488
-2.112451e-008	0.0305908
-2.109951e-008	0.0215576
-2.107451e-008	0.023584
-2.104951e-008	0.0136475
-2.102451e-008	0.00927735
-2.099951e-008	0.0210938
-2.097451e-008	0.0216309
-2.094951e-008	0.0236572
-2.092451e-008	0.0332275
-2.089951e-008	0.0208252
-2.087451e-008	0.0128174
-2.084951e-008	0.0228272
-2.082451e-008	0.0263428
-2.079951e-008	0.0261231
-2.077451e-008	0.0260986
-2.074951e-008	0.0331055
-2.072451e-008	0.0296143
-2.069951e-008	0.018335
-2.067451e-008	0.0269287
-2.064951e-008	0.0249024
-2.062451e-008	0.0144531
-2.059951e-008	0.017627
-2.057451e-008	0.0171631
-2.054951e-008	0.0126221
-2.052451e-008	0.011377
-2.049951e-008	0.0172852
-2.047451e-008	0.023999
-2.044951e-008	0.0168945
-2.042451e-008	0.0084961
-2.039951e-008	0.0157959
-2.037451e-008	0.0206543
-2.034951e-008	0.0180908
-2.032451e-008	0.0195801
-2.029951e-008	0.0175537
-2.027451e-008	0.0210693
-2.024951e-008	0.0260742
-2.022451e-008	0.0204834
-2.019951e-008	0.0170166
-2.017451e-008	0.0199707
-2.014951e-008	0.030957
-2.012451e-008	0.0336914
-2.009951e-008	0.0165039
-2.007451e-008	0.012793
-2.004951e-008	0.0261719
-2.002451e-008	0.0248291
-1.999951e-008	0.0180664
-1.997451e-008	0.0188232
-1.994951e-008	0.0134033
-1.992451e-008	0.00991212
-1.989951e-008	0.016626
-1.987451e-008	0.0266113
-1.984951e-008	0.0290527
-1.982451e-008	0.0236816
-1.979951e-008	0.025708
-1.977451e-008	0.0253662
-1.974951e-008	0.0217529
-1.972451e-008	0.0163818
-1.969951e-008	0.0138184
-1.967451e-008	0.0337891
-1.964951e-008	0.036084
-1.962451e-008	0.00993653
-1.959951e-008	0.000634773
-1.957451e-008	0.0136719
-1.954951e-008	0.0249024
-1.952451e-008	0.0148682
-1.949951e-008	0.0131348
-1.947451e-008	0.0192871
-1.944951e-008	0.0111816
-1.942451e-008	0.0206543
-1.939951e-008	0.0293213
-1.937451e-008	0.0192871
-1.934951e-008	0.0143799
-1.932451e-008	0.0124024
-1.929951e-008	0.0202637
-1.927451e-008	0.0258057
-1.924951e-008	0.0198975
-1.922451e-008	0.0194824
-1.919951e-008	0.011084
-1.917451e-008	0.00590821
-1.914951e-008	0.0181397
-1.912451e-008	0.0210693
-1.909951e-008	0.0189697
-1.907451e-008	0.0151611
-1.904951e-008	0.0107666
-1.902451e-008	0.0256592
-1.899951e-008	0.0284668
-1.897451e-008	0.0188232
-1.894951e-008	0.024292
-1.892451e-008	0.0137695
-1.889951e-008	0.0102539
-1.887451e-008	0.0273193
-1.884951e-008	0.0139649
-1.882451e-008	0.00490723
-1.879951e-008	0.0195313
-1.877451e-008	0.0119873
-1.874951e-008	0.00722657
-1.872451e-008	0.016919
-1.869951e-008	0.0145996
-1.867451e-008	0.0242188
-1.864951e-008	0.0348389
-1.862451e-008	0.0213135
-1.859951e-008	0.0163574
-1.857451e-008	0.0245606
-1.854951e-008	0.0260986
-1.852451e-008	0.0140137
-1.849951e-008	0.00268555
-1.847451e-008	0.0101563
-1.844951e-008	0.0145996
-1.842451e-008	0.0159424
-1.839951e-008	0.0209229
-1.837451e-008	0.0228272
-1.834951e-008	0.0255859
-1.832451e-008	0.0188721
-1.829951e-008	0.0145508
-1.827451e-008	0.0164795
-1.824951e-008	0.0135254
-1.822451e-008	0.0154541
-1.819951e-008	0.0143066
-1.817451e-008	0.0130371
-1.814951e-008	0.0190674
-1.812451e-008	0.0154785
-1.809951e-008	0.0103516
-1.807451e-008	0.0216309
-1.804951e-008	0.0319336
-1.802451e-008	0.0215576
-1.799951e-008	0.0135498
-1.797451e-008	0.0278565
-1.794951e-008	0.0218506
-1.792451e-008	0.000756843
-1.789951e-008	0.0145264
-1.787451e-008	0.0253174
-1.784951e-008	0.0166504
-1.782451e-008	0.0241211
-1.779951e-008	0.0255127
-1.777451e-008	0.0128906
-1.774951e-008	0.0194336
-1.772451e-008	0.0265381
-1.769951e-008	0.0158691
-1.767451e-008	0.0198731
-1.764951e-008	0.0294678
-1.762451e-008	0.0243408
-1.759951e-008	0.0186279
-1.757451e-008	0.0173096
-1.754951e-008	0.0214844
-1.752451e-008	0.0216309
-1.749951e-008	0.0205078
-1.747451e-008	0.027417
-1.744951e-008	0.0241455
-1.742451e-008	0.0166016
-1.739951e-008	0.021167
-1.737451e-008	0.0248779
-1.734951e-008	0.0199219
-1.732451e-008	0.00720216
-1.729951e-008	0.00505372
-1.727451e-008	0.0161621
-1.724951e-008	0.0188721
-1.722451e-008	0.024585
-1.719951e-008	0.0260986
-1.717451e-008	0.0282715
-1.714951e-008	0.0369873
-1.712451e-008	0.0213379
-1.709951e-008	0.0182373
-1.707451e-008	0.0291992
-1.704951e-008	0.0209961
-1.702451e-008	0.0240234
-1.699951e-008	0.0273926
-1.697451e-008	0.0245361
-1.694951e-008	0.0265625
-1.692451e-008	0.0192383
-1.689951e-008	0.0243652
-1.687451e-008	0.035376
-1.684951e-008	0.0200195
-1.682451e-008	0.00905762
-1.679951e-008	0.0229492
-1.677451e-008	0.0284424
-1.674951e-008	0.0186768
-1.672451e-008	0.0146484
-1.669951e-008	0.0173584
-1.667451e-008	0.0241211
-1.664951e-008	0.0300781
-1.662451e-008	0.0209717
-1.659951e-008	0.013794
-1.657451e-008	0.0243652
-1.654951e-008	0.0302002
-1.652451e-008	0.020752
-1.649951e-008	0.0130371
-1.647451e-008	0.0232666
-1.644951e-008	0.0236084
-1.642451e-008	0.00793458
-1.639951e-008	0.0101807
-1.637451e-008	0.0171143
-1.634951e-008	0.0235107
-1.632451e-008	0.024292
-1.629951e-008	0.0222656
-1.627451e-008	0.0322754
-1.624951e-008	0.0253174
-1.622451e-008	0.0246338
-1.619951e-008	0.0301025
-1.617451e-008	0.0190186
-1.614951e-008	0.0310791
-1.612451e-008	0.034082
-1.609951e-008	0.0218262
-1.607451e-008	0.0223389
-1.604951e-008	0.0143555
-1.602451e-008	0.0251953
-1.599951e-008	0.0322754
-1.597451e-008	0.014624
-1.594951e-008	0.0230225
-1.592451e-008	0.0264404
-1.589951e-008	0.0121826
-1.587451e-008	0.0159424
-1.584951e-008	0.0193115
-1.582451e-008	0.0175537
-1.579951e-008	0.0101563
-1.577451e-008	0.00476075
-1.574951e-008	0.023999
-1.572451e-008	0.0281494
-1.569951e-008	0.0184815
-1.567451e-008	0.0323731
-1.564951e-008	0.0244385
-1.562451e-008	0.0116211
-1.559951e-008	0.0295654
-1.557451e-008	0.0239014
-1.554951e-008	0.00561524
-1.552451e-008	0.0111572
-1.549951e-008	0.0212402
-1.547451e-008	0.0229736
-1.544951e-008	0.0216309
-1.542451e-008	0.0273682
-1.539951e-008	0.0277588
-1.537451e-008	0.0230713
-1.534951e-008	0.0240967
-1.532451e-008	0.0156982
-1.529951e-008	0.0137207
-1.527451e-008	0.0275879
-1.524951e-008	0.0250244
-1.522451e-008	0.0155762
-1.519951e-008	0.0242676
-1.517451e-008	0.0298584
-1.514951e-008	0.0202393
-1.512451e-008	0.011084
-1.509951e-008	0.0134277
-1.507451e-008	0.0207031
-1.504951e-008	0.0191895
-1.502451e-008	0.0209229
-1.499951e-008	0.0245606
-1.497451e-008	0.0174805
-1.494951e-008	0.0160889
-1.492451e-008	0.0232666
-1.489951e-008	0.0293945
-1.487451e-008	0.0178223
-1.484951e-008	0.0036377
-1.482451e-008	0.0222656
-1.479951e-008	0.0321289
-1.477451e-008	0.0178711
-1.474951e-008	0.0175293
-1.472451e-008	0.0225586
-1.469951e-008	0.0229492
-1.467451e-008	0.0214111
-1.464951e-008	0.0169678
-1.462451e-008	0.00576173
-1.459951e-008	-0.000830071
-1.457451e-008	0.0173584
-1.454951e-008	0.0250244
-1.452451e-008	0.00378419
-1.449951e-008	0.000708015
-1.447451e-008	0.0131104
-1.444951e-008	0.0196777
-1.442451e-008	0.0283691
-1.439951e-008	0.0131592
-1.437451e-008	-0.000244133
-1.434951e-008	0.018457
-1.432451e-008	0.0178711
-1.429951e-008	0.0160645
-1.427451e-008	0.0315674
-1.424951e-008	0.0236328
-1.422451e-008	0.0131104
-1.419951e-008	0.0106201
-1.417451e-008	0.0154541
-1.414951e-008	0.0324707
-1.412451e-008	0.02854
-1.409951e-008	0.0176758
-1.407451e-008	0.0115723
-1.404951e-008	0.00529786
-1.402451e-008	0.0172119
-1.399951e-008	0.0177979
-1.397451e-008	0.0168945
-1.394951e-008	0.0378662
-1.392451e-008	0.0371094
-1.389951e-008	0.015332
-1.387451e-008	0.0130127
-1.384951e-008	0.0305908
-1.382451e-008	0.0351074
-1.379951e-008	0.0230469
-1.377451e-008	0.0222168
-1.374951e-008	0.0256836
-1.372451e-008	0.0111328
-1.369951e-008	0.0088379
-1.367451e-008	0.0275635
-1.364951e-008	0.0237793
-1.362451e-008	0.0220459
-1.359951e-008	0.0300537
-1.357451e-008	0.0255371
-1.354951e-008	0.0275147
-1.352451e-008	0.0201172
-1.349951e-008	0.0129395
-1.347451e-008	0.020166
-1.344951e-008	0.0246094
-1.342451e-008	0.0322754
-1.339951e-008	0.0251465
-1.337451e-008	0.0155029
-1.334951e-008	0.0221191
-1.332451e-008	0.0108887
-1.329951e-008	0.00664063
-1.327451e-008	0.0270752
-1.324951e-008	0.0290527
-1.322451e-008	0.0210449
-1.319951e-008	0.0227295
-1.317451e-008	0.0269775
-1.314951e-008	0.0218262
-1.312451e-008	0.0098877
-1.309951e-008	0.0168945
-1.307451e-008	0.0275391
-1.304951e-008	0.0226563
-1.302451e-008	0.0182129
-1.299951e-008	0.0219238
-1.297451e-008	0.0318359
-1.294951e-008	0.0365479
-1.292451e-008	0.0114258
-1.289951e-008	-0.00822753
-1.287451e-008	0.0190674
-1.284951e-008	0.0285889
-1.282451e-008	0.0225098
-1.279951e-008	0.0308106
-1.277451e-008	0.0198975
-1.274951e-008	0.026001
-1.272451e-008	0.0355469
-1.269951e-008	0.0245606
-1.267451e-008	0.0218994
-1.264951e-008	0.01875
-1.262451e-008	0.0274902
-1.259951e-008	0.0299316
-1.257451e-008	0.0191162
-1.254951e-008	0.0243164
-1.252451e-008	0.0262695
-1.249951e-008	0.0256104
-1.247451e-008	0.0247559
-1.244951e-008	0.0168945
-1.242451e-008	0.0149902
-1.239951e-008	0.0164063
-1.237451e-008	0.0213135
-1.234951e-008	0.0197998
-1.232451e-008	0.0130615
-1.229951e-008	0.0231445
-1.227451e-008	0.0258545
-1.224951e-008	0.0169678
-1.222451e-008	0.02229
-1.219951e-008	0.0225098
-1.217451e-008	0.0196533
-1.214951e-008	0.030957
-1.212451e-008	0.0285645
-1.209951e-008	0.0180176
-1.207451e-008	0.0289551
-1.204951e-008	0.0304932
-1.202451e-008	0.0191895
-1.199951e-008	0.0267822
-1.197451e-008	0.036792
-1.194951e-008	0.037793
-1.192451e-008	0.0147705
-1.189951e-008	-0.00388183
-1.187451e-008	0.0198242
-1.184951e-008	0.0266113
-1.182451e-008	0.0233399
-1.179951e-008	0.0226563
-1.177451e-008	0.00822755
-1.174951e-008	0.0222656
-1.172451e-008	0.0216797
-1.169951e-008	0.0140625
-1.167451e-008	0.0349854
-1.164951e-008	0.0229004
-1.162451e-008	0.0088379
-1.159951e-008	0.0169922
-1.157451e-008	0.0241455
-1.154951e-008	0.0330322
-1.152451e-008	0.0206299
-1.149951e-008	0.0196045
-1.147451e-008	0.0367676
-1.144951e-008	0.0340088
-1.142451e-008	0.0252686
-1.139951e-008	0.0133057
-1.137451e-008	0.0161621
-1.134951e-008	0.0260498
-1.132451e-008	0.0084961
-1.129951e-008	0.000439461
-1.127451e-008	0.0128906
-1.124951e-008	0.0250488
-1.122451e-008	0.0265869
-1.119951e-008	0.015625
-1.117451e-008	0.0206055
-1.114951e-008	0.0219727
-1.112451e-008	0.0122803
-1.109951e-008	0.023584
-1.107451e-008	0.0253906
-1.104951e-008	0.0148682
-1.102451e-008	0.0250733
-1.099951e-008	0.0304932
-1.097451e-008	0.0189941
-1.094951e-008	0.0166016
-1.092451e-008	0.01875
-1.089951e-008	0.0163086
-1.087451e-008	0.0171143
-1.084951e-008	0.0177734
-1.082451e-008	0.0205566
-1.079951e-008	0.0229004
-1.077451e-008	0.0231934
-1.074951e-008	0.0250733
-1.072451e-008	0.0138916
-1.069951e-008	0.0072754
-1.067451e-008	0.0181152
-1.064951e-008	0.0190186
-1.062451e-008	0.0175781
-1.059951e-008	0.0230469
-1.057451e-008	0.0193115
-1.054951e-008	0.0164307
-1.052451e-008	0.0229736
-1.049951e-008	0.0252686
-1.047451e-008	0.0165039
-1.044951e-008	0.0090088
-1.042451e-008	0.0109863
-1.039951e-008	0.0123779
-1.037451e-008	0.0239502
-1.034951e-008	0.0367676
-1.032451e-008	0.0239014
-1.029951e-008	0.0186279
-1.027451e-008	0.0270752
-1.024951e-008	0.0168945
-1.022451e-008	0.00412598
-1.019951e-008	0.0134033
-1.017451e-008	0.022583
-1.014951e-008	0.0214111
-1.012451e-008	0.0322022
-1.009951e-008	0.0257568
-1.007451e-008	0.00485841
-1.004951e-008	0.012085
-1.002451e-008	0.0236084
-9.999513e-009	0.0206543
-9.974513e-009	0.0156738
-9.949513e-009	0.014209
-9.924513e-009	0.00407716
-9.899513e-009	0.00175782
-9.874513e-009	0.0197022
-9.849513e-009	0.0214111
-9.824513e-009	0.0213867
-9.799513e-009	0.027417
-9.774513e-009	0.0204834
-9.749513e-009	0.0149658
-9.724513e-009	0.013501
-9.699513e-009	0.0211426
-9.674513e-009	0.0262451
-9.649513e-009	0.0191162
-9.624513e-009	0.0179688
-9.599513e-009	0.0187256
-9.574513e-009	0.0177979
-9.549513e-009	0.0185059
-9.524513e-009	0.0234619
-9.499513e-009	0.0262207
-9.474513e-009	0.0148926
-9.449513e-009	0.0143066
-9.424513e-009	0.0245361
-9.399513e-009	0.0206787
-9.374513e-009	0.015918
-9.349513e-009	0.00808106
-9.324513e-009	-0.000268547
-9.299513e-009	0.00905762
-9.274513e-009	0.0204102
-9.249513e-009	0.0224854
-9.224513e-009	0.0121582
-9.199513e-009	0.00668946
-9.174513e-009	0.023169
-9.149513e-009	0.0255615
-9.124513e-009	0.0155518
-9.099513e-009	0.0204346
-9.074513e-009	0.0236084
-9.049513e-009	0.0192871
-9.024513e-009	0.0197022
-8.999513e-009	0.0227051
-8.974513e-009	0.0183106
-8.949513e-009	0.023584
-8.924513e-009	0.0323731
-8.899513e-009	0.0199463
-8.874513e-009	0.0162354
-8.849513e-009	0.0201172
-8.824513e-009	0.0128418
-8.799513e-009	0.0161621
-8.774513e-009	0.0216309
-8.749513e-009	0.0252197
-8.724513e-009	0.0369141
-8.699513e-009	0.0285889
-8.674513e-009	0.0121338
-8.649513e-009	0.0176758
-8.624513e-009	0.011499
-8.599513e-009	0.00651856
-8.574513e-009	0.0293457
-8.549513e-009	0.0389649
-8.524513e-009	0.0300293
-8.499513e-009	0.0206299
-8.474513e-009	0.0203125
-8.449513e-009	0.0243652
-8.424513e-009	0.0182129
-8.399513e-009	0.0197998
-8.374513e-009	0.0267334
-8.349513e-009	0.0249756
-8.324513e-009	0.0206299
-8.299513e-009	0.0247559
-8.274513e-009	0.0333008
-8.249513e-009	0.0202393
-8.224513e-009	0.016626
-8.199513e-009	0.0322998
-8.174513e-009	0.0223877
-8.149513e-009	0.0201416
-8.124513e-009	0.0348145
-8.099513e-009	0.0291016
-8.074513e-009	0.0239746
-8.049513e-009	0.0257568
-8.024513e-009	0.0289307
-7.999513e-009	0.0316406
-7.974513e-009	0.02146
-7.949513e-009	0.022168
-7.924513e-009	0.0296875
-7.899513e-009	0.020044
-7.874513e-009	0.0182861
-7.849513e-009	0.0230469
-7.824513e-009	0.0175293
-7.799513e-009	0.020459
-7.774513e-009	0.033667
-7.749513e-009	0.0192383
-7.724513e-009	-0.00371093
-7.699513e-009	0.0187256
-7.674513e-009	0.0255615
-7.649513e-009	0.00473634
-7.624513e-009	0.0199219
-7.599513e-009	0.0241699
-7.574513e-009	0.0224365
-7.549513e-009	0.0369141
-7.524513e-009	0.0193359
-7.499513e-009	0.0122559
-7.474513e-009	0.0258545
-7.449513e-009	0.015918
-7.424513e-009	0.0101807
-7.399513e-009	0.0155762
-7.374513e-009	0.0294678
-7.349513e-009	0.0345459
-7.324513e-009	0.00417481
-7.299513e-009	-0.00332031
-7.274513e-009	0.0105225
-7.249513e-009	0.0069336
-7.224513e-009	0.016919
-7.199513e-009	0.0261475
-7.174513e-009	0.0263672
-7.149513e-009	0.0230469
-7.124513e-009	0.0146729
-7.099513e-009	0.0207764
-7.074513e-009	0.0135986
-7.049513e-009	0.00473634
-7.024513e-009	0.0217285
-6.999513e-009	0.0256836
-6.974513e-009	0.0175537
-6.949513e-009	0.0179443
-6.924513e-009	0.0234619
-6.899513e-009	0.0266358
-6.874513e-009	0.0173584
-6.849513e-009	0.0124268
-6.824513e-009	0.0179688
-6.799513e-009	0.018042
-6.774513e-009	0.0187988
-6.749513e-009	0.0189697
-6.724513e-009	0.0158203
-6.699513e-009	0.0217774
-6.674513e-009	0.0161377
-6.649513e-009	0.000659187
-6.624513e-009	0.00227052
-6.599513e-009	0.00566407
-6.574513e-009	0.0154785
-6.549513e-009	0.0250733
-6.524513e-009	0.0175293
-6.499513e-009	0.0158936
-6.474513e-009	0.0208496
-6.449513e-009	0.023877
-6.424513e-009	0.0112061
-6.399513e-009	-9.76488e-005
-6.374513e-009	0.0212158
-6.349513e-009	0.0317627
-6.324513e-009	0.0201904
-6.299513e-009	0.0198975
-6.274513e-009	0.0174072
-6.249513e-009	0.00546876
-6.224513e-009	0.00769044
-6.199513e-009	0.0158691
-6.174513e-009	0.0179932
-6.149513e-009	0.0232422
-6.124513e-009	0.0194824
-6.099513e-009	0.0181397
-6.074513e-009	0.0245606
-6.049513e-009	0.0281006
-6.024513e-009	0.0349854
-5.999513e-009	0.0239502
-5.974513e-009	0.0159424
-5.949513e-009	0.016333
-5.924513e-009	0.00246583
-5.899513e-009	0.0176025
-5.874513e-009	0.0321533
-5.849513e-009	0.0199463
-5.824513e-009	0.0286133
-5.799513e-009	0.0346924
-5.774513e-009	0.0307617
-5.749513e-009	0.0312256
-5.724513e-009	0.0185547
-5.699513e-009	0.0152588
-5.674513e-009	0.0324707
-5.649513e-009	0.039502
-5.624513e-009	0.0235107
-5.599513e-009	0.0175049
-5.574513e-009	0.031543
-5.549513e-009	0.0181641
-5.524513e-009	0.00283204
-5.499513e-009	0.0184815
-5.474513e-009	0.0216065
-5.449513e-009	0.0230713
-5.424513e-009	0.0263672
-5.399513e-009	0.0158203
-5.374513e-009	0.0244873
-5.349513e-009	0.0281738
-5.324513e-009	0.011792
-5.299513e-009	0.0120361
-5.274513e-009	0.0208252
-5.249513e-009	0.0258057
-5.224513e-009	0.0244873
-5.199513e-009	0.020874
-5.174513e-009	0.0265869
-5.149513e-009	0.0255859
-5.124513e-009	0.0139893
-5.099513e-009	0.0110596
-5.074513e-009	0.0152832
-5.049513e-009	0.0166748
-5.024513e-009	0.0239502
-4.999513e-009	0.0290039
-4.974513e-009	0.0265137
-4.949513e-009	0.0281006
-4.924513e-009	0.0202637
-4.899513e-009	0.0133789
-4.874513e-009	0.0186279
-4.849513e-009	0.0199707
-4.824513e-009	0.0206055
-4.799513e-009	0.0291504
-4.774513e-009	0.038208
-4.749513e-009	0.0236816
-4.724513e-009	0.00930177
-4.699513e-009	0.0170654
-4.674513e-009	0.0212158
-4.649513e-009	0.0227539
-4.624513e-009	0.0193359
-4.599513e-009	0.0178955
-4.574513e-009	0.0237793
-4.549513e-009	0.0200195
-4.524513e-009	0.00810548
-4.499513e-009	0.00654298
-4.474513e-009	0.0255859
-4.449513e-009	0.0250488
-4.424513e-009	0.0110352
-4.399513e-009	0.0182861
-4.374513e-009	0.0185547
-4.349513e-009	0.0173096
-4.324513e-009	0.0227539
-4.299513e-009	0.0215332
-4.274513e-009	0.0233399
-4.249513e-009	0.0173096
-4.224513e-009	0.00737305
-4.199513e-009	0.0143555
-4.174513e-009	0.0279785
-4.149513e-009	0.0298828
-4.124513e-009	0.0178711
-4.099513e-009	0.0156738
-4.074513e-009	0.0198731
-4.049513e-009	0.0170899
-4.024513e-009	0.0234619
-3.999513e-009	0.0207031
-3.974513e-009	0.0167969
-3.949513e-009	0.031958
-3.924513e-009	0.0318604
-3.899513e-009	0.0197998
-3.874513e-009	0.0178223
-3.849513e-009	0.0188721
-3.824513e-009	0.0105225
-3.799513e-009	0.00585938
-3.774513e-009	0.016919
-3.749513e-009	0.0190186
-3.724513e-009	0.0178955
-3.699513e-009	0.0216309
-3.674513e-009	0.0188477
-3.649513e-009	0.0186768
-3.624513e-009	0.0189453
-3.599513e-009	0.0221924
-3.574513e-009	0.0286865
-3.549513e-009	0.0240967
-3.524513e-009	0.0215088
-3.499513e-009	0.0293213
-3.474513e-009	0.0304688
-3.449513e-009	0.0170654
-3.424513e-009	0.00712891
-3.399513e-009	0.010791
-3.374513e-009	0.0133057
-3.349513e-009	0.0167969
-3.324513e-009	0.0154297
-3.299513e-009	0.00827637
-3.274513e-009	0.015918
-3.249513e-009	0.0252197
-3.224513e-009	0.0233399
-3.199513e-009	0.0236572
-3.174513e-009	0.0369629
-3.149513e-009	0.0305908
-3.124513e-009	0.00817872
-3.099513e-009	0.0244141
-3.074513e-009	0.0401123
-3.049513e-009	0.031958
-3.024513e-009	0.0252441
-2.999513e-009	0.0149414
-2.974513e-009	0.022168
-2.949513e-009	0.0266113
-2.924513e-009	0.0136231
-2.899513e-009	0.00920411
-2.874513e-009	0.00722657
-2.849513e-009	0.0244385
-2.824513e-009	0.0414795
-2.799513e-009	0.0260742
-2.774513e-009	0.0196777
-2.749513e-009	0.0229248
-2.724513e-009	0.0223633
-2.699513e-009	0.0277832
-2.674513e-009	0.0208496
-2.649513e-009	0.010083
-2.624513e-009	0.0131836
-2.599513e-009	0.0198486
-2.574513e-009	0.0274414
-2.549513e-009	0.0289063
-2.524513e-009	0.0170654
-2.499513e-009	0.015918
-2.474513e-009	0.0240234
-2.449513e-009	0.019165
-2.424513e-009	0.0208252
-2.399513e-009	0.0192383
-2.374513e-009	0.0159668
-2.349513e-009	0.0348877
-2.324513e-009	0.0332764
-2.299513e-009	0.0179443
-2.274513e-009	0.0182129
-2.249513e-009	0.0114502
-2.224513e-009	0.0174561
-2.199513e-009	0.0284668
-2.174513e-009	0.0208252
-2.149513e-009	0.0305908
-2.124513e-009	0.0357178
-2.099513e-009	0.0206787
-2.074513e-009	0.0263672
-2.049513e-009	0.028125
-2.024513e-009	0.0130371
-1.999513e-009	0.00305177
-1.974513e-009	0.00778809
-1.949513e-009	0.0221924
-1.924513e-009	0.0140137
-1.899513e-009	0.00700684
-1.874513e-009	0.0178223
-1.849513e-009	0.0220703
-1.824513e-009	0.0251465
-1.799513e-009	0.0214356
-1.774513e-009	0.0217529
-1.749513e-009	0.0256104
-1.724513e-009	0.0139893
-1.699513e-009	0.0102051
-1.674513e-009	0.0141602
-1.649513e-009	0.0175781
-1.624513e-009	0.0153809
-1.599513e-009	0.0067627
-1.574513e-009	0.0269043
-1.549513e-009	0.0396729
-1.524513e-009	0.0189697
-1.499513e-009	0.0205566
-1.474513e-009	0.0282227
-1.449513e-009	0.0250244
-1.424513e-009	0.0335449
-1.399513e-009	0.0259522
-1.374513e-009	0.0129395
-1.349513e-009	0.0261719
-1.324513e-009	0.0298584
-1.299513e-009	0.0201416
-1.274513e-009	0.0214111
-1.249513e-009	0.0203125
-1.224513e-009	0.0238281
-1.199513e-009	0.0252686
-1.174513e-009	0.0151611
-1.149513e-009	0.0219482
-1.124513e-009	0.0333008
-1.099513e-009	0.0310059
-1.074513e-009	0.0238281
-1.049513e-009	0.0165772
-1.024513e-009	0.0181152
-9.995133e-010	0.0215332
-9.745133e-010	0.0256104
-9.495133e-010	0.0274414
-9.245133e-010	0.0194336
-8.995133e-010	0.0222412
-8.745133e-010	0.018457
-8.495133e-010	0.00451661
-8.245133e-010	0.0143066
-7.995133e-010	0.0233643
-7.745133e-010	0.0234863
-7.495133e-010	0.0186279
-7.245133e-010	-4.88207e-005
-6.995133e-010	0.0039795
-6.745133e-010	0.0190186
-6.495133e-010	0.0183594
-6.245133e-010	0.0287598
-5.995133e-010	0.0363525
-5.745133e-010	0.028125
-5.495133e-010	0.0211426
-5.245133e-010	0.0161865
-4.995133e-010	0.0187744
-4.745133e-010	0.0222412
-4.495133e-010	0.021875
-4.245133e-010	0.0268799
-3.995133e-010	0.0202149
-3.745133e-010	0.00898438
-3.495133e-010	0.0110596
-3.245133e-010	-0.000683586
-2.995133e-010	-0.013623
-2.745133e-010	-0.00424804
-2.495133e-010	-0.0123535
-2.245133e-010	-0.0378662
-1.995133e-010	-0.0440185
-1.745133e-010	-0.0537353
-1.495133e-010	-0.0869141
-1.245133e-010	-0.11189
-9.951332e-011	-0.133374
-7.451332e-011	-0.168555
-4.951332e-011	-0.19314
-2.451332e-011	-0.211865
4.866803e-013	-0.250928
2.548668e-011	-0.295264
5.048668e-011	-0.327856
7.548668e-011	-0.367773
1.004867e-010	-0.406982
1.254867e-010	-0.43479
1.504867e-010	-0.470288
1.754867e-010	-0.514526
2.004867e-010	-0.565405
2.254867e-010	-0.591992
2.504867e-010	-0.601489
2.754867e-010	-0.633862
3.004867e-010	-0.658691
3.254867e-010	-0.683423
3.504867e-010	-0.711694
3.754867e-010	-0.698706
4.004867e-010	-0.66958
4.254867e-010	-0.667432
4.504867e-010	-0.666528
4.754867e-010	-0.637476
5.004867e-010	-0.619019
5.254867e-010	-0.602661
5.504867e-010	-0.555688
5.754867e-010	-0.522656
6.004867e-010	-0.500781
6.254867e-010	-0.45813
6.504867e-010	-0.407764
6.754867e-010	-0.355615
7.004867e-010	-0.311108
7.254867e-010	-0.273291
7.504867e-010	-0.235669
7.754867e-010	-0.211353
8.004867e-010	-0.187695
8.254867e-010	-0.141626
8.504867e-010	-0.0917236
8.754867e-010	-0.0710205
9.004867e-010	-0.0508545
9.254867e-010	-0.0211914
9.504867e-010	-0.0224121
9.754867e-010	-0.0040039
1.000487e-009	0.0335693
1.025487e-009	0.0248291
1.050487e-009	0.0212158
1.075487e-009	0.0396484
1.100487e-009	0.0504395
1.125487e-009	0.0643799
1.150487e-009	0.0655518
1.175487e-009	0.065918
1.200487e-009	0.0717529
1.225487e-009	0.063208
1.250487e-009	0.0728272
1.275487e-009	0.0703858
1.300487e-009	0.0493897
1.325487e-009	0.0798096
1.350487e-009	0.0947754
1.375487e-009	0.0667969
1.400487e-009	0.0573731
1.425487e-009	0.0603272
1.450487e-009	0.0750488
1.475487e-009	0.0697754
1.500487e-009	0.0516602
1.525487e-009	0.0531983
1.550487e-009	0.0347656
1.575487e-009	0.0233887
1.600487e-009	0.033667
1.625487e-009	0.0299316
1.650487e-009	0.0242676
1.675487e-009	0.00964356
1.700487e-009	0.00200196
1.725487e-009	0.00781251
1.750487e-009	-0.00949706
1.775487e-009	-0.0220215
1.800487e-009	-0.00805663
1.825487e-009	0.00966798
1.850487e-009	-0.00351562
1.875487e-009	-0.0261719
1.900487e-009	-0.0106934
1.925487e-009	-0.0149658
1.950487e-009	-0.0287842
1.975487e-009	-0.0131592
2.000487e-009	-0.0167236
2.025487e-009	0.000268562
2.050487e-009	0.0297119
2.075487e-009	0.00795899
2.100487e-009	0.000610359
2.125487e-009	0.0233154
2.150487e-009	0.017041
2.175487e-009	0.00895997
2.200487e-009	0.015332
2.225487e-009	0.0151367
2.250487e-009	0.0227295
2.275487e-009	0.0266846
2.300487e-009	0.0228516
2.325487e-009	0.0251221
2.350487e-009	0.020459
2.375487e-009	0.0214844
2.400487e-009	0.0280518
2.425487e-009	0.0288086
2.450487e-009	0.0375977
2.475487e-009	0.0448486
2.500487e-009	0.039624
2.525487e-009	0.0338379
2.550487e-009	0.0380371
2.575487e-009	0.0398438
2.600487e-009	0.0239014
2.625487e-009	0.0252441
2.650487e-009	0.0456787
2.675487e-009	0.0359863
2.700487e-009	0.0197266
2.725487e-009	0.0262695
2.750487e-009	0.02771
2.775487e-009	0.018457
2.800487e-009	0.0158936
2.825487e-009	0.0258057
2.850487e-009	0.0282715
2.875487e-009	0.01521
2.900487e-009	0.0167481
2.925487e-009	0.0304932
2.950487e-009	0.0191162
2.975487e-009	-0.000561516
3.000487e-009	0.00925294
3.025487e-009	0.0203125
3.050487e-009	0.014624
3.075487e-009	0.0112549
3.100487e-009	0.00639649
3.125487e-009	0.00261231
3.150487e-009	0.00153809
3.175487e-009	0.0058838
3.200487e-009	0.0153565
3.225487e-009	0.0227051
3.250487e-009	0.0247315
3.275487e-009	0.0161133
3.300487e-009	0.0282959
3.325487e-009	0.0448731
3.350487e-009	0.0395508
3.375487e-009	0.048169
3.400487e-009	0.0423828
3.425487e-009	0.0309326
3.450487e-009	0.0458252
3.475487e-009	0.0390137
3.500487e-009	0.0291016
3.525487e-009	0.0461914
3.550487e-009	0.0503662
3.575487e-009	0.038208
3.600487e-009	0.0443359
3.625487e-009	0.0494141
3.650487e-009	0.0360596
3.675487e-009	0.0472656
3.700487e-009	0.0544678
3.725487e-009	0.0305176
3.750487e-009	0.0236572
3.775487e-009	0.0142822
3.800487e-009	0.00410157
3.825487e-009	0.0246826
3.850487e-009	0.0283203
3.875487e-009	0.00705567
3.900487e-009	-0.000170891
3.925487e-009	0.0019043
3.950487e-009	-0.000170891
3.975487e-009	-0.00285644
4.000487e-009	-0.00541991
4.025487e-009	-0.0123047
4.050487e-009	-0.0166016
4.075487e-009	-0.0103516
4.100487e-009	-0.00812988
4.125487e-009	-0.0067871
4.150487e-009	0.00705567
4.175487e-009	0.00395509
4.200487e-009	-0.0122314
4.225487e-009	-0.0100586
4.250487e-009	0.00336915
4.275487e-009	0.0231445
4.300487e-009	0.0256836
4.325487e-009	0.0140625
4.350487e-009	0.0210449
4.375487e-009	0.0245117
4.400487e-009	0.0247559
4.425487e-009	0.0322266
4.450487e-009	0.0334717
4.475487e-009	0.0346924
4.500487e-009	0.0312256
4.525487e-009	0.0286621
4.550487e-009	0.0376465
4.575487e-009	0.0498047
4.600487e-009	0.0531983
4.625487e-009	0.053833
4.650487e-009	0.0640869
4.675487e-009	0.0561768
4.700487e-009	0.0398438
4.725487e-009	0.0452149
4.750487e-009	0.0409424
4.775487e-009	0.0274414
4.800487e-009	0.0307129
4.825487e-009	0.0338135
4.850487e-009	0.0289795
4.875487e-009	0.0268311
4.900487e-009	0.0197998
4.925487e-009	0.0149902
4.950487e-009	0.019751
4.975487e-009	0.0132568
5.000487e-009	0.00332032
5.025487e-009	0.000122078
5.050487e-009	-0.0138916
5.075487e-009	-0.0159668
5.100487e-009	0.000830086
5.125487e-009	-0.00981445
5.150487e-009	-0.0233154
5.175487e-009	-0.0125488
5.200487e-009	-0.0197266
5.225487e-009	-0.0201172
5.250487e-009	-0.00302734
5.275487e-009	-0.0120117
5.300487e-009	-0.0157226
5.325487e-009	-0.00334472
5.350487e-009	0.00168458
5.375487e-009	-0.00158691
5.400487e-009	-0.0106201
5.425487e-009	0.0076172
5.450487e-009	0.0242188
5.475487e-009	0.00827637
5.500487e-009	0.0105713
5.525487e-009	0.0147949
5.550487e-009	0.00253907
5.575487e-009	0.0156738
5.600487e-009	0.0353027
5.625487e-009	0.0262695
5.650487e-009	0.0151123
5.675487e-009	0.020166
5.700487e-009	0.0241455
5.725487e-009	0.0286133
5.750487e-009	0.0352295
5.775487e-009	0.0376709
5.800487e-009	0.0358154
5.825487e-009	0.0351807
5.850487e-009	0.0406494
5.875487e-009	0.029834
5.900487e-009	0.0252197
5.925487e-009	0.0433594
5.950487e-009	0.0411621
5.975487e-009	0.0348389
6.000487e-009	0.0358399
6.025487e-009	0.0292725
6.050487e-009	0.0303711
6.075487e-009	0.0387451
6.100487e-009	0.041626
6.125487e-009	0.033252
6.150487e-009	0.0307373
6.175487e-009	0.026709
6.200487e-009	0.0155274
6.225487e-009	0.0229981
6.250487e-009	0.0226074
6.275487e-009	0.00847169
6.300487e-009	0.0158691
6.325487e-009	0.0300537
6.350487e-009	0.0287842
6.375487e-009	0.0179443
6.400487e-009	0.012915
6.425487e-009	0.0181641
6.450487e-009	0.00983887
6.475487e-009	-0.00751952
6.500487e-009	-0.00102538
6.525487e-009	0.00888673
6.550487e-009	0.00488282
6.575487e-009	0.011792
6.600487e-009	0.0118164
6.625487e-009	-0.00861816
6.650487e-009	-0.0103027
6.675487e-009	-0.00246581
6.700487e-009	0.00183106
6.725487e-009	0.0139649
6.750487e-009	0.0110107
6.775487e-009	0.0149414
6.800487e-009	0.0200684
6.825487e-009	0.000439461
6.850487e-009	0.00500489
6.875487e-009	0.0150391
6.900487e-009	0.0129395
6.925487e-009	0.0254395
6.950487e-009	0.0284912
6.975487e-009	0.0234619
7.000487e-009	0.0212402
7.025487e-009	0.0276611
7.050487e-009	0.0331787
7.075487e-009	0.0196533
7.100487e-009	0.0240723
7.125487e-009	0.0350098
7.150487e-009	0.0224609
7.175487e-009	0.0227783
7.200487e-009	0.0322754
7.225487e-009	0.03125
7.250487e-009	0.0275879
7.275487e-009	0.0228516
7.300487e-009	0.0253418
7.325487e-009	0.0232178
7.350487e-009	0.0173096
7.375487e-009	0.0185303
7.400487e-009	0.00466309
7.425487e-009	0.00673829
7.450487e-009	0.0253418
7.475487e-009	0.0125
7.500487e-009	0.0147705
7.525487e-009	0.0293457
7.550487e-009	0.0116699
7.575487e-009	0.00703126
7.600487e-009	0.0165283
7.625487e-009	0.0157715
7.650487e-009	0.0131104
7.675487e-009	0.000903328
7.700487e-009	-0.000805657
7.725487e-009	0.00964356
7.750487e-009	0.00742188
7.775487e-009	0.0175049
7.800487e-009	0.0247803
7.825487e-009	0.0162598
7.850487e-009	0.0215332
7.875487e-009	0.00703126
7.900487e-009	0.0008545
7.925487e-009	0.0270996
7.950487e-009	0.0232178
7.975487e-009	0.0173584
8.000487e-009	0.0256836
8.025487e-009	0.0223633
8.050487e-009	0.023877
8.075487e-009	0.0241455
8.100487e-009	0.0267822
8.125487e-009	0.0359619
8.150487e-009	0.0307617
8.175487e-009	0.0240234
8.200487e-009	0.0288086
8.225487e-009	0.0338867
8.250487e-009	0.0395996
8.275487e-009	0.0339356
8.300487e-009	0.0234375
8.325487e-009	0.0227051
8.350487e-009	0.0113281
8.375487e-009	0.00766602
8.400487e-009	0.0245117
8.425487e-009	0.0241455
8.450487e-009	0.0113525
8.475487e-009	0.014917
8.500487e-009	0.0199707
8.525487e-009	0.0105713
8.550487e-009	0.00485841
8.575487e-009	0.00786134
8.600487e-009	0.0130859
8.625487e-009	0.0204102
8.650487e-009	0.0155029
8.675487e-009	0.00393067
8.700487e-009	0.00720216
8.725487e-009	0.0130859
8.750487e-009	0.0091797
8.775487e-009	0.00476075
8.800487e-009	0.00239259
8.825487e-009	-0.0010498
8.850487e-009	-0.00151366
8.875487e-009	-0.00241698
8.900487e-009	-0.00131835
8.925487e-009	0.0143555
8.950487e-009	0.0216553
8.975487e-009	0.0197022
9.000487e-009	0.0301758
9.025487e-009	0.0358643
9.050487e-009	0.038916
9.075487e-009	0.0379883
9.100487e-009	0.0330811
9.125487e-009	0.0367432
9.150487e-009	0.0312256
9.175487e-009	0.0352783
9.200487e-009	0.0453125
9.225487e-009	0.0353027
9.250487e-009	0.030957
9.275487e-009	0.0247559
9.300487e-009	0.0259522
9.325487e-009	0.0366211
9.350487e-009	0.0296387
9.375487e-009	0.0269287
9.400487e-009	0.020044
9.425487e-009	0.025708
9.450487e-009	0.0437256
9.475487e-009	0.0253906
9.500487e-009	0.0188965
9.525487e-009	0.0273193
9.550487e-009	0.0149414
9.575487e-009	0.0147461
9.600487e-009	0.0181885
9.625487e-009	0.0115967
9.650487e-009	0.0111572
9.675487e-009	0.00886231
9.700487e-009	0.00637208
9.725487e-009	0.00891114
9.750487e-009	0.00651856
9.775487e-009	0.00793458
9.800487e-009	0.0108643
9.825487e-009	0.00454102
9.850487e-009	-0.00878906
9.875487e-009	-0.0119141
9.900487e-009	0.0097168
9.925487e-009	0.0138916
9.950487e-009	0.00256348
9.975487e-009	0.00939942
1.000049e-008	0.00612794
1.002549e-008	0.00292969
1.005049e-008	0.0101074
1.007549e-008	0.0120606
1.010049e-008	0.019165
1.012549e-008	0.0204834
1.015049e-008	0.0182373
1.017549e-008	0.0151367
1.020049e-008	0.00483399
1.022549e-008	0.0200928
1.025049e-008	0.0390625
1.027549e-008	0.0263428
1.030049e-008	0.0209473
1.032549e-008	0.0270996
1.035049e-008	0.0310059
1.037549e-008	0.0371582
1.040049e-008	0.0318604
1.042549e-008	0.0392334
1.045049e-008	0.055957
1.047549e-008	0.038794
1.050049e-008	0.0249512
1.052549e-008	0.0377441
1.055049e-008	0.0346191
1.057549e-008	0.0252686
1.060049e-008	0.0343994
1.062549e-008	0.0431397
1.065049e-008	0.0347412
1.067549e-008	0.016333
1.070049e-008	0.0167725
1.072549e-008	0.0260498
1.075049e-008	0.0128174
1.077549e-008	0.00800782
1.080049e-008	0.0155762
1.082549e-008	0.0126953
1.085049e-008	0.0236084
1.087549e-008	0.0279053
1.090049e-008	0.0137451
1.092549e-008	0.0180176
1.095049e-008	0.0106934
1.097549e-008	-0.00676269
1.100049e-008	0.00844727
1.102549e-008	0.00651856
1.105049e-008	-0.0125244
1.107549e-008	0.00563966
1.110049e-008	0.0154541
1.112549e-008	-0.00319823
1.115049e-008	-0.000683586
1.117549e-008	0.0206543
1.120049e-008	0.0219727
1.122549e-008	0.0124268
1.125049e-008	0.0174805
1.127549e-008	0.0200195
1.130049e-008	0.0128418
1.132549e-008	0.005542
1.135049e-008	0.00834962
1.137549e-008	0.0146484
1.140049e-008	0.00908204
1.142549e-008	0.000439461
1.145049e-008	-0.00700683
1.147549e-008	0.00227052
1.150049e-008	0.015918
1.152549e-008	0.0175293
1.155049e-008	0.0219238
1.157549e-008	0.0109863
1.160049e-008	0.0036377
1.162549e-008	0.0188721
1.165049e-008	0.0217041
1.167549e-008	0.00732423
1.170049e-008	0.00510255
1.172549e-008	0.0217285
1.175049e-008	0.0198486
1.177549e-008	-0.00395507
1.180049e-008	-0.0100586
1.182549e-008	0.00837403
1.185049e-008	0.0195313
1.187549e-008	0.0140869
1.190049e-008	0.0167481
1.192549e-008	0.014209
1.195049e-008	0.0101074
1.197549e-008	0.0189453
1.200049e-008	0.0119141
1.202549e-008	0.0132813
1.205049e-008	0.0222656
1.207549e-008	0.0034668
1.210049e-008	0.000537117
1.212549e-008	0.0202393
1.215049e-008	0.0233643
1.217549e-008	0.0181397
1.220049e-008	0.0167969
1.222549e-008	0.0164795
1.225049e-008	0.0150635
1.227549e-008	0.0150391
1.230049e-008	0.0226318
1.232549e-008	0.0290039
1.235049e-008	0.0277588
1.237549e-008	0.0314697
1.240049e-008	0.0366455
1.242549e-008	0.0403809
1.245049e-008	0.0436768
1.247549e-008	0.0285156
1.250049e-008	0.0197754
1.252549e-008	0.032666
1.255049e-008	0.0310059
1.257549e-008	0.0304932
1.260049e-008	0.0343994
1.262549e-008	0.0292481
1.265049e-008	0.043335
1.267549e-008	0.0436768
1.270049e-008	0.0292725
1.272549e-008	0.0452149
1.275049e-008	0.0424561
1.277549e-008	0.0244385
1.280049e-008	0.0357666
1.282549e-008	0.0313965
1.285049e-008	0.0154785
1.287549e-008	0.019751
1.290049e-008	0.016919
1.292549e-008	0.015625
1.295049e-008	0.0204346
1.297549e-008	0.0052002
1.300049e-008	-0.00964355
1.302549e-008	0.00227052
1.305049e-008	0.0227295
1.307549e-008	0.0249512
1.310049e-008	0.0136719
1.312549e-008	0.0044922
1.315049e-008	0.00671387
1.317549e-008	0.0182861
1.320049e-008	0.011499
1.322549e-008	-0.00412597
1.325049e-008	0.00639649
1.327549e-008	0.0136231
1.330049e-008	0.00236817
1.332549e-008	0.00283204
1.335049e-008	0.00366212
1.337549e-008	0.00344239
1.340049e-008	0.0162842
1.342549e-008	0.023169
1.345049e-008	0.0244873
1.347549e-008	0.030835
1.350049e-008	0.033667
1.352549e-008	0.0240723
1.355049e-008	0.016626
1.357549e-008	0.0249756
1.360049e-008	0.0357666
1.362549e-008	0.0415527
1.365049e-008	0.0344483
1.367549e-008	0.0273193
1.370049e-008	0.03479
1.372549e-008	0.0360596
1.375049e-008	0.0344483
1.377549e-008	0.0339356
1.380049e-008	0.0320801
1.382549e-008	0.0341065
1.385049e-008	0.0252686
1.387549e-008	0.0198486
1.390049e-008	0.0314209
1.392549e-008	0.0310303
1.395049e-008	0.0239502
1.397549e-008	0.0254639
1.400049e-008	0.0166504
1.402549e-008	0.0120361
1.405049e-008	0.0216797
1.407549e-008	0.0187988
1.410049e-008	0.0108887
1.412549e-008	0.0114014
1.415049e-008	0.0125732
1.417549e-008	0.0141846
1.420049e-008	0.0101074
1.422549e-008	0.00837403
1.425049e-008	0.0197022
1.427549e-008	0.0102539
1.430049e-008	-0.00739745
1.432549e-008	0.00266114
1.435049e-008	-0.00412597
1.437549e-008	-0.02229
1.440049e-008	-0.0163818
1.442549e-008	-0.00544433
1.445049e-008	0.00217286
1.447549e-008	-0.00993652
1.450049e-008	-0.00751952
1.452549e-008	0.0251709
1.455049e-008	0.0227295
1.457549e-008	0.014624
1.460049e-008	0.0230957
1.462549e-008	0.0141602
1.465049e-008	0.0148193
1.467549e-008	0.0196777
1.470049e-008	0.0191895
1.472549e-008	0.0185059
1.475049e-008	0.00957032
1.477549e-008	0.0163086
1.480049e-008	0.0253662
1.482549e-008	0.0304688
1.485049e-008	0.0411621
1.487549e-008	0.0306152
1.490049e-008	0.0236572
1.492549e-008	0.0359375
1.495049e-008	0.0375244
1.497549e-008	0.03479
1.500049e-008	0.0385742
1.502549e-008	0.0393555
1.505049e-008	0.0334473
1.507549e-008	0.0287598
1.510049e-008	0.0332031
1.512549e-008	0.0343262
1.515049e-008	0.0246826
1.517549e-008	0.0238037
1.520049e-008	0.0291504
1.522549e-008	0.0323242
1.525049e-008	0.0287598
1.527549e-008	0.0161377
1.530049e-008	0.0179443
1.532549e-008	0.021582
1.535049e-008	0.0158691
1.537549e-008	0.0178467
1.540049e-008	0.0128418
1.542549e-008	0.0076172
1.545049e-008	0.00998536
1.547549e-008	-0.00109863
1.550049e-008	-0.00410156
1.552549e-008	0.0097168
1.555049e-008	0.0111328
1.557549e-008	0.0142822
1.560049e-008	0.020459
1.562549e-008	0.00908204
1.565049e-008	0.00183106
1.567549e-008	0.00905762
1.570049e-008	0.0117188
1.572549e-008	0.00249024
1.575049e-008	0.00358887
1.577549e-008	0.01875
1.580049e-008	0.0181152
1.582549e-008	0.0217529
1.585049e-008	0.0243164
1.587549e-008	-0.0053955
1.590049e-008	-0.00439452
1.592549e-008	0.0238037
1.595049e-008	0.0199219
1.597549e-008	0.0251221
1.600049e-008	0.0440918
1.602549e-008	0.0412598
1.605049e-008	0.0266602
1.607549e-008	0.0168701
1.610049e-008	0.0258301
1.612549e-008	0.026294
1.615049e-008	0.00729981
1.617549e-008	0.0186035
1.620049e-008	0.0323975
1.622549e-008	0.0226074
1.625049e-008	0.0371094
1.627549e-008	0.0417481
1.630049e-008	0.0280762
1.632549e-008	0.0327393
1.635049e-008	0.0245117
1.637549e-008	0.0204834
1.640049e-008	0.0269531
1.642549e-008	0.0247315
1.645049e-008	0.0227295
1.647549e-008	0.0076172
1.650049e-008	0.00976563
1.652549e-008	0.0246826
1.655049e-008	0.0174805
1.657549e-008	0.0181885
1.660049e-008	0.020044
1.662549e-008	0.0072754
1.665049e-008	0.0101807
1.667549e-008	0.0255615
1.670049e-008	0.0191895
1.672549e-008	0.0121338
1.675049e-008	0.0175537
1.677549e-008	0.00283204
1.680049e-008	0.00307618
1.682549e-008	0.0225586
1.685049e-008	0.0181885
1.687549e-008	0.0102783
1.690049e-008	0.00625001
1.692549e-008	0.0098877
1.695049e-008	0.0208496
1.697549e-008	0.0241943
1.700049e-008	0.0306641
1.702549e-008	0.0293213
1.705049e-008	0.012915
1.707549e-008	-0.00270995
1.710049e-008	0.00490723
1.712549e-008	0.0262695
1.715049e-008	0.0206055
1.717549e-008	0.00393067
1.720049e-008	0.00568848
1.722549e-008	0.0244385
1.725049e-008	0.0355225
1.727549e-008	0.0212402
1.730049e-008	0.0111816
1.732549e-008	0.0124512
1.735049e-008	0.0117188
1.737549e-008	0.0226318
1.740049e-008	0.034082
1.742549e-008	0.0250488
1.745049e-008	0.0246826
1.747549e-008	0.0250244
1.750049e-008	0.0050293
1.752549e-008	0.00874024
1.755049e-008	0.021582
1.757549e-008	0.0174316
1.760049e-008	0.0142822
1.762549e-008	0.0168701
1.765049e-008	0.0246826
1.767549e-008	0.0122315
1.770049e-008	0.00393067
1.772549e-008	0.0126221
1.775049e-008	0.00773927
1.777549e-008	0.0172607
1.780049e-008	0.0248047
1.782549e-008	0.0108154
1.785049e-008	0.00954591
1.787549e-008	0.0115723
1.790049e-008	0.0106201
1.792549e-008	0.0122315
1.795049e-008	0.0101318
1.797549e-008	0.0163574
1.800049e-008	0.0267578
1.802549e-008	0.0223877
1.805049e-008	0.0155762
1.807549e-008	0.021875
1.810049e-008	0.0265381
1.812549e-008	0.0255859
1.815049e-008	0.0191162
1.817549e-008	0.00751954
1.820049e-008	0.012085
1.822549e-008	0.02854
1.825049e-008	0.0334961
1.827549e-008	0.0195801
1.830049e-008	0.0293213
1.832549e-008	0.0568604
1.835049e-008	0.02854
1.837549e-008	0.00859376
1.840049e-008	0.0281983
1.842549e-008	0.0243408
1.845049e-008	0.0244385
1.847549e-008	0.0233887
1.850049e-008	0.0229981
1.852549e-008	0.0368652
1.855049e-008	0.023169
1.857549e-008	0.00664063
1.860049e-008	0.0126709
1.862549e-008	0.0259766
1.865049e-008	0.0279297
1.867549e-008	0.00366212
1.870049e-008	-0.00375976
1.872549e-008	0.0155762
1.875049e-008	0.0172119
1.877549e-008	0.014502
1.880049e-008	0.0177246
1.882549e-008	0.0148438
1.885049e-008	0.00852052
1.887549e-008	-0.00107421
1.890049e-008	0.0102295
1.892549e-008	0.0260254
1.895049e-008	0.00351563
1.897549e-008	-0.0135742
1.900049e-008	0.00476075
1.902549e-008	0.00417481
1.905049e-008	-0.0115234
1.907549e-008	-0.0020996
1.910049e-008	0.00339356
1.912549e-008	0.00148927
1.915049e-008	0.00827637
1.917549e-008	0.00827637
1.920049e-008	0.00454102
1.922549e-008	0.00949708
1.925049e-008	0.0174316
1.927549e-008	0.00527345
1.930049e-008	0.000708015
1.932549e-008	0.0188232
1.935049e-008	0.0161377
1.937549e-008	0.0141602
1.940049e-008	0.0226563
1.942549e-008	0.0271484
1.945049e-008	0.040918
1.947549e-008	0.0320313
1.950049e-008	0.0163818
1.952549e-008	0.0299805
1.955049e-008	0.0354004
1.957549e-008	0.030542
1.960049e-008	0.030542
1.962549e-008	0.037085
1.965049e-008	0.0460938
1.967549e-008	0.0277588
1.970049e-008	0.0166504
1.972549e-008	0.031665
1.975049e-008	0.0277344
1.977549e-008	0.011499
1.980049e-008	0.0117188
1.982549e-008	0.0316162
1.985049e-008	0.0328125
1.987549e-008	0.0100586
1.990049e-008	0.0121094
1.992549e-008	0.0296387
1.995049e-008	0.0265625
1.997549e-008	0.0138184
2.000049e-008	0.0189453
2.002549e-008	0.0243652
2.005049e-008	0.0172607
2.007549e-008	0.0103516
2.010049e-008	0.00561524
2.012549e-008	0.00456544
2.015049e-008	0.0011963
2.017549e-008	0.000708015
2.020049e-008	-0.00126952
2.022549e-008	0.00244141
2.025049e-008	0.0152588
2.027549e-008	0.00500489
2.030049e-008	0.0043213
2.032549e-008	0.0212647
2.035049e-008	0.00632325
2.037549e-008	-0.00893554
2.040049e-008	0.00217286
2.042549e-008	0.0133789
2.045049e-008	0.0151611
2.047549e-008	0.00468751
2.050049e-008	0.00966798
2.052549e-008	0.0325195
2.055049e-008	0.025
2.057549e-008	0.0114502
2.060049e-008	0.0160645
2.062549e-008	0.0219482
2.065049e-008	0.0310059
2.067549e-008	0.0257568
2.070049e-008	0.0179199
2.072549e-008	0.0257324
2.075049e-008	0.0284668
2.077549e-008	0.0288086
2.080049e-008	0.0291992
2.082549e-008	0.022876
2.085049e-008	0.0212402
2.087549e-008	0.0203857
2.090049e-008	0.0118408
2.092549e-008	0.0174316
2.095049e-008	0.0328613
2.097549e-008	0.0267822
2.100049e-008	0.0144287
2.102549e-008	0.0243164
2.105049e-008	0.038794
2.107549e-008	0.0235596
2.110049e-008	0.00104981
2.112549e-008	0.00505372
2.115049e-008	0.0126953
2.117549e-008	0.0119629
2.120049e-008	0.0134766
2.122549e-008	0.0256348
2.125049e-008	0.032544
2.127549e-008	0.0123291
2.130049e-008	0.00617677
2.132549e-008	0.0165527
2.135049e-008	0.0113525
2.137549e-008	0.0134522
2.140049e-008	0.00969239
2.142549e-008	0.00617677
2.145049e-008	0.0163818
2.147549e-008	0.00625001
2.150049e-008	0.00898438
2.152549e-008	0.0171631
2.155049e-008	0.00454102
2.157549e-008	0.0134522
2.160049e-008	0.01875
2.162549e-008	0.0192627
2.165049e-008	0.0255615
2.167549e-008	0.00295411
2.170049e-008	0.00595704
2.172549e-008	0.0330566
2.175049e-008	0.0246338
2.177549e-008	0.016919
2.180049e-008	0.0198486
2.182549e-008	0.0279541
2.185049e-008	0.0377686
2.187549e-008	0.0250733
2.190049e-008	0.0135742
2.192549e-008	0.0114746
2.195049e-008	0.0181885
2.197549e-008	0.0255371
2.200049e-008	0.021167
2.202549e-008	0.0307617
2.205049e-008	0.0280762
2.207549e-008	0.0102539
2.210049e-008	0.0161377
2.212549e-008	0.020459
2.215049e-008	0.0136963
2.217549e-008	0.0133545
2.220049e-008	0.0154297
2.222549e-008	0.0203857
2.225049e-008	0.0320557
2.227549e-008	0.0265625
2.230049e-008	0.0123047
2.232549e-008	0.0272949
2.235049e-008	0.0290039
2.237549e-008	-0.006958
2.240049e-008	-0.0100098
2.242549e-008	0.0288086
2.245049e-008	0.0362549
2.247549e-008	0.0116211
2.250049e-008	0.00764161
2.252549e-008	0.01604
2.255049e-008	0.0171631
2.257549e-008	0.0180176
2.260049e-008	0.00808106
2.262549e-008	0.00874024
2.265049e-008	0.0286133
2.267549e-008	0.0123779
2.270049e-008	0.0053711
2.272549e-008	0.0322022
2.275049e-008	0.0230957
2.277549e-008	0.0164063
2.280049e-008	0.024585
2.282549e-008	0.017627
2.285049e-008	0.0148193
2.287549e-008	0.0146729
2.290049e-008	0.0190918
2.292549e-008	0.0182861
2.295049e-008	0.0204102
2.297549e-008	0.0268311
2.300049e-008	0.0179199
2.302549e-008	0.0197998
2.305049e-008	0.0329346
2.307549e-008	0.0321045
2.310049e-008	0.0220459
2.312549e-008	0.0211426
2.315049e-008	0.0208008
2.317549e-008	0.0119873
2.320049e-008	0.0107178
2.322549e-008	0.019043
2.325049e-008	0.034375
2.327549e-008	0.0346436
2.330049e-008	0.0168457
2.332549e-008	0.00820313
2.335049e-008	0.00664063
2.337549e-008	0.0171143
2.340049e-008	0.0197022
2.342549e-008	0.00195313
2.345049e-008	0.0010254
2.347549e-008	0.00244141
2.350049e-008	0.00402833
2.352549e-008	0.0158447
2.355049e-008	0.00573731
2.357549e-008	0.00234376
2.360049e-008	0.0146973
2.362549e-008	0.00957032
2.365049e-008	0.00732423
2.367549e-008	0.0120361
2.370049e-008	0.0154053
2.372549e-008	0.019165
2.375049e-008	0.0157227
2.377549e-008	0.00844727
2.380049e-008	0.00559083
2.382549e-008	0.0145996
2.385049e-008	0.0194824
2.387549e-008	0.0156738
2.390049e-008	0.0187012
2.392549e-008	0.0230469
2.395049e-008	0.0335449
2.397549e-008	0.0345703
2.400049e-008	0.0189697
2.402549e-008	0.0246826
2.405049e-008	0.034082
2.407549e-008	0.0276367
2.410049e-008	0.0289063
2.412549e-008	0.0185791
2.415049e-008	0.000683601
2.417549e-008	0.00488282
2.420049e-008	0.0124024
2.422549e-008	0.021582
2.425049e-008	0.0268311
2.427549e-008	0.0126465
2.430049e-008	0.0127197
2.432549e-008	0.0178223
2.435049e-008	0.00983887
2.437549e-008	0.0174072
2.440049e-008	0.0226318
2.442549e-008	0.0168945
2.445049e-008	0.0196289
2.447549e-008	0.0235596
2.450049e-008	0.0210205
2.452549e-008	0.0130127
2.455049e-008	0.0162842
2.457549e-008	0.0288818
2.460049e-008	0.0224121
2.462549e-008	0.00878907
2.465049e-008	0.0150391
2.467549e-008	0.0207275
2.470049e-008	0.0173828
2.472549e-008	0.0239502
2.475049e-008	0.0263672
2.477549e-008	0.0195557
2.480049e-008	0.0114014
2.482549e-008	0.00891114
2.485049e-008	0.0144775
2.487549e-008	0.00944825
2.490049e-008	0.0107422
2.492549e-008	0.0163818
2.495049e-008	0.00854493
2.497549e-008	0.0209717
2.500049e-008	0.0260498
2.502549e-008	0.0102783
2.505049e-008	0.0177734
2.507549e-008	0.0147705
2.510049e-008	0.0132813
2.512549e-008	0.0330078
2.515049e-008	0.023291
2.517549e-008	0.0143799
2.520049e-008	0.0248779
2.522549e-008	0.0233154
2.525049e-008	0.0194824
2.527549e-008	0.0254395
2.530049e-008	0.0293213
2.532549e-008	0.0210205
2.535049e-008	0.0211914
2.537549e-008	0.0275635
2.540049e-008	0.0214844
2.542549e-008	0.0265625
2.545049e-008	0.0313721
2.547549e-008	0.00681153
2.550049e-008	0.00307618
2.552549e-008	0.0272461
2.555049e-008	0.0283691
2.557549e-008	0.0252197
2.560049e-008	0.0275147
2.562549e-008	0.0317627
2.565049e-008	0.038501
2.567549e-008	0.0319336
2.570049e-008	0.0258789
2.572549e-008	0.016626
2.575049e-008	0.0115234
2.577549e-008	0.0236328
2.580049e-008	0.0268555
2.582549e-008	0.0256348
2.585049e-008	0.022583
2.587549e-008	0.0153565
2.590049e-008	0.020874
2.592549e-008	0.0169922
2.595049e-008	0.00559083
2.597549e-008	0.0207275
2.600049e-008	0.0182617
2.602549e-008	0.00019532
2.605049e-008	0.0203613
2.607549e-008	0.018335
2.610049e-008	0.00117188
2.612549e-008	0.0242676
2.615049e-008	0.0193359
2.617549e-008	0.0011963
2.620049e-008	0.0109619
2.622549e-008	0.0119385
2.625049e-008	0.0140625
2.627549e-008	0.00576173
2.630049e-008	0.00422364
2.632549e-008	0.022583
2.635049e-008	0.0143555
2.637549e-008	0.0136719
2.640049e-008	0.0168945
2.642549e-008	0.00771485
2.645049e-008	0.0157471
2.647549e-008	0.0149658
2.650049e-008	0.0206055
2.652549e-008	0.0263916
2.655049e-008	0.00754395
2.657549e-008	0.0067627
2.660049e-008	0.0140869
2.662549e-008	0.0259766
2.665049e-008	0.0393799
2.667549e-008	0.0148682
2.670049e-008	0.00383302
2.672549e-008	0.0256836
2.675049e-008	0.0372315
2.677549e-008	0.0413086
2.680049e-008	0.0299072
2.682549e-008	0.0250977
2.685049e-008	0.0398926
2.687549e-008	0.0350342
2.690049e-008	0.0240723
2.692549e-008	0.0134522
2.695049e-008	0.00180665
2.697549e-008	0.0154541
2.700049e-008	0.0241455
2.702549e-008	0.0177734
2.705049e-008	0.0317871
2.707549e-008	0.041626
2.710049e-008	0.0288574
2.712549e-008	0.017041
2.715049e-008	0.0052002
2.717549e-008	0.00100098
2.720049e-008	0.0114014
2.722549e-008	0.00957032
2.725049e-008	0.0106934
2.727549e-008	0.030249
2.730049e-008	0.0359863
2.732549e-008	0.0296143
2.735049e-008	0.0271484
2.737549e-008	0.0227783
2.740049e-008	0.0145752
2.742549e-008	0.0201904
2.745049e-008	0.0258789
2.747549e-008	0.00844727
2.750049e-008	0.0156738
2.752549e-008	0.0306641
2.755049e-008	0.0207764
2.757549e-008	0.0301758
2.760049e-008	0.0287598
2.762549e-008	0.0141113
2.765049e-008	0.0215088
2.767549e-008	0.0241699
2.770049e-008	0.0226074
2.772549e-008	0.0177002
2.775049e-008	0.0174805
2.777549e-008	0.0318848
2.780049e-008	0.0264649
2.782549e-008	0.0129395
2.785049e-008	0.0164307
2.787549e-008	0.016626
2.790049e-008	0.0144775
2.792549e-008	0.0180664
2.795049e-008	0.02229
2.797549e-008	0.0227295
2.800049e-008	0.0140381
2.802549e-008	0.0205811
2.805049e-008	0.0276611
2.807549e-008	0.00944825
2.810049e-008	0.0164063
2.812549e-008	0.0352051
2.815049e-008	0.0285156
2.817549e-008	0.023584
2.820049e-008	0.0187012
2.822549e-008	0.0191406
2.825049e-008	0.0244629
2.827549e-008	0.0171875
2.830049e-008	0.0177734
2.832549e-008	0.0283936
2.835049e-008	0.0327637
2.837549e-008	0.0293457
2.840049e-008	0.0174316
2.842549e-008	0.019043
2.845049e-008	0.0326904
2.847549e-008	0.0132568
2.850049e-008	0.00424805
2.852549e-008	0.0278076
2.855049e-008	0.0158936
2.857549e-008	0.00966798
2.860049e-008	0.0304443
2.862549e-008	0.0282715
2.865049e-008	0.0182373
2.867549e-008	0.0168701
2.870049e-008	0.0245361
2.872549e-008	0.0206055
2.875049e-008	0.0165039
2.877549e-008	0.0285889
2.880049e-008	0.0298828
2.882549e-008	0.0303955
2.885049e-008	0.030249
2.887549e-008	0.02229
2.890049e-008	0.0191406
2.892549e-008	0.0230225
2.895049e-008	0.0198486
2.897549e-008	0.0201172
2.900049e-008	0.0326904
2.902549e-008	0.0189453
2.905049e-008	0.0143799
2.907549e-008	0.0353272
2.910049e-008	0.02229
2.912549e-008	-0.000512688
2.915049e-008	0.000952156
2.917549e-008	0.00422364
2.920049e-008	0.00512696
2.922549e-008	0.0176758
2.925049e-008	0.0274902
2.927549e-008	0.0185303
2.930049e-008	0.00373536
2.932549e-008	0.00373536
2.935049e-008	0.0140137
2.937549e-008	0.00852052
2.940049e-008	0.000830086
2.942549e-008	0.0104981
2.945049e-008	0.0135986
2.947549e-008	0.00175782
2.950049e-008	0.00634766
2.952549e-008	0.02229
2.955049e-008	0.0234863
2.957549e-008	0.0219971
2.960049e-008	0.0143066
2.962549e-008	0.0160889
2.965049e-008	0.0277832
2.967549e-008	0.0175781
2.970049e-008	0.0176514
2.972549e-008	0.0226807
2.975049e-008	0.0125488
2.977549e-008	0.0175293
2.980049e-008	0.0230957
2.982549e-008	0.0249024
2.985049e-008	0.04021
2.987549e-008	0.0378906
2.990049e-008	0.0207764
2.992549e-008	0.0245117
2.995049e-008	0.0329346
2.997549e-008	0.0279297
3.000049e-008	0.0178223
3.002549e-008	0.0211914
3.005049e-008	0.0289551
3.007549e-008	0.0260254
3.010049e-008	0.0407227
3.012549e-008	0.0456543
3.015049e-008	0.0276856
3.017549e-008	0.0306641
3.020049e-008	0.0352295
3.022549e-008	0.0345215
3.025049e-008	0.0384522
3.027549e-008	0.0403809
3.030049e-008	0.0378906
3.032549e-008	0.0258789
3.035049e-008	0.0277832
3.037549e-008	0.0370361
3.040049e-008	0.0354981
3.042549e-008	0.0363281
3.045049e-008	0.036377
3.047549e-008	0.0349121
3.050049e-008	0.0281006
3.052549e-008	0.0226074
3.055049e-008	0.0210205
3.057549e-008	0.00876466
3.060049e-008	0.00949708
3.062549e-008	0.0249268
3.065049e-008	0.0227051
3.067549e-008	0.0106445
3.070049e-008	0.0124268
3.072549e-008	0.0208008
3.075049e-008	0.0189697
3.077549e-008	0.0222168
3.080049e-008	0.020166
3.082549e-008	0.00886231
3.085049e-008	0.0275147
3.087549e-008	0.0318848
3.090049e-008	0.0072754
3.092549e-008	0.0173828
3.095049e-008	0.027417
3.097549e-008	0.0180176
3.100049e-008	0.0119385
3.102549e-008	0.00412598
3.105049e-008	0.0105957
3.107549e-008	0.00517579
3.110049e-008	-0.000268547
3.112549e-008	0.0189941
3.115049e-008	0.0221924
3.117549e-008	0.0202637
3.120049e-008	0.0107422
3.122549e-008	0.00983887
3.125049e-008	0.0279053
3.127549e-008	0.0125488
3.130049e-008	0.00830079
3.132549e-008	0.0105713
3.135049e-008	-0.0020996
3.137549e-008	0.0246338
3.140049e-008	0.028418
3.142549e-008	0.0151123
3.145049e-008	0.0312744
3.147549e-008	0.0155274
3.150049e-008	0.00898438
3.152549e-008	0.0279297
3.155049e-008	0.0199951
3.157549e-008	0.0205811
3.160049e-008	0.0259766
3.162549e-008	0.0181152
3.165049e-008	0.0187988
3.167549e-008	0.0149658
3.170049e-008	0.0109619
3.172549e-008	0.0199219
3.175049e-008	0.027124
3.177549e-008	0.0323486
3.180049e-008	0.030957
3.182549e-008	0.0180176
3.185049e-008	0.0186768
3.187549e-008	0.0301025
3.190049e-008	0.0272461
3.192549e-008	0.0215332
3.195049e-008	0.0206787
3.197549e-008	0.0242188
3.200049e-008	0.0270264
3.202549e-008	0.0179443
3.205049e-008	0.0223145
3.207549e-008	0.0293457
3.210049e-008	0.01521
3.212549e-008	0.0175781
3.215049e-008	0.0323486
3.217549e-008	0.0276856
3.220049e-008	0.0211182
3.222549e-008	0.026416
3.225049e-008	0.0242432
3.227549e-008	0.0158691
3.230049e-008	0.0180908
3.232549e-008	0.0105469
3.235049e-008	0.00234376
3.237549e-008	0.0175781
3.240049e-008	0.0286865
3.242549e-008	0.0301025
3.245049e-008	0.0199463
3.247549e-008	-0.000854485
3.250049e-008	0.00913087
3.252549e-008	0.0283691
3.255049e-008	0.013916
3.257549e-008	0.00593262
3.260049e-008	0.0212402
3.262549e-008	0.0207031
3.265049e-008	0.0132568
3.267549e-008	0.0198242
3.270049e-008	0.023877
3.272549e-008	0.0217041
3.275049e-008	0.0245117
3.277549e-008	0.0271484
3.280049e-008	0.0206543
3.282549e-008	0.0358643
3.285049e-008	0.0532959
3.287549e-008	0.0194336
3.290049e-008	0.0084961
3.292549e-008	0.0291016
3.295049e-008	0.0164795
3.297549e-008	0.020874
3.300049e-008	0.0300537
3.302549e-008	0.0212647
3.305049e-008	0.0295166
3.307549e-008	0.0259277
3.310049e-008	0.0184815
3.312549e-008	0.0211426
3.315049e-008	0.0241211
3.317549e-008	0.0322022
3.320049e-008	0.0206543
3.322549e-008	0.0156738
3.325049e-008	0.0286133
3.327549e-008	0.0223633
3.330049e-008	0.0118408
3.332549e-008	0.00620118
3.335049e-008	0.0104981
3.337549e-008	0.0293457
3.340049e-008	0.0346924
3.342549e-008	0.0263184
3.345049e-008	0.0182617
3.347549e-008	0.00664063
3.350049e-008	0.00678712
3.352549e-008	0.0157715
3.355049e-008	0.0142334
3.357549e-008	0.0172852
3.360049e-008	0.0127197
3.362549e-008	0.00512696
3.365049e-008	0.0180664
3.367549e-008	0.0219971
3.370049e-008	0.0196533
3.372549e-008	0.0161865
3.375049e-008	0.0147705
3.377549e-008	0.0319824
3.380049e-008	0.0256592
3.382549e-008	0.0125977
3.385049e-008	0.0203857
3.387549e-008	0.00783692
3.390049e-008	0.00371095
3.392549e-008	0.0205078
3.395049e-008	0.0239502
3.397549e-008	0.0198975
3.400049e-008	0.0124756
3.402549e-008	0.0233887
3.405049e-008	0.0411377
3.407549e-008	0.0267578
3.410049e-008	0.0171143
3.412549e-008	0.0231445
3.415049e-008	0.0135742
3.417549e-008	0.0172363
3.420049e-008	0.0294922
3.422549e-008	0.0212402
3.425049e-008	0.0268799
3.427549e-008	0.0330811
3.430049e-008	0.0176514
3.432549e-008	0.0150147
3.435049e-008	0.0256104
3.437549e-008	0.02854
3.440049e-008	0.0184326
3.442549e-008	0.0185303
3.445049e-008	0.0272461
3.447549e-008	0.0200195
3.450049e-008	0.022583
3.452549e-008	0.0324219
3.455049e-008	0.0318848
3.457549e-008	0.0266113
3.460049e-008	0.0164063
3.462549e-008	0.0281738
3.465049e-008	0.0429443
3.467549e-008	0.0349121
3.470049e-008	0.0296631
3.472549e-008	0.0204834
3.475049e-008	0.0186524
3.477549e-008	0.0303467
3.480049e-008	0.0301514
3.482549e-008	0.0297119
3.485049e-008	0.0258545
3.487549e-008	0.018335
3.490049e-008	0.0197754
3.492549e-008	0.0177734
3.495049e-008	0.0148926
3.497549e-008	0.0161621
3.500049e-008	0.020752
3.502549e-008	0.0185303
3.505049e-008	0.0109375
3.507549e-008	0.0228027
3.510049e-008	0.0254395
3.512549e-008	0.010669
3.515049e-008	0.0197754
3.517549e-008	0.0286133
3.520049e-008	0.0199219
3.522549e-008	0.0289551
3.525049e-008	0.043042
3.527549e-008	0.0290772
3.530049e-008	0.018042
3.532549e-008	0.0230713
3.535049e-008	0.0163574
3.537549e-008	0.0214844
3.540049e-008	0.0269043
3.542549e-008	0.0105713
3.545049e-008	0.0120361
3.547549e-008	0.0218994
3.550049e-008	0.0253906
3.552549e-008	0.0296875
3.555049e-008	0.0249512
3.557549e-008	0.0167481
3.560049e-008	0.0156982
3.562549e-008	0.0281738
3.565049e-008	0.0198731
3.567549e-008	0.00031739
3.570049e-008	0.0195068
3.572549e-008	0.0198486
3.575049e-008	0.00212403
3.577549e-008	0.0235352
3.580049e-008	0.0338867
3.582549e-008	0.0347168
3.585049e-008	0.0395752
3.587549e-008	0.0133789
3.590049e-008	0.00517579
3.592549e-008	0.0255615
3.595049e-008	0.0294434
3.597549e-008	0.0275391
3.600049e-008	0.0180664
3.602549e-008	0.0157715
3.605049e-008	0.0318115
3.607549e-008	0.0213867
3.610049e-008	0.0104248
3.612549e-008	0.0297363
3.615049e-008	0.0316162
3.617549e-008	0.0133545
3.620049e-008	0.00925294
3.622549e-008	0.0279297
3.625049e-008	0.0354004
3.627549e-008	0.0148438
3.630049e-008	0.0209717
3.632549e-008	0.038208
3.635049e-008	0.0272949
3.637549e-008	0.0257324
3.640049e-008	0.0257568
3.642549e-008	0.0181152
3.645049e-008	0.0170899
3.647549e-008	0.016626
3.650049e-008	0.0206543
3.652549e-008	0.0205322
3.655049e-008	0.0238281
3.657549e-008	0.0261231
3.660049e-008	0.0156006
3.662549e-008	0.0189209
3.665049e-008	0.0312012
3.667549e-008	0.0304932
3.670049e-008	0.0193848
3.672549e-008	0.0175537
3.675049e-008	0.027124
3.677549e-008	0.0234863
3.680049e-008	0.0128174
3.682549e-008	0.01875
3.685049e-008	0.0279541
3.687549e-008	0.0187988
3.690049e-008	0.0147461
3.692549e-008	0.027124
3.695049e-008	0.0244385
3.697549e-008	0.0125488
3.700049e-008	0.0202637
3.702549e-008	0.0256592
3.705049e-008	0.0124024
3.707549e-008	0.013501
3.710049e-008	0.0265869
3.712549e-008	0.027417
3.715049e-008	0.0238037
3.717549e-008	0.0226563
3.720049e-008	0.0205078
3.722549e-008	0.023999
3.725049e-008	0.0374512
3.727549e-008	0.0288818
3.730049e-008	0.00512696
3.732549e-008	0.00837403
3.735049e-008	0.0172607
3.737549e-008	0.0157227
3.740049e-008	0.0211914
3.742549e-008	0.030957
3.745049e-008	0.0299805
3.747549e-008	0.0202637
3.750049e-008	0.0149414
3.752549e-008	0.0167236
3.755049e-008	0.0219971
3.757549e-008	0.0200684
3.760049e-008	0.0196045
3.762549e-008	0.0238525
3.765049e-008	0.0175537
3.767549e-008	0.014917
3.770049e-008	0.0219727
3.772549e-008	0.019751
3.775049e-008	0.0133545
3.777549e-008	0.0206299
3.780049e-008	0.0167236
3.782549e-008	0.0125732
3.785049e-008	0.0318359
3.787549e-008	0.0256592
3.790049e-008	0.0158203
3.792549e-008	0.0180664
3.795049e-008	0.0101074
3.797549e-008	0.0206055
3.800049e-008	0.0219727
3.802549e-008	0.0182617
3.805049e-008	0.0281738
3.807549e-008	0.0254639
3.810049e-008	0.0304688
3.812549e-008	0.0339111
3.815049e-008	0.0300049
3.817549e-008	0.035791
3.820049e-008	0.0294922
3.822549e-008	0.0209473
3.825049e-008	0.0190918
3.827549e-008	0.00747071
3.830049e-008	0.00361329
3.832549e-008	0.0120117
3.835049e-008	0.00974122
3.837549e-008	0.00610352
3.840049e-008	0.0123291
3.842549e-008	0.0210693
3.845049e-008	0.0193848
3.847549e-008	-0.000341789
3.850049e-008	-0.00166015
3.852549e-008	0.0192139
3.855049e-008	0.0252441
3.857549e-008	0.026416
3.860049e-008	0.0276611
3.862549e-008	0.0152344
3.865049e-008	0.00837403
3.867549e-008	0.0219727
3.870049e-008	0.0239014
3.872549e-008	0.0161865
3.875049e-008	0.0194824
3.877549e-008	0.0134033
3.880049e-008	0.0174072
3.882549e-008	0.030542
3.885049e-008	0.0288818
3.887549e-008	0.0258789
3.890049e-008	0.0180664
3.892549e-008	0.0229004
3.895049e-008	0.0354492
3.897549e-008	0.0259033
3.900049e-008	0.0157715
3.902549e-008	0.0183594
3.905049e-008	0.0282959
3.907549e-008	0.0341309
3.910049e-008	0.0292969
3.912549e-008	0.0300049
3.915049e-008	0.0287842
3.917549e-008	0.017041
3.920049e-008	0.0137451
3.922549e-008	0.0236084
3.925049e-008	0.0343262
3.927549e-008	0.0284424
3.930049e-008	0.0192139
3.932549e-008	0.0217285
3.935049e-008	0.0149414
3.937549e-008	0.0104736
3.940049e-008	0.0101318
3.942549e-008	0.013916
3.945049e-008	0.0245117
3.947549e-008	0.00944825
3.950049e-008	0.00500489
3.952549e-008	0.012793
3.955049e-008	0.00688477
3.957549e-008	0.0181641
3.960049e-008	0.0192383
3.962549e-008	0.0204346
3.965049e-008	0.0254883
3.967549e-008	0.00776368
3.970049e-008	0.0133057
3.972549e-008	0.0231445
3.975049e-008	0.0175049
3.977549e-008	0.0209717
3.980049e-008	0.0188477
3.982549e-008	0.0165527
3.985049e-008	0.0219482
3.987549e-008	0.0294678
3.990049e-008	0.029541
3.992549e-008	0.0198486
3.995049e-008	0.00969239
3.997549e-008	0.00913087
4.000049e-008	0.0237549
4.002549e-008	0.032959
4.005049e-008	0.0352051
4.007549e-008	0.0332275
4.010049e-008	0.0249024
4.012549e-008	0.0198486
4.015049e-008	0.0135986
4.017549e-008	0.0156006
4.020049e-008	0.0177246
4.022549e-008	0.0179932
4.025049e-008	0.0283203
4.027549e-008	0.0206055
4.030049e-008	0.00551759
4.032549e-008	0.0113037
4.035049e-008	0.0186768
4.037549e-008	0.0189697
4.040049e-008	0.0216065
4.042549e-008	0.0236816
4.045049e-008	0.0266113
4.047549e-008	0.0203369
4.050049e-008	0.0105713
4.052549e-008	0.0197754
4.055049e-008	0.0249024
4.057549e-008	0.0278076
4.060049e-008	0.0313477
4.062549e-008	0.0265625
4.065049e-008	0.0249756
4.067549e-008	0.00803223
4.070049e-008	0.00739747
4.072549e-008	0.0258545
4.075049e-008	0.0201172
4.077549e-008	0.0105469
4.080049e-008	0.00334473
4.082549e-008	0.00908204
4.085049e-008	0.0223633
4.087549e-008	0.0139404
4.090049e-008	0.0052002
4.092549e-008	0.0107178
4.095049e-008	0.0200684
4.097549e-008	0.0225098
4.100049e-008	0.0127441
4.102549e-008	0.0126953
4.105049e-008	0.023877
4.107549e-008	0.0148193
4.110049e-008	0.0165527
4.112549e-008	0.0336182
4.115049e-008	0.0175049
4.117549e-008	0.0102539
4.120049e-008	0.0218018
4.122549e-008	0.0143311
4.125049e-008	0.0122803
4.127549e-008	0.0204102
4.130049e-008	0.0208496
4.132549e-008	0.017749
4.135049e-008	0.0190674
4.137549e-008	0.0199707
4.140049e-008	0.0177246
4.142549e-008	0.0212402
4.145049e-008	0.0323486
4.147549e-008	0.0345459
4.150049e-008	0.0187012
4.152549e-008	0.0143311
4.155049e-008	0.023877
4.157549e-008	0.0195557
4.160049e-008	0.0114502
4.162549e-008	0.0199951
4.165049e-008	0.0320801
4.167549e-008	0.0193848
4.170049e-008	0.0122559
4.172549e-008	0.0246338
4.175049e-008	0.0142334
4.177549e-008	0.0156006
4.180049e-008	0.0384033
4.182549e-008	0.033667
4.185049e-008	0.0270264
4.187549e-008	0.0251709
4.190049e-008	0.00585938
4.192549e-008	0.00583497
4.195049e-008	0.0269775
4.197549e-008	0.0251465
4.200049e-008	0.019458
4.202549e-008	0.0280762
4.205049e-008	0.0208008
4.207549e-008	0.0131836
4.210049e-008	0.0174072
4.212549e-008	0.0134766
4.215049e-008	0.0155518
4.217549e-008	0.0229492
4.220049e-008	0.0184815
4.222549e-008	0.0211426
4.225049e-008	0.0256592
4.227549e-008	0.013208
4.230049e-008	0.0110352
4.232549e-008	0.0188477
4.235049e-008	0.0265625
4.237549e-008	0.0289551
4.240049e-008	0.00612794
4.242549e-008	0.00739747
4.245049e-008	0.0269775
4.247549e-008	0.00646973
4.250049e-008	0.00678712
4.252549e-008	0.0306152
4.255049e-008	0.0205811
4.257549e-008	0.0198486
4.260049e-008	0.0249268
4.262549e-008	0.0122559
4.265049e-008	0.0166504
4.267549e-008	0.0221924
4.270049e-008	0.0185791
4.272549e-008	0.0223877
4.275049e-008	0.0228516
4.277549e-008	0.0220215
4.280049e-008	0.0253418
4.282549e-008	0.0328613
4.285049e-008	0.0360108
4.287549e-008	0.0155274
4.290049e-008	0.000732429
4.292549e-008	0.0143799
4.295049e-008	0.0197998
4.297549e-008	0.0158691
4.300049e-008	0.0181152
4.302549e-008	0.0244385
4.305049e-008	0.0305664
4.307549e-008	0.0172363
4.310049e-008	0.0107422
4.312549e-008	0.0239746
4.315049e-008	0.0157471
4.317549e-008	0.0112305
4.320049e-008	0.0269775
4.322549e-008	0.0182861
4.325049e-008	0.00922852
4.327549e-008	0.0109863
4.330049e-008	0.0147461
4.332549e-008	0.0376709
4.335049e-008	0.0241699
4.337549e-008	0.00998536
4.340049e-008	0.035376
4.342549e-008	0.0188965
4.345049e-008	0.00461427
4.347549e-008	0.0172119
4.350049e-008	0.010791
4.352549e-008	0.0157471
4.355049e-008	0.0228272
4.357549e-008	0.0116699
4.360049e-008	0.00544434
4.362549e-008	0.0191406
4.365049e-008	0.0351807
4.367549e-008	0.0334473
4.370049e-008	0.0237305
4.372549e-008	0.0136475
4.375049e-008	0.0105469
4.377549e-008	0.0194824
4.380049e-008	0.0313721
4.382549e-008	0.0385254
4.385049e-008	0.0313477
4.387549e-008	0.0127441
4.390049e-008	0.00776368
4.392549e-008	0.0128906
4.395049e-008	0.0165527
4.397549e-008	0.021875
4.400049e-008	0.0215088
4.402549e-008	0.0288086
4.405049e-008	0.0319824
4.407549e-008	0.0188965
4.410049e-008	0.0176758
4.412549e-008	0.0187256
4.415049e-008	0.0196045
4.417549e-008	0.0243897
4.420049e-008	0.0209961
4.422549e-008	0.0205566
4.425049e-008	0.0259766
4.427549e-008	0.0241943
4.430049e-008	0.0174316
4.432549e-008	0.0217285
4.435049e-008	0.0226563
4.437549e-008	0.00764161
4.440049e-008	0.00615235
4.442549e-008	0.0223877
4.445049e-008	0.0192383
4.447549e-008	0.00312501
4.450049e-008	0.012207
4.452549e-008	0.0181885
4.455049e-008	0.00510255
4.457549e-008	0.0091797
4.460049e-008	0.0157959
4.462549e-008	0.014502
4.465049e-008	0.0215088
4.467549e-008	0.0101318
4.470049e-008	-0.00222167
4.472549e-008	0.0169434
4.475049e-008	0.0251465
4.477549e-008	0.0190674
4.480049e-008	0.0172363
4.482549e-008	0.0206299
4.485049e-008	0.0302734
4.487549e-008	0.0229736
4.490049e-008	0.020874
4.492549e-008	0.0294922
4.495049e-008	0.0270996
4.497549e-008	0.0244141
4.500049e-008	0.018042
4.502549e-008	0.0232178
4.505049e-008	0.0302979
4.507549e-008	0.0188721
4.510049e-008	0.0156494
4.512549e-008	0.0243408
4.515049e-008	0.0277832
4.517549e-008	0.0232178
4.520049e-008	0.0236084
4.522549e-008	0.0303467
4.525049e-008	0.0349854
4.527549e-008	0.0308106
4.530049e-008	0.0169678
4.532549e-008	0.0129883
4.535049e-008	0.0224609
4.537549e-008	0.0298584
4.540049e-008	0.0306641
4.542549e-008	0.035791
4.545049e-008	0.0311768
4.547549e-008	0.00356446
4.550049e-008	0.00515137
4.552549e-008	0.0280274
4.555049e-008	0.0205566
4.557549e-008	0.0145996
4.560049e-008	0.0142334
4.562549e-008	0.0107666
4.565049e-008	0.028418
4.567549e-008	0.0393799
4.570049e-008	0.0319336
4.572549e-008	0.0262695
4.575049e-008	0.0260254
4.577549e-008	0.0287354
4.580049e-008	0.0148926
4.582549e-008	0.00720216
4.585049e-008	0.029126
4.587549e-008	0.0238281
4.590049e-008	-0.000708
4.592549e-008	0.0162598
4.595049e-008	0.0311279
4.597549e-008	0.0160645
4.600049e-008	0.0201904
4.602549e-008	0.0387695
4.605049e-008	0.028418
4.607549e-008	0.00864259
4.610049e-008	0.0119629
4.612549e-008	0.0162354
4.615049e-008	0.0214844
4.617549e-008	0.0337647
4.620049e-008	0.032251
4.622549e-008	0.0271484
4.625049e-008	0.0230225
4.627549e-008	0.0134766
4.630049e-008	0.0200195
4.632549e-008	0.0371582
4.635049e-008	0.0266113
4.637549e-008	0.0172119
4.640049e-008	0.0259033
4.642549e-008	0.0190186
4.645049e-008	0.0188477
4.647549e-008	0.011084
4.650049e-008	0.00717774
4.652549e-008	0.0211182
4.655049e-008	0.00556641
4.657549e-008	0.0114502
4.660049e-008	0.0222168
4.662549e-008	0.0050293
4.665049e-008	0.0148926
4.667549e-008	0.0189697
4.670049e-008	0.0135742
4.672549e-008	0.0235107
4.675049e-008	0.0275635
4.677549e-008	0.0185791
4.680049e-008	0.00319825
4.682549e-008	0.00920411
4.685049e-008	0.0325684
4.687549e-008	0.0317871
4.690049e-008	0.0128174
4.692549e-008	0.0123535
4.695049e-008	0.0126953
4.697549e-008	0.000830086
4.700049e-008	0.00290528
4.702549e-008	0.0129883
4.705049e-008	0.0257568
4.707549e-008	0.0299316
4.710049e-008	0.0180664
4.712549e-008	0.0129639
4.715049e-008	0.0185059
4.717549e-008	0.0281738
4.720049e-008	0.0246582
4.722549e-008	0.0165772
4.725049e-008	0.0225342
4.727549e-008	0.0206543
4.730049e-008	0.0182861
4.732549e-008	0.0267822
4.735049e-008	0.0317627
4.737549e-008	0.0329834
4.740049e-008	0.0249268
4.742549e-008	0.0154541
4.745049e-008	0.022168
4.747549e-008	0.0336182
4.750049e-008	0.0312988
4.752549e-008	0.021582
4.755049e-008	0.0228027
4.757549e-008	0.0270264
4.760049e-008	0.0214844
4.762549e-008	0.0215332
4.765049e-008	0.0269775
4.767549e-008	0.0153076
4.770049e-008	0.0101563
4.772549e-008	0.0274414
4.775049e-008	0.0191162
4.777549e-008	0.00405274
4.780049e-008	0.0161865
4.782549e-008	0.0175537
4.785049e-008	0.023169
4.787549e-008	0.0346191
4.790049e-008	0.0231201
4.792549e-008	0.0197998
4.795049e-008	0.0202637
4.797549e-008	0.0201904
4.800049e-008	0.0252686
4.802549e-008	0.0158691
4.805049e-008	0.0110352
4.807549e-008	0.00620118
4.810049e-008	0.00842286
4.812549e-008	0.0242432
4.815049e-008	0.0202393
4.817549e-008	0.024292
4.820049e-008	0.0272705
4.822549e-008	0.0207275
4.825049e-008	0.0306152
4.827549e-008	0.0156006
4.830049e-008	0.00683595
4.832549e-008	0.0234863
4.835049e-008	0.0216797
4.837549e-008	0.026416
4.840049e-008	0.0276367
4.842549e-008	0.0121338
4.845049e-008	0.0104736
4.847549e-008	0.0218018
4.850049e-008	0.0326416
4.852549e-008	0.0266602
4.855049e-008	0.00864259
4.857549e-008	0.0123291
4.860049e-008	0.026294
4.862549e-008	0.0230713
4.865049e-008	0.0299561
4.867549e-008	0.0341065
4.870049e-008	0.0116943
4.872549e-008	0.0108399
4.875049e-008	0.031958
4.877549e-008	0.0336182
4.880049e-008	0.0206787
4.882549e-008	0.0302979
4.885049e-008	0.0475098
4.887549e-008	0.0281983
4.890049e-008	0.0168945
4.892549e-008	0.0245606
4.895049e-008	0.0108643
4.897549e-008	0.0116943
4.900049e-008	0.0230469
4.902549e-008	0.0149902
4.905049e-008	0.021167
4.907549e-008	0.0300049
4.910049e-008	0.0182861
4.912549e-008	0.0108399
4.915049e-008	0.0183838
4.917549e-008	0.0351807
4.920049e-008	0.0371582
4.922549e-008	0.0199951
4.925049e-008	0.00991212
4.927549e-008	0.0135498
4.930049e-008	0.0324707
4.932549e-008	0.038794
4.935049e-008	0.0197754
4.937549e-008	0.0127686
4.940049e-008	0.0149658
4.942549e-008	0.0218994
4.945049e-008	0.0381592
4.947549e-008	0.0320068
4.950049e-008	0.0148926
4.952549e-008	0.0184326
4.955049e-008	0.0231445
4.957549e-008	0.0195801
4.960049e-008	0.0182129
4.962549e-008	0.00886231
4.965049e-008	0.00671387
4.967549e-008	0.0217529
4.970049e-008	0.0256592
4.972549e-008	0.0250977
4.975049e-008	0.02854
4.977549e-008	0.0295166
4.980049e-008	0.0291016
4.982549e-008	0.0272217
4.985049e-008	0.0272949
4.987549e-008	0.021167
4.990049e-008	0.0216553
4.992549e-008	0.0244629
4.995049e-008	0.0159424
4.997549e-008	0.0165283
5.000049e-008	0.0125977
