# LECROYWM813Zi	51496	Waveform
# Segments	1	SegmentSize	4002
# Segment	TrigTime	TimeSinceSegment1
# #1	30-Nov-2018 17:24:57	0                 
# Time	Ampl
-5.00041e-008	0.0207764
-4.99791e-008	0.0116455
-4.99541e-008	0.0195313
-4.99291e-008	0.0300293
-4.99041e-008	0.0252197
-4.98791e-008	0.0188232
-4.98541e-008	0.0169922
-4.98291e-008	0.0179932
-4.98041e-008	0.0135254
-4.97791e-008	0.015625
-4.97541e-008	0.0270508
-4.97291e-008	0.0252441
-4.97041e-008	0.0185303
-4.96791e-008	0.0125244
-4.96541e-008	0.0123535
-4.96291e-008	0.0262207
-4.96041e-008	0.0260498
-4.95791e-008	0.0256836
-4.95541e-008	0.0310547
-4.95291e-008	0.0101318
-4.95041e-008	0.00673829
-4.94791e-008	0.0252441
-4.94541e-008	0.0254395
-4.94291e-008	0.0263428
-4.94041e-008	0.0215576
-4.93791e-008	0.0175293
-4.93541e-008	0.0223633
-4.93291e-008	0.0250977
-4.93041e-008	0.0365234
-4.92791e-008	0.0300293
-4.92541e-008	0.0206299
-4.92291e-008	0.024707
-4.92041e-008	0.0159912
-4.91791e-008	0.0195801
-4.91541e-008	0.0237305
-4.91291e-008	0.0199463
-4.91041e-008	0.0236328
-4.90791e-008	0.0105957
-4.90541e-008	0.00783692
-4.90291e-008	0.0222412
-4.90041e-008	0.0230713
-4.89791e-008	0.0261475
-4.89541e-008	0.0254883
-4.89291e-008	0.0206543
-4.89041e-008	0.0237793
-4.88791e-008	0.0196777
-4.88541e-008	0.0176025
-4.88291e-008	0.0193115
-4.88041e-008	0.0128418
-4.87791e-008	0.0105713
-4.87541e-008	0.0189453
-4.87291e-008	0.0312012
-4.87041e-008	0.0337647
-4.86791e-008	0.0276123
-4.86541e-008	0.0254639
-4.86291e-008	0.0258301
-4.86041e-008	0.031665
-4.85791e-008	0.0309815
-4.85541e-008	0.0137207
-4.85291e-008	0.0116943
-4.85041e-008	0.020874
-4.84791e-008	0.019458
-4.84541e-008	0.0253174
-4.84291e-008	0.028125
-4.84041e-008	0.0205078
-4.83791e-008	0.0255615
-4.83541e-008	0.0243652
-4.83291e-008	0.0154297
-4.83041e-008	0.0275147
-4.82791e-008	0.028833
-4.82541e-008	0.0161865
-4.82291e-008	0.0199707
-4.82041e-008	0.0254639
-4.81791e-008	0.0298584
-4.81541e-008	0.0251709
-4.81291e-008	0.0223145
-4.81041e-008	0.0314697
-4.80791e-008	0.0256592
-4.80541e-008	0.0237305
-4.80291e-008	0.0244141
-4.80041e-008	0.0178955
-4.79791e-008	0.0194824
-4.79541e-008	0.023999
-4.79291e-008	0.03479
-4.79041e-008	0.0303711
-4.78791e-008	0.017627
-4.78541e-008	0.022583
-4.78291e-008	0.0255615
-4.78041e-008	0.0314453
-4.77791e-008	0.0229736
-4.77541e-008	0.00312501
-4.77291e-008	0.0189209
-4.77041e-008	0.0339356
-4.76791e-008	0.0296387
-4.76541e-008	0.0236572
-4.76291e-008	0.00986329
-4.76041e-008	0.0164307
-4.75791e-008	0.0261719
-4.75541e-008	0.0134277
-4.75291e-008	0.0146973
-4.75041e-008	0.0253906
-4.74791e-008	0.0216309
-4.74541e-008	0.0212158
-4.74291e-008	0.0251953
-4.74041e-008	0.0155274
-4.73791e-008	0.0141602
-4.73541e-008	0.0169922
-4.73291e-008	0.011792
-4.73041e-008	0.0175293
-4.72791e-008	0.0137207
-4.72541e-008	0.0111816
-4.72291e-008	0.0206055
-4.72041e-008	0.0183594
-4.71791e-008	0.0187256
-4.71541e-008	0.0226563
-4.71291e-008	0.0283936
-4.71041e-008	0.027417
-4.70791e-008	0.00939942
-4.70541e-008	0.0125977
-4.70291e-008	0.0330811
-4.70041e-008	0.0272217
-4.69791e-008	0.0155518
-4.69541e-008	0.0247559
-4.69291e-008	0.0310547
-4.69041e-008	0.0283203
-4.68791e-008	0.0260254
-4.68541e-008	0.0193848
-4.68291e-008	0.0181397
-4.68041e-008	0.0230713
-4.67791e-008	0.019043
-4.67541e-008	0.0139649
-4.67291e-008	0.0243897
-4.67041e-008	0.0341065
-4.66791e-008	0.0145752
-4.66541e-008	0.00378419
-4.66291e-008	0.0213379
-4.66041e-008	0.0200684
-4.65791e-008	0.0192871
-4.65541e-008	0.0268799
-4.65291e-008	0.0184082
-4.65041e-008	0.0143311
-4.64791e-008	0.00598145
-4.64541e-008	0.00422364
-4.64291e-008	0.0134277
-4.64041e-008	0.0112793
-4.63791e-008	0.0283447
-4.63541e-008	0.0386963
-4.63291e-008	0.0203369
-4.63041e-008	0.0191162
-4.62791e-008	0.0128418
-4.62541e-008	0.00285645
-4.62291e-008	0.0223877
-4.62041e-008	0.0261475
-4.61791e-008	0.00498048
-4.61541e-008	-0.000634758
-4.61291e-008	0.0192139
-4.61041e-008	0.0372803
-4.60791e-008	0.0188965
-4.60541e-008	0.00793458
-4.60291e-008	0.0240234
-4.60041e-008	0.0171875
-4.59791e-008	0.0124024
-4.59541e-008	0.0209961
-4.59291e-008	0.017627
-4.59041e-008	0.021875
-4.58791e-008	0.0177734
-4.58541e-008	0.00954591
-4.58291e-008	0.0213623
-4.58041e-008	0.0248291
-4.57791e-008	0.025415
-4.57541e-008	0.0301025
-4.57291e-008	0.0277344
-4.57041e-008	0.0261231
-4.56791e-008	0.0141846
-4.56541e-008	0.00446778
-4.56291e-008	0.0144287
-4.56041e-008	0.0185791
-4.55791e-008	0.0197998
-4.55541e-008	0.0282715
-4.55291e-008	0.0239502
-4.55041e-008	0.0193359
-4.54791e-008	0.0308106
-4.54541e-008	0.0331543
-4.54291e-008	0.0234863
-4.54041e-008	0.0252686
-4.53791e-008	0.0252686
-4.53541e-008	0.0148926
-4.53291e-008	0.0180908
-4.53041e-008	0.0291504
-4.52791e-008	0.0337647
-4.52541e-008	0.036084
-4.52291e-008	0.0328369
-4.52041e-008	0.0267578
-4.51791e-008	0.0214111
-4.51541e-008	0.0169922
-4.51291e-008	0.0157715
-4.51041e-008	0.0152588
-4.50791e-008	0.0198731
-4.50541e-008	0.0240723
-4.50291e-008	0.0169678
-4.50041e-008	0.0148682
-4.49791e-008	0.0272949
-4.49541e-008	0.0227295
-4.49291e-008	0.00388184
-4.49041e-008	0.013208
-4.48791e-008	0.0203613
-4.48541e-008	0.00976563
-4.48291e-008	0.017334
-4.48041e-008	0.0206299
-4.47791e-008	0.0190918
-4.47541e-008	0.0240723
-4.47291e-008	0.0261719
-4.47041e-008	0.0361572
-4.46791e-008	0.0342774
-4.46541e-008	0.0289795
-4.46291e-008	0.0369385
-4.46041e-008	0.0326172
-4.45791e-008	0.0244385
-4.45541e-008	0.0245606
-4.45291e-008	0.0289551
-4.45041e-008	0.0276367
-4.44791e-008	0.0160645
-4.44541e-008	0.0131836
-4.44291e-008	0.0155029
-4.44041e-008	0.0155762
-4.43791e-008	0.016919
-4.43541e-008	0.0172852
-4.43291e-008	0.02229
-4.43041e-008	0.0174072
-4.42791e-008	0.00615235
-4.42541e-008	0.014502
-4.42291e-008	0.0239746
-4.42041e-008	0.0241943
-4.41791e-008	0.0202149
-4.41541e-008	0.0151611
-4.41291e-008	0.0290283
-4.41041e-008	0.0370361
-4.40791e-008	0.0197022
-4.40541e-008	0.0129883
-4.40291e-008	0.0162354
-4.40041e-008	0.0186035
-4.39791e-008	0.0271973
-4.39541e-008	0.0282959
-4.39291e-008	0.0258057
-4.39041e-008	0.0233154
-4.38791e-008	0.0153565
-4.38541e-008	0.0187988
-4.38291e-008	0.0239502
-4.38041e-008	0.0173828
-4.37791e-008	0.0192871
-4.37541e-008	0.024707
-4.37291e-008	0.0285645
-4.37041e-008	0.04104
-4.36791e-008	0.0322998
-4.36541e-008	0.0141846
-4.36291e-008	0.0196045
-4.36041e-008	0.017749
-4.35791e-008	0.020459
-4.35541e-008	0.0322754
-4.35291e-008	0.0284668
-4.35041e-008	0.0340576
-4.34791e-008	0.0294922
-4.34541e-008	0.00754395
-4.34291e-008	0.00708009
-4.34041e-008	0.0220947
-4.33791e-008	0.0345947
-4.33541e-008	0.032544
-4.33291e-008	0.0288086
-4.33041e-008	0.0314453
-4.32791e-008	0.0233643
-4.32541e-008	0.0172119
-4.32291e-008	0.0179443
-4.32041e-008	0.0188477
-4.31791e-008	0.0205078
-4.31541e-008	0.020752
-4.31291e-008	0.0214844
-4.31041e-008	0.0179443
-4.30791e-008	0.0168213
-4.30541e-008	0.0197754
-4.30291e-008	0.0215088
-4.30041e-008	0.0239746
-4.29791e-008	0.0175781
-4.29541e-008	0.0178955
-4.29291e-008	0.0320068
-4.29041e-008	0.0304688
-4.28791e-008	0.0183838
-4.28541e-008	0.0156738
-4.28291e-008	0.0165039
-4.28041e-008	0.0204834
-4.27791e-008	0.0236328
-4.27541e-008	0.0179199
-4.27291e-008	0.0208252
-4.27041e-008	0.0223389
-4.26791e-008	0.00361329
-4.26541e-008	0.00136719
-4.26291e-008	0.0210449
-4.26041e-008	0.0263428
-4.25791e-008	0.0193359
-4.25541e-008	0.0136963
-4.25291e-008	0.0199219
-4.25041e-008	0.029419
-4.24791e-008	0.0212891
-4.24541e-008	0.0204834
-4.24291e-008	0.0250488
-4.24041e-008	0.0154297
-4.23791e-008	0.0235107
-4.23541e-008	0.0355225
-4.23291e-008	0.0250244
-4.23041e-008	0.0131104
-4.22791e-008	0.00949708
-4.22541e-008	0.0170166
-4.22291e-008	0.0236816
-4.22041e-008	0.0225586
-4.21791e-008	0.0221436
-4.21541e-008	0.0226807
-4.21291e-008	0.0260742
-4.21041e-008	0.00773927
-4.20791e-008	-0.0134277
-4.20541e-008	0.00847169
-4.20291e-008	0.0258789
-4.20041e-008	0.0183838
-4.19791e-008	0.0227051
-4.19541e-008	0.0277344
-4.19291e-008	0.0267334
-4.19041e-008	0.0304688
-4.18791e-008	0.029419
-4.18541e-008	0.0196045
-4.18291e-008	0.0218994
-4.18041e-008	0.0325928
-4.17791e-008	0.0273682
-4.17541e-008	0.0233154
-4.17291e-008	0.0301025
-4.17041e-008	0.0307617
-4.16791e-008	0.0274658
-4.16541e-008	0.0276856
-4.16291e-008	0.0272461
-4.16041e-008	0.0189697
-4.15791e-008	0.0110352
-4.15541e-008	0.0058838
-4.15291e-008	0.0115723
-4.15041e-008	0.0306641
-4.14791e-008	0.025
-4.14541e-008	0.0161377
-4.14291e-008	0.0329834
-4.14041e-008	0.023169
-4.13791e-008	0.00903321
-4.13541e-008	0.0296631
-4.13291e-008	0.0309326
-4.13041e-008	0.0192383
-4.12791e-008	0.0237061
-4.12541e-008	0.0178711
-4.12291e-008	0.0179199
-4.12041e-008	0.0255371
-4.11791e-008	0.0158203
-4.11541e-008	0.0109863
-4.11291e-008	0.0131592
-4.11041e-008	0.0127197
-4.10791e-008	0.0137207
-4.10541e-008	0.0131836
-4.10291e-008	0.0237549
-4.10041e-008	0.0302734
-4.09791e-008	0.0268311
-4.09541e-008	0.0334961
-4.09291e-008	0.0273926
-4.09041e-008	0.0166504
-4.08791e-008	0.0151856
-4.08541e-008	0.0112305
-4.08291e-008	0.0198731
-4.08041e-008	0.0218018
-4.07791e-008	0.0119629
-4.07541e-008	0.0120361
-4.07291e-008	0.0169678
-4.07041e-008	0.0243897
-4.06791e-008	0.0158691
-4.06541e-008	0.0118652
-4.06291e-008	0.0321777
-4.06041e-008	0.0281006
-4.05791e-008	0.0159668
-4.05541e-008	0.0251953
-4.05291e-008	0.0298828
-4.05041e-008	0.038916
-4.04791e-008	0.0401611
-4.04541e-008	0.0213135
-4.04291e-008	0.0141602
-4.04041e-008	0.0112549
-4.03791e-008	0.0166748
-4.03541e-008	0.028125
-4.03291e-008	0.0214356
-4.03041e-008	0.023291
-4.02791e-008	0.0247803
-4.02541e-008	0.0153809
-4.02291e-008	0.0219971
-4.02041e-008	0.0250488
-4.01791e-008	0.0179688
-4.01541e-008	0.0156006
-4.01291e-008	0.019458
-4.01041e-008	0.0297608
-4.00791e-008	0.0291992
-4.00541e-008	0.0233887
-4.00291e-008	0.0195068
-4.00041e-008	0.0071045
-3.99791e-008	0.0159668
-3.99541e-008	0.03125
-3.99291e-008	0.0192139
-3.99041e-008	0.0151367
-3.98791e-008	0.0172119
-3.98541e-008	0.0185791
-3.98291e-008	0.0260254
-3.98041e-008	0.0179688
-3.97791e-008	0.0108643
-3.97541e-008	0.0125732
-3.97291e-008	0.0218994
-3.97041e-008	0.023584
-3.96791e-008	0.00385743
-3.96541e-008	0.0157471
-3.96291e-008	0.0296875
-3.96041e-008	0.014209
-3.95791e-008	0.0190918
-3.95541e-008	0.0138428
-3.95291e-008	0.00737305
-3.95041e-008	0.0251465
-3.94791e-008	0.0218262
-3.94541e-008	0.0159668
-3.94291e-008	0.0194336
-3.94041e-008	0.0184326
-3.93791e-008	0.019751
-3.93541e-008	0.01521
-3.93291e-008	0.0179688
-3.93041e-008	0.0208984
-3.92791e-008	0.0113037
-3.92541e-008	0.0187988
-3.92291e-008	0.0287354
-3.92041e-008	0.023999
-3.91791e-008	0.0316162
-3.91541e-008	0.0245606
-3.91291e-008	0.0101318
-3.91041e-008	0.0210938
-3.90791e-008	0.0151611
-3.90541e-008	0.0178955
-3.90291e-008	0.0330566
-3.90041e-008	0.0209473
-3.89791e-008	0.0215332
-3.89541e-008	0.0254395
-3.89291e-008	0.016626
-3.89041e-008	0.0171631
-3.88791e-008	0.0244873
-3.88541e-008	0.0288574
-3.88291e-008	0.0259277
-3.88041e-008	0.024292
-3.87791e-008	0.0184082
-3.87541e-008	0.0133057
-3.87291e-008	0.0251953
-3.87041e-008	0.0374756
-3.86791e-008	0.0241211
-3.86541e-008	0.010791
-3.86291e-008	0.0134766
-3.86041e-008	0.00791016
-3.85791e-008	0.0147705
-3.85541e-008	0.0146484
-3.85291e-008	0.00712891
-3.85041e-008	0.0259033
-3.84791e-008	0.0257324
-3.84541e-008	0.0203857
-3.84291e-008	0.0191406
-3.84041e-008	0.0105225
-3.83791e-008	0.0226563
-3.83541e-008	0.0199219
-3.83291e-008	0.00834962
-3.83041e-008	0.0116455
-3.82791e-008	0.00253907
-3.82541e-008	0.0041504
-3.82291e-008	0.023291
-3.82041e-008	0.0227051
-3.81791e-008	0.0214844
-3.81541e-008	0.0297852
-3.81291e-008	0.021582
-3.81041e-008	0.0251709
-3.80791e-008	0.0249268
-3.80541e-008	0.00983887
-3.80291e-008	0.0246582
-3.80041e-008	0.0247315
-3.79791e-008	0.0139649
-3.79541e-008	0.0202637
-3.79291e-008	0.0141113
-3.79041e-008	0.0165527
-3.78791e-008	0.00991212
-3.78541e-008	0.00805665
-3.78291e-008	0.0262207
-3.78041e-008	0.0156982
-3.77791e-008	0.0170166
-3.77541e-008	0.0323731
-3.77291e-008	0.0282715
-3.77041e-008	0.0226318
-3.76791e-008	0.014209
-3.76541e-008	0.0201904
-3.76291e-008	0.0333496
-3.76041e-008	0.0269287
-3.75791e-008	0.0152344
-3.75541e-008	0.00922852
-3.75291e-008	0.0138428
-3.75041e-008	0.0307861
-3.74791e-008	0.0296387
-3.74541e-008	0.0106445
-3.74291e-008	0.020459
-3.74041e-008	0.0351563
-3.73791e-008	0.0245361
-3.73541e-008	0.0215576
-3.73291e-008	0.0265869
-3.73041e-008	0.0259033
-3.72791e-008	0.0236084
-3.72541e-008	0.023584
-3.72291e-008	0.0256836
-3.72041e-008	0.0220459
-3.71791e-008	0.0197998
-3.71541e-008	0.0228516
-3.71291e-008	0.0220703
-3.71041e-008	0.0174072
-3.70791e-008	0.0171875
-3.70541e-008	0.0214356
-3.70291e-008	0.0217285
-3.70041e-008	0.0260498
-3.69791e-008	0.0263672
-3.69541e-008	0.0126953
-3.69291e-008	0.0148438
-3.69041e-008	0.0227295
-3.68791e-008	0.0186279
-3.68541e-008	0.0278076
-3.68291e-008	0.0303711
-3.68041e-008	0.0207275
-3.67791e-008	0.0256348
-3.67541e-008	0.0209229
-3.67291e-008	0.018042
-3.67041e-008	0.0292236
-3.66791e-008	0.0205078
-3.66541e-008	0.00952149
-3.66291e-008	0.0110352
-3.66041e-008	0.0187256
-3.65791e-008	0.0248535
-3.65541e-008	0.0181397
-3.65291e-008	0.0214844
-3.65041e-008	0.025708
-3.64791e-008	0.0131104
-3.64541e-008	0.00976563
-3.64291e-008	0.021167
-3.64041e-008	0.0292236
-3.63791e-008	0.0212158
-3.63541e-008	0.011377
-3.63291e-008	0.0190674
-3.63041e-008	0.0313965
-3.62791e-008	0.0314453
-3.62541e-008	0.0250244
-3.62291e-008	0.0252441
-3.62041e-008	0.0275635
-3.61791e-008	0.0216309
-3.61541e-008	0.0163818
-3.61291e-008	0.0278809
-3.61041e-008	0.0343994
-3.60791e-008	0.019751
-3.60541e-008	0.0159424
-3.60291e-008	0.0209473
-3.60041e-008	0.0200928
-3.59791e-008	0.0258301
-3.59541e-008	0.0243652
-3.59291e-008	0.0208252
-3.59041e-008	0.0222168
-3.58791e-008	0.0117432
-3.58541e-008	0.0155274
-3.58291e-008	0.020874
-3.58041e-008	0.0136719
-3.57791e-008	0.0289307
-3.57541e-008	0.0279541
-3.57291e-008	0.0169922
-3.57041e-008	0.0314697
-3.56791e-008	0.029834
-3.56541e-008	0.0259033
-3.56291e-008	0.0253662
-3.56041e-008	0.0145264
-3.55791e-008	0.0219482
-3.55541e-008	0.0290039
-3.55291e-008	0.0220947
-3.55041e-008	0.0164307
-3.54791e-008	0.019458
-3.54541e-008	0.0276123
-3.54291e-008	0.0207764
-3.54041e-008	0.0155762
-3.53791e-008	0.0172607
-3.53541e-008	0.0172119
-3.53291e-008	0.0359619
-3.53041e-008	0.0351074
-3.52791e-008	0.0067627
-3.52541e-008	0.0147461
-3.52291e-008	0.0294434
-3.52041e-008	0.0224365
-3.51791e-008	0.0269287
-3.51541e-008	0.0208496
-3.51291e-008	0.0118164
-3.51041e-008	0.0225098
-3.50791e-008	0.0209961
-3.50541e-008	0.0155029
-3.50291e-008	0.0236572
-3.50041e-008	0.0311035
-3.49791e-008	0.0320801
-3.49541e-008	0.0271729
-3.49291e-008	0.0266358
-3.49041e-008	0.0286865
-3.48791e-008	0.0157227
-3.48541e-008	0.00439454
-3.48291e-008	0.0176514
-3.48041e-008	0.0256348
-3.47791e-008	0.0141846
-3.47541e-008	0.00664063
-3.47291e-008	0.0144043
-3.47041e-008	0.0270996
-3.46791e-008	0.0198242
-3.46541e-008	0.0166016
-3.46291e-008	0.0257324
-3.46041e-008	0.0180908
-3.45791e-008	0.0181152
-3.45541e-008	0.0202393
-3.45291e-008	0.0141357
-3.45041e-008	0.029126
-3.44791e-008	0.0336182
-3.44541e-008	0.0143799
-3.44291e-008	0.017041
-3.44041e-008	0.0292969
-3.43791e-008	0.0225342
-3.43541e-008	0.017627
-3.43291e-008	0.0252441
-3.43041e-008	0.0272461
-3.42791e-008	0.0232666
-3.42541e-008	0.0237793
-3.42291e-008	0.0227295
-3.42041e-008	0.025
-3.41791e-008	0.0213135
-3.41541e-008	0.0100098
-3.41291e-008	0.0233887
-3.41041e-008	0.0306885
-3.40791e-008	0.0148926
-3.40541e-008	0.0167236
-3.40291e-008	0.0268555
-3.40041e-008	0.0294922
-3.39791e-008	0.0175537
-3.39541e-008	0.00202637
-3.39291e-008	0.0173828
-3.39041e-008	0.0261719
-3.38791e-008	0.0144043
-3.38541e-008	0.0287109
-3.38291e-008	0.0362793
-3.38041e-008	0.017334
-3.37791e-008	0.0201172
-3.37541e-008	0.0295166
-3.37291e-008	0.019165
-3.37041e-008	0.01604
-3.36791e-008	0.0140625
-3.36541e-008	0.00754395
-3.36291e-008	0.0145752
-3.36041e-008	0.0183594
-3.35791e-008	0.0249512
-3.35541e-008	0.0308594
-3.35291e-008	0.0175537
-3.35041e-008	0.0235107
-3.34791e-008	0.0341797
-3.34541e-008	0.0210693
-3.34291e-008	0.0207031
-3.34041e-008	0.0244141
-3.33791e-008	0.0153076
-3.33541e-008	0.0182617
-3.33291e-008	0.0322998
-3.33041e-008	0.0299316
-3.32791e-008	0.0153565
-3.32541e-008	0.0224609
-3.32291e-008	0.0301514
-3.32041e-008	0.0144287
-3.31791e-008	0.0179688
-3.31541e-008	0.0218994
-3.31291e-008	0.00881348
-3.31041e-008	0.0189453
-3.30791e-008	0.0257813
-3.30541e-008	0.0244385
-3.30291e-008	0.0313477
-3.30041e-008	0.0310059
-3.29791e-008	0.0388184
-3.29541e-008	0.0365479
-3.29291e-008	0.0223633
-3.29041e-008	0.0187744
-3.28791e-008	0.00607911
-3.28541e-008	0.00305177
-3.28291e-008	0.0202881
-3.28041e-008	0.0267334
-3.27791e-008	0.0185059
-3.27541e-008	0.017627
-3.27291e-008	0.0317871
-3.27041e-008	0.0317871
-3.26791e-008	0.0165039
-3.26541e-008	0.017334
-3.26291e-008	0.0307861
-3.26041e-008	0.0264404
-3.25791e-008	0.0123291
-3.25541e-008	0.0186035
-3.25291e-008	0.0238281
-3.25041e-008	0.0172363
-3.24791e-008	0.0139893
-3.24541e-008	0.0105225
-3.24291e-008	0.00991212
-3.24041e-008	0.0162598
-3.23791e-008	0.0258301
-3.23541e-008	0.0265625
-3.23291e-008	0.0276367
-3.23041e-008	0.0204834
-3.22791e-008	0.00109864
-3.22541e-008	0.0123779
-3.22291e-008	0.0223877
-3.22041e-008	0.0154053
-3.21791e-008	0.0241943
-3.21541e-008	0.0195801
-3.21291e-008	0.0142334
-3.21041e-008	0.0279297
-3.20791e-008	0.0271484
-3.20541e-008	0.0182129
-3.20291e-008	0.0185303
-3.20041e-008	0.0152832
-3.19791e-008	0.012207
-3.19541e-008	0.0130371
-3.19291e-008	0.0178467
-3.19041e-008	0.025
-3.18791e-008	0.0076172
-3.18541e-008	0.0053711
-3.18291e-008	0.0344971
-3.18041e-008	0.0265869
-3.17791e-008	0.0117432
-3.17541e-008	0.01604
-3.17291e-008	0.0152588
-3.17041e-008	0.022876
-3.16791e-008	0.0220215
-3.16541e-008	0.0206299
-3.16291e-008	0.0274414
-3.16041e-008	0.0231934
-3.15791e-008	0.0277344
-3.15541e-008	0.022583
-3.15291e-008	0.00856934
-3.15041e-008	0.0272217
-3.14791e-008	0.0348633
-3.14541e-008	0.0145264
-3.14291e-008	0.00942384
-3.14041e-008	0.0189453
-3.13791e-008	0.0314453
-3.13541e-008	0.0237305
-3.13291e-008	0.0118897
-3.13041e-008	0.02146
-3.12791e-008	0.0117676
-3.12541e-008	0.0081543
-3.12291e-008	0.0250977
-3.12041e-008	0.0218018
-3.11791e-008	0.0275879
-3.11541e-008	0.036084
-3.11291e-008	0.0281006
-3.11041e-008	0.0239502
-3.10791e-008	0.0167481
-3.10541e-008	0.0184082
-3.10291e-008	0.0240967
-3.10041e-008	0.0176514
-3.09791e-008	0.0156494
-3.09541e-008	0.0161621
-3.09291e-008	0.0209229
-3.09041e-008	0.025708
-3.08791e-008	0.0145752
-3.08541e-008	0.0100586
-3.08291e-008	0.0169922
-3.08041e-008	0.0171631
-3.07791e-008	0.0253906
-3.07541e-008	0.0300781
-3.07291e-008	0.0213379
-3.07041e-008	0.0297363
-3.06791e-008	0.0297119
-3.06541e-008	0.0127197
-3.06291e-008	0.0182861
-3.06041e-008	0.0275635
-3.05791e-008	0.0294922
-3.05541e-008	0.0255859
-3.05291e-008	0.0156494
-3.05041e-008	0.0202149
-3.04791e-008	0.0214356
-3.04541e-008	0.0138184
-3.04291e-008	0.0168945
-3.04041e-008	0.0214844
-3.03791e-008	0.0188232
-3.03541e-008	0.0166992
-3.03291e-008	0.0189209
-3.03041e-008	0.0180908
-3.02791e-008	0.0164795
-3.02541e-008	0.0217529
-3.02291e-008	0.0309815
-3.02041e-008	0.0307373
-3.01791e-008	0.0263428
-3.01541e-008	0.0237305
-3.01291e-008	0.020874
-3.01041e-008	0.026416
-3.00791e-008	0.0203613
-3.00541e-008	0.0121826
-3.00291e-008	0.0183106
-3.00041e-008	0.0128906
-2.99791e-008	0.0104981
-2.99541e-008	0.0177979
-2.99291e-008	0.0226563
-2.99041e-008	0.0212158
-2.98791e-008	0.0122803
-2.98541e-008	0.0147705
-2.98291e-008	0.0187988
-2.98041e-008	0.0210938
-2.97791e-008	0.0293701
-2.97541e-008	0.0250733
-2.97291e-008	0.0196533
-2.97041e-008	0.0270752
-2.96791e-008	0.0313721
-2.96541e-008	0.02229
-2.96291e-008	0.0192627
-2.96041e-008	0.0274902
-2.95791e-008	0.0200684
-2.95541e-008	0.0129639
-2.95291e-008	0.0221924
-2.95041e-008	0.0269043
-2.94791e-008	0.0179932
-2.94541e-008	0.00798341
-2.94291e-008	0.0182129
-2.94041e-008	0.0292725
-2.93791e-008	0.0240723
-2.93541e-008	0.0200684
-2.93291e-008	0.018042
-2.93041e-008	0.0132813
-2.92791e-008	0.0123047
-2.92541e-008	0.0184082
-2.92291e-008	0.0143066
-2.92041e-008	0.0141113
-2.91791e-008	0.029419
-2.91541e-008	0.0148438
-2.91291e-008	0.00402833
-2.91041e-008	0.0244629
-2.90791e-008	0.0158936
-2.90541e-008	0.00622559
-2.90291e-008	0.0193115
-2.90041e-008	0.0225342
-2.89791e-008	0.0284668
-2.89541e-008	0.0191162
-2.89291e-008	0.00925294
-2.89041e-008	0.030542
-2.88791e-008	0.0269287
-2.88541e-008	0.0138428
-2.88291e-008	0.0239746
-2.88041e-008	0.0185791
-2.87791e-008	0.0181885
-2.87541e-008	0.026001
-2.87291e-008	0.0226807
-2.87041e-008	0.0238281
-2.86791e-008	0.0144775
-2.86541e-008	0.00895997
-2.86291e-008	0.020166
-2.86041e-008	0.012085
-2.85791e-008	0.002417
-2.85541e-008	0.0168213
-2.85291e-008	0.0174072
-2.85041e-008	0.00783692
-2.84791e-008	0.0206543
-2.84541e-008	0.0211182
-2.84291e-008	0.0121826
-2.84041e-008	0.0218018
-2.83791e-008	0.014917
-2.83541e-008	0.00573731
-2.83291e-008	0.0186279
-2.83041e-008	0.0243408
-2.82791e-008	0.0218018
-2.82541e-008	0.0267578
-2.82291e-008	0.0293213
-2.82041e-008	0.0232422
-2.81791e-008	0.0296387
-2.81541e-008	0.0329346
-2.81291e-008	0.0179443
-2.81041e-008	0.0158203
-2.80791e-008	0.0178223
-2.80541e-008	0.019043
-2.80291e-008	0.028125
-2.80041e-008	0.0232178
-2.79791e-008	0.00859376
-2.79541e-008	0.00192872
-2.79291e-008	0.0142822
-2.79041e-008	0.0263184
-2.78791e-008	0.0193848
-2.78541e-008	0.0202149
-2.78291e-008	0.0243652
-2.78041e-008	0.0224854
-2.77791e-008	0.0219727
-2.77541e-008	0.0181397
-2.77291e-008	0.0230713
-2.77041e-008	0.0208984
-2.76791e-008	0.00668946
-2.76541e-008	0.0183594
-2.76291e-008	0.0264893
-2.76041e-008	0.012207
-2.75791e-008	0.0229736
-2.75541e-008	0.030835
-2.75291e-008	0.0236572
-2.75041e-008	0.0365967
-2.74791e-008	0.0295654
-2.74541e-008	0.0178711
-2.74291e-008	0.0316162
-2.74041e-008	0.0291992
-2.73791e-008	0.0210693
-2.73541e-008	0.0202393
-2.73291e-008	0.0230469
-2.73041e-008	0.0310303
-2.72791e-008	0.0218018
-2.72541e-008	0.015332
-2.72291e-008	0.0243652
-2.72041e-008	0.0267334
-2.71791e-008	0.0261231
-2.71541e-008	0.0190918
-2.71291e-008	0.0197022
-2.71041e-008	0.0351807
-2.70791e-008	0.0358399
-2.70541e-008	0.0307129
-2.70291e-008	0.0280274
-2.70041e-008	0.0174072
-2.69791e-008	0.0107422
-2.69541e-008	0.0118164
-2.69291e-008	0.0126953
-2.69041e-008	0.0098877
-2.68791e-008	0.0125488
-2.68541e-008	0.0273926
-2.68291e-008	0.0338135
-2.68041e-008	0.0294922
-2.67791e-008	0.0303467
-2.67541e-008	0.014502
-2.67291e-008	0.000268562
-2.67041e-008	0.0130127
-2.66791e-008	0.0107178
-2.66541e-008	0.00332032
-2.66291e-008	0.00732423
-2.66041e-008	0.0129639
-2.65791e-008	0.030249
-2.65541e-008	0.0338867
-2.65291e-008	0.0305664
-2.65041e-008	0.0241699
-2.64791e-008	0.00664063
-2.64541e-008	0.013208
-2.64291e-008	0.0126465
-2.64041e-008	0.00961915
-2.63791e-008	0.0356934
-2.63541e-008	0.0324219
-2.63291e-008	0.0190674
-2.63041e-008	0.0291748
-2.62791e-008	0.0254395
-2.62541e-008	0.0178711
-2.62291e-008	0.0213623
-2.62041e-008	0.0262695
-2.61791e-008	0.026294
-2.61541e-008	0.0212891
-2.61291e-008	0.0221436
-2.61041e-008	0.0236084
-2.60791e-008	0.0135498
-2.60541e-008	0.00935059
-2.60291e-008	0.0219727
-2.60041e-008	0.0206055
-2.59791e-008	0.0101074
-2.59541e-008	0.022876
-2.59291e-008	0.0340332
-2.59041e-008	0.0281983
-2.58791e-008	0.0246826
-2.58541e-008	0.024707
-2.58291e-008	0.0197266
-2.58041e-008	0.00949708
-2.57791e-008	0.00854493
-2.57541e-008	0.0172852
-2.57291e-008	0.0269287
-2.57041e-008	0.0207275
-2.56791e-008	-0.00107421
-2.56541e-008	0.00112305
-2.56291e-008	0.0181641
-2.56041e-008	0.024585
-2.55791e-008	0.0230225
-2.55541e-008	0.0175781
-2.55291e-008	0.0223633
-2.55041e-008	0.0220215
-2.54791e-008	0.0145752
-2.54541e-008	0.0183594
-2.54291e-008	0.0225098
-2.54041e-008	0.0227051
-2.53791e-008	0.0227539
-2.53541e-008	0.0269043
-2.53291e-008	0.0289795
-2.53041e-008	0.0193848
-2.52791e-008	0.0162109
-2.52541e-008	0.0224365
-2.52291e-008	0.0200195
-2.52041e-008	0.0122803
-2.51791e-008	0.0121582
-2.51541e-008	0.022583
-2.51291e-008	0.0286621
-2.51041e-008	0.0278809
-2.50791e-008	0.0241455
-2.50541e-008	0.0165039
-2.50291e-008	0.0209717
-2.50041e-008	0.0177734
-2.49791e-008	0.011377
-2.49541e-008	0.0304443
-2.49291e-008	0.0354492
-2.49041e-008	0.0195801
-2.48791e-008	0.0134033
-2.48541e-008	0.0162109
-2.48291e-008	0.0185303
-2.48041e-008	0.0187256
-2.47791e-008	0.015625
-2.47541e-008	0.0101318
-2.47291e-008	0.0196289
-2.47041e-008	0.0273193
-2.46791e-008	0.0153565
-2.46541e-008	0.0125244
-2.46291e-008	0.0195557
-2.46041e-008	0.0125
-2.45791e-008	0.00673829
-2.45541e-008	0.0171631
-2.45291e-008	0.0243652
-2.45041e-008	0.0243164
-2.44791e-008	0.0161377
-2.44541e-008	0.0149658
-2.44291e-008	0.0257813
-2.44041e-008	0.0141113
-2.43791e-008	0.0106201
-2.43541e-008	0.0206543
-2.43291e-008	0.0124024
-2.43041e-008	0.0206055
-2.42791e-008	0.0250244
-2.42541e-008	0.0131592
-2.42291e-008	0.0226807
-2.42041e-008	0.0193604
-2.41791e-008	0.0105225
-2.41541e-008	0.0233887
-2.41291e-008	0.0217041
-2.41041e-008	0.0168701
-2.40791e-008	0.0164063
-2.40541e-008	0.0122803
-2.40291e-008	0.0194824
-2.40041e-008	0.0137207
-2.39791e-008	0.00666505
-2.39541e-008	0.0188965
-2.39291e-008	0.0208252
-2.39041e-008	0.0149414
-2.38791e-008	0.0150391
-2.38541e-008	0.0185547
-2.38291e-008	0.0196045
-2.38041e-008	0.0193604
-2.37791e-008	0.0233154
-2.37541e-008	0.0227783
-2.37291e-008	0.0303711
-2.37041e-008	0.0370117
-2.36791e-008	0.0195313
-2.36541e-008	0.0126221
-2.36291e-008	0.0193848
-2.36041e-008	0.0161377
-2.35791e-008	0.0171143
-2.35541e-008	0.0253662
-2.35291e-008	0.0279297
-2.35041e-008	0.0236084
-2.34791e-008	0.0192871
-2.34541e-008	0.0146484
-2.34291e-008	0.0154297
-2.34041e-008	0.0200195
-2.33791e-008	0.0179932
-2.33541e-008	0.0177246
-2.33291e-008	0.0181152
-2.33041e-008	0.0174316
-2.32791e-008	0.0188477
-2.32541e-008	0.0230713
-2.32291e-008	0.0300049
-2.32041e-008	0.0221191
-2.31791e-008	0.011084
-2.31541e-008	0.0196533
-2.31291e-008	0.0288086
-2.31041e-008	0.0254639
-2.30791e-008	0.0154053
-2.30541e-008	0.0100586
-2.30291e-008	0.0193604
-2.30041e-008	0.0255371
-2.29791e-008	0.0194824
-2.29541e-008	0.0181885
-2.29291e-008	0.0186524
-2.29041e-008	0.0135742
-2.28791e-008	0.0148682
-2.28541e-008	0.021167
-2.28291e-008	0.0187256
-2.28041e-008	0.0175049
-2.27791e-008	0.0232422
-2.27541e-008	0.0163086
-2.27291e-008	0.0169678
-2.27041e-008	0.0223633
-2.26791e-008	0.00544434
-2.26541e-008	0.0168213
-2.26291e-008	0.0361816
-2.26041e-008	0.0128174
-2.25791e-008	0.00437012
-2.25541e-008	0.0166016
-2.25291e-008	0.0288574
-2.25041e-008	0.0410889
-2.24791e-008	0.0279541
-2.24541e-008	0.0195801
-2.24291e-008	0.0229248
-2.24041e-008	0.0143799
-2.23791e-008	0.0208252
-2.23541e-008	0.0182617
-2.23291e-008	0.0081543
-2.23041e-008	0.0215332
-2.22791e-008	0.0155518
-2.22541e-008	0.0109863
-2.22291e-008	0.022876
-2.22041e-008	0.0143799
-2.21791e-008	0.0125732
-2.21541e-008	0.020166
-2.21291e-008	0.0196533
-2.21041e-008	0.0148438
-2.20791e-008	0.0156006
-2.20541e-008	0.0271973
-2.20291e-008	0.0286133
-2.20041e-008	0.0284668
-2.19791e-008	0.0297852
-2.19541e-008	0.0194336
-2.19291e-008	0.0220703
-2.19041e-008	0.0191895
-2.18791e-008	-0.000488274
-2.18541e-008	0.00842286
-2.18291e-008	0.0201904
-2.18041e-008	0.0161621
-2.17791e-008	0.0230957
-2.17541e-008	0.0207031
-2.17291e-008	0.0216553
-2.17041e-008	0.023291
-2.16791e-008	0.0103272
-2.16541e-008	0.0210693
-2.16291e-008	0.0268066
-2.16041e-008	0.0191162
-2.15791e-008	0.0315918
-2.15541e-008	0.0296875
-2.15291e-008	0.025
-2.15041e-008	0.0299072
-2.14791e-008	0.0159912
-2.14541e-008	0.0140137
-2.14291e-008	0.0146973
-2.14041e-008	0.010669
-2.13791e-008	0.0323242
-2.13541e-008	0.0325684
-2.13291e-008	0.0217529
-2.13041e-008	0.0330811
-2.12791e-008	0.0299805
-2.12541e-008	0.0241455
-2.12291e-008	0.0229981
-2.12041e-008	0.0203125
-2.11791e-008	0.0253662
-2.11541e-008	0.0175049
-2.11291e-008	0.0119873
-2.11041e-008	0.0316406
-2.10791e-008	0.0351318
-2.10541e-008	0.0193604
-2.10291e-008	0.0258301
-2.10041e-008	0.0306885
-2.09791e-008	0.0111816
-2.09541e-008	0.00375977
-2.09291e-008	0.0159912
-2.09041e-008	0.0209473
-2.08791e-008	0.0177002
-2.08541e-008	0.023291
-2.08291e-008	0.0289063
-2.08041e-008	0.0199951
-2.07791e-008	0.0148438
-2.07541e-008	0.0227051
-2.07291e-008	0.0320801
-2.07041e-008	0.0270264
-2.06791e-008	0.0102295
-2.06541e-008	0.0153565
-2.06291e-008	0.0238525
-2.06041e-008	0.0160645
-2.05791e-008	0.0256348
-2.05541e-008	0.0303955
-2.05291e-008	0.0177002
-2.05041e-008	0.0181397
-2.04791e-008	0.00983887
-2.04541e-008	-0.000878899
-2.04291e-008	0.0175049
-2.04041e-008	0.0340088
-2.03791e-008	0.029541
-2.03541e-008	0.0238525
-2.03291e-008	0.0226807
-2.03041e-008	0.0191162
-2.02791e-008	0.0196045
-2.02541e-008	0.0229981
-2.02291e-008	0.0142822
-2.02041e-008	0.00930177
-2.01791e-008	0.0153076
-2.01541e-008	0.0206055
-2.01291e-008	0.0314453
-2.01041e-008	0.0333496
-2.00791e-008	0.0189697
-2.00541e-008	0.0057129
-2.00291e-008	0.00522462
-2.00041e-008	0.0170654
-1.99791e-008	0.0193359
-1.99541e-008	0.020459
-1.99291e-008	0.0301514
-1.99041e-008	0.0176758
-1.98791e-008	0.00490723
-1.98541e-008	0.020459
-1.98291e-008	0.0296387
-1.98041e-008	0.0271729
-1.97791e-008	0.0318359
-1.97541e-008	0.0280029
-1.97291e-008	0.0251221
-1.97041e-008	0.0298828
-1.96791e-008	0.0144043
-1.96541e-008	0.00844727
-1.96291e-008	0.0258789
-1.96041e-008	0.0253174
-1.95791e-008	0.0161865
-1.95541e-008	0.0120606
-1.95291e-008	0.0228516
-1.95041e-008	0.0325928
-1.94791e-008	0.00954591
-1.94541e-008	0.0083252
-1.94291e-008	0.0250977
-1.94041e-008	0.0171875
-1.93791e-008	0.0210205
-1.93541e-008	0.0251953
-1.93291e-008	0.0227539
-1.93041e-008	0.0330078
-1.92791e-008	0.0300781
-1.92541e-008	0.0180664
-1.92291e-008	0.015918
-1.92041e-008	0.0121094
-1.91791e-008	0.0175781
-1.91541e-008	0.0314453
-1.91291e-008	0.0248047
-1.91041e-008	0.0223633
-1.90791e-008	0.025415
-1.90541e-008	0.0144287
-1.90291e-008	0.0199707
-1.90041e-008	0.0294922
-1.89791e-008	0.0258057
-1.89541e-008	0.012085
-1.89291e-008	-0.0053955
-1.89041e-008	0.00922852
-1.88791e-008	0.0355713
-1.88541e-008	0.0314941
-1.88291e-008	0.0186768
-1.88041e-008	0.0178711
-1.87791e-008	0.0181152
-1.87541e-008	0.0116943
-1.87291e-008	0.00886231
-1.87041e-008	0.0159668
-1.86791e-008	0.0221191
-1.86541e-008	0.0243897
-1.86291e-008	0.0218994
-1.86041e-008	0.0135498
-1.85791e-008	0.0160889
-1.85541e-008	0.0244385
-1.85291e-008	0.0212647
-1.85041e-008	0.0180176
-1.84791e-008	0.0175293
-1.84541e-008	0.0171875
-1.84291e-008	0.0189697
-1.84041e-008	0.0143799
-1.83791e-008	0.0192627
-1.83541e-008	0.0299561
-1.83291e-008	0.0208984
-1.83041e-008	0.0167725
-1.82791e-008	0.0210938
-1.82541e-008	0.0138428
-1.82291e-008	0.0124756
-1.82041e-008	0.0187012
-1.81791e-008	0.0199463
-1.81541e-008	0.0150879
-1.81291e-008	0.00886231
-1.81041e-008	0.0115967
-1.80791e-008	0.0229736
-1.80541e-008	0.0273193
-1.80291e-008	0.0196045
-1.80041e-008	0.0205322
-1.79791e-008	0.0316406
-1.79541e-008	0.0303955
-1.79291e-008	0.0250977
-1.79041e-008	0.021167
-1.78791e-008	0.00593262
-1.78541e-008	0.00385743
-1.78291e-008	0.0174316
-1.78041e-008	0.0229248
-1.77791e-008	0.0242676
-1.77541e-008	0.0151123
-1.77291e-008	0.0149902
-1.77041e-008	0.0272705
-1.76791e-008	0.0126709
-1.76541e-008	0.00383302
-1.76291e-008	0.0174805
-1.76041e-008	0.0203369
-1.75791e-008	0.0199219
-1.75541e-008	0.00925294
-1.75291e-008	0.0044922
-1.75041e-008	0.0243652
-1.74791e-008	0.0171143
-1.74541e-008	0.00244141
-1.74291e-008	0.0187256
-1.74041e-008	0.0181885
-1.73791e-008	0.00771485
-1.73541e-008	0.0180176
-1.73291e-008	0.0293457
-1.73041e-008	0.032251
-1.72791e-008	0.0172852
-1.72541e-008	-0.00134277
-1.72291e-008	0.0127441
-1.72041e-008	0.02771
-1.71791e-008	0.0178955
-1.71541e-008	0.013794
-1.71291e-008	0.0137695
-1.71041e-008	0.0163818
-1.70791e-008	0.0198731
-1.70541e-008	0.0076172
-1.70291e-008	0.00903321
-1.70041e-008	0.0273193
-1.69791e-008	0.0287109
-1.69541e-008	0.0190918
-1.69291e-008	0.0175049
-1.69041e-008	0.0304443
-1.68791e-008	0.0269287
-1.68541e-008	0.0113281
-1.68291e-008	0.025415
-1.68041e-008	0.0232422
-1.67791e-008	0.0125244
-1.67541e-008	0.0295166
-1.67291e-008	0.0167236
-1.67041e-008	0.00935059
-1.66791e-008	0.0310059
-1.66541e-008	0.0280274
-1.66291e-008	0.0252441
-1.66041e-008	0.0252441
-1.65791e-008	0.022583
-1.65541e-008	0.0309326
-1.65291e-008	0.0323242
-1.65041e-008	0.0322998
-1.64791e-008	0.0245606
-1.64541e-008	0.0135986
-1.64291e-008	0.0201904
-1.64041e-008	0.0230225
-1.63791e-008	0.0168945
-1.63541e-008	0.0155762
-1.63291e-008	0.0202149
-1.63041e-008	0.022168
-1.62791e-008	0.020459
-1.62541e-008	0.0256104
-1.62291e-008	0.0242432
-1.62041e-008	0.0196289
-1.61791e-008	0.0267578
-1.61541e-008	0.0272461
-1.61291e-008	0.0245117
-1.61041e-008	0.0311768
-1.60791e-008	0.0292481
-1.60541e-008	0.0177734
-1.60291e-008	0.0151856
-1.60041e-008	0.0177002
-1.59791e-008	0.015625
-1.59541e-008	0.016626
-1.59291e-008	0.0230713
-1.59041e-008	0.0164795
-1.58791e-008	0.00625001
-1.58541e-008	0.0108643
-1.58291e-008	0.0071045
-1.58041e-008	0.00996095
-1.57791e-008	0.0180176
-1.57541e-008	0.00808106
-1.57291e-008	0.0242188
-1.57041e-008	0.032544
-1.56791e-008	0.0105957
-1.56541e-008	0.0188232
-1.56291e-008	0.0267578
-1.56041e-008	0.0208496
-1.55791e-008	0.0285645
-1.55541e-008	0.0288086
-1.55291e-008	0.0212647
-1.55041e-008	0.0243164
-1.54791e-008	0.0280518
-1.54541e-008	0.027124
-1.54291e-008	0.0318604
-1.54041e-008	0.0219482
-1.53791e-008	0.0105957
-1.53541e-008	0.0243164
-1.53291e-008	0.0318604
-1.53041e-008	0.0270264
-1.52791e-008	0.0238525
-1.52541e-008	0.0216309
-1.52291e-008	0.0178711
-1.52041e-008	0.0158203
-1.51791e-008	0.0175049
-1.51541e-008	0.019458
-1.51291e-008	0.0307861
-1.51041e-008	0.0275635
-1.50791e-008	0.00898438
-1.50541e-008	0.0158936
-1.50291e-008	0.0212402
-1.50041e-008	0.0124024
-1.49791e-008	0.015625
-1.49541e-008	0.0217529
-1.49291e-008	0.0313965
-1.49041e-008	0.0249512
-1.48791e-008	0.00336915
-1.48541e-008	0.0170166
-1.48291e-008	0.0342041
-1.48041e-008	0.0285645
-1.47791e-008	0.0285889
-1.47541e-008	0.0224854
-1.47291e-008	0.02229
-1.47041e-008	0.0298584
-1.46791e-008	0.0202149
-1.46541e-008	0.0144287
-1.46291e-008	0.0186524
-1.46041e-008	0.0236816
-1.45791e-008	0.0330078
-1.45541e-008	0.0276367
-1.45291e-008	0.0052002
-1.45041e-008	-0.00124511
-1.44791e-008	0.00974122
-1.44541e-008	0.0198242
-1.44291e-008	0.0290527
-1.44041e-008	0.0274658
-1.43791e-008	0.0124268
-1.43541e-008	0.00998536
-1.43291e-008	0.0320557
-1.43041e-008	0.0326904
-1.42791e-008	0.00576173
-1.42541e-008	0.012793
-1.42291e-008	0.0308106
-1.42041e-008	0.0177002
-1.41791e-008	0.00151368
-1.41541e-008	0.00388184
-1.41291e-008	0.0207275
-1.41041e-008	0.026001
-1.40791e-008	0.0169434
-1.40541e-008	0.0231201
-1.40291e-008	0.0301514
-1.40041e-008	0.0178711
-1.39791e-008	0.014209
-1.39541e-008	0.0126221
-1.39291e-008	0.00607911
-1.39041e-008	0.0158936
-1.38791e-008	0.0157959
-1.38541e-008	0.0216553
-1.38291e-008	0.036792
-1.38041e-008	0.0257568
-1.37791e-008	0.0219727
-1.37541e-008	0.0221924
-1.37291e-008	0.0207275
-1.37041e-008	0.0236084
-1.36791e-008	0.00871583
-1.36541e-008	0.00769044
-1.36291e-008	0.0255615
-1.36041e-008	0.0234375
-1.35791e-008	0.0111328
-1.35541e-008	0.00812989
-1.35291e-008	0.00749512
-1.35041e-008	0.0180664
-1.34791e-008	0.0325195
-1.34541e-008	0.0253418
-1.34291e-008	0.0181152
-1.34041e-008	0.0230225
-1.33791e-008	0.0181641
-1.33541e-008	0.0130615
-1.33291e-008	0.0183106
-1.33041e-008	0.0178711
-1.32791e-008	0.0225098
-1.32541e-008	0.03479
-1.32291e-008	0.0302246
-1.32041e-008	0.0206543
-1.31791e-008	0.0143066
-1.31541e-008	0.00407716
-1.31291e-008	0.0100586
-1.31041e-008	0.0231934
-1.30791e-008	0.0166504
-1.30541e-008	0.0203369
-1.30291e-008	0.0274902
-1.30041e-008	0.0136719
-1.29791e-008	0.0190186
-1.29541e-008	0.0285156
-1.29291e-008	0.023584
-1.29041e-008	0.0180176
-1.28791e-008	0.00856934
-1.28541e-008	0.0124512
-1.28291e-008	0.0145752
-1.28041e-008	0.0125244
-1.27791e-008	0.0204346
-1.27541e-008	0.0142822
-1.27291e-008	0.0118164
-1.27041e-008	0.0279053
-1.26791e-008	0.02146
-1.26541e-008	0.0110107
-1.26291e-008	0.0281738
-1.26041e-008	0.0281738
-1.25791e-008	0.0171387
-1.25541e-008	0.0191406
-1.25291e-008	0.0199463
-1.25041e-008	0.0300049
-1.24791e-008	0.0332275
-1.24541e-008	0.0211182
-1.24291e-008	0.0116211
-1.24041e-008	0.0137207
-1.23791e-008	0.026416
-1.23541e-008	0.0219238
-1.23291e-008	0.0155518
-1.23041e-008	0.0226074
-1.22791e-008	0.0167969
-1.22541e-008	0.0184326
-1.22291e-008	0.0303711
-1.22041e-008	0.0255127
-1.21791e-008	0.0183838
-1.21541e-008	0.0127686
-1.21291e-008	0.0140625
-1.21041e-008	0.0307861
-1.20791e-008	0.027002
-1.20541e-008	0.0142334
-1.20291e-008	0.025
-1.20041e-008	0.0262207
-1.19791e-008	0.0160156
-1.19541e-008	0.0183594
-1.19291e-008	0.0262695
-1.19041e-008	0.0251465
-1.18791e-008	0.0157227
-1.18541e-008	0.0140381
-1.18291e-008	0.0128662
-1.18041e-008	0.0150391
-1.17791e-008	0.0206787
-1.17541e-008	0.0134033
-1.17291e-008	0.0194092
-1.17041e-008	0.0311524
-1.16791e-008	0.0177979
-1.16541e-008	0.00793458
-1.16291e-008	0.0166504
-1.16041e-008	0.0191406
-1.15791e-008	0.0209961
-1.15541e-008	0.0288574
-1.15291e-008	0.0249756
-1.15041e-008	0.0207764
-1.14791e-008	0.0185303
-1.14541e-008	0.0184815
-1.14291e-008	0.0280518
-1.14041e-008	0.0248779
-1.13791e-008	0.0222168
-1.13541e-008	0.0202637
-1.13291e-008	0.005542
-1.13041e-008	0.018042
-1.12791e-008	0.0313721
-1.12541e-008	0.00876466
-1.12291e-008	0.0111572
-1.12041e-008	0.0280518
-1.11791e-008	0.0120117
-1.11541e-008	0.00600587
-1.11291e-008	0.0161621
-1.11041e-008	0.0174072
-1.10791e-008	0.0132568
-1.10541e-008	0.0150635
-1.10291e-008	0.024707
-1.10041e-008	0.0207275
-1.09791e-008	0.0204834
-1.09541e-008	0.026294
-1.09291e-008	0.0262695
-1.09041e-008	0.0302002
-1.08791e-008	0.019458
-1.08541e-008	0.0168945
-1.08291e-008	0.0280274
-1.08041e-008	0.0236572
-1.07791e-008	0.0215576
-1.07541e-008	0.0186768
-1.07291e-008	0.020752
-1.07041e-008	0.0225586
-1.06791e-008	0.00158692
-1.06541e-008	0.00219727
-1.06291e-008	0.0191162
-1.06041e-008	0.0171143
-1.05791e-008	0.023584
-1.05541e-008	0.0260254
-1.05291e-008	0.0164307
-1.05041e-008	0.0251465
-1.04791e-008	0.0309815
-1.04541e-008	0.0227295
-1.04291e-008	0.0175293
-1.04041e-008	0.0206055
-1.03791e-008	0.0266602
-1.03541e-008	0.0189941
-1.03291e-008	0.0225586
-1.03041e-008	0.0352539
-1.02791e-008	0.0198242
-1.02541e-008	0.00979005
-1.02291e-008	0.0097168
-1.02041e-008	0.00861817
-1.01791e-008	0.0203369
-1.01541e-008	0.0205566
-1.01291e-008	0.024707
-1.01041e-008	0.0290772
-1.00791e-008	0.0112549
-1.00541e-008	0.00788575
-1.00291e-008	0.0178223
-1.00041e-008	0.0227539
-9.979098e-009	0.023169
-9.954098e-009	0.0243164
-9.929098e-009	0.0362793
-9.904098e-009	0.0348633
-9.879098e-009	0.020752
-9.854098e-009	0.027832
-9.829098e-009	0.0359375
-9.804098e-009	0.0198731
-9.779098e-009	0.0090088
-9.754098e-009	0.0177246
-9.729098e-009	0.0286621
-9.704098e-009	0.0283203
-9.679098e-009	0.0206299
-9.654098e-009	0.0218506
-9.629098e-009	0.0260254
-9.604098e-009	0.0267334
-9.579098e-009	0.0248047
-9.554098e-009	0.0210449
-9.529098e-009	0.0209717
-9.504098e-009	0.0177734
-9.479098e-009	0.0161133
-9.454098e-009	0.0178467
-9.429098e-009	0.0194824
-9.404098e-009	0.0228027
-9.379098e-009	0.0227051
-9.354098e-009	0.0223633
-9.329098e-009	0.0190918
-9.304098e-009	0.0164307
-9.279098e-009	0.0167725
-9.254098e-009	0.0186524
-9.229098e-009	0.023584
-9.204098e-009	0.0196045
-9.179098e-009	0.0166748
-9.154098e-009	0.0186768
-9.129098e-009	0.0178955
-9.104098e-009	0.0197266
-9.079098e-009	0.0130371
-9.054098e-009	0.0131104
-9.029098e-009	0.0269043
-9.004098e-009	0.0218018
-8.979098e-009	0.0203613
-8.954098e-009	0.0256836
-8.929098e-009	0.0125
-8.904098e-009	0.0205078
-8.879098e-009	0.0352051
-8.854098e-009	0.0301758
-8.829098e-009	0.0291016
-8.804098e-009	0.0230713
-8.779098e-009	0.0188232
-8.754098e-009	0.021582
-8.729098e-009	0.0296387
-8.704098e-009	0.0316162
-8.679098e-009	0.0143066
-8.654098e-009	0.0151856
-8.629098e-009	0.0271484
-8.604098e-009	0.0242432
-8.579098e-009	0.0156738
-8.554098e-009	0.00529786
-8.529098e-009	0.015625
-8.504098e-009	0.0362549
-8.479098e-009	0.0312744
-8.454098e-009	0.0208252
-8.429098e-009	0.0177979
-8.404098e-009	0.0157471
-8.379098e-009	0.0222412
-8.354098e-009	0.0173828
-8.329098e-009	0.013916
-8.304098e-009	0.0224365
-8.279098e-009	0.0165527
-8.254098e-009	0.0200928
-8.229098e-009	0.0177979
-8.204098e-009	0.00754395
-8.179098e-009	0.0280274
-8.154098e-009	0.0325928
-8.129098e-009	0.0255859
-8.104098e-009	0.0310303
-8.079098e-009	0.0152344
-8.054098e-009	0.00864259
-8.029098e-009	0.0147217
-8.004098e-009	0.0104981
-7.979098e-009	0.0242188
-7.954098e-009	0.0294678
-7.929098e-009	0.00590821
-7.904098e-009	7.32496e-005
-7.879098e-009	0.0142578
-7.854098e-009	0.021875
-7.829098e-009	0.0253906
-7.804098e-009	0.0229736
-7.779098e-009	0.014917
-7.754098e-009	0.00854493
-7.729098e-009	0.00737305
-7.704098e-009	0.0247315
-7.679098e-009	0.0369141
-7.654098e-009	0.0204346
-7.629098e-009	0.0103272
-7.604098e-009	0.0174561
-7.579098e-009	0.0269531
-7.554098e-009	0.0191162
-7.529098e-009	0.0112793
-7.504098e-009	0.0267822
-7.479098e-009	0.0146484
-7.454098e-009	0.00642091
-7.429098e-009	0.0343994
-7.404098e-009	0.031958
-7.379098e-009	0.0208252
-7.354098e-009	0.0242188
-7.329098e-009	0.0227051
-7.304098e-009	0.0235596
-7.279098e-009	0.0138184
-7.254098e-009	0.0121582
-7.229098e-009	0.0229736
-7.204098e-009	0.0145264
-7.179098e-009	0.0138672
-7.154098e-009	0.0256592
-7.129098e-009	0.0202637
-7.104098e-009	0.00979005
-7.079098e-009	0.0124756
-7.054098e-009	0.0226074
-7.029098e-009	0.0268555
-7.004098e-009	0.0315918
-6.979098e-009	0.0351807
-6.954098e-009	0.026294
-6.929098e-009	0.0255615
-6.904098e-009	0.0323731
-6.879098e-009	0.0223389
-6.854098e-009	0.0153565
-6.829098e-009	0.0206299
-6.804098e-009	0.0201904
-6.779098e-009	0.023584
-6.754098e-009	0.0238525
-6.729098e-009	0.0234863
-6.704098e-009	0.0291504
-6.679098e-009	0.0173828
-6.654098e-009	0.0157227
-6.629098e-009	0.0327393
-6.604098e-009	0.027124
-6.579098e-009	0.00898438
-6.554098e-009	0.00834962
-6.529098e-009	0.0219482
-6.504098e-009	0.0212647
-6.479098e-009	0.00573731
-6.454098e-009	0.00859376
-6.429098e-009	0.0216797
-6.404098e-009	0.0234131
-6.379098e-009	0.0228516
-6.354098e-009	0.0264404
-6.329098e-009	0.0394775
-6.304098e-009	0.0386963
-6.279098e-009	0.0164063
-6.254098e-009	0.0195801
-6.229098e-009	0.030957
-6.204098e-009	0.0295654
-6.179098e-009	0.0329102
-6.154098e-009	0.0197998
-6.129098e-009	0.0106201
-6.104098e-009	0.0210938
-6.079098e-009	0.0194336
-6.054098e-009	0.0154053
-6.029098e-009	0.0232178
-6.004098e-009	0.0306885
-5.979098e-009	0.028833
-5.954098e-009	0.021875
-5.929098e-009	0.020166
-5.904098e-009	0.0290772
-5.879098e-009	0.0329102
-5.854098e-009	0.0175781
-5.829098e-009	0.0122559
-5.804098e-009	0.0206543
-5.779098e-009	0.0205322
-5.754098e-009	0.0204346
-5.729098e-009	0.0263672
-5.704098e-009	0.030542
-5.679098e-009	0.0208984
-5.654098e-009	0.0198975
-5.629098e-009	0.0302979
-5.604098e-009	0.0195557
-5.579098e-009	0.0136231
-5.554098e-009	0.017334
-5.529098e-009	0.0222412
-5.504098e-009	0.0336914
-5.479098e-009	0.0217529
-5.454098e-009	0.00974122
-5.429098e-009	0.0156006
-5.404098e-009	0.016333
-5.379098e-009	0.0250977
-5.354098e-009	0.0267578
-5.329098e-009	0.0178711
-5.304098e-009	0.0191406
-5.279098e-009	0.00517579
-5.254098e-009	-0.000219719
-5.229098e-009	0.0255615
-5.204098e-009	0.0324219
-5.179098e-009	0.0239746
-5.154098e-009	0.0161621
-5.129098e-009	0.0118408
-5.104098e-009	0.0198486
-5.079098e-009	0.00715333
-5.054098e-009	-0.000219719
-5.029098e-009	0.0215332
-5.004098e-009	0.0256104
-4.979098e-009	0.0198242
-4.954098e-009	0.0159912
-4.929098e-009	0.0155762
-4.904098e-009	0.02854
-4.879098e-009	0.0243408
-4.854098e-009	0.0124756
-4.829098e-009	0.0207275
-4.804098e-009	0.0244629
-4.779098e-009	0.0185547
-4.754098e-009	0.0180664
-4.729098e-009	0.0223633
-4.704098e-009	0.0233399
-4.679098e-009	0.0175293
-4.654098e-009	0.0196533
-4.629098e-009	0.0236328
-4.604098e-009	0.0220215
-4.579098e-009	0.0244385
-4.554098e-009	0.0164307
-4.529098e-009	0.010083
-4.504098e-009	0.0179688
-4.479098e-009	0.0189697
-4.454098e-009	0.0182373
-4.429098e-009	0.0188965
-4.404098e-009	0.0177246
-4.379098e-009	0.0177979
-4.354098e-009	0.0175293
-4.329098e-009	0.0271973
-4.304098e-009	0.0311035
-4.279098e-009	0.0172852
-4.254098e-009	0.0171143
-4.229098e-009	0.0240234
-4.204098e-009	0.0223145
-4.179098e-009	0.0232422
-4.154098e-009	0.0195313
-4.129098e-009	0.0200195
-4.104098e-009	0.0200195
-4.079098e-009	0.0163574
-4.054098e-009	0.0233643
-4.029098e-009	0.0155274
-4.004098e-009	0.0131104
-3.979098e-009	0.0251953
-3.954098e-009	0.0148193
-3.929098e-009	0.0149658
-3.904098e-009	0.0254639
-3.879098e-009	0.0182129
-3.854098e-009	0.0157471
-3.829098e-009	0.0130127
-3.804098e-009	0.0212891
-3.779098e-009	0.043042
-3.754098e-009	0.0297119
-3.729098e-009	0.0138184
-3.704098e-009	0.0265869
-3.679098e-009	0.0252441
-3.654098e-009	0.0189941
-3.629098e-009	0.020166
-3.604098e-009	0.0131348
-3.579098e-009	0.0108399
-3.554098e-009	0.0101563
-3.529098e-009	0.00378419
-3.504098e-009	0.0114746
-3.479098e-009	0.0196045
-3.454098e-009	0.00842286
-3.429098e-009	0.0145264
-3.404098e-009	0.028833
-3.379098e-009	0.017334
-3.354098e-009	0.012793
-3.329098e-009	0.0206299
-3.304098e-009	0.0231201
-3.279098e-009	0.0225342
-3.254098e-009	0.0168457
-3.229098e-009	0.0127197
-3.204098e-009	0.0157715
-3.179098e-009	0.0274902
-3.154098e-009	0.0236572
-3.129098e-009	0.0127441
-3.104098e-009	0.0227051
-3.079098e-009	0.010791
-3.054098e-009	-0.000390618
-3.029098e-009	0.0128418
-3.004098e-009	0.00581055
-2.979098e-009	0.00944825
-2.954098e-009	0.0188232
-2.929098e-009	0.0170166
-2.904098e-009	0.027124
-2.879098e-009	0.0201416
-2.854098e-009	0.00979005
-2.829098e-009	0.0156006
-2.804098e-009	0.0158691
-2.779098e-009	0.016333
-2.754098e-009	0.0147949
-2.729098e-009	0.012085
-2.704098e-009	0.0244629
-2.679098e-009	0.0328125
-2.654098e-009	0.0219727
-2.629098e-009	0.0142334
-2.604098e-009	0.0182373
-2.579098e-009	0.0189941
-2.554098e-009	0.0140137
-2.529098e-009	0.0244629
-2.504098e-009	0.0329346
-2.479098e-009	0.0172119
-2.454098e-009	0.00578614
-2.429098e-009	-0.00141601
-2.404098e-009	0.00559083
-2.379098e-009	0.0327149
-2.354098e-009	0.0340088
-2.329098e-009	0.0192139
-2.304098e-009	0.016333
-2.279098e-009	0.0212158
-2.254098e-009	0.0292725
-2.229098e-009	0.0267334
-2.204098e-009	0.0253418
-2.179098e-009	0.0319092
-2.154098e-009	0.0243652
-2.129098e-009	0.0163818
-2.104098e-009	0.0185059
-2.079098e-009	0.0163574
-2.054098e-009	0.0167236
-2.029098e-009	0.0190918
-2.004098e-009	0.013794
-1.979098e-009	0.0102539
-1.954098e-009	0.0197754
-1.929098e-009	0.0295899
-1.904098e-009	0.0255371
-1.879098e-009	0.0192383
-1.854098e-009	0.0178467
-1.829098e-009	0.0182373
-1.804098e-009	0.0190918
-1.779098e-009	0.0175537
-1.754098e-009	0.0202637
-1.729098e-009	0.0305908
-1.704098e-009	0.0302002
-1.679098e-009	0.0218262
-1.654098e-009	0.0255615
-1.629098e-009	0.0276123
-1.604098e-009	0.0260986
-1.579098e-009	0.0288818
-1.554098e-009	0.019165
-1.529098e-009	0.00966798
-1.504098e-009	0.0156494
-1.479098e-009	0.0177246
-1.454098e-009	0.0143555
-1.429098e-009	0.0236084
-1.404098e-009	0.0340576
-1.379098e-009	0.0251221
-1.354098e-009	0.0148438
-1.329098e-009	0.0276367
-1.304098e-009	0.0429688
-1.279098e-009	0.0317139
-1.254098e-009	0.0150391
-1.229098e-009	0.0219238
-1.204098e-009	0.0321289
-1.179098e-009	0.0206543
-1.154098e-009	0.00930177
-1.129098e-009	0.0218018
-1.104098e-009	0.0322998
-1.079098e-009	0.0195068
-1.054098e-009	0.0107178
-1.029098e-009	0.0184815
-1.004098e-009	0.0213135
-9.790981e-010	0.0246826
-9.540981e-010	0.0293701
-9.290981e-010	0.0267578
-9.040981e-010	0.0269043
-8.790981e-010	0.0147461
-8.540981e-010	0.00625001
-8.290981e-010	0.0174805
-8.040981e-010	0.0175781
-7.790981e-010	0.015625
-7.540981e-010	0.0200928
-7.290981e-010	0.031958
-7.040981e-010	0.0450195
-6.790981e-010	0.0279785
-6.540981e-010	0.00942384
-6.290981e-010	0.0186768
-6.040981e-010	0.0270752
-5.790981e-010	0.0226074
-5.540981e-010	0.0214356
-5.290981e-010	0.0255859
-5.040981e-010	0.0175537
-4.790981e-010	0.0131104
-4.540981e-010	0.0274414
-4.290981e-010	0.0265869
-4.040981e-010	0.011499
-3.790981e-010	0.0161133
-3.540981e-010	0.0239502
-3.290981e-010	0.0107422
-3.040981e-010	0.00493165
-2.790981e-010	0.0167481
-2.540981e-010	0.0179688
-2.290981e-010	0.0103272
-2.040981e-010	0.0110352
-1.790981e-010	0.0127197
-1.540981e-010	-0.000732414
-1.290981e-010	-0.00554198
-1.040981e-010	0.00959473
-7.909814e-011	7.32496e-005
-5.409814e-011	-0.00996093
-2.909814e-011	0.00541993
-4.098136e-012	-0.0176758
2.090186e-011	-0.0518555
4.590186e-011	-0.0544678
7.090186e-011	-0.0738769
9.590186e-011	-0.0886719
1.209019e-010	-0.087793
1.459019e-010	-0.101172
1.709019e-010	-0.106274
1.959019e-010	-0.108521
2.209019e-010	-0.126733
2.459019e-010	-0.149146
2.709019e-010	-0.150952
2.959019e-010	-0.141577
3.209019e-010	-0.146045
3.459019e-010	-0.145703
3.709019e-010	-0.146411
3.959019e-010	-0.147412
4.209019e-010	-0.137158
4.459019e-010	-0.137036
4.709019e-010	-0.119165
4.959019e-010	-0.083081
5.209019e-010	-0.0831543
5.459019e-010	-0.0970215
5.709019e-010	-0.0905518
5.959019e-010	-0.0736328
6.209019e-010	-0.0532959
6.459019e-010	-0.0508545
6.709019e-010	-0.052832
6.959019e-010	-0.0365967
7.209019e-010	-0.0246582
7.459019e-010	-0.0155029
7.709019e-010	-0.00842284
7.959019e-010	-0.00578613
8.209019e-010	-0.00205077
8.459019e-010	-0.00576171
8.709019e-010	-0.00205077
8.959019e-010	0.0074463
9.209019e-010	0.0110107
9.459019e-010	0.0107422
9.709019e-010	0.0130127
9.959019e-010	0.030957
1.020902e-009	0.0333008
1.045902e-009	0.01521
1.070902e-009	0.0258057
1.095902e-009	0.0526367
1.120902e-009	0.0376709
1.145902e-009	0.0112793
1.170902e-009	0.0327393
1.195902e-009	0.0459961
1.220902e-009	0.0381104
1.245902e-009	0.0458008
1.270902e-009	0.0416748
1.295902e-009	0.0496826
1.320902e-009	0.0562256
1.345902e-009	0.0328369
1.370902e-009	0.0272949
1.395902e-009	0.0297363
1.420902e-009	0.0340576
1.445902e-009	0.0388184
1.470902e-009	0.0292481
1.495902e-009	0.0279541
1.520902e-009	0.0236328
1.545902e-009	0.0247803
1.570902e-009	0.0320313
1.595902e-009	0.0188232
1.620902e-009	0.00717774
1.645902e-009	0.00886231
1.670902e-009	0.0202637
1.695902e-009	0.0267578
1.720902e-009	0.0134033
1.745902e-009	0.00854493
1.770902e-009	0.0203125
1.795902e-009	0.0229981
1.820902e-009	0.0211182
1.845902e-009	0.0135254
1.870902e-009	0.00134278
1.895902e-009	0.0176025
1.920902e-009	0.0285889
1.945902e-009	0.0218994
1.970902e-009	0.0333984
1.995902e-009	0.0285645
2.020902e-009	0.0164551
2.045902e-009	0.020459
2.070902e-009	0.0182861
2.095902e-009	0.0213623
2.120902e-009	0.0249024
2.145902e-009	0.0229492
2.170902e-009	0.0230225
2.195902e-009	0.0188965
2.220902e-009	0.0177002
2.245902e-009	0.0189941
2.270902e-009	0.0177246
2.295902e-009	0.0208496
2.320902e-009	0.02854
2.345902e-009	0.031543
2.370902e-009	0.0200928
2.395902e-009	0.0139893
2.420902e-009	0.0294678
2.445902e-009	0.0310303
2.470902e-009	0.0202637
2.495902e-009	0.0299561
2.520902e-009	0.0334229
2.545902e-009	0.0168701
2.570902e-009	0.00947266
2.595902e-009	0.0189209
2.620902e-009	0.0299316
2.645902e-009	0.0278076
2.670902e-009	0.0251465
2.695902e-009	0.0337402
2.720902e-009	0.0342285
2.745902e-009	0.0303955
2.770902e-009	0.022583
2.795902e-009	0.00578614
2.820902e-009	0.0146484
2.845902e-009	0.0251465
2.870902e-009	0.0164063
2.895902e-009	0.0216553
2.920902e-009	0.0145752
2.945902e-009	0.0057129
2.970902e-009	0.0220215
2.995902e-009	0.0256104
3.020902e-009	0.0248535
3.045902e-009	0.0282959
3.070902e-009	0.0266113
3.095902e-009	0.0275635
3.120902e-009	0.0196045
3.145902e-009	0.014502
3.170902e-009	0.0126953
3.195902e-009	0.0147705
3.220902e-009	0.0337402
3.245902e-009	0.0352783
3.270902e-009	0.0248535
3.295902e-009	0.0227051
3.320902e-009	0.0211182
3.345902e-009	0.024707
3.370902e-009	0.0192871
3.395902e-009	0.0129883
3.420902e-009	0.0231934
3.445902e-009	0.0300293
3.470902e-009	0.0223877
3.495902e-009	0.0223877
3.520902e-009	0.0306885
3.545902e-009	0.0291992
3.570902e-009	0.0418213
3.595902e-009	0.0470215
3.620902e-009	0.0248535
3.645902e-009	0.0265869
3.670902e-009	0.028833
3.695902e-009	0.0102295
3.720902e-009	0.0144531
3.745902e-009	0.0192383
3.770902e-009	0.0117676
3.795902e-009	0.0193115
3.820902e-009	0.0210205
3.845902e-009	0.0118652
3.870902e-009	0.00969239
3.895902e-009	0.00895997
3.920902e-009	0.0065918
3.945902e-009	0.00915528
3.970902e-009	0.0143311
3.995902e-009	0.0154297
4.020902e-009	0.0184082
4.045902e-009	0.0132324
4.070902e-009	0.0161621
4.095902e-009	0.029126
4.120902e-009	0.00930177
4.145902e-009	0.0071045
4.170902e-009	0.0281983
4.195902e-009	0.0154297
4.220902e-009	0.0137695
4.245902e-009	0.0233643
4.270902e-009	0.0020752
4.295902e-009	-0.0022705
4.320902e-009	0.0248535
4.345902e-009	0.0258545
4.370902e-009	0.0159668
4.395902e-009	0.0248779
4.420902e-009	0.0248291
4.445902e-009	0.0210449
4.470902e-009	0.0269043
4.495902e-009	0.040332
4.520902e-009	0.0405029
4.545902e-009	0.0267822
4.570902e-009	0.0297363
4.595902e-009	0.0286621
4.620902e-009	0.0217285
4.645902e-009	0.0253906
4.670902e-009	0.0323242
4.695902e-009	0.0365234
4.720902e-009	0.0219727
4.745902e-009	0.0144775
4.770902e-009	0.0251953
4.795902e-009	0.0264404
4.820902e-009	0.0185791
4.845902e-009	0.0140625
4.870902e-009	0.0240967
4.895902e-009	0.0262451
4.920902e-009	0.00769044
4.945902e-009	0.00283204
4.970902e-009	0.0154297
4.995902e-009	0.0207764
5.020902e-009	0.0109863
5.045902e-009	0.00568848
5.070902e-009	0.025293
5.095902e-009	0.0344727
5.120902e-009	0.00578614
5.145902e-009	0.00297852
5.170902e-009	0.0297363
5.195902e-009	0.0212891
5.220902e-009	0.00463868
5.245902e-009	0.00261231
5.270902e-009	0.00903321
5.295902e-009	0.0175293
5.320902e-009	0.0109619
5.345902e-009	0.0110107
5.370902e-009	0.00927735
5.395902e-009	0.0144287
5.420902e-009	0.0339356
5.445902e-009	0.0167969
5.470902e-009	0.00986329
5.495902e-009	0.0285645
5.520902e-009	0.00769044
5.545902e-009	0.000415047
5.570902e-009	0.029126
5.595902e-009	0.0276611
5.620902e-009	0.0175049
5.645902e-009	0.0236816
5.670902e-009	0.0239258
5.695902e-009	0.0264649
5.720902e-009	0.0220215
5.745902e-009	0.0149902
5.770902e-009	0.0183838
5.795902e-009	0.0123047
5.820902e-009	0.0174072
5.845902e-009	0.0323486
5.870902e-009	0.0354981
5.895902e-009	0.0379883
5.920902e-009	0.0294678
5.945902e-009	0.0257813
5.970902e-009	0.0296387
5.995902e-009	0.0143066
6.020902e-009	0.0144043
6.045902e-009	0.0279297
6.070902e-009	0.0230957
6.095902e-009	0.0131836
6.120902e-009	0.00478516
6.145902e-009	0.0147705
6.170902e-009	0.0221436
6.195902e-009	0.0114746
6.220902e-009	0.0244629
6.245902e-009	0.0306885
6.270902e-009	0.0199951
6.295902e-009	0.0284668
6.320902e-009	0.0272217
6.345902e-009	0.016626
6.370902e-009	0.0246826
6.395902e-009	0.0303955
6.420902e-009	0.0215576
6.445902e-009	0.0193115
6.470902e-009	0.0288818
6.495902e-009	0.0229736
6.520902e-009	-0.00375976
6.545902e-009	-0.00336913
6.570902e-009	0.015625
6.595902e-009	0.00603028
6.620902e-009	0.0060547
6.645902e-009	0.0209473
6.670902e-009	0.0148193
6.695902e-009	0.014502
6.720902e-009	0.0204102
6.745902e-009	0.0129395
6.770902e-009	0.0122559
6.795902e-009	0.0208984
6.820902e-009	0.0211426
6.845902e-009	0.0184082
6.870902e-009	0.0203125
6.895902e-009	0.0202637
6.920902e-009	0.0136963
6.945902e-009	0.0145264
6.970902e-009	0.0306152
6.995902e-009	0.0368897
7.020902e-009	0.0290283
7.045902e-009	0.0162354
7.070902e-009	0.0141846
7.095902e-009	0.0224854
7.120902e-009	0.0154297
7.145902e-009	0.0230469
7.170902e-009	0.0310303
7.195902e-009	0.021167
7.220902e-009	0.0334473
7.245902e-009	0.0385986
7.270902e-009	0.0382568
7.295902e-009	0.0400635
7.320902e-009	0.0231201
7.345902e-009	0.0254883
7.370902e-009	0.0245361
7.395902e-009	0.00808106
7.420902e-009	0.0221191
7.445902e-009	0.0207275
7.470902e-009	0.00229493
7.495902e-009	0.0228272
7.520902e-009	0.0210938
7.545902e-009	0.00285645
7.570902e-009	0.0263916
7.595902e-009	0.0255371
7.620902e-009	0.00822755
7.645902e-009	0.0225098
7.670902e-009	0.0299805
7.695902e-009	0.0215332
7.720902e-009	0.0105225
7.745902e-009	0.00625001
7.770902e-009	0.0125977
7.795902e-009	0.0150635
7.820902e-009	0.00673829
7.845902e-009	0.0112061
7.870902e-009	0.033252
7.895902e-009	0.0349121
7.920902e-009	0.0107666
7.945902e-009	0.00239259
7.970902e-009	0.0232422
7.995902e-009	0.0288574
8.020902e-009	0.0262207
8.045902e-009	0.0279053
8.070902e-009	0.0117188
8.095902e-009	0.0166992
8.120902e-009	0.0239746
8.145902e-009	0.0156494
8.170902e-009	0.0230225
8.195902e-009	0.020044
8.220902e-009	0.0161865
8.245902e-009	0.0155029
8.270902e-009	0.0155029
8.295902e-009	0.024292
8.320902e-009	0.018042
8.345902e-009	0.0187744
8.370902e-009	0.0180908
8.395902e-009	0.00920411
8.420902e-009	0.0228516
8.445902e-009	0.0245117
8.470902e-009	0.00812989
8.495902e-009	0.00700684
8.520902e-009	0.022168
8.545902e-009	0.0298828
8.570902e-009	0.0238037
8.595902e-009	0.0246094
8.620902e-009	0.0203125
8.645902e-009	0.0140137
8.670902e-009	0.0233399
8.695902e-009	0.0328125
8.720902e-009	0.0243897
8.745902e-009	0.0131592
8.770902e-009	0.0207275
8.795902e-009	0.021167
8.820902e-009	0.0159668
8.845902e-009	0.0150635
8.870902e-009	0.0139404
8.895902e-009	0.0300537
8.920902e-009	0.029419
8.945902e-009	0.0127686
8.970902e-009	0.0161377
8.995902e-009	0.0225586
9.020902e-009	0.0247803
9.045902e-009	0.0135254
9.070902e-009	0.00454102
9.095902e-009	0.0194092
9.120902e-009	0.0261231
9.145902e-009	0.0214111
9.170902e-009	0.019751
9.195902e-009	0.0171143
9.220902e-009	0.0206543
9.245902e-009	0.0233887
9.270902e-009	0.0262451
9.295902e-009	0.036499
9.320902e-009	0.0300049
9.345902e-009	0.0189209
9.370902e-009	0.0260986
9.395902e-009	0.029541
9.420902e-009	0.019165
9.445902e-009	0.0072754
9.470902e-009	0.0164063
9.495902e-009	0.0287354
9.520902e-009	0.0186035
9.545902e-009	0.0161865
9.570902e-009	0.0186524
9.595902e-009	0.0157471
9.620902e-009	0.0198486
9.645902e-009	0.0158447
9.670902e-009	0.0123291
9.695902e-009	0.0177734
9.720902e-009	0.0125488
9.745902e-009	0.0132568
9.770902e-009	0.0240234
9.795902e-009	0.0202637
9.820902e-009	0.0223633
9.845902e-009	0.0230225
9.870902e-009	0.00822755
9.895902e-009	0.0190674
9.920902e-009	0.0252686
9.945902e-009	0.00898438
9.970902e-009	0.0124024
9.995902e-009	0.0136475
1.00209e-008	0.00734864
1.00459e-008	0.0036377
1.00709e-008	0.00791016
1.00959e-008	0.0179443
1.01209e-008	0.00510255
1.01459e-008	0.010669
1.01709e-008	0.0332031
1.01959e-008	0.0271484
1.02209e-008	0.02146
1.02459e-008	0.0205566
1.02709e-008	0.0206787
1.02959e-008	0.0274414
1.03209e-008	0.0328613
1.03459e-008	0.0385254
1.03709e-008	0.036792
1.03959e-008	0.0312988
1.04209e-008	0.0273682
1.04459e-008	0.0241699
1.04709e-008	0.0249268
1.04959e-008	0.0289307
1.05209e-008	0.0270264
1.05459e-008	0.0192383
1.05709e-008	0.0211182
1.05959e-008	0.0256104
1.06209e-008	0.0323975
1.06459e-008	0.0300537
1.06709e-008	0.0204346
1.06959e-008	0.0257568
1.07209e-008	0.010083
1.07459e-008	0.010376
1.07709e-008	0.0424805
1.07959e-008	0.031665
1.08209e-008	0.0214356
1.08459e-008	0.0250244
1.08709e-008	0.0191406
1.08959e-008	0.025
1.09209e-008	0.00627442
1.09459e-008	-0.00466308
1.09709e-008	0.0138672
1.09959e-008	0.0208984
1.10209e-008	0.0296631
1.10459e-008	0.0161621
1.10709e-008	0.000390632
1.10959e-008	0.0144775
1.11209e-008	0.00541993
1.11459e-008	0.00539552
1.11709e-008	0.0261231
1.11959e-008	0.0187744
1.12209e-008	0.0233643
1.12459e-008	0.0334473
1.12709e-008	0.0229004
1.12959e-008	0.0273926
1.13209e-008	0.0305908
1.13459e-008	0.0171875
1.13709e-008	0.0145996
1.13959e-008	0.0211914
1.14209e-008	0.0224365
1.14459e-008	0.0204346
1.14709e-008	0.0224854
1.14959e-008	0.0269775
1.15209e-008	0.0181397
1.15459e-008	0.0127686
1.15709e-008	0.0273926
1.15959e-008	0.0219482
1.16209e-008	0.0129883
1.16459e-008	0.0261475
1.16709e-008	0.0270508
1.16959e-008	0.0289307
1.17209e-008	0.0314209
1.17459e-008	0.02229
1.17709e-008	0.0167481
1.17959e-008	0.0158936
1.18209e-008	0.0255615
1.18459e-008	0.0193115
1.18709e-008	0.00559083
1.18959e-008	0.0084961
1.19209e-008	0.00590821
1.19459e-008	0.0141602
1.19709e-008	0.0176514
1.19959e-008	0.0138428
1.20209e-008	0.0315674
1.20459e-008	0.0282715
1.20709e-008	0.0206543
1.20959e-008	0.0314209
1.21209e-008	0.0213135
1.21459e-008	0.00993653
1.21709e-008	0.0165283
1.21959e-008	0.0257324
1.22209e-008	0.0251221
1.22459e-008	0.0205322
1.22709e-008	0.0226563
1.22959e-008	0.0222656
1.23209e-008	0.0229492
1.23459e-008	0.0203369
1.23709e-008	0.0193359
1.23959e-008	0.0288574
1.24209e-008	0.0196533
1.24459e-008	0.0091797
1.24709e-008	0.029126
1.24959e-008	0.0325195
1.25209e-008	0.0140869
1.25459e-008	0.0194824
1.25709e-008	0.0280029
1.25959e-008	0.033374
1.26209e-008	0.0298096
1.26459e-008	0.0107666
1.26709e-008	0.0190186
1.26959e-008	0.0328858
1.27209e-008	0.0362549
1.27459e-008	0.0255371
1.27709e-008	0.00217286
1.27959e-008	0.0148682
1.28209e-008	0.0241699
1.28459e-008	0.0199951
1.28709e-008	0.0307617
1.28959e-008	0.0163086
1.29209e-008	0.00344239
1.29459e-008	0.0123291
1.29709e-008	0.0114014
1.29959e-008	0.0125244
1.30209e-008	0.0110596
1.30459e-008	0.00998536
1.30709e-008	0.0275635
1.30959e-008	0.0254639
1.31209e-008	0.0113281
1.31459e-008	0.0222168
1.31709e-008	0.0253906
1.31959e-008	0.0179932
1.32209e-008	0.0255615
1.32459e-008	0.0295166
1.32709e-008	0.0269531
1.32959e-008	0.024707
1.33209e-008	0.0121582
1.33459e-008	0.0142578
1.33709e-008	0.0260986
1.33959e-008	0.0152588
1.34209e-008	0.0108643
1.34459e-008	0.0182129
1.34709e-008	0.0187988
1.34959e-008	0.0124512
1.35209e-008	0.00454102
1.35459e-008	0.0167481
1.35709e-008	0.0304932
1.35959e-008	0.0231934
1.36209e-008	0.0164063
1.36459e-008	0.0130371
1.36709e-008	0.0109619
1.36959e-008	0.0250977
1.37209e-008	0.0315674
1.37459e-008	0.0200928
1.37709e-008	0.0198242
1.37959e-008	0.0263428
1.38209e-008	0.032959
1.38459e-008	0.0276611
1.38709e-008	0.0114014
1.38959e-008	0.0188965
1.39209e-008	0.025293
1.39459e-008	0.0129639
1.39709e-008	0.0182861
1.39959e-008	0.0299316
1.40209e-008	0.019458
1.40459e-008	0.00822755
1.40709e-008	0.0168945
1.40959e-008	0.0205811
1.41209e-008	0.0130127
1.41459e-008	0.0172852
1.41709e-008	0.020166
1.41959e-008	0.0162842
1.42209e-008	0.0197998
1.42459e-008	0.0207031
1.42709e-008	0.0150391
1.42959e-008	0.0129883
1.43209e-008	0.0181397
1.43459e-008	0.0207275
1.43709e-008	0.0181152
1.43959e-008	0.0197998
1.44209e-008	0.0196777
1.44459e-008	0.0101807
1.44709e-008	0.0123047
1.44959e-008	0.0254883
1.45209e-008	0.0114014
1.45459e-008	0.000830086
1.45709e-008	0.0149414
1.45959e-008	0.0148682
1.46209e-008	0.016626
1.46459e-008	0.0218262
1.46709e-008	0.0277588
1.46959e-008	0.0303711
1.47209e-008	0.0043213
1.47459e-008	0.00322266
1.47709e-008	0.0259522
1.47959e-008	0.0199463
1.48209e-008	0.0160156
1.48459e-008	0.0306641
1.48709e-008	0.0384277
1.48959e-008	0.0270508
1.49209e-008	0.0185059
1.49459e-008	0.0230713
1.49709e-008	0.0239746
1.49959e-008	0.0307861
1.50209e-008	0.0337402
1.50459e-008	0.0208008
1.50709e-008	0.0259522
1.50959e-008	0.0348633
1.51209e-008	0.0194824
1.51459e-008	0.0134033
1.51709e-008	0.0166504
1.51959e-008	0.0185547
1.52209e-008	0.0238525
1.52459e-008	0.0140381
1.52709e-008	0.0137207
1.52959e-008	0.0250733
1.53209e-008	0.0104248
1.53459e-008	0.00317384
1.53709e-008	0.0169434
1.53959e-008	0.0182373
1.54209e-008	0.0247315
1.54459e-008	0.0325928
1.54709e-008	0.021167
1.54959e-008	0.0132813
1.55209e-008	0.00673829
1.55459e-008	0.0146729
1.55709e-008	0.032251
1.55959e-008	0.0177734
1.56209e-008	0.00964356
1.56459e-008	0.0181885
1.56709e-008	0.0161865
1.56959e-008	0.0271729
1.57209e-008	0.0306152
1.57459e-008	0.0162354
1.57709e-008	0.0133545
1.57959e-008	0.00695802
1.58209e-008	0.00422364
1.58459e-008	0.0180664
1.58709e-008	0.0242676
1.58959e-008	0.0237305
1.59209e-008	0.0217285
1.59459e-008	0.0191895
1.59709e-008	0.0191406
1.59959e-008	0.0226318
1.60209e-008	0.0284424
1.60459e-008	0.0242432
1.60709e-008	0.0254395
1.60959e-008	0.0259522
1.61209e-008	0.0149658
1.61459e-008	0.0233399
1.61709e-008	0.0336182
1.61959e-008	0.0270752
1.62209e-008	0.0264893
1.62459e-008	0.0269775
1.62709e-008	0.0183838
1.62959e-008	0.0151611
1.63209e-008	0.0166748
1.63459e-008	0.0130127
1.63709e-008	0.0155029
1.63959e-008	0.0227051
1.64209e-008	0.0191895
1.64459e-008	0.0157959
1.64709e-008	0.0269043
1.64959e-008	0.0281983
1.65209e-008	0.0116943
1.65459e-008	0.013501
1.65709e-008	0.0265381
1.65959e-008	0.0238281
1.66209e-008	0.0249268
1.66459e-008	0.0293457
1.66709e-008	0.0233643
1.66959e-008	0.0183838
1.67209e-008	0.00759278
1.67459e-008	0.00720216
1.67709e-008	0.0229248
1.67959e-008	0.0236572
1.68209e-008	0.0184082
1.68459e-008	0.0179443
1.68709e-008	0.0211182
1.68959e-008	0.0215088
1.69209e-008	0.0189697
1.69459e-008	0.0217041
1.69709e-008	0.0178223
1.69959e-008	0.0151123
1.70209e-008	0.0230469
1.70459e-008	0.0279297
1.70709e-008	0.015332
1.70959e-008	0.0174561
1.71209e-008	0.0324219
1.71459e-008	0.00864259
1.71709e-008	0.00117188
1.71959e-008	0.0174316
1.72209e-008	0.0107666
1.72459e-008	0.0152344
1.72709e-008	0.0279053
1.72959e-008	0.0368164
1.73209e-008	0.0307861
1.73459e-008	0.0143311
1.73709e-008	0.0173584
1.73959e-008	0.0216309
1.74209e-008	0.0254639
1.74459e-008	0.0285156
1.74709e-008	0.024585
1.74959e-008	0.0292236
1.75209e-008	0.0301758
1.75459e-008	0.0256592
1.75709e-008	0.0231934
1.75959e-008	0.0161621
1.76209e-008	0.0198731
1.76459e-008	0.0318359
1.76709e-008	0.0312012
1.76959e-008	0.0266846
1.77209e-008	0.0271729
1.77459e-008	0.0191162
1.77709e-008	0.00871583
1.77959e-008	0.0221436
1.78209e-008	0.0349609
1.78459e-008	0.0189941
1.78709e-008	0.0111084
1.78959e-008	0.0164307
1.79209e-008	0.0105469
1.79459e-008	0.0135498
1.79709e-008	0.0174805
1.79959e-008	0.00920411
1.80209e-008	0.0227783
1.80459e-008	0.0362061
1.80709e-008	0.0202149
1.80959e-008	0.0189941
1.81209e-008	0.0295899
1.81459e-008	0.0251953
1.81709e-008	0.0233154
1.81959e-008	0.0165772
1.82209e-008	0.0119385
1.82459e-008	0.0197754
1.82709e-008	0.025293
1.82959e-008	0.035791
1.83209e-008	0.0315186
1.83459e-008	0.0194336
1.83709e-008	0.0277344
1.83959e-008	0.0217774
1.84209e-008	0.00908204
1.84459e-008	0.0178467
1.84709e-008	0.0317871
1.84959e-008	0.0398438
1.85209e-008	0.0393799
1.85459e-008	0.0348145
1.85709e-008	0.0271484
1.85959e-008	0.0201172
1.86209e-008	0.0202393
1.86459e-008	0.0229736
1.86709e-008	0.0284912
1.86959e-008	0.030249
1.87209e-008	0.0205566
1.87459e-008	0.0176758
1.87709e-008	0.0218994
1.87959e-008	0.0131592
1.88209e-008	0.0165772
1.88459e-008	0.028418
1.88709e-008	0.0218018
1.88959e-008	0.0203369
1.89209e-008	0.0185791
1.89459e-008	0.017334
1.89709e-008	0.030835
1.89959e-008	0.0312744
1.90209e-008	0.0239258
1.90459e-008	0.0149658
1.90709e-008	0.00473634
1.90959e-008	0.0154297
1.91209e-008	0.0195801
1.91459e-008	0.00422364
1.91709e-008	0.0123291
1.91959e-008	0.0253906
1.92209e-008	0.0142578
1.92459e-008	0.0191162
1.92709e-008	0.0351318
1.92959e-008	0.0291992
1.93209e-008	0.0239502
1.93459e-008	0.025415
1.93709e-008	0.020874
1.93959e-008	0.0241699
1.94209e-008	0.0330566
1.94459e-008	0.0234863
1.94709e-008	0.0167481
1.94959e-008	0.0323731
1.95209e-008	0.0317383
1.95459e-008	0.0263916
1.95709e-008	0.0333008
1.95959e-008	0.0221436
1.96209e-008	0.0203613
1.96459e-008	0.0284424
1.96709e-008	0.0213623
1.96959e-008	0.0202393
1.97209e-008	0.0148682
1.97459e-008	0.0144287
1.97709e-008	0.0261963
1.97959e-008	0.0229492
1.98209e-008	0.0249268
1.98459e-008	0.0250977
1.98709e-008	0.015918
1.98959e-008	0.020874
1.99209e-008	0.0168701
1.99459e-008	0.014624
1.99709e-008	0.0163818
1.99959e-008	0.0106934
2.00209e-008	0.0167725
2.00459e-008	0.0103516
2.00709e-008	0.0202393
2.00959e-008	0.0404785
2.01209e-008	0.0155518
2.01459e-008	0.00678712
2.01709e-008	0.0194092
2.01959e-008	0.0165772
2.02209e-008	0.0240723
2.02459e-008	0.0233399
2.02709e-008	0.00488282
2.02959e-008	0.00446778
2.03209e-008	0.0154053
2.03459e-008	0.0169434
2.03709e-008	0.0228516
2.03959e-008	0.0189941
2.04209e-008	0.015332
2.04459e-008	0.0223877
2.04709e-008	0.00812989
2.04959e-008	0.00957032
2.05209e-008	0.0178955
2.05459e-008	0.00871583
2.05709e-008	0.0252686
2.05959e-008	0.0335205
2.06209e-008	0.0232422
2.06459e-008	0.0236084
2.06709e-008	0.0235596
2.06959e-008	0.0268799
2.07209e-008	0.0224609
2.07459e-008	0.0223389
2.07709e-008	0.0299805
2.07959e-008	0.0147705
2.08209e-008	0.0116455
2.08459e-008	0.0230957
2.08709e-008	0.026001
2.08959e-008	0.0298584
2.09209e-008	0.0119629
2.09459e-008	0.00947266
2.09709e-008	0.0289795
2.09959e-008	0.0194824
2.10209e-008	0.0235596
2.10459e-008	0.0323486
2.10709e-008	0.0177246
2.10959e-008	0.0139893
2.11209e-008	0.00895997
2.11459e-008	0.00810548
2.11709e-008	0.0141602
2.11959e-008	0.0128174
2.12209e-008	0.0181641
2.12459e-008	0.0165527
2.12709e-008	0.0131836
2.12959e-008	0.0175293
2.13209e-008	0.0118897
2.13459e-008	0.00996095
2.13709e-008	0.0118897
2.13959e-008	0.00629884
2.14209e-008	0.00981446
2.14459e-008	0.0121338
2.14709e-008	0.00612794
2.14959e-008	0.0144043
2.15209e-008	0.0136475
2.15459e-008	0.0052002
2.15709e-008	0.0225098
2.15959e-008	0.0298584
2.16209e-008	0.0237061
2.16459e-008	0.0247315
2.16709e-008	0.0269287
2.16959e-008	0.0388672
2.17209e-008	0.0261231
2.17459e-008	0.00375977
2.17709e-008	0.0210938
2.17959e-008	0.0334961
2.18209e-008	0.0304932
2.18459e-008	0.0291748
2.18709e-008	0.0256836
2.18959e-008	0.0268066
2.19209e-008	0.0133057
2.19459e-008	0.00844727
2.19709e-008	0.0222412
2.19959e-008	0.0249512
2.20209e-008	0.027124
2.20459e-008	0.0207031
2.20709e-008	0.0182129
2.20959e-008	0.0237061
2.21209e-008	0.0197022
2.21459e-008	0.0304199
2.21709e-008	0.0308106
2.21959e-008	0.0195068
2.22209e-008	0.0256104
2.22459e-008	0.0197266
2.22709e-008	0.0185303
2.22959e-008	0.0258301
2.23209e-008	0.0131348
2.23459e-008	0.0076172
2.23709e-008	0.011792
2.23959e-008	0.0188721
2.24209e-008	0.0258057
2.24459e-008	0.018042
2.24709e-008	0.0206055
2.24959e-008	0.0274902
2.25209e-008	0.0228272
2.25459e-008	0.0329834
2.25709e-008	0.0330811
2.25959e-008	0.0157959
2.26209e-008	0.0226807
2.26459e-008	0.0253906
2.26709e-008	0.0171875
2.26959e-008	0.0304199
2.27209e-008	0.0325195
2.27459e-008	0.0136475
2.27709e-008	0.008667
2.27959e-008	0.0197266
2.28209e-008	0.0228516
2.28459e-008	0.021582
2.28709e-008	0.0261963
2.28959e-008	0.0124512
2.29209e-008	-0.00312499
2.29459e-008	0.0124024
2.29709e-008	0.0286621
2.29959e-008	0.0255371
2.30209e-008	0.026001
2.30459e-008	0.0246826
2.30709e-008	0.0205078
2.30959e-008	0.0281738
2.31209e-008	0.0220703
2.31459e-008	0.0124512
2.31709e-008	0.0136963
2.31959e-008	0.0138184
2.32209e-008	0.022583
2.32459e-008	0.0206299
2.32709e-008	0.0160889
2.32959e-008	0.0206055
2.33209e-008	0.0131104
2.33459e-008	0.011377
2.33709e-008	0.0186279
2.33959e-008	0.0194824
2.34209e-008	0.0180908
2.34459e-008	0.0190186
2.34709e-008	0.020166
2.34959e-008	0.0150391
2.35209e-008	0.0116943
2.35459e-008	0.0212402
2.35709e-008	0.0221924
2.35959e-008	0.0126709
2.36209e-008	0.0207031
2.36459e-008	0.0250488
2.36709e-008	0.0209961
2.36959e-008	0.0288574
2.37209e-008	0.026294
2.37459e-008	0.0170654
2.37709e-008	0.0167969
2.37959e-008	0.0209717
2.38209e-008	0.0270264
2.38459e-008	0.0237061
2.38709e-008	0.0207764
2.38959e-008	0.0252686
2.39209e-008	0.0250733
2.39459e-008	0.0299805
2.39709e-008	0.0268066
2.39959e-008	0.014917
2.40209e-008	0.0229004
2.40459e-008	0.024292
2.40709e-008	0.0221191
2.40959e-008	0.032544
2.41209e-008	0.0285889
2.41459e-008	0.0216553
2.41709e-008	0.0174072
2.41959e-008	0.0179688
2.42209e-008	0.027124
2.42459e-008	0.0233887
2.42709e-008	0.016919
2.42959e-008	0.0165772
2.43209e-008	0.0156738
2.43459e-008	0.0169434
2.43709e-008	0.018335
2.43959e-008	0.0184326
2.44209e-008	0.0170899
2.44459e-008	0.0171875
2.44709e-008	0.0225098
2.44959e-008	0.0236816
2.45209e-008	0.0198486
2.45459e-008	0.0289063
2.45709e-008	0.0313477
2.45959e-008	0.0185791
2.46209e-008	0.0215576
2.46459e-008	0.0162109
2.46709e-008	0.00759278
2.46959e-008	0.0254395
2.47209e-008	0.025415
2.47459e-008	0.0118164
2.47709e-008	0.0162842
2.47959e-008	0.0261231
2.48209e-008	0.0262451
2.48459e-008	0.0138672
2.48709e-008	0.0212158
2.48959e-008	0.027417
2.49209e-008	0.0010254
2.49459e-008	0.0134522
2.49709e-008	0.0421143
2.49959e-008	0.0171631
2.50209e-008	0.0175049
2.50459e-008	0.0382813
2.50709e-008	0.02229
2.50959e-008	0.0203369
2.51209e-008	0.0204834
2.51459e-008	0.0192139
2.51709e-008	0.0286377
2.51959e-008	0.0184815
2.52209e-008	0.0192383
2.52459e-008	0.0231201
2.52709e-008	0.0194824
2.52959e-008	0.0284912
2.53209e-008	0.0198242
2.53459e-008	0.0123535
2.53709e-008	0.0251953
2.53959e-008	0.0250733
2.54209e-008	0.0209473
2.54459e-008	0.0189209
2.54709e-008	0.0181641
2.54959e-008	0.0296387
2.55209e-008	0.030957
2.55459e-008	0.0265137
2.55709e-008	0.0243164
2.55959e-008	0.016626
2.56209e-008	0.0181397
2.56459e-008	0.0108643
2.56709e-008	0.00473634
2.56959e-008	0.0161133
2.57209e-008	0.0141602
2.57459e-008	0.0197022
2.57709e-008	0.0315918
2.57959e-008	0.0209961
2.58209e-008	0.0166504
2.58459e-008	0.0195068
2.58709e-008	0.0226074
2.58959e-008	0.0270996
2.59209e-008	0.00908204
2.59459e-008	0.00434571
2.59709e-008	0.0268555
2.59959e-008	0.0193115
2.60209e-008	0.0112061
2.60459e-008	0.0217529
2.60709e-008	0.00708009
2.60959e-008	0.00473634
2.61209e-008	0.0143311
2.61459e-008	0.00810548
2.61709e-008	0.0199707
2.61959e-008	0.0256348
2.62209e-008	0.0189453
2.62459e-008	0.0133545
2.62709e-008	0.00842286
2.62959e-008	0.0235352
2.63209e-008	0.0133057
2.63459e-008	0.00151368
2.63709e-008	0.0233887
2.63959e-008	0.02854
2.64209e-008	0.0311768
2.64459e-008	0.0189697
2.64709e-008	-0.00395507
2.64959e-008	0.0102051
2.65209e-008	0.0233399
2.65459e-008	0.0208984
2.65709e-008	0.0160889
2.65959e-008	0.00270997
2.66209e-008	0.0146973
2.66459e-008	0.0373047
2.66709e-008	0.0257568
2.66959e-008	0.0163574
2.67209e-008	0.0177002
2.67459e-008	0.0220459
2.67709e-008	0.0330078
2.67959e-008	0.0183838
2.68209e-008	0.0120117
2.68459e-008	0.0268066
2.68709e-008	0.0280029
2.68959e-008	0.0263916
2.69209e-008	0.0157227
2.69459e-008	0.0084961
2.69709e-008	0.0206787
2.69959e-008	0.0217041
2.70209e-008	0.0134277
2.70459e-008	0.0167481
2.70709e-008	0.0197998
2.70959e-008	0.0148926
2.71209e-008	0.00993653
2.71459e-008	0.0116943
2.71709e-008	0.019043
2.71959e-008	0.0170654
2.72209e-008	0.0133057
2.72459e-008	0.0180176
2.72709e-008	0.0234863
2.72959e-008	0.0264404
2.73209e-008	0.017041
2.73459e-008	0.0111572
2.73709e-008	0.0190674
2.73959e-008	0.015918
2.74209e-008	0.0113525
2.74459e-008	0.0243652
2.74709e-008	0.0371826
2.74959e-008	0.0351807
2.75209e-008	0.0272705
2.75459e-008	0.0198975
2.75709e-008	0.0155274
2.75959e-008	0.0221191
2.76209e-008	0.0247803
2.76459e-008	0.0141602
2.76709e-008	0.0171631
2.76959e-008	0.0101563
2.77209e-008	-0.0133545
2.77459e-008	0.00637208
2.77709e-008	0.0251953
2.77959e-008	0.0118652
2.78209e-008	0.0221436
2.78459e-008	0.0327881
2.78709e-008	0.0213379
2.78959e-008	0.0126221
2.79209e-008	0.0121582
2.79459e-008	0.0115479
2.79709e-008	0.0114014
2.79959e-008	0.0191162
2.80209e-008	0.0200928
2.80459e-008	0.017749
2.80709e-008	0.0209717
2.80959e-008	0.0162354
2.81209e-008	0.0128662
2.81459e-008	0.0219727
2.81709e-008	0.0303223
2.81959e-008	0.0260254
2.82209e-008	0.0174072
2.82459e-008	0.0198242
2.82709e-008	0.0321045
2.82959e-008	0.0315674
2.83209e-008	0.0174805
2.83459e-008	0.0224854
2.83709e-008	0.0283203
2.83959e-008	0.0181397
2.84209e-008	0.024707
2.84459e-008	0.0185791
2.84709e-008	0.00583497
2.84959e-008	0.0260986
2.85209e-008	0.0265381
2.85459e-008	0.00756837
2.85709e-008	0.0115234
2.85959e-008	0.0207031
2.86209e-008	0.0203857
2.86459e-008	0.0214356
2.86709e-008	0.0246582
2.86959e-008	0.0214111
2.87209e-008	0.0273438
2.87459e-008	0.0301758
2.87709e-008	0.0217529
2.87959e-008	0.0227539
2.88209e-008	0.0213623
2.88459e-008	0.0205078
2.88709e-008	0.0279297
2.88959e-008	0.0245361
2.89209e-008	0.00964356
2.89459e-008	0.0133057
2.89709e-008	0.0247315
2.89959e-008	0.0177002
2.90209e-008	0.0205322
2.90459e-008	0.0241699
2.90709e-008	0.0212891
2.90959e-008	0.0254395
2.91209e-008	0.00930177
2.91459e-008	0.00463868
2.91709e-008	0.0227539
2.91959e-008	0.0166016
2.92209e-008	0.0178223
2.92459e-008	0.0261719
2.92709e-008	0.0215088
2.92959e-008	0.0292725
2.93209e-008	0.0148193
2.93459e-008	0.00156251
2.93709e-008	0.0161377
2.93959e-008	0.00651856
2.94209e-008	0.00529786
2.94459e-008	0.0164063
2.94709e-008	0.012915
2.94959e-008	0.0201416
2.95209e-008	0.0145752
2.95459e-008	0.00739747
2.95709e-008	0.0238037
2.95959e-008	0.0200684
2.96209e-008	0.0154053
2.96459e-008	0.0288818
2.96709e-008	0.0240967
2.96959e-008	0.0284668
2.97209e-008	0.0344727
2.97459e-008	0.0220947
2.97709e-008	0.0297119
2.97959e-008	0.0317383
2.98209e-008	0.0207764
2.98459e-008	0.0206055
2.98709e-008	0.0241455
2.98959e-008	0.0303467
2.99209e-008	0.0214844
2.99459e-008	0.0193359
2.99709e-008	0.0287354
2.99959e-008	0.0187012
3.00209e-008	0.014502
3.00459e-008	0.0158447
3.00709e-008	0.0272461
3.00959e-008	0.0525391
3.01209e-008	0.0419922
3.01459e-008	0.0140137
3.01709e-008	0.0151123
3.01959e-008	0.0301514
3.02209e-008	0.0304443
3.02459e-008	0.0133789
3.02709e-008	0.0125488
3.02959e-008	0.0252197
3.03209e-008	0.0101807
3.03459e-008	-0.0027832
3.03709e-008	0.00651856
3.03959e-008	0.0132813
3.04209e-008	0.0290772
3.04459e-008	0.033374
3.04709e-008	0.0256592
3.04959e-008	0.0324219
3.05209e-008	0.0268066
3.05459e-008	0.0196289
3.05709e-008	0.0162109
3.05959e-008	0.00825196
3.06209e-008	0.0220459
3.06459e-008	0.0304443
3.06709e-008	0.0182129
3.06959e-008	0.015918
3.07209e-008	0.0179932
3.07459e-008	0.0189941
3.07709e-008	0.0212647
3.07959e-008	0.0113281
3.08209e-008	0.00827637
3.08459e-008	0.0225586
3.08709e-008	0.02229
3.08959e-008	0.00964356
3.09209e-008	0.0108643
3.09459e-008	0.0210205
3.09709e-008	0.0218018
3.09959e-008	0.0202881
3.10209e-008	0.0165283
3.10459e-008	0.00895997
3.10709e-008	0.0293701
3.10959e-008	0.0409912
3.11209e-008	0.0091797
3.11459e-008	0.0127197
3.11709e-008	0.0380371
3.11959e-008	0.0149414
3.12209e-008	0.00200196
3.12459e-008	0.0220459
3.12709e-008	0.031543
3.12959e-008	0.0232178
3.13209e-008	0.00893555
3.13459e-008	0.012915
3.13709e-008	0.0144775
3.13959e-008	0.00983887
3.14209e-008	0.0275147
3.14459e-008	0.034082
3.14709e-008	0.0274414
3.14959e-008	0.0260986
3.15209e-008	0.0129395
3.15459e-008	0.0101318
3.15709e-008	0.0269287
3.15959e-008	0.0275147
3.16209e-008	0.0171631
3.16459e-008	0.0161865
3.16709e-008	0.0204346
3.16959e-008	0.0232422
3.17209e-008	0.0176758
3.17459e-008	0.0212158
3.17709e-008	0.0309815
3.17959e-008	0.0308838
3.18209e-008	0.0366455
3.18459e-008	0.0310791
3.18709e-008	0.0196289
3.18959e-008	0.0219482
3.19209e-008	0.0149658
3.19459e-008	0.0204346
3.19709e-008	0.0343506
3.19959e-008	0.0160645
3.20209e-008	0.0060547
3.20459e-008	0.0197022
3.20709e-008	0.0259277
3.20959e-008	0.0320557
3.21209e-008	0.0258545
3.21459e-008	0.0170899
3.21709e-008	0.0264893
3.21959e-008	0.0221436
3.22209e-008	0.0122315
3.22459e-008	0.0116943
3.22709e-008	0.0187988
3.22959e-008	0.0290527
3.23209e-008	0.0134766
3.23459e-008	0.0071045
3.23709e-008	0.0263184
3.23959e-008	0.0291992
3.24209e-008	0.0239502
3.24459e-008	0.0194092
3.24709e-008	0.0232422
3.24959e-008	0.0298584
3.25209e-008	0.019751
3.25459e-008	0.0162109
3.25709e-008	0.0210449
3.25959e-008	0.0221924
3.26209e-008	0.0197998
3.26459e-008	0.0105713
3.26709e-008	0.0198975
3.26959e-008	0.044043
3.27209e-008	0.0412598
3.27459e-008	0.0268311
3.27709e-008	0.0255615
3.27959e-008	0.0240234
3.28209e-008	0.0302002
3.28459e-008	0.0308594
3.28709e-008	0.0110352
3.28959e-008	0.014209
3.29209e-008	0.0247803
3.29459e-008	0.00861817
3.29709e-008	0.00749512
3.29959e-008	0.0216553
3.30209e-008	0.021167
3.30459e-008	0.0217529
3.30709e-008	0.0291016
3.30959e-008	0.0247315
3.31209e-008	0.0159424
3.31459e-008	0.0213379
3.31709e-008	0.0210205
3.31959e-008	0.0167481
3.32209e-008	0.019043
3.32459e-008	0.00541993
3.32709e-008	0.0104004
3.32959e-008	0.0308594
3.33209e-008	0.0205322
3.33459e-008	0.0164795
3.33709e-008	0.020166
3.33959e-008	0.014917
3.34209e-008	0.026001
3.34459e-008	0.0313721
3.34709e-008	0.0204102
3.34959e-008	0.0157227
3.35209e-008	0.0145508
3.35459e-008	0.0235596
3.35709e-008	0.0280029
3.35959e-008	0.00998536
3.36209e-008	0.0147705
3.36459e-008	0.0259766
3.36709e-008	0.0202881
3.36959e-008	0.0280274
3.37209e-008	0.0244385
3.37459e-008	0.0206299
3.37709e-008	0.0268799
3.37959e-008	0.019751
3.38209e-008	0.0107666
3.38459e-008	0.0060547
3.38709e-008	0.0156006
3.38959e-008	0.0179199
3.39209e-008	0.0108887
3.39459e-008	0.0188721
3.39709e-008	0.0225342
3.39959e-008	0.0197266
3.40209e-008	0.0226074
3.40459e-008	0.0282715
3.40709e-008	0.025415
3.40959e-008	0.0208008
3.41209e-008	0.0226563
3.41459e-008	0.024292
3.41709e-008	0.0244629
3.41959e-008	0.0186279
3.42209e-008	0.0167969
3.42459e-008	0.016919
3.42709e-008	0.0193359
3.42959e-008	0.0283447
3.43209e-008	0.0230225
3.43459e-008	0.0188965
3.43709e-008	0.026416
3.43959e-008	0.025
3.44209e-008	0.021582
3.44459e-008	0.0189453
3.44709e-008	0.0208984
3.44959e-008	0.023877
3.45209e-008	0.0113525
3.45459e-008	0.0137451
3.45709e-008	0.0216797
3.45959e-008	0.0133301
3.46209e-008	0.0156982
3.46459e-008	0.00429688
3.46709e-008	-0.00263671
3.46959e-008	0.01875
3.47209e-008	0.0224854
3.47459e-008	0.0160645
3.47709e-008	0.0100098
3.47959e-008	0.0130371
3.48209e-008	0.0331787
3.48459e-008	0.0344483
3.48709e-008	0.0222412
3.48959e-008	0.0145264
3.49209e-008	0.00844727
3.49459e-008	0.0172363
3.49709e-008	0.0303711
3.49959e-008	0.0262695
3.50209e-008	0.0187256
3.50459e-008	0.0127686
3.50709e-008	0.0109619
3.50959e-008	0.0249268
3.51209e-008	0.0270996
3.51459e-008	0.0253418
3.51709e-008	0.0336426
3.51959e-008	0.0256592
3.52209e-008	0.0206055
3.52459e-008	0.0154541
3.52709e-008	0.0161377
3.52959e-008	0.0370117
3.53209e-008	0.0246338
3.53459e-008	0.0133057
3.53709e-008	0.0268066
3.53959e-008	0.019751
3.54209e-008	0.0321289
3.54459e-008	0.0401123
3.54709e-008	0.00754395
3.54959e-008	0.0124512
3.55209e-008	0.0324707
3.55459e-008	0.0199463
3.55709e-008	0.0257568
3.55959e-008	0.0354004
3.56209e-008	0.0287354
3.56459e-008	0.0206543
3.56709e-008	0.0114746
3.56959e-008	0.0189453
3.57209e-008	0.0209961
3.57459e-008	0.0154297
3.57709e-008	0.0173584
3.57959e-008	0.0176514
3.58209e-008	0.0296387
3.58459e-008	0.0281983
3.58709e-008	0.017334
3.58959e-008	0.0193604
3.59209e-008	0.0126465
3.59459e-008	0.0137451
3.59709e-008	0.0235596
3.59959e-008	0.0232422
3.60209e-008	0.0182129
3.60459e-008	0.0161377
3.60709e-008	0.0232178
3.60959e-008	0.0211914
3.61209e-008	0.0125977
3.61459e-008	0.0172852
3.61709e-008	0.0148926
3.61959e-008	0.00891114
3.62209e-008	0.0240723
3.62459e-008	0.0357422
3.62709e-008	0.0259522
3.62959e-008	0.0140381
3.63209e-008	0.0164307
3.63459e-008	0.0246826
3.63709e-008	0.0201904
3.63959e-008	0.0152832
3.64209e-008	0.0249268
3.64459e-008	0.0321533
3.64709e-008	0.0205811
3.64959e-008	0.0152832
3.65209e-008	0.0258545
3.65459e-008	0.0182129
3.65709e-008	0.00964356
3.65959e-008	0.0185547
3.66209e-008	0.0227539
3.66459e-008	0.0148682
3.66709e-008	0.00708009
3.66959e-008	0.0203857
3.67209e-008	0.0246094
3.67459e-008	0.0098877
3.67709e-008	0.0137451
3.67959e-008	0.0162109
3.68209e-008	0.0119629
3.68459e-008	0.0164063
3.68709e-008	0.0163574
3.68959e-008	0.00993653
3.69209e-008	0.0118897
3.69459e-008	0.024292
3.69709e-008	0.023291
3.69959e-008	0.0181152
3.70209e-008	0.0204102
3.70459e-008	0.0171631
3.70709e-008	0.0264649
3.70959e-008	0.0328858
3.71209e-008	0.0172119
3.71459e-008	0.0179199
3.71709e-008	0.0249756
3.71959e-008	0.0142334
3.72209e-008	0.019751
3.72459e-008	0.023584
3.72709e-008	0.00812989
3.72959e-008	0.0106201
3.73209e-008	0.014209
3.73459e-008	0.0123779
3.73709e-008	0.0184082
3.73959e-008	0.0269775
3.74209e-008	0.0328125
3.74459e-008	0.0137207
3.74709e-008	0.00852052
3.74959e-008	0.0255127
3.75209e-008	0.0185547
3.75459e-008	0.0139649
3.75709e-008	0.0202149
3.75959e-008	0.0233154
3.76209e-008	0.00993653
3.76459e-008	-0.00388183
3.76709e-008	0.0190918
3.76959e-008	0.0285889
3.77209e-008	0.0227539
3.77459e-008	0.0293457
3.77709e-008	0.0262451
3.77959e-008	0.0288818
3.78209e-008	0.0249756
3.78459e-008	0.00808106
3.78709e-008	0.0105469
3.78959e-008	0.0249268
3.79209e-008	0.0204102
3.79459e-008	0.00617677
3.79709e-008	0.0136963
3.79959e-008	0.0320313
3.80209e-008	0.0288818
3.80459e-008	0.00673829
3.80709e-008	0.0145508
3.80959e-008	0.0390625
3.81209e-008	0.032544
3.81459e-008	0.0223145
3.81709e-008	0.0213623
3.81959e-008	0.0250244
3.82209e-008	0.0220947
3.82459e-008	0.00378419
3.82709e-008	0.0111572
3.82959e-008	0.0363525
3.83209e-008	0.0256104
3.83459e-008	0.00390626
3.83709e-008	0.0147461
3.83959e-008	0.0180176
3.84209e-008	0.00759278
3.84459e-008	0.0116455
3.84709e-008	0.0141113
3.84959e-008	0.0163818
3.85209e-008	0.0162598
3.85459e-008	0.0175781
3.85709e-008	0.0231445
3.85959e-008	0.0168213
3.86209e-008	0.00634766
3.86459e-008	0.00700684
3.86709e-008	0.0259277
3.86959e-008	0.0283447
3.87209e-008	0.0203369
3.87459e-008	0.0337158
3.87709e-008	0.0276611
3.87959e-008	0.0158203
3.88209e-008	0.0236816
3.88459e-008	0.0229981
3.88709e-008	0.0271484
3.88959e-008	0.0239258
3.89209e-008	-0.00205077
3.89459e-008	0.00307618
3.89709e-008	0.0286865
3.89959e-008	0.022583
3.90209e-008	0.015918
3.90459e-008	0.0258789
3.90709e-008	0.0322022
3.90959e-008	0.031665
3.91209e-008	0.014917
3.91459e-008	0.00886231
3.91709e-008	0.0242676
3.91959e-008	0.0275147
3.92209e-008	0.0323486
3.92459e-008	0.0321289
3.92709e-008	0.00903321
3.92959e-008	0.00483399
3.93209e-008	0.0098877
3.93459e-008	0.00512696
3.93709e-008	0.0148926
3.93959e-008	0.0204102
3.94209e-008	0.0207031
3.94459e-008	0.0218262
3.94709e-008	0.0145508
3.94959e-008	0.0180664
3.95209e-008	0.0204346
3.95459e-008	0.0212402
3.95709e-008	0.0227539
3.95959e-008	0.0129883
3.96209e-008	0.0164063
3.96459e-008	0.0195313
3.96709e-008	0.0161865
3.96959e-008	0.0288574
3.97209e-008	0.0241699
3.97459e-008	0.00664063
3.97709e-008	0.0221191
3.97959e-008	0.0342529
3.98209e-008	0.0178955
3.98459e-008	0.0161377
3.98709e-008	0.027832
3.98959e-008	0.0239014
3.99209e-008	0.0173096
3.99459e-008	0.0259277
3.99709e-008	0.0291748
3.99959e-008	0.025415
4.00209e-008	0.0241943
4.00459e-008	0.0147461
4.00709e-008	0.0287842
4.00959e-008	0.0497559
4.01209e-008	0.029541
4.01459e-008	0.0155762
4.01709e-008	0.0276856
4.01959e-008	0.0300537
4.02209e-008	0.0295166
4.02459e-008	0.031958
4.02709e-008	0.026294
4.02959e-008	0.0197266
4.03209e-008	0.0105713
4.03459e-008	0.0100342
4.03709e-008	0.0292236
4.03959e-008	0.0273193
4.04209e-008	0.0111084
4.04459e-008	0.015332
4.04709e-008	0.0177979
4.04959e-008	0.0173584
4.05209e-008	0.0163818
4.05459e-008	0.0103516
4.05709e-008	0.021582
4.05959e-008	0.0351318
4.06209e-008	0.0270752
4.06459e-008	0.0142822
4.06709e-008	0.0146973
4.06959e-008	0.0213867
4.07209e-008	0.0246094
4.07459e-008	0.0247315
4.07709e-008	0.0181641
4.07959e-008	0.0178223
4.08209e-008	0.0224854
4.08459e-008	0.0218994
4.08709e-008	0.0315186
4.08959e-008	0.0274902
4.09209e-008	0.0145264
4.09459e-008	0.0211426
4.09709e-008	0.018335
4.09959e-008	0.0195801
4.10209e-008	0.0265869
4.10459e-008	0.00947266
4.10709e-008	0.00881348
4.10959e-008	0.0201172
4.11209e-008	0.0102539
4.11459e-008	0.0152832
4.11709e-008	0.0255371
4.11959e-008	0.020044
4.12209e-008	0.0303223
4.12459e-008	0.0361816
4.12709e-008	0.0225586
4.12959e-008	0.0248779
4.13209e-008	0.0304443
4.13459e-008	0.0193604
4.13709e-008	0.0156006
4.13959e-008	0.0176758
4.14209e-008	0.0130371
4.14459e-008	0.0223389
4.14709e-008	0.0375244
4.14959e-008	0.0302734
4.15209e-008	0.0216309
4.15459e-008	0.022583
4.15709e-008	0.0205566
4.15959e-008	0.0290772
4.16209e-008	0.0309082
4.16459e-008	0.0189697
4.16709e-008	0.0236084
4.16959e-008	0.0274902
4.17209e-008	0.0206543
4.17459e-008	0.021875
4.17709e-008	0.0217041
4.17959e-008	0.0161133
4.18209e-008	0.0227783
4.18459e-008	0.0246094
4.18709e-008	0.0144775
4.18959e-008	0.0270264
4.19209e-008	0.0317871
4.19459e-008	0.0181397
4.19709e-008	0.0298096
4.19959e-008	0.0369385
4.20209e-008	0.0149414
4.20459e-008	0.00437012
4.20709e-008	0.0226318
4.20959e-008	0.0274902
4.21209e-008	0.0166992
4.21459e-008	0.00979005
4.21709e-008	0.00307618
4.21959e-008	0.0175293
4.22209e-008	0.0253662
4.22459e-008	0.0141846
4.22709e-008	0.0106445
4.22959e-008	0.0110596
4.23209e-008	0.0177002
4.23459e-008	0.0111572
4.23709e-008	0.00417481
4.23959e-008	0.0232178
4.24209e-008	0.0334717
4.24459e-008	0.00268555
4.24709e-008	-0.00917968
4.24959e-008	0.0336182
4.25209e-008	0.0321533
4.25459e-008	0.00698243
4.25709e-008	0.0215088
4.25959e-008	0.0227051
4.26209e-008	0.0183838
4.26459e-008	0.0179932
4.26709e-008	0.0175537
4.26959e-008	0.0245606
4.27209e-008	0.0154053
4.27459e-008	0.00854493
4.27709e-008	0.0245117
4.27959e-008	0.0283203
4.28209e-008	0.0177002
4.28459e-008	0.0188721
4.28709e-008	0.0192139
4.28959e-008	0.0203613
4.29209e-008	0.0223145
4.29459e-008	0.0182617
4.29709e-008	0.0140625
4.29959e-008	0.0132813
4.30209e-008	0.0293945
4.30459e-008	0.0324463
4.30709e-008	0.0255371
4.30959e-008	0.0302734
4.31209e-008	0.0186279
4.31459e-008	0.0150879
4.31709e-008	0.0216797
4.31959e-008	0.010083
4.32209e-008	0.00559083
4.32459e-008	0.0125977
4.32709e-008	0.0151856
4.32959e-008	0.0102051
4.33209e-008	0.00495606
4.33459e-008	0.0162842
4.33709e-008	0.0221436
4.33959e-008	0.0173828
4.34209e-008	0.0329834
4.34459e-008	0.0327149
4.34709e-008	0.0198731
4.34959e-008	0.033252
4.35209e-008	0.026416
4.35459e-008	0.0112793
4.35709e-008	0.0211914
4.35959e-008	0.0241211
4.36209e-008	0.0209229
4.36459e-008	0.0148438
4.36709e-008	0.0141113
4.36959e-008	0.0231445
4.37209e-008	0.0186768
4.37459e-008	0.0197266
4.37709e-008	0.0288574
4.37959e-008	0.0249024
4.38209e-008	0.0190186
4.38459e-008	0.0140869
4.38709e-008	0.0175537
4.38959e-008	0.0177246
4.39209e-008	0.00148927
4.39459e-008	0.00500489
4.39709e-008	0.0187744
4.39959e-008	0.0186279
4.40209e-008	0.0213379
4.40459e-008	0.016333
4.40709e-008	0.0107422
4.40959e-008	0.0269531
4.41209e-008	0.029834
4.41459e-008	0.0148682
4.41709e-008	0.0211182
4.41959e-008	0.0234375
4.42209e-008	0.00839845
4.42459e-008	0.00954591
4.42709e-008	0.0262695
4.42959e-008	0.0393555
4.43209e-008	0.0183594
4.43459e-008	-0.0012207
4.43709e-008	0.0237305
4.43959e-008	0.0286621
4.44209e-008	0.0164307
4.44459e-008	0.0241699
4.44709e-008	0.0248047
4.44959e-008	0.029126
4.45209e-008	0.0352295
4.45459e-008	0.0263916
4.45709e-008	0.0170166
4.45959e-008	0.0116943
4.46209e-008	0.0153565
4.46459e-008	0.0195801
4.46709e-008	0.0139404
4.46959e-008	0.0122803
4.47209e-008	0.00983887
4.47459e-008	0.005542
4.47709e-008	0.0138672
4.47959e-008	0.0219238
4.48209e-008	0.0130859
4.48459e-008	0.00742188
4.48709e-008	0.022876
4.48959e-008	0.025415
4.49209e-008	0.0115479
4.49459e-008	0.0115234
4.49709e-008	0.010669
4.49959e-008	0.00793458
4.50209e-008	0.0144775
4.50459e-008	0.0204102
4.50709e-008	0.0208496
4.50959e-008	0.0156494
4.51209e-008	0.0147461
4.51459e-008	0.0202149
4.51709e-008	0.0251709
4.51959e-008	0.0228272
4.52209e-008	0.0168213
4.52459e-008	0.0141357
4.52709e-008	0.00561524
4.52959e-008	0.0108399
4.53209e-008	0.0197754
4.53459e-008	0.00700684
4.53709e-008	0.0124512
4.53959e-008	0.0136475
4.54209e-008	-0.00634765
4.54459e-008	0.00607911
4.54709e-008	0.0265625
4.54959e-008	0.0289551
4.55209e-008	0.0224854
4.55459e-008	0.000781257
4.55709e-008	-0.0083496
4.55959e-008	0.00366212
4.56209e-008	0.0200195
4.56459e-008	0.0281738
4.56709e-008	0.0179443
4.56959e-008	0.0167236
4.57209e-008	0.0196289
4.57459e-008	0.0114014
4.57709e-008	0.0167969
4.57959e-008	0.0185059
4.58209e-008	0.0128418
4.58459e-008	0.0182129
4.58709e-008	0.0241211
4.58959e-008	0.0265625
4.59209e-008	0.0158691
4.59459e-008	0.00817872
4.59709e-008	0.0260254
4.59959e-008	0.036792
4.60209e-008	0.0223633
4.60459e-008	0.0186279
4.60709e-008	0.0320557
4.60959e-008	0.0301025
4.61209e-008	0.0185059
4.61459e-008	0.0185059
4.61709e-008	0.0216553
4.61959e-008	0.0147461
4.62209e-008	0.0142822
4.62459e-008	0.0202149
4.62709e-008	0.0168457
4.62959e-008	0.0177734
4.63209e-008	0.015625
4.63459e-008	0.0145264
4.63709e-008	0.023877
4.63959e-008	0.0248779
4.64209e-008	0.0201172
4.64459e-008	0.0165772
4.64709e-008	0.0256836
4.64959e-008	0.0322022
4.65209e-008	0.0143555
4.65459e-008	0.00686036
4.65709e-008	0.01604
4.65959e-008	0.0215576
4.66209e-008	0.0248047
4.66459e-008	0.0202149
4.66709e-008	0.0169678
4.66959e-008	0.0198975
4.67209e-008	0.0104981
4.67459e-008	0.00515137
4.67709e-008	0.0172607
4.67959e-008	0.0199707
4.68209e-008	0.0159424
4.68459e-008	0.0259766
4.68709e-008	0.0381592
4.68959e-008	0.0324707
4.69209e-008	0.0212647
4.69459e-008	0.0202637
4.69709e-008	0.019165
4.69959e-008	0.0149902
4.70209e-008	0.00539552
4.70459e-008	0.00368653
4.70709e-008	0.0205566
4.70959e-008	0.0213623
4.71209e-008	0.0161865
4.71459e-008	0.0284424
4.71709e-008	0.0270264
4.71959e-008	0.0185791
4.72209e-008	0.0199463
4.72459e-008	0.0180908
4.72709e-008	0.0198486
4.72959e-008	0.0271484
4.73209e-008	0.0303223
4.73459e-008	0.0268555
4.73709e-008	0.021875
4.73959e-008	0.0192627
4.74209e-008	0.0182861
4.74459e-008	0.0144287
4.74709e-008	0.00791016
4.74959e-008	0.0139404
4.75209e-008	0.0189453
4.75459e-008	0.0142334
4.75709e-008	0.018335
4.75959e-008	0.0244385
4.76209e-008	0.0216553
4.76459e-008	0.0118164
4.76709e-008	0.0109375
4.76959e-008	0.0191162
4.77209e-008	0.0251465
4.77459e-008	0.0253174
4.77709e-008	0.017627
4.77959e-008	0.0198242
4.78209e-008	0.0265381
4.78459e-008	0.03125
4.78709e-008	0.0362793
4.78959e-008	0.0237793
4.79209e-008	0.0150147
4.79459e-008	0.0305176
4.79709e-008	0.0374024
4.79959e-008	0.0197754
4.80209e-008	0.00886231
4.80459e-008	0.0216553
4.80709e-008	0.0324951
4.80959e-008	0.021167
4.81209e-008	0.0120361
4.81459e-008	0.0198975
4.81709e-008	0.0248535
4.81959e-008	0.0309326
4.82209e-008	0.0302979
4.82459e-008	0.0232666
4.82709e-008	0.03396
4.82959e-008	0.0322998
4.83209e-008	0.0160156
4.83459e-008	0.0142578
4.83709e-008	0.0180908
4.83959e-008	0.0236816
4.84209e-008	0.027002
4.84459e-008	0.0261231
4.84709e-008	0.0223633
4.84959e-008	0.016333
4.85209e-008	0.0171143
4.85459e-008	0.0179443
4.85709e-008	0.0168213
4.85959e-008	0.0170166
4.86209e-008	0.0172607
4.86459e-008	0.0223877
4.86709e-008	0.0161621
4.86959e-008	0.00808106
4.87209e-008	0.0154541
4.87459e-008	0.0121338
4.87709e-008	0.0217285
4.87959e-008	0.035083
4.88209e-008	0.0151123
4.88459e-008	0.0159912
4.88709e-008	0.0313233
4.88959e-008	0.0275391
4.89209e-008	0.0186279
4.89459e-008	0.0174316
4.89709e-008	0.0276611
4.89959e-008	0.0152832
4.90209e-008	0.0149414
4.90459e-008	0.0351318
4.90709e-008	0.0214356
4.90959e-008	0.0225098
4.91209e-008	0.035791
4.91459e-008	0.0175537
4.91709e-008	0.0165772
4.91959e-008	0.0296631
4.92209e-008	0.0197754
4.92459e-008	0.0141113
4.92709e-008	0.0193359
4.92959e-008	0.0180908
4.93209e-008	0.00969239
4.93459e-008	0.00124512
4.93709e-008	0.00895997
4.93959e-008	0.0206787
4.94209e-008	0.0299805
4.94459e-008	0.0406006
4.94709e-008	0.031543
4.94959e-008	0.0179199
4.95209e-008	0.0196045
4.95459e-008	0.0218506
4.95709e-008	0.0178223
4.95959e-008	0.0170654
4.96209e-008	0.0212402
4.96459e-008	0.0126465
4.96709e-008	0.0118164
4.96959e-008	0.0352051
4.97209e-008	0.0353027
4.97459e-008	0.0151611
4.97709e-008	0.00527345
4.97959e-008	0.00314942
4.98209e-008	0.019751
4.98459e-008	0.0274414
4.98709e-008	0.0135742
4.98959e-008	0.0201172
4.99209e-008	0.0232178
4.99459e-008	0.00642091
4.99709e-008	0.0151123
4.99959e-008	0.0266113
5.00209e-008	0.0210449
