# LECROYWM813Zi	51496	Waveform
# Segments	1	SegmentSize	4002
# Segment	TrigTime	TimeSinceSegment1
# #1	30-Nov-2018 17:19:27	0                 
# Time	Ampl
-5.00161e-008	0.0347656
-4.99911e-008	0.00852052
-4.99661e-008	0.00522462
-4.99411e-008	0.0137451
-4.99161e-008	0.0119141
-4.98911e-008	0.0148682
-4.98661e-008	0.0125977
-4.98411e-008	0.0247803
-4.98161e-008	0.0447754
-4.97911e-008	0.0345215
-4.97661e-008	0.019751
-4.97411e-008	0.0198975
-4.97161e-008	0.0252197
-4.96911e-008	0.0285889
-4.96661e-008	0.0229004
-4.96411e-008	0.0196777
-4.96161e-008	0.0243652
-4.95911e-008	0.0187256
-4.95661e-008	0.00969239
-4.95411e-008	0.0156738
-4.95161e-008	0.0212158
-4.94911e-008	0.0209473
-4.94661e-008	0.026001
-4.94411e-008	0.0308106
-4.94161e-008	0.0318359
-4.93911e-008	0.030127
-4.93661e-008	0.0270264
-4.93411e-008	0.026001
-4.93161e-008	0.0190186
-4.92911e-008	0.0165772
-4.92661e-008	0.0254639
-4.92411e-008	0.0263184
-4.92161e-008	0.0251709
-4.91911e-008	0.0194824
-4.91661e-008	0.012793
-4.91411e-008	0.0209717
-4.91161e-008	0.0229004
-4.90911e-008	0.0221924
-4.90661e-008	0.0226074
-4.90411e-008	0.0162842
-4.90161e-008	0.0209961
-4.89911e-008	0.020459
-4.89661e-008	0.0114014
-4.89411e-008	0.0226318
-4.89161e-008	0.0302979
-4.88911e-008	0.0262695
-4.88661e-008	0.023584
-4.88411e-008	0.0162598
-4.88161e-008	0.0263184
-4.87911e-008	0.0311279
-4.87661e-008	0.0191895
-4.87411e-008	0.0216309
-4.87161e-008	0.0209961
-4.86911e-008	0.0237793
-4.86661e-008	0.0246582
-4.86411e-008	0.0183838
-4.86161e-008	0.0300049
-4.85911e-008	0.0288086
-4.85661e-008	0.0198486
-4.85411e-008	0.0299316
-4.85161e-008	0.0297852
-4.84911e-008	0.0195801
-4.84661e-008	0.0191895
-4.84411e-008	0.0288086
-4.84161e-008	0.0362061
-4.83911e-008	0.0230469
-4.83661e-008	0.0150635
-4.83411e-008	0.0209229
-4.83161e-008	0.0209473
-4.82911e-008	0.0239746
-4.82661e-008	0.0081543
-4.82411e-008	-2.44066e-005
-4.82161e-008	0.0212647
-4.81911e-008	0.0169678
-4.81661e-008	0.0157959
-4.81411e-008	0.0272217
-4.81161e-008	0.0172119
-4.80911e-008	0.015625
-4.80661e-008	0.0270996
-4.80411e-008	0.0334473
-4.80161e-008	0.029419
-4.79911e-008	0.0223877
-4.79661e-008	0.0173584
-4.79411e-008	0.0136475
-4.79161e-008	0.0226318
-4.78911e-008	0.0333496
-4.78661e-008	0.0329834
-4.78411e-008	0.0180176
-4.78161e-008	0.0117188
-4.77911e-008	0.0326416
-4.77661e-008	0.030957
-4.77411e-008	0.0263672
-4.77161e-008	0.0408447
-4.76911e-008	0.0153565
-4.76661e-008	0.00585938
-4.76411e-008	0.0374512
-4.76161e-008	0.0315918
-4.75911e-008	0.0134522
-4.75661e-008	0.0183106
-4.75411e-008	0.0232178
-4.75161e-008	0.0245361
-4.74911e-008	0.0308838
-4.74661e-008	0.0322998
-4.74411e-008	0.0249268
-4.74161e-008	0.0284912
-4.73911e-008	0.0219971
-4.73661e-008	0.0163818
-4.73411e-008	0.0348145
-4.73161e-008	0.0311524
-4.72911e-008	0.0173584
-4.72661e-008	0.0167725
-4.72411e-008	0.0216065
-4.72161e-008	0.0297363
-4.71911e-008	0.0180908
-4.71661e-008	0.00678712
-4.71411e-008	0.0130127
-4.71161e-008	0.0189209
-4.70911e-008	0.0260986
-4.70661e-008	0.0311035
-4.70411e-008	0.0319336
-4.70161e-008	0.0313477
-4.69911e-008	0.0241455
-4.69661e-008	0.0198242
-4.69411e-008	0.0219971
-4.69161e-008	0.0213135
-4.68911e-008	0.0203857
-4.68661e-008	0.0165772
-4.68411e-008	0.020752
-4.68161e-008	0.0318115
-4.67911e-008	0.0285156
-4.67661e-008	0.027002
-4.67411e-008	0.0282715
-4.67161e-008	0.0217529
-4.66911e-008	0.0163574
-4.66661e-008	0.0192627
-4.66411e-008	0.0268311
-4.66161e-008	0.0188232
-4.65911e-008	0.014624
-4.65661e-008	0.0226074
-4.65411e-008	0.020752
-4.65161e-008	0.0246094
-4.64911e-008	0.0287842
-4.64661e-008	0.0255371
-4.64411e-008	0.0269775
-4.64161e-008	0.0239258
-4.63911e-008	0.0173096
-4.63661e-008	0.0155029
-4.63411e-008	0.0270508
-4.63161e-008	0.03479
-4.62911e-008	0.0229492
-4.62661e-008	0.0199951
-4.62411e-008	0.0194092
-4.62161e-008	0.0111572
-4.61911e-008	0.0119385
-4.61661e-008	0.0144287
-4.61411e-008	0.0226807
-4.61161e-008	0.0326416
-4.60911e-008	0.0290039
-4.60661e-008	0.02146
-4.60411e-008	0.0251465
-4.60161e-008	0.0338867
-4.59911e-008	0.0206055
-4.59661e-008	0.00671387
-4.59411e-008	0.0189941
-4.59161e-008	0.0226807
-4.58911e-008	0.0164307
-4.58661e-008	0.0212158
-4.58411e-008	0.0224121
-4.58161e-008	0.0215576
-4.57911e-008	0.0207031
-4.57661e-008	0.0136719
-4.57411e-008	0.0147949
-4.57161e-008	0.0224854
-4.56911e-008	0.0232178
-4.56661e-008	0.0182861
-4.56411e-008	0.0203125
-4.56161e-008	0.0284424
-4.55911e-008	0.0204834
-4.55661e-008	0.0158936
-4.55411e-008	0.0307617
-4.55161e-008	0.0263916
-4.54911e-008	0.018042
-4.54661e-008	0.0254395
-4.54411e-008	0.0292236
-4.54161e-008	0.0387207
-4.53911e-008	0.0320557
-4.53661e-008	0.0172119
-4.53411e-008	0.0216797
-4.53161e-008	0.0160156
-4.52911e-008	0.0177979
-4.52661e-008	0.0278565
-4.52411e-008	0.019751
-4.52161e-008	0.0218018
-4.51911e-008	0.0310059
-4.51661e-008	0.0325684
-4.51411e-008	0.0363281
-4.51161e-008	0.0303223
-4.50911e-008	0.0197266
-4.50661e-008	0.0200684
-4.50411e-008	0.0209961
-4.50161e-008	0.0206543
-4.49911e-008	0.017041
-4.49661e-008	0.0120117
-4.49411e-008	0.0162598
-4.49161e-008	0.0188965
-4.48911e-008	0.00961915
-4.48661e-008	0.00839845
-4.48411e-008	0.0300537
-4.48161e-008	0.0344971
-4.47911e-008	0.0141602
-4.47661e-008	0.0120117
-4.47411e-008	0.0130615
-4.47161e-008	0.0103516
-4.46911e-008	0.0256348
-4.46661e-008	0.0310547
-4.46411e-008	0.0225342
-4.46161e-008	0.022583
-4.45911e-008	0.013208
-4.45661e-008	0.013916
-4.45411e-008	0.0329346
-4.45161e-008	0.0298096
-4.44911e-008	0.0272949
-4.44661e-008	0.0319092
-4.44411e-008	0.0328858
-4.44161e-008	0.0395508
-4.43911e-008	0.0248535
-4.43661e-008	0.00717774
-4.43411e-008	0.00944825
-4.43161e-008	0.0101563
-4.42911e-008	0.0140869
-4.42661e-008	0.0205811
-4.42411e-008	0.0248047
-4.42161e-008	0.0312256
-4.41911e-008	0.0261719
-4.41661e-008	0.0226074
-4.41411e-008	0.0335205
-4.41161e-008	0.0230469
-4.40911e-008	0.0129395
-4.40661e-008	0.0253174
-4.40411e-008	0.022168
-4.40161e-008	0.02229
-4.39911e-008	0.0246094
-4.39661e-008	0.0172363
-4.39411e-008	0.0253662
-4.39161e-008	0.0259766
-4.38911e-008	0.0157715
-4.38661e-008	0.014624
-4.38411e-008	0.0301758
-4.38161e-008	0.0440918
-4.37911e-008	0.0306397
-4.37661e-008	0.0206543
-4.37411e-008	0.0173096
-4.37161e-008	0.0164551
-4.36911e-008	0.026001
-4.36661e-008	0.0262695
-4.36411e-008	0.0330322
-4.36161e-008	0.0304932
-4.35911e-008	0.0133301
-4.35661e-008	0.0177979
-4.35411e-008	0.0191406
-4.35161e-008	0.0179932
-4.34911e-008	0.0230225
-4.34661e-008	0.022583
-4.34411e-008	0.0324463
-4.34161e-008	0.0375488
-4.33911e-008	0.0337402
-4.33661e-008	0.026416
-4.33411e-008	0.0182373
-4.33161e-008	0.0251953
-4.32911e-008	0.0234131
-4.32661e-008	0.0143555
-4.32411e-008	0.0193848
-4.32161e-008	0.0202393
-4.31911e-008	0.0192871
-4.31661e-008	0.0268066
-4.31411e-008	0.0281494
-4.31161e-008	0.0216797
-4.30911e-008	0.0237793
-4.30661e-008	0.0273926
-4.30411e-008	0.0256104
-4.30161e-008	0.0262451
-4.29911e-008	0.0210449
-4.29661e-008	0.0206787
-4.29411e-008	0.0297852
-4.29161e-008	0.0310547
-4.28911e-008	0.0304932
-4.28661e-008	0.0262695
-4.28411e-008	0.0228272
-4.28161e-008	0.0294678
-4.27911e-008	0.0278565
-4.27661e-008	0.0190918
-4.27411e-008	0.0183106
-4.27161e-008	0.0276611
-4.26911e-008	0.0282471
-4.26661e-008	0.0160645
-4.26411e-008	0.0233154
-4.26161e-008	0.0264649
-4.25911e-008	0.00935059
-4.25661e-008	0.0120606
-4.25411e-008	0.025708
-4.25161e-008	0.0268555
-4.24911e-008	0.0220703
-4.24661e-008	0.0240479
-4.24411e-008	0.0316162
-4.24161e-008	0.0289551
-4.23911e-008	0.0180176
-4.23661e-008	0.0134522
-4.23411e-008	0.0228027
-4.23161e-008	0.0279297
-4.22911e-008	0.0216797
-4.22661e-008	0.0231445
-4.22411e-008	0.0303467
-4.22161e-008	0.0311035
-4.21911e-008	0.0200928
-4.21661e-008	0.0184082
-4.21411e-008	0.0235596
-4.21161e-008	0.0159424
-4.20911e-008	0.0179688
-4.20661e-008	0.0215576
-4.20411e-008	0.0301514
-4.20161e-008	0.0418213
-4.19911e-008	0.0189453
-4.19661e-008	0.0100098
-4.19411e-008	0.0306397
-4.19161e-008	0.0213867
-4.18911e-008	0.014209
-4.18661e-008	0.0251221
-4.18411e-008	0.0157227
-4.18161e-008	0.0273926
-4.17911e-008	0.035083
-4.17661e-008	0.00869141
-4.17411e-008	0.0161133
-4.17161e-008	0.0254639
-4.16911e-008	0.0218506
-4.16661e-008	0.0300781
-4.16411e-008	0.026294
-4.16161e-008	0.0220215
-4.15911e-008	0.0155518
-4.15661e-008	0.0208008
-4.15411e-008	0.0360596
-4.15161e-008	0.0355225
-4.14911e-008	0.0363281
-4.14661e-008	0.0277588
-4.14411e-008	0.0183838
-4.14161e-008	0.0256104
-4.13911e-008	0.0180908
-4.13661e-008	0.0100586
-4.13411e-008	0.0225098
-4.13161e-008	0.026709
-4.12911e-008	0.0239014
-4.12661e-008	0.0229736
-4.12411e-008	0.024292
-4.12161e-008	0.0286133
-4.11911e-008	0.0198242
-4.11661e-008	0.0138428
-4.11411e-008	0.0245117
-4.11161e-008	0.0329102
-4.10911e-008	0.0179443
-4.10661e-008	0.00227052
-4.10411e-008	0.0229492
-4.10161e-008	0.0311279
-4.09911e-008	0.0142822
-4.09661e-008	0.02229
-4.09411e-008	0.0279541
-4.09161e-008	0.0193359
-4.08911e-008	0.0289307
-4.08661e-008	0.0308594
-4.08411e-008	0.0219238
-4.08161e-008	0.0334717
-4.07911e-008	0.037207
-4.07661e-008	0.0243408
-4.07411e-008	0.0212647
-4.07161e-008	0.0171387
-4.06911e-008	0.00932618
-4.06661e-008	0.0172363
-4.06411e-008	0.0278565
-4.06161e-008	0.0218506
-4.05911e-008	0.0189209
-4.05661e-008	0.0266113
-4.05411e-008	0.0283203
-4.05161e-008	0.020044
-4.04911e-008	0.0164307
-4.04661e-008	0.0218018
-4.04411e-008	0.0178223
-4.04161e-008	0.014624
-4.03911e-008	0.0205322
-4.03661e-008	0.0230469
-4.03411e-008	0.0267334
-4.03161e-008	0.0293701
-4.02911e-008	0.0207764
-4.02661e-008	0.0107422
-4.02411e-008	0.0184815
-4.02161e-008	0.0292481
-4.01911e-008	0.0234131
-4.01661e-008	0.0166992
-4.01411e-008	0.024707
-4.01161e-008	0.0246094
-4.00911e-008	0.0125
-4.00661e-008	0.0275879
-4.00411e-008	0.0292725
-4.00161e-008	0.00969239
-3.99911e-008	0.0185547
-3.99661e-008	0.0163818
-3.99411e-008	0.0230713
-3.99161e-008	0.0398193
-3.98911e-008	0.0192383
-3.98661e-008	0.0169922
-3.98411e-008	0.0291016
-3.98161e-008	0.0227295
-3.97911e-008	0.0190674
-3.97661e-008	0.0206055
-3.97411e-008	0.0288574
-3.97161e-008	0.0293945
-3.96911e-008	0.0212647
-3.96661e-008	0.0181641
-3.96411e-008	0.0214356
-3.96161e-008	0.017041
-3.95911e-008	0.000903328
-3.95661e-008	0.00817872
-3.95411e-008	0.0235352
-3.95161e-008	0.0223145
-3.94911e-008	0.0207031
-3.94661e-008	0.0170166
-3.94411e-008	0.0248779
-3.94161e-008	0.031958
-3.93911e-008	0.0195801
-3.93661e-008	0.0154053
-3.93411e-008	0.0173828
-3.93161e-008	0.0167236
-3.92911e-008	0.0183106
-3.92661e-008	0.016626
-3.92411e-008	0.0251465
-3.92161e-008	0.030249
-3.91911e-008	0.0133301
-3.91661e-008	0.0198242
-3.91411e-008	0.038916
-3.91161e-008	0.0329102
-3.90911e-008	0.031543
-3.90661e-008	0.0257568
-3.90411e-008	0.0173096
-3.90161e-008	0.021582
-3.89911e-008	0.0187744
-3.89661e-008	0.0251465
-3.89411e-008	0.0280518
-3.89161e-008	0.0225586
-3.88911e-008	0.027124
-3.88661e-008	0.0227539
-3.88411e-008	0.0194824
-3.88161e-008	0.0231934
-3.87911e-008	0.0228272
-3.87661e-008	0.0186279
-3.87411e-008	0.025293
-3.87161e-008	0.038794
-3.86911e-008	0.0247803
-3.86661e-008	0.0159912
-3.86411e-008	0.0299072
-3.86161e-008	0.0330811
-3.85911e-008	0.0363525
-3.85661e-008	0.0388916
-3.85411e-008	0.0289795
-3.85161e-008	0.0268066
-3.84911e-008	0.0345215
-3.84661e-008	0.0205566
-3.84411e-008	0.010376
-3.84161e-008	0.0246338
-3.83911e-008	0.0154785
-3.83661e-008	0.0111816
-3.83411e-008	0.0274658
-3.83161e-008	0.022168
-3.82911e-008	0.0186035
-3.82661e-008	0.0223389
-3.82411e-008	0.0246582
-3.82161e-008	0.0313477
-3.81911e-008	0.0280274
-3.81661e-008	0.0245361
-3.81411e-008	0.0296875
-3.81161e-008	0.031958
-3.80911e-008	0.0239258
-3.80661e-008	0.014209
-3.80411e-008	0.0218994
-3.80161e-008	0.0316895
-3.79911e-008	0.0231201
-3.79661e-008	0.0149658
-3.79411e-008	0.0190674
-3.79161e-008	0.0202393
-3.78911e-008	0.0192871
-3.78661e-008	0.0297119
-3.78411e-008	0.0338623
-3.78161e-008	0.0227783
-3.77911e-008	0.0171875
-3.77661e-008	0.0174805
-3.77411e-008	0.0244385
-3.77161e-008	0.0258301
-3.76911e-008	0.0126709
-3.76661e-008	0.0160889
-3.76411e-008	0.0246094
-3.76161e-008	0.0319336
-3.75911e-008	0.0449219
-3.75661e-008	0.0278809
-3.75411e-008	0.0114258
-3.75161e-008	0.020874
-3.74911e-008	0.0215332
-3.74661e-008	0.0195068
-3.74411e-008	0.0252686
-3.74161e-008	0.0295654
-3.73911e-008	0.0216065
-3.73661e-008	0.0179932
-3.73411e-008	0.0233887
-3.73161e-008	0.016333
-3.72911e-008	0.0258545
-3.72661e-008	0.0330811
-3.72411e-008	0.0174561
-3.72161e-008	0.0136719
-3.71911e-008	0.00219727
-3.71661e-008	0.00151368
-3.71411e-008	0.0232422
-3.71161e-008	0.025708
-3.70911e-008	0.0194824
-3.70661e-008	0.0128174
-3.70411e-008	0.0193604
-3.70161e-008	0.0321289
-3.69911e-008	0.0165772
-3.69661e-008	0.00837403
-3.69411e-008	0.0176514
-3.69161e-008	0.0169678
-3.68911e-008	0.0216309
-3.68661e-008	0.0240967
-3.68411e-008	0.0236328
-3.68161e-008	0.036377
-3.67911e-008	0.0331299
-3.67661e-008	0.0171631
-3.67411e-008	0.0234619
-3.67161e-008	0.0333008
-3.66911e-008	0.0240723
-3.66661e-008	0.0157227
-3.66411e-008	0.0213135
-3.66161e-008	0.018042
-3.65911e-008	0.0065918
-3.65661e-008	0.0182373
-3.65411e-008	0.0320801
-3.65161e-008	0.0311768
-3.64911e-008	0.033374
-3.64661e-008	0.021582
-3.64411e-008	0.0131104
-3.64161e-008	0.0231201
-3.63911e-008	0.0169434
-3.63661e-008	0.0154053
-3.63411e-008	0.0276856
-3.63161e-008	0.0230957
-3.62911e-008	0.0121582
-3.62661e-008	0.0190674
-3.62411e-008	0.0294434
-3.62161e-008	0.0200684
-3.61911e-008	0.015625
-3.61661e-008	0.0229248
-3.61411e-008	0.0236328
-3.61161e-008	0.0282959
-3.60911e-008	0.0292725
-3.60661e-008	0.013794
-3.60411e-008	0.0166016
-3.60161e-008	0.0344238
-3.59911e-008	0.0156982
-3.59661e-008	0.00625001
-3.59411e-008	0.027124
-3.59161e-008	0.0240234
-3.58911e-008	0.0203857
-3.58661e-008	0.0166504
-3.58411e-008	0.017749
-3.58161e-008	0.0298828
-3.57911e-008	0.0115723
-3.57661e-008	0.0144775
-3.57411e-008	0.035791
-3.57161e-008	0.0243164
-3.56911e-008	0.0189697
-3.56661e-008	0.0144043
-3.56411e-008	0.0139649
-3.56161e-008	0.026709
-3.55911e-008	0.00561524
-3.55661e-008	-0.00900878
-3.55411e-008	0.0182129
-3.55161e-008	0.0264893
-3.54911e-008	0.0192627
-3.54661e-008	0.0260986
-3.54411e-008	0.0175781
-3.54161e-008	0.00549317
-3.53911e-008	0.0175781
-3.53661e-008	0.0320801
-3.53411e-008	0.0273682
-3.53161e-008	0.0109863
-3.52911e-008	0.00847169
-3.52661e-008	0.0175537
-3.52411e-008	0.0271729
-3.52161e-008	0.0290039
-3.51911e-008	0.0136719
-3.51661e-008	0.0165039
-3.51411e-008	0.0302979
-3.51161e-008	0.0168701
-3.50911e-008	0.0135498
-3.50661e-008	0.0293457
-3.50411e-008	0.0376953
-3.50161e-008	0.0354981
-3.49911e-008	0.0125732
-3.49661e-008	0.0083252
-3.49411e-008	0.0280274
-3.49161e-008	0.0212647
-3.48911e-008	0.0167969
-3.48661e-008	0.0156982
-3.48411e-008	0.00568848
-3.48161e-008	0.0229004
-3.47911e-008	0.0393555
-3.47661e-008	0.0317383
-3.47411e-008	0.0191162
-3.47161e-008	0.0069336
-3.46911e-008	0.0164795
-3.46661e-008	0.0325195
-3.46411e-008	0.0251221
-3.46161e-008	0.0279053
-3.45911e-008	0.0244629
-3.45661e-008	0.0083252
-3.45411e-008	0.0276611
-3.45161e-008	0.0370361
-3.44911e-008	0.028418
-3.44661e-008	0.0341065
-3.44411e-008	0.0246582
-3.44161e-008	0.00700684
-3.43911e-008	0.00703126
-3.43661e-008	0.0239014
-3.43411e-008	0.027002
-3.43161e-008	0.0114502
-3.42911e-008	0.0101807
-3.42661e-008	0.0239502
-3.42411e-008	0.0257324
-3.42161e-008	0.0147461
-3.41911e-008	0.021582
-3.41661e-008	0.0261963
-3.41411e-008	0.028418
-3.41161e-008	0.0344971
-3.40911e-008	0.0109131
-3.40661e-008	0.0115967
-3.40411e-008	0.0377197
-3.40161e-008	0.0333984
-3.39911e-008	0.0281006
-3.39661e-008	0.023999
-3.39411e-008	0.0135986
-3.39161e-008	0.0185303
-3.38911e-008	0.0270996
-3.38661e-008	0.022583
-3.38411e-008	0.0235107
-3.38161e-008	0.0292481
-3.37911e-008	0.0128662
-3.37661e-008	0.00446778
-3.37411e-008	0.0249268
-3.37161e-008	0.030542
-3.36911e-008	0.0170899
-3.36661e-008	0.0223389
-3.36411e-008	0.0368408
-3.36161e-008	0.0304688
-3.35911e-008	0.0182373
-3.35661e-008	0.0161621
-3.35411e-008	0.0183838
-3.35161e-008	0.0245117
-3.34911e-008	0.028125
-3.34661e-008	0.0259277
-3.34411e-008	0.0245606
-3.34161e-008	0.025708
-3.33911e-008	0.0233887
-3.33661e-008	0.0164551
-3.33411e-008	0.0178711
-3.33161e-008	0.0288818
-3.32911e-008	0.0318848
-3.32661e-008	0.0254639
-3.32411e-008	0.0278809
-3.32161e-008	0.034375
-3.31911e-008	0.0306397
-3.31661e-008	0.0303223
-3.31411e-008	0.0244141
-3.31161e-008	0.012915
-3.30911e-008	0.0208252
-3.30661e-008	0.022583
-3.30411e-008	0.0261475
-3.30161e-008	0.0345459
-3.29911e-008	0.0155518
-3.29661e-008	0.0127686
-3.29411e-008	0.0190918
-3.29161e-008	0.0173584
-3.28911e-008	0.0313721
-3.28661e-008	0.0217529
-3.28411e-008	0.0164307
-3.28161e-008	0.0262207
-3.27911e-008	0.0101318
-3.27661e-008	0.0145752
-3.27411e-008	0.0303955
-3.27161e-008	0.0232422
-3.26911e-008	0.0173096
-3.26661e-008	0.0166016
-3.26411e-008	0.0219482
-3.26161e-008	0.0206787
-3.25911e-008	0.010083
-3.25661e-008	0.0164551
-3.25411e-008	0.027417
-3.25161e-008	0.0235107
-3.24911e-008	0.0220947
-3.24661e-008	0.0269043
-3.24411e-008	0.0234863
-3.24161e-008	0.0207764
-3.23911e-008	0.0211426
-3.23661e-008	0.0229004
-3.23411e-008	0.02771
-3.23161e-008	0.0202881
-3.22911e-008	0.013501
-3.22661e-008	0.0200195
-3.22411e-008	0.0302979
-3.22161e-008	0.0320801
-3.21911e-008	0.0150879
-3.21661e-008	0.00756837
-3.21411e-008	0.0146973
-3.21161e-008	0.0199707
-3.20911e-008	0.0310303
-3.20661e-008	0.0299561
-3.20411e-008	0.0244141
-3.20161e-008	0.0280029
-3.19911e-008	0.0200195
-3.19661e-008	0.0156006
-3.19411e-008	0.0175293
-3.19161e-008	0.0189453
-3.18911e-008	0.0272705
-3.18661e-008	0.0195801
-3.18411e-008	0.0133301
-3.18161e-008	0.0262695
-3.17911e-008	0.0229981
-3.17661e-008	0.0179932
-3.17411e-008	0.0287354
-3.17161e-008	0.0253174
-3.16911e-008	0.0112793
-3.16661e-008	0.0168701
-3.16411e-008	0.0361084
-3.16161e-008	0.0349854
-3.15911e-008	0.0202149
-3.15661e-008	0.0230469
-3.15411e-008	0.0264893
-3.15161e-008	0.0201904
-3.14911e-008	0.0289795
-3.14661e-008	0.0310059
-3.14411e-008	0.0154053
-3.14161e-008	0.014502
-3.13911e-008	0.0170899
-3.13661e-008	0.0197022
-3.13411e-008	0.0278076
-3.13161e-008	0.0197754
-3.12911e-008	0.0181152
-3.12661e-008	0.0216309
-3.12411e-008	0.018042
-3.12161e-008	0.0405518
-3.11911e-008	0.0450195
-3.11661e-008	0.0194092
-3.11411e-008	0.0218994
-3.11161e-008	0.030127
-3.10911e-008	0.032251
-3.10661e-008	0.0337647
-3.10411e-008	0.0290039
-3.10161e-008	0.0252686
-3.09911e-008	0.0197998
-3.09661e-008	0.0219727
-3.09411e-008	0.0115234
-3.09161e-008	-0.000292961
-3.08911e-008	0.0168457
-3.08661e-008	0.0269287
-3.08411e-008	0.0263672
-3.08161e-008	0.0244385
-3.07911e-008	0.021582
-3.07661e-008	0.0242432
-3.07411e-008	0.0184815
-3.07161e-008	0.0199219
-3.06911e-008	0.0308594
-3.06661e-008	0.027124
-3.06411e-008	0.0249024
-3.06161e-008	0.0273926
-3.05911e-008	0.0199219
-3.05661e-008	0.0197998
-3.05411e-008	0.0297119
-3.05161e-008	0.0397217
-3.04911e-008	0.0352295
-3.04661e-008	0.0155029
-3.04411e-008	0.0210938
-3.04161e-008	0.0294922
-3.03911e-008	0.0138184
-3.03661e-008	0.0138916
-3.03411e-008	0.0271484
-3.03161e-008	0.0382324
-3.02911e-008	0.0357422
-3.02661e-008	0.0172363
-3.02411e-008	0.0161133
-3.02161e-008	0.0286377
-3.01911e-008	0.0333496
-3.01661e-008	0.0312744
-3.01411e-008	0.0280762
-3.01161e-008	0.0240967
-3.00911e-008	0.0262207
-3.00661e-008	0.0307129
-3.00411e-008	0.0257568
-3.00161e-008	0.0306641
-2.99911e-008	0.0282959
-2.99661e-008	0.01521
-2.99411e-008	0.0192871
-2.99161e-008	0.0193604
-2.98911e-008	0.0244385
-2.98661e-008	0.0322754
-2.98411e-008	0.0331299
-2.98161e-008	0.0342041
-2.97911e-008	0.0162354
-2.97661e-008	0.0134766
-2.97411e-008	0.0297363
-2.97161e-008	0.0302734
-2.96911e-008	0.0311279
-2.96661e-008	0.0230713
-2.96411e-008	0.0138184
-2.96161e-008	0.0199951
-2.95911e-008	0.0102051
-2.95661e-008	0.0100098
-2.95411e-008	0.027124
-2.95161e-008	0.0225342
-2.94911e-008	0.023999
-2.94661e-008	0.0223389
-2.94411e-008	0.0139649
-2.94161e-008	0.0250488
-2.93911e-008	0.0121338
-2.93661e-008	0.000244148
-2.93411e-008	0.0222656
-2.93161e-008	0.0317139
-2.92911e-008	0.034668
-2.92661e-008	0.038916
-2.92411e-008	0.0297608
-2.92161e-008	0.0228516
-2.91911e-008	0.0109375
-2.91661e-008	0.00312501
-2.91411e-008	0.0187256
-2.91161e-008	0.0190918
-2.90911e-008	0.0169922
-2.90661e-008	0.0281006
-2.90411e-008	0.018335
-2.90161e-008	0.0187256
-2.89911e-008	0.0269775
-2.89661e-008	0.0212402
-2.89411e-008	0.0291992
-2.89161e-008	0.0335205
-2.88911e-008	0.0295166
-2.88661e-008	0.0300781
-2.88411e-008	0.0292236
-2.88161e-008	0.0350342
-2.87911e-008	0.0287598
-2.87661e-008	0.0157715
-2.87411e-008	0.03396
-2.87161e-008	0.0444824
-2.86911e-008	0.0214356
-2.86661e-008	0.0193359
-2.86411e-008	0.0348145
-2.86161e-008	0.0277344
-2.85911e-008	0.0156006
-2.85661e-008	0.0138428
-2.85411e-008	0.0215332
-2.85161e-008	0.0282959
-2.84911e-008	0.0123779
-2.84661e-008	0.00239259
-2.84411e-008	0.0172607
-2.84161e-008	0.0270264
-2.83911e-008	0.0307617
-2.83661e-008	0.0235107
-2.83411e-008	0.0168945
-2.83161e-008	0.0301758
-2.82911e-008	0.027124
-2.82661e-008	0.0190674
-2.82411e-008	0.0273438
-2.82161e-008	0.0258057
-2.81911e-008	0.0187988
-2.81661e-008	0.018457
-2.81411e-008	0.0206299
-2.81161e-008	0.0218506
-2.80911e-008	0.021582
-2.80661e-008	0.0141602
-2.80411e-008	0.0175781
-2.80161e-008	0.0287109
-2.79911e-008	0.0150147
-2.79661e-008	0.0171143
-2.79411e-008	0.0271973
-2.79161e-008	0.0155518
-2.78911e-008	0.0216065
-2.78661e-008	0.0218994
-2.78411e-008	0.0151611
-2.78161e-008	0.0211426
-2.77911e-008	0.00903321
-2.77661e-008	0.00197755
-2.77411e-008	0.0185791
-2.77161e-008	0.0290283
-2.76911e-008	0.0288086
-2.76661e-008	0.0252441
-2.76411e-008	0.0190918
-2.76161e-008	0.0178223
-2.75911e-008	0.0157959
-2.75661e-008	0.0121582
-2.75411e-008	0.0162354
-2.75161e-008	0.0222168
-2.74911e-008	0.0232178
-2.74661e-008	0.0142822
-2.74411e-008	0.0196045
-2.74161e-008	0.0316406
-2.73911e-008	0.0124756
-2.73661e-008	0.0118408
-2.73411e-008	0.0305908
-2.73161e-008	0.0234375
-2.72911e-008	0.021582
-2.72661e-008	0.0216309
-2.72411e-008	0.0149902
-2.72161e-008	0.0164307
-2.71911e-008	0.0248291
-2.71661e-008	0.0373047
-2.71411e-008	0.0340088
-2.71161e-008	0.0292236
-2.70911e-008	0.0284424
-2.70661e-008	0.023291
-2.70411e-008	0.0305664
-2.70161e-008	0.0295899
-2.69911e-008	0.0190186
-2.69661e-008	0.0188965
-2.69411e-008	0.0221924
-2.69161e-008	0.0250244
-2.68911e-008	0.028833
-2.68661e-008	0.0311524
-2.68411e-008	0.0254395
-2.68161e-008	0.0268066
-2.67911e-008	0.0340332
-2.67661e-008	0.0287354
-2.67411e-008	0.021875
-2.67161e-008	0.0160645
-2.66911e-008	0.0132324
-2.66661e-008	0.0198486
-2.66411e-008	0.0222412
-2.66161e-008	0.0167725
-2.65911e-008	0.019165
-2.65661e-008	0.0267334
-2.65411e-008	0.0300781
-2.65161e-008	0.0317627
-2.64911e-008	0.0307861
-2.64661e-008	0.0334717
-2.64411e-008	0.0315674
-2.64161e-008	0.0261719
-2.63911e-008	0.0391846
-2.63661e-008	0.0459473
-2.63411e-008	0.0278076
-2.63161e-008	0.0140625
-2.62911e-008	0.0164551
-2.62661e-008	0.0155029
-2.62411e-008	0.0178955
-2.62161e-008	0.0241943
-2.61911e-008	0.0117432
-2.61661e-008	0.0039795
-2.61411e-008	0.0189453
-2.61161e-008	0.0333008
-2.60911e-008	0.0233399
-2.60661e-008	0.0131836
-2.60411e-008	0.0312256
-2.60161e-008	0.0293945
-2.59911e-008	0.0067627
-2.59661e-008	0.00837403
-2.59411e-008	0.0202637
-2.59161e-008	0.023877
-2.58911e-008	0.0154297
-2.58661e-008	0.0116943
-2.58411e-008	0.0223389
-2.58161e-008	0.0173828
-2.57911e-008	0.00781251
-2.57661e-008	0.0179199
-2.57411e-008	0.0167969
-2.57161e-008	0.00781251
-2.56911e-008	0.0146973
-2.56661e-008	0.0116211
-2.56411e-008	0.0100586
-2.56161e-008	0.0246094
-2.55911e-008	0.0225098
-2.55661e-008	0.0166504
-2.55411e-008	0.0283203
-2.55161e-008	0.0283936
-2.54911e-008	0.0149902
-2.54661e-008	0.0152344
-2.54411e-008	0.0266113
-2.54161e-008	0.033374
-2.53911e-008	0.0215088
-2.53661e-008	0.00830079
-2.53411e-008	0.0177979
-2.53161e-008	0.0261475
-2.52911e-008	0.0298096
-2.52661e-008	0.0376953
-2.52411e-008	0.036792
-2.52161e-008	0.0283691
-2.51911e-008	0.0178711
-2.51661e-008	0.0153076
-2.51411e-008	0.0205566
-2.51161e-008	0.0210938
-2.50911e-008	0.0200684
-2.50661e-008	0.0233887
-2.50411e-008	0.0308594
-2.50161e-008	0.0290772
-2.49911e-008	0.0137451
-2.49661e-008	0.0171631
-2.49411e-008	0.0320557
-2.49161e-008	0.0269287
-2.48911e-008	0.0291504
-2.48661e-008	0.0331299
-2.48411e-008	0.0196777
-2.48161e-008	0.024292
-2.47911e-008	0.0230713
-2.47661e-008	0.000830086
-2.47411e-008	0.00493165
-2.47161e-008	0.0196533
-2.46911e-008	0.0277588
-2.46661e-008	0.0374756
-2.46411e-008	0.029126
-2.46161e-008	0.0226563
-2.45911e-008	0.0333984
-2.45661e-008	0.032666
-2.45411e-008	0.023169
-2.45161e-008	0.0208252
-2.44911e-008	0.0200684
-2.44661e-008	0.0144775
-2.44411e-008	0.0178711
-2.44161e-008	0.0312744
-2.43911e-008	0.0235352
-2.43661e-008	0.0128174
-2.43411e-008	0.0213623
-2.43161e-008	0.0190186
-2.42911e-008	0.0170654
-2.42661e-008	0.0273193
-2.42411e-008	0.031543
-2.42161e-008	0.0287598
-2.41911e-008	0.0193115
-2.41661e-008	0.0158447
-2.41411e-008	0.0174072
-2.41161e-008	0.0200684
-2.40911e-008	0.0236572
-2.40661e-008	0.0171631
-2.40411e-008	0.0204834
-2.40161e-008	0.0206299
-2.39911e-008	0.00771485
-2.39661e-008	0.0210449
-2.39411e-008	0.0284912
-2.39161e-008	0.0132324
-2.38911e-008	0.0147461
-2.38661e-008	0.0179443
-2.38411e-008	0.02771
-2.38161e-008	0.0379395
-2.37911e-008	0.0192627
-2.37661e-008	0.0162598
-2.37411e-008	0.0254883
-2.37161e-008	0.013916
-2.36911e-008	0.0123291
-2.36661e-008	0.018457
-2.36411e-008	0.0131836
-2.36161e-008	0.010791
-2.35911e-008	0.0175537
-2.35661e-008	0.0241455
-2.35411e-008	0.0235352
-2.35161e-008	0.0191895
-2.34911e-008	0.0250488
-2.34661e-008	0.0300537
-2.34411e-008	0.0233643
-2.34161e-008	0.0226074
-2.33911e-008	0.0188232
-2.33661e-008	0.0171875
-2.33411e-008	0.0259033
-2.33161e-008	0.0276123
-2.32911e-008	0.0313233
-2.32661e-008	0.0198975
-2.32411e-008	0.0148682
-2.32161e-008	0.0409912
-2.31911e-008	0.0294678
-2.31661e-008	0.00661622
-2.31411e-008	0.017041
-2.31161e-008	0.0126709
-2.30911e-008	0.0123779
-2.30661e-008	0.0240723
-2.30411e-008	0.0218018
-2.30161e-008	0.0248535
-2.29911e-008	0.0239014
-2.29661e-008	0.0198486
-2.29411e-008	0.0273438
-2.29161e-008	0.0289063
-2.28911e-008	0.0241943
-2.28661e-008	0.0176025
-2.28411e-008	0.0138916
-2.28161e-008	0.0239502
-2.27911e-008	0.0306397
-2.27661e-008	0.0202149
-2.27411e-008	0.0175293
-2.27161e-008	0.0301025
-2.26911e-008	0.0279053
-2.26661e-008	0.0208984
-2.26411e-008	0.0302246
-2.26161e-008	0.0300781
-2.25911e-008	0.0189453
-2.25661e-008	0.0134277
-2.25411e-008	0.0246582
-2.25161e-008	0.0424316
-2.24911e-008	0.0287354
-2.24661e-008	0.0126221
-2.24411e-008	0.0175049
-2.24161e-008	0.0208008
-2.23911e-008	0.0126465
-2.23661e-008	-0.00456542
-2.23411e-008	0.0104248
-2.23161e-008	0.0383789
-2.22911e-008	0.0351318
-2.22661e-008	0.018457
-2.22411e-008	0.00937501
-2.22161e-008	0.0243897
-2.21911e-008	0.028833
-2.21661e-008	0.00944825
-2.21411e-008	0.0133789
-2.21161e-008	0.0258545
-2.20911e-008	0.0187988
-2.20661e-008	0.0152832
-2.20411e-008	0.0258789
-2.20161e-008	0.0359131
-2.19911e-008	0.03396
-2.19661e-008	0.0199707
-2.19411e-008	0.0148438
-2.19161e-008	0.016626
-2.18911e-008	0.0183838
-2.18661e-008	0.0271484
-2.18411e-008	0.0290527
-2.18161e-008	0.0218994
-2.17911e-008	0.00852052
-2.17661e-008	0.0158447
-2.17411e-008	0.0354004
-2.17161e-008	0.0243652
-2.16911e-008	0.0237305
-2.16661e-008	0.0289307
-2.16411e-008	0.0194336
-2.16161e-008	0.0266602
-2.15911e-008	0.0177979
-2.15661e-008	0.00983887
-2.15411e-008	0.0335205
-2.15161e-008	0.0365967
-2.14911e-008	0.0220947
-2.14661e-008	0.0162598
-2.14411e-008	0.0204102
-2.14161e-008	0.0359863
-2.13911e-008	0.0345947
-2.13661e-008	0.014917
-2.13411e-008	0.0148926
-2.13161e-008	0.0296631
-2.12911e-008	0.0259033
-2.12661e-008	0.0163574
-2.12411e-008	0.0168701
-2.12161e-008	0.0157227
-2.11911e-008	0.0176758
-2.11661e-008	0.0150879
-2.11411e-008	0.0176025
-2.11161e-008	0.0320557
-2.10911e-008	0.0245117
-2.10661e-008	0.0219482
-2.10411e-008	0.0385498
-2.10161e-008	0.0311035
-2.09911e-008	0.0151367
-2.09661e-008	0.0187988
-2.09411e-008	0.0263672
-2.09161e-008	0.0200928
-2.08911e-008	0.0113525
-2.08661e-008	0.0103516
-2.08411e-008	0.0187012
-2.08161e-008	0.0288086
-2.07911e-008	0.0141846
-2.07661e-008	0.00715333
-2.07411e-008	0.0222656
-2.07161e-008	0.023877
-2.06911e-008	0.0239014
-2.06661e-008	0.0171631
-2.06411e-008	0.0167481
-2.06161e-008	0.0288086
-2.05911e-008	0.0224121
-2.05661e-008	0.023877
-2.05411e-008	0.0262207
-2.05161e-008	0.0206543
-2.04911e-008	0.0166992
-2.04661e-008	0.00651856
-2.04411e-008	0.0193359
-2.04161e-008	0.0246582
-2.03911e-008	0.00524903
-2.03661e-008	0.00720216
-2.03411e-008	0.0202637
-2.03161e-008	0.0282471
-2.02911e-008	0.0276611
-2.02661e-008	0.0191406
-2.02411e-008	0.0170899
-2.02161e-008	0.0224121
-2.01911e-008	0.0216797
-2.01661e-008	0.0148193
-2.01411e-008	0.0214111
-2.01161e-008	0.017334
-2.00911e-008	0.00429688
-2.00661e-008	0.0239502
-2.00411e-008	0.0327637
-2.00161e-008	0.0170654
-1.99911e-008	0.021875
-1.99661e-008	0.0283447
-1.99411e-008	0.0265625
-1.99161e-008	0.0299561
-1.98911e-008	0.0204834
-1.98661e-008	0.0123047
-1.98411e-008	0.032666
-1.98161e-008	0.0379639
-1.97911e-008	0.0158691
-1.97661e-008	0.016919
-1.97411e-008	0.0155274
-1.97161e-008	0.00388184
-1.96911e-008	0.0201904
-1.96661e-008	0.0194092
-1.96411e-008	0.00734864
-1.96161e-008	0.0214356
-1.95911e-008	0.0254395
-1.95661e-008	0.0228272
-1.95411e-008	0.0219238
-1.95161e-008	0.0178223
-1.94911e-008	0.0191162
-1.94661e-008	0.0172119
-1.94411e-008	0.0222412
-1.94161e-008	0.0251953
-1.93911e-008	0.0145996
-1.93661e-008	0.0171143
-1.93411e-008	0.0243408
-1.93161e-008	0.0195068
-1.92911e-008	0.0177979
-1.92661e-008	0.0179199
-1.92411e-008	0.0201416
-1.92161e-008	0.0288818
-1.91911e-008	0.0213867
-1.91661e-008	0.00976563
-1.91411e-008	0.0197266
-1.91161e-008	0.0248291
-1.90911e-008	0.0209473
-1.90661e-008	0.0260742
-1.90411e-008	0.0325928
-1.90161e-008	0.0298828
-1.89911e-008	0.0138916
-1.89661e-008	0.00598145
-1.89411e-008	0.0188965
-1.89161e-008	0.0305908
-1.88911e-008	0.0285156
-1.88661e-008	0.0277344
-1.88411e-008	0.0390381
-1.88161e-008	0.0395996
-1.87911e-008	0.0220459
-1.87661e-008	0.0183106
-1.87411e-008	0.0282227
-1.87161e-008	0.0261475
-1.86911e-008	0.0261475
-1.86661e-008	0.0307129
-1.86411e-008	0.0283447
-1.86161e-008	0.0311768
-1.85911e-008	0.0160889
-1.85661e-008	0.00375977
-1.85411e-008	0.0264893
-1.85161e-008	0.0302734
-1.84911e-008	0.0236572
-1.84661e-008	0.0230957
-1.84411e-008	0.0165772
-1.84161e-008	0.0338379
-1.83911e-008	0.0300049
-1.83661e-008	-0.000708
-1.83411e-008	0.00610352
-1.83161e-008	0.0149414
-1.82911e-008	0.0218994
-1.82661e-008	0.0434326
-1.82411e-008	0.024585
-1.82161e-008	0.00915528
-1.81911e-008	0.0243164
-1.81661e-008	0.0205078
-1.81411e-008	0.0257568
-1.81161e-008	0.0242188
-1.80911e-008	0.0106445
-1.80661e-008	0.0241943
-1.80411e-008	0.0303955
-1.80161e-008	0.0203857
-1.79911e-008	0.00686036
-1.79661e-008	0.00708009
-1.79411e-008	0.0216309
-1.79161e-008	0.0272217
-1.78911e-008	0.0296875
-1.78661e-008	0.0186279
-1.78411e-008	0.0211182
-1.78161e-008	0.0373535
-1.77911e-008	0.0161133
-1.77661e-008	0.00405274
-1.77411e-008	0.0272949
-1.77161e-008	0.0385254
-1.76911e-008	0.0291016
-1.76661e-008	0.0170166
-1.76411e-008	0.0220947
-1.76161e-008	0.0316162
-1.75911e-008	0.023584
-1.75661e-008	0.0244873
-1.75411e-008	0.032251
-1.75161e-008	0.0225586
-1.74911e-008	0.0147217
-1.74661e-008	0.0162842
-1.74411e-008	0.0242432
-1.74161e-008	0.0256836
-1.73911e-008	0.0129883
-1.73661e-008	0.0141113
-1.73411e-008	0.0223633
-1.73161e-008	0.0186524
-1.72911e-008	0.013916
-1.72661e-008	0.0156982
-1.72411e-008	0.0221191
-1.72161e-008	0.0245361
-1.71911e-008	0.0159668
-1.71661e-008	0.0100342
-1.71411e-008	0.022876
-1.71161e-008	0.0305908
-1.70911e-008	0.026709
-1.70661e-008	0.0278809
-1.70411e-008	0.0280029
-1.70161e-008	0.0230225
-1.69911e-008	0.00979005
-1.69661e-008	0.0155518
-1.69411e-008	0.0331055
-1.69161e-008	0.0266602
-1.68911e-008	0.025293
-1.68661e-008	0.0263672
-1.68411e-008	0.0272949
-1.68161e-008	0.0389649
-1.67911e-008	0.020874
-1.67661e-008	0.00410157
-1.67411e-008	0.018457
-1.67161e-008	0.0188232
-1.66911e-008	0.0187012
-1.66661e-008	0.0204102
-1.66411e-008	0.0127197
-1.66161e-008	0.0274414
-1.65911e-008	0.0334473
-1.65661e-008	0.0232666
-1.65411e-008	0.0275879
-1.65161e-008	0.0236328
-1.64911e-008	0.0195313
-1.64661e-008	0.0225342
-1.64411e-008	0.0203125
-1.64161e-008	0.0240967
-1.63911e-008	0.0269531
-1.63661e-008	0.0261963
-1.63411e-008	0.0259766
-1.63161e-008	0.0247803
-1.62911e-008	0.0287598
-1.62661e-008	0.0313477
-1.62411e-008	0.0308106
-1.62161e-008	0.027124
-1.61911e-008	0.01875
-1.61661e-008	0.0210205
-1.61411e-008	0.0259766
-1.61161e-008	0.0251953
-1.60911e-008	0.0269531
-1.60661e-008	0.0172363
-1.60411e-008	0.0130615
-1.60161e-008	0.0261475
-1.59911e-008	0.0174072
-1.59661e-008	0.010083
-1.59411e-008	0.0226563
-1.59161e-008	0.0138428
-1.58911e-008	0.0143555
-1.58661e-008	0.036499
-1.58411e-008	0.0383301
-1.58161e-008	0.0337402
-1.57911e-008	0.0225586
-1.57661e-008	0.00349122
-1.57411e-008	0.0111572
-1.57161e-008	0.0323731
-1.56911e-008	0.0232666
-1.56661e-008	0.00681153
-1.56411e-008	0.0262695
-1.56161e-008	0.0376953
-1.55911e-008	0.0151367
-1.55661e-008	0.00463868
-1.55411e-008	0.0208984
-1.55161e-008	0.0371338
-1.54911e-008	0.0308594
-1.54661e-008	0.0183594
-1.54411e-008	0.0196289
-1.54161e-008	0.0210693
-1.53911e-008	0.0179932
-1.53661e-008	0.0227783
-1.53411e-008	0.0237305
-1.53161e-008	0.0150879
-1.52911e-008	0.0198242
-1.52661e-008	0.0241211
-1.52411e-008	0.0174805
-1.52161e-008	0.0210938
-1.51911e-008	0.0174316
-1.51661e-008	0.01604
-1.51411e-008	0.0328613
-1.51161e-008	0.0243652
-1.50911e-008	0.00964356
-1.50661e-008	0.0178711
-1.50411e-008	0.0176758
-1.50161e-008	0.0168701
-1.49911e-008	0.0212891
-1.49661e-008	0.0181397
-1.49411e-008	0.0209473
-1.49161e-008	0.0260742
-1.48911e-008	0.0124024
-1.48661e-008	0.00336915
-1.48411e-008	0.0297608
-1.48161e-008	0.0364746
-1.47911e-008	0.0069336
-1.47661e-008	0.00874024
-1.47411e-008	0.0229736
-1.47161e-008	0.0213867
-1.46911e-008	0.0281006
-1.46661e-008	0.0259766
-1.46411e-008	0.0235352
-1.46161e-008	0.0290039
-1.45911e-008	0.0193115
-1.45661e-008	0.019043
-1.45411e-008	0.0229736
-1.45161e-008	0.0193115
-1.44911e-008	0.0301025
-1.44661e-008	0.0266358
-1.44411e-008	0.0156982
-1.44161e-008	0.0183838
-1.43911e-008	0.0106201
-1.43661e-008	0.0158447
-1.43411e-008	0.0268311
-1.43161e-008	0.0134277
-1.42911e-008	0.0140137
-1.42661e-008	0.0266113
-1.42411e-008	0.0234863
-1.42161e-008	0.0275391
-1.41911e-008	0.0239746
-1.41661e-008	0.0060547
-1.41411e-008	0.0165039
-1.41161e-008	0.0274414
-1.40911e-008	0.020459
-1.40661e-008	0.0233887
-1.40411e-008	0.0234619
-1.40161e-008	0.0180176
-1.39911e-008	0.0148926
-1.39661e-008	0.0166504
-1.39411e-008	0.0211426
-1.39161e-008	0.0281006
-1.38911e-008	0.0393555
-1.38661e-008	0.0277588
-1.38411e-008	0.00759278
-1.38161e-008	0.010791
-1.37911e-008	0.0136963
-1.37661e-008	0.0113525
-1.37411e-008	0.0175049
-1.37161e-008	0.0191895
-1.36911e-008	0.0147949
-1.36661e-008	0.0167725
-1.36411e-008	0.0312988
-1.36161e-008	0.0381836
-1.35911e-008	0.021875
-1.35661e-008	0.0157715
-1.35411e-008	0.0260742
-1.35161e-008	0.0283203
-1.34911e-008	0.0254639
-1.34661e-008	0.0134522
-1.34411e-008	0.00725098
-1.34161e-008	0.0264893
-1.33911e-008	0.0309082
-1.33661e-008	0.0188477
-1.33411e-008	0.0291016
-1.33161e-008	0.0342529
-1.32911e-008	0.0217529
-1.32661e-008	0.0205078
-1.32411e-008	0.0287598
-1.32161e-008	0.0349121
-1.31911e-008	0.0345703
-1.31661e-008	0.0257568
-1.31411e-008	0.0168701
-1.31161e-008	0.0256836
-1.30911e-008	0.0376465
-1.30661e-008	0.0206055
-1.30411e-008	0.012207
-1.30161e-008	0.0256592
-1.29911e-008	0.0109375
-1.29661e-008	0.00510255
-1.29411e-008	0.0301758
-1.29161e-008	0.0328125
-1.28911e-008	0.0289795
-1.28661e-008	0.029541
-1.28411e-008	0.0250733
-1.28161e-008	0.0271484
-1.27911e-008	0.019043
-1.27661e-008	0.0119873
-1.27411e-008	0.0172119
-1.27161e-008	0.0295654
-1.26911e-008	0.0428711
-1.26661e-008	0.0312012
-1.26411e-008	0.0148193
-1.26161e-008	0.0164307
-1.25911e-008	0.0191162
-1.25661e-008	0.0109375
-1.25411e-008	0.0116699
-1.25161e-008	0.0291016
-1.24911e-008	0.0249024
-1.24661e-008	0.0172363
-1.24411e-008	0.02771
-1.24161e-008	0.0311768
-1.23911e-008	0.0286621
-1.23661e-008	0.0202149
-1.23411e-008	0.0155029
-1.23161e-008	0.0174072
-1.22911e-008	0.0165283
-1.22661e-008	0.0122803
-1.22411e-008	0.0142578
-1.22161e-008	0.0316162
-1.21911e-008	0.0166016
-1.21661e-008	-0.00329589
-1.21411e-008	0.0197754
-1.21161e-008	0.0251221
-1.20911e-008	0.0281494
-1.20661e-008	0.0340088
-1.20411e-008	0.0165283
-1.20161e-008	0.0237305
-1.19911e-008	0.0217285
-1.19661e-008	0.0108399
-1.19411e-008	0.0352539
-1.19161e-008	0.0337647
-1.18911e-008	0.0137451
-1.18661e-008	0.0202393
-1.18411e-008	0.027002
-1.18161e-008	0.0241943
-1.17911e-008	0.0140869
-1.17661e-008	0.0119141
-1.17411e-008	0.0276367
-1.17161e-008	0.0341065
-1.16911e-008	0.0239258
-1.16661e-008	0.0199463
-1.16411e-008	0.0305664
-1.16161e-008	0.0263184
-1.15911e-008	0.00949708
-1.15661e-008	0.0199951
-1.15411e-008	0.031543
-1.15161e-008	0.0249024
-1.14911e-008	0.0301514
-1.14661e-008	0.0293701
-1.14411e-008	0.0192139
-1.14161e-008	0.0219971
-1.13911e-008	0.0195313
-1.13661e-008	0.0141602
-1.13411e-008	0.0197998
-1.13161e-008	0.02229
-1.12911e-008	0.0166992
-1.12661e-008	0.018335
-1.12411e-008	0.0313965
-1.12161e-008	0.030957
-1.11911e-008	0.0163574
-1.11661e-008	0.0178223
-1.11411e-008	0.0275391
-1.11161e-008	0.0203613
-1.10911e-008	0.0111572
-1.10661e-008	0.0182373
-1.10411e-008	0.0306885
-1.10161e-008	0.030835
-1.09911e-008	0.012793
-1.09661e-008	0.00820313
-1.09411e-008	0.0263916
-1.09161e-008	0.0234375
-1.08911e-008	0.00803223
-1.08661e-008	0.0141602
-1.08411e-008	0.0261719
-1.08161e-008	0.0242188
-1.07911e-008	0.0178711
-1.07661e-008	0.0209229
-1.07411e-008	0.0151367
-1.07161e-008	0.00957032
-1.06911e-008	0.0218506
-1.06661e-008	0.0240723
-1.06411e-008	0.0284912
-1.06161e-008	0.0329346
-1.05911e-008	0.0184815
-1.05661e-008	0.0156738
-1.05411e-008	0.0183594
-1.05161e-008	0.0207275
-1.04911e-008	0.0246582
-1.04661e-008	0.0169678
-1.04411e-008	0.0203369
-1.04161e-008	0.0257324
-1.03911e-008	0.00976563
-1.03661e-008	0.00356446
-1.03411e-008	0.0161133
-1.03161e-008	0.0207764
-1.02911e-008	0.0193848
-1.02661e-008	0.0114502
-1.02411e-008	0.0107178
-1.02161e-008	0.0255615
-1.01911e-008	0.00847169
-1.01661e-008	-0.00168456
-1.01411e-008	0.0275391
-1.01161e-008	0.0280274
-1.00911e-008	0.0207031
-1.00661e-008	0.0272217
-1.00411e-008	0.0226807
-1.00161e-008	0.0225098
-9.991104e-009	0.0228027
-9.966104e-009	0.0206543
-9.941104e-009	0.0139404
-9.916104e-009	0.0125244
-9.891104e-009	0.026001
-9.866104e-009	0.0247315
-9.841104e-009	0.0248779
-9.816104e-009	0.0307617
-9.791104e-009	0.0193604
-9.766104e-009	0.0165527
-9.741104e-009	0.0186279
-9.716104e-009	0.0189941
-9.691104e-009	0.029834
-9.666104e-009	0.0292236
-9.641104e-009	0.0249024
-9.616104e-009	0.0275147
-9.591104e-009	0.0235596
-9.566104e-009	0.021582
-9.541104e-009	0.0255859
-9.516104e-009	0.0302734
-9.491104e-009	0.0276611
-9.466104e-009	0.0224854
-9.441104e-009	0.0284912
-9.416104e-009	0.03479
-9.391104e-009	0.031543
-9.366104e-009	0.0257324
-9.341104e-009	0.0273438
-9.316104e-009	0.030127
-9.291104e-009	0.0294678
-9.266104e-009	0.0260986
-9.241104e-009	0.0184082
-9.216104e-009	0.0259033
-9.191104e-009	0.0290283
-9.166104e-009	0.0140381
-9.141104e-009	0.0210205
-9.116104e-009	0.0329102
-9.091104e-009	0.0219727
-9.066104e-009	0.013794
-9.041104e-009	0.0258789
-9.016104e-009	0.0392822
-8.991104e-009	0.0369141
-8.966104e-009	0.0323731
-8.941104e-009	0.024292
-8.916104e-009	0.0128418
-8.891104e-009	0.0152832
-8.866104e-009	0.0221191
-8.841104e-009	0.0138428
-8.816104e-009	0.00446778
-8.791104e-009	0.0145752
-8.766104e-009	0.0164063
-8.741104e-009	0.0102783
-8.716104e-009	0.0189209
-8.691104e-009	0.0186524
-8.666104e-009	0.0192871
-8.641104e-009	0.0341309
-8.616104e-009	0.0320068
-8.591104e-009	0.0146484
-8.566104e-009	0.0190186
-8.541104e-009	0.0330322
-8.516104e-009	0.0275635
-8.491104e-009	0.0301514
-8.466104e-009	0.0310303
-8.441104e-009	0.010791
-8.416104e-009	0.0110352
-8.391104e-009	0.0250733
-8.366104e-009	0.0307861
-8.341104e-009	0.029419
-8.316104e-009	0.0133789
-8.291104e-009	0.0141602
-8.266104e-009	0.0302002
-8.241104e-009	0.0328613
-8.216104e-009	0.0329346
-8.191104e-009	0.020044
-8.166104e-009	0.0159668
-8.141104e-009	0.0211914
-8.116104e-009	0.00698243
-8.091104e-009	0.017041
-8.066104e-009	0.0258301
-8.041104e-009	0.013208
-8.016104e-009	0.0245361
-7.991104e-009	0.0283203
-7.966104e-009	0.0242432
-7.941104e-009	0.0229248
-7.916104e-009	0.00935059
-7.891104e-009	0.00812989
-7.866104e-009	0.0165527
-7.841104e-009	0.0289307
-7.816104e-009	0.0323242
-7.791104e-009	0.0234619
-7.766104e-009	0.0253174
-7.741104e-009	0.020166
-7.716104e-009	0.012915
-7.691104e-009	0.0140137
-7.666104e-009	0.0141602
-7.641104e-009	0.0251953
-7.616104e-009	0.0297852
-7.591104e-009	0.0181152
-7.566104e-009	0.0143311
-7.541104e-009	0.0182129
-7.516104e-009	0.0185303
-7.491104e-009	0.0173828
-7.466104e-009	0.0242432
-7.441104e-009	0.0368652
-7.416104e-009	0.0310791
-7.391104e-009	0.0140381
-7.366104e-009	0.0208496
-7.341104e-009	0.0298828
-7.316104e-009	0.0194092
-7.291104e-009	0.0151367
-7.266104e-009	0.0199219
-7.241104e-009	0.0300781
-7.216104e-009	0.0286621
-7.191104e-009	0.0025879
-7.166104e-009	0.00332032
-7.141104e-009	0.0196045
-7.116104e-009	0.00583497
-7.091104e-009	0.0127441
-7.066104e-009	0.0271484
-7.041104e-009	0.0159424
-7.016104e-009	0.0244873
-6.991104e-009	0.0289795
-6.966104e-009	0.0200684
-6.941104e-009	0.0199707
-6.916104e-009	0.0211914
-6.891104e-009	0.0275147
-6.866104e-009	0.0205566
-6.841104e-009	0.0227539
-6.816104e-009	0.0283447
-6.791104e-009	0.0115479
-6.766104e-009	0.0159912
-6.741104e-009	0.0175293
-6.716104e-009	0.00471192
-6.691104e-009	0.0144287
-6.666104e-009	0.0257568
-6.641104e-009	0.0303711
-6.616104e-009	0.0369629
-6.591104e-009	0.0355225
-6.566104e-009	0.0276123
-6.541104e-009	0.0347168
-6.516104e-009	0.036792
-6.491104e-009	0.0168457
-6.466104e-009	0.0233643
-6.441104e-009	0.0380859
-6.416104e-009	0.0223877
-6.391104e-009	0.0144531
-6.366104e-009	0.0165283
-6.341104e-009	0.0135742
-6.316104e-009	0.0168213
-6.291104e-009	0.0174316
-6.266104e-009	0.0141357
-6.241104e-009	0.0261231
-6.216104e-009	0.0426514
-6.191104e-009	0.0330078
-6.166104e-009	0.0166992
-6.141104e-009	0.0175293
-6.116104e-009	0.0179688
-6.091104e-009	0.012793
-6.066104e-009	0.0110596
-6.041104e-009	0.0231934
-6.016104e-009	0.0301514
-5.991104e-009	0.0135742
-5.966104e-009	0.00803223
-5.941104e-009	0.0218506
-5.916104e-009	0.0268555
-5.891104e-009	0.0127197
-5.866104e-009	0.00354005
-5.841104e-009	0.0268799
-5.816104e-009	0.042627
-5.791104e-009	0.0181885
-5.766104e-009	0.00341798
-5.741104e-009	0.0180908
-5.716104e-009	0.0271729
-5.691104e-009	0.0277588
-5.666104e-009	0.0291504
-5.641104e-009	0.0299561
-5.616104e-009	0.0274414
-5.591104e-009	0.0197754
-5.566104e-009	0.0176514
-5.541104e-009	0.0209717
-5.516104e-009	0.0248291
-5.491104e-009	0.0233643
-5.466104e-009	0.0189453
-5.441104e-009	0.0272949
-5.416104e-009	0.0359131
-5.391104e-009	0.0347656
-5.366104e-009	0.0266113
-5.341104e-009	0.0191895
-5.316104e-009	0.0242188
-5.291104e-009	0.023877
-5.266104e-009	0.0161133
-5.241104e-009	0.0151123
-5.216104e-009	0.0187988
-5.191104e-009	0.0221436
-5.166104e-009	0.017749
-5.141104e-009	0.020166
-5.116104e-009	0.0291504
-5.091104e-009	0.0157959
-5.066104e-009	0.00776368
-5.041104e-009	0.0291748
-5.016104e-009	0.036792
-4.991104e-009	0.0219238
-4.966104e-009	0.00922852
-4.941104e-009	0.0124268
-4.916104e-009	0.0278565
-4.891104e-009	0.0183106
-4.866104e-009	0.00483399
-4.841104e-009	0.0234619
-4.816104e-009	0.0305908
-4.791104e-009	0.0204346
-4.766104e-009	0.0218018
-4.741104e-009	0.0296143
-4.716104e-009	0.030249
-4.691104e-009	0.0244873
-4.666104e-009	0.0147949
-4.641104e-009	0.00568848
-4.616104e-009	0.0198486
-4.591104e-009	0.0256836
-4.566104e-009	0.0163818
-4.541104e-009	0.0234619
-4.516104e-009	0.020044
-4.491104e-009	0.0162598
-4.466104e-009	0.0124024
-4.441104e-009	0.0133057
-4.416104e-009	0.0295654
-4.391104e-009	0.0162598
-4.366104e-009	0.0158203
-4.341104e-009	0.0403076
-4.316104e-009	0.0315918
-4.291104e-009	0.0134277
-4.266104e-009	0.0184082
-4.241104e-009	0.0353027
-4.216104e-009	0.0319336
-4.191104e-009	0.0173828
-4.166104e-009	0.016333
-4.141104e-009	0.0187744
-4.116104e-009	0.018457
-4.091104e-009	0.0132813
-4.066104e-009	0.0177734
-4.041104e-009	0.031543
-4.016104e-009	0.0294922
-3.991104e-009	0.0168701
-3.966104e-009	0.0160889
-3.941104e-009	0.0260498
-3.916104e-009	0.0292481
-3.891104e-009	0.0215332
-3.866104e-009	0.0123291
-3.841104e-009	0.0129883
-3.816104e-009	0.0217529
-3.791104e-009	0.0264893
-3.766104e-009	0.0179688
-3.741104e-009	0.013794
-3.716104e-009	0.0235107
-3.691104e-009	0.0163818
-3.666104e-009	0.0090088
-3.641104e-009	0.0276367
-3.616104e-009	0.0318359
-3.591104e-009	0.00788575
-3.566104e-009	0.0044922
-3.541104e-009	0.0143555
-3.516104e-009	0.010669
-3.491104e-009	0.0277588
-3.466104e-009	0.0350586
-3.441104e-009	0.0224854
-3.416104e-009	0.0333008
-3.391104e-009	0.0314697
-3.366104e-009	0.0172607
-3.341104e-009	0.022168
-3.316104e-009	0.0209961
-3.291104e-009	0.00695802
-3.266104e-009	0.0111328
-3.241104e-009	0.0285645
-3.216104e-009	0.0246582
-3.191104e-009	0.011499
-3.166104e-009	0.0130371
-3.141104e-009	0.0189697
-3.116104e-009	0.018335
-3.091104e-009	0.018042
-3.066104e-009	0.0252441
-3.041104e-009	0.0361084
-3.016104e-009	0.0322754
-2.991104e-009	0.0173828
-2.966104e-009	0.0141846
-2.941104e-009	0.0115723
-2.916104e-009	0.0213135
-2.891104e-009	0.0349365
-2.866104e-009	0.0219482
-2.841104e-009	0.0252441
-2.816104e-009	0.038501
-2.791104e-009	0.0273193
-2.766104e-009	0.0263428
-2.741104e-009	0.0372803
-2.716104e-009	0.0250977
-2.691104e-009	0.0145264
-2.666104e-009	0.0297852
-2.641104e-009	0.0292969
-2.616104e-009	0.0102783
-2.591104e-009	0.0124268
-2.566104e-009	0.026709
-2.541104e-009	0.0306885
-2.516104e-009	0.0351318
-2.491104e-009	0.0317627
-2.466104e-009	0.0185059
-2.441104e-009	0.0251221
-2.416104e-009	0.0229981
-2.391104e-009	0.00234376
-2.366104e-009	0.00822755
-2.341104e-009	0.0212402
-2.316104e-009	0.0169678
-2.291104e-009	0.0195557
-2.266104e-009	0.0250977
-2.241104e-009	0.017041
-2.216104e-009	0.01604
-2.191104e-009	0.026294
-2.166104e-009	0.026001
-2.141104e-009	0.024292
-2.116104e-009	0.0311279
-2.091104e-009	0.0329834
-2.066104e-009	0.0263184
-2.041104e-009	0.0230469
-2.016104e-009	0.021582
-1.991104e-009	0.0120361
-1.966104e-009	0.0161133
-1.941104e-009	0.0283936
-1.916104e-009	0.0220703
-1.891104e-009	0.0201904
-1.866104e-009	0.0192383
-1.841104e-009	0.0144287
-1.816104e-009	0.0229248
-1.791104e-009	0.0178955
-1.766104e-009	0.015332
-1.741104e-009	0.0353516
-1.716104e-009	0.0330811
-1.691104e-009	0.0156738
-1.666104e-009	0.0193359
-1.641104e-009	0.0308106
-1.616104e-009	0.0295654
-1.591104e-009	0.0199707
-1.566104e-009	0.0167725
-1.541104e-009	0.0202149
-1.516104e-009	0.0177979
-1.491104e-009	0.0121094
-1.466104e-009	0.0179443
-1.441104e-009	0.0302734
-1.416104e-009	0.0330322
-1.391104e-009	0.025293
-1.366104e-009	0.0170166
-1.341104e-009	0.0154541
-1.316104e-009	0.0209961
-1.291104e-009	0.0236328
-1.266104e-009	0.0167969
-1.241104e-009	0.0214111
-1.216104e-009	0.0359619
-1.191104e-009	0.0297852
-1.166104e-009	0.0219482
-1.141104e-009	0.0276367
-1.116104e-009	0.0194336
-1.091104e-009	0.0136231
-1.066104e-009	0.021582
-1.041104e-009	0.0222168
-1.016104e-009	0.020874
-9.911038e-010	0.0107178
-9.661038e-010	0.011084
-9.411038e-010	0.0309082
-9.161038e-010	0.0298828
-8.911038e-010	0.0297852
-8.661038e-010	0.0307373
-8.411038e-010	0.0206787
-8.161038e-010	0.0234619
-7.911038e-010	0.00913087
-7.661038e-010	0.00283204
-7.411038e-010	0.0224854
-7.161038e-010	0.0158447
-6.911038e-010	0.00854493
-6.661038e-010	0.0165039
-6.411038e-010	0.0281983
-6.161038e-010	0.0409668
-5.911038e-010	0.0237549
-5.661038e-010	0.0121094
-5.411038e-010	0.0264404
-5.161038e-010	0.0244385
-4.911038e-010	0.0209229
-4.661038e-010	0.0227539
-4.411038e-010	0.0236328
-4.161038e-010	0.0283203
-3.911038e-010	0.0170166
-3.661038e-010	0.00690919
-3.411038e-010	0.00930177
-3.161038e-010	0.00524903
-2.911038e-010	0.00390626
-2.661038e-010	-0.00454101
-2.411038e-010	-0.0298584
-2.161038e-010	-0.0403076
-1.911038e-010	-0.0436768
-1.661038e-010	-0.0746582
-1.411038e-010	-0.106152
-1.161038e-010	-0.109424
-9.110383e-011	-0.123584
-6.610383e-011	-0.162964
-4.110383e-011	-0.190601
-1.610383e-011	-0.220044
8.896169e-012	-0.266553
3.389617e-011	-0.298486
5.889617e-011	-0.314038
8.389617e-011	-0.33269
1.088962e-010	-0.373584
1.338962e-010	-0.411084
1.588962e-010	-0.415967
1.838962e-010	-0.43938
2.088962e-010	-0.47356
2.338962e-010	-0.490796
2.588962e-010	-0.51748
2.838962e-010	-0.519702
3.088962e-010	-0.507275
3.338962e-010	-0.521631
3.588962e-010	-0.524048
3.838962e-010	-0.514893
4.088962e-010	-0.507202
4.338962e-010	-0.480176
4.588962e-010	-0.459375
4.838962e-010	-0.455298
5.088962e-010	-0.43606
5.338962e-010	-0.407593
5.588962e-010	-0.380859
5.838962e-010	-0.342407
6.088962e-010	-0.315137
6.338962e-010	-0.292627
6.588962e-010	-0.239502
6.838962e-010	-0.201367
7.088962e-010	-0.192432
7.338962e-010	-0.172803
7.588962e-010	-0.148364
7.838962e-010	-0.124878
8.088962e-010	-0.103467
8.338962e-010	-0.0882568
8.588962e-010	-0.0699707
8.838962e-010	-0.0437012
9.088962e-010	-0.0201416
9.338962e-010	-0.00156249
9.588962e-010	0.00791016
9.838962e-010	-0.00537109
1.008896e-009	0.00124512
1.033896e-009	0.0227539
1.058896e-009	0.0150391
1.083896e-009	0.0215088
1.108896e-009	0.0304199
1.133896e-009	0.0266113
1.158896e-009	0.0532715
1.183896e-009	0.0730713
1.208896e-009	0.0598633
1.233896e-009	0.0543701
1.258896e-009	0.0678467
1.283896e-009	0.065918
1.308896e-009	0.0550537
1.333896e-009	0.0567871
1.358896e-009	0.0530274
1.383896e-009	0.0560059
1.408896e-009	0.0577881
1.433896e-009	0.0519043
1.458896e-009	0.045459
1.483896e-009	0.0277588
1.508896e-009	0.0333008
1.533896e-009	0.0474609
1.558896e-009	0.0353027
1.583896e-009	0.0224609
1.608896e-009	0.0208252
1.633896e-009	0.0161865
1.658896e-009	0.00703126
1.683896e-009	0.00485841
1.708896e-009	0.000219734
1.733896e-009	0.00141602
1.758896e-009	0.00495606
1.783896e-009	-0.00178222
1.808896e-009	-0.00166015
1.833896e-009	-0.0142822
1.858896e-009	-0.0288086
1.883896e-009	-0.0119629
1.908896e-009	0.00373536
1.933896e-009	-0.00908202
1.958896e-009	-0.0110596
1.983896e-009	0.00769044
2.008896e-009	-0.000830071
2.033896e-009	-0.00390624
2.058896e-009	0.0144043
2.083896e-009	0.0109375
2.108896e-009	0.0158203
2.133896e-009	0.0245361
2.158896e-009	0.0101318
2.183896e-009	0.00610352
2.208896e-009	0.0150147
2.233896e-009	0.0155274
2.258896e-009	0.0190918
2.283896e-009	0.0260742
2.308896e-009	0.0197754
2.333896e-009	0.0227539
2.358896e-009	0.0397461
2.383896e-009	0.0360108
2.408896e-009	0.020459
2.433896e-009	0.0214111
2.458896e-009	0.0307129
2.483896e-009	0.0313721
2.508896e-009	0.0255127
2.533896e-009	0.0220947
2.558896e-009	0.0340088
2.583896e-009	0.0426514
2.608896e-009	0.0214111
2.633896e-009	0.0112549
2.658896e-009	0.0260742
2.683896e-009	0.0307129
2.708896e-009	0.0219971
2.733896e-009	0.00939942
2.758896e-009	0.0170654
2.783896e-009	0.030957
2.808896e-009	0.0168945
2.833896e-009	0.0109619
2.858896e-009	0.0199463
2.883896e-009	0.0137451
2.908896e-009	0.011792
2.933896e-009	0.026709
2.958896e-009	0.035083
2.983896e-009	0.0259766
3.008896e-009	0.0145996
3.033896e-009	0.0123047
3.058896e-009	0.0126465
3.083896e-009	0.0131104
3.108896e-009	0.0161621
3.133896e-009	0.0209473
3.158896e-009	0.0306152
3.183896e-009	0.0269775
3.208896e-009	0.00981446
3.233896e-009	0.0196289
3.258896e-009	0.03396
3.283896e-009	0.0259033
3.308896e-009	0.0286865
3.333896e-009	0.0352783
3.358896e-009	0.0277832
3.383896e-009	0.0269287
3.408896e-009	0.0358399
3.433896e-009	0.0380615
3.458896e-009	0.0382813
3.483896e-009	0.028125
3.508896e-009	0.0144043
3.533896e-009	0.0305908
3.558896e-009	0.0408447
3.583896e-009	0.0316895
3.608896e-009	0.0295654
3.633896e-009	0.0214111
3.658896e-009	0.0197022
3.683896e-009	0.0289063
3.708896e-009	0.0291992
3.733896e-009	0.0258301
3.758896e-009	0.0253418
3.783896e-009	0.0114258
3.808896e-009	-0.00288085
3.833896e-009	0.00808106
3.858896e-009	0.014917
3.883896e-009	0.00966798
3.908896e-009	0.00371095
3.933896e-009	-0.00634765
3.958896e-009	-0.0041748
3.983896e-009	0.00358887
4.008896e-009	-0.00388183
4.033896e-009	-0.00659179
4.058896e-009	0.00839845
4.083896e-009	0.00908204
4.108896e-009	-0.00234374
4.133896e-009	-0.00307616
4.158896e-009	-0.00485839
4.183896e-009	-0.00134277
4.208896e-009	0.0109863
4.233896e-009	0.0135742
4.258896e-009	0.0167481
4.283896e-009	0.0215332
4.308896e-009	0.014624
4.333896e-009	0.0160645
4.358896e-009	0.0229004
4.383896e-009	0.0243897
4.408896e-009	0.0317383
4.433896e-009	0.0324463
4.458896e-009	0.0351563
4.483896e-009	0.0429932
4.508896e-009	0.037085
4.533896e-009	0.0373535
4.558896e-009	0.0460449
4.583896e-009	0.0394287
4.608896e-009	0.0263672
4.633896e-009	0.0416016
4.658896e-009	0.0595703
4.683896e-009	0.0400147
4.708896e-009	0.0353027
4.733896e-009	0.0432373
4.758896e-009	0.0339111
4.783896e-009	0.0364258
4.808896e-009	0.0241699
4.833896e-009	0.0122315
4.858896e-009	0.0213135
4.883896e-009	0.0164307
4.908896e-009	0.0247559
4.933896e-009	0.0304932
4.958896e-009	0.0121338
4.983896e-009	0.0044922
5.008896e-009	-0.00629882
5.033896e-009	-0.0128174
5.058896e-009	0.00310059
5.083896e-009	0.00920411
5.108896e-009	-0.00339355
5.133896e-009	-0.0122559
5.158896e-009	-0.0160644
5.183896e-009	-0.00744628
5.208896e-009	0.00725098
5.233896e-009	-0.00581054
5.258896e-009	-0.00585937
5.283896e-009	0.0111084
5.308896e-009	-0.00476073
5.333896e-009	-0.00722656
5.358896e-009	0.00895997
5.383896e-009	0.0097168
5.408896e-009	0.0130127
5.433896e-009	0.0158203
5.458896e-009	0.00290528
5.483896e-009	-0.00537109
5.508896e-009	0.0213867
5.533896e-009	0.0347656
5.558896e-009	0.0217529
5.583896e-009	0.0272705
5.608896e-009	0.018457
5.633896e-009	0.0124024
5.658896e-009	0.0281738
5.683896e-009	0.0303223
5.708896e-009	0.0280762
5.733896e-009	0.0241211
5.758896e-009	0.0299805
5.783896e-009	0.0285645
5.808896e-009	0.0153809
5.833896e-009	0.0259033
5.858896e-009	0.0307129
5.883896e-009	0.0351563
5.908896e-009	0.0483399
5.933896e-009	0.0373047
5.958896e-009	0.0242432
5.983896e-009	0.0269287
6.008896e-009	0.0289551
6.033896e-009	0.0274658
6.058896e-009	0.0280518
6.083896e-009	0.0310303
6.108896e-009	0.0355713
6.133896e-009	0.0345459
6.158896e-009	0.0312988
6.183896e-009	0.0377441
6.208896e-009	0.037793
6.233896e-009	0.0288818
6.258896e-009	0.0289795
6.283896e-009	0.0198486
6.308896e-009	0.00371095
6.333896e-009	0.00334473
6.358896e-009	0.00671387
6.383896e-009	0.0140625
6.408896e-009	0.0101318
6.433896e-009	0.00192872
6.458896e-009	0.0117188
6.483896e-009	0.00144044
6.508896e-009	-0.00754394
6.533896e-009	0.0039795
6.558896e-009	0.0110107
6.583896e-009	0.0120117
6.608896e-009	-0.00185546
6.633896e-009	0.000268562
6.658896e-009	0.0143311
6.683896e-009	0.0129639
6.708896e-009	0.0143799
6.733896e-009	0.0173096
6.758896e-009	0.0218262
6.783896e-009	0.0177246
6.808896e-009	0.00593262
6.833896e-009	-7.32347e-005
6.858896e-009	-0.00146484
6.883896e-009	0.0106934
6.908896e-009	0.0156494
6.933896e-009	0.00612794
6.958896e-009	0.0134766
6.983896e-009	0.0260742
7.008896e-009	0.0199951
7.033896e-009	0.0240967
7.058896e-009	0.0369873
7.083896e-009	0.0334229
7.108896e-009	0.0378662
7.133896e-009	0.0368408
7.158896e-009	0.0202149
7.183896e-009	0.0270264
7.208896e-009	0.0333252
7.233896e-009	0.0249512
7.258896e-009	0.0295654
7.283896e-009	0.0253906
7.308896e-009	0.0129639
7.333896e-009	0.0157471
7.358896e-009	0.0209961
7.383896e-009	0.0226807
7.408896e-009	0.0183106
7.433896e-009	0.0150391
7.458896e-009	0.0262695
7.483896e-009	0.0278076
7.508896e-009	0.00856934
7.533896e-009	0.00319825
7.558896e-009	0.0165283
7.583896e-009	0.0276856
7.608896e-009	0.0243408
7.633896e-009	0.00656739
7.658896e-009	0.00327149
7.683896e-009	0.0130615
7.708896e-009	0.0210938
7.733896e-009	0.0264893
7.758896e-009	0.0259033
7.783896e-009	0.0355469
7.808896e-009	0.0361816
7.833896e-009	0.0187012
7.858896e-009	0.0130371
7.883896e-009	0.0150635
7.908896e-009	0.0202393
7.933896e-009	0.0272949
7.958896e-009	0.0238525
7.983896e-009	0.0156006
8.008896e-009	0.0185303
8.033896e-009	0.0264404
8.058896e-009	0.0279297
8.083896e-009	0.0308106
8.108896e-009	0.0312256
8.133896e-009	0.0334473
8.158896e-009	0.0381592
8.183896e-009	0.025293
8.208896e-009	0.0127686
8.233896e-009	0.0179688
8.258896e-009	0.0237793
8.283896e-009	0.0242432
8.308896e-009	0.0280274
8.333896e-009	0.03479
8.358896e-009	0.028833
8.383896e-009	0.0163818
8.408896e-009	0.0142822
8.433896e-009	0.0240967
8.458896e-009	0.0339111
8.483896e-009	0.0147949
8.508896e-009	0.00202637
8.533896e-009	0.0140625
8.558896e-009	0.0020752
8.583896e-009	-0.00468749
8.608896e-009	0.00844727
8.633896e-009	0.0147461
8.658896e-009	0.0166504
8.683896e-009	0.0119873
8.708896e-009	0.0156738
8.733896e-009	0.0134277
8.758896e-009	0.00888673
8.783896e-009	0.0218506
8.808896e-009	0.0162598
8.833896e-009	0.00905762
8.858896e-009	0.00925294
8.883896e-009	0.0010254
8.908896e-009	0.0175049
8.933896e-009	0.0403565
8.958896e-009	0.0414551
8.983896e-009	0.0288818
9.008896e-009	0.0156494
9.033896e-009	0.0237549
9.058896e-009	0.0303467
9.083896e-009	0.0240723
9.108896e-009	0.0248291
9.133896e-009	0.0243897
9.158896e-009	0.0319092
9.183896e-009	0.0349854
9.208896e-009	0.0216309
9.233896e-009	0.0358887
9.258896e-009	0.056543
9.283896e-009	0.0429199
9.308896e-009	0.0320313
9.333896e-009	0.0369141
9.358896e-009	0.0339111
9.383896e-009	0.0243164
9.408896e-009	0.0168457
9.433896e-009	0.0167236
9.458896e-009	0.0247559
9.483896e-009	0.0289551
9.508896e-009	0.0261475
9.533896e-009	0.0238037
9.558896e-009	0.0203857
9.583896e-009	0.0204346
9.608896e-009	0.0174561
9.633896e-009	0.00800782
9.658896e-009	0.018457
9.683896e-009	0.0243164
9.708896e-009	-0.00180663
9.733896e-009	-0.00957031
9.758896e-009	0.0053711
9.783896e-009	0.00295411
9.808896e-009	-0.00224609
9.833896e-009	0.0065918
9.858896e-009	0.018042
9.883896e-009	0.0231201
9.908896e-009	0.0196045
9.933896e-009	0.0137451
9.958896e-009	0.0162109
9.983896e-009	0.0145264
1.00089e-008	0.00478516
1.00339e-008	0.00993653
1.00589e-008	0.0115234
1.00839e-008	0.0133545
1.01089e-008	0.0301514
1.01339e-008	0.0273438
1.01589e-008	0.0248779
1.01839e-008	0.035791
1.02089e-008	0.0333008
1.02339e-008	0.0240234
1.02589e-008	0.019165
1.02839e-008	0.0290527
1.03089e-008	0.0366943
1.03339e-008	0.023291
1.03589e-008	0.0220703
1.03839e-008	0.0347656
1.04089e-008	0.0272949
1.04339e-008	0.0216553
1.04589e-008	0.0318848
1.04839e-008	0.0303467
1.05089e-008	0.0206299
1.05339e-008	0.0218262
1.05589e-008	0.0329346
1.05839e-008	0.0358154
1.06089e-008	0.0297608
1.06339e-008	0.0250488
1.06589e-008	0.0226807
1.06839e-008	0.028418
1.07089e-008	0.0277588
1.07339e-008	0.0201416
1.07589e-008	0.0206299
1.07839e-008	0.0159424
1.08089e-008	0.0104736
1.08339e-008	0.022168
1.08589e-008	0.0265137
1.08839e-008	0.00895997
1.09089e-008	0.00795899
1.09339e-008	0.0198975
1.09589e-008	0.0138184
1.09839e-008	0.0125977
1.10089e-008	0.0230713
1.10339e-008	0.0156494
1.10589e-008	-0.00197753
1.10839e-008	0.00581055
1.11089e-008	0.0229981
1.11339e-008	0.010083
1.11589e-008	-0.00463866
1.11839e-008	0.00834962
1.12089e-008	0.0104492
1.12339e-008	0.00539552
1.12589e-008	0.0240967
1.12839e-008	0.020874
1.13089e-008	-0.00786132
1.13339e-008	-0.00354003
1.13589e-008	0.0227295
1.13839e-008	0.0230225
1.14089e-008	-0.000439446
1.14339e-008	0.00495606
1.14589e-008	0.0303223
1.14839e-008	0.0222412
1.15089e-008	0.0145996
1.15339e-008	0.0230713
1.15589e-008	0.0189453
1.15839e-008	0.0197022
1.16089e-008	0.0209717
1.16339e-008	0.015918
1.16589e-008	0.0172852
1.16839e-008	0.0200195
1.17089e-008	0.0202881
1.17339e-008	0.0110107
1.17589e-008	0.0147217
1.17839e-008	0.030957
1.18089e-008	0.0182861
1.18339e-008	0.0108399
1.18589e-008	0.02146
1.18839e-008	0.012085
1.19089e-008	0.00888673
1.19339e-008	0.0117188
1.19589e-008	0.00908204
1.19839e-008	0.0204346
1.20089e-008	0.00534669
1.20339e-008	-0.0110351
1.20589e-008	0.020752
1.20839e-008	0.0297852
1.21089e-008	0.011792
1.21339e-008	0.00739747
1.21589e-008	0.0158936
1.21839e-008	0.0320557
1.22089e-008	0.0161621
1.22339e-008	0.0074463
1.22589e-008	0.0330811
1.22839e-008	0.0283691
1.23089e-008	0.0175293
1.23339e-008	0.0243652
1.23589e-008	0.0255371
1.23839e-008	0.0304199
1.24089e-008	0.0286377
1.24339e-008	0.0265625
1.24589e-008	0.0356201
1.24839e-008	0.0365234
1.25089e-008	0.0275635
1.25339e-008	0.0261231
1.25589e-008	0.0417725
1.25839e-008	0.0439453
1.26089e-008	0.0220947
1.26339e-008	0.0210205
1.26589e-008	0.0375977
1.26839e-008	0.0325928
1.27089e-008	0.0181641
1.27339e-008	0.0260498
1.27589e-008	0.0357422
1.27839e-008	0.0190674
1.28089e-008	0.00820313
1.28339e-008	0.0181885
1.28589e-008	0.0238525
1.28839e-008	0.0236816
1.29089e-008	0.0158936
1.29339e-008	0.00532227
1.29589e-008	0.0130127
1.29839e-008	0.0239014
1.30089e-008	0.0201904
1.30339e-008	0.0164063
1.30589e-008	0.0175781
1.30839e-008	0.0190186
1.31089e-008	0.0131836
1.31339e-008	0.00358887
1.31589e-008	0.0101318
1.31839e-008	0.0228516
1.32089e-008	0.0257568
1.32339e-008	0.0226074
1.32589e-008	0.0145996
1.32839e-008	0.0128174
1.33089e-008	0.0184326
1.33339e-008	0.0152588
1.33589e-008	0.0200684
1.33839e-008	0.0335205
1.34089e-008	0.0248291
1.34339e-008	0.0187012
1.34589e-008	0.0248535
1.34839e-008	0.021582
1.35089e-008	0.0245606
1.35339e-008	0.0316895
1.35589e-008	0.0354736
1.35839e-008	0.0328125
1.36089e-008	0.0246826
1.36339e-008	0.0304199
1.36589e-008	0.0282715
1.36839e-008	0.0182129
1.37089e-008	0.030249
1.37339e-008	0.0329346
1.37589e-008	0.0261963
1.37839e-008	0.0335693
1.38089e-008	0.0316895
1.38339e-008	0.0279297
1.38589e-008	0.0261475
1.38839e-008	0.0261231
1.39089e-008	0.0352051
1.39339e-008	0.0231934
1.39589e-008	0.0159424
1.39839e-008	0.0266358
1.40089e-008	0.0147949
1.40339e-008	0.0084961
1.40589e-008	0.0231445
1.40839e-008	0.0220215
1.41089e-008	-0.00270995
1.41339e-008	-0.00822753
1.41589e-008	0.0164063
1.41839e-008	0.0224854
1.42089e-008	0.0155029
1.42339e-008	0.0129639
1.42589e-008	0.00803223
1.42839e-008	0.0114014
1.43089e-008	0.00993653
1.43339e-008	0.00156251
1.43589e-008	0.00742188
1.43839e-008	0.0197266
1.44089e-008	0.0194336
1.44339e-008	0.012793
1.44589e-008	0.0100342
1.44839e-008	0.0124268
1.45089e-008	0.0280518
1.45339e-008	0.031958
1.45589e-008	0.0142334
1.45839e-008	0.00561524
1.46089e-008	-0.0022705
1.46339e-008	-9.76488e-005
1.46589e-008	0.0262695
1.46839e-008	0.0281006
1.47089e-008	-0.000122063
1.47339e-008	0.000170906
1.47589e-008	0.016333
1.47839e-008	0.0127441
1.48089e-008	0.021875
1.48339e-008	0.0285156
1.48589e-008	0.0233399
1.48839e-008	0.0342774
1.49089e-008	0.0320068
1.49339e-008	0.0288818
1.49589e-008	0.0381836
1.49839e-008	0.0370117
1.50089e-008	0.0297608
1.50339e-008	0.0215576
1.50589e-008	0.0238037
1.50839e-008	0.0226807
1.51089e-008	0.0164307
1.51339e-008	0.0254395
1.51589e-008	0.0314209
1.51839e-008	0.019043
1.52089e-008	0.0148438
1.52339e-008	0.0269531
1.52589e-008	0.0212647
1.52839e-008	0.0158936
1.53089e-008	0.0126709
1.53339e-008	0.00175782
1.53589e-008	0.0261963
1.53839e-008	0.0396729
1.54089e-008	0.021875
1.54339e-008	0.0223633
1.54589e-008	0.0175293
1.54839e-008	0.00510255
1.55089e-008	0.00141602
1.55339e-008	-0.000683586
1.55589e-008	0.00678712
1.55839e-008	0.0114258
1.56089e-008	0.0097168
1.56339e-008	0.0105713
1.56589e-008	0.0072754
1.56839e-008	0.00979005
1.57089e-008	0.0160889
1.57339e-008	0.0156494
1.57589e-008	0.0118652
1.57839e-008	0.0168701
1.58089e-008	0.0267578
1.58339e-008	0.0187012
1.58589e-008	0.0173584
1.58839e-008	0.0233399
1.59089e-008	0.0172607
1.59339e-008	0.0224609
1.59589e-008	0.0286865
1.59839e-008	0.032544
1.60089e-008	0.0283691
1.60339e-008	0.0129883
1.60589e-008	0.0233887
1.60839e-008	0.0316406
1.61089e-008	0.0181397
1.61339e-008	0.0203613
1.61589e-008	0.0239746
1.61839e-008	0.0161377
1.62089e-008	0.016626
1.62339e-008	0.0224854
1.62589e-008	0.0270264
1.62839e-008	0.0253662
1.63089e-008	0.0176025
1.63339e-008	0.01604
1.63589e-008	0.0253662
1.63839e-008	0.0299561
1.64089e-008	0.0179932
1.64339e-008	0.0158203
1.64589e-008	0.0256592
1.64839e-008	0.0299316
1.65089e-008	0.0323731
1.65339e-008	0.0280762
1.65589e-008	0.0314209
1.65839e-008	0.024585
1.66089e-008	-0.00456542
1.66339e-008	-0.00126952
1.66589e-008	0.0104736
1.66839e-008	0.00136719
1.67089e-008	0.010083
1.67339e-008	0.0199951
1.67589e-008	0.0214111
1.67839e-008	0.0275879
1.68089e-008	0.0218018
1.68339e-008	0.0120606
1.68589e-008	0.0128418
1.68839e-008	0.0198975
1.69089e-008	0.0205078
1.69339e-008	0.0122803
1.69589e-008	0.0237793
1.69839e-008	0.037085
1.70089e-008	0.017627
1.70339e-008	0.00932618
1.70589e-008	0.0223877
1.70839e-008	0.0229736
1.71089e-008	0.0272461
1.71339e-008	0.0241943
1.71589e-008	0.00827637
1.71839e-008	0.00715333
1.72089e-008	0.00351563
1.72339e-008	0.00632325
1.72589e-008	0.0228516
1.72839e-008	0.0275391
1.73089e-008	0.0326172
1.73339e-008	0.0315186
1.73589e-008	0.0230713
1.73839e-008	0.0245606
1.74089e-008	0.021167
1.74339e-008	0.0132813
1.74589e-008	0.0112305
1.74839e-008	0.0180664
1.75089e-008	0.0273926
1.75339e-008	0.0243408
1.75589e-008	0.0182861
1.75839e-008	0.0178711
1.76089e-008	0.0169678
1.76339e-008	0.0173096
1.76589e-008	0.0193848
1.76839e-008	0.0184326
1.77089e-008	0.0160645
1.77339e-008	0.0198486
1.77589e-008	0.0328125
1.77839e-008	0.0341553
1.78089e-008	0.00969239
1.78339e-008	0.000634773
1.78589e-008	0.016919
1.78839e-008	0.0175293
1.79089e-008	0.0130371
1.79339e-008	0.00981446
1.79589e-008	0.012915
1.79839e-008	0.0327881
1.80089e-008	0.0235352
1.80339e-008	0.0119385
1.80589e-008	0.0264649
1.80839e-008	0.0177734
1.81089e-008	0.00783692
1.81339e-008	0.0131836
1.81589e-008	0.0193115
1.81839e-008	0.0326172
1.82089e-008	0.026294
1.82339e-008	0.0140381
1.82589e-008	0.0282227
1.82839e-008	0.035669
1.83089e-008	0.0281983
1.83339e-008	0.027417
1.83589e-008	0.0247315
1.83839e-008	0.026001
1.84089e-008	0.0375977
1.84339e-008	0.0370361
1.84589e-008	0.021582
1.84839e-008	0.0174072
1.85089e-008	0.0253662
1.85339e-008	0.0177734
1.85589e-008	0.0167725
1.85839e-008	0.0311768
1.86089e-008	0.0196533
1.86339e-008	0.0123779
1.86589e-008	0.0241943
1.86839e-008	0.0190918
1.87089e-008	0.0133057
1.87339e-008	0.0139893
1.87589e-008	0.0127441
1.87839e-008	0.0144531
1.88089e-008	0.00817872
1.88339e-008	0.0039795
1.88589e-008	0.0159424
1.88839e-008	0.0226807
1.89089e-008	0.0174561
1.89339e-008	0.00920411
1.89589e-008	0.00197755
1.89839e-008	0.0011963
1.90089e-008	-0.000878899
1.90339e-008	0.0052002
1.90589e-008	0.016626
1.90839e-008	0.0164307
1.91089e-008	0.0210693
1.91339e-008	0.0157715
1.91589e-008	0.00847169
1.91839e-008	0.025
1.92089e-008	0.0218262
1.92339e-008	0.0168945
1.92589e-008	0.033667
1.92839e-008	0.0308838
1.93089e-008	0.0310303
1.93339e-008	0.0287842
1.93589e-008	0.011377
1.93839e-008	0.022168
1.94089e-008	0.0284912
1.94339e-008	0.0222656
1.94589e-008	0.027832
1.94839e-008	0.020166
1.95089e-008	0.0245361
1.95339e-008	0.0401856
1.95589e-008	0.0399414
1.95839e-008	0.045459
1.96089e-008	0.0360596
1.96339e-008	0.0141357
1.96589e-008	0.016626
1.96839e-008	0.0197266
1.97089e-008	0.0230713
1.97339e-008	0.0395508
1.97589e-008	0.0383789
1.97839e-008	0.0182373
1.98089e-008	0.00805665
1.98339e-008	0.0187988
1.98589e-008	0.0290527
1.98839e-008	0.0164551
1.99089e-008	0.00700684
1.99339e-008	0.0114014
1.99589e-008	0.000659187
1.99839e-008	0.000122078
2.00089e-008	0.0121582
2.00339e-008	0.00351563
2.00589e-008	0.0101807
2.00839e-008	0.0216065
2.01089e-008	0.00986329
2.01339e-008	0.00407716
2.01589e-008	-0.00605468
2.01839e-008	-0.00446777
2.02089e-008	0.0231201
2.02339e-008	0.0257324
2.02589e-008	0.0113037
2.02839e-008	0.0139649
2.03089e-008	0.0214111
2.03339e-008	0.0227295
2.03589e-008	0.0147461
2.03839e-008	0.012207
2.04089e-008	0.0223389
2.04339e-008	0.0240723
2.04589e-008	0.0182861
2.04839e-008	0.0249024
2.05089e-008	0.0415772
2.05339e-008	0.0350098
2.05589e-008	0.0136231
2.05839e-008	0.0159912
2.06089e-008	0.0220459
2.06339e-008	0.0209229
2.06589e-008	0.0261963
2.06839e-008	0.0303711
2.07089e-008	0.0306641
2.07339e-008	0.0270752
2.07589e-008	0.0223389
2.07839e-008	0.0252686
2.08089e-008	0.029541
2.08339e-008	0.0214356
2.08589e-008	0.0140869
2.08839e-008	0.0190918
2.09089e-008	0.0237793
2.09339e-008	0.0252441
2.09589e-008	0.0312256
2.09839e-008	0.0339356
2.10089e-008	0.0179199
2.10339e-008	0.0115479
2.10589e-008	0.0230957
2.10839e-008	0.0172607
2.11089e-008	0.0177734
2.11339e-008	0.0297608
2.11589e-008	0.015332
2.11839e-008	0.00419923
2.12089e-008	0.0189453
2.12339e-008	0.0242188
2.12589e-008	0.0195557
2.12839e-008	0.0125732
2.13089e-008	0.00195313
2.13339e-008	0.012793
2.13589e-008	0.0257813
2.13839e-008	0.0250488
2.14089e-008	0.0258057
2.14339e-008	0.0104004
2.14589e-008	0.000122078
2.14839e-008	0.015332
2.15089e-008	0.0150879
2.15339e-008	0.000878914
2.15589e-008	0.00666505
2.15839e-008	0.0154541
2.16089e-008	0.013501
2.16339e-008	0.0227051
2.16589e-008	0.0335449
2.16839e-008	0.0283936
2.17089e-008	0.0120606
2.17339e-008	0.0102783
2.17589e-008	0.0335693
2.17839e-008	0.0277588
2.18089e-008	0.000683601
2.18339e-008	0.0104981
2.18589e-008	0.0264893
2.18839e-008	0.0246338
2.19089e-008	0.0256104
2.19339e-008	0.0206787
2.19589e-008	0.0153565
2.19839e-008	0.0223145
2.20089e-008	0.0210449
2.20339e-008	0.0200928
2.20589e-008	0.0276123
2.20839e-008	0.0236816
2.21089e-008	0.0224121
2.21339e-008	0.0208008
2.21589e-008	0.0127197
2.21839e-008	0.0167725
2.22089e-008	0.0135986
2.22339e-008	0.0126221
2.22589e-008	0.023999
2.22839e-008	0.0157715
2.23089e-008	0.0141357
2.23339e-008	0.0261719
2.23589e-008	0.0204346
2.23839e-008	0.0157471
2.24089e-008	0.0144775
2.24339e-008	0.00573731
2.24589e-008	0.0101074
2.24839e-008	0.0206787
2.25089e-008	0.017334
2.25339e-008	0.0126953
2.25589e-008	0.0156494
2.25839e-008	0.019043
2.26089e-008	0.0142334
2.26339e-008	0.0130371
2.26589e-008	0.0281738
2.26839e-008	0.0326904
2.27089e-008	0.0203613
2.27339e-008	0.0143799
2.27589e-008	0.0214356
2.27839e-008	0.0224854
2.28089e-008	0.0118164
2.28339e-008	0.0180908
2.28589e-008	0.0322998
2.28839e-008	0.0305176
2.29089e-008	0.0181885
2.29339e-008	0.00698243
2.29589e-008	0.00983887
2.29839e-008	0.0243408
2.30089e-008	0.0306397
2.30339e-008	0.0238281
2.30589e-008	0.0206299
2.30839e-008	0.0230713
2.31089e-008	0.0239014
2.31339e-008	0.0140625
2.31589e-008	0.00573731
2.31839e-008	0.0160645
2.32089e-008	0.0192627
2.32339e-008	0.0188477
2.32589e-008	0.0214844
2.32839e-008	0.00947266
2.33089e-008	0.00976563
2.33339e-008	0.0233154
2.33589e-008	0.0268311
2.33839e-008	0.0257324
2.34089e-008	0.00886231
2.34339e-008	0.002417
2.34589e-008	0.0234131
2.34839e-008	0.0201904
2.35089e-008	0.0109375
2.35339e-008	0.0191162
2.35589e-008	0.0253174
2.35839e-008	0.0304932
2.36089e-008	0.022168
2.36339e-008	0.0168213
2.36589e-008	0.0125977
2.36839e-008	0.00383302
2.37089e-008	0.0155029
2.37339e-008	0.0310791
2.37589e-008	0.0385986
2.37839e-008	0.0283447
2.38089e-008	0.0145752
2.38339e-008	0.0216553
2.38589e-008	0.024292
2.38839e-008	0.019165
2.39089e-008	0.0207275
2.39339e-008	0.0250488
2.39589e-008	0.0267822
2.39839e-008	0.0233887
2.40089e-008	0.0153565
2.40339e-008	0.0190186
2.40589e-008	0.0326172
2.40839e-008	0.0312256
2.41089e-008	0.0194824
2.41339e-008	0.00949708
2.41589e-008	0.0202393
2.41839e-008	0.0397217
2.42089e-008	0.0217774
2.42339e-008	0.00512696
2.42589e-008	0.0217529
2.42839e-008	0.0270996
2.43089e-008	0.0285156
2.43339e-008	0.0368408
2.43589e-008	0.0345947
2.43839e-008	0.0389404
2.44089e-008	0.0290772
2.44339e-008	0.00949708
2.44589e-008	0.0169678
2.44839e-008	0.0209717
2.45089e-008	0.0250244
2.45339e-008	0.0303467
2.45589e-008	0.0206787
2.45839e-008	0.0162109
2.46089e-008	0.0124756
2.46339e-008	0.0193115
2.46589e-008	0.0253662
2.46839e-008	0.0207275
2.47089e-008	0.0236816
2.47339e-008	0.0117676
2.47589e-008	0.0043213
2.47839e-008	0.0145752
2.48089e-008	0.0174316
2.48339e-008	0.0138184
2.48589e-008	0.00781251
2.48839e-008	0.0150879
2.49089e-008	0.0210449
2.49339e-008	0.0177002
2.49589e-008	0.0262207
2.49839e-008	0.0243164
2.50089e-008	0.00559083
2.50339e-008	0.00219727
2.50589e-008	0.0186768
2.50839e-008	0.0158203
2.51089e-008	0.00148927
2.51339e-008	0.0147461
2.51589e-008	0.0297608
2.51839e-008	0.0306152
2.52089e-008	0.0196533
2.52339e-008	0.0102539
2.52589e-008	0.0224121
2.52839e-008	0.023291
2.53089e-008	0.0140137
2.53339e-008	0.0166748
2.53589e-008	0.0246826
2.53839e-008	0.0327149
2.54089e-008	0.0249756
2.54339e-008	0.0188477
2.54589e-008	0.0198975
2.54839e-008	0.0157959
2.55089e-008	0.0217041
2.55339e-008	0.0239746
2.55589e-008	0.0237793
2.55839e-008	0.0296631
2.56089e-008	0.0218262
2.56339e-008	0.0097168
2.56589e-008	0.0141357
2.56839e-008	0.0240234
2.57089e-008	0.0202393
2.57339e-008	0.016626
2.57589e-008	0.0185303
2.57839e-008	0.0151611
2.58089e-008	0.0201416
2.58339e-008	0.0335449
2.58589e-008	0.0315674
2.58839e-008	0.0172852
2.59089e-008	0.0224121
2.59339e-008	0.0320068
2.59589e-008	0.030127
2.59839e-008	0.037207
2.60089e-008	0.0253906
2.60339e-008	0.00996095
2.60589e-008	0.024292
2.60839e-008	0.0204102
2.61089e-008	0.0154297
2.61339e-008	0.0308838
2.61589e-008	0.0270752
2.61839e-008	0.0248047
2.62089e-008	0.0239502
2.62339e-008	0.00871583
2.62589e-008	0.0127686
2.62839e-008	0.023169
2.63089e-008	0.0220703
2.63339e-008	0.0227051
2.63589e-008	0.0180908
2.63839e-008	0.0161865
2.64089e-008	0.0209229
2.64339e-008	0.0165283
2.64589e-008	0.0198486
2.64839e-008	0.0293945
2.65089e-008	0.0202149
2.65339e-008	0.0154053
2.65589e-008	0.0190918
2.65839e-008	0.0164307
2.66089e-008	0.0220947
2.66339e-008	0.0249512
2.66589e-008	0.0243652
2.66839e-008	0.0308838
2.67089e-008	0.032544
2.67339e-008	0.0317139
2.67589e-008	0.0258057
2.67839e-008	0.0155274
2.68089e-008	0.0100586
2.68339e-008	0.0211426
2.68589e-008	0.0333984
2.68839e-008	0.0226318
2.69089e-008	0.0256836
2.69339e-008	0.0304443
2.69589e-008	0.0189453
2.69839e-008	0.0265869
2.70089e-008	0.0248047
2.70339e-008	0.0177002
2.70589e-008	0.0251221
2.70839e-008	0.0223389
2.71089e-008	0.0258301
2.71339e-008	0.0162109
2.71589e-008	0.0027588
2.71839e-008	0.029126
2.72089e-008	0.0199951
2.72339e-008	-0.00908202
2.72589e-008	0.0208984
2.72839e-008	0.0378906
2.73089e-008	0.023169
2.73339e-008	0.015918
2.73589e-008	0.0189697
2.73839e-008	0.0324463
2.74089e-008	0.0232422
2.74339e-008	0.0117432
2.74589e-008	0.0173584
2.74839e-008	0.0156982
2.75089e-008	0.0179688
2.75339e-008	0.0148438
2.75589e-008	0.0154785
2.75839e-008	0.0278076
2.76089e-008	0.0120117
2.76339e-008	0.0108643
2.76589e-008	0.0317139
2.76839e-008	0.0167481
2.77089e-008	0.0160156
2.77339e-008	0.0291504
2.77589e-008	0.0210205
2.77839e-008	0.0201172
2.78089e-008	0.0160645
2.78339e-008	0.0168213
2.78589e-008	0.0239502
2.78839e-008	0.0190918
2.79089e-008	0.0144775
2.79339e-008	0.0150391
2.79589e-008	0.0223145
2.79839e-008	0.0246826
2.80089e-008	0.0189453
2.80339e-008	0.0165039
2.80589e-008	0.0211914
2.80839e-008	0.0245606
2.81089e-008	0.0193848
2.81339e-008	0.02146
2.81589e-008	0.0240234
2.81839e-008	0.0180176
2.82089e-008	0.0175537
2.82339e-008	0.0176758
2.82589e-008	0.0173584
2.82839e-008	0.0199707
2.83089e-008	0.0106201
2.83339e-008	0.00771485
2.83589e-008	0.0295654
2.83839e-008	0.0374268
2.84089e-008	0.0253906
2.84339e-008	0.0197022
2.84589e-008	0.0167481
2.84839e-008	0.017041
2.85089e-008	0.0224609
2.85339e-008	0.0220947
2.85589e-008	0.0236572
2.85839e-008	0.0344483
2.86089e-008	0.0299805
2.86339e-008	0.0200684
2.86589e-008	0.0185547
2.86839e-008	0.0143066
2.87089e-008	0.0263184
2.87339e-008	0.0343994
2.87589e-008	0.0286377
2.87839e-008	0.0324219
2.88089e-008	0.0238037
2.88339e-008	0.0147461
2.88589e-008	0.0249756
2.88839e-008	0.0266602
2.89089e-008	0.0241211
2.89339e-008	0.034082
2.89589e-008	0.0283691
2.89839e-008	0.00590821
2.90089e-008	-0.00107421
2.90339e-008	0.0176514
2.90589e-008	0.0289307
2.90839e-008	0.00239259
2.91089e-008	0.00158692
2.91339e-008	0.0320313
2.91589e-008	0.0338379
2.91839e-008	0.0279785
2.92089e-008	0.0166504
2.92339e-008	0.010669
2.92589e-008	0.0261719
2.92839e-008	0.0275879
2.93089e-008	0.0190186
2.93339e-008	0.0167725
2.93589e-008	0.0152588
2.93839e-008	0.0176758
2.94089e-008	0.0242432
2.94339e-008	0.016333
2.94589e-008	0.00844727
2.94839e-008	0.0218506
2.95089e-008	0.0239014
2.95339e-008	0.0105225
2.95589e-008	0.000903328
2.95839e-008	0.00422364
2.96089e-008	0.0168701
2.96339e-008	0.0228516
2.96589e-008	0.0332031
2.96839e-008	0.0330811
2.97089e-008	0.021582
2.97339e-008	0.0267822
2.97589e-008	0.0300537
2.97839e-008	0.0273926
2.98089e-008	0.0228027
2.98339e-008	0.0173828
2.98589e-008	0.025
2.98839e-008	0.0231201
2.99089e-008	0.0141602
2.99339e-008	0.0292725
2.99589e-008	0.0443359
2.99839e-008	0.044751
3.00089e-008	0.0453369
3.00339e-008	0.0322998
3.00589e-008	0.0201172
3.00839e-008	0.0271484
3.01089e-008	0.0311524
3.01339e-008	0.0362793
3.01589e-008	0.0435303
3.01839e-008	0.0303955
3.02089e-008	0.019751
3.02339e-008	0.0326904
3.02589e-008	0.029834
3.02839e-008	0.0128418
3.03089e-008	0.0161621
3.03339e-008	0.0223877
3.03589e-008	0.0274658
3.03839e-008	0.0290283
3.04089e-008	0.0150147
3.04339e-008	0.0155029
3.04589e-008	0.0307373
3.04839e-008	0.0219971
3.05089e-008	0.0123291
3.05339e-008	0.0260742
3.05589e-008	0.0347168
3.05839e-008	0.0389893
3.06089e-008	0.0310059
3.06339e-008	0.0174316
3.06589e-008	0.0182861
3.06839e-008	0.00515137
3.07089e-008	0.00297852
3.07339e-008	0.0125977
3.07589e-008	0.0128174
3.07839e-008	0.027417
3.08089e-008	0.0162842
3.08339e-008	0.00314942
3.08589e-008	0.0323486
3.08839e-008	0.0293701
3.09089e-008	0.0041504
3.09339e-008	0.0112793
3.09589e-008	0.0177979
3.09839e-008	0.0205566
3.10089e-008	0.02229
3.10339e-008	0.0170899
3.10589e-008	0.0244385
3.10839e-008	0.0265625
3.11089e-008	0.0216797
3.11339e-008	0.0235107
3.11589e-008	0.030542
3.11839e-008	0.0320313
3.12089e-008	0.00937501
3.12339e-008	0.00319825
3.12589e-008	0.0171631
3.12839e-008	0.0204346
3.13089e-008	0.0246582
3.13339e-008	0.0195068
3.13589e-008	0.0207275
3.13839e-008	0.0229248
3.14089e-008	0.0025879
3.14339e-008	0.00544434
3.14589e-008	0.0191162
3.14839e-008	0.0169678
3.15089e-008	0.0266846
3.15339e-008	0.0241943
3.15589e-008	0.0147949
3.15839e-008	0.0241211
3.16089e-008	0.0215088
3.16339e-008	0.0209717
3.16589e-008	0.0330811
3.16839e-008	0.0295166
3.17089e-008	0.0214111
3.17339e-008	0.0203369
3.17589e-008	0.0266113
3.17839e-008	0.0295166
3.18089e-008	0.0124512
3.18339e-008	0.0088379
3.18589e-008	0.026709
3.18839e-008	0.0213867
3.19089e-008	0.0100586
3.19339e-008	0.0208008
3.19589e-008	0.0286621
3.19839e-008	0.0203613
3.20089e-008	0.0105469
3.20339e-008	0.0218018
3.20589e-008	0.0301514
3.20839e-008	0.0177246
3.21089e-008	0.0243408
3.21339e-008	0.0307129
3.21589e-008	0.0160645
3.21839e-008	0.0189941
3.22089e-008	0.029541
3.22339e-008	0.030249
3.22589e-008	0.0256592
3.22839e-008	0.00568848
3.23089e-008	0.00437012
3.23339e-008	0.0258057
3.23589e-008	0.0251953
3.23839e-008	0.0217774
3.24089e-008	0.0196289
3.24339e-008	0.0123535
3.24589e-008	0.0209229
3.24839e-008	0.025293
3.25089e-008	0.026709
3.25339e-008	0.0288086
3.25589e-008	0.0217774
3.25839e-008	0.0223877
3.26089e-008	0.0202393
3.26339e-008	0.012207
3.26589e-008	0.0129395
3.26839e-008	0.012793
3.27089e-008	0.0111084
3.27339e-008	0.0198731
3.27589e-008	0.0285889
3.27839e-008	0.0236328
3.28089e-008	0.0246582
3.28339e-008	0.0327881
3.28589e-008	0.0292236
3.28839e-008	0.0278076
3.29089e-008	0.025293
3.29339e-008	0.0141357
3.29589e-008	0.0218262
3.29839e-008	0.0356201
3.30089e-008	0.0272705
3.30339e-008	0.0288818
3.30589e-008	0.0341065
3.30839e-008	0.0164307
3.31089e-008	0.0236328
3.31339e-008	0.0347412
3.31589e-008	0.022876
3.31839e-008	0.0324219
3.32089e-008	0.0263916
3.32339e-008	0.0144531
3.32589e-008	0.0316162
3.32839e-008	0.0253662
3.33089e-008	0.0125977
3.33339e-008	0.0214111
3.33589e-008	0.037085
3.33839e-008	0.0439941
3.34089e-008	0.0213623
3.34339e-008	0.0103516
3.34589e-008	0.0239014
3.34839e-008	0.0276856
3.35089e-008	0.0193604
3.35339e-008	0.00749512
3.35589e-008	0.0198975
3.35839e-008	0.0237061
3.36089e-008	0.00366212
3.36339e-008	0.0164795
3.36589e-008	0.0253906
3.36839e-008	0.0185547
3.37089e-008	0.0250488
3.37339e-008	0.0235107
3.37589e-008	0.0212402
3.37839e-008	0.0198242
3.38089e-008	0.0197266
3.38339e-008	0.0156738
3.38589e-008	0.020459
3.38839e-008	0.0399658
3.39089e-008	0.0186524
3.39339e-008	0.011792
3.39589e-008	0.0436279
3.39839e-008	0.029419
3.40089e-008	0.0112549
3.40339e-008	0.0145264
3.40589e-008	0.0155029
3.40839e-008	0.0292969
3.41089e-008	0.0270752
3.41339e-008	0.0224121
3.41589e-008	0.0264404
3.41839e-008	0.0243408
3.42089e-008	0.031665
3.42339e-008	0.0193359
3.42589e-008	0.0129395
3.42839e-008	0.0357178
3.43089e-008	0.0296631
3.43339e-008	0.0187744
3.43589e-008	0.0258545
3.43839e-008	0.0246338
3.44089e-008	0.0267334
3.44339e-008	0.0268066
3.44589e-008	0.0174072
3.44839e-008	0.014624
3.45089e-008	0.0158936
3.45339e-008	0.0147705
3.45589e-008	0.0241943
3.45839e-008	0.0342774
3.46089e-008	0.0171631
3.46339e-008	0.00698243
3.46589e-008	0.029541
3.46839e-008	0.0371826
3.47089e-008	0.0197022
3.47339e-008	0.0136719
3.47589e-008	0.0285889
3.47839e-008	0.0351074
3.48089e-008	0.0123535
3.48339e-008	0.00722657
3.48589e-008	0.0266358
3.48839e-008	0.0213867
3.49089e-008	0.00729981
3.49339e-008	0.00742188
3.49589e-008	0.0198975
3.49839e-008	0.0328369
3.50089e-008	0.0372559
3.50339e-008	0.0345215
3.50589e-008	0.0249756
3.50839e-008	0.0323242
3.51089e-008	0.0333252
3.51339e-008	0.0189941
3.51589e-008	0.0243408
3.51839e-008	0.0261719
3.52089e-008	0.0208496
3.52339e-008	0.0139649
3.52589e-008	0.0113037
3.52839e-008	0.0246826
3.53089e-008	0.0238281
3.53339e-008	0.0194092
3.53589e-008	0.027124
3.53839e-008	0.0275879
3.54089e-008	0.0175049
3.54339e-008	0.0113525
3.54589e-008	0.0274902
3.54839e-008	0.0408691
3.55089e-008	0.0223633
3.55339e-008	0.0039795
3.55589e-008	0.0201172
3.55839e-008	0.038916
3.56089e-008	0.0220459
3.56339e-008	0.00812989
3.56589e-008	0.022168
3.56839e-008	0.0275879
3.57089e-008	0.0205078
3.57339e-008	0.0232422
3.57589e-008	0.0317383
3.57839e-008	0.021582
3.58089e-008	0.00585938
3.58339e-008	0.0189209
3.58589e-008	0.0324707
3.58839e-008	0.0276611
3.59089e-008	0.0236328
3.59339e-008	0.0165772
3.59589e-008	0.0170166
3.59839e-008	0.0294678
3.60089e-008	0.0359619
3.60339e-008	0.0305176
3.60589e-008	0.0172607
3.60839e-008	0.0168213
3.61089e-008	0.0224365
3.61339e-008	0.0209717
3.61589e-008	0.0268799
3.61839e-008	0.0204346
3.62089e-008	0.0107178
3.62339e-008	0.0235596
3.62589e-008	0.0253906
3.62839e-008	0.0173584
3.63089e-008	0.0177734
3.63339e-008	0.017041
3.63589e-008	0.0180664
3.63839e-008	0.0141846
3.64089e-008	0.0127441
3.64339e-008	0.0283936
3.64589e-008	0.0321289
3.64839e-008	0.016626
3.65089e-008	0.0116943
3.65339e-008	0.0124024
3.65589e-008	0.0192383
3.65839e-008	0.0309082
3.66089e-008	0.0191406
3.66339e-008	0.014209
3.66589e-008	0.0318115
3.66839e-008	0.0287354
3.67089e-008	0.0143066
3.67339e-008	0.011377
3.67589e-008	0.0185791
3.67839e-008	0.0317383
3.68089e-008	0.028125
3.68339e-008	0.0122315
3.68589e-008	0.0107178
3.68839e-008	0.0178955
3.69089e-008	0.0123779
3.69339e-008	0.00573731
3.69589e-008	0.0220459
3.69839e-008	0.0377686
3.70089e-008	0.0357422
3.70339e-008	0.0289551
3.70589e-008	0.018335
3.70839e-008	0.0144775
3.71089e-008	0.0244873
3.71339e-008	0.031958
3.71589e-008	0.0318115
3.71839e-008	0.0302979
3.72089e-008	0.0189941
3.72339e-008	0.0171875
3.72589e-008	0.0360108
3.72839e-008	0.0331543
3.73089e-008	0.0166992
3.73339e-008	0.0107178
3.73589e-008	0.017041
3.73839e-008	0.0280274
3.74089e-008	0.0111328
3.74339e-008	0.00800782
3.74589e-008	0.0313477
3.74839e-008	0.0291504
3.75089e-008	0.0221191
3.75339e-008	0.0233399
3.75589e-008	0.0295654
3.75839e-008	0.027124
3.76089e-008	0.00847169
3.76339e-008	0.0169922
3.76589e-008	0.0316162
3.76839e-008	0.0304443
3.77089e-008	0.0292969
3.77339e-008	0.0174805
3.77589e-008	0.0209229
3.77839e-008	0.0293701
3.78089e-008	0.0191406
3.78339e-008	0.0253174
3.78589e-008	0.0358399
3.78839e-008	0.0303467
3.79089e-008	0.0256348
3.79339e-008	0.0275391
3.79589e-008	0.0348877
3.79839e-008	0.033667
3.80089e-008	0.0160156
3.80339e-008	0.00766602
3.80589e-008	0.0209229
3.80839e-008	0.0271973
3.81089e-008	0.0206055
3.81339e-008	0.022876
3.81589e-008	0.0323486
3.81839e-008	0.0368897
3.82089e-008	0.0300781
3.82339e-008	0.021167
3.82589e-008	0.0266113
3.82839e-008	0.0319336
3.83089e-008	0.0225342
3.83339e-008	0.0176025
3.83589e-008	0.0226074
3.83839e-008	0.0281006
3.84089e-008	0.0283447
3.84339e-008	0.022168
3.84589e-008	0.0224365
3.84839e-008	0.0251953
3.85089e-008	0.0282715
3.85339e-008	0.0299805
3.85589e-008	0.0179932
3.85839e-008	0.00939942
3.86089e-008	0.0151611
3.86339e-008	0.0213867
3.86589e-008	0.0221436
3.86839e-008	0.0251953
3.87089e-008	0.0244385
3.87339e-008	0.016333
3.87589e-008	0.0171143
3.87839e-008	0.0191895
3.88089e-008	0.0167236
3.88339e-008	0.0171143
3.88589e-008	0.0239502
3.88839e-008	0.0282471
3.89089e-008	0.025415
3.89339e-008	0.0304932
3.89589e-008	0.0307129
3.89839e-008	0.0216065
3.90089e-008	0.0139404
3.90339e-008	0.0171387
3.90589e-008	0.0311524
3.90839e-008	0.0292969
3.91089e-008	0.020752
3.91339e-008	0.0162109
3.91589e-008	0.0215332
3.91839e-008	0.0337647
3.92089e-008	0.023291
3.92339e-008	0.0165772
3.92589e-008	0.0215576
3.92839e-008	0.0202393
3.93089e-008	0.0218994
3.93339e-008	0.0178223
3.93589e-008	0.0228516
3.93839e-008	0.030127
3.94089e-008	0.0174561
3.94339e-008	0.0124024
3.94589e-008	0.0205566
3.94839e-008	0.0309082
3.95089e-008	0.0236328
3.95339e-008	0.00927735
3.95589e-008	0.0255859
3.95839e-008	0.025
3.96089e-008	-0.00231933
3.96339e-008	0.0083252
3.96589e-008	0.0288086
3.96839e-008	0.017334
3.97089e-008	0.0111328
3.97339e-008	0.0157715
3.97589e-008	0.0148926
3.97839e-008	0.023169
3.98089e-008	0.0259277
3.98339e-008	0.0147461
3.98589e-008	0.0151611
3.98839e-008	0.0266358
3.99089e-008	0.0239014
3.99339e-008	0.0158203
3.99589e-008	0.0215332
3.99839e-008	0.0266358
4.00089e-008	0.0275391
4.00339e-008	0.0258301
4.00589e-008	0.0288086
4.00839e-008	0.0302734
4.01089e-008	0.0212402
4.01339e-008	0.0205566
4.01589e-008	0.0212647
4.01839e-008	0.027832
4.02089e-008	0.0254395
4.02339e-008	0.0110596
4.02589e-008	0.0225342
4.02839e-008	0.030127
4.03089e-008	0.0235596
4.03339e-008	0.0107422
4.03589e-008	0.00563966
4.03839e-008	0.0322754
4.04089e-008	0.0329346
4.04339e-008	0.0143311
4.04589e-008	0.0168945
4.04839e-008	0.0195557
4.05089e-008	0.0255371
4.05339e-008	0.0214111
4.05589e-008	0.0220703
4.05839e-008	0.037793
4.06089e-008	0.0250244
4.06339e-008	0.0148193
4.06589e-008	0.0234619
4.06839e-008	0.0178223
4.07089e-008	0.0136719
4.07339e-008	0.0195557
4.07589e-008	0.0338623
4.07839e-008	0.0398682
4.08089e-008	0.0186279
4.08339e-008	0.015918
4.08589e-008	0.0281006
4.08839e-008	0.0177979
4.09089e-008	0.0217285
4.09339e-008	0.0295899
4.09589e-008	0.0221191
4.09839e-008	0.0289307
4.10089e-008	0.0324951
4.10339e-008	0.024707
4.10589e-008	0.0216797
4.10839e-008	0.0213135
4.11089e-008	0.0176025
4.11339e-008	0.0134522
4.11589e-008	0.0231201
4.11839e-008	0.0325684
4.12089e-008	0.0257568
4.12339e-008	0.0146484
4.12589e-008	0.0172119
4.12839e-008	0.0269531
4.13089e-008	0.0273438
4.13339e-008	0.0256348
4.13589e-008	0.027832
4.13839e-008	0.0269531
4.14089e-008	0.00581055
4.14339e-008	0.002417
4.14589e-008	0.0280518
4.14839e-008	0.0209717
4.15089e-008	0.015918
4.15339e-008	0.0289551
4.15589e-008	0.0293457
4.15839e-008	0.0298828
4.16089e-008	0.0202881
4.16339e-008	0.0195068
4.16589e-008	0.0232666
4.16839e-008	0.015332
4.17089e-008	0.0250488
4.17339e-008	0.024707
4.17589e-008	0.0139404
4.17839e-008	0.0243897
4.18089e-008	0.0242432
4.18339e-008	0.0196045
4.18589e-008	0.0178711
4.18839e-008	0.00336915
4.19089e-008	0.00808106
4.19339e-008	0.015918
4.19589e-008	0.0154297
4.19839e-008	0.0247803
4.20089e-008	0.0191895
4.20339e-008	0.0182861
4.20589e-008	0.0303467
4.20839e-008	0.0290527
4.21089e-008	0.0133789
4.21339e-008	-0.00336913
4.21589e-008	0.0161133
4.21839e-008	0.0337402
4.22089e-008	0.0144043
4.22339e-008	0.0126465
4.22589e-008	0.0186035
4.22839e-008	0.0189697
4.23089e-008	0.029126
4.23339e-008	0.0296631
4.23589e-008	0.0352295
4.23839e-008	0.0229492
4.24089e-008	-0.0189941
4.24339e-008	-0.00620116
4.24589e-008	0.0227295
4.24839e-008	0.00852052
4.25089e-008	0.0217285
4.25339e-008	0.0346924
4.25589e-008	0.020459
4.25839e-008	0.0259522
4.26089e-008	0.0219727
4.26339e-008	0.0144775
4.26589e-008	0.0199707
4.26839e-008	0.00983887
4.27089e-008	0.011499
4.27339e-008	0.0303955
4.27589e-008	0.0344238
4.27839e-008	0.0290039
4.28089e-008	0.0196533
4.28339e-008	0.0198242
4.28589e-008	0.0258789
4.28839e-008	0.0113037
4.29089e-008	0.0115234
4.29339e-008	0.0266113
4.29589e-008	0.0260498
4.29839e-008	0.0276856
4.30089e-008	0.0176025
4.30339e-008	0.0163574
4.30589e-008	0.030542
4.30839e-008	0.02146
4.31089e-008	0.0172607
4.31339e-008	0.0132568
4.31589e-008	0.0147461
4.31839e-008	0.0375244
4.32089e-008	0.0271973
4.32339e-008	0.0107666
4.32589e-008	0.0213867
4.32839e-008	0.0251953
4.33089e-008	0.0168701
4.33339e-008	0.00104981
4.33589e-008	0.00610352
4.33839e-008	0.0241699
4.34089e-008	0.0204346
4.34339e-008	0.0189941
4.34589e-008	0.0274414
4.34839e-008	0.0289307
4.35089e-008	0.0209961
4.35339e-008	0.0205811
4.35589e-008	0.0295899
4.35839e-008	0.0234375
4.36089e-008	0.0158447
4.36339e-008	0.0205078
4.36589e-008	0.0244141
4.36839e-008	0.0265625
4.37089e-008	0.0312988
4.37339e-008	0.0248779
4.37589e-008	0.0172363
4.37839e-008	0.0335205
4.38089e-008	0.0336426
4.38339e-008	0.0174072
4.38589e-008	0.0250244
4.38839e-008	0.0192627
4.39089e-008	0.0108154
4.39339e-008	0.0283203
4.39589e-008	0.0328858
4.39839e-008	0.0334473
4.40089e-008	0.0282959
4.40339e-008	0.00581055
4.40589e-008	0.00681153
4.40839e-008	0.0206787
4.41089e-008	0.0257813
4.41339e-008	0.028125
4.41589e-008	0.0261231
4.41839e-008	0.0227783
4.42089e-008	0.0176025
4.42339e-008	0.0185059
4.42589e-008	0.0192871
4.42839e-008	0.0163086
4.43089e-008	0.0205566
4.43339e-008	0.0177246
4.43589e-008	0.0198242
4.43839e-008	0.0286621
4.44089e-008	0.0157471
4.44339e-008	0.0185059
4.44589e-008	0.0336914
4.44839e-008	0.013208
4.45089e-008	0.00366212
4.45339e-008	0.0169678
4.45589e-008	0.0216797
4.45839e-008	0.0249512
4.46089e-008	0.0120361
4.46339e-008	0.0117432
4.46589e-008	0.0333984
4.46839e-008	0.0239746
4.47089e-008	0.0153809
4.47339e-008	0.0270752
4.47589e-008	0.026294
4.47839e-008	0.0277588
4.48089e-008	0.0222656
4.48339e-008	0.00874024
4.48589e-008	0.0229736
4.48839e-008	0.0280762
4.49089e-008	0.00776368
4.49339e-008	0.0194824
4.49589e-008	0.0383789
4.49839e-008	0.0277344
4.50089e-008	0.0270264
4.50339e-008	0.0312012
4.50589e-008	0.0209717
4.50839e-008	0.0165772
4.51089e-008	0.021875
4.51339e-008	0.0222412
4.51589e-008	0.0156006
4.51839e-008	0.0203369
4.52089e-008	0.0209473
4.52339e-008	0.00578614
4.52589e-008	0.0123047
4.52839e-008	0.0287598
4.53089e-008	0.0246094
4.53339e-008	0.0218994
4.53589e-008	0.025708
4.53839e-008	0.0156982
4.54089e-008	0.00297852
4.54339e-008	0.0141846
4.54589e-008	0.0335449
4.54839e-008	0.0320313
4.55089e-008	0.0159912
4.55339e-008	0.00625001
4.55589e-008	0.0160645
4.55839e-008	0.0327881
4.56089e-008	0.0387695
4.56339e-008	0.0304199
4.56589e-008	0.0230713
4.56839e-008	0.0275147
4.57089e-008	0.0202393
4.57339e-008	0.00913087
4.57589e-008	0.0237305
4.57839e-008	0.0373047
4.58089e-008	0.0178711
4.58339e-008	0.00688477
4.58589e-008	0.0286133
4.58839e-008	0.0349854
4.59089e-008	0.0229981
4.59339e-008	0.0171387
4.59589e-008	0.0258301
4.59839e-008	0.0374756
4.60089e-008	0.0243164
4.60339e-008	0.0163574
4.60589e-008	0.0278076
4.60839e-008	0.0345459
4.61089e-008	0.0300049
4.61339e-008	0.0163086
4.61589e-008	0.020874
4.61839e-008	0.0313965
4.62089e-008	0.0195801
4.62339e-008	0.0196533
4.62589e-008	0.035376
4.62839e-008	0.0289795
4.63089e-008	0.0154297
4.63339e-008	0.0195068
4.63589e-008	0.0255371
4.63839e-008	0.0252197
4.64089e-008	0.0208252
4.64339e-008	0.0222656
4.64589e-008	0.0266113
4.64839e-008	0.0186768
4.65089e-008	0.0148438
4.65339e-008	0.0175049
4.65589e-008	0.0241211
4.65839e-008	0.0259033
4.66089e-008	0.0117188
4.66339e-008	0.0158447
4.66589e-008	0.0234375
4.66839e-008	0.0192383
4.67089e-008	0.0306152
4.67339e-008	0.0301514
4.67589e-008	0.0237061
4.67839e-008	0.0281738
4.68089e-008	0.0219727
4.68339e-008	0.0217774
4.68589e-008	0.0298096
4.68839e-008	0.0347656
4.69089e-008	0.0333008
4.69339e-008	0.0201416
4.69589e-008	0.0210449
4.69839e-008	0.0340576
4.70089e-008	0.0321289
4.70339e-008	0.0258789
4.70589e-008	0.0215088
4.70839e-008	0.0150147
4.71089e-008	0.0140381
4.71339e-008	0.0165039
4.71589e-008	0.0196533
4.71839e-008	0.0220459
4.72089e-008	0.0248291
4.72339e-008	0.0190186
4.72589e-008	0.00341798
4.72839e-008	0.00805665
4.73089e-008	0.0177002
4.73339e-008	0.0234375
4.73589e-008	0.0393799
4.73839e-008	0.0284912
4.74089e-008	0.0134522
4.74339e-008	0.023584
4.74589e-008	0.0199951
4.74839e-008	0.0142822
4.75089e-008	0.0281006
4.75339e-008	0.0359619
4.75589e-008	0.0320557
4.75839e-008	0.0276856
4.76089e-008	0.0157715
4.76339e-008	0.014502
4.76589e-008	0.0205322
4.76839e-008	0.00847169
4.77089e-008	0.0154541
4.77339e-008	0.0243897
4.77589e-008	0.0196045
4.77839e-008	0.0290039
4.78089e-008	0.0136475
4.78339e-008	0.00556641
4.78589e-008	0.0220215
4.78839e-008	0.0146484
4.79089e-008	0.0162598
4.79339e-008	0.021167
4.79589e-008	0.015625
4.79839e-008	0.0190918
4.80089e-008	0.0174316
4.80339e-008	0.0210693
4.80589e-008	0.0218506
4.80839e-008	0.0133789
4.81089e-008	0.0171143
4.81339e-008	0.0184326
4.81589e-008	0.0203857
4.81839e-008	0.0292481
4.82089e-008	0.023877
4.82339e-008	0.0196777
4.82589e-008	0.0286621
4.82839e-008	0.0246826
4.83089e-008	0.0053711
4.83339e-008	7.45058e-009
4.83589e-008	0.0192383
4.83839e-008	0.0270996
4.84089e-008	0.0132568
4.84339e-008	0.0135254
4.84589e-008	0.019165
4.84839e-008	0.0185547
4.85089e-008	0.0182129
4.85339e-008	0.0138428
4.85589e-008	0.0221924
4.85839e-008	0.0232666
4.86089e-008	0.00327149
4.86339e-008	0.011084
4.86589e-008	0.0312744
4.86839e-008	0.0229248
4.87089e-008	0.0106445
4.87339e-008	0.0122315
4.87589e-008	0.0196777
4.87839e-008	0.0281738
4.88089e-008	0.0316162
4.88339e-008	0.0260742
4.88589e-008	0.0234375
4.88839e-008	0.0292725
4.89089e-008	0.0256104
4.89339e-008	0.0130615
4.89589e-008	0.0179443
4.89839e-008	0.0313233
4.90089e-008	0.023291
4.90339e-008	0.0178223
4.90589e-008	0.0239014
4.90839e-008	0.0174805
4.91089e-008	0.0150147
4.91339e-008	0.0207764
4.91589e-008	0.0351563
4.91839e-008	0.0383789
4.92089e-008	0.00429688
4.92339e-008	0.00422364
4.92589e-008	0.0333984
4.92839e-008	0.0260254
4.93089e-008	0.0205566
4.93339e-008	0.0202637
4.93589e-008	0.020166
4.93839e-008	0.0287109
4.94089e-008	0.024585
4.94339e-008	0.0260254
4.94589e-008	0.0266358
4.94839e-008	0.0277344
4.95089e-008	0.0307373
4.95339e-008	0.0160889
4.95589e-008	0.0216065
4.95839e-008	0.0334229
4.96089e-008	0.0208008
4.96339e-008	0.0186279
4.96589e-008	0.0221924
4.96839e-008	0.0158447
4.97089e-008	0.0192871
4.97339e-008	0.0244873
4.97589e-008	0.0175049
4.97839e-008	0.0157471
4.98089e-008	0.0185547
4.98339e-008	0.0171143
4.98589e-008	0.0182129
4.98839e-008	0.0191895
4.99089e-008	0.0146484
4.99339e-008	0.0118164
4.99589e-008	0.0180176
4.99839e-008	0.020752
5.00089e-008	0.013916
