# LECROYWM813Zi	51496	Waveform
# Segments	1	SegmentSize	4002
# Segment	TrigTime	TimeSinceSegment1
# #1	30-Nov-2018 17:12:14	0                 
# Time	Ampl
-5.000174e-008	0.00854493
-4.997674e-008	0.0116943
-4.995174e-008	0.0189697
-4.992674e-008	0.0206055
-4.990174e-008	0.0265137
-4.987674e-008	0.0179199
-4.985174e-008	-0.0024414
-4.982674e-008	0.00603028
-4.980174e-008	0.0368652
-4.977674e-008	0.0341553
-4.975174e-008	0.0188965
-4.972674e-008	0.0266358
-4.970174e-008	0.0284668
-4.967674e-008	0.0241211
-4.965174e-008	0.0167236
-4.962674e-008	0.0147705
-4.960174e-008	0.0219238
-4.957674e-008	0.0161865
-4.955174e-008	0.0180664
-4.952674e-008	0.0238037
-4.950174e-008	0.021167
-4.947674e-008	0.0227295
-4.945174e-008	0.0190674
-4.942674e-008	0.0253662
-4.940174e-008	0.0278809
-4.937674e-008	0.0108399
-4.935174e-008	0.0174316
-4.932674e-008	0.029541
-4.930174e-008	0.0179688
-4.927674e-008	0.0185791
-4.925174e-008	0.0305176
-4.922674e-008	0.0318115
-4.920174e-008	0.0319336
-4.917674e-008	0.0243652
-4.915174e-008	0.0160889
-4.912674e-008	0.0272705
-4.910174e-008	0.0339844
-4.907674e-008	0.027002
-4.905174e-008	0.0205078
-4.902674e-008	0.0236084
-4.900174e-008	0.0269775
-4.897674e-008	0.0125244
-4.895174e-008	0.0192383
-4.892674e-008	0.0346436
-4.890174e-008	0.0209961
-4.887674e-008	0.0219727
-4.885174e-008	0.0284668
-4.882674e-008	0.0276856
-4.880174e-008	0.0301514
-4.877674e-008	0.0172363
-4.875174e-008	0.0163086
-4.872674e-008	0.0256104
-4.870174e-008	0.0211182
-4.867674e-008	0.025
-4.865174e-008	0.0278809
-4.862674e-008	0.0178955
-4.860174e-008	0.0158447
-4.857674e-008	0.0120606
-4.855174e-008	0.00961915
-4.852674e-008	0.0244385
-4.850174e-008	0.030249
-4.847674e-008	0.0250977
-4.845174e-008	0.0127197
-4.842674e-008	-0.0036621
-4.840174e-008	0.00766602
-4.837674e-008	0.025293
-4.835174e-008	0.0254883
-4.832674e-008	0.0193604
-4.830174e-008	0.0155029
-4.827674e-008	0.0240723
-4.825174e-008	0.027832
-4.822674e-008	0.0252441
-4.820174e-008	0.0174072
-4.817674e-008	0.00839845
-4.815174e-008	0.0236328
-4.812674e-008	0.0240967
-4.810174e-008	0.0101563
-4.807674e-008	0.021582
-4.805174e-008	0.0206543
-4.802674e-008	0.0121826
-4.800174e-008	0.0189697
-4.797674e-008	0.0176025
-4.795174e-008	0.0187988
-4.792674e-008	0.0238525
-4.790174e-008	0.023169
-4.787674e-008	0.0272461
-4.785174e-008	0.0212158
-4.782674e-008	0.0150391
-4.780174e-008	0.0270996
-4.777674e-008	0.0281494
-4.775174e-008	0.0151611
-4.772674e-008	0.0109863
-4.770174e-008	0.0194092
-4.767674e-008	0.0236572
-4.765174e-008	0.0170166
-4.762674e-008	0.0239746
-4.760174e-008	0.0362061
-4.757674e-008	0.0359619
-4.755174e-008	0.0305664
-4.752674e-008	0.0109375
-4.750174e-008	0.00134278
-4.747674e-008	0.0258057
-4.745174e-008	0.0287109
-4.742674e-008	0.0143799
-4.740174e-008	0.0255859
-4.737674e-008	0.0211914
-4.735174e-008	0.00898438
-4.732674e-008	0.0180176
-4.730174e-008	0.0258301
-4.727674e-008	0.0311768
-4.725174e-008	0.0285889
-4.722674e-008	0.0261719
-4.720174e-008	0.0272705
-4.717674e-008	0.0202149
-4.715174e-008	0.0244629
-4.712674e-008	0.0288574
-4.710174e-008	0.0206299
-4.707674e-008	0.0232666
-4.705174e-008	0.0265625
-4.702674e-008	0.0251709
-4.700174e-008	0.0272461
-4.697674e-008	0.0154053
-4.695174e-008	0.0124512
-4.692674e-008	0.0234619
-4.690174e-008	0.0184326
-4.687674e-008	0.0173584
-4.685174e-008	0.0146484
-4.682674e-008	0.00812989
-4.680174e-008	0.022876
-4.677674e-008	0.0329346
-4.675174e-008	0.0324951
-4.672674e-008	0.0266846
-4.670174e-008	0.0134277
-4.667674e-008	0.0134277
-4.665174e-008	0.0175293
-4.662674e-008	0.0282959
-4.660174e-008	0.0358399
-4.657674e-008	0.0205811
-4.655174e-008	0.020459
-4.652674e-008	0.023291
-4.650174e-008	0.0219971
-4.647674e-008	0.0370117
-4.645174e-008	0.0299805
-4.642674e-008	0.02229
-4.640174e-008	0.0271484
-4.637674e-008	0.0172852
-4.635174e-008	0.0240479
-4.632674e-008	0.0263916
-4.630174e-008	0.0129883
-4.627674e-008	0.0210938
-4.625174e-008	0.0316162
-4.622674e-008	0.0349609
-4.620174e-008	0.0266846
-4.617674e-008	0.0202637
-4.615174e-008	0.0253174
-4.612674e-008	0.013208
-4.610174e-008	0.0124512
-4.607674e-008	0.020166
-4.605174e-008	0.0171875
-4.602674e-008	0.0220215
-4.600174e-008	0.0214844
-4.597674e-008	0.023877
-4.595174e-008	0.02771
-4.592674e-008	0.0270752
-4.590174e-008	0.0268799
-4.587674e-008	0.0137207
-4.585174e-008	0.00781251
-4.582674e-008	0.0229736
-4.580174e-008	0.036499
-4.577674e-008	0.0275391
-4.575174e-008	0.0204834
-4.572674e-008	0.0268311
-4.570174e-008	0.023291
-4.567674e-008	0.0229248
-4.565174e-008	0.0133057
-4.562674e-008	0.00158692
-4.560174e-008	0.018335
-4.557674e-008	0.0258545
-4.555174e-008	0.0192627
-4.552674e-008	0.0179932
-4.550174e-008	0.0169434
-4.547674e-008	0.0216065
-4.545174e-008	0.0200195
-4.542674e-008	0.0226563
-4.540174e-008	0.0305908
-4.537674e-008	0.00656739
-4.535174e-008	0.00280762
-4.532674e-008	0.0347412
-4.530174e-008	0.0244385
-4.527674e-008	0.00930177
-4.525174e-008	0.0235596
-4.522674e-008	0.0217529
-4.520174e-008	0.0199951
-4.517674e-008	0.0332031
-4.515174e-008	0.0310303
-4.512674e-008	0.018457
-4.510174e-008	0.0241699
-4.507674e-008	0.0329834
-4.505174e-008	0.0249024
-4.502674e-008	0.0192871
-4.500174e-008	0.0103027
-4.497674e-008	-0.00415038
-4.495174e-008	0.0115234
-4.492674e-008	0.0270264
-4.490174e-008	0.0165283
-4.487674e-008	0.0242432
-4.485174e-008	0.0306641
-4.482674e-008	0.0213867
-4.480174e-008	0.0270264
-4.477674e-008	0.0297363
-4.475174e-008	0.0268555
-4.472674e-008	0.0230957
-4.470174e-008	0.0160889
-4.467674e-008	0.0234619
-4.465174e-008	0.0234131
-4.462674e-008	0.020166
-4.460174e-008	0.0285645
-4.457674e-008	0.0100098
-4.455174e-008	0.00646973
-4.452674e-008	0.0333252
-4.450174e-008	0.0256836
-4.447674e-008	0.0232178
-4.445174e-008	0.0303955
-4.442674e-008	0.0170654
-4.440174e-008	0.0208984
-4.437674e-008	0.0123535
-4.435174e-008	0.00859376
-4.432674e-008	0.0358643
-4.430174e-008	0.0277344
-4.427674e-008	0.0197022
-4.425174e-008	0.0333984
-4.422674e-008	0.0301514
-4.420174e-008	0.0318115
-4.417674e-008	0.0246826
-4.415174e-008	0.0192871
-4.412674e-008	0.0338867
-4.410174e-008	0.0337402
-4.407674e-008	0.0229736
-4.405174e-008	0.0108154
-4.402674e-008	0.0156982
-4.400174e-008	0.0300537
-4.397674e-008	0.0100098
-4.395174e-008	-0.00263671
-4.392674e-008	0.0212647
-4.390174e-008	0.0330566
-4.387674e-008	0.0250733
-4.385174e-008	0.0229736
-4.382674e-008	0.022168
-4.380174e-008	0.020459
-4.377674e-008	0.026416
-4.375174e-008	0.0249268
-4.372674e-008	0.0198975
-4.370174e-008	0.0187988
-4.367674e-008	0.0110352
-4.365174e-008	0.0131348
-4.362674e-008	0.030835
-4.360174e-008	0.0352051
-4.357674e-008	0.0177734
-4.355174e-008	0.014624
-4.352674e-008	0.0277832
-4.350174e-008	0.0242676
-4.347674e-008	0.0184815
-4.345174e-008	0.0196045
-4.342674e-008	0.0139893
-4.340174e-008	0.0034668
-4.337674e-008	0.0011963
-4.335174e-008	0.0195801
-4.332674e-008	0.0375488
-4.330174e-008	0.0348633
-4.327674e-008	0.0275879
-4.325174e-008	0.0305664
-4.322674e-008	0.0336914
-4.320174e-008	0.0255615
-4.317674e-008	0.0164551
-4.315174e-008	0.0179932
-4.312674e-008	0.0249512
-4.310174e-008	0.0193359
-4.307674e-008	0.00937501
-4.305174e-008	0.0204102
-4.302674e-008	0.0348389
-4.300174e-008	0.0369385
-4.297674e-008	0.0346436
-4.295174e-008	0.0271484
-4.292674e-008	0.0275147
-4.290174e-008	0.0328369
-4.287674e-008	0.0236572
-4.285174e-008	0.0178467
-4.282674e-008	0.0234375
-4.280174e-008	0.0252197
-4.277674e-008	0.0227295
-4.275174e-008	0.0173096
-4.272674e-008	0.0166992
-4.270174e-008	0.0246582
-4.267674e-008	0.0312744
-4.265174e-008	0.0244629
-4.262674e-008	0.0158936
-4.260174e-008	0.0200195
-4.257674e-008	0.0150635
-4.255174e-008	0.0177734
-4.252674e-008	0.0323242
-4.250174e-008	0.0297119
-4.247674e-008	0.0358399
-4.245174e-008	0.0394287
-4.242674e-008	0.0335449
-4.240174e-008	0.0330811
-4.237674e-008	0.0199707
-4.235174e-008	0.0188965
-4.232674e-008	0.02146
-4.230174e-008	0.0199219
-4.227674e-008	0.0299805
-4.225174e-008	0.0217529
-4.222674e-008	0.0216065
-4.220174e-008	0.0307861
-4.217674e-008	0.0115967
-4.215174e-008	0.00473634
-4.212674e-008	0.0208496
-4.210174e-008	0.023877
-4.207674e-008	0.0140625
-4.205174e-008	0.0110596
-4.202674e-008	0.0171875
-4.200174e-008	0.0187988
-4.197674e-008	0.0142822
-4.195174e-008	0.0123779
-4.192674e-008	0.0172852
-4.190174e-008	0.0192871
-4.187674e-008	0.0137451
-4.185174e-008	0.0194092
-4.182674e-008	0.032251
-4.180174e-008	0.0334961
-4.177674e-008	0.0298096
-4.175174e-008	0.0258789
-4.172674e-008	0.0183838
-4.170174e-008	0.0121826
-4.167674e-008	0.0144531
-4.165174e-008	0.0222656
-4.162674e-008	0.0236816
-4.160174e-008	0.0141602
-4.157674e-008	0.00847169
-4.155174e-008	0.0223633
-4.152674e-008	0.030835
-4.150174e-008	0.0245117
-4.147674e-008	0.0232178
-4.145174e-008	0.0185303
-4.142674e-008	0.0194336
-4.140174e-008	0.026416
-4.137674e-008	0.0172363
-4.135174e-008	0.0123779
-4.132674e-008	0.0233399
-4.130174e-008	0.0258789
-4.127674e-008	0.0216553
-4.125174e-008	0.0181641
-4.122674e-008	0.0197022
-4.120174e-008	0.0302734
-4.117674e-008	0.0256348
-4.115174e-008	0.0211914
-4.112674e-008	0.0286377
-4.110174e-008	0.0250977
-4.107674e-008	0.0259033
-4.105174e-008	0.0269775
-4.102674e-008	0.029541
-4.100174e-008	0.0307129
-4.097674e-008	0.0103516
-4.095174e-008	0.00898438
-4.092674e-008	0.0224854
-4.090174e-008	0.0139893
-4.087674e-008	0.0129639
-4.085174e-008	0.0219971
-4.082674e-008	0.0255371
-4.080174e-008	0.0288086
-4.077674e-008	0.0204346
-4.075174e-008	0.0177734
-4.072674e-008	0.0280518
-4.070174e-008	0.0251465
-4.067674e-008	0.0175537
-4.065174e-008	0.0164063
-4.062674e-008	0.0251465
-4.060174e-008	0.0218018
-4.057674e-008	0.00642091
-4.055174e-008	0.0224609
-4.052674e-008	0.035376
-4.050174e-008	0.0266113
-4.047674e-008	0.0244141
-4.045174e-008	0.0211426
-4.042674e-008	0.0246826
-4.040174e-008	0.0254639
-4.037674e-008	0.0158936
-4.035174e-008	0.0177979
-4.032674e-008	0.025293
-4.030174e-008	0.0247559
-4.027674e-008	0.0156494
-4.025174e-008	0.00783692
-4.022674e-008	0.00703126
-4.020174e-008	0.0123291
-4.017674e-008	0.0159424
-4.015174e-008	0.0140137
-4.012674e-008	0.0231934
-4.010174e-008	0.0295166
-4.007674e-008	0.0314453
-4.005174e-008	0.0368408
-4.002674e-008	0.0173828
-4.000174e-008	0.0112549
-3.997674e-008	0.028418
-3.995174e-008	0.0181885
-3.992674e-008	0.0129395
-3.990174e-008	0.0225098
-3.987674e-008	0.0215088
-3.985174e-008	0.0173584
-3.982674e-008	0.0151367
-3.980174e-008	0.0319092
-3.977674e-008	0.0435059
-3.975174e-008	0.0271484
-3.972674e-008	0.0238281
-3.970174e-008	0.0320801
-3.967674e-008	0.0271484
-3.965174e-008	0.0171387
-3.962674e-008	0.0177002
-3.960174e-008	0.0317871
-3.957674e-008	0.0335938
-3.955174e-008	0.0218262
-3.952674e-008	0.0204346
-3.950174e-008	0.0240723
-3.947674e-008	0.0218506
-3.945174e-008	0.0216065
-3.942674e-008	0.0238037
-3.940174e-008	0.0138672
-3.937674e-008	0.00766602
-3.935174e-008	0.0146484
-3.932674e-008	0.0202637
-3.930174e-008	0.0314209
-3.927674e-008	0.0264649
-3.925174e-008	0.0135498
-3.922674e-008	0.0318115
-3.920174e-008	0.0405029
-3.917674e-008	0.0320068
-3.915174e-008	0.0337891
-3.912674e-008	0.034082
-3.910174e-008	0.0351807
-3.907674e-008	0.0248779
-3.905174e-008	0.011792
-3.902674e-008	0.0207031
-3.900174e-008	0.0323975
-3.897674e-008	0.0330566
-3.895174e-008	0.0230469
-3.892674e-008	0.0198975
-3.890174e-008	0.0286865
-3.887674e-008	0.0322022
-3.885174e-008	0.0239502
-3.882674e-008	0.0104492
-3.880174e-008	0.0194092
-3.877674e-008	0.0237793
-3.875174e-008	0.012085
-3.872674e-008	0.0264404
-3.870174e-008	0.0344483
-3.867674e-008	0.0290527
-3.865174e-008	0.0215576
-3.862674e-008	0.0130371
-3.860174e-008	0.0282227
-3.857674e-008	0.0253418
-3.855174e-008	0.0153809
-3.852674e-008	0.0272949
-3.850174e-008	0.0221924
-3.847674e-008	0.016333
-3.845174e-008	0.0139404
-3.842674e-008	0.0135498
-3.840174e-008	0.027124
-3.837674e-008	0.0210205
-3.835174e-008	0.00854493
-3.832674e-008	0.0223145
-3.830174e-008	0.0344727
-3.827674e-008	0.0248291
-3.825174e-008	0.0172607
-3.822674e-008	0.0260254
-3.820174e-008	0.0254883
-3.817674e-008	0.0128174
-3.815174e-008	0.015625
-3.812674e-008	0.0250733
-3.810174e-008	0.025708
-3.807674e-008	0.0266358
-3.805174e-008	0.025415
-3.802674e-008	0.0283203
-3.800174e-008	0.0401123
-3.797674e-008	0.0302734
-3.795174e-008	0.0150879
-3.792674e-008	0.0238281
-3.790174e-008	0.0271973
-3.787674e-008	0.0209961
-3.785174e-008	0.015918
-3.782674e-008	0.0206299
-3.780174e-008	0.0348633
-3.777674e-008	0.0273193
-3.775174e-008	0.022876
-3.772674e-008	0.0322266
-3.770174e-008	0.0193115
-3.767674e-008	0.0166504
-3.765174e-008	0.0234863
-3.762674e-008	0.01875
-3.760174e-008	0.0278565
-3.757674e-008	0.0241699
-3.755174e-008	0.0152588
-3.752674e-008	0.014502
-3.750174e-008	0.00793458
-3.747674e-008	0.0265869
-3.745174e-008	0.0328125
-3.742674e-008	0.0231445
-3.740174e-008	0.0297363
-3.737674e-008	0.0179932
-3.735174e-008	0.0136475
-3.732674e-008	0.0198242
-3.730174e-008	0.0144043
-3.727674e-008	0.0240479
-3.725174e-008	0.0322266
-3.722674e-008	0.0221924
-3.720174e-008	0.0234619
-3.717674e-008	0.0321045
-3.715174e-008	0.0179443
-3.712674e-008	0.0118164
-3.710174e-008	0.026709
-3.707674e-008	0.0274414
-3.705174e-008	0.0206299
-3.702674e-008	0.0203857
-3.700174e-008	0.0284424
-3.697674e-008	0.0306397
-3.695174e-008	0.019458
-3.692674e-008	0.0146729
-3.690174e-008	0.023169
-3.687674e-008	0.0351318
-3.685174e-008	0.0225098
-3.682674e-008	0.0112061
-3.680174e-008	0.0285645
-3.677674e-008	0.0296875
-3.675174e-008	0.0235596
-3.672674e-008	0.0210693
-3.670174e-008	0.00773927
-3.667674e-008	0.022168
-3.665174e-008	0.0425537
-3.662674e-008	0.0356201
-3.660174e-008	0.0292481
-3.657674e-008	0.00454102
-3.655174e-008	-0.0158203
-3.652674e-008	0.00751954
-3.650174e-008	0.0242188
-3.647674e-008	0.026001
-3.645174e-008	0.0238037
-3.642674e-008	0.0220947
-3.640174e-008	0.0364258
-3.637674e-008	0.0334229
-3.635174e-008	0.0238281
-3.632674e-008	0.0283203
-3.630174e-008	0.0221436
-3.627674e-008	0.0186768
-3.625174e-008	0.0206543
-3.622674e-008	0.0238525
-3.620174e-008	0.0311768
-3.617674e-008	0.0164307
-3.615174e-008	0.0121338
-3.612674e-008	0.0321045
-3.610174e-008	0.02146
-3.607674e-008	0.0165527
-3.605174e-008	0.0294434
-3.602674e-008	0.0197998
-3.600174e-008	0.0237305
-3.597674e-008	0.0304199
-3.595174e-008	0.0111572
-3.592674e-008	0.00434571
-3.590174e-008	0.0170654
-3.587674e-008	0.0125244
-3.585174e-008	0.00349122
-3.582674e-008	0.0261719
-3.580174e-008	0.0312744
-3.577674e-008	-0.000146477
-3.575174e-008	0.00202637
-3.572674e-008	0.0300049
-3.570174e-008	0.0256348
-3.567674e-008	0.00754395
-3.565174e-008	0.00954591
-3.562674e-008	0.00954591
-3.560174e-008	0.00319825
-3.557674e-008	0.0133789
-3.555174e-008	0.0246826
-3.552674e-008	0.0263428
-3.550174e-008	0.0292725
-3.547674e-008	0.0289795
-3.545174e-008	0.0314697
-3.542674e-008	0.0398193
-3.540174e-008	0.0286621
-3.537674e-008	0.00893555
-3.535174e-008	0.0132324
-3.532674e-008	0.0252686
-3.530174e-008	0.0297852
-3.527674e-008	0.0275391
-3.525174e-008	0.027124
-3.522674e-008	0.0382324
-3.520174e-008	0.0353272
-3.517674e-008	0.0263428
-3.515174e-008	0.0282715
-3.512674e-008	0.0235107
-3.510174e-008	0.0224609
-3.507674e-008	0.0298096
-3.505174e-008	0.0298828
-3.502674e-008	0.0203613
-3.500174e-008	0.0203125
-3.497674e-008	0.0296631
-3.495174e-008	0.0297608
-3.492674e-008	0.0269287
-3.490174e-008	0.0204834
-3.487674e-008	0.0197754
-3.485174e-008	0.0331787
-3.482674e-008	0.0354492
-3.480174e-008	0.0295899
-3.477674e-008	0.0358399
-3.475174e-008	0.0365479
-3.472674e-008	0.0239014
-3.470174e-008	0.0232178
-3.467674e-008	0.0282715
-3.465174e-008	0.0239746
-3.462674e-008	0.0247559
-3.460174e-008	0.0226074
-3.457674e-008	0.00930177
-3.455174e-008	0.00974122
-3.452674e-008	0.0164795
-3.450174e-008	0.0187256
-3.447674e-008	0.0310791
-3.445174e-008	0.0224854
-3.442674e-008	0.00795899
-3.440174e-008	0.0248779
-3.437674e-008	0.0251709
-3.435174e-008	0.0175049
-3.432674e-008	0.0320557
-3.430174e-008	0.0310303
-3.427674e-008	0.0167725
-3.425174e-008	0.0115723
-3.422674e-008	0.0194336
-3.420174e-008	0.028125
-3.417674e-008	0.0186035
-3.415174e-008	0.010791
-3.412674e-008	0.0221191
-3.410174e-008	0.0412598
-3.407674e-008	0.0312256
-3.405174e-008	0.002417
-3.402674e-008	0.019165
-3.400174e-008	0.0319336
-3.397674e-008	0.0178223
-3.395174e-008	0.0291504
-3.392674e-008	0.0316162
-3.390174e-008	0.0345215
-3.387674e-008	0.0376953
-3.385174e-008	0.0170654
-3.382674e-008	0.0229981
-3.380174e-008	0.0259766
-3.377674e-008	0.00715333
-3.375174e-008	0.0105225
-3.372674e-008	0.0153809
-3.370174e-008	0.0162842
-3.367674e-008	0.0259522
-3.365174e-008	0.0327393
-3.362674e-008	0.0295654
-3.360174e-008	0.0186279
-3.357674e-008	0.0145752
-3.355174e-008	0.0185547
-3.352674e-008	0.0292969
-3.350174e-008	0.0358399
-3.347674e-008	0.0170166
-3.345174e-008	0.00617677
-3.342674e-008	0.0182861
-3.340174e-008	0.0300781
-3.337674e-008	0.0369873
-3.335174e-008	0.0240723
-3.332674e-008	0.0157227
-3.330174e-008	0.0262451
-3.327674e-008	0.0219971
-3.325174e-008	0.0202393
-3.322674e-008	0.0311279
-3.320174e-008	0.0272217
-3.317674e-008	0.0184082
-3.315174e-008	0.0272461
-3.312674e-008	0.0330322
-3.310174e-008	0.0247803
-3.307674e-008	0.0289795
-3.305174e-008	0.0323242
-3.302674e-008	0.0206543
-3.300174e-008	0.0194092
-3.297674e-008	0.0212402
-3.295174e-008	0.0164551
-3.292674e-008	0.0297363
-3.290174e-008	0.0438721
-3.287674e-008	0.0287842
-3.285174e-008	0.0179932
-3.282674e-008	0.0253906
-3.280174e-008	0.0231201
-3.277674e-008	0.0168701
-3.275174e-008	0.015332
-3.272674e-008	0.0204346
-3.270174e-008	0.0338623
-3.267674e-008	0.0293945
-3.265174e-008	0.0195313
-3.262674e-008	0.0287842
-3.260174e-008	0.0270264
-3.257674e-008	0.0301758
-3.255174e-008	0.038501
-3.252674e-008	0.0135986
-3.250174e-008	0.0118897
-3.247674e-008	0.0293213
-3.245174e-008	0.0115967
-3.242674e-008	0.0148926
-3.240174e-008	0.0369141
-3.237674e-008	0.026294
-3.235174e-008	0.0187012
-3.232674e-008	0.0209717
-3.230174e-008	0.00854493
-3.227674e-008	0.00703126
-3.225174e-008	0.0175049
-3.222674e-008	0.0244629
-3.220174e-008	0.0327881
-3.217674e-008	0.0283447
-3.215174e-008	0.0138428
-3.212674e-008	0.0172119
-3.210174e-008	0.0366699
-3.207674e-008	0.0336914
-3.205174e-008	0.012207
-3.202674e-008	0.0175537
-3.200174e-008	0.0263672
-3.197674e-008	0.0201904
-3.195174e-008	0.0280029
-3.192674e-008	0.0227295
-3.190174e-008	0.00417481
-3.187674e-008	0.0162842
-3.185174e-008	0.0230469
-3.182674e-008	0.0164795
-3.180174e-008	0.0190186
-3.177674e-008	0.00937501
-3.175174e-008	0.0163574
-3.172674e-008	0.0278565
-3.170174e-008	0.02146
-3.167674e-008	0.0282227
-3.165174e-008	0.0243897
-3.162674e-008	0.025
-3.160174e-008	0.0291992
-3.157674e-008	0.00439454
-3.155174e-008	0.00541993
-3.152674e-008	0.0238037
-3.150174e-008	0.0188477
-3.147674e-008	0.0168701
-3.145174e-008	0.0177246
-3.142674e-008	0.0239746
-3.140174e-008	0.0309326
-3.137674e-008	0.0192627
-3.135174e-008	0.0180664
-3.132674e-008	0.0207031
-3.130174e-008	0.012085
-3.127674e-008	0.0169678
-3.125174e-008	0.0191406
-3.122674e-008	0.0197754
-3.120174e-008	0.0261719
-3.117674e-008	0.0147217
-3.115174e-008	0.00708009
-3.112674e-008	0.0272705
-3.110174e-008	0.0416504
-3.107674e-008	0.0272705
-3.105174e-008	0.0199463
-3.102674e-008	0.0235596
-3.100174e-008	0.0166992
-3.097674e-008	0.0176025
-3.095174e-008	0.018042
-3.092674e-008	0.0165283
-3.090174e-008	0.0330322
-3.087674e-008	0.0353027
-3.085174e-008	0.0216797
-3.082674e-008	0.0286865
-3.080174e-008	0.0295654
-3.077674e-008	0.0235596
-3.075174e-008	0.0327881
-3.072674e-008	0.0245361
-3.070174e-008	0.0165772
-3.067674e-008	0.0223633
-3.065174e-008	0.0147217
-3.062674e-008	0.0213867
-3.060174e-008	0.0366943
-3.057674e-008	0.0256348
-3.055174e-008	0.0197998
-3.052674e-008	0.0264649
-3.050174e-008	0.0215332
-3.047674e-008	0.0266113
-3.045174e-008	0.0299316
-3.042674e-008	0.0243652
-3.040174e-008	0.02771
-3.037674e-008	0.0114502
-3.035174e-008	0.00671387
-3.032674e-008	0.0233887
-3.030174e-008	0.0166504
-3.027674e-008	0.0199463
-3.025174e-008	0.0261231
-3.022674e-008	0.00720216
-3.020174e-008	0.0115967
-3.017674e-008	0.0318115
-3.015174e-008	0.0230225
-3.012674e-008	0.0191895
-3.010174e-008	0.0311524
-3.007674e-008	0.0164063
-3.005174e-008	0.00441895
-3.002674e-008	0.0230469
-3.000174e-008	0.0233887
-2.997674e-008	0.00336915
-2.995174e-008	0.0136963
-2.992674e-008	0.0327637
-2.990174e-008	0.0282471
-2.987674e-008	0.0306397
-2.985174e-008	0.030957
-2.982674e-008	0.0226318
-2.980174e-008	0.0338379
-2.977674e-008	0.0392822
-2.975174e-008	0.0247559
-2.972674e-008	0.01875
-2.970174e-008	0.0261231
-2.967674e-008	0.0158447
-2.965174e-008	-0.00205077
-2.962674e-008	0.019043
-2.960174e-008	0.0390137
-2.957674e-008	0.028418
-2.955174e-008	0.023999
-2.952674e-008	0.0213867
-2.950174e-008	0.0233154
-2.947674e-008	0.0292725
-2.945174e-008	0.0198975
-2.942674e-008	0.0194824
-2.940174e-008	0.0229736
-2.937674e-008	0.0105225
-2.935174e-008	0.0115234
-2.932674e-008	0.0186035
-2.930174e-008	0.0146973
-2.927674e-008	0.0237549
-2.925174e-008	0.0325928
-2.922674e-008	0.0321289
-2.920174e-008	0.032544
-2.917674e-008	0.0192627
-2.915174e-008	0.0225098
-2.912674e-008	0.0360108
-2.910174e-008	0.015332
-2.907674e-008	0.0141602
-2.905174e-008	0.0281738
-2.902674e-008	0.0184326
-2.900174e-008	0.0287842
-2.897674e-008	0.0284424
-2.895174e-008	0.00861817
-2.892674e-008	0.0182861
-2.890174e-008	0.0216065
-2.887674e-008	0.0170166
-2.885174e-008	0.0148682
-2.882674e-008	0.005542
-2.880174e-008	0.0203613
-2.877674e-008	0.0275391
-2.875174e-008	0.0252441
-2.872674e-008	0.0354492
-2.870174e-008	0.0240723
-2.867674e-008	0.0263672
-2.865174e-008	0.032251
-2.862674e-008	0.0188965
-2.860174e-008	0.0286865
-2.857674e-008	0.0272705
-2.855174e-008	0.0205322
-2.852674e-008	0.0240479
-2.850174e-008	0.0105713
-2.847674e-008	0.0187012
-2.845174e-008	0.0330811
-2.842674e-008	0.0298096
-2.840174e-008	0.0329102
-2.837674e-008	0.0244873
-2.835174e-008	0.0134766
-2.832674e-008	0.0195801
-2.830174e-008	0.0269287
-2.827674e-008	0.0243164
-2.825174e-008	0.0163574
-2.822674e-008	0.0153565
-2.820174e-008	0.0157959
-2.817674e-008	0.0193115
-2.815174e-008	0.027002
-2.812674e-008	0.0231201
-2.810174e-008	0.0239014
-2.807674e-008	0.0280274
-2.805174e-008	0.0221924
-2.802674e-008	0.0244629
-2.800174e-008	0.0269775
-2.797674e-008	0.030957
-2.795174e-008	0.0324951
-2.792674e-008	0.0172607
-2.790174e-008	0.0166992
-2.787674e-008	0.0219971
-2.785174e-008	0.0229981
-2.782674e-008	0.0291992
-2.780174e-008	0.0189941
-2.777674e-008	0.0122315
-2.775174e-008	0.0212402
-2.772674e-008	0.0267822
-2.770174e-008	0.020459
-2.767674e-008	0.017627
-2.765174e-008	0.0306397
-2.762674e-008	0.0259766
-2.760174e-008	0.0154541
-2.757674e-008	0.0195313
-2.755174e-008	0.0180664
-2.752674e-008	0.0134522
-2.750174e-008	0.00795899
-2.747674e-008	0.0129883
-2.745174e-008	0.0229492
-2.742674e-008	0.0268311
-2.740174e-008	0.0261475
-2.737674e-008	0.0166992
-2.735174e-008	0.0217285
-2.732674e-008	0.0266113
-2.730174e-008	0.0222168
-2.727674e-008	0.024707
-2.725174e-008	0.0146729
-2.722674e-008	0.0142578
-2.720174e-008	0.0167236
-2.717674e-008	0.00732423
-2.715174e-008	0.0210938
-2.712674e-008	0.0265381
-2.710174e-008	0.0205322
-2.707674e-008	0.0250488
-2.705174e-008	0.0179199
-2.702674e-008	0.0229004
-2.700174e-008	0.0349854
-2.697674e-008	0.0294922
-2.695174e-008	0.0235352
-2.692674e-008	0.0158936
-2.690174e-008	0.0192383
-2.687674e-008	0.0294434
-2.685174e-008	0.0115723
-2.682674e-008	0.00668946
-2.680174e-008	0.0264404
-2.677674e-008	0.0159912
-2.675174e-008	0.0104736
-2.672674e-008	0.0255859
-2.670174e-008	0.027002
-2.667674e-008	0.0207031
-2.665174e-008	0.0124268
-2.662674e-008	0.0259033
-2.660174e-008	0.0398926
-2.657674e-008	0.0318848
-2.655174e-008	0.0300537
-2.652674e-008	0.0217285
-2.650174e-008	0.0162842
-2.647674e-008	0.0296875
-2.645174e-008	0.0338135
-2.642674e-008	0.0206787
-2.640174e-008	0.0101318
-2.637674e-008	0.00212403
-2.635174e-008	0.00549317
-2.632674e-008	0.0300049
-2.630174e-008	0.0323242
-2.627674e-008	0.0234619
-2.625174e-008	0.028125
-2.622674e-008	0.0249756
-2.620174e-008	0.0306885
-2.617674e-008	0.0345703
-2.615174e-008	0.0208984
-2.612674e-008	0.0162598
-2.610174e-008	0.0265625
-2.607674e-008	0.0359131
-2.605174e-008	0.0292481
-2.602674e-008	0.0169922
-2.600174e-008	0.0144287
-2.597674e-008	0.0148193
-2.595174e-008	0.0198486
-2.592674e-008	0.0272461
-2.590174e-008	0.0224854
-2.587674e-008	0.0220703
-2.585174e-008	0.0266602
-2.582674e-008	0.027417
-2.580174e-008	0.030127
-2.577674e-008	0.00876466
-2.575174e-008	-0.000878899
-2.572674e-008	0.0215332
-2.570174e-008	0.0204346
-2.567674e-008	0.015332
-2.565174e-008	0.0180908
-2.562674e-008	0.0212647
-2.560174e-008	0.0364258
-2.557674e-008	0.0377441
-2.555174e-008	0.029126
-2.552674e-008	0.0246826
-2.550174e-008	0.0305908
-2.547674e-008	0.0426758
-2.545174e-008	0.0300781
-2.542674e-008	0.0128906
-2.540174e-008	0.0199463
-2.537674e-008	0.0298584
-2.535174e-008	0.0287842
-2.532674e-008	0.0210693
-2.530174e-008	0.0166748
-2.527674e-008	0.0284668
-2.525174e-008	0.0373535
-2.522674e-008	0.0328369
-2.520174e-008	0.0273438
-2.517674e-008	0.0127197
-2.515174e-008	0.014624
-2.512674e-008	0.0322754
-2.510174e-008	0.0273682
-2.507674e-008	0.0248047
-2.505174e-008	0.0243652
-2.502674e-008	0.00700684
-2.500174e-008	0.00305177
-2.497674e-008	0.018335
-2.495174e-008	0.0305664
-2.492674e-008	0.0359375
-2.490174e-008	0.0344238
-2.487674e-008	0.0220947
-2.485174e-008	0.0177979
-2.482674e-008	0.0304199
-2.480174e-008	0.034668
-2.477674e-008	0.0238281
-2.475174e-008	0.0143799
-2.472674e-008	0.0133057
-2.470174e-008	0.0198731
-2.467674e-008	0.0181641
-2.465174e-008	0.0107178
-2.462674e-008	0.027417
-2.460174e-008	0.0324219
-2.457674e-008	0.0154785
-2.455174e-008	0.0248047
-2.452674e-008	0.026709
-2.450174e-008	0.0157715
-2.447674e-008	0.0200684
-2.445174e-008	0.0105225
-2.442674e-008	0.00402833
-2.440174e-008	0.0162354
-2.437674e-008	0.0192383
-2.435174e-008	0.0165283
-2.432674e-008	0.0159424
-2.430174e-008	0.0244385
-2.427674e-008	0.0392822
-2.425174e-008	0.0250488
-2.422674e-008	0.0098877
-2.420174e-008	0.0260254
-2.417674e-008	0.021582
-2.415174e-008	0.0100342
-2.412674e-008	0.0188721
-2.410174e-008	0.0119385
-2.407674e-008	0.0141602
-2.405174e-008	0.0369629
-2.402674e-008	0.0401367
-2.400174e-008	0.0283936
-2.397674e-008	0.0220215
-2.395174e-008	0.0263916
-2.392674e-008	0.0288574
-2.390174e-008	0.0185791
-2.387674e-008	0.0187256
-2.385174e-008	0.0249512
-2.382674e-008	0.0192383
-2.380174e-008	0.0267822
-2.377674e-008	0.0352783
-2.375174e-008	0.0226074
-2.372674e-008	0.0151856
-2.370174e-008	0.0197998
-2.367674e-008	0.0255615
-2.365174e-008	0.0230713
-2.362674e-008	0.0198731
-2.360174e-008	0.0248779
-2.357674e-008	0.0242188
-2.355174e-008	0.0246094
-2.352674e-008	0.0210205
-2.350174e-008	0.0145752
-2.347674e-008	0.0214111
-2.345174e-008	0.0186768
-2.342674e-008	0.0139649
-2.340174e-008	0.0264649
-2.337674e-008	0.0253418
-2.335174e-008	0.0126709
-2.332674e-008	0.0187256
-2.330174e-008	0.0244873
-2.327674e-008	0.0246338
-2.325174e-008	0.0293457
-2.322674e-008	0.0208008
-2.320174e-008	0.013916
-2.317674e-008	0.0154053
-2.315174e-008	0.0215332
-2.312674e-008	0.0293701
-2.310174e-008	0.0230957
-2.307674e-008	0.0232422
-2.305174e-008	0.0246094
-2.302674e-008	0.025293
-2.300174e-008	0.0241943
-2.297674e-008	0.00603028
-2.295174e-008	0.010083
-2.292674e-008	0.0241943
-2.290174e-008	0.0177979
-2.287674e-008	0.0142334
-2.285174e-008	0.020166
-2.282674e-008	0.0196289
-2.280174e-008	0.0161133
-2.277674e-008	0.024707
-2.275174e-008	0.0223145
-2.272674e-008	0.0144287
-2.270174e-008	0.0220703
-2.267674e-008	0.0268066
-2.265174e-008	0.0273438
-2.262674e-008	0.0288818
-2.260174e-008	0.0249756
-2.257674e-008	0.010376
-2.255174e-008	0.0135986
-2.252674e-008	0.0323242
-2.250174e-008	0.0257324
-2.247674e-008	0.0225342
-2.245174e-008	0.0238525
-2.242674e-008	0.023877
-2.240174e-008	0.0318604
-2.237674e-008	0.00498048
-2.235174e-008	-0.00490722
-2.232674e-008	0.0259033
-2.230174e-008	0.0287354
-2.227674e-008	0.0232422
-2.225174e-008	0.024585
-2.222674e-008	0.0206299
-2.220174e-008	0.0188232
-2.217674e-008	0.0196777
-2.215174e-008	0.0213867
-2.212674e-008	0.0164063
-2.210174e-008	0.0193115
-2.207674e-008	0.0232178
-2.205174e-008	0.0202637
-2.202674e-008	0.0307129
-2.200174e-008	0.0317627
-2.197674e-008	0.0182617
-2.195174e-008	0.0156738
-2.192674e-008	0.0216309
-2.190174e-008	0.0246582
-2.187674e-008	0.0119141
-2.185174e-008	0.00319825
-2.182674e-008	0.0190918
-2.180174e-008	0.0292481
-2.177674e-008	0.0212158
-2.175174e-008	0.0153076
-2.172674e-008	0.012915
-2.170174e-008	0.008667
-2.167674e-008	0.0155029
-2.165174e-008	0.0210693
-2.162674e-008	0.0206787
-2.160174e-008	0.0321777
-2.157674e-008	0.0237793
-2.155174e-008	0.00861817
-2.152674e-008	0.0192139
-2.150174e-008	0.0213867
-2.147674e-008	0.0109131
-2.145174e-008	0.00664063
-2.142674e-008	0.0191406
-2.140174e-008	0.0321533
-2.137674e-008	0.0150391
-2.135174e-008	-0.000512688
-2.132674e-008	0.0100098
-2.130174e-008	0.0152832
-2.127674e-008	0.0184082
-2.125174e-008	0.0334229
-2.122674e-008	0.0422852
-2.120174e-008	0.0389893
-2.117674e-008	0.027832
-2.115174e-008	0.023291
-2.112674e-008	0.0246582
-2.110174e-008	0.0199951
-2.107674e-008	0.0206543
-2.105174e-008	0.0265869
-2.102674e-008	0.0328613
-2.100174e-008	0.0362549
-2.097674e-008	0.0288818
-2.095174e-008	0.0169434
-2.092674e-008	0.0205811
-2.090174e-008	0.03125
-2.087674e-008	0.0292725
-2.085174e-008	0.0329102
-2.082674e-008	0.0364258
-2.080174e-008	0.0249512
-2.077674e-008	0.0185791
-2.075174e-008	0.0236328
-2.072674e-008	0.0222656
-2.070174e-008	0.0168701
-2.067674e-008	0.0279541
-2.065174e-008	0.0323486
-2.062674e-008	0.01875
-2.060174e-008	0.0227051
-2.057674e-008	0.0346436
-2.055174e-008	0.0209961
-2.052674e-008	0.0134522
-2.050174e-008	0.0290039
-2.047674e-008	0.00983887
-2.045174e-008	-0.0105469
-2.042674e-008	0.0181397
-2.040174e-008	0.0304932
-2.037674e-008	0.0201904
-2.035174e-008	0.0230225
-2.032674e-008	0.027417
-2.030174e-008	0.0242432
-2.027674e-008	0.0170654
-2.025174e-008	0.0244385
-2.022674e-008	0.0365967
-2.020174e-008	0.0321045
-2.017674e-008	0.0269531
-2.015174e-008	0.0277832
-2.012674e-008	0.0218018
-2.010174e-008	0.0159912
-2.007674e-008	0.0203857
-2.005174e-008	0.0169922
-2.002674e-008	0.0171143
-2.000174e-008	0.031543
-1.997674e-008	0.0189209
-1.995174e-008	0.0083252
-1.992674e-008	0.026294
-1.990174e-008	0.0244629
-1.987674e-008	0.0236816
-1.985174e-008	0.0304443
-1.982674e-008	0.0222168
-1.980174e-008	0.0214356
-1.977674e-008	0.0125488
-1.975174e-008	0.00766602
-1.972674e-008	0.0227051
-1.970174e-008	0.0238281
-1.967674e-008	0.0140625
-1.965174e-008	0.0150391
-1.962674e-008	0.0262451
-1.960174e-008	0.0225342
-1.957674e-008	0.0145996
-1.955174e-008	0.0270264
-1.952674e-008	0.0362793
-1.950174e-008	0.0287842
-1.947674e-008	0.0255371
-1.945174e-008	0.0357666
-1.942674e-008	0.0209717
-1.940174e-008	0.00957032
-1.937674e-008	0.0315186
-1.935174e-008	0.024292
-1.932674e-008	0.0175049
-1.930174e-008	0.0320801
-1.927674e-008	0.0322022
-1.925174e-008	0.0346191
-1.922674e-008	0.0330078
-1.920174e-008	0.0298584
-1.917674e-008	0.0239502
-1.915174e-008	0.0176758
-1.912674e-008	0.0284912
-1.910174e-008	0.0266846
-1.907674e-008	0.0246826
-1.905174e-008	0.0313721
-1.902674e-008	0.0259522
-1.900174e-008	0.0216065
-1.897674e-008	0.0126709
-1.895174e-008	0.0102051
-1.892674e-008	0.0161865
-1.890174e-008	0.0179443
-1.887674e-008	0.0293457
-1.885174e-008	0.0279053
-1.882674e-008	0.0269043
-1.880174e-008	0.0392334
-1.877674e-008	0.0250733
-1.875174e-008	0.0128662
-1.872674e-008	0.0213379
-1.870174e-008	0.0202393
-1.867674e-008	0.0203857
-1.865174e-008	0.0242676
-1.862674e-008	0.0179443
-1.860174e-008	0.0329346
-1.857674e-008	0.0513672
-1.855174e-008	0.0228027
-1.852674e-008	0.0124024
-1.850174e-008	0.033667
-1.847674e-008	0.0229736
-1.845174e-008	0.00959473
-1.842674e-008	0.0186035
-1.840174e-008	0.0275391
-1.837674e-008	0.0253662
-1.835174e-008	0.024707
-1.832674e-008	0.0283203
-1.830174e-008	0.0241455
-1.827674e-008	0.0251221
-1.825174e-008	0.026294
-1.822674e-008	0.0279297
-1.820174e-008	0.035376
-1.817674e-008	0.0264893
-1.815174e-008	0.0148682
-1.812674e-008	0.0222656
-1.810174e-008	0.0357178
-1.807674e-008	0.0266602
-1.805174e-008	0.00732423
-1.802674e-008	0.0116699
-1.800174e-008	0.0150147
-1.797674e-008	0.0270264
-1.795174e-008	0.0468506
-1.792674e-008	0.0255127
-1.790174e-008	0.0135254
-1.787674e-008	0.0308106
-1.785174e-008	0.0269287
-1.782674e-008	0.0247559
-1.780174e-008	0.0361328
-1.777674e-008	0.0220215
-1.775174e-008	0.00681153
-1.772674e-008	0.023291
-1.770174e-008	0.0254883
-1.767674e-008	0.0182129
-1.765174e-008	0.0230957
-1.762674e-008	0.015332
-1.760174e-008	0.0222656
-1.757674e-008	0.0304932
-1.755174e-008	0.0114502
-1.752674e-008	0.0114502
-1.750174e-008	0.027002
-1.747674e-008	0.0239014
-1.745174e-008	0.0179199
-1.742674e-008	0.0180908
-1.740174e-008	0.0169922
-1.737674e-008	0.0186035
-1.735174e-008	0.0218018
-1.732674e-008	0.0274902
-1.730174e-008	0.0214356
-1.727674e-008	0.0101074
-1.725174e-008	0.0222656
-1.722674e-008	0.0283203
-1.720174e-008	0.0324707
-1.717674e-008	0.0395508
-1.715174e-008	0.0207275
-1.712674e-008	0.0202881
-1.710174e-008	0.0290527
-1.707674e-008	0.0230469
-1.705174e-008	0.0342285
-1.702674e-008	0.0339356
-1.700174e-008	0.0189941
-1.697674e-008	0.0197754
-1.695174e-008	0.0256348
-1.692674e-008	0.0301758
-1.690174e-008	0.0286377
-1.687674e-008	0.0212891
-1.685174e-008	0.0143799
-1.682674e-008	0.0170899
-1.680174e-008	0.0297852
-1.677674e-008	0.0279297
-1.675174e-008	0.0222412
-1.672674e-008	0.0255371
-1.670174e-008	0.0242676
-1.667674e-008	0.029834
-1.665174e-008	0.0297119
-1.662674e-008	0.0204346
-1.660174e-008	0.0206543
-1.657674e-008	0.0144775
-1.655174e-008	0.014209
-1.652674e-008	0.0258057
-1.650174e-008	0.0264404
-1.647674e-008	0.0248291
-1.645174e-008	0.0255859
-1.642674e-008	0.0305176
-1.640174e-008	0.0300049
-1.637674e-008	0.0147705
-1.635174e-008	0.0199219
-1.632674e-008	0.0341553
-1.630174e-008	0.0172363
-1.627674e-008	0.00300294
-1.625174e-008	0.0130859
-1.622674e-008	0.0293457
-1.620174e-008	0.0328125
-1.617674e-008	0.0105469
-1.615174e-008	0.00366212
-1.612674e-008	0.0206299
-1.610174e-008	0.0202637
-1.607674e-008	0.0180908
-1.605174e-008	0.022583
-1.602674e-008	0.025
-1.600174e-008	0.02854
-1.597674e-008	0.0202393
-1.595174e-008	0.0146973
-1.592674e-008	0.0227783
-1.590174e-008	0.0189697
-1.587674e-008	0.0123535
-1.585174e-008	0.0232422
-1.582674e-008	0.027832
-1.580174e-008	0.0248535
-1.577674e-008	0.0266358
-1.575174e-008	0.0250977
-1.572674e-008	0.030542
-1.570174e-008	0.0269531
-1.567674e-008	0.013794
-1.565174e-008	0.0261719
-1.562674e-008	0.039209
-1.560174e-008	0.0374024
-1.557674e-008	0.0344971
-1.555174e-008	0.0134277
-1.552674e-008	0.00444337
-1.550174e-008	0.0357666
-1.547674e-008	0.0468262
-1.545174e-008	0.022168
-1.542674e-008	0.0180176
-1.540174e-008	0.0262451
-1.537674e-008	0.00771485
-1.535174e-008	-0.000708
-1.532674e-008	0.0161621
-1.530174e-008	0.0208984
-1.527674e-008	0.0233643
-1.525174e-008	0.0202393
-1.522674e-008	0.0240234
-1.520174e-008	0.0466065
-1.517674e-008	0.0394287
-1.515174e-008	0.0229492
-1.512674e-008	0.0221924
-1.510174e-008	0.0227051
-1.507674e-008	0.0234375
-1.505174e-008	0.0155762
-1.502674e-008	0.0169922
-1.500174e-008	0.0276856
-1.497674e-008	0.0293701
-1.495174e-008	0.0272217
-1.492674e-008	0.0265869
-1.490174e-008	0.0258545
-1.487674e-008	0.0205811
-1.485174e-008	0.0234619
-1.482674e-008	0.030249
-1.480174e-008	0.0293213
-1.477674e-008	0.0307617
-1.475174e-008	0.0292236
-1.472674e-008	0.024585
-1.470174e-008	0.0220459
-1.467674e-008	0.0190674
-1.465174e-008	0.0196289
-1.462674e-008	0.0247803
-1.460174e-008	0.0257324
-1.457674e-008	0.0178955
-1.455174e-008	0.0239014
-1.452674e-008	0.0335205
-1.450174e-008	0.0224609
-1.447674e-008	0.0245361
-1.445174e-008	0.0250977
-1.442674e-008	0.0102295
-1.440174e-008	0.0184082
-1.437674e-008	0.0161865
-1.435174e-008	0.0105225
-1.432674e-008	0.0273682
-1.430174e-008	0.0220947
-1.427674e-008	0.0144531
-1.425174e-008	0.0149902
-1.422674e-008	0.017334
-1.420174e-008	0.0336182
-1.417674e-008	0.0281494
-1.415174e-008	0.0150635
-1.412674e-008	0.019165
-1.410174e-008	0.029126
-1.407674e-008	0.0351563
-1.405174e-008	0.0202149
-1.402674e-008	0.0174072
-1.400174e-008	0.0269043
-1.397674e-008	0.0194824
-1.395174e-008	0.0228272
-1.392674e-008	0.0248535
-1.390174e-008	0.0173096
-1.387674e-008	0.0242676
-1.385174e-008	0.0307129
-1.382674e-008	0.0320313
-1.380174e-008	0.0292481
-1.377674e-008	0.0141113
-1.375174e-008	0.0122803
-1.372674e-008	0.0326904
-1.370174e-008	0.0366455
-1.367674e-008	0.0210449
-1.365174e-008	0.0184326
-1.362674e-008	0.02854
-1.360174e-008	0.0289795
-1.357674e-008	0.0178223
-1.355174e-008	0.0181152
-1.352674e-008	0.0290283
-1.350174e-008	0.0266846
-1.347674e-008	0.0216065
-1.345174e-008	0.026001
-1.342674e-008	0.0178711
-1.340174e-008	0.0118652
-1.337674e-008	0.0280274
-1.335174e-008	0.027832
-1.332674e-008	0.0176758
-1.330174e-008	0.0245117
-1.327674e-008	0.0297852
-1.325174e-008	0.0310059
-1.322674e-008	0.0276367
-1.320174e-008	0.0226563
-1.317674e-008	0.0317871
-1.315174e-008	0.0413574
-1.312674e-008	0.027124
-1.310174e-008	0.0119873
-1.307674e-008	0.0177246
-1.305174e-008	0.0226563
-1.302674e-008	0.0283203
-1.300174e-008	0.0344971
-1.297674e-008	0.0209473
-1.295174e-008	0.0100342
-1.292674e-008	0.0322266
-1.290174e-008	0.0470703
-1.287674e-008	0.0307861
-1.285174e-008	0.026416
-1.282674e-008	0.0330078
-1.280174e-008	0.0371826
-1.277674e-008	0.0306152
-1.275174e-008	0.0180664
-1.272674e-008	0.0256592
-1.270174e-008	0.0239258
-1.267674e-008	0.0237793
-1.265174e-008	0.0398438
-1.262674e-008	0.0314453
-1.260174e-008	0.0223145
-1.257674e-008	0.0239258
-1.255174e-008	0.0120117
-1.252674e-008	0.00766602
-1.250174e-008	0.0183106
-1.247674e-008	0.0195557
-1.245174e-008	0.0246582
-1.242674e-008	0.0455811
-1.240174e-008	0.0392822
-1.237674e-008	0.0102295
-1.235174e-008	0.00944825
-1.232674e-008	0.0287109
-1.230174e-008	0.0335693
-1.227674e-008	0.0231445
-1.225174e-008	0.0182373
-1.222674e-008	0.0220215
-1.220174e-008	0.0253174
-1.217674e-008	0.0261719
-1.215174e-008	0.0203613
-1.212674e-008	0.0206543
-1.210174e-008	0.0293945
-1.207674e-008	0.0308838
-1.205174e-008	0.0303955
-1.202674e-008	0.0266113
-1.200174e-008	0.0235107
-1.197674e-008	0.0236572
-1.195174e-008	0.0167481
-1.192674e-008	0.0168701
-1.190174e-008	0.0278809
-1.187674e-008	0.0345459
-1.185174e-008	0.0279297
-1.182674e-008	0.0244141
-1.180174e-008	0.0270508
-1.177674e-008	0.0141357
-1.175174e-008	0.0175537
-1.172674e-008	0.032959
-1.170174e-008	0.0250488
-1.167674e-008	0.0271973
-1.165174e-008	0.0297363
-1.162674e-008	0.0157227
-1.160174e-008	0.0152832
-1.157674e-008	0.0182617
-1.155174e-008	0.0158203
-1.152674e-008	0.0185791
-1.150174e-008	0.024585
-1.147674e-008	0.0306152
-1.145174e-008	0.0266358
-1.142674e-008	0.0246338
-1.140174e-008	0.0362305
-1.137674e-008	0.0270264
-1.135174e-008	0.00856934
-1.132674e-008	0.0128906
-1.130174e-008	0.02146
-1.127674e-008	0.0358154
-1.125174e-008	0.0405274
-1.122674e-008	0.0258057
-1.120174e-008	0.0240234
-1.117674e-008	0.0227539
-1.115174e-008	0.0200928
-1.112674e-008	0.0308838
-1.110174e-008	0.0296387
-1.107674e-008	0.0142822
-1.105174e-008	0.0114258
-1.102674e-008	0.0280029
-1.100174e-008	0.0349854
-1.097674e-008	0.0192627
-1.095174e-008	0.0143311
-1.092674e-008	0.0173096
-1.090174e-008	0.0103272
-1.087674e-008	0.0175537
-1.085174e-008	0.0306641
-1.082674e-008	0.0347412
-1.080174e-008	0.0364014
-1.077674e-008	0.0262695
-1.075174e-008	0.0258301
-1.072674e-008	0.0304443
-1.070174e-008	0.0172852
-1.067674e-008	0.0177979
-1.065174e-008	0.022583
-1.062674e-008	0.0188965
-1.060174e-008	0.0182861
-1.057674e-008	0.0106445
-1.055174e-008	0.0131104
-1.052674e-008	0.0164795
-1.050174e-008	0.00434571
-1.047674e-008	0.00478516
-1.045174e-008	0.0186279
-1.042674e-008	0.0360352
-1.040174e-008	0.0416016
-1.037674e-008	0.0229492
-1.035174e-008	0.0204834
-1.032674e-008	0.0258057
-1.030174e-008	0.0133301
-1.027674e-008	0.0239502
-1.025174e-008	0.0269287
-1.022674e-008	0.012207
-1.020174e-008	0.0258057
-1.017674e-008	0.0157471
-1.015174e-008	0.000292976
-1.012674e-008	0.0237305
-1.010174e-008	0.0347168
-1.007674e-008	0.0329102
-1.005174e-008	0.02229
-1.002674e-008	0.0138672
-1.000174e-008	0.0220947
-9.97674e-009	0.0166992
-9.95174e-009	0.0213623
-9.92674e-009	0.0341309
-9.90174e-009	0.0269043
-9.87674e-009	0.0218262
-9.85174e-009	0.0169922
-9.82674e-009	0.0217285
-9.80174e-009	0.0371826
-9.77674e-009	0.030127
-9.75174e-009	0.0202637
-9.72674e-009	0.024292
-9.70174e-009	0.0212158
-9.67674e-009	0.0224121
-9.65174e-009	0.0295166
-9.62674e-009	0.0332031
-9.60174e-009	0.0424805
-9.57674e-009	0.0326904
-9.55174e-009	0.0230957
-9.52674e-009	0.0348877
-9.50174e-009	0.0274658
-9.47674e-009	0.0254639
-9.45174e-009	0.0241455
-9.42674e-009	0.0124268
-9.40174e-009	0.0334961
-9.37674e-009	0.0413574
-9.35174e-009	0.0257324
-9.32674e-009	0.0278076
-9.30174e-009	0.0289063
-9.27674e-009	0.0285156
-9.25174e-009	0.026001
-9.22674e-009	0.0229004
-9.20174e-009	0.0326904
-9.17674e-009	0.0239258
-9.15174e-009	0.0060547
-9.12674e-009	0.0196289
-9.10174e-009	0.0322754
-9.07674e-009	0.0268799
-9.05174e-009	0.0191895
-9.02674e-009	0.00991212
-9.00174e-009	0.015625
-8.97674e-009	0.0272461
-8.95174e-009	0.0283936
-8.92674e-009	0.0271729
-8.90174e-009	0.024292
-8.87674e-009	0.0255615
-8.85174e-009	0.0274902
-8.82674e-009	0.018457
-8.80174e-009	0.0174072
-8.77674e-009	0.0268555
-8.75174e-009	0.0245361
-8.72674e-009	0.0198731
-8.70174e-009	0.0187012
-8.67674e-009	0.0171631
-8.65174e-009	0.0167236
-8.62674e-009	0.0277832
-8.60174e-009	0.0395264
-8.57674e-009	0.0224609
-8.55174e-009	0.023584
-8.52674e-009	0.041333
-8.50174e-009	0.0199219
-8.47674e-009	0.0110352
-8.45174e-009	0.0290039
-8.42674e-009	0.0320557
-8.40174e-009	0.0231201
-8.37674e-009	0.00798341
-8.35174e-009	0.0138672
-8.32674e-009	0.0354736
-8.30174e-009	0.0269531
-8.27674e-009	0.0186035
-8.25174e-009	0.0290283
-8.22674e-009	0.0297852
-8.20174e-009	0.0312256
-8.17674e-009	0.0241943
-8.15174e-009	0.0152344
-8.12674e-009	0.020166
-8.10174e-009	0.0154541
-8.07674e-009	0.0209961
-8.05174e-009	0.0352783
-8.02674e-009	0.0350342
-8.00174e-009	0.0321533
-7.97674e-009	0.0220947
-7.95174e-009	0.0181641
-7.92674e-009	0.0178223
-7.90174e-009	0.00910645
-7.87674e-009	0.0243408
-7.85174e-009	0.037085
-7.82674e-009	0.0281738
-7.80174e-009	0.0343018
-7.77674e-009	0.0300537
-7.75174e-009	0.0167969
-7.72674e-009	0.0216065
-7.70174e-009	0.0220947
-7.67674e-009	0.0189209
-7.65174e-009	0.0206787
-7.62674e-009	0.0241455
-7.60174e-009	0.0186279
-7.57674e-009	0.0189941
-7.55174e-009	0.0305664
-7.52674e-009	0.023291
-7.50174e-009	0.0233887
-7.47674e-009	0.0252686
-7.45174e-009	0.0171387
-7.42674e-009	0.0311279
-7.40174e-009	0.0276123
-7.37674e-009	0.00649415
-7.35174e-009	0.0134033
-7.32674e-009	0.0224609
-7.30174e-009	0.0216553
-7.27674e-009	0.0229248
-7.25174e-009	0.0181885
-7.22674e-009	0.019458
-7.20174e-009	0.0239502
-7.17674e-009	0.0174805
-7.15174e-009	0.0202637
-7.12674e-009	0.0189941
-7.10174e-009	0.0140869
-7.07674e-009	0.029834
-7.05174e-009	0.0234863
-7.02674e-009	0.0131104
-7.00174e-009	0.0278565
-6.97674e-009	0.0182861
-6.95174e-009	0.0144287
-6.92674e-009	0.026416
-6.90174e-009	0.0168701
-6.87674e-009	0.0199463
-6.85174e-009	0.024707
-6.82674e-009	0.0161133
-6.80174e-009	0.0262451
-6.77674e-009	0.0243897
-6.75174e-009	0.00344239
-6.72674e-009	0.00935059
-6.70174e-009	0.018335
-6.67674e-009	0.00358887
-6.65174e-009	0.00410157
-6.62674e-009	0.0305664
-6.60174e-009	0.038501
-6.57674e-009	0.0178223
-6.55174e-009	0.0119141
-6.52674e-009	0.0181152
-6.50174e-009	0.020044
-6.47674e-009	0.0337647
-6.45174e-009	0.0296143
-6.42674e-009	0.0110107
-6.40174e-009	0.0140625
-6.37674e-009	0.0178467
-6.35174e-009	0.0213379
-6.32674e-009	0.0186768
-6.30174e-009	0.00671387
-6.27674e-009	0.0129639
-6.25174e-009	0.0189209
-6.22674e-009	0.0303223
-6.20174e-009	0.035669
-6.17674e-009	0.0102295
-6.15174e-009	0.015918
-6.12674e-009	0.0377441
-6.10174e-009	0.0272949
-6.07674e-009	0.0108154
-6.05174e-009	0.0091797
-6.02674e-009	0.0257813
-6.00174e-009	0.0192139
-5.97674e-009	0.00290528
-5.95174e-009	0.0238281
-5.92674e-009	0.023291
-5.90174e-009	0.00126954
-5.87674e-009	0.0171875
-5.85174e-009	0.0348633
-5.82674e-009	0.0330078
-5.80174e-009	0.0276123
-5.77674e-009	0.0145264
-5.75174e-009	0.0165527
-5.72674e-009	0.0233887
-5.70174e-009	0.0223389
-5.67674e-009	0.0314209
-5.65174e-009	0.0206787
-5.62674e-009	0.0160889
-5.60174e-009	0.0307373
-5.57674e-009	0.0158447
-5.55174e-009	0.0116455
-5.52674e-009	0.0232666
-5.50174e-009	0.0209961
-5.47674e-009	0.0267822
-5.45174e-009	0.0201416
-5.42674e-009	0.0179932
-5.40174e-009	0.0329102
-5.37674e-009	0.0188232
-5.35174e-009	0.0130859
-5.32674e-009	0.0211182
-5.30174e-009	0.0140381
-5.27674e-009	0.0248535
-5.25174e-009	0.0264404
-5.22674e-009	0.0174316
-5.20174e-009	0.03125
-5.17674e-009	0.0322754
-5.15174e-009	0.0205566
-5.12674e-009	0.0237793
-5.10174e-009	0.0281983
-5.07674e-009	0.0265137
-5.05174e-009	0.0199463
-5.02674e-009	0.00908204
-5.00174e-009	0.00920411
-4.97674e-009	0.00773927
-4.95174e-009	0.00595704
-4.92674e-009	0.0225342
-4.90174e-009	0.0268799
-4.87674e-009	0.0144043
-4.85174e-009	0.00910645
-4.82674e-009	0.0210693
-4.80174e-009	0.028418
-4.77674e-009	0.0146973
-4.75174e-009	0.0152588
-4.72674e-009	0.0187988
-4.70174e-009	0.0179932
-4.67674e-009	0.0329102
-4.65174e-009	0.0311768
-4.62674e-009	0.0203125
-4.60174e-009	0.0283936
-4.57674e-009	0.0320557
-4.55174e-009	0.0306641
-4.52674e-009	0.0334717
-4.50174e-009	0.0224121
-4.47674e-009	0.0195068
-4.45174e-009	0.0339844
-4.42674e-009	0.0337158
-4.40174e-009	0.027124
-4.37674e-009	0.0108643
-4.35174e-009	0.00463868
-4.32674e-009	0.0315918
-4.30174e-009	0.0325195
-4.27674e-009	0.0216553
-4.25174e-009	0.0316895
-4.22674e-009	0.0250733
-4.20174e-009	0.0231934
-4.17674e-009	0.0351318
-4.15174e-009	0.025708
-4.12674e-009	0.0165772
-4.10174e-009	0.0236572
-4.07674e-009	0.0260986
-4.05174e-009	0.0248047
-4.02674e-009	0.0220947
-4.00174e-009	0.0193359
-3.97674e-009	0.0232666
-3.95174e-009	0.0201416
-3.92674e-009	0.0150391
-3.90174e-009	0.0199707
-3.87674e-009	0.0249756
-3.85174e-009	0.0273926
-3.82674e-009	0.0245361
-3.80174e-009	0.0130859
-3.77674e-009	0.0128662
-3.75174e-009	0.0250244
-3.72674e-009	0.0210449
-3.70174e-009	0.0185547
-3.67674e-009	0.0236816
-3.65174e-009	0.0191162
-3.62674e-009	0.0299561
-3.60174e-009	0.033374
-3.57674e-009	0.0143066
-3.55174e-009	0.0160156
-3.52674e-009	0.0263916
-3.50174e-009	0.0230713
-3.47674e-009	0.0238525
-3.45174e-009	0.0262451
-3.42674e-009	0.0288086
-3.40174e-009	0.033374
-3.37674e-009	0.0182373
-3.35174e-009	0.0129639
-3.32674e-009	0.0313233
-3.30174e-009	0.0243897
-3.27674e-009	0.0177979
-3.25174e-009	0.0299072
-3.22674e-009	0.0266846
-3.20174e-009	0.0242188
-3.17674e-009	0.0224121
-3.15174e-009	0.0168457
-3.12674e-009	0.0267822
-3.10174e-009	0.0319824
-3.07674e-009	0.033667
-3.05174e-009	0.0334961
-3.02674e-009	0.0203125
-3.00174e-009	0.0214844
-2.97674e-009	0.0246826
-2.95174e-009	0.0248779
-2.92674e-009	0.0290772
-2.90174e-009	0.018457
-2.87674e-009	0.010791
-2.85174e-009	0.00273438
-2.82674e-009	0.0105469
-2.80174e-009	0.0297363
-2.77674e-009	0.0136231
-2.75174e-009	0.0179443
-2.72674e-009	0.0408691
-2.70174e-009	0.0265625
-2.67674e-009	0.016919
-2.65174e-009	0.0173096
-2.62674e-009	0.0249512
-2.60174e-009	0.0421387
-2.57674e-009	0.0307373
-2.55174e-009	0.0182617
-2.52674e-009	0.0202393
-2.50174e-009	0.0143555
-2.47674e-009	0.022876
-2.45174e-009	0.0275391
-2.42674e-009	0.0245117
-2.40174e-009	0.0455811
-2.37674e-009	0.042627
-2.35174e-009	0.0194336
-2.32674e-009	0.0234619
-2.30174e-009	0.0255615
-2.27674e-009	0.0269043
-2.25174e-009	0.02771
-2.22674e-009	0.0212891
-2.20174e-009	0.0309082
-2.17674e-009	0.0275391
-2.15174e-009	0.0166748
-2.12674e-009	0.0263428
-2.10174e-009	0.0250488
-2.07674e-009	0.00769044
-2.05174e-009	0.00305177
-2.02674e-009	0.0224121
-2.00174e-009	0.0298096
-1.97674e-009	0.0139649
-1.95174e-009	0.0207031
-1.92674e-009	0.0336914
-1.90174e-009	0.0247559
-1.87674e-009	0.0179443
-1.85174e-009	0.0171387
-1.82674e-009	0.0229248
-1.80174e-009	0.0272705
-1.77674e-009	0.0199707
-1.75174e-009	0.0267822
-1.72674e-009	0.0331299
-1.70174e-009	0.0216797
-1.67674e-009	0.0240723
-1.65174e-009	0.0263428
-1.62674e-009	0.0265625
-1.60174e-009	0.0400147
-1.57674e-009	0.0272705
-1.55174e-009	0.0153809
-1.52674e-009	0.0297852
-1.50174e-009	0.0269775
-1.47674e-009	0.0227295
-1.45174e-009	0.0253906
-1.42674e-009	0.0295654
-1.40174e-009	0.040625
-1.37674e-009	0.0303955
-1.35174e-009	0.0150879
-1.32674e-009	0.0135254
-1.30174e-009	0.0162109
-1.27674e-009	0.0283447
-1.25174e-009	0.0313721
-1.22674e-009	0.0274414
-1.20174e-009	0.0325928
-1.17674e-009	0.0296875
-1.15174e-009	0.0262207
-1.12674e-009	0.0306641
-1.10174e-009	0.0324707
-1.07674e-009	0.0332031
-1.05174e-009	0.0333984
-1.02674e-009	0.0320068
-1.00174e-009	0.0290772
-9.767401e-010	0.0303955
-9.517401e-010	0.0255615
-9.267401e-010	0.0197998
-9.017401e-010	0.0292725
-8.767401e-010	0.0224609
-8.517401e-010	0.0102783
-8.267401e-010	0.0217774
-8.017401e-010	0.0325928
-7.767401e-010	0.0311279
-7.517401e-010	0.0249512
-7.267401e-010	0.0208984
-7.017401e-010	0.0223877
-6.767401e-010	0.0248779
-6.517401e-010	0.026709
-6.267401e-010	0.0260254
-6.017401e-010	0.0166992
-5.767401e-010	0.0180664
-5.517401e-010	0.0269043
-5.267401e-010	0.0101563
-5.017401e-010	0.00307618
-4.767401e-010	0.0167725
-4.517401e-010	0.00893555
-4.267401e-010	0.00895997
-4.017401e-010	0.029126
-3.767401e-010	0.0192871
-3.517401e-010	0.00129395
-3.267401e-010	0.0074463
-3.017401e-010	0.00593262
-2.767401e-010	-0.00480956
-2.517401e-010	-0.0166504
-2.267401e-010	-0.0308105
-2.017401e-010	-0.0409424
-1.767401e-010	-0.0462891
-1.517401e-010	-0.0544434
-1.267401e-010	-0.0852051
-1.017401e-010	-0.126416
-7.674006e-011	-0.15564
-5.174006e-011	-0.174048
-2.674006e-011	-0.194458
-1.740057e-012	-0.245215
2.325994e-011	-0.311206
4.825994e-011	-0.345068
7.325994e-011	-0.381787
9.825994e-011	-0.447949
1.232599e-010	-0.487744
1.482599e-010	-0.52627
1.732599e-010	-0.598853
1.982599e-010	-0.654541
2.232599e-010	-0.688965
2.482599e-010	-0.72981
2.732599e-010	-0.779663
2.982599e-010	-0.833545
3.232599e-010	-0.869238
3.482599e-010	-0.869092
3.732599e-010	-0.860352
3.982599e-010	-0.875635
4.232599e-010	-0.893188
4.482599e-010	-0.883203
4.732599e-010	-0.861255
4.982599e-010	-0.834277
5.232599e-010	-0.796118
5.482599e-010	-0.767896
5.732599e-010	-0.734766
5.982599e-010	-0.680542
6.232599e-010	-0.634619
6.482599e-010	-0.575952
6.732599e-010	-0.498218
6.982599e-010	-0.457373
7.232599e-010	-0.424707
7.482599e-010	-0.354443
7.732599e-010	-0.294092
7.982599e-010	-0.255151
8.232599e-010	-0.212402
8.482599e-010	-0.170361
8.732599e-010	-0.129175
8.982599e-010	-0.0911621
9.232599e-010	-0.0608398
9.482599e-010	-0.0456299
9.732599e-010	-0.0321289
9.982599e-010	-0.00402831
1.02326e-009	0.0175781
1.04826e-009	0.0395996
1.07326e-009	0.05979
1.09826e-009	0.0522949
1.12326e-009	0.0450195
1.14826e-009	0.0516602
1.17326e-009	0.067627
1.19826e-009	0.08479
1.22326e-009	0.0773193
1.24826e-009	0.0806152
1.27326e-009	0.106226
1.29826e-009	0.104175
1.32326e-009	0.0935059
1.34826e-009	0.102368
1.37326e-009	0.106006
1.39826e-009	0.098999
1.42326e-009	0.0924561
1.44826e-009	0.0937988
1.47326e-009	0.088501
1.49826e-009	0.0703369
1.52326e-009	0.0657959
1.54826e-009	0.056543
1.57326e-009	0.04646
1.59826e-009	0.0546875
1.62326e-009	0.0426025
1.64826e-009	0.0227295
1.67326e-009	0.0170166
1.69826e-009	0.0139404
1.72326e-009	0.00561524
1.74826e-009	-0.00998534
1.77326e-009	-0.00964355
1.79826e-009	-0.00908202
1.82326e-009	-0.0221191
1.84826e-009	-0.0230957
1.87326e-009	-0.0181641
1.89826e-009	-0.0166016
1.92326e-009	-0.0135498
1.94826e-009	-0.010791
1.97326e-009	-0.0145019
1.99826e-009	-0.021582
2.02326e-009	-0.0167725
2.04826e-009	-0.00988769
2.07326e-009	-0.0122803
2.09826e-009	-0.00324706
2.12326e-009	-0.00231933
2.14826e-009	-0.021875
2.17326e-009	-0.0108398
2.19826e-009	0.015332
2.22326e-009	0.0248291
2.24826e-009	0.0258301
2.27326e-009	0.0106445
2.29826e-009	0.00673829
2.32326e-009	0.0193604
2.34826e-009	0.0200684
2.37326e-009	0.0266846
2.39826e-009	0.0351563
2.42326e-009	0.0281738
2.44826e-009	0.0343018
2.47326e-009	0.0434082
2.49826e-009	0.0331543
2.52326e-009	0.0338379
2.54826e-009	0.0373779
2.57326e-009	0.0313477
2.59826e-009	0.036792
2.62326e-009	0.0429199
2.64826e-009	0.0343994
2.67326e-009	0.0260498
2.69826e-009	0.0309082
2.72326e-009	0.0328369
2.74826e-009	0.0307617
2.77326e-009	0.0340332
2.79826e-009	0.0289551
2.82326e-009	0.0177979
2.84826e-009	0.011499
2.87326e-009	0.012793
2.89826e-009	0.0170899
2.92326e-009	0.0197022
2.94826e-009	0.0206055
2.97326e-009	0.0110596
2.99826e-009	0.00688477
3.02326e-009	0.0177979
3.04826e-009	0.0126709
3.07326e-009	-0.00046386
3.09826e-009	0.00444337
3.12326e-009	0.0105713
3.14826e-009	0.00424805
3.17326e-009	-0.00327148
3.19826e-009	-0.000292961
3.22326e-009	0.00751954
3.24826e-009	0.00834962
3.27326e-009	0.00939942
3.29826e-009	0.0208984
3.32326e-009	0.0320801
3.34826e-009	0.0377197
3.37326e-009	0.0402832
3.39826e-009	0.0293213
3.42326e-009	0.0230225
3.44826e-009	0.0355957
3.47326e-009	0.0360596
3.49826e-009	0.0286621
3.52326e-009	0.0438233
3.54826e-009	0.0603272
3.57326e-009	0.0523438
3.59826e-009	0.038501
3.62326e-009	0.0408936
3.64826e-009	0.0522217
3.67326e-009	0.044165
3.69826e-009	0.0315674
3.72326e-009	0.0373779
3.74826e-009	0.030249
3.77326e-009	0.022583
3.79826e-009	0.0248535
3.82326e-009	0.0106445
3.84826e-009	0.00126954
3.87326e-009	0.000756843
3.89826e-009	0.00458985
3.92326e-009	0.00339356
3.94826e-009	-0.0125244
3.97326e-009	-0.0127197
3.99826e-009	-0.0196533
4.02326e-009	-0.0327881
4.04826e-009	-0.0154297
4.07326e-009	-0.00498046
4.09826e-009	-0.00822753
4.12326e-009	-0.0138184
4.14826e-009	-0.0357666
4.17326e-009	-0.0338379
4.19826e-009	-0.00791015
4.22326e-009	-0.00754394
4.24826e-009	-0.0041748
4.27326e-009	0.00563966
4.29826e-009	-0.00739745
4.32326e-009	-0.00395507
4.34826e-009	0.0112061
4.37326e-009	0.0209961
4.39826e-009	0.033667
4.42326e-009	0.0223389
4.44826e-009	0.0201904
4.47326e-009	0.0409668
4.49826e-009	0.0452149
4.52326e-009	0.0511475
4.54826e-009	0.0559082
4.57326e-009	0.0572998
4.59826e-009	0.0726807
4.62326e-009	0.0740479
4.64826e-009	0.0704102
4.67326e-009	0.0741943
4.69826e-009	0.0576904
4.72326e-009	0.0486084
4.74826e-009	0.0611084
4.77326e-009	0.0610108
4.79826e-009	0.0592774
4.82326e-009	0.0585938
4.84826e-009	0.0386963
4.87326e-009	0.0213135
4.89826e-009	0.0269287
4.92326e-009	0.0344238
4.94826e-009	0.0210693
4.97326e-009	0.00766602
4.99826e-009	0.0135986
5.02326e-009	0.00913087
5.04826e-009	-0.00798339
5.07326e-009	-0.00510253
5.09826e-009	0.0044922
5.12326e-009	-0.00646972
5.14826e-009	-0.0181396
5.17326e-009	-0.0129883
5.19826e-009	-0.00854491
5.22326e-009	-0.0116211
5.24826e-009	-0.0184814
5.27326e-009	-0.0155762
5.29826e-009	-0.00847167
5.32326e-009	-0.0187744
5.34826e-009	-0.0180176
5.37326e-009	-0.00290527
5.39826e-009	-0.00332031
5.42326e-009	-0.0099121
5.44826e-009	-0.00397948
5.47326e-009	0.0104981
5.49826e-009	0.00871583
5.52326e-009	-0.000146477
5.54826e-009	0.00361329
5.57326e-009	0.00747071
5.59826e-009	0.00810548
5.62326e-009	0.00683595
5.64826e-009	0.0111572
5.67326e-009	0.0308594
5.69826e-009	0.0417725
5.72326e-009	0.0257324
5.74826e-009	0.0255859
5.77326e-009	0.0456787
5.79826e-009	0.0342774
5.82326e-009	0.0218994
5.84826e-009	0.0333252
5.87326e-009	0.0338867
5.89826e-009	0.0344971
5.92326e-009	0.045752
5.94826e-009	0.0598633
5.97326e-009	0.0636475
5.99826e-009	0.0449707
6.02326e-009	0.0356934
6.04826e-009	0.0412598
6.07326e-009	0.0429932
6.09826e-009	0.0456543
6.12326e-009	0.0348633
6.14826e-009	0.0299561
6.17326e-009	0.0547363
6.19826e-009	0.0562012
6.22326e-009	0.0267334
6.24826e-009	0.0210205
6.27326e-009	0.0236328
6.29826e-009	0.00786134
6.32326e-009	0.00490723
6.34826e-009	0.0132813
6.37326e-009	0.0155274
6.39826e-009	0.0208008
6.42326e-009	0.0182373
6.44826e-009	0.00798341
6.47326e-009	0.00478516
6.49826e-009	-0.00524902
6.52326e-009	-0.00854491
6.54826e-009	-0.00510253
6.57326e-009	-0.0233643
6.59826e-009	-0.0182617
6.62326e-009	-0.00722656
6.64826e-009	-0.0157715
6.67326e-009	0.0101074
6.69826e-009	0.00590821
6.72326e-009	-0.0192139
6.74826e-009	0.00568848
6.77326e-009	0.0167481
6.79826e-009	0.00764161
6.82326e-009	0.00175782
6.84826e-009	0.00754395
6.87326e-009	0.0178711
6.89826e-009	0.00983887
6.92326e-009	0.0184815
6.94826e-009	0.0225098
6.97326e-009	0.00932618
6.99826e-009	0.0195068
7.02326e-009	0.0303711
7.04826e-009	0.0240479
7.07326e-009	0.0177246
7.09826e-009	0.0300049
7.12326e-009	0.0438721
7.14826e-009	0.0312744
7.17326e-009	0.0290527
7.19826e-009	0.037793
7.22326e-009	0.02854
7.24826e-009	0.036792
7.27326e-009	0.0495606
7.29826e-009	0.0328858
7.32326e-009	0.0219727
7.34826e-009	0.0227783
7.37326e-009	0.0272705
7.39826e-009	0.0352783
7.42326e-009	0.0213623
7.44826e-009	0.0118164
7.47326e-009	0.0197022
7.49826e-009	0.0155029
7.52326e-009	0.021875
7.54826e-009	0.0298096
7.57326e-009	0.0269287
7.59826e-009	0.0227295
7.62326e-009	-0.00322265
7.64826e-009	-0.0057373
7.67326e-009	0.0196289
7.69826e-009	0.0181152
7.72326e-009	0.00666505
7.74826e-009	-0.000781243
7.77326e-009	0.0109375
7.79826e-009	0.0222412
7.82326e-009	-0.00427245
7.84826e-009	-0.00275878
7.87326e-009	0.0257813
7.89826e-009	0.0185791
7.92326e-009	0.0177734
7.94826e-009	0.0271484
7.97326e-009	0.0251465
7.99826e-009	0.0371094
8.02326e-009	0.0329346
8.04826e-009	0.0253906
8.07326e-009	0.04729
8.09826e-009	0.0509522
8.12326e-009	0.0361328
8.14826e-009	0.0256836
8.17326e-009	0.0248047
8.19826e-009	0.0322266
8.22326e-009	0.0256104
8.24826e-009	0.0338135
8.27326e-009	0.0498047
8.29826e-009	0.0348145
8.32326e-009	0.0274658
8.34826e-009	0.0266846
8.37326e-009	0.0176025
8.39826e-009	0.019165
8.42326e-009	0.0129639
8.44826e-009	0.00939942
8.47326e-009	0.0192139
8.49826e-009	0.0215576
8.52326e-009	0.0152344
8.54826e-009	0.00993653
8.57326e-009	0.0100098
8.59826e-009	-0.00146484
8.62326e-009	0.000170906
8.64826e-009	0.0146973
8.67326e-009	-0.00158691
8.69826e-009	-0.00195312
8.72326e-009	0.00454102
8.74826e-009	-0.0182129
8.77326e-009	-0.00312499
8.79826e-009	0.02854
8.82326e-009	0.00747071
8.84826e-009	-0.0103516
8.87326e-009	0.0143799
8.89826e-009	0.0233887
8.92326e-009	0.0158447
8.94826e-009	0.020044
8.97326e-009	0.0257324
8.99826e-009	0.027002
9.02326e-009	0.0169434
9.04826e-009	0.0201172
9.07326e-009	0.0296631
9.09826e-009	0.0281006
9.12326e-009	0.0444092
9.14826e-009	0.0469238
9.17326e-009	0.0397217
9.19826e-009	0.0611572
9.22326e-009	0.0505615
9.24826e-009	0.0213379
9.27326e-009	0.0356934
9.29826e-009	0.0502686
9.32326e-009	0.0499512
9.34826e-009	0.0505615
9.37326e-009	0.0556152
9.39826e-009	0.0534424
9.42326e-009	0.0244629
9.44826e-009	0.0210449
9.47326e-009	0.0322998
9.49826e-009	0.0251221
9.52326e-009	0.0324951
9.54826e-009	0.0317383
9.57326e-009	0.0308106
9.59826e-009	0.0357422
9.62326e-009	0.02146
9.64826e-009	0.0110107
9.67326e-009	0.000561531
9.69826e-009	-0.000756828
9.72326e-009	0.0165527
9.74826e-009	0.0127686
9.77326e-009	-0.00861816
9.79826e-009	-0.0119629
9.82326e-009	-0.00959472
9.84826e-009	-0.0106445
9.87326e-009	0.00219727
9.89826e-009	0.00458985
9.92326e-009	-0.00270995
9.94826e-009	-0.00297851
9.97326e-009	-0.00432128
9.99826e-009	0.00522462
1.002326e-008	0.00371095
1.004826e-008	-0.00146484
1.007326e-008	0.0149658
1.009826e-008	0.0177002
1.012326e-008	0.00915528
1.014826e-008	0.0119873
1.017326e-008	0.0257324
1.019826e-008	0.0303711
1.022326e-008	0.0202881
1.024826e-008	0.027417
1.027326e-008	0.0324463
1.029826e-008	0.0221924
1.032326e-008	0.0295654
1.034826e-008	0.0402832
1.037326e-008	0.041919
1.039826e-008	0.0522949
1.042326e-008	0.0545166
1.044826e-008	0.0409424
1.047326e-008	0.038208
1.049826e-008	0.0460205
1.052326e-008	0.0494873
1.054826e-008	0.0417236
1.057326e-008	0.0350586
1.059826e-008	0.0443359
1.062326e-008	0.0506592
1.064826e-008	0.0480225
1.067326e-008	0.040918
1.069826e-008	0.0312744
1.072326e-008	0.0371338
1.074826e-008	0.0375733
1.077326e-008	0.0166016
1.079826e-008	0.0180908
1.082326e-008	0.0312012
1.084826e-008	0.0211914
1.087326e-008	0.0128662
1.089826e-008	0.014917
1.092326e-008	0.0142334
1.094826e-008	0.00341798
1.097326e-008	0.00568848
1.099826e-008	0.0263428
1.102326e-008	0.0272217
1.104826e-008	0.0147217
1.107326e-008	-0.00964355
1.109826e-008	-0.020166
1.112326e-008	0.0102783
1.114826e-008	0.0217529
1.117326e-008	0.00854493
1.119826e-008	0.00485841
1.122326e-008	-0.00058593
1.124826e-008	-0.00927734
1.127326e-008	0.00527345
1.129826e-008	0.0170899
1.132326e-008	-0.00375976
1.134826e-008	-0.00258788
1.137326e-008	0.00869141
1.139826e-008	0.00646973
1.142326e-008	0.00854493
1.144826e-008	-0.000830071
1.147326e-008	0.00488282
1.149826e-008	0.0171143
1.152326e-008	0.0109131
1.154826e-008	0.00930177
1.157326e-008	0.0134522
1.159826e-008	0.0154297
1.162326e-008	0.00419923
1.164826e-008	0.00290528
1.167326e-008	0.0147461
1.169826e-008	0.00964356
1.172326e-008	0.0112305
1.174826e-008	0.0130859
1.177326e-008	0.0020752
1.179826e-008	0.0069336
1.182326e-008	0.0125732
1.184826e-008	0.0105957
1.187326e-008	0.0167725
1.189826e-008	0.0162109
1.192326e-008	0.0130615
1.194826e-008	0.0105957
1.197326e-008	0.00312501
1.199826e-008	0.00969239
1.202326e-008	0.0144531
1.204826e-008	0.014624
1.207326e-008	0.0202149
1.209826e-008	0.0106445
1.212326e-008	0.00427247
1.214826e-008	0.0105713
1.217326e-008	0.0268066
1.219826e-008	0.0403565
1.222326e-008	0.0255371
1.224826e-008	0.0136231
1.227326e-008	0.0100342
1.229826e-008	0.0131348
1.232326e-008	0.0337158
1.234826e-008	0.0357178
1.237326e-008	0.0295654
1.239826e-008	0.0338135
1.242326e-008	0.0364258
1.244826e-008	0.0480469
1.247326e-008	0.0508057
1.249826e-008	0.0354004
1.252326e-008	0.030542
1.254826e-008	0.0349121
1.257326e-008	0.0374756
1.259826e-008	0.0475342
1.262326e-008	0.0584717
1.264826e-008	0.0463379
1.267326e-008	0.0313233
1.269826e-008	0.0416992
1.272326e-008	0.0427246
1.274826e-008	0.0352539
1.277326e-008	0.0443115
1.279826e-008	0.0407715
1.282326e-008	0.0240967
1.284826e-008	0.0285889
1.287326e-008	0.0417481
1.289826e-008	0.0258301
1.292326e-008	0.0177246
1.294826e-008	0.0362305
1.297326e-008	0.0336914
1.299826e-008	0.0232666
1.302326e-008	0.014502
1.304826e-008	0.0116699
1.307326e-008	0.0245117
1.309826e-008	0.0150879
1.312326e-008	0.00473634
1.314826e-008	0.0146973
1.317326e-008	0.0110596
1.319826e-008	0.0043213
1.322326e-008	-0.0055664
1.324826e-008	-0.00942382
1.327326e-008	0.00898438
1.329826e-008	0.0038086
1.332326e-008	-0.00363769
1.334826e-008	0.00859376
1.337326e-008	0.0139404
1.339826e-008	0.0236328
1.342326e-008	0.0176514
1.344826e-008	0.0107422
1.347326e-008	0.0209229
1.349826e-008	0.027417
1.352326e-008	0.0323486
1.354826e-008	0.0283447
1.357326e-008	0.032959
1.359826e-008	0.038501
1.362326e-008	0.0364502
1.364826e-008	0.0397705
1.367326e-008	0.0332764
1.369826e-008	0.0388916
1.372326e-008	0.0454102
1.374826e-008	0.0368652
1.377326e-008	0.0371338
1.379826e-008	0.0335449
1.382326e-008	0.0269043
1.384826e-008	0.0274414
1.387326e-008	0.0372559
1.389826e-008	0.0443848
1.392326e-008	0.033374
1.394826e-008	0.0255615
1.397326e-008	0.0249512
1.399826e-008	0.0323975
1.402326e-008	0.0445313
1.404826e-008	0.0325684
1.407326e-008	0.0197022
1.409826e-008	0.0211914
1.412326e-008	0.0224121
1.414826e-008	0.0263916
1.417326e-008	0.0117676
1.419826e-008	-0.00336913
1.422326e-008	0.00437012
1.424826e-008	0.00788575
1.427326e-008	0.00549317
1.429826e-008	-0.00300292
1.432326e-008	-0.00180663
1.434826e-008	0.0120606
1.437326e-008	0.0151611
1.439826e-008	0.00778809
1.442326e-008	-0.00986327
1.444826e-008	-0.0043457
1.447326e-008	0.00920411
1.449826e-008	0.000219734
1.452326e-008	0.00107423
1.454826e-008	-0.00461425
1.457326e-008	-0.00258788
1.459826e-008	0.0205811
1.462326e-008	0.0168701
1.464826e-008	0.0107178
1.467326e-008	0.0212158
1.469826e-008	0.02146
1.472326e-008	0.0320068
1.474826e-008	0.0439697
1.477326e-008	0.0273193
1.479826e-008	0.0234375
1.482326e-008	0.0303467
1.484826e-008	0.0255859
1.487326e-008	0.0355469
1.489826e-008	0.0341309
1.492326e-008	0.0249512
1.494826e-008	0.0404297
1.497326e-008	0.0442139
1.499826e-008	0.0404541
1.502326e-008	0.052832
1.504826e-008	0.0487793
1.507326e-008	0.0347168
1.509826e-008	0.0317871
1.512326e-008	0.0331543
1.514826e-008	0.0392822
1.517326e-008	0.0335449
1.519826e-008	0.0279297
1.522326e-008	0.0303955
1.524826e-008	0.0192871
1.527326e-008	0.0156006
1.529826e-008	0.0194336
1.532326e-008	0.0211426
1.534826e-008	0.0213135
1.537326e-008	0.0206299
1.539826e-008	0.0191162
1.542326e-008	0.000244148
1.544826e-008	0.00100098
1.547326e-008	0.013208
1.549826e-008	0.00473634
1.552326e-008	0.00515137
1.554826e-008	-0.00229491
1.557326e-008	0.00549317
1.559826e-008	0.0195801
1.562326e-008	-0.011499
1.564826e-008	-0.00632323
1.567326e-008	0.0246338
1.569826e-008	0.0184082
1.572326e-008	0.0214356
1.574826e-008	0.0177734
1.577326e-008	0.0125732
1.579826e-008	0.0199707
1.582326e-008	0.00600587
1.584826e-008	0.0126465
1.587326e-008	0.0193604
1.589826e-008	0.00915528
1.592326e-008	0.03125
1.594826e-008	0.0303955
1.597326e-008	0.019043
1.599826e-008	0.0357422
1.602326e-008	0.0209229
1.604826e-008	0.0138184
1.607326e-008	0.0335938
1.609826e-008	0.0283447
1.612326e-008	0.0274658
1.614826e-008	0.0330078
1.617326e-008	0.028125
1.619826e-008	0.0337891
1.622326e-008	0.0359131
1.624826e-008	0.0285645
1.627326e-008	0.0276611
1.629826e-008	0.0292725
1.632326e-008	0.0290527
1.634826e-008	0.0250977
1.637326e-008	0.0228272
1.639826e-008	0.0280762
1.642326e-008	0.0276856
1.644826e-008	0.0207031
1.647326e-008	0.0224121
1.649826e-008	0.0289551
1.652326e-008	0.0315186
1.654826e-008	0.0237549
1.657326e-008	0.0106934
1.659826e-008	0.015332
1.662326e-008	0.0267822
1.664826e-008	0.0240967
1.667326e-008	0.0119385
1.669826e-008	0.00097657
1.672326e-008	0.00422364
1.674826e-008	0.0145508
1.677326e-008	0.017041
1.679826e-008	0.00778809
1.682326e-008	0.00405274
1.684826e-008	0.0173096
1.687326e-008	0.0189941
1.689826e-008	0.0114746
1.692326e-008	0.0154053
1.694826e-008	0.0151611
1.697326e-008	0.0146484
1.699826e-008	0.0221436
1.702326e-008	0.0123291
1.704826e-008	0.00253907
1.707326e-008	0.0224854
1.709826e-008	0.0273926
1.712326e-008	0.00642091
1.714826e-008	0.00632325
1.717326e-008	0.0229736
1.719826e-008	0.0271484
1.722326e-008	0.018335
1.724826e-008	0.0144531
1.727326e-008	0.0211914
1.729826e-008	0.0253906
1.732326e-008	0.0205566
1.734826e-008	0.0180664
1.737326e-008	0.0265625
1.739826e-008	0.0253418
1.742326e-008	0.0170899
1.744826e-008	0.0258789
1.747326e-008	0.0284668
1.749826e-008	0.0247315
1.752326e-008	0.0341553
1.754826e-008	0.0229981
1.757326e-008	0.00483399
1.759826e-008	0.0145752
1.762326e-008	0.0185791
1.764826e-008	0.0143555
1.767326e-008	0.0184815
1.769826e-008	0.0176758
1.772326e-008	0.0181885
1.774826e-008	0.0168457
1.777326e-008	0.00947266
1.779826e-008	0.0135742
1.782326e-008	0.0184082
1.784826e-008	0.00932618
1.787326e-008	0.00786134
1.789826e-008	0.0110107
1.792326e-008	0.00920411
1.794826e-008	0.0188721
1.797326e-008	0.0197266
1.799826e-008	0.0135986
1.802326e-008	0.0178223
1.804826e-008	0.0122315
1.807326e-008	0.0125488
1.809826e-008	0.0219971
1.812326e-008	0.0199707
1.814826e-008	0.0145508
1.817326e-008	0.0218506
1.819826e-008	0.0318115
1.822326e-008	0.0170654
1.824826e-008	0.00915528
1.827326e-008	0.0195068
1.829826e-008	0.0174072
1.832326e-008	0.0236572
1.834826e-008	0.033374
1.837326e-008	0.0367432
1.839826e-008	0.0356201
1.842326e-008	0.0142578
1.844826e-008	0.0179199
1.847326e-008	0.0457275
1.849826e-008	0.044165
1.852326e-008	0.0366455
1.854826e-008	0.0256348
1.857326e-008	0.0180176
1.859826e-008	0.0412842
1.862326e-008	0.0334229
1.864826e-008	0.00532227
1.867326e-008	0.0109131
1.869826e-008	0.0145508
1.872326e-008	0.0216797
1.874826e-008	0.0198486
1.877326e-008	0.00786134
1.879826e-008	0.0196777
1.882326e-008	0.0195557
1.884826e-008	0.0206787
1.887326e-008	0.0196289
1.889826e-008	0.00922852
1.892326e-008	0.024292
1.894826e-008	0.0102051
1.897326e-008	-0.0120605
1.899826e-008	-0.000756828
1.902326e-008	-0.00954589
1.904826e-008	-0.0198975
1.907326e-008	-0.00842284
1.909826e-008	2.44215e-005
1.912326e-008	0.00187989
1.914826e-008	-0.0055664
1.917326e-008	-0.00996093
1.919826e-008	0.00759278
1.922326e-008	0.0193115
1.924826e-008	0.00712891
1.927326e-008	0.00644532
1.929826e-008	0.0223145
1.932326e-008	0.0284668
1.934826e-008	0.0237793
1.937326e-008	0.0306885
1.939826e-008	0.0368164
1.942326e-008	0.021167
1.944826e-008	0.0278076
1.947326e-008	0.0448242
1.949826e-008	0.0423828
1.952326e-008	0.0520264
1.954826e-008	0.0499268
1.957326e-008	0.0374512
1.959826e-008	0.0305176
1.962326e-008	0.0208008
1.964826e-008	0.0393311
1.967326e-008	0.0484375
1.969826e-008	0.0273438
1.972326e-008	0.0249024
1.974826e-008	0.026416
1.977326e-008	0.0265381
1.979826e-008	0.0303467
1.982326e-008	0.0194824
1.984826e-008	0.021875
1.987326e-008	0.0315186
1.989826e-008	0.0208984
1.992326e-008	0.0194824
1.994826e-008	0.0231934
1.997326e-008	0.0116455
1.999826e-008	0.00776368
2.002326e-008	0.0112305
2.004826e-008	0.0039795
2.007326e-008	-0.00300292
2.009826e-008	-0.00756835
2.012326e-008	-0.00378417
2.014826e-008	0.00822755
2.017326e-008	0.00100098
2.019826e-008	0.000561531
2.022326e-008	0.0105713
2.024826e-008	-0.00339355
2.027326e-008	-0.00429687
2.029826e-008	0.0146729
2.032326e-008	0.014502
2.034826e-008	0.0039795
2.037326e-008	0.0038086
2.039826e-008	0.0125488
2.042326e-008	0.013794
2.044826e-008	0.0121094
2.047326e-008	0.0257324
2.049826e-008	0.0270996
2.052326e-008	0.0146729
2.054826e-008	0.0209229
2.057326e-008	0.0236572
2.059826e-008	0.01521
2.062326e-008	0.0143066
2.064826e-008	0.0218506
2.067326e-008	0.0293945
2.069826e-008	0.0246582
2.072326e-008	0.0255371
2.074826e-008	0.0318848
2.077326e-008	0.0345459
2.079826e-008	0.0420654
2.082326e-008	0.0352295
2.084826e-008	0.0250733
2.087326e-008	0.0245606
2.089826e-008	0.0210205
2.092326e-008	0.0392578
2.094826e-008	0.0495606
2.097326e-008	0.0213135
2.099826e-008	0.0203857
2.102326e-008	0.0333496
2.104826e-008	0.0300293
2.107326e-008	0.0380127
2.109826e-008	0.0225342
2.112326e-008	0.00419923
2.114826e-008	0.0144043
2.117326e-008	0.016333
2.119826e-008	0.0165772
2.122326e-008	0.0167725
2.124826e-008	0.0143799
2.127326e-008	0.0137451
2.129826e-008	0.00842286
2.132326e-008	0.0133301
2.134826e-008	0.0198975
2.137326e-008	0.0152588
2.139826e-008	0.0130371
2.142326e-008	0.0165527
2.144826e-008	0.0219727
2.147326e-008	0.0170654
2.149826e-008	0.013208
2.152326e-008	0.0234863
2.154826e-008	0.0139893
2.157326e-008	0.0088379
2.159826e-008	0.0266358
2.162326e-008	0.017749
2.164826e-008	0.00505372
2.167326e-008	0.0134033
2.169826e-008	0.0220215
2.172326e-008	0.0208984
2.174826e-008	0.0198975
2.177326e-008	0.0356445
2.179826e-008	0.0408447
2.182326e-008	0.0311768
2.184826e-008	0.0236328
2.187326e-008	0.0234619
2.189826e-008	0.0260986
2.192326e-008	0.0229492
2.194826e-008	0.0401367
2.197326e-008	0.0453125
2.199826e-008	0.0243652
2.202326e-008	0.0223633
2.204826e-008	0.0185547
2.207326e-008	0.0204102
2.209826e-008	0.0299072
2.212326e-008	0.0173584
2.214826e-008	0.0122315
2.217326e-008	0.0198731
2.219826e-008	0.0212891
2.222326e-008	0.0189209
2.224826e-008	0.0175781
2.227326e-008	0.017041
2.229826e-008	0.0151367
2.232326e-008	0.0248779
2.234826e-008	0.0310303
2.237326e-008	0.0191406
2.239826e-008	0.0156738
2.242326e-008	0.0162842
2.244826e-008	0.0191895
2.247326e-008	0.0267334
2.249826e-008	0.0125488
2.252326e-008	0.00478516
2.254826e-008	0.0167481
2.257326e-008	0.0148193
2.259826e-008	0.0177246
2.262326e-008	0.0172119
2.264826e-008	0.00371095
2.267326e-008	0.0177734
2.269826e-008	0.032959
2.272326e-008	0.0246826
2.274826e-008	0.0219482
2.277326e-008	0.0299316
2.279826e-008	0.0378174
2.282326e-008	0.0316895
2.284826e-008	0.0230225
2.287326e-008	0.0253174
2.289826e-008	0.0250488
2.292326e-008	0.0244873
2.294826e-008	0.025415
2.297326e-008	0.0287842
2.299826e-008	0.0320313
2.302326e-008	0.0191895
2.304826e-008	0.00937501
2.307326e-008	0.0114014
2.309826e-008	0.0084961
2.312326e-008	0.021875
2.314826e-008	0.0397461
2.317326e-008	0.022876
2.319826e-008	0.00625001
2.322326e-008	0.00937501
2.324826e-008	0.00837403
2.327326e-008	0.0153565
2.329826e-008	0.0259277
2.332326e-008	0.0220703
2.334826e-008	0.018042
2.337326e-008	0.0224609
2.339826e-008	0.0220703
2.342326e-008	0.018042
2.344826e-008	0.0189209
2.347326e-008	0.0148682
2.349826e-008	0.0119873
2.352326e-008	0.0138184
2.354826e-008	0.0126465
2.357326e-008	0.0180664
2.359826e-008	0.020752
2.362326e-008	0.0162354
2.364826e-008	0.0152832
2.367326e-008	0.0145996
2.369826e-008	0.0181397
2.372326e-008	0.0217285
2.374826e-008	0.0165527
2.377326e-008	0.0102539
2.379826e-008	0.00876466
2.382326e-008	0.0149902
2.384826e-008	0.0182617
2.387326e-008	0.0136475
2.389826e-008	0.0199707
2.392326e-008	0.0319824
2.394826e-008	0.0346436
2.397326e-008	0.0316162
2.399826e-008	0.0217041
2.402326e-008	0.0138428
2.404826e-008	0.0137207
2.407326e-008	0.0134522
2.409826e-008	0.0166992
2.412326e-008	0.0164795
2.414826e-008	0.0185303
2.417326e-008	0.0364014
2.419826e-008	0.0328125
2.422326e-008	0.0185547
2.424826e-008	0.0342774
2.427326e-008	0.0324463
2.429826e-008	0.0174561
2.432326e-008	0.0324219
2.434826e-008	0.0371826
2.437326e-008	0.0337647
2.439826e-008	0.0306397
2.442326e-008	0.00876466
2.444826e-008	0.010669
2.447326e-008	0.0194092
2.449826e-008	0.00957032
2.452326e-008	0.0222412
2.454826e-008	0.0246338
2.457326e-008	0.0167725
2.459826e-008	0.0321045
2.462326e-008	0.0259033
2.464826e-008	0.0185791
2.467326e-008	0.0266602
2.469826e-008	0.00964356
2.472326e-008	0.0110596
2.474826e-008	0.0309326
2.477326e-008	0.0126465
2.479826e-008	-0.000903313
2.482326e-008	0.0153565
2.484826e-008	0.0144775
2.487326e-008	-0.00358886
2.489826e-008	-0.00263671
2.492326e-008	0.0131592
2.494826e-008	0.0156006
2.497326e-008	0.0203857
2.499826e-008	0.0267334
2.502326e-008	0.00566407
2.504826e-008	0.00168458
2.507326e-008	0.0234619
2.509826e-008	0.0166992
2.512326e-008	0.00825196
2.514826e-008	0.015625
2.517326e-008	0.0157227
2.519826e-008	0.0162598
2.522326e-008	0.00637208
2.524826e-008	0.00629884
2.527326e-008	0.0259277
2.529826e-008	0.0203125
2.532326e-008	0.0130615
2.534826e-008	0.0207031
2.537326e-008	0.0226807
2.539826e-008	0.0257568
2.542326e-008	0.022583
2.544826e-008	0.0182373
2.547326e-008	0.0185059
2.549826e-008	0.0210693
2.552326e-008	0.023999
2.554826e-008	0.0250977
2.557326e-008	0.0356201
2.559826e-008	0.0360108
2.562326e-008	0.0226563
2.564826e-008	0.0220947
2.567326e-008	0.0260986
2.569826e-008	0.0224121
2.572326e-008	0.0230713
2.574826e-008	0.0302246
2.577326e-008	0.0310791
2.579826e-008	0.0267822
2.582326e-008	0.0189941
2.584826e-008	0.0145996
2.587326e-008	0.0165527
2.589826e-008	0.0156494
2.592326e-008	0.0197022
2.594826e-008	0.0256592
2.597326e-008	0.0305664
2.599826e-008	0.0298096
2.602326e-008	0.0184082
2.604826e-008	0.0161865
2.607326e-008	0.0113281
2.609826e-008	0.0057129
2.612326e-008	0.0131592
2.614826e-008	0.00947266
2.617326e-008	0.0130615
2.619826e-008	0.0277588
2.622326e-008	0.0171387
2.624826e-008	-0.00190429
2.627326e-008	0.00493165
2.629826e-008	0.0211914
2.632326e-008	0.0177734
2.634826e-008	0.013208
2.637326e-008	0.0198975
2.639826e-008	0.0224121
2.642326e-008	0.0200684
2.644826e-008	0.0237793
2.647326e-008	0.03125
2.649826e-008	0.0220947
2.652326e-008	0.0164307
2.654826e-008	0.0192871
2.657326e-008	0.0149902
2.659826e-008	0.0294434
2.662326e-008	0.0306397
2.664826e-008	0.00634766
2.667326e-008	0.0113281
2.669826e-008	0.0309082
2.672326e-008	0.0331543
2.674826e-008	0.0288574
2.677326e-008	0.0310303
2.679826e-008	0.0279785
2.682326e-008	0.0201416
2.684826e-008	0.0258057
2.687326e-008	0.0310303
2.689826e-008	0.0339356
2.692326e-008	0.0336426
2.694826e-008	0.0165283
2.697326e-008	0.0149902
2.699826e-008	0.0342529
2.702326e-008	0.0301758
2.704826e-008	0.0161865
2.707326e-008	0.0206787
2.709826e-008	0.0146729
2.712326e-008	0.00371095
2.714826e-008	0.0141602
2.717326e-008	0.0253418
2.719826e-008	0.0335693
2.722326e-008	0.0360108
2.724826e-008	0.0235107
2.727326e-008	0.0188721
2.729826e-008	0.0293945
2.732326e-008	0.0348389
2.734826e-008	0.024292
2.737326e-008	0.015918
2.739826e-008	0.01521
2.742326e-008	0.010376
2.744826e-008	0.0190918
2.747326e-008	0.0297119
2.749826e-008	0.0225098
2.752326e-008	0.0196045
2.754826e-008	0.0196289
2.757326e-008	0.0205322
2.759826e-008	0.0205811
2.762326e-008	0.0168457
2.764826e-008	0.0209473
2.767326e-008	0.0219482
2.769826e-008	0.0258301
2.772326e-008	0.0234619
2.774826e-008	0.011084
2.777326e-008	0.0161621
2.779826e-008	0.0177979
2.782326e-008	0.0232422
2.784826e-008	0.0357666
2.787326e-008	0.0240723
2.789826e-008	0.019043
2.792326e-008	0.0270264
2.794826e-008	0.022168
2.797326e-008	0.0240479
2.799826e-008	0.0335449
2.802326e-008	0.0246094
2.804826e-008	0.00903321
2.807326e-008	0.0133301
2.809826e-008	0.0250488
2.812326e-008	0.0222412
2.814826e-008	0.0272217
2.817326e-008	0.0392334
2.819826e-008	0.0253418
2.822326e-008	0.0135498
2.824826e-008	0.020874
2.827326e-008	0.0247559
2.829826e-008	0.0268799
2.832326e-008	0.0282959
2.834826e-008	0.0188232
2.837326e-008	0.00454102
2.839826e-008	0.0154297
2.842326e-008	0.0304932
2.844826e-008	0.0231934
2.847326e-008	0.0245117
2.849826e-008	0.027002
2.852326e-008	0.0271973
2.854826e-008	0.0335205
2.857326e-008	0.0276611
2.859826e-008	0.0234619
2.862326e-008	0.0314209
2.864826e-008	0.0363281
2.867326e-008	0.0245361
2.869826e-008	0.00888673
2.872326e-008	0.019751
2.874826e-008	0.0282471
2.877326e-008	0.0169678
2.879826e-008	0.0197266
2.882326e-008	0.0176514
2.884826e-008	0.00939942
2.887326e-008	0.0208008
2.889826e-008	0.0278076
2.892326e-008	0.0264404
2.894826e-008	0.0270508
2.897326e-008	0.0266358
2.899826e-008	0.0245361
2.902326e-008	0.0193359
2.904826e-008	0.0136963
2.907326e-008	0.0165039
2.909826e-008	0.0295166
2.912326e-008	0.0325928
2.914826e-008	0.0256104
2.917326e-008	0.0266846
2.919826e-008	0.0270752
2.922326e-008	0.0171387
2.924826e-008	0.0138672
2.927326e-008	0.0148682
2.929826e-008	0.00703126
2.932326e-008	0.010791
2.934826e-008	0.0112549
2.937326e-008	0.005542
2.939826e-008	0.0182129
2.942326e-008	0.0155029
2.944826e-008	0.00905762
2.947326e-008	0.0206787
2.949826e-008	0.0178955
2.952326e-008	0.0155762
2.954826e-008	0.0138916
2.957326e-008	0.00019532
2.959826e-008	0.00910645
2.962326e-008	0.0205566
2.964826e-008	0.017334
2.967326e-008	0.0205566
2.969826e-008	0.0159424
2.972326e-008	0.0194092
2.974826e-008	0.0281494
2.977326e-008	0.0235596
2.979826e-008	0.024292
2.982326e-008	0.02229
2.984826e-008	0.0243164
2.987326e-008	0.0292969
2.989826e-008	0.0249268
2.992326e-008	0.0299072
2.994826e-008	0.0375733
2.997326e-008	0.0396484
2.999826e-008	0.0441895
3.002326e-008	0.0355713
3.004826e-008	0.0234375
3.007326e-008	0.0370361
3.009826e-008	0.0453858
3.012326e-008	0.0436524
3.014826e-008	0.0434326
3.017326e-008	0.0326416
3.019826e-008	0.0447998
3.022326e-008	0.0489746
3.024826e-008	0.0261475
3.027326e-008	0.0303711
3.029826e-008	0.0408691
3.032326e-008	0.0360352
3.034826e-008	0.0225098
3.037326e-008	0.0212402
3.039826e-008	0.0390381
3.042326e-008	0.0276611
3.044826e-008	0.0193115
3.047326e-008	0.0304199
3.049826e-008	0.0178223
3.052326e-008	0.0221436
3.054826e-008	0.0302979
3.057326e-008	0.0181885
3.059826e-008	0.0199463
3.062326e-008	0.0108399
3.064826e-008	0.00722657
3.067326e-008	0.0210693
3.069826e-008	0.0216309
3.072326e-008	0.020752
3.074826e-008	0.016919
3.077326e-008	0.0264649
3.079826e-008	0.036084
3.082326e-008	0.0237793
3.084826e-008	0.0227295
3.087326e-008	0.0122803
3.089826e-008	0.00290528
3.092326e-008	0.0110352
3.094826e-008	-2.44066e-005
3.097326e-008	0.00266114
3.099826e-008	0.0194824
3.102326e-008	0.0177734
3.104826e-008	0.0183106
3.107326e-008	0.0212158
3.109826e-008	0.0202881
3.112326e-008	0.0164551
3.114826e-008	0.0188232
3.117326e-008	0.0235107
3.119826e-008	0.00700684
3.122326e-008	0.00178223
3.124826e-008	0.0198975
3.127326e-008	0.0212891
3.129826e-008	0.0184082
3.132326e-008	0.0204834
3.134826e-008	0.0171387
3.137326e-008	0.0270508
3.139826e-008	0.0309326
3.142326e-008	0.0106445
3.144826e-008	0.00371095
3.147326e-008	0.0161133
3.149826e-008	0.0198975
3.152326e-008	0.0183594
3.154826e-008	0.0226318
3.157326e-008	0.0239502
3.159826e-008	0.0234863
3.162326e-008	0.0179443
3.164826e-008	0.0123291
3.167326e-008	0.0202149
3.169826e-008	0.0238281
3.172326e-008	0.0287109
3.174826e-008	0.0308594
3.177326e-008	0.0233399
3.179826e-008	0.0337647
3.182326e-008	0.0391602
3.184826e-008	0.0314209
3.187326e-008	0.0273438
3.189826e-008	0.0206543
3.192326e-008	0.023169
3.194826e-008	0.0171631
3.197326e-008	0.01521
3.199826e-008	0.0377197
3.202326e-008	0.0290527
3.204826e-008	0.0162598
3.207326e-008	0.0345703
3.209826e-008	0.0366455
3.212326e-008	0.0339844
3.214826e-008	0.029834
3.217326e-008	0.0213867
3.219826e-008	0.027124
3.222326e-008	0.0292236
3.224826e-008	0.0342041
3.227326e-008	0.0335938
3.229826e-008	0.019458
3.232326e-008	0.0143311
3.234826e-008	0.0131836
3.237326e-008	0.0225342
3.239826e-008	0.0320801
3.242326e-008	0.0211182
3.244826e-008	0.0167969
3.247326e-008	0.0213379
3.249826e-008	0.0169434
3.252326e-008	0.0195557
3.254826e-008	0.0243897
3.257326e-008	0.0206055
3.259826e-008	0.0206299
3.262326e-008	0.0240967
3.264826e-008	0.0243408
3.267326e-008	0.0212402
3.269826e-008	0.0262695
3.272326e-008	0.0256348
3.274826e-008	0.00705567
3.277326e-008	0.0145508
3.279826e-008	0.0374268
3.282326e-008	0.0337891
3.284826e-008	0.017627
3.287326e-008	0.00898438
3.289826e-008	0.0201172
3.292326e-008	0.0322266
3.294826e-008	0.0307617
3.297326e-008	0.0355713
3.299826e-008	0.0368897
3.302326e-008	0.0225342
3.304826e-008	0.0139649
3.307326e-008	0.021582
3.309826e-008	0.0326172
3.312326e-008	0.042749
3.314826e-008	0.0389404
3.317326e-008	0.0243408
3.319826e-008	0.022583
3.322326e-008	0.0196045
3.324826e-008	0.0191162
3.327326e-008	0.0284424
3.329826e-008	0.0362549
3.332326e-008	0.0407227
3.334826e-008	0.0234619
3.337326e-008	0.0157471
3.339826e-008	0.0261231
3.342326e-008	0.0162354
3.344826e-008	0.0201416
3.347326e-008	0.0341065
3.349826e-008	0.0260986
3.352326e-008	0.0112061
3.354826e-008	0.0118408
3.357326e-008	0.0352295
3.359826e-008	0.0267822
3.362326e-008	0.000732429
3.364826e-008	0.0141602
3.367326e-008	0.025415
3.369826e-008	0.0260498
3.372326e-008	0.0252686
3.374826e-008	0.0184815
3.377326e-008	0.0337647
3.379826e-008	0.0356934
3.382326e-008	0.00231934
3.384826e-008	-0.000756828
3.387326e-008	0.0246094
3.389826e-008	0.0249024
3.392326e-008	0.0177002
3.394826e-008	0.0184326
3.397326e-008	0.0163086
3.399826e-008	0.0185303
3.402326e-008	0.0119873
3.404826e-008	0.00825196
3.407326e-008	0.0233643
3.409826e-008	0.0291992
3.412326e-008	0.0299805
3.414826e-008	0.0304443
3.417326e-008	0.0296387
3.419826e-008	0.0299805
3.422326e-008	0.020166
3.424826e-008	0.0193359
3.427326e-008	0.0225586
3.429826e-008	0.0225342
3.432326e-008	0.0238281
3.434826e-008	0.0194336
3.437326e-008	0.0242676
3.439826e-008	0.0242432
3.442326e-008	0.0206787
3.444826e-008	0.0240479
3.447326e-008	0.024707
3.449826e-008	0.0280029
3.452326e-008	0.0188721
3.454826e-008	0.0163086
3.457326e-008	0.0317139
3.459826e-008	0.0292236
3.462326e-008	0.0168457
3.464826e-008	0.014209
3.467326e-008	0.0156738
3.469826e-008	0.0158936
3.472326e-008	0.0214844
3.474826e-008	0.0230469
3.477326e-008	0.0190918
3.479826e-008	0.0296875
3.482326e-008	0.0311035
3.484826e-008	0.0168213
3.487326e-008	0.019751
3.489826e-008	0.0279541
3.492326e-008	0.0233399
3.494826e-008	0.0171631
3.497326e-008	0.017749
3.499826e-008	0.0182373
3.502326e-008	0.00527345
3.504826e-008	0.00375977
3.507326e-008	0.0216553
3.509826e-008	0.0235596
3.512326e-008	0.0255859
3.514826e-008	0.0301514
3.517326e-008	0.0213867
3.519826e-008	0.0306397
3.522326e-008	0.0300781
3.524826e-008	0.0116211
3.527326e-008	0.0301758
3.529826e-008	0.0394043
3.532326e-008	0.0146973
3.534826e-008	0.0164063
3.537326e-008	0.034375
3.539826e-008	0.0366455
3.542326e-008	0.0257813
3.544826e-008	0.020752
3.547326e-008	0.0282227
3.549826e-008	0.0262451
3.552326e-008	0.0240479
3.554826e-008	0.0248291
3.557326e-008	0.0296387
3.559826e-008	0.0431885
3.562326e-008	0.0331543
3.564826e-008	0.0248291
3.567326e-008	0.0282471
3.569826e-008	0.0134033
3.572326e-008	0.0197998
3.574826e-008	0.0317139
3.577326e-008	0.0224609
3.579826e-008	0.0304688
3.582326e-008	0.0309082
3.584826e-008	0.0257324
3.587326e-008	0.036499
3.589826e-008	0.0219482
3.592326e-008	0.0143066
3.594826e-008	0.0235107
3.597326e-008	0.0132813
3.599826e-008	0.0208252
3.602326e-008	0.0307861
3.604826e-008	0.0206787
3.607326e-008	0.0241211
3.609826e-008	0.0282715
3.612326e-008	0.0199951
3.614826e-008	0.0150879
3.617326e-008	0.0153076
3.619826e-008	0.0224854
3.622326e-008	0.0333008
3.624826e-008	0.0270996
3.627326e-008	0.0179932
3.629826e-008	0.0250244
3.632326e-008	0.0300537
3.634826e-008	0.0275635
3.637326e-008	0.0265381
3.639826e-008	0.0257324
3.642326e-008	0.0187988
3.644826e-008	0.0196289
3.647326e-008	0.0275391
3.649826e-008	0.0262451
3.652326e-008	0.0211182
3.654826e-008	0.017749
3.657326e-008	0.0334473
3.659826e-008	0.0381348
3.662326e-008	0.00644532
3.664826e-008	0.0104981
3.667326e-008	0.0375244
3.669826e-008	0.0248779
3.672326e-008	0.019458
3.674826e-008	0.0260742
3.677326e-008	0.00695802
3.679826e-008	0.00288087
3.682326e-008	0.0200928
3.684826e-008	0.0196777
3.687326e-008	0.020874
3.689826e-008	0.0355957
3.692326e-008	0.0392578
3.694826e-008	0.030127
3.697326e-008	0.0155274
3.699826e-008	0.00888673
3.702326e-008	0.021167
3.704826e-008	0.0271973
3.707326e-008	0.0138428
3.709826e-008	0.0071045
3.712326e-008	0.0206299
3.714826e-008	0.0315674
3.717326e-008	0.031665
3.719826e-008	0.036792
3.722326e-008	0.034375
3.724826e-008	0.0244873
3.727326e-008	0.0283936
3.729826e-008	0.0357666
3.732326e-008	0.0355957
3.734826e-008	0.0261475
3.737326e-008	0.0168945
3.739826e-008	0.025708
3.742326e-008	0.0332764
3.744826e-008	0.0228272
3.747326e-008	0.0241455
3.749826e-008	0.0377441
3.752326e-008	0.0353516
3.754826e-008	0.0281006
3.757326e-008	0.0293701
3.759826e-008	0.0329346
3.762326e-008	0.0258301
3.764826e-008	0.01604
3.767326e-008	0.0250977
3.769826e-008	0.0336914
3.772326e-008	0.0330322
3.774826e-008	0.0279785
3.777326e-008	0.0179688
3.779826e-008	0.0204102
3.782326e-008	0.0300049
3.784826e-008	0.0329346
3.787326e-008	0.0261475
3.789826e-008	0.0200684
3.792326e-008	0.0309082
3.794826e-008	0.0358887
3.797326e-008	0.0270996
3.799826e-008	0.0250977
3.802326e-008	0.0145264
3.804826e-008	0.00698243
3.807326e-008	0.0186524
3.809826e-008	0.0214111
3.812326e-008	0.0267578
3.814826e-008	0.0261719
3.817326e-008	0.0142822
3.819826e-008	0.0209473
3.822326e-008	0.0187256
3.824826e-008	0.0175293
3.827326e-008	0.0250977
3.829826e-008	0.0160645
3.832326e-008	0.0193604
3.834826e-008	0.0242432
3.837326e-008	0.0166016
3.839826e-008	0.0210449
3.842326e-008	0.0248535
3.844826e-008	0.0196777
3.847326e-008	0.0173584
3.849826e-008	0.0154297
3.852326e-008	0.0134766
3.854826e-008	0.00576173
3.857326e-008	0.00156251
3.859826e-008	0.0168457
3.862326e-008	0.0163818
3.864826e-008	0.00766602
3.867326e-008	0.0226074
3.869826e-008	0.0304199
3.872326e-008	0.024585
3.874826e-008	0.0236084
3.877326e-008	0.0319092
3.879826e-008	0.0307373
3.882326e-008	0.0195557
3.884826e-008	0.0284424
3.887326e-008	0.0331787
3.889826e-008	0.024292
3.892326e-008	0.0291016
3.894826e-008	0.0310059
3.897326e-008	0.0272705
3.899826e-008	0.03396
3.902326e-008	0.0341065
3.904826e-008	0.0205322
3.907326e-008	0.0167236
3.909826e-008	0.0275147
3.912326e-008	0.0276123
3.914826e-008	0.0214844
3.917326e-008	0.0305176
3.919826e-008	0.0435791
3.922326e-008	0.0406494
3.924826e-008	0.0211426
3.927326e-008	0.0190186
3.929826e-008	0.0302734
3.932326e-008	0.0237793
3.934826e-008	0.027002
3.937326e-008	0.032544
3.939826e-008	0.0194824
3.942326e-008	0.0150879
3.944826e-008	0.016626
3.947326e-008	0.0152588
3.949826e-008	0.0191162
3.952326e-008	0.0217041
3.954826e-008	0.0212647
3.957326e-008	0.0216309
3.959826e-008	0.0182617
3.962326e-008	0.0181152
3.964826e-008	0.0217285
3.967326e-008	0.0171387
3.969826e-008	0.0161133
3.972326e-008	0.025708
3.974826e-008	0.0211182
3.977326e-008	0.0101074
3.979826e-008	0.023999
3.982326e-008	0.0296387
3.984826e-008	0.0149414
3.987326e-008	0.0204834
3.989826e-008	0.0240723
3.992326e-008	0.0200928
3.994826e-008	0.0272461
3.997326e-008	0.0218018
3.999826e-008	0.0151856
4.002326e-008	0.011499
4.004826e-008	0.010376
4.007326e-008	0.0265381
4.009826e-008	0.026001
4.012326e-008	0.0197266
4.014826e-008	0.0279297
4.017326e-008	0.0218994
4.019826e-008	0.0236572
4.022326e-008	0.0359131
4.024826e-008	0.0306641
4.027326e-008	0.0295899
4.029826e-008	0.029541
4.032326e-008	0.0162354
4.034826e-008	0.0173828
4.037326e-008	0.0269287
4.039826e-008	0.0230957
4.042326e-008	0.018457
4.044826e-008	0.0136719
4.047326e-008	0.0161377
4.049826e-008	0.0266846
4.052326e-008	0.0283203
4.054826e-008	0.0261475
4.057326e-008	0.0217285
4.059826e-008	0.0270752
4.062326e-008	0.0301758
4.064826e-008	0.0199463
4.067326e-008	0.0289551
4.069826e-008	0.0310059
4.072326e-008	0.0153809
4.074826e-008	0.0143799
4.077326e-008	0.0226563
4.079826e-008	0.0345947
4.082326e-008	0.0319092
4.084826e-008	0.0191895
4.087326e-008	0.0164795
4.089826e-008	0.00839845
4.092326e-008	0.00976563
4.094826e-008	0.0148193
4.097326e-008	0.00927735
4.099826e-008	0.0253662
4.102326e-008	0.0361084
4.104826e-008	0.0278565
4.107326e-008	0.026416
4.109826e-008	0.0166016
4.112326e-008	0.0114014
4.114826e-008	0.0100586
4.117326e-008	0.0135986
4.119826e-008	0.0280029
4.122326e-008	0.0166016
4.124826e-008	0.0133301
4.127326e-008	0.0293457
4.129826e-008	0.0241455
4.132326e-008	0.0231445
4.134826e-008	0.0243652
4.137326e-008	0.0195801
4.139826e-008	0.0292481
4.142326e-008	0.0295166
4.144826e-008	0.0200195
4.147326e-008	0.0235596
4.149826e-008	0.0271729
4.152326e-008	0.0298096
4.154826e-008	0.023877
4.157326e-008	0.0224854
4.159826e-008	0.0365967
4.162326e-008	0.016919
4.164826e-008	0.00642091
4.167326e-008	0.0355469
4.169826e-008	0.03479
4.172326e-008	0.0202881
4.174826e-008	0.0212891
4.177326e-008	0.0271973
4.179826e-008	0.0293701
4.182326e-008	0.0218018
4.184826e-008	0.0107422
4.187326e-008	0.00627442
4.189826e-008	0.0211914
4.192326e-008	0.025
4.194826e-008	0.0266602
4.197326e-008	0.0416504
4.199826e-008	0.0195068
4.202326e-008	-0.00419921
4.204826e-008	0.0126465
4.207326e-008	0.0239258
4.209826e-008	0.0131592
4.212326e-008	0.0196533
4.214826e-008	0.040332
4.217326e-008	0.0385498
4.219826e-008	0.0297852
4.222326e-008	0.0152832
4.224826e-008	0.00766602
4.227326e-008	0.0249268
4.229826e-008	0.0238525
4.232326e-008	0.0213379
4.234826e-008	0.037915
4.237326e-008	0.0360596
4.239826e-008	0.0299072
4.242326e-008	0.0310547
4.244826e-008	0.0199463
4.247326e-008	0.0115479
4.249826e-008	0.0221191
4.252326e-008	0.0346191
4.254826e-008	0.0266358
4.257326e-008	0.0210449
4.259826e-008	0.0339111
4.262326e-008	0.0272705
4.264826e-008	0.0207764
4.267326e-008	0.0285156
4.269826e-008	0.0203857
4.272326e-008	0.024585
4.274826e-008	0.0290283
4.277326e-008	0.0226807
4.279826e-008	0.0273682
4.282326e-008	0.0178955
4.284826e-008	0.0112793
4.287326e-008	0.0239014
4.289826e-008	0.030835
4.292326e-008	0.0276123
4.294826e-008	0.0230957
4.297326e-008	0.0296631
4.299826e-008	0.0333496
4.302326e-008	0.0165039
4.304826e-008	0.00781251
4.307326e-008	0.0264893
4.309826e-008	0.0381348
4.312326e-008	0.0242676
4.314826e-008	0.014502
4.317326e-008	0.0227295
4.319826e-008	0.0279297
4.322326e-008	0.0196045
4.324826e-008	0.0127441
4.327326e-008	0.0168701
4.329826e-008	0.0231445
4.332326e-008	0.0305664
4.334826e-008	0.0341065
4.337326e-008	0.019165
4.339826e-008	0.0150879
4.342326e-008	0.0272461
4.344826e-008	0.0279053
4.347326e-008	0.0309326
4.349826e-008	0.0242188
4.352326e-008	0.0195801
4.354826e-008	0.0313477
4.357326e-008	0.0229248
4.359826e-008	0.0219482
4.362326e-008	0.0294922
4.364826e-008	0.0206055
4.367326e-008	0.0230957
4.369826e-008	0.0271729
4.372326e-008	0.024707
4.374826e-008	0.0220947
4.377326e-008	0.0192139
4.379826e-008	0.0241943
4.382326e-008	0.027417
4.384826e-008	0.0266358
4.387326e-008	0.0218262
4.389826e-008	0.0220459
4.392326e-008	0.0309082
4.394826e-008	0.0236572
4.397326e-008	0.0185303
4.399826e-008	0.0265381
4.402326e-008	0.0233154
4.404826e-008	0.0172607
4.407326e-008	0.0146484
4.409826e-008	0.021875
4.412326e-008	0.0352295
4.414826e-008	0.0254639
4.417326e-008	0.0192139
4.419826e-008	0.0272705
4.422326e-008	0.0174072
4.424826e-008	0.0174072
4.427326e-008	0.0243408
4.429826e-008	0.0187256
4.432326e-008	0.0268799
4.434826e-008	0.0298584
4.437326e-008	0.0262207
4.439826e-008	0.0211182
4.442326e-008	0.0090088
4.444826e-008	0.0216309
4.447326e-008	0.0301025
4.449826e-008	0.0204346
4.452326e-008	0.0258545
4.454826e-008	0.0233399
4.457326e-008	0.0149658
4.459826e-008	0.0219482
4.462326e-008	0.0225342
4.464826e-008	0.00920411
4.467326e-008	4.88356e-005
4.469826e-008	0.0108399
4.472326e-008	0.0315186
4.474826e-008	0.0312744
4.477326e-008	0.0191406
4.479826e-008	0.0217285
4.482326e-008	0.0195801
4.484826e-008	0.0119385
4.487326e-008	0.0219727
4.489826e-008	0.0255127
4.492326e-008	0.0196289
4.494826e-008	0.0218994
4.497326e-008	0.0220215
4.499826e-008	0.0260254
4.502326e-008	0.0262695
4.504826e-008	0.017041
4.507326e-008	0.0200928
4.509826e-008	0.0272461
4.512326e-008	0.0235107
4.514826e-008	0.0174072
4.517326e-008	0.0204346
4.519826e-008	0.0212891
4.522326e-008	0.0210693
4.524826e-008	0.0372803
4.527326e-008	0.0402344
4.529826e-008	0.0312744
4.532326e-008	0.0290772
4.534826e-008	0.00954591
4.537326e-008	0.00949708
4.539826e-008	0.0287109
4.542326e-008	0.0172607
4.544826e-008	0.0123047
4.547326e-008	0.0108154
4.549826e-008	-0.00156249
4.552326e-008	0.0132324
4.554826e-008	0.0257324
4.557326e-008	0.0274658
4.559826e-008	0.0316895
4.562326e-008	0.0150391
4.564826e-008	0.00754395
4.567326e-008	0.0153076
4.569826e-008	0.0141357
4.572326e-008	0.0185547
4.574826e-008	0.0165772
4.577326e-008	0.0118652
4.579826e-008	0.0145752
4.582326e-008	0.0116943
4.584826e-008	0.0203857
4.587326e-008	0.0201416
4.589826e-008	0.00615235
4.592326e-008	0.0184815
4.594826e-008	0.0344238
4.597326e-008	0.0353272
4.599826e-008	0.0240479
4.602326e-008	0.0103027
4.604826e-008	0.018457
4.607326e-008	0.0216797
4.609826e-008	0.0135986
4.612326e-008	0.0161865
4.614826e-008	0.0200928
4.617326e-008	0.029419
4.619826e-008	0.032666
4.622326e-008	0.0220459
4.624826e-008	0.0150147
4.627326e-008	0.0111816
4.629826e-008	0.019043
4.632326e-008	0.0288574
4.634826e-008	0.0252686
4.637326e-008	0.0289063
4.639826e-008	0.0376953
4.642326e-008	0.0273926
4.644826e-008	0.0132324
4.647326e-008	0.0233154
4.649826e-008	0.0258057
4.652326e-008	0.0176514
4.654826e-008	0.0260254
4.657326e-008	0.0231934
4.659826e-008	0.0184815
4.662326e-008	0.0198731
4.664826e-008	0.0154053
4.667326e-008	0.0221924
4.669826e-008	0.0205566
4.672326e-008	0.0115234
4.674826e-008	0.0180176
4.677326e-008	0.0300781
4.679826e-008	0.0381104
4.682326e-008	0.0251465
4.684826e-008	0.0119385
4.687326e-008	0.0245361
4.689826e-008	0.0260498
4.692326e-008	0.0175537
4.694826e-008	0.0174805
4.697326e-008	0.0146973
4.699826e-008	0.0247803
4.702326e-008	0.0211914
4.704826e-008	-0.0020996
4.707326e-008	0.00563966
4.709826e-008	0.0222656
4.712326e-008	0.0299805
4.714826e-008	0.0320557
4.717326e-008	0.0261231
4.719826e-008	0.0307373
4.722326e-008	0.027832
4.724826e-008	0.018457
4.727326e-008	0.0205322
4.729826e-008	0.0302734
4.732326e-008	0.0412598
4.734826e-008	0.0341553
4.737326e-008	0.021875
4.739826e-008	0.0167969
4.742326e-008	0.00898438
4.744826e-008	0.0129639
4.747326e-008	0.024707
4.749826e-008	0.0248535
4.752326e-008	0.0308594
4.754826e-008	0.0387695
4.757326e-008	0.0251953
4.759826e-008	0.0161133
4.762326e-008	0.0152588
4.764826e-008	0.0102051
4.767326e-008	0.0137451
4.769826e-008	0.0233154
4.772326e-008	0.0341309
4.774826e-008	0.0299316
4.777326e-008	0.0208984
4.779826e-008	0.0232422
4.782326e-008	0.0184326
4.784826e-008	0.0206055
4.787326e-008	0.0240967
4.789826e-008	0.0187988
4.792326e-008	0.0263916
4.794826e-008	0.0277588
4.797326e-008	0.0284668
4.799826e-008	0.0351807
4.802326e-008	0.0220215
4.804826e-008	0.0122315
4.807326e-008	0.0125977
4.809826e-008	0.00944825
4.812326e-008	0.0183106
4.814826e-008	0.027002
4.817326e-008	0.0244141
4.819826e-008	0.0182129
4.822326e-008	0.00942384
4.824826e-008	0.0204834
4.827326e-008	0.0327393
4.829826e-008	0.0164063
4.832326e-008	0.017041
4.834826e-008	0.0244873
4.837326e-008	0.0194336
4.839826e-008	0.0282471
4.842326e-008	0.020166
4.844826e-008	0.0138428
4.847326e-008	0.0241211
4.849826e-008	0.0192383
4.852326e-008	0.0183838
4.854826e-008	0.0098877
4.857326e-008	0.0108643
4.859826e-008	0.0336426
4.862326e-008	0.0211914
4.864826e-008	0.0107178
4.867326e-008	0.0272217
4.869826e-008	0.0241943
4.872326e-008	0.0242188
4.874826e-008	0.0304199
4.877326e-008	0.0263916
4.879826e-008	0.0267578
4.882326e-008	0.0182129
4.884826e-008	0.0178711
4.887326e-008	0.0256104
4.889826e-008	0.00954591
4.892326e-008	0.00751954
4.894826e-008	0.0220215
4.897326e-008	0.0225098
4.899826e-008	0.0227295
4.902326e-008	0.0182373
4.904826e-008	0.0174316
4.907326e-008	0.0236816
4.909826e-008	0.0195313
4.912326e-008	0.0226318
4.914826e-008	0.0212402
4.917326e-008	0.0102539
4.919826e-008	0.0198731
4.922326e-008	0.0261231
4.924826e-008	0.0188477
4.927326e-008	0.0173828
4.929826e-008	0.0168945
4.932326e-008	0.0250733
4.934826e-008	0.0262695
4.937326e-008	0.016919
4.939826e-008	0.0249756
4.942326e-008	0.0252441
4.944826e-008	0.0148193
4.947326e-008	0.017749
4.949826e-008	0.0219727
4.952326e-008	0.0224854
4.954826e-008	0.0187744
4.957326e-008	0.0204346
4.959826e-008	0.0239014
4.962326e-008	0.0213867
4.964826e-008	0.0229981
4.967326e-008	0.0197998
4.969826e-008	0.020874
4.972326e-008	0.0167725
4.974826e-008	0.00895997
4.977326e-008	0.0257813
4.979826e-008	0.0277832
4.982326e-008	0.0161865
4.984826e-008	0.0191406
4.987326e-008	0.0177734
4.989826e-008	0.0185791
4.992326e-008	0.0163574
4.994826e-008	0.00908204
4.997326e-008	0.0120117
4.999826e-008	0.0145752
5.002326e-008	0.0171631
