# LECROYWM813Zi	51496	Waveform
# Segments	1	SegmentSize	4002
# Segment	TrigTime	TimeSinceSegment1
# #1	30-Nov-2018 17:24:53	0                 
# Time	Ampl
-5.00185e-008	0.0191406
-4.99935e-008	0.00515137
-4.99685e-008	0.0229248
-4.99435e-008	0.0258789
-4.99185e-008	0.0192383
-4.98935e-008	0.0258545
-4.98685e-008	0.0180908
-4.98435e-008	0.0197022
-4.98185e-008	0.0193848
-4.97935e-008	0.0100342
-4.97685e-008	0.0215088
-4.97435e-008	0.0248291
-4.97185e-008	0.0228272
-4.96935e-008	0.0284912
-4.96685e-008	0.0239258
-4.96435e-008	0.0212402
-4.96185e-008	0.0218994
-4.95935e-008	0.0253418
-4.95685e-008	0.0354248
-4.95435e-008	0.0302979
-4.95185e-008	0.0210449
-4.94935e-008	0.0231934
-4.94685e-008	0.0142822
-4.94435e-008	0.00876466
-4.94185e-008	0.0169678
-4.93935e-008	0.0201172
-4.93685e-008	0.0259033
-4.93435e-008	0.0281738
-4.93185e-008	0.0179199
-4.92935e-008	0.0109863
-4.92685e-008	0.0152588
-4.92435e-008	0.026416
-4.92185e-008	0.0289795
-4.91935e-008	0.0215088
-4.91685e-008	0.0273682
-4.91435e-008	0.0361328
-4.91185e-008	0.0268555
-4.90935e-008	0.0251953
-4.90685e-008	0.0289551
-4.90435e-008	0.0206055
-4.90185e-008	0.0186035
-4.89935e-008	0.0255615
-4.89685e-008	0.0300293
-4.89435e-008	0.0219727
-4.89185e-008	0.0171387
-4.88935e-008	0.0222412
-4.88685e-008	0.0180664
-4.88435e-008	0.0201904
-4.88185e-008	0.01604
-4.87935e-008	0.0121094
-4.87685e-008	0.0271729
-4.87435e-008	0.0193848
-4.87185e-008	0.0162354
-4.86935e-008	0.0301758
-4.86685e-008	0.0192871
-4.86435e-008	0.0182617
-4.86185e-008	0.0286621
-4.85935e-008	0.0278076
-4.85685e-008	0.0241455
-4.85435e-008	0.0108399
-4.85185e-008	0.013208
-4.84935e-008	0.0227295
-4.84685e-008	0.0205811
-4.84435e-008	0.0330566
-4.84185e-008	0.0205322
-4.83935e-008	-0.00292968
-4.83685e-008	0.0182129
-4.83435e-008	0.0267334
-4.83185e-008	0.0158447
-4.82935e-008	0.019165
-4.82685e-008	0.0179688
-4.82435e-008	0.0173096
-4.82185e-008	0.0149658
-4.81935e-008	0.0154785
-4.81685e-008	0.030249
-4.81435e-008	0.0342041
-4.81185e-008	0.0279297
-4.80935e-008	0.0272461
-4.80685e-008	0.0282715
-4.80435e-008	0.0249512
-4.80185e-008	0.011084
-4.79935e-008	0.00583497
-4.79685e-008	0.0119141
-4.79435e-008	0.00834962
-4.79185e-008	0.0155518
-4.78935e-008	0.0243164
-4.78685e-008	0.0206543
-4.78435e-008	0.0327637
-4.78185e-008	0.0266113
-4.77935e-008	0.00310059
-4.77685e-008	0.0145508
-4.77435e-008	0.0192627
-4.77185e-008	0.0119629
-4.76935e-008	0.0270752
-4.76685e-008	0.0262207
-4.76435e-008	0.0195313
-4.76185e-008	0.0247803
-4.75935e-008	0.0187744
-4.75685e-008	0.023877
-4.75435e-008	0.0307373
-4.75185e-008	0.0226074
-4.74935e-008	0.0209961
-4.74685e-008	0.0212158
-4.74435e-008	0.0232178
-4.74185e-008	0.0281983
-4.73935e-008	0.0310547
-4.73685e-008	0.0249756
-4.73435e-008	0.0197022
-4.73185e-008	0.027417
-4.72935e-008	0.0244629
-4.72685e-008	0.0192139
-4.72435e-008	0.0181641
-4.72185e-008	0.0217774
-4.71935e-008	0.0309082
-4.71685e-008	0.0118164
-4.71435e-008	0.00178223
-4.71185e-008	0.0258789
-4.70935e-008	0.0299805
-4.70685e-008	0.017627
-4.70435e-008	0.0248535
-4.70185e-008	0.031958
-4.69935e-008	0.0223145
-4.69685e-008	0.0264649
-4.69435e-008	0.0212158
-4.69185e-008	0.00419923
-4.68935e-008	0.0215576
-4.68685e-008	0.0277344
-4.68435e-008	0.0174805
-4.68185e-008	0.0259033
-4.67935e-008	0.0312988
-4.67685e-008	0.0298828
-4.67435e-008	0.0166748
-4.67185e-008	0.00893555
-4.66935e-008	0.0199951
-4.66685e-008	0.0212647
-4.66435e-008	0.0250488
-4.66185e-008	0.0325195
-4.65935e-008	0.0229492
-4.65685e-008	0.0188477
-4.65435e-008	0.0220459
-4.65185e-008	0.0237793
-4.64935e-008	0.0275391
-4.64685e-008	0.0240723
-4.64435e-008	0.020044
-4.64185e-008	0.0140137
-4.63935e-008	0.0185303
-4.63685e-008	0.0242188
-4.63435e-008	0.00261231
-4.63185e-008	0.00317384
-4.62935e-008	0.0242188
-4.62685e-008	0.0204834
-4.62435e-008	0.0101318
-4.62185e-008	0.0126953
-4.61935e-008	0.033667
-4.61685e-008	0.0452881
-4.61435e-008	0.0302979
-4.61185e-008	0.0251709
-4.60935e-008	0.0284668
-4.60685e-008	0.0142578
-4.60435e-008	0.0124268
-4.60185e-008	0.0257568
-4.59935e-008	0.0281006
-4.59685e-008	0.0339844
-4.59435e-008	0.0285889
-4.59185e-008	0.0211182
-4.58935e-008	0.0310303
-4.58685e-008	0.0241455
-4.58435e-008	0.0226807
-4.58185e-008	0.0291748
-4.57935e-008	0.0166504
-4.57685e-008	0.0133545
-4.57435e-008	0.0143799
-4.57185e-008	0.0187988
-4.56935e-008	0.0353516
-4.56685e-008	0.0348145
-4.56435e-008	0.0256104
-4.56185e-008	0.0252686
-4.55935e-008	0.0303467
-4.55685e-008	0.0302734
-4.55435e-008	0.012085
-4.55185e-008	0.00854493
-4.54935e-008	0.023584
-4.54685e-008	0.0217285
-4.54435e-008	0.0241211
-4.54185e-008	0.0283447
-4.53935e-008	0.0189453
-4.53685e-008	0.0277344
-4.53435e-008	0.0336914
-4.53185e-008	0.0185791
-4.52935e-008	0.0177979
-4.52685e-008	0.0262451
-4.52435e-008	0.0263184
-4.52185e-008	0.0189209
-4.51935e-008	0.0163086
-4.51685e-008	0.0175781
-4.51435e-008	0.00881348
-4.51185e-008	0.0146729
-4.50935e-008	0.0254883
-4.50685e-008	0.0204346
-4.50435e-008	0.0210205
-4.50185e-008	0.0263916
-4.49935e-008	0.0321045
-4.49685e-008	0.0272461
-4.49435e-008	0.0156738
-4.49185e-008	0.0209961
-4.48935e-008	0.0267578
-4.48685e-008	0.0185303
-4.48435e-008	0.0179443
-4.48185e-008	0.0295166
-4.47935e-008	0.0292481
-4.47685e-008	0.0223389
-4.47435e-008	0.0128174
-4.47185e-008	0.00881348
-4.46935e-008	0.0250977
-4.46685e-008	0.0270508
-4.46435e-008	0.0167969
-4.46185e-008	0.0155029
-4.45935e-008	0.0236084
-4.45685e-008	0.035083
-4.45435e-008	0.0153809
-4.45185e-008	0.00788575
-4.44935e-008	0.0277588
-4.44685e-008	0.014917
-4.44435e-008	0.0188965
-4.44185e-008	0.0371094
-4.43935e-008	0.0229736
-4.43685e-008	0.0213623
-4.43435e-008	0.0117676
-4.43185e-008	0.00319825
-4.42935e-008	0.0220703
-4.42685e-008	0.0197998
-4.42435e-008	0.0224121
-4.42185e-008	0.0302002
-4.41935e-008	0.0248291
-4.41685e-008	0.0290283
-4.41435e-008	0.020166
-4.41185e-008	0.0177734
-4.40935e-008	0.0237305
-4.40685e-008	0.0189941
-4.40435e-008	0.0297119
-4.40185e-008	0.0282715
-4.39935e-008	0.021167
-4.39685e-008	0.0399414
-4.39435e-008	0.0339356
-4.39185e-008	0.011792
-4.38935e-008	0.0164795
-4.38685e-008	0.0106201
-4.38435e-008	0.00244141
-4.38185e-008	0.0162354
-4.37935e-008	0.0182617
-4.37685e-008	0.0185547
-4.37435e-008	0.0246094
-4.37185e-008	0.0246582
-4.36935e-008	0.0250244
-4.36685e-008	0.0157227
-4.36435e-008	0.0186279
-4.36185e-008	0.0287109
-4.35935e-008	0.0216797
-4.35685e-008	0.0294922
-4.35435e-008	0.0277832
-4.35185e-008	0.00961915
-4.34935e-008	0.0198242
-4.34685e-008	0.0219238
-4.34435e-008	0.014209
-4.34185e-008	0.02146
-4.33935e-008	0.0213379
-4.33685e-008	0.0280274
-4.33435e-008	0.0307373
-4.33185e-008	0.0205811
-4.32935e-008	0.0259033
-4.32685e-008	0.0289307
-4.32435e-008	0.0218994
-4.32185e-008	0.0212158
-4.31935e-008	0.0255615
-4.31685e-008	0.024707
-4.31435e-008	0.0138672
-4.31185e-008	0.0072754
-4.30935e-008	0.0148682
-4.30685e-008	0.018335
-4.30435e-008	0.0118164
-4.30185e-008	0.0257324
-4.29935e-008	0.039502
-4.29685e-008	0.0319092
-4.29435e-008	0.030127
-4.29185e-008	0.0261719
-4.28935e-008	0.0273193
-4.28685e-008	0.0300781
-4.28435e-008	0.0235596
-4.28185e-008	0.0281738
-4.27935e-008	0.0298584
-4.27685e-008	0.0299316
-4.27435e-008	0.0223389
-4.27185e-008	0.00410157
-4.26935e-008	0.0109131
-4.26685e-008	0.026001
-4.26435e-008	0.0236328
-4.26185e-008	0.0172607
-4.25935e-008	0.0196533
-4.25685e-008	0.0216797
-4.25435e-008	0.0216309
-4.25185e-008	0.0300781
-4.24935e-008	0.0269287
-4.24685e-008	0.0129395
-4.24435e-008	0.0114746
-4.24185e-008	0.0111084
-4.23935e-008	0.0173584
-4.23685e-008	0.0362305
-4.23435e-008	0.0307129
-4.23185e-008	0.0169678
-4.22935e-008	0.0286133
-4.22685e-008	0.0338867
-4.22435e-008	0.0313965
-4.22185e-008	0.0289063
-4.21935e-008	0.0205566
-4.21685e-008	0.0234863
-4.21435e-008	0.0171631
-4.21185e-008	0.0104981
-4.20935e-008	0.021167
-4.20685e-008	0.0174072
-4.20435e-008	0.0176758
-4.20185e-008	0.0230713
-4.19935e-008	0.0238037
-4.19685e-008	0.0379883
-4.19435e-008	0.023291
-4.19185e-008	0.00495606
-4.18935e-008	0.0289551
-4.18685e-008	0.0300781
-4.18435e-008	0.0124512
-4.18185e-008	0.00947266
-4.17935e-008	0.00598145
-4.17685e-008	0.0139649
-4.17435e-008	0.0139893
-4.17185e-008	0.0160889
-4.16935e-008	0.0298584
-4.16685e-008	0.020166
-4.16435e-008	0.0191895
-4.16185e-008	0.0266846
-4.15935e-008	0.0266602
-4.15685e-008	0.0280762
-4.15435e-008	0.010083
-4.15185e-008	0.00566407
-4.14935e-008	0.0214356
-4.14685e-008	0.0228516
-4.14435e-008	0.023291
-4.14185e-008	0.0227539
-4.13935e-008	0.0210449
-4.13685e-008	0.0263184
-4.13435e-008	0.025415
-4.13185e-008	0.0227295
-4.12935e-008	0.0224121
-4.12685e-008	0.0181641
-4.12435e-008	0.0207764
-4.12185e-008	0.0156982
-4.11935e-008	0.0133789
-4.11685e-008	0.0275879
-4.11435e-008	0.016919
-4.11185e-008	0.0149902
-4.10935e-008	0.0338623
-4.10685e-008	0.0328858
-4.10435e-008	0.0296875
-4.10185e-008	0.0159912
-4.09935e-008	0.0114014
-4.09685e-008	0.0280762
-4.09435e-008	0.0206787
-4.09185e-008	0.0114502
-4.08935e-008	0.0184815
-4.08685e-008	0.0192871
-4.08435e-008	0.0318604
-4.08185e-008	0.0422119
-4.07935e-008	0.0218262
-4.07685e-008	0.0124756
-4.07435e-008	0.0167481
-4.07185e-008	0.0174072
-4.06935e-008	0.0244385
-4.06685e-008	0.0178711
-4.06435e-008	0.0164795
-4.06185e-008	0.0297363
-4.05935e-008	0.0331543
-4.05685e-008	0.0313965
-4.05435e-008	0.0157227
-4.05185e-008	0.00302735
-4.04935e-008	0.0135742
-4.04685e-008	0.0191162
-4.04435e-008	0.0197998
-4.04185e-008	0.0235352
-4.03935e-008	0.0210938
-4.03685e-008	0.0225342
-4.03435e-008	0.0236084
-4.03185e-008	0.0162109
-4.02935e-008	0.0161133
-4.02685e-008	0.0260254
-4.02435e-008	0.0257568
-4.02185e-008	0.0169434
-4.01935e-008	0.0177246
-4.01685e-008	0.0178467
-4.01435e-008	0.0155274
-4.01185e-008	0.0234619
-4.00935e-008	0.0215576
-4.00685e-008	0.00759278
-4.00435e-008	0.0159668
-4.00185e-008	0.0295654
-3.99935e-008	0.0274658
-3.99685e-008	0.0281494
-3.99435e-008	0.0233643
-3.99185e-008	0.0217285
-3.98935e-008	0.0239502
-3.98685e-008	0.0236572
-3.98435e-008	0.0362061
-3.98185e-008	0.0296387
-3.97935e-008	0.0186768
-3.97685e-008	0.0271973
-3.97435e-008	0.0150391
-3.97185e-008	0.0139404
-3.96935e-008	0.0299316
-3.96685e-008	0.0111816
-3.96435e-008	0.00830079
-3.96185e-008	0.0289551
-3.95935e-008	0.0201904
-3.95685e-008	0.0157959
-3.95435e-008	0.0138184
-3.95185e-008	0.0131348
-3.94935e-008	0.0291016
-3.94685e-008	0.0231445
-3.94435e-008	0.0156006
-3.94185e-008	0.0185791
-3.93935e-008	0.0233887
-3.93685e-008	0.0304932
-3.93435e-008	0.0240723
-3.93185e-008	0.0271973
-3.92935e-008	0.0259766
-3.92685e-008	0.0101807
-3.92435e-008	0.0167725
-3.92185e-008	0.0333984
-3.91935e-008	0.0406738
-3.91685e-008	0.0380127
-3.91435e-008	0.0272461
-3.91185e-008	0.0233399
-3.90935e-008	0.0224609
-3.90685e-008	0.0165527
-3.90435e-008	0.0175293
-3.90185e-008	0.0269531
-3.89935e-008	0.0392822
-3.89685e-008	0.0333252
-3.89435e-008	0.00654298
-3.89185e-008	0.00437012
-3.88935e-008	0.020752
-3.88685e-008	0.0193115
-3.88435e-008	0.0160889
-3.88185e-008	0.0233154
-3.87935e-008	0.0286621
-3.87685e-008	0.0340576
-3.87435e-008	0.036792
-3.87185e-008	0.0310791
-3.86935e-008	0.0227295
-3.86685e-008	0.0126953
-3.86435e-008	0.0177979
-3.86185e-008	0.0201172
-3.85935e-008	0.00922852
-3.85685e-008	0.0185059
-3.85435e-008	0.0171143
-3.85185e-008	0.0125244
-3.84935e-008	0.0328613
-3.84685e-008	0.0326904
-3.84435e-008	0.0183594
-3.84185e-008	0.0172852
-3.83935e-008	0.023291
-3.83685e-008	0.0165039
-3.83435e-008	0.00122071
-3.83185e-008	0.0164551
-3.82935e-008	0.0297363
-3.82685e-008	0.0213623
-3.82435e-008	0.0272949
-3.82185e-008	0.0258789
-3.81935e-008	0.0196045
-3.81685e-008	0.0251709
-3.81435e-008	0.0193359
-3.81185e-008	0.0141602
-3.80935e-008	0.0198486
-3.80685e-008	0.0264404
-3.80435e-008	0.0244629
-3.80185e-008	0.0159912
-3.79935e-008	0.0264404
-3.79685e-008	0.0287842
-3.79435e-008	0.0008545
-3.79185e-008	0.00104981
-3.78935e-008	0.0228027
-3.78685e-008	0.0189453
-3.78435e-008	0.0201416
-3.78185e-008	0.0261963
-3.77935e-008	0.0212891
-3.77685e-008	0.0235107
-3.77435e-008	0.0205566
-3.77185e-008	0.0210693
-3.76935e-008	0.0256836
-3.76685e-008	0.014502
-3.76435e-008	0.010669
-3.76185e-008	0.0166992
-3.75935e-008	0.0215088
-3.75685e-008	0.0254639
-3.75435e-008	0.0167725
-3.75185e-008	0.00656739
-3.74935e-008	0.0108643
-3.74685e-008	0.0174561
-3.74435e-008	0.0224121
-3.74185e-008	0.0309082
-3.73935e-008	0.0335693
-3.73685e-008	0.0334473
-3.73435e-008	0.0233399
-3.73185e-008	0.00722657
-3.72935e-008	0.0213135
-3.72685e-008	0.032251
-3.72435e-008	0.020459
-3.72185e-008	0.0216553
-3.71935e-008	0.02146
-3.71685e-008	0.0189209
-3.71435e-008	0.0254395
-3.71185e-008	0.0253418
-3.70935e-008	0.0214844
-3.70685e-008	0.0256104
-3.70435e-008	0.0252441
-3.70185e-008	0.0120361
-3.69935e-008	0.0178711
-3.69685e-008	0.0301514
-3.69435e-008	0.016626
-3.69185e-008	0.0116943
-3.68935e-008	0.0261719
-3.68685e-008	0.0285645
-3.68435e-008	0.0196533
-3.68185e-008	0.0198731
-3.67935e-008	0.0229248
-3.67685e-008	0.0256836
-3.67435e-008	0.0209717
-3.67185e-008	0.00668946
-3.66935e-008	0.0133301
-3.66685e-008	0.0172852
-3.66435e-008	0.00983887
-3.66185e-008	0.0167481
-3.65935e-008	0.026709
-3.65685e-008	0.0343262
-3.65435e-008	0.0158691
-3.65185e-008	0.00776368
-3.64935e-008	0.0302979
-3.64685e-008	0.0188965
-3.64435e-008	0.00888673
-3.64185e-008	0.0190674
-3.63935e-008	0.0244141
-3.63685e-008	0.0312256
-3.63435e-008	0.0116943
-3.63185e-008	0.0036377
-3.62935e-008	0.0226563
-3.62685e-008	0.0206543
-3.62435e-008	0.0178955
-3.62185e-008	0.0191162
-3.61935e-008	0.0225586
-3.61685e-008	0.0337647
-3.61435e-008	0.0283936
-3.61185e-008	0.0187988
-3.60935e-008	0.0178955
-3.60685e-008	0.0215088
-3.60435e-008	0.0163086
-3.60185e-008	0.0102295
-3.59935e-008	0.025293
-3.59685e-008	0.0210938
-3.59435e-008	0.0162598
-3.59185e-008	0.0390869
-3.58935e-008	0.0355469
-3.58685e-008	0.0255859
-3.58435e-008	0.02854
-3.58185e-008	0.021582
-3.57935e-008	0.0256592
-3.57685e-008	0.02229
-3.57435e-008	0.0025879
-3.57185e-008	0.0101563
-3.56935e-008	0.0259766
-3.56685e-008	0.0258301
-3.56435e-008	0.0318604
-3.56185e-008	0.0289063
-3.55935e-008	0.0196045
-3.55685e-008	0.0291992
-3.55435e-008	0.0291016
-3.55185e-008	0.0233399
-3.54935e-008	0.0260986
-3.54685e-008	0.0211914
-3.54435e-008	0.0268555
-3.54185e-008	0.0220947
-3.53935e-008	0.0109619
-3.53685e-008	0.0296631
-3.53435e-008	0.027002
-3.53185e-008	0.0128662
-3.52935e-008	0.0252197
-3.52685e-008	0.026709
-3.52435e-008	0.0238281
-3.52185e-008	0.0301514
-3.51935e-008	0.0320313
-3.51685e-008	0.0311035
-3.51435e-008	0.0217285
-3.51185e-008	0.0166016
-3.50935e-008	0.0288086
-3.50685e-008	0.0290772
-3.50435e-008	0.0188721
-3.50185e-008	0.0230957
-3.49935e-008	0.0304443
-3.49685e-008	0.0275879
-3.49435e-008	0.0156494
-3.49185e-008	0.0148926
-3.48935e-008	0.0215332
-3.48685e-008	0.0192383
-3.48435e-008	0.0253174
-3.48185e-008	0.0284668
-3.47935e-008	0.0202149
-3.47685e-008	0.0197754
-3.47435e-008	0.0264404
-3.47185e-008	0.0295166
-3.46935e-008	0.0220459
-3.46685e-008	0.0187988
-3.46435e-008	0.0285156
-3.46185e-008	0.0284424
-3.45935e-008	0.0199463
-3.45685e-008	0.0233399
-3.45435e-008	0.0322022
-3.45185e-008	0.0304932
-3.44935e-008	0.0141602
-3.44685e-008	0.0104492
-3.44435e-008	0.0265869
-3.44185e-008	0.0300049
-3.43935e-008	0.0373779
-3.43685e-008	0.0436524
-3.43435e-008	0.0269287
-3.43185e-008	0.028125
-3.42935e-008	0.0341553
-3.42685e-008	0.0234131
-3.42435e-008	0.028418
-3.42185e-008	0.031958
-3.41935e-008	0.0116211
-3.41685e-008	0.0044922
-3.41435e-008	0.0220703
-3.41185e-008	0.0268799
-3.40935e-008	0.0203369
-3.40685e-008	0.0223145
-3.40435e-008	0.020874
-3.40185e-008	0.0149902
-3.39935e-008	0.0230957
-3.39685e-008	0.0370117
-3.39435e-008	0.0327881
-3.39185e-008	0.025415
-3.38935e-008	0.0223145
-3.38685e-008	0.0177734
-3.38435e-008	0.0278809
-3.38185e-008	0.0334717
-3.37935e-008	0.0216309
-3.37685e-008	0.0186524
-3.37435e-008	0.0197998
-3.37185e-008	0.0182129
-3.36935e-008	0.0248779
-3.36685e-008	0.0275635
-3.36435e-008	0.023169
-3.36185e-008	0.0281738
-3.35935e-008	0.0367432
-3.35685e-008	0.0302002
-3.35435e-008	0.0156494
-3.35185e-008	0.0169922
-3.34935e-008	0.0256348
-3.34685e-008	0.0227051
-3.34435e-008	0.0167725
-3.34185e-008	0.0148682
-3.33935e-008	0.0193848
-3.33685e-008	0.0227539
-3.33435e-008	0.0159424
-3.33185e-008	0.0212891
-3.32935e-008	0.0324707
-3.32685e-008	0.0237793
-3.32435e-008	0.0239502
-3.32185e-008	0.0288574
-3.31935e-008	0.0195068
-3.31685e-008	0.027417
-3.31435e-008	0.0308594
-3.31185e-008	0.0187012
-3.30935e-008	0.0234375
-3.30685e-008	0.0266602
-3.30435e-008	0.023999
-3.30185e-008	0.026416
-3.29935e-008	0.0263184
-3.29685e-008	0.0225098
-3.29435e-008	0.0158203
-3.29185e-008	0.0191162
-3.28935e-008	0.029419
-3.28685e-008	0.0280762
-3.28435e-008	0.0255615
-3.28185e-008	0.0217041
-3.27935e-008	0.0176514
-3.27685e-008	0.0316406
-3.27435e-008	0.0338623
-3.27185e-008	0.025293
-3.26935e-008	0.0348389
-3.26685e-008	0.0328613
-3.26435e-008	0.0191406
-3.26185e-008	0.0233887
-3.25935e-008	0.0359375
-3.25685e-008	0.0217285
-3.25435e-008	0.0041504
-3.25185e-008	0.0196045
-3.24935e-008	0.0229248
-3.24685e-008	0.0174072
-3.24435e-008	0.0241211
-3.24185e-008	0.0210205
-3.23935e-008	0.0206299
-3.23685e-008	0.0196533
-3.23435e-008	0.0170654
-3.23185e-008	0.0185059
-3.22935e-008	0.0164551
-3.22685e-008	0.017749
-3.22435e-008	0.0166016
-3.22185e-008	0.0192627
-3.21935e-008	0.0322022
-3.21685e-008	0.0311279
-3.21435e-008	0.0175781
-3.21185e-008	0.0190918
-3.20935e-008	0.0235107
-3.20685e-008	0.0175781
-3.20435e-008	0.0211426
-3.20185e-008	0.0205811
-3.19935e-008	0.011499
-3.19685e-008	0.0122559
-3.19435e-008	0.0117432
-3.19185e-008	0.0176758
-3.18935e-008	0.0292481
-3.18685e-008	0.0257324
-3.18435e-008	0.0182129
-3.18185e-008	0.016333
-3.17935e-008	0.0247803
-3.17685e-008	0.0343262
-3.17435e-008	0.0252197
-3.17185e-008	0.0196533
-3.16935e-008	0.0258545
-3.16685e-008	0.0220947
-3.16435e-008	0.0230957
-3.16185e-008	0.0317627
-3.15935e-008	0.03125
-3.15685e-008	0.0265381
-3.15435e-008	0.0212891
-3.15185e-008	0.0235596
-3.14935e-008	0.0308594
-3.14685e-008	0.0265869
-3.14435e-008	0.0241211
-3.14185e-008	0.0293701
-3.13935e-008	0.0258789
-3.13685e-008	0.0234619
-3.13435e-008	0.0260986
-3.13185e-008	0.0239502
-3.12935e-008	0.0275879
-3.12685e-008	0.0322022
-3.12435e-008	0.0261719
-3.12185e-008	0.0195557
-3.11935e-008	0.0241211
-3.11685e-008	0.0273926
-3.11435e-008	0.0136475
-3.11185e-008	0.0164307
-3.10935e-008	0.0307373
-3.10685e-008	0.0252441
-3.10435e-008	0.0321289
-3.10185e-008	0.0320068
-3.09935e-008	0.0190186
-3.09685e-008	0.022168
-3.09435e-008	0.010669
-3.09185e-008	0.010083
-3.08935e-008	0.0235596
-3.08685e-008	0.0202393
-3.08435e-008	0.0228272
-3.08185e-008	0.0156982
-3.07935e-008	0.00930177
-3.07685e-008	0.0189453
-3.07435e-008	0.0182129
-3.07185e-008	0.0172119
-3.06935e-008	0.0172852
-3.06685e-008	0.0200684
-3.06435e-008	0.0285645
-3.06185e-008	0.0204102
-3.05935e-008	0.01521
-3.05685e-008	0.0289551
-3.05435e-008	0.0303223
-3.05185e-008	0.0327149
-3.04935e-008	0.037793
-3.04685e-008	0.0145752
-3.04435e-008	0.00944825
-3.04185e-008	0.0273926
-3.03935e-008	0.0224365
-3.03685e-008	0.020166
-3.03435e-008	0.0233399
-3.03185e-008	0.0159668
-3.02935e-008	0.0153809
-3.02685e-008	0.0173584
-3.02435e-008	0.0191895
-3.02185e-008	0.0333984
-3.01935e-008	0.0409424
-3.01685e-008	0.0250977
-3.01435e-008	0.0129639
-3.01185e-008	0.0217529
-3.00935e-008	0.0281006
-3.00685e-008	0.0235107
-3.00435e-008	0.0208984
-3.00185e-008	0.01604
-2.99935e-008	0.02146
-2.99685e-008	0.0303223
-2.99435e-008	0.0174072
-2.99185e-008	0.0199951
-2.98935e-008	0.0361328
-2.98685e-008	0.029834
-2.98435e-008	0.0258301
-2.98185e-008	0.0196045
-2.97935e-008	0.0128906
-2.97685e-008	0.0249024
-2.97435e-008	0.0208984
-2.97185e-008	0.0123291
-2.96935e-008	0.0170166
-2.96685e-008	0.0156738
-2.96435e-008	0.0211914
-2.96185e-008	0.0202393
-2.95935e-008	0.0197998
-2.95685e-008	0.0289551
-2.95435e-008	0.0156982
-2.95185e-008	0.0171143
-2.94935e-008	0.0310547
-2.94685e-008	0.0226318
-2.94435e-008	0.0205566
-2.94185e-008	0.0212891
-2.93935e-008	0.0299316
-2.93685e-008	0.043457
-2.93435e-008	0.0347168
-2.93185e-008	0.0263916
-2.92935e-008	0.0279785
-2.92685e-008	0.0298584
-2.92435e-008	0.0284424
-2.92185e-008	0.0174805
-2.91935e-008	0.008667
-2.91685e-008	0.0160645
-2.91435e-008	0.0229981
-2.91185e-008	0.0181885
-2.90935e-008	0.0237061
-2.90685e-008	0.0243897
-2.90435e-008	0.0176758
-2.90185e-008	0.0287842
-2.89935e-008	0.0382324
-2.89685e-008	0.036377
-2.89435e-008	0.0214356
-2.89185e-008	0.0168213
-2.88935e-008	0.0280518
-2.88685e-008	0.0192627
-2.88435e-008	0.013794
-2.88185e-008	0.0128662
-2.87935e-008	0.0187988
-2.87685e-008	0.0337647
-2.87435e-008	0.0223389
-2.87185e-008	0.021875
-2.86935e-008	0.0266358
-2.86685e-008	0.00983887
-2.86435e-008	0.0173828
-2.86185e-008	0.0347412
-2.85935e-008	0.0363525
-2.85685e-008	0.0366699
-2.85435e-008	0.0227539
-2.85185e-008	0.00996095
-2.84935e-008	0.0159424
-2.84685e-008	0.0134766
-2.84435e-008	0.0185303
-2.84185e-008	0.0263428
-2.83935e-008	0.00686036
-2.83685e-008	0.0069336
-2.83435e-008	0.0274414
-2.83185e-008	0.0213867
-2.82935e-008	0.0120361
-2.82685e-008	0.0186035
-2.82435e-008	0.0185547
-2.82185e-008	0.0162842
-2.81935e-008	0.0241455
-2.81685e-008	0.0249024
-2.81435e-008	0.0179932
-2.81185e-008	0.017749
-2.80935e-008	0.0156494
-2.80685e-008	0.0126221
-2.80435e-008	0.0167969
-2.80185e-008	0.0181641
-2.79935e-008	0.0250733
-2.79685e-008	0.0312744
-2.79435e-008	0.0200195
-2.79185e-008	0.0162109
-2.78935e-008	0.0184082
-2.78685e-008	0.0206543
-2.78435e-008	0.0275391
-2.78185e-008	0.0227051
-2.77935e-008	0.0268555
-2.77685e-008	0.037085
-2.77435e-008	0.0340332
-2.77185e-008	0.0317871
-2.76935e-008	0.0197022
-2.76685e-008	0.0121582
-2.76435e-008	0.0256592
-2.76185e-008	0.0196045
-2.75935e-008	0.00913087
-2.75685e-008	0.0239014
-2.75435e-008	0.016626
-2.75185e-008	0.0058838
-2.74935e-008	0.0233154
-2.74685e-008	0.025293
-2.74435e-008	0.0192139
-2.74185e-008	0.0235596
-2.73935e-008	0.0358399
-2.73685e-008	0.0306152
-2.73435e-008	0.00400391
-2.73185e-008	0.0141113
-2.72935e-008	0.0259033
-2.72685e-008	0.0154297
-2.72435e-008	0.0231201
-2.72185e-008	0.0193115
-2.71935e-008	0.0139404
-2.71685e-008	0.0242676
-2.71435e-008	0.0130859
-2.71185e-008	0.00864259
-2.70935e-008	0.0282471
-2.70685e-008	0.0225586
-2.70435e-008	0.0108643
-2.70185e-008	0.0261719
-2.69935e-008	0.0272461
-2.69685e-008	0.0133545
-2.69435e-008	0.0118897
-2.69185e-008	0.0154541
-2.68935e-008	0.0177734
-2.68685e-008	0.0144531
-2.68435e-008	0.0155762
-2.68185e-008	0.0272217
-2.67935e-008	0.0291748
-2.67685e-008	0.0198486
-2.67435e-008	0.0221924
-2.67185e-008	0.0300537
-2.66935e-008	0.0203125
-2.66685e-008	0.0156494
-2.66435e-008	0.0218506
-2.66185e-008	0.0201172
-2.65935e-008	0.0294678
-2.65685e-008	0.0324219
-2.65435e-008	0.0160156
-2.65185e-008	0.0180176
-2.64935e-008	0.0202149
-2.64685e-008	0.0111572
-2.64435e-008	0.0206299
-2.64185e-008	0.0241211
-2.63935e-008	0.0150635
-2.63685e-008	0.0250488
-2.63435e-008	0.0268799
-2.63185e-008	0.0145752
-2.62935e-008	0.0273438
-2.62685e-008	0.0397705
-2.62435e-008	0.0306641
-2.62185e-008	0.0309326
-2.61935e-008	0.0334229
-2.61685e-008	0.0173096
-2.61435e-008	0.0165039
-2.61185e-008	0.0368897
-2.60935e-008	0.0336914
-2.60685e-008	0.0243408
-2.60435e-008	0.0225098
-2.60185e-008	0.0100098
-2.59935e-008	0.0171875
-2.59685e-008	0.0266358
-2.59435e-008	0.0120117
-2.59185e-008	0.0113281
-2.58935e-008	0.0213379
-2.58685e-008	0.0212402
-2.58435e-008	0.0209229
-2.58185e-008	0.0297608
-2.57935e-008	0.0380127
-2.57685e-008	0.0294678
-2.57435e-008	0.0234619
-2.57185e-008	0.0246582
-2.56935e-008	0.0231934
-2.56685e-008	0.0299072
-2.56435e-008	0.0282959
-2.56185e-008	0.020166
-2.55935e-008	0.0227539
-2.55685e-008	0.0111816
-2.55435e-008	-0.00385741
-2.55185e-008	0.0137695
-2.54935e-008	0.0340576
-2.54685e-008	0.020874
-2.54435e-008	0.0147217
-2.54185e-008	0.0267578
-2.53935e-008	0.0189209
-2.53685e-008	0.0213867
-2.53435e-008	0.0337891
-2.53185e-008	0.0324951
-2.52935e-008	0.0398438
-2.52685e-008	0.0323242
-2.52435e-008	0.0239746
-2.52185e-008	0.0205811
-2.51935e-008	0.00339356
-2.51685e-008	0.0203125
-2.51435e-008	0.0280518
-2.51185e-008	0.00732423
-2.50935e-008	0.0208008
-2.50685e-008	0.0307617
-2.50435e-008	0.0225586
-2.50185e-008	0.0126465
-2.49935e-008	0.00561524
-2.49685e-008	0.0193359
-2.49435e-008	0.0208008
-2.49185e-008	0.0164307
-2.48935e-008	0.0168213
-2.48685e-008	0.00500489
-2.48435e-008	0.0175537
-2.48185e-008	0.0315186
-2.47935e-008	0.0261475
-2.47685e-008	0.0360596
-2.47435e-008	0.0362793
-2.47185e-008	0.0227051
-2.46935e-008	0.018457
-2.46685e-008	0.017627
-2.46435e-008	0.0172852
-2.46185e-008	0.0121094
-2.45935e-008	0.0151611
-2.45685e-008	0.0223389
-2.45435e-008	0.0127441
-2.45185e-008	0.0179932
-2.44935e-008	0.0344238
-2.44685e-008	0.0292481
-2.44435e-008	0.0258057
-2.44185e-008	0.0292969
-2.43935e-008	0.0280029
-2.43685e-008	0.0172363
-2.43435e-008	0.0039795
-2.43185e-008	0.0104492
-2.42935e-008	0.0210938
-2.42685e-008	0.0253174
-2.42435e-008	0.0235107
-2.42185e-008	0.0265381
-2.41935e-008	0.042334
-2.41685e-008	0.0326172
-2.41435e-008	0.0175293
-2.41185e-008	0.0286865
-2.40935e-008	0.0320557
-2.40685e-008	0.0235596
-2.40435e-008	0.0172852
-2.40185e-008	0.0104492
-2.39935e-008	0.0125488
-2.39685e-008	0.0230469
-2.39435e-008	0.0145996
-2.39185e-008	0.00524903
-2.38935e-008	0.0239746
-2.38685e-008	0.0275147
-2.38435e-008	0.0128174
-2.38185e-008	0.0233154
-2.37935e-008	0.0356445
-2.37685e-008	0.0261475
-2.37435e-008	0.00959473
-2.37185e-008	0.00173341
-2.36935e-008	0.0118164
-2.36685e-008	0.0268066
-2.36435e-008	0.030542
-2.36185e-008	0.020044
-2.35935e-008	0.0173584
-2.35685e-008	0.0288574
-2.35435e-008	0.0227051
-2.35185e-008	0.0122559
-2.34935e-008	0.0205078
-2.34685e-008	0.0261963
-2.34435e-008	0.0220947
-2.34185e-008	0.0258545
-2.33935e-008	0.0296387
-2.33685e-008	0.0179688
-2.33435e-008	0.0155518
-2.33185e-008	0.023999
-2.32935e-008	0.0203125
-2.32685e-008	0.0225586
-2.32435e-008	0.0379639
-2.32185e-008	0.0375977
-2.31935e-008	0.032666
-2.31685e-008	0.0414063
-2.31435e-008	0.0319336
-2.31185e-008	0.015918
-2.30935e-008	0.0158447
-2.30685e-008	0.0130859
-2.30435e-008	0.0205322
-2.30185e-008	0.026709
-2.29935e-008	0.0191406
-2.29685e-008	0.0280518
-2.29435e-008	0.0267822
-2.29185e-008	0.0107422
-2.28935e-008	0.0243408
-2.28685e-008	0.0281983
-2.28435e-008	0.0103027
-2.28185e-008	0.0186035
-2.27935e-008	0.0253174
-2.27685e-008	0.015918
-2.27435e-008	0.0164063
-2.27185e-008	0.0218018
-2.26935e-008	0.0228272
-2.26685e-008	0.0199707
-2.26435e-008	0.0192139
-2.26185e-008	0.00417481
-2.25935e-008	0.00573731
-2.25685e-008	0.0503662
-2.25435e-008	0.0555908
-2.25185e-008	0.0312744
-2.24935e-008	0.0283691
-2.24685e-008	0.0212158
-2.24435e-008	0.0244629
-2.24185e-008	0.0154297
-2.23935e-008	0.00122071
-2.23685e-008	0.0179688
-2.23435e-008	0.0151611
-2.23185e-008	0.0129639
-2.22935e-008	0.03396
-2.22685e-008	0.0321777
-2.22435e-008	0.0120606
-2.22185e-008	0.00556641
-2.21935e-008	0.021167
-2.21685e-008	0.0247803
-2.21435e-008	0.0187744
-2.21185e-008	0.0299805
-2.20935e-008	0.0320801
-2.20685e-008	0.0259522
-2.20435e-008	0.0279541
-2.20185e-008	0.024707
-2.19935e-008	0.019751
-2.19685e-008	0.0203613
-2.19435e-008	0.0263428
-2.19185e-008	0.029419
-2.18935e-008	0.0212647
-2.18685e-008	0.0181152
-2.18435e-008	0.0249512
-2.18185e-008	0.0300293
-2.17935e-008	0.0296387
-2.17685e-008	0.0223633
-2.17435e-008	0.0129883
-2.17185e-008	0.0153076
-2.16935e-008	0.0229492
-2.16685e-008	0.0136231
-2.16435e-008	0.0167725
-2.16185e-008	0.0327637
-2.15935e-008	0.0192383
-2.15685e-008	0.0172363
-2.15435e-008	0.0284424
-2.15185e-008	0.0229492
-2.14935e-008	0.0337891
-2.14685e-008	0.0380859
-2.14435e-008	0.0217774
-2.14185e-008	0.0162109
-2.13935e-008	0.0159912
-2.13685e-008	0.0168213
-2.13435e-008	0.0178955
-2.13185e-008	0.0168945
-2.12935e-008	0.0192871
-2.12685e-008	0.0222412
-2.12435e-008	0.0228516
-2.12185e-008	0.0191895
-2.11935e-008	0.0178955
-2.11685e-008	0.0180176
-2.11435e-008	0.0151123
-2.11185e-008	0.0229736
-2.10935e-008	0.0185791
-2.10685e-008	0.0090088
-2.10435e-008	0.022168
-2.10185e-008	0.0162109
-2.09935e-008	0.0166748
-2.09685e-008	0.0351563
-2.09435e-008	0.0240723
-2.09185e-008	0.02854
-2.08935e-008	0.0373779
-2.08685e-008	0.0206055
-2.08435e-008	0.0272949
-2.08185e-008	0.0351318
-2.07935e-008	0.0218994
-2.07685e-008	0.0163818
-2.07435e-008	0.0158691
-2.07185e-008	0.0140625
-2.06935e-008	0.0151123
-2.06685e-008	0.020459
-2.06435e-008	0.0230713
-2.06185e-008	0.0219727
-2.05935e-008	0.0199707
-2.05685e-008	0.0132568
-2.05435e-008	0.0139893
-2.05185e-008	0.0260742
-2.04935e-008	0.0322754
-2.04685e-008	0.0286133
-2.04435e-008	0.0291504
-2.04185e-008	0.0291748
-2.03935e-008	0.0218262
-2.03685e-008	0.0219727
-2.03435e-008	0.0200684
-2.03185e-008	0.0138184
-2.02935e-008	0.022583
-2.02685e-008	0.0320801
-2.02435e-008	0.024292
-2.02185e-008	0.0151856
-2.01935e-008	0.0210693
-2.01685e-008	0.024707
-2.01435e-008	0.014502
-2.01185e-008	0.0116943
-2.00935e-008	0.0202393
-2.00685e-008	0.0185547
-2.00435e-008	0.0197022
-2.00185e-008	0.0258057
-1.99935e-008	0.0144043
-1.99685e-008	0.0140137
-1.99435e-008	0.0218506
-1.99185e-008	0.0174072
-1.98935e-008	0.021875
-1.98685e-008	0.0240479
-1.98435e-008	0.020166
-1.98185e-008	0.0239746
-1.97935e-008	0.039502
-1.97685e-008	0.0459961
-1.97435e-008	0.0218994
-1.97185e-008	0.0174072
-1.96935e-008	0.0289307
-1.96685e-008	0.0161621
-1.96435e-008	0.0172363
-1.96185e-008	0.0275635
-1.95935e-008	0.0234619
-1.95685e-008	0.0210205
-1.95435e-008	0.0230713
-1.95185e-008	0.0238281
-1.94935e-008	0.0155762
-1.94685e-008	0.0218018
-1.94435e-008	0.0380859
-1.94185e-008	0.0234863
-1.93935e-008	0.0198975
-1.93685e-008	0.0400391
-1.93435e-008	0.0329102
-1.93185e-008	0.0230225
-1.92935e-008	0.023877
-1.92685e-008	0.0188232
-1.92435e-008	0.0194092
-1.92185e-008	0.017627
-1.91935e-008	0.0186035
-1.91685e-008	0.0215576
-1.91435e-008	0.0188477
-1.91185e-008	0.026001
-1.90935e-008	0.0249024
-1.90685e-008	0.0162598
-1.90435e-008	0.0204102
-1.90185e-008	0.0217041
-1.89935e-008	0.0255371
-1.89685e-008	0.029419
-1.89435e-008	0.0160645
-1.89185e-008	0.0146484
-1.88935e-008	0.0275879
-1.88685e-008	0.0234375
-1.88435e-008	0.0188965
-1.88185e-008	0.0291992
-1.87935e-008	0.0364746
-1.87685e-008	0.0298584
-1.87435e-008	0.0179932
-1.87185e-008	0.0161865
-1.86935e-008	0.0165772
-1.86685e-008	0.0107666
-1.86435e-008	0.0179932
-1.86185e-008	0.0314209
-1.85935e-008	0.0247803
-1.85685e-008	0.0153565
-1.85435e-008	0.0150879
-1.85185e-008	0.0213135
-1.84935e-008	0.0285889
-1.84685e-008	0.0239014
-1.84435e-008	0.0276611
-1.84185e-008	0.0281006
-1.83935e-008	0.0270752
-1.83685e-008	0.0393555
-1.83435e-008	0.0193115
-1.83185e-008	0.00969239
-1.82935e-008	0.0299316
-1.82685e-008	0.0266113
-1.82435e-008	0.0322022
-1.82185e-008	0.0276367
-1.81935e-008	0.00969239
-1.81685e-008	0.0267822
-1.81435e-008	0.0317383
-1.81185e-008	0.0201416
-1.80935e-008	0.0218506
-1.80685e-008	0.0231445
-1.80435e-008	0.0213867
-1.80185e-008	0.0238525
-1.79935e-008	0.0322022
-1.79685e-008	0.0242432
-1.79435e-008	0.0166016
-1.79185e-008	0.0272461
-1.78935e-008	0.024292
-1.78685e-008	0.0128418
-1.78435e-008	0.0106201
-1.78185e-008	0.0142578
-1.77935e-008	0.0206299
-1.77685e-008	0.0266846
-1.77435e-008	0.0237793
-1.77185e-008	0.019458
-1.76935e-008	0.025708
-1.76685e-008	0.0248047
-1.76435e-008	0.0251465
-1.76185e-008	0.0244873
-1.75935e-008	0.019043
-1.75685e-008	0.0291748
-1.75435e-008	0.0225342
-1.75185e-008	0.0169922
-1.74935e-008	0.0333008
-1.74685e-008	0.0252441
-1.74435e-008	0.0136231
-1.74185e-008	0.0197022
-1.73935e-008	0.0328613
-1.73685e-008	0.036499
-1.73435e-008	0.0179199
-1.73185e-008	0.0123291
-1.72935e-008	0.0200684
-1.72685e-008	0.0200928
-1.72435e-008	0.0244873
-1.72185e-008	0.0237549
-1.71935e-008	0.00783692
-1.71685e-008	0.010376
-1.71435e-008	0.0242432
-1.71185e-008	0.0203125
-1.70935e-008	0.0218506
-1.70685e-008	0.0136475
-1.70435e-008	0.010791
-1.70185e-008	0.025
-1.69935e-008	0.0151611
-1.69685e-008	0.0244629
-1.69435e-008	0.0219238
-1.69185e-008	-0.00476073
-1.68935e-008	0.0212158
-1.68685e-008	0.0355225
-1.68435e-008	0.023291
-1.68185e-008	0.0185791
-1.67935e-008	0.00290528
-1.67685e-008	0.0115234
-1.67435e-008	0.0209961
-1.67185e-008	0.0208984
-1.66935e-008	0.0307861
-1.66685e-008	0.0154785
-1.66435e-008	0.0151123
-1.66185e-008	0.0308838
-1.65935e-008	0.0261719
-1.65685e-008	0.0359863
-1.65435e-008	0.0342285
-1.65185e-008	0.0160645
-1.64935e-008	0.0165772
-1.64685e-008	0.0175781
-1.64435e-008	0.017749
-1.64185e-008	0.0138672
-1.63935e-008	0.0103027
-1.63685e-008	0.0196777
-1.63435e-008	0.0227783
-1.63185e-008	0.0226318
-1.62935e-008	0.0205566
-1.62685e-008	0.0170654
-1.62435e-008	0.0224121
-1.62185e-008	0.0170166
-1.61935e-008	0.0150635
-1.61685e-008	0.0234619
-1.61435e-008	0.0203857
-1.61185e-008	0.0301514
-1.60935e-008	0.0335693
-1.60685e-008	0.0134033
-1.60435e-008	0.0166992
-1.60185e-008	0.0268311
-1.59935e-008	0.0301025
-1.59685e-008	0.0368897
-1.59435e-008	0.0233643
-1.59185e-008	0.0287354
-1.58935e-008	0.0427002
-1.58685e-008	0.0151367
-1.58435e-008	0.0128418
-1.58185e-008	0.0320557
-1.57935e-008	0.0274414
-1.57685e-008	0.0313233
-1.57435e-008	0.0274902
-1.57185e-008	0.0104004
-1.56935e-008	0.0158936
-1.56685e-008	0.0281738
-1.56435e-008	0.0199463
-1.56185e-008	0.0169922
-1.55935e-008	0.0269775
-1.55685e-008	0.0229248
-1.55435e-008	0.0194092
-1.55185e-008	0.0174316
-1.54935e-008	0.0135498
-1.54685e-008	0.0206055
-1.54435e-008	0.0266358
-1.54185e-008	0.0269531
-1.53935e-008	0.0270752
-1.53685e-008	0.0266602
-1.53435e-008	0.0175049
-1.53185e-008	0.0158691
-1.52935e-008	0.0209229
-1.52685e-008	0.0136719
-1.52435e-008	0.011377
-1.52185e-008	0.00747071
-1.51935e-008	0.0178955
-1.51685e-008	0.0436279
-1.51435e-008	0.0388672
-1.51185e-008	0.025708
-1.50935e-008	0.0273682
-1.50685e-008	0.023877
-1.50435e-008	0.0133789
-1.50185e-008	0.0176514
-1.49935e-008	0.0268311
-1.49685e-008	0.024585
-1.49435e-008	0.0247803
-1.49185e-008	0.0171143
-1.48935e-008	0.0167969
-1.48685e-008	0.0255127
-1.48435e-008	0.0181397
-1.48185e-008	0.016333
-1.47935e-008	0.0208984
-1.47685e-008	0.0227783
-1.47435e-008	0.0307373
-1.47185e-008	0.0384033
-1.46935e-008	0.0286865
-1.46685e-008	0.0114746
-1.46435e-008	0.0110596
-1.46185e-008	0.0149414
-1.45935e-008	0.0251221
-1.45685e-008	0.0313965
-1.45435e-008	0.00847169
-1.45185e-008	0.00234376
-1.44935e-008	0.0252197
-1.44685e-008	0.032544
-1.44435e-008	0.0220947
-1.44185e-008	0.00756837
-1.43935e-008	0.0186035
-1.43685e-008	0.0437744
-1.43435e-008	0.0275147
-1.43185e-008	0.0124024
-1.42935e-008	0.0251953
-1.42685e-008	0.0216309
-1.42435e-008	0.0241455
-1.42185e-008	0.0293457
-1.41935e-008	0.0237549
-1.41685e-008	0.0341797
-1.41435e-008	0.0210693
-1.41185e-008	0.00236817
-1.40935e-008	0.0194824
-1.40685e-008	0.0239502
-1.40435e-008	0.0202881
-1.40185e-008	0.0200684
-1.39935e-008	0.0183106
-1.39685e-008	0.0260742
-1.39435e-008	0.0232666
-1.39185e-008	0.0261231
-1.38935e-008	0.0270508
-1.38685e-008	0.0121338
-1.38435e-008	0.0143799
-1.38185e-008	0.0152588
-1.37935e-008	0.0181397
-1.37685e-008	0.025415
-1.37435e-008	0.0181885
-1.37185e-008	0.0209717
-1.36935e-008	0.0168701
-1.36685e-008	0.0141357
-1.36435e-008	0.0211914
-1.36185e-008	0.0126709
-1.35935e-008	0.0239746
-1.35685e-008	0.0296631
-1.35435e-008	0.0132813
-1.35185e-008	0.0152344
-1.34935e-008	0.00949708
-1.34685e-008	0.00837403
-1.34435e-008	0.0271729
-1.34185e-008	0.0256592
-1.33935e-008	0.0219727
-1.33685e-008	0.0281006
-1.33435e-008	0.0153809
-1.33185e-008	0.021582
-1.32935e-008	0.0430908
-1.32685e-008	0.0245606
-1.32435e-008	0.0133301
-1.32185e-008	0.0152832
-1.31935e-008	0.00751954
-1.31685e-008	0.0237549
-1.31435e-008	0.0306152
-1.31185e-008	0.0234619
-1.30935e-008	0.0314697
-1.30685e-008	0.0297119
-1.30435e-008	0.0183838
-1.30185e-008	0.020044
-1.29935e-008	0.0272705
-1.29685e-008	0.0228027
-1.29435e-008	0.0223389
-1.29185e-008	0.0225342
-1.28935e-008	0.00649415
-1.28685e-008	0.00747071
-1.28435e-008	0.0268311
-1.28185e-008	0.0210693
-1.27935e-008	0.015332
-1.27685e-008	0.0284668
-1.27435e-008	0.0131836
-1.27185e-008	0.00493165
-1.26935e-008	0.025293
-1.26685e-008	0.0248047
-1.26435e-008	0.0214356
-1.26185e-008	0.0211914
-1.25935e-008	0.0219238
-1.25685e-008	0.018042
-1.25435e-008	0.00285645
-1.25185e-008	0.0204346
-1.24935e-008	0.0329346
-1.24685e-008	0.0133057
-1.24435e-008	0.0182373
-1.24185e-008	0.028833
-1.23935e-008	0.0273682
-1.23685e-008	0.0264404
-1.23435e-008	0.0122315
-1.23185e-008	0.0120117
-1.22935e-008	0.0234619
-1.22685e-008	0.0216797
-1.22435e-008	0.0288574
-1.22185e-008	0.0233887
-1.21935e-008	0.00202637
-1.21685e-008	0.00495606
-1.21435e-008	0.0166504
-1.21185e-008	0.0218018
-1.20935e-008	0.0250977
-1.20685e-008	0.0206055
-1.20435e-008	0.0121094
-1.20185e-008	0.0157715
-1.19935e-008	0.0292481
-1.19685e-008	0.0276367
-1.19435e-008	0.0191162
-1.19185e-008	0.01875
-1.18935e-008	0.0135986
-1.18685e-008	0.0129883
-1.18435e-008	0.0149902
-1.18185e-008	0.00732423
-1.17935e-008	0.0219482
-1.17685e-008	0.0380615
-1.17435e-008	0.0210938
-1.17185e-008	0.0162598
-1.16935e-008	0.0220947
-1.16685e-008	0.0104248
-1.16435e-008	0.00747071
-1.16185e-008	0.0166748
-1.15935e-008	0.0222412
-1.15685e-008	0.0253906
-1.15435e-008	0.025293
-1.15185e-008	0.0330811
-1.14935e-008	0.0381104
-1.14685e-008	0.0182617
-1.14435e-008	0.0098877
-1.14185e-008	0.0175781
-1.13935e-008	0.0191406
-1.13685e-008	0.0269287
-1.13435e-008	0.0239014
-1.13185e-008	0.0179443
-1.12935e-008	0.0256836
-1.12685e-008	0.0234863
-1.12435e-008	0.0251221
-1.12185e-008	0.0338379
-1.11935e-008	0.0244629
-1.11685e-008	0.0152832
-1.11435e-008	0.0177002
-1.11185e-008	0.0187744
-1.10935e-008	0.0183106
-1.10685e-008	0.00905762
-1.10435e-008	0.0116699
-1.10185e-008	0.0311768
-1.09935e-008	0.0262207
-1.09685e-008	0.0200684
-1.09435e-008	0.0260254
-1.09185e-008	0.0177002
-1.08935e-008	0.0154297
-1.08685e-008	0.0229492
-1.08435e-008	0.0271729
-1.08185e-008	0.0226563
-1.07935e-008	0.0195801
-1.07685e-008	0.0310791
-1.07435e-008	0.0242432
-1.07185e-008	0.0166748
-1.06935e-008	0.035083
-1.06685e-008	0.0321045
-1.06435e-008	0.0214111
-1.06185e-008	0.0235596
-1.05935e-008	0.0253418
-1.05685e-008	0.0243408
-1.05435e-008	0.00625001
-1.05185e-008	0.0101318
-1.04935e-008	0.024707
-1.04685e-008	0.0187256
-1.04435e-008	0.0273682
-1.04185e-008	0.0240967
-1.03935e-008	0.020752
-1.03685e-008	0.037793
-1.03435e-008	0.0303955
-1.03185e-008	0.0204102
-1.02935e-008	0.0213135
-1.02685e-008	0.0188477
-1.02435e-008	0.0274902
-1.02185e-008	0.0286133
-1.01935e-008	0.023169
-1.01685e-008	0.0330322
-1.01435e-008	0.0300293
-1.01185e-008	0.0216553
-1.00935e-008	0.0195313
-1.00685e-008	0.0060547
-1.00435e-008	0.0142334
-1.00185e-008	0.0250488
-9.993504e-009	0.0193359
-9.968504e-009	0.026709
-9.943504e-009	0.020752
-9.918504e-009	0.0134522
-9.893504e-009	0.0229981
-9.868504e-009	0.023877
-9.843504e-009	0.0230225
-9.818504e-009	0.0176758
-9.793504e-009	0.0187256
-9.768504e-009	0.0322022
-9.743504e-009	0.0216553
-9.718504e-009	0.00949708
-9.693504e-009	0.0177246
-9.668504e-009	0.0153076
-9.643504e-009	0.0111816
-9.618504e-009	0.0106201
-9.593504e-009	0.0145996
-9.568504e-009	0.0248535
-9.543504e-009	0.0157227
-9.518504e-009	0.0142578
-9.493504e-009	0.0339844
-9.468504e-009	0.0296143
-9.443504e-009	0.0105469
-9.418504e-009	0.0134522
-9.393504e-009	0.0279297
-9.368504e-009	0.0282959
-9.343504e-009	0.0153565
-9.318504e-009	0.0176025
-9.293504e-009	0.0275391
-9.268504e-009	0.0228027
-9.243504e-009	0.0261963
-9.218504e-009	0.0255371
-9.193504e-009	0.0217774
-9.168504e-009	0.033667
-9.143504e-009	0.0199219
-9.118504e-009	0.00874024
-9.093504e-009	0.0289795
-9.068504e-009	0.0298828
-9.043504e-009	0.0202149
-9.018504e-009	0.0248291
-8.993504e-009	0.0311768
-8.968504e-009	0.0276123
-8.943504e-009	0.0155518
-8.918504e-009	0.0197022
-8.893504e-009	0.0272217
-8.868504e-009	0.0208984
-8.843504e-009	0.0248047
-8.818504e-009	0.0237793
-8.793504e-009	0.0221191
-8.768504e-009	0.0293701
-8.743504e-009	0.0161865
-8.718504e-009	0.0188232
-8.693504e-009	0.0376221
-8.668504e-009	0.0250488
-8.643504e-009	0.0178711
-8.618504e-009	0.0264649
-8.593504e-009	0.0218994
-8.568504e-009	0.0203125
-8.543504e-009	0.0180908
-8.518504e-009	0.015918
-8.493504e-009	0.0297119
-8.468504e-009	0.0277832
-8.443504e-009	0.0130615
-8.418504e-009	0.0121094
-8.393504e-009	0.0126221
-8.368504e-009	0.0128174
-8.343504e-009	0.012915
-8.318504e-009	0.0152344
-8.293504e-009	0.0179932
-8.268504e-009	0.0157959
-8.243504e-009	0.0255615
-8.218504e-009	0.0344238
-8.193504e-009	0.0290039
-8.168504e-009	0.0287598
-8.143504e-009	0.0209961
-8.118504e-009	0.00939942
-8.093504e-009	0.0232178
-8.068504e-009	0.0280518
-8.043504e-009	0.015625
-8.018504e-009	0.0156738
-7.993504e-009	0.0204834
-7.968504e-009	0.0269775
-7.943504e-009	0.0206055
-7.918504e-009	0.0125
-7.893504e-009	0.0253418
-7.868504e-009	0.0272949
-7.843504e-009	0.0274414
-7.818504e-009	0.0336426
-7.793504e-009	0.015918
-7.768504e-009	0.0105713
-7.743504e-009	0.0221436
-7.718504e-009	0.0170166
-7.693504e-009	0.0158447
-7.668504e-009	0.0135742
-7.643504e-009	0.0186524
-7.618504e-009	0.0337891
-7.593504e-009	0.0322998
-7.568504e-009	0.0332031
-7.543504e-009	0.026416
-7.518504e-009	0.0148926
-7.493504e-009	0.0171143
-7.468504e-009	0.0200684
-7.443504e-009	0.0254883
-7.418504e-009	0.0212647
-7.393504e-009	0.0273926
-7.368504e-009	0.0363525
-7.343504e-009	0.0112793
-7.318504e-009	0.00742188
-7.293504e-009	0.0241699
-7.268504e-009	0.0174072
-7.243504e-009	0.0195557
-7.218504e-009	0.0242188
-7.193504e-009	0.0190918
-7.168504e-009	0.0260986
-7.143504e-009	0.0260254
-7.118504e-009	0.0174072
-7.093504e-009	0.0165527
-7.068504e-009	0.0199219
-7.043504e-009	0.0261475
-7.018504e-009	0.0275391
-6.993504e-009	0.0269531
-6.968504e-009	0.022583
-6.943504e-009	0.0184082
-6.918504e-009	0.0256104
-6.893504e-009	0.017627
-6.868504e-009	0.00898438
-6.843504e-009	0.017041
-6.818504e-009	0.0130371
-6.793504e-009	0.0183106
-6.768504e-009	0.0261963
-6.743504e-009	0.0185791
-6.718504e-009	0.029126
-6.693504e-009	0.0322754
-6.668504e-009	0.0174561
-6.643504e-009	0.0242676
-6.618504e-009	0.0297852
-6.593504e-009	0.0181397
-6.568504e-009	0.0158447
-6.543504e-009	0.0160645
-6.518504e-009	0.0170166
-6.493504e-009	0.0258545
-6.468504e-009	0.0244385
-6.443504e-009	0.0255859
-6.418504e-009	0.0249756
-6.393504e-009	0.0109375
-6.368504e-009	0.0222412
-6.343504e-009	0.0320068
-6.318504e-009	0.0161133
-6.293504e-009	0.0192627
-6.268504e-009	0.0273682
-6.243504e-009	0.0213135
-6.218504e-009	0.0253662
-6.193504e-009	0.0287842
-6.168504e-009	0.0224121
-6.143504e-009	0.0237305
-6.118504e-009	0.0182617
-6.093504e-009	0.0117188
-6.068504e-009	0.0241455
-6.043504e-009	0.0324219
-6.018504e-009	0.0273193
-5.993504e-009	0.0177979
-5.968504e-009	0.0215576
-5.943504e-009	0.0286621
-5.918504e-009	0.0226074
-5.893504e-009	0.0224121
-5.868504e-009	0.0174561
-5.843504e-009	0.0187988
-5.818504e-009	0.0324219
-5.793504e-009	0.0332764
-5.768504e-009	0.0251221
-5.743504e-009	0.00949708
-5.718504e-009	0.0120361
-5.693504e-009	0.0276611
-5.668504e-009	0.0277588
-5.643504e-009	0.0249756
-5.618504e-009	0.0135254
-5.593504e-009	0.00764161
-5.568504e-009	0.019751
-5.543504e-009	0.0272461
-5.518504e-009	0.0289063
-5.493504e-009	0.0208252
-5.468504e-009	0.0103272
-5.443504e-009	0.0144043
-5.418504e-009	0.0226563
-5.393504e-009	0.0276367
-5.368504e-009	0.0247315
-5.343504e-009	0.0208984
-5.318504e-009	0.023169
-5.293504e-009	0.014209
-5.268504e-009	0.0136719
-5.243504e-009	0.0274902
-5.218504e-009	0.0239014
-5.193504e-009	0.0215332
-5.168504e-009	0.0200928
-5.143504e-009	0.0109131
-5.118504e-009	0.0242188
-5.093504e-009	0.0354492
-5.068504e-009	0.0265137
-5.043504e-009	0.030127
-5.018504e-009	0.0323731
-4.993504e-009	0.0215576
-4.968504e-009	0.024707
-4.943504e-009	0.0214356
-4.918504e-009	0.0138428
-4.893504e-009	0.028125
-4.868504e-009	0.0253662
-4.843504e-009	0.0212891
-4.818504e-009	0.030127
-4.793504e-009	0.0145996
-4.768504e-009	0.00913087
-4.743504e-009	0.0131104
-4.718504e-009	0.0110352
-4.693504e-009	0.0214356
-4.668504e-009	0.0239502
-4.643504e-009	0.0207031
-4.618504e-009	0.02229
-4.593504e-009	0.0315674
-4.568504e-009	0.029419
-4.543504e-009	0.00893555
-4.518504e-009	0.0175781
-4.493504e-009	0.0307373
-4.468504e-009	0.0228272
-4.443504e-009	0.0147949
-4.418504e-009	0.00854493
-4.393504e-009	0.0260254
-4.368504e-009	0.0383057
-4.343504e-009	0.0198242
-4.318504e-009	0.014917
-4.293504e-009	0.0206299
-4.268504e-009	0.0170899
-4.243504e-009	0.020166
-4.218504e-009	0.027832
-4.193504e-009	0.0276367
-4.168504e-009	0.022876
-4.143504e-009	0.0144531
-4.118504e-009	0.0159668
-4.093504e-009	0.0239014
-4.068504e-009	0.0114502
-4.043504e-009	0.0102051
-4.018504e-009	0.027124
-3.993504e-009	0.0328613
-3.968504e-009	0.0259277
-3.943504e-009	0.00983887
-3.918504e-009	0.0203613
-3.893504e-009	0.0293945
-3.868504e-009	0.0152344
-3.843504e-009	0.0226563
-3.818504e-009	0.0225586
-3.793504e-009	0.0210449
-3.768504e-009	0.0336426
-3.743504e-009	0.0255615
-3.718504e-009	0.0256592
-3.693504e-009	0.0408691
-3.668504e-009	0.0330566
-3.643504e-009	0.0156006
-3.618504e-009	0.0139893
-3.593504e-009	0.0223389
-3.568504e-009	0.0306152
-3.543504e-009	0.0266602
-3.518504e-009	0.0165772
-3.493504e-009	0.0181641
-3.468504e-009	0.0211182
-3.443504e-009	0.0221924
-3.418504e-009	0.0227295
-3.393504e-009	0.020166
-3.368504e-009	0.0250733
-3.343504e-009	0.0269531
-3.318504e-009	0.0161377
-3.293504e-009	0.0189209
-3.268504e-009	0.0251221
-3.243504e-009	0.0121338
-3.218504e-009	0.0169434
-3.193504e-009	0.0343506
-3.168504e-009	0.025415
-3.143504e-009	0.0113281
-3.118504e-009	0.013916
-3.093504e-009	0.0210693
-3.068504e-009	0.0215332
-3.043504e-009	0.0263184
-3.018504e-009	0.0317627
-2.993504e-009	0.026001
-2.968504e-009	0.0288574
-2.943504e-009	0.0293213
-2.918504e-009	0.0194092
-2.893504e-009	0.023877
-2.868504e-009	0.0276611
-2.843504e-009	0.0245117
-2.818504e-009	0.0227051
-2.793504e-009	0.0198975
-2.768504e-009	0.0202393
-2.743504e-009	0.0196289
-2.718504e-009	0.0239502
-2.693504e-009	0.0244141
-2.668504e-009	0.0196045
-2.643504e-009	0.0228516
-2.618504e-009	0.0166992
-2.593504e-009	0.0186279
-2.568504e-009	0.0333008
-2.543504e-009	0.0173828
-2.518504e-009	0.00668946
-2.493504e-009	0.0257568
-2.468504e-009	0.0253174
-2.443504e-009	0.0188965
-2.418504e-009	0.0248779
-2.393504e-009	0.0219727
-2.368504e-009	0.0172607
-2.343504e-009	0.0191162
-2.318504e-009	0.0263184
-2.293504e-009	0.0243897
-2.268504e-009	0.0118164
-2.243504e-009	0.0166748
-2.218504e-009	0.0306397
-2.193504e-009	0.0331787
-2.168504e-009	0.0292481
-2.143504e-009	0.020459
-2.118504e-009	0.0162109
-2.093504e-009	0.0179443
-2.068504e-009	0.0135986
-2.043504e-009	0.0140869
-2.018504e-009	0.0202881
-1.993504e-009	0.0289551
-1.968504e-009	0.0350098
-1.943504e-009	0.0214356
-1.918504e-009	0.0149414
-1.893504e-009	0.0228516
-1.868504e-009	0.018335
-1.843504e-009	0.0199219
-1.818504e-009	0.0261231
-1.793504e-009	0.0251465
-1.768504e-009	0.0310791
-1.743504e-009	0.0217041
-1.718504e-009	0.0074463
-1.693504e-009	0.0190674
-1.668504e-009	0.023877
-1.643504e-009	0.0246826
-1.618504e-009	0.0282959
-1.593504e-009	0.0201416
-1.568504e-009	0.0271729
-1.543504e-009	0.0288574
-1.518504e-009	0.0223877
-1.493504e-009	0.0330322
-1.468504e-009	0.0252441
-1.443504e-009	0.0126221
-1.418504e-009	0.0237305
-1.393504e-009	0.0318848
-1.368504e-009	0.023877
-1.343504e-009	0.0138916
-1.318504e-009	0.022168
-1.293504e-009	0.0323975
-1.268504e-009	0.0209961
-1.243504e-009	0.0140625
-1.218504e-009	0.0201416
-1.193504e-009	0.0249512
-1.168504e-009	0.02771
-1.143504e-009	0.0192627
-1.118504e-009	0.0171631
-1.093504e-009	0.0223877
-1.068504e-009	0.0161621
-1.043504e-009	0.0241455
-1.018504e-009	0.029834
-9.93504e-010	0.0198731
-9.68504e-010	0.0253906
-9.43504e-010	0.0261475
-9.18504e-010	0.0172607
-8.93504e-010	0.0203369
-8.68504e-010	0.023169
-8.43504e-010	0.0214356
-8.18504e-010	0.0166504
-7.93504e-010	0.0196289
-7.68504e-010	0.0306641
-7.43504e-010	0.0211182
-7.18504e-010	0.0237793
-6.93504e-010	0.0378662
-6.68504e-010	0.0127441
-6.43504e-010	0.00500489
-6.18504e-010	0.0196289
-5.93504e-010	0.0182617
-5.68504e-010	0.0266602
-5.43504e-010	0.0263428
-5.18504e-010	0.0198975
-4.93504e-010	0.0223633
-4.68504e-010	0.020752
-4.43504e-010	0.0259033
-4.18504e-010	0.0342529
-3.93504e-010	0.0372315
-3.68504e-010	0.0335693
-3.43504e-010	0.0198486
-3.18504e-010	0.00651856
-2.93504e-010	0.00915528
-2.68504e-010	0.0149658
-2.43504e-010	0.00859376
-2.18504e-010	0.00417481
-1.93504e-010	0.00822755
-1.68504e-010	0.00827637
-1.43504e-010	0.000537117
-1.18504e-010	-0.00478515
-9.350397e-011	-0.00844726
-6.850397e-011	-0.0119629
-4.350397e-011	-0.019458
-1.850397e-011	-0.0401123
6.496031e-012	-0.05271
3.149603e-011	-0.0466064
5.649603e-011	-0.0441406
8.149603e-011	-0.0508301
1.06496e-010	-0.0445312
1.31496e-010	-0.0282226
1.56496e-010	-0.0331787
1.81496e-010	-0.0411133
2.06496e-010	-0.0283691
2.31496e-010	-0.0333496
2.56496e-010	-0.0529785
2.81496e-010	-0.0340332
3.06496e-010	-0.000195305
3.31496e-010	-0.00576171
3.56496e-010	-0.027124
3.81496e-010	-0.0150391
4.06496e-010	0.00617677
4.31496e-010	-0.00146484
4.56496e-010	-0.0059082
4.81496e-010	0.00205079
5.06496e-010	0.00529786
5.31496e-010	0.013916
5.56496e-010	0.0150391
5.81496e-010	0.00878907
6.06496e-010	0.0229492
6.31496e-010	0.0383789
6.56496e-010	0.0356934
6.81496e-010	0.0332764
7.06496e-010	0.0261231
7.31496e-010	0.0231934
7.56496e-010	0.0324463
7.81496e-010	0.0269287
8.06496e-010	0.0271484
8.31496e-010	0.0312744
8.56496e-010	0.0149414
8.81496e-010	0.0185547
9.06496e-010	0.0339111
9.31496e-010	0.0324219
9.56496e-010	0.0359131
9.81496e-010	0.0333984
1.006496e-009	0.0318848
1.031496e-009	0.0413818
1.056496e-009	0.031665
1.081496e-009	0.0308838
1.106496e-009	0.0375244
1.131496e-009	0.020044
1.156496e-009	0.0266602
1.181496e-009	0.037793
1.206496e-009	0.0273682
1.231496e-009	0.032959
1.256496e-009	0.0238281
1.281496e-009	0.0225342
1.306496e-009	0.0444092
1.331496e-009	0.0214111
1.356496e-009	0.00705567
1.381496e-009	0.0354492
1.406496e-009	0.0372803
1.431496e-009	0.0283447
1.456496e-009	0.0279541
1.481496e-009	0.0188721
1.506496e-009	0.0128662
1.531496e-009	0.0149414
1.556496e-009	0.026709
1.581496e-009	0.0292969
1.606496e-009	0.0250488
1.631496e-009	0.0212647
1.656496e-009	0.00427247
1.681496e-009	0.0142334
1.706496e-009	0.0288818
1.731496e-009	0.00905762
1.756496e-009	0.0117676
1.781496e-009	0.0263428
1.806496e-009	0.0271484
1.831496e-009	0.030127
1.856496e-009	0.0129395
1.881496e-009	0.00859376
1.906496e-009	0.0287354
1.931496e-009	0.0224854
1.956496e-009	0.0154785
1.981496e-009	0.0226807
2.006496e-009	0.0242432
2.031496e-009	0.024292
2.056496e-009	0.024707
2.081496e-009	0.0259277
2.106496e-009	0.0207031
2.131496e-009	0.0233887
2.156496e-009	0.0327881
2.181496e-009	0.0262695
2.206496e-009	0.0243164
2.231496e-009	0.0303223
2.256496e-009	0.0259033
2.281496e-009	0.0236084
2.306496e-009	0.027417
2.331496e-009	0.0205811
2.356496e-009	0.0204102
2.381496e-009	0.0383057
2.406496e-009	0.0399658
2.431496e-009	0.0226074
2.456496e-009	0.0117188
2.481496e-009	0.0191895
2.506496e-009	0.0268799
2.531496e-009	0.0178711
2.556496e-009	0.021875
2.581496e-009	0.0274902
2.606496e-009	0.0193359
2.631496e-009	0.0251465
2.656496e-009	0.0226074
2.681496e-009	0.0199951
2.706496e-009	0.0303711
2.731496e-009	0.0156494
2.756496e-009	0.00620118
2.781496e-009	0.0233154
2.806496e-009	0.0348145
2.831496e-009	0.0334473
2.856496e-009	0.0282715
2.881496e-009	0.0275147
2.906496e-009	0.0208496
2.931496e-009	0.019165
2.956496e-009	0.030249
2.981496e-009	0.023291
3.006496e-009	0.0213135
3.031496e-009	0.0282715
3.056496e-009	0.0143555
3.081496e-009	0.0179443
3.106496e-009	0.0302002
3.131496e-009	0.0210693
3.156496e-009	0.0195557
3.181496e-009	0.0233154
3.206496e-009	0.0317627
3.231496e-009	0.042627
3.256496e-009	0.0302734
3.281496e-009	0.0136231
3.306496e-009	0.0169434
3.331496e-009	0.0258789
3.356496e-009	0.0224854
3.381496e-009	0.0186035
3.406496e-009	0.0289307
3.431496e-009	0.0289063
3.456496e-009	0.0107666
3.481496e-009	0.0107178
3.506496e-009	0.021582
3.531496e-009	0.0208252
3.556496e-009	0.0251221
3.581496e-009	0.0269775
3.606496e-009	0.0177979
3.631496e-009	0.00507813
3.656496e-009	0.00612794
3.681496e-009	0.0199707
3.706496e-009	0.0147705
3.731496e-009	0.0179932
3.756496e-009	0.0269775
3.781496e-009	0.0165283
3.806496e-009	0.0220703
3.831496e-009	0.0271484
3.856496e-009	0.0178223
3.881496e-009	0.0176514
3.906496e-009	0.0229492
3.931496e-009	0.0201416
3.956496e-009	0.0119385
3.981496e-009	0.0196533
4.006496e-009	0.0256348
4.031496e-009	0.0187012
4.056496e-009	0.0148193
4.081496e-009	0.0124756
4.106496e-009	0.0203857
4.131496e-009	0.0223633
4.156496e-009	0.0161133
4.181496e-009	0.021582
4.206496e-009	0.0261475
4.231496e-009	0.03125
4.256496e-009	0.0326904
4.281496e-009	0.0246582
4.306496e-009	0.0186524
4.331496e-009	0.0163086
4.356496e-009	0.0167481
4.381496e-009	0.0163086
4.406496e-009	0.0240967
4.431496e-009	0.0290039
4.456496e-009	0.0198486
4.481496e-009	0.0246582
4.506496e-009	0.0312256
4.531496e-009	0.0156738
4.556496e-009	0.00932618
4.581496e-009	0.0229248
4.606496e-009	0.030542
4.631496e-009	0.034668
4.656496e-009	0.0336426
4.681496e-009	0.0247559
4.706496e-009	0.0274414
4.731496e-009	0.0197022
4.756496e-009	-0.00151366
4.781496e-009	0.00200196
4.806496e-009	0.0199463
4.831496e-009	0.0245361
4.856496e-009	0.0131348
4.881496e-009	0.00681153
4.906496e-009	0.0191406
4.931496e-009	0.0298584
4.956496e-009	0.0270264
4.981496e-009	0.0235107
5.006496e-009	0.0268066
5.031496e-009	0.0239258
5.056496e-009	0.016333
5.081496e-009	0.0207031
5.106496e-009	0.0202881
5.131496e-009	0.0111572
5.156496e-009	0.0148438
5.181496e-009	0.022583
5.206496e-009	0.0264404
5.231496e-009	0.024585
5.256496e-009	0.0213379
5.281496e-009	0.0273926
5.306496e-009	0.025415
5.331496e-009	0.0176514
5.356496e-009	0.0177246
5.381496e-009	0.0205322
5.406496e-009	0.0226074
5.431496e-009	0.0188965
5.456496e-009	0.0175537
5.481496e-009	0.0185791
5.506496e-009	0.0192871
5.531496e-009	0.0265381
5.556496e-009	0.0321533
5.581496e-009	0.0296631
5.606496e-009	0.0197022
5.631496e-009	0.0121094
5.656496e-009	0.0125732
5.681496e-009	0.0164795
5.706496e-009	0.0218262
5.731496e-009	0.0218994
5.756496e-009	0.0234863
5.781496e-009	0.0305664
5.806496e-009	0.0333984
5.831496e-009	0.0299072
5.856496e-009	0.0192871
5.881496e-009	0.0147217
5.906496e-009	0.020166
5.931496e-009	0.0207031
5.956496e-009	0.0277344
5.981496e-009	0.0337402
6.006496e-009	0.0231934
6.031496e-009	0.0157959
6.056496e-009	0.0163086
6.081496e-009	0.0204834
6.106496e-009	0.011377
6.131496e-009	0.00485841
6.156496e-009	0.0316406
6.181496e-009	0.0355713
6.206496e-009	0.0234131
6.231496e-009	0.0374512
6.256496e-009	0.0289551
6.281496e-009	0.0146729
6.306496e-009	0.0263428
6.331496e-009	0.032544
6.356496e-009	0.0260498
6.381496e-009	0.0163574
6.406496e-009	0.0228027
6.431496e-009	0.0254395
6.456496e-009	0.0101563
6.481496e-009	0.0130859
6.506496e-009	0.0176025
6.531496e-009	0.0187744
6.556496e-009	0.0249756
6.581496e-009	0.0136475
6.606496e-009	0.018457
6.631496e-009	0.0310791
6.656496e-009	0.0124512
6.681496e-009	0.00957032
6.706496e-009	0.0166992
6.731496e-009	0.0117188
6.756496e-009	0.0184815
6.781496e-009	0.00935059
6.806496e-009	0.00690919
6.831496e-009	0.0251221
6.856496e-009	0.0199219
6.881496e-009	0.0216065
6.906496e-009	0.0276611
6.931496e-009	0.0183594
6.956496e-009	0.0174805
6.981496e-009	0.0188232
7.006496e-009	0.0265381
7.031496e-009	0.026294
7.056496e-009	0.0154053
7.081496e-009	0.0244385
7.106496e-009	0.0290772
7.131496e-009	0.0212402
7.156496e-009	0.0270264
7.181496e-009	0.0286865
7.206496e-009	0.0173828
7.231496e-009	0.0189209
7.256496e-009	0.0226318
7.281496e-009	0.0196045
7.306496e-009	0.0228027
7.331496e-009	0.01521
7.356496e-009	0.0128418
7.381496e-009	0.0238281
7.406496e-009	0.019165
7.431496e-009	0.0169922
7.456496e-009	0.0195557
7.481496e-009	0.017627
7.506496e-009	0.0230225
7.531496e-009	0.016626
7.556496e-009	0.0148193
7.581496e-009	0.0268311
7.606496e-009	0.0198731
7.631496e-009	0.0224121
7.656496e-009	0.0286377
7.681496e-009	0.0210938
7.706496e-009	0.0305176
7.731496e-009	0.0302979
7.756496e-009	0.0274414
7.781496e-009	0.034375
7.806496e-009	0.0229492
7.831496e-009	0.0146729
7.856496e-009	0.0175293
7.881496e-009	0.0265381
7.906496e-009	0.0242432
7.931496e-009	0.0168457
7.956496e-009	0.0329346
7.981496e-009	0.0295166
8.006496e-009	0.0214111
8.031496e-009	0.0374268
8.056496e-009	0.0290527
8.081496e-009	0.018335
8.106496e-009	0.0231445
8.131496e-009	0.0118897
8.156496e-009	0.0139404
8.181496e-009	0.0312256
8.206496e-009	0.02854
8.231496e-009	0.0212647
8.256496e-009	0.0179688
8.281496e-009	0.0166016
8.306496e-009	0.014502
8.331496e-009	0.0065918
8.356496e-009	0.0179688
8.381496e-009	0.0301025
8.406496e-009	0.0164551
8.431496e-009	0.00803223
8.456496e-009	0.0060547
8.481496e-009	0.0117188
8.506496e-009	0.0259277
8.531496e-009	0.0172607
8.556496e-009	0.015918
8.581496e-009	0.0358643
8.606496e-009	0.0401123
8.631496e-009	0.0310791
8.656496e-009	0.0171143
8.681496e-009	0.0183594
8.706496e-009	0.0272705
8.731496e-009	0.0248535
8.756496e-009	0.0347656
8.781496e-009	0.0310059
8.806496e-009	0.012207
8.831496e-009	0.0187744
8.856496e-009	0.0294678
8.881496e-009	0.0266358
8.906496e-009	0.0254639
8.931496e-009	0.0230957
8.956496e-009	0.0158447
8.981496e-009	0.0175293
9.006496e-009	0.0225586
9.031496e-009	0.029419
9.056496e-009	0.0262207
9.081496e-009	0.00910645
9.106496e-009	0.0175293
9.131496e-009	0.0260742
9.156496e-009	0.0171143
9.181496e-009	0.0184326
9.206496e-009	0.0162354
9.231496e-009	0.0184082
9.256496e-009	0.0301514
9.281496e-009	0.0295899
9.306496e-009	0.0190186
9.331496e-009	0.0104492
9.356496e-009	0.0178955
9.381496e-009	0.0310791
9.406496e-009	0.0287354
9.431496e-009	0.0291504
9.456496e-009	0.0280274
9.481496e-009	0.0173828
9.506496e-009	0.0295166
9.531496e-009	0.0345459
9.556496e-009	0.00859376
9.581496e-009	0.00722657
9.606496e-009	0.0265869
9.631496e-009	0.0167481
9.656496e-009	0.00893555
9.681496e-009	0.0236084
9.706496e-009	0.0190186
9.731496e-009	0.0151367
9.756496e-009	0.0220459
9.781496e-009	0.0127686
9.806496e-009	0.0180908
9.831496e-009	0.0340088
9.856496e-009	0.0254639
9.881496e-009	0.0148193
9.906496e-009	0.0213135
9.931496e-009	0.0244873
9.956496e-009	0.0186524
9.981496e-009	0.0159912
1.00065e-008	0.0237549
1.00315e-008	0.0365234
1.00565e-008	0.0268066
1.00815e-008	0.010083
1.01065e-008	0.0140869
1.01315e-008	0.0210938
1.01565e-008	0.0268799
1.01815e-008	0.0208252
1.02065e-008	0.0166992
1.02315e-008	0.0325684
1.02565e-008	0.0313965
1.02815e-008	0.0327881
1.03065e-008	0.0343994
1.03315e-008	0.0100098
1.03565e-008	0.0166992
1.03815e-008	0.0378662
1.04065e-008	0.0355225
1.04315e-008	0.0282227
1.04565e-008	0.0174805
1.04815e-008	0.0248535
1.05065e-008	0.0291992
1.05315e-008	0.015625
1.05565e-008	0.0255859
1.05815e-008	0.0331055
1.06065e-008	0.0255371
1.06315e-008	0.0201904
1.06565e-008	0.00466309
1.06815e-008	0.00527345
1.07065e-008	0.0267334
1.07315e-008	0.0306397
1.07565e-008	0.0122315
1.07815e-008	0.00915528
1.08065e-008	0.0295166
1.08315e-008	0.0348389
1.08565e-008	0.0286377
1.08815e-008	0.0238281
1.09065e-008	0.0233887
1.09315e-008	0.0266602
1.09565e-008	0.00979005
1.09815e-008	0.00285645
1.10065e-008	0.0285889
1.10315e-008	0.029126
1.10565e-008	0.00578614
1.10815e-008	0.00993653
1.11065e-008	0.017627
1.11315e-008	0.0229736
1.11565e-008	0.0322998
1.11815e-008	0.0231201
1.12065e-008	0.028418
1.12315e-008	0.0328613
1.12565e-008	0.0111328
1.12815e-008	0.0111816
1.13065e-008	0.0217774
1.13315e-008	0.0205322
1.13565e-008	0.0252441
1.13815e-008	0.0276367
1.14065e-008	0.0242432
1.14315e-008	0.0299316
1.14565e-008	0.0327149
1.14815e-008	0.0218262
1.15065e-008	0.0157227
1.15315e-008	0.0164307
1.15565e-008	0.0146729
1.15815e-008	0.0197022
1.16065e-008	0.0329834
1.16315e-008	0.0248291
1.16565e-008	-0.0022705
1.16815e-008	-0.00339355
1.17065e-008	0.0118652
1.17315e-008	0.017627
1.17565e-008	0.0239502
1.17815e-008	0.0241211
1.18065e-008	0.0211182
1.18315e-008	0.0281006
1.18565e-008	0.0229004
1.18815e-008	0.0156738
1.19065e-008	0.027832
1.19315e-008	0.0263916
1.19565e-008	0.013208
1.19815e-008	0.0234863
1.20065e-008	0.0433838
1.20315e-008	0.0264893
1.20565e-008	-0.00219726
1.20815e-008	0.0140137
1.21065e-008	0.0241211
1.21315e-008	0.0161377
1.21565e-008	0.0388916
1.21815e-008	0.0453369
1.22065e-008	0.0258789
1.22315e-008	0.0224609
1.22565e-008	0.0173584
1.22815e-008	0.0155029
1.23065e-008	0.0312256
1.23315e-008	0.0263916
1.23565e-008	0.0120606
1.23815e-008	0.023877
1.24065e-008	0.0369141
1.24315e-008	0.037793
1.24565e-008	0.0192871
1.24815e-008	0.00705567
1.25065e-008	0.0209717
1.25315e-008	0.0126709
1.25565e-008	0.0058838
1.25815e-008	0.0179688
1.26065e-008	0.0281494
1.26315e-008	0.0295654
1.26565e-008	0.00405274
1.26815e-008	0.00642091
1.27065e-008	0.026294
1.27315e-008	0.0189941
1.27565e-008	0.020166
1.27815e-008	0.0157471
1.28065e-008	0.0134522
1.28315e-008	0.0200684
1.28565e-008	0.016626
1.28815e-008	0.0243897
1.29065e-008	0.0264404
1.29315e-008	0.0221436
1.29565e-008	0.0177246
1.29815e-008	0.0106201
1.30065e-008	0.0214356
1.30315e-008	0.022168
1.30565e-008	0.0147217
1.30815e-008	0.0229492
1.31065e-008	0.0228516
1.31315e-008	0.0181641
1.31565e-008	0.0204102
1.31815e-008	0.0261963
1.32065e-008	0.0374512
1.32315e-008	0.0314697
1.32565e-008	0.0138672
1.32815e-008	0.0234863
1.33065e-008	0.0260254
1.33315e-008	0.0178711
1.33565e-008	0.031665
1.33815e-008	0.0210938
1.34065e-008	0.0146729
1.34315e-008	0.0299805
1.34565e-008	0.0149902
1.34815e-008	0.0170899
1.35065e-008	0.0299561
1.35315e-008	0.0200928
1.35565e-008	0.0276611
1.35815e-008	0.0301758
1.36065e-008	0.0244873
1.36315e-008	0.028418
1.36565e-008	0.0169434
1.36815e-008	0.0136475
1.37065e-008	0.0255615
1.37315e-008	0.0305176
1.37565e-008	0.0279053
1.37815e-008	0.0187988
1.38065e-008	0.0301025
1.38315e-008	0.045044
1.38565e-008	0.0264404
1.38815e-008	0.0102051
1.39065e-008	0.017749
1.39315e-008	0.0217529
1.39565e-008	0.0165283
1.39815e-008	0.0162842
1.40065e-008	0.01604
1.40315e-008	0.0179199
1.40565e-008	0.0243652
1.40815e-008	0.0253662
1.41065e-008	0.026416
1.41315e-008	0.023584
1.41565e-008	0.0231201
1.41815e-008	0.0273438
1.42065e-008	0.0291016
1.42315e-008	0.034668
1.42565e-008	0.0312744
1.42815e-008	0.0325684
1.43065e-008	0.0353027
1.43315e-008	0.0160156
1.43565e-008	0.0156494
1.43815e-008	0.0301758
1.44065e-008	0.0220459
1.44315e-008	0.0177734
1.44565e-008	0.0197266
1.44815e-008	0.0157715
1.45065e-008	0.023291
1.45315e-008	0.0285156
1.45565e-008	0.0261231
1.45815e-008	0.0268311
1.46065e-008	0.020459
1.46315e-008	0.0230713
1.46565e-008	0.0348633
1.46815e-008	0.0279297
1.47065e-008	0.0202393
1.47315e-008	0.0183838
1.47565e-008	0.0097168
1.47815e-008	0.0168213
1.48065e-008	0.028833
1.48315e-008	0.0223389
1.48565e-008	0.0183106
1.48815e-008	0.0211914
1.49065e-008	0.028833
1.49315e-008	0.0428711
1.49565e-008	0.0303955
1.49815e-008	0.00930177
1.50065e-008	0.0186524
1.50315e-008	0.020166
1.50565e-008	0.0131592
1.50815e-008	0.0224121
1.51065e-008	0.0261963
1.51315e-008	0.0186768
1.51565e-008	0.0121582
1.51815e-008	0.0157227
1.52065e-008	0.0177979
1.52315e-008	0.0236328
1.52565e-008	0.0317871
1.52815e-008	0.0242432
1.53065e-008	0.0241943
1.53315e-008	0.024707
1.53565e-008	0.0234619
1.53815e-008	0.0293945
1.54065e-008	0.0237305
1.54315e-008	0.017041
1.54565e-008	0.0117188
1.54815e-008	0.0133301
1.55065e-008	0.0148193
1.55315e-008	0.0081543
1.55565e-008	0.0246582
1.55815e-008	0.0324463
1.56065e-008	0.0106445
1.56315e-008	0.010669
1.56565e-008	0.0164551
1.56815e-008	0.00722657
1.57065e-008	0.01604
1.57315e-008	0.0206055
1.57565e-008	0.0218994
1.57815e-008	0.039917
1.58065e-008	0.0268066
1.58315e-008	0.00332032
1.58565e-008	0.00944825
1.58815e-008	0.0146729
1.59065e-008	0.0204346
1.59315e-008	0.0298584
1.59565e-008	0.0230225
1.59815e-008	0.0200928
1.60065e-008	0.0283203
1.60315e-008	0.021167
1.60565e-008	0.0235352
1.60815e-008	0.0360596
1.61065e-008	0.0198731
1.61315e-008	0.0122803
1.61565e-008	0.0259033
1.61815e-008	0.0218018
1.62065e-008	0.0197022
1.62315e-008	0.0318604
1.62565e-008	0.0244629
1.62815e-008	0.0173584
1.63065e-008	0.0326172
1.63315e-008	0.0233154
1.63565e-008	0.0098877
1.63815e-008	0.0283936
1.64065e-008	0.0398193
1.64315e-008	0.026709
1.64565e-008	0.00131837
1.64815e-008	0.00461427
1.65065e-008	0.0234863
1.65315e-008	0.0138916
1.65565e-008	0.0187256
1.65815e-008	0.0288818
1.66065e-008	0.0242188
1.66315e-008	0.0299072
1.66565e-008	0.0185303
1.66815e-008	0.00874024
1.67065e-008	0.0177002
1.67315e-008	0.0136963
1.67565e-008	0.0189453
1.67815e-008	0.0249268
1.68065e-008	0.0202881
1.68315e-008	0.0281494
1.68565e-008	0.0181152
1.68815e-008	0.00734864
1.69065e-008	0.0250977
1.69315e-008	0.0302002
1.69565e-008	0.0283203
1.69815e-008	0.0219482
1.70065e-008	0.00646973
1.70315e-008	0.0140869
1.70565e-008	0.0164551
1.70815e-008	0.00939942
1.71065e-008	0.0246826
1.71315e-008	0.0295166
1.71565e-008	0.0251953
1.71815e-008	0.0287354
1.72065e-008	0.0280029
1.72315e-008	0.0279541
1.72565e-008	0.019458
1.72815e-008	0.0132324
1.73065e-008	0.0166748
1.73315e-008	0.0177002
1.73565e-008	0.0289551
1.73815e-008	0.0329346
1.74065e-008	0.0301758
1.74315e-008	0.0337158
1.74565e-008	0.0176514
1.74815e-008	0.00949708
1.75065e-008	0.0214844
1.75315e-008	0.0216553
1.75565e-008	0.0233887
1.75815e-008	0.0235107
1.76065e-008	0.023169
1.76315e-008	0.0287598
1.76565e-008	0.0179932
1.76815e-008	0.0161621
1.77065e-008	0.0325195
1.77315e-008	0.0311768
1.77565e-008	0.0102783
1.77815e-008	0.00563966
1.78065e-008	0.0276123
1.78315e-008	0.0354981
1.78565e-008	0.0260742
1.78815e-008	0.0173828
1.79065e-008	0.0144287
1.79315e-008	0.0148926
1.79565e-008	0.00581055
1.79815e-008	0.00888673
1.80065e-008	0.0172852
1.80315e-008	0.0230957
1.80565e-008	0.0319336
1.80815e-008	0.0227051
1.81065e-008	0.0253418
1.81315e-008	0.0256104
1.81565e-008	0.00871583
1.81815e-008	0.0154541
1.82065e-008	0.0157227
1.82315e-008	0.0161377
1.82565e-008	0.0232666
1.82815e-008	0.0179688
1.83065e-008	0.0268311
1.83315e-008	0.0234375
1.83565e-008	0.0138184
1.83815e-008	0.0239258
1.84065e-008	0.0303467
1.84315e-008	0.0297363
1.84565e-008	0.0249024
1.84815e-008	0.0238281
1.85065e-008	0.019043
1.85315e-008	0.01604
1.85565e-008	0.0160889
1.85815e-008	0.00656739
1.86065e-008	0.0177002
1.86315e-008	0.0265381
1.86565e-008	0.018042
1.86815e-008	0.0197266
1.87065e-008	0.0147705
1.87315e-008	0.0145508
1.87565e-008	0.0237305
1.87815e-008	0.0264649
1.88065e-008	0.0328369
1.88315e-008	0.0304932
1.88565e-008	0.0170654
1.88815e-008	0.0136963
1.89065e-008	0.0251465
1.89315e-008	0.0300293
1.89565e-008	0.0177246
1.89815e-008	0.0206787
1.90065e-008	0.0368164
1.90315e-008	0.0300537
1.90565e-008	0.0156006
1.90815e-008	0.0179199
1.91065e-008	0.0208496
1.91315e-008	0.0196045
1.91565e-008	0.0299316
1.91815e-008	0.0309815
1.92065e-008	0.01521
1.92315e-008	0.0147705
1.92565e-008	0.0243408
1.92815e-008	0.0196045
1.93065e-008	0.0183106
1.93315e-008	0.0346924
1.93565e-008	0.032544
1.93815e-008	0.0150391
1.94065e-008	0.016919
1.94315e-008	0.0211914
1.94565e-008	0.0178711
1.94815e-008	0.0228516
1.95065e-008	0.0324951
1.95315e-008	0.0249024
1.95565e-008	0.0139649
1.95815e-008	0.0216065
1.96065e-008	0.0220459
1.96315e-008	0.0201904
1.96565e-008	0.0296875
1.96815e-008	0.0273682
1.97065e-008	0.0237305
1.97315e-008	0.0231445
1.97565e-008	0.020044
1.97815e-008	0.0280762
1.98065e-008	0.0299316
1.98315e-008	0.0255371
1.98565e-008	0.0166504
1.98815e-008	0.00781251
1.99065e-008	0.0273682
1.99315e-008	0.0320068
1.99565e-008	0.0197022
1.99815e-008	0.0258545
2.00065e-008	0.0218994
2.00315e-008	0.0230713
2.00565e-008	0.0240234
2.00815e-008	0.016919
2.01065e-008	0.0279541
2.01315e-008	0.0282715
2.01565e-008	0.0279053
2.01815e-008	0.028125
2.02065e-008	0.0198486
2.02315e-008	0.0447022
2.02565e-008	0.0483399
2.02815e-008	0.0135742
2.03065e-008	0.0143066
2.03315e-008	0.0260254
2.03565e-008	0.0221191
2.03815e-008	0.0206299
2.04065e-008	0.0316162
2.04315e-008	0.0379395
2.04565e-008	0.0165527
2.04815e-008	0.0155518
2.05065e-008	0.0264404
2.05315e-008	0.011792
2.05565e-008	0.00966798
2.05815e-008	0.0158936
2.06065e-008	0.0229981
2.06315e-008	0.0290039
2.06565e-008	0.0173828
2.06815e-008	0.0157959
2.07065e-008	0.0226318
2.07315e-008	0.0274902
2.07565e-008	0.0225098
2.07815e-008	0.00620118
2.08065e-008	0.023877
2.08315e-008	0.0375977
2.08565e-008	0.0213379
2.08815e-008	0.0267822
2.09065e-008	0.0291504
2.09315e-008	0.0202881
2.09565e-008	0.0188232
2.09815e-008	0.0150879
2.10065e-008	0.0228516
2.10315e-008	0.0317627
2.10565e-008	0.024707
2.10815e-008	0.0155274
2.11065e-008	0.0219482
2.11315e-008	0.0335205
2.11565e-008	0.0251465
2.11815e-008	0.0156738
2.12065e-008	0.0252686
2.12315e-008	0.0244629
2.12565e-008	0.00861817
2.12815e-008	0.0184082
2.13065e-008	0.0386475
2.13315e-008	0.0276123
2.13565e-008	0.00756837
2.13815e-008	0.00925294
2.14065e-008	0.0244141
2.14315e-008	0.0255859
2.14565e-008	0.0185791
2.14815e-008	0.0204834
2.15065e-008	0.0201904
2.15315e-008	0.0260742
2.15565e-008	0.0235596
2.15815e-008	0.0101074
2.16065e-008	0.0274902
2.16315e-008	0.0330566
2.16565e-008	0.0124024
2.16815e-008	0.0230713
2.17065e-008	0.036792
2.17315e-008	0.0337402
2.17565e-008	0.0375
2.17815e-008	0.0335205
2.18065e-008	0.0199951
2.18315e-008	0.0188721
2.18565e-008	0.0248535
2.18815e-008	0.0155029
2.19065e-008	0.0141357
2.19315e-008	0.0264649
2.19565e-008	0.0227295
2.19815e-008	0.0164063
2.20065e-008	0.0116455
2.20315e-008	0.0203613
2.20565e-008	0.0399658
2.20815e-008	0.0236816
2.21065e-008	0.00712891
2.21315e-008	0.0229492
2.21565e-008	0.0313477
2.21815e-008	0.0274414
2.22065e-008	0.0279297
2.22315e-008	0.026416
2.22565e-008	0.0175537
2.22815e-008	0.0199219
2.23065e-008	0.0292725
2.23315e-008	0.026416
2.23565e-008	0.0205078
2.23815e-008	0.0187744
2.24065e-008	0.0282715
2.24315e-008	0.0339356
2.24565e-008	0.0192139
2.24815e-008	0.0187012
2.25065e-008	0.0338379
2.25315e-008	0.032544
2.25565e-008	0.0297363
2.25815e-008	0.026416
2.26065e-008	0.0224609
2.26315e-008	0.0346436
2.26565e-008	0.0204102
2.26815e-008	0.00139161
2.27065e-008	0.0224854
2.27315e-008	0.0242676
2.27565e-008	0.0164307
2.27815e-008	0.02771
2.28065e-008	0.0268555
2.28315e-008	0.020459
2.28565e-008	0.0188232
2.28815e-008	0.0333252
2.29065e-008	0.0375977
2.29315e-008	0.0123535
2.29565e-008	0.0147461
2.29815e-008	0.0316162
2.30065e-008	0.0261963
2.30315e-008	0.0227051
2.30565e-008	0.0170166
2.30815e-008	0.0147705
2.31065e-008	0.0245117
2.31315e-008	0.0239258
2.31565e-008	0.0251465
2.31815e-008	0.0256104
2.32065e-008	0.0241943
2.32315e-008	0.0372559
2.32565e-008	0.0180908
2.32815e-008	-0.00397948
2.33065e-008	0.0170654
2.33315e-008	0.0239258
2.33565e-008	0.0277832
2.33815e-008	0.0249756
2.34065e-008	0.0114014
2.34315e-008	0.0265381
2.34565e-008	0.0214356
2.34815e-008	0.00690919
2.35065e-008	0.0134033
2.35315e-008	0.0145752
2.35565e-008	0.0212891
2.35815e-008	0.0241699
2.36065e-008	0.0227783
2.36315e-008	0.0237061
2.36565e-008	0.0185791
2.36815e-008	0.01875
2.37065e-008	0.0162109
2.37315e-008	0.0113525
2.37565e-008	0.0144287
2.37815e-008	0.0239502
2.38065e-008	0.0404541
2.38315e-008	0.0391602
2.38565e-008	0.0210205
2.38815e-008	0.0130615
2.39065e-008	0.018335
2.39315e-008	0.0318848
2.39565e-008	0.0261963
2.39815e-008	0.0170899
2.40065e-008	0.03125
2.40315e-008	0.0219238
2.40565e-008	0.00422364
2.40815e-008	0.0149658
2.41065e-008	0.0187988
2.41315e-008	0.0149658
2.41565e-008	0.0210693
2.41815e-008	0.0262695
2.42065e-008	0.0312256
2.42315e-008	0.0303711
2.42565e-008	0.0195557
2.42815e-008	0.0167725
2.43065e-008	0.0116699
2.43315e-008	0.00202637
2.43565e-008	0.00881348
2.43815e-008	0.0178711
2.44065e-008	0.0278076
2.44315e-008	0.0199951
2.44565e-008	7.45058e-009
2.44815e-008	0.0268799
2.45065e-008	0.0396484
2.45315e-008	0.012085
2.45565e-008	0.0134522
2.45815e-008	0.00683595
2.46065e-008	0.0043213
2.46315e-008	0.0308838
2.46565e-008	0.0232666
2.46815e-008	0.0129883
2.47065e-008	0.0209473
2.47315e-008	0.010376
2.47565e-008	0.0103027
2.47815e-008	0.0275879
2.48065e-008	0.0352295
2.48315e-008	0.0265381
2.48565e-008	0.0126709
2.48815e-008	0.0136963
2.49065e-008	0.0151367
2.49315e-008	0.013208
2.49565e-008	0.0195801
2.49815e-008	0.014209
2.50065e-008	0.0175781
2.50315e-008	0.0311279
2.50565e-008	0.0186035
2.50815e-008	0.0165527
2.51065e-008	0.0297363
2.51315e-008	0.0235352
2.51565e-008	0.0239502
2.51815e-008	0.0358399
2.52065e-008	0.0371582
2.52315e-008	0.0323975
2.52565e-008	0.0222412
2.52815e-008	0.0168457
2.53065e-008	0.0279541
2.53315e-008	0.0298584
2.53565e-008	0.0209473
2.53815e-008	0.0185547
2.54065e-008	0.0221436
2.54315e-008	0.0336914
2.54565e-008	0.0279541
2.54815e-008	0.020459
2.55065e-008	0.0317871
2.55315e-008	0.0196777
2.55565e-008	0.0160889
2.55815e-008	0.0289063
2.56065e-008	0.0158691
2.56315e-008	0.0199463
2.56565e-008	0.0288574
2.56815e-008	0.017749
2.57065e-008	0.0243408
2.57315e-008	0.0289551
2.57565e-008	0.020044
2.57815e-008	0.0239014
2.58065e-008	0.0362305
2.58315e-008	0.0310791
2.58565e-008	0.0138672
2.58815e-008	0.0169922
2.59065e-008	0.0236816
2.59315e-008	0.0151367
2.59565e-008	0.00451661
2.59815e-008	-0.000976555
2.60065e-008	0.0159912
2.60315e-008	0.0342529
2.60565e-008	0.0231201
2.60815e-008	0.0214356
2.61065e-008	0.0288086
2.61315e-008	0.0217529
2.61565e-008	0.0313233
2.61815e-008	0.0343506
2.62065e-008	0.0127686
2.62315e-008	0.00881348
2.62565e-008	0.0150147
2.62815e-008	0.0186768
2.63065e-008	0.0225586
2.63315e-008	0.0210938
2.63565e-008	0.0250733
2.63815e-008	0.0266358
2.64065e-008	0.0255859
2.64315e-008	0.0364258
2.64565e-008	0.0315918
2.64815e-008	0.01604
2.65065e-008	0.0229492
2.65315e-008	0.0241699
2.65565e-008	0.0228516
2.65815e-008	0.025
2.66065e-008	0.0104492
2.66315e-008	0.0191895
2.66565e-008	0.0314941
2.66815e-008	0.0210205
2.67065e-008	0.0254883
2.67315e-008	0.0290772
2.67565e-008	0.0218018
2.67815e-008	0.0138916
2.68065e-008	0.0151856
2.68315e-008	0.0226563
2.68565e-008	0.0146973
2.68815e-008	0.0208008
2.69065e-008	0.0307617
2.69315e-008	0.0175781
2.69565e-008	0.0184326
2.69815e-008	0.0240723
2.70065e-008	0.0253174
2.70315e-008	0.0296387
2.70565e-008	0.016919
2.70815e-008	0.0198975
2.71065e-008	0.0352295
2.71315e-008	0.0174072
2.71565e-008	0.00756837
2.71815e-008	0.0215332
2.72065e-008	0.0243652
2.72315e-008	0.0161133
2.72565e-008	0.00302735
2.72815e-008	0.00419923
2.73065e-008	0.0193848
2.73315e-008	0.0275391
2.73565e-008	0.0344727
2.73815e-008	0.030249
2.74065e-008	0.0204834
2.74315e-008	0.0267334
2.74565e-008	0.0272461
2.74815e-008	0.017749
2.75065e-008	0.0196533
2.75315e-008	0.0259277
2.75565e-008	0.0226074
2.75815e-008	0.017627
2.76065e-008	0.0174561
2.76315e-008	0.0140869
2.76565e-008	0.0133545
2.76815e-008	0.0152832
2.77065e-008	0.0223145
2.77315e-008	0.0335205
2.77565e-008	0.0309326
2.77815e-008	0.0223389
2.78065e-008	0.0146484
2.78315e-008	0.0172852
2.78565e-008	0.0232422
2.78815e-008	0.0178711
2.79065e-008	0.0195557
2.79315e-008	0.0288086
2.79565e-008	0.0366211
2.79815e-008	0.0232422
2.80065e-008	0.0115479
2.80315e-008	0.0305176
2.80565e-008	0.029541
2.80815e-008	0.0210693
2.81065e-008	0.032666
2.81315e-008	0.0205322
2.81565e-008	0.00729981
2.81815e-008	0.0199219
2.82065e-008	0.0192139
2.82315e-008	0.0209229
2.82565e-008	0.0313477
2.82815e-008	0.0206543
2.83065e-008	0.0119629
2.83315e-008	0.00895997
2.83565e-008	0.0126221
2.83815e-008	0.0230469
2.84065e-008	0.030957
2.84315e-008	0.0356445
2.84565e-008	0.0157715
2.84815e-008	0.0156738
2.85065e-008	0.0360108
2.85315e-008	0.0239014
2.85565e-008	0.0230713
2.85815e-008	0.0322266
2.86065e-008	0.0252686
2.86315e-008	0.0247315
2.86565e-008	0.0192871
2.86815e-008	0.0240967
2.87065e-008	0.0313233
2.87315e-008	0.00563966
2.87565e-008	0.00632325
2.87815e-008	0.0318359
2.88065e-008	0.0313721
2.88315e-008	0.0291016
2.88565e-008	0.0186524
2.88815e-008	0.0142822
2.89065e-008	0.0277588
2.89315e-008	0.0212402
2.89565e-008	0.0168457
2.89815e-008	0.0212891
2.90065e-008	0.0157471
2.90315e-008	0.0193115
2.90565e-008	0.0236816
2.90815e-008	0.0208984
2.91065e-008	0.0217041
2.91315e-008	0.0182373
2.91565e-008	0.0234375
2.91815e-008	0.0297363
2.92065e-008	0.0224609
2.92315e-008	0.0229492
2.92565e-008	0.0146484
2.92815e-008	0.00620118
2.93065e-008	0.0156494
2.93315e-008	0.0209961
2.93565e-008	0.0312988
2.93815e-008	0.0278565
2.94065e-008	0.0119385
2.94315e-008	0.0169434
2.94565e-008	0.0152588
2.94815e-008	0.0108399
2.95065e-008	0.0145752
2.95315e-008	0.0112549
2.95565e-008	0.0222656
2.95815e-008	0.0304932
2.96065e-008	0.0279541
2.96315e-008	0.0310303
2.96565e-008	0.0138428
2.96815e-008	0.008667
2.97065e-008	0.0252686
2.97315e-008	0.0200684
2.97565e-008	0.0157471
2.97815e-008	0.0167969
2.98065e-008	0.023169
2.98315e-008	0.0339356
2.98565e-008	0.0215088
2.98815e-008	0.0242432
2.99065e-008	0.0351563
2.99315e-008	0.0219727
2.99565e-008	0.0270264
2.99815e-008	0.0293457
3.00065e-008	0.0250488
3.00315e-008	0.0404053
3.00565e-008	0.0286621
3.00815e-008	0.0185303
3.01065e-008	0.0313477
3.01315e-008	0.0220215
3.01565e-008	0.0210205
3.01815e-008	0.0272949
3.02065e-008	0.023999
3.02315e-008	0.025708
3.02565e-008	0.0127197
3.02815e-008	0.0171143
3.03065e-008	0.038501
3.03315e-008	0.0286621
3.03565e-008	0.0185791
3.03815e-008	0.0279541
3.04065e-008	0.0375733
3.04315e-008	0.0344727
3.04565e-008	0.0267578
3.04815e-008	0.027417
3.05065e-008	0.030127
3.05315e-008	0.0302734
3.05565e-008	0.0290039
3.05815e-008	0.0326416
3.06065e-008	0.0272949
3.06315e-008	0.0176758
3.06565e-008	0.0163818
3.06815e-008	0.0115479
3.07065e-008	0.0208496
3.07315e-008	0.0285645
3.07565e-008	0.0189209
3.07815e-008	0.0249268
3.08065e-008	0.0450684
3.08315e-008	0.0416016
3.08565e-008	0.0116943
3.08815e-008	0.0155274
3.09065e-008	0.0303223
3.09315e-008	0.0147705
3.09565e-008	0.0188965
3.09815e-008	0.023169
3.10065e-008	0.0153076
3.10315e-008	0.0259033
3.10565e-008	0.0249512
3.10815e-008	0.0146484
3.11065e-008	0.0182617
3.11315e-008	0.0267334
3.11565e-008	0.0274902
3.11815e-008	0.0187256
3.12065e-008	0.0190186
3.12315e-008	0.0226563
3.12565e-008	0.0214844
3.12815e-008	0.0281738
3.13065e-008	0.0317139
3.13315e-008	0.030542
3.13565e-008	0.0278076
3.13815e-008	0.0195313
3.14065e-008	0.0229492
3.14315e-008	0.0337647
3.14565e-008	0.0309815
3.14815e-008	0.0277832
3.15065e-008	0.0299805
3.15315e-008	0.0244873
3.15565e-008	0.0272949
3.15815e-008	0.0291016
3.16065e-008	0.0156982
3.16315e-008	0.017041
3.16565e-008	0.0197022
3.16815e-008	0.0215088
3.17065e-008	0.0367188
3.17315e-008	0.0228027
3.17565e-008	0.00991212
3.17815e-008	0.0251953
3.18065e-008	0.0236084
3.18315e-008	0.0234619
3.18565e-008	0.0226807
3.18815e-008	0.0182129
3.19065e-008	0.0308106
3.19315e-008	0.0240723
3.19565e-008	0.0210449
3.19815e-008	0.036499
3.20065e-008	0.0316162
3.20315e-008	0.0258301
3.20565e-008	0.0239746
3.20815e-008	0.0158691
3.21065e-008	0.0135986
3.21315e-008	0.0189697
3.21565e-008	0.0244629
3.21815e-008	0.0252686
3.22065e-008	0.0309326
3.22315e-008	0.0263916
3.22565e-008	0.0098877
3.22815e-008	0.0170166
3.23065e-008	0.0290772
3.23315e-008	0.0193848
3.23565e-008	0.0151123
3.23815e-008	0.0193359
3.24065e-008	0.0228027
3.24315e-008	0.0355713
3.24565e-008	0.0337647
3.24815e-008	0.0170899
3.25065e-008	0.0227783
3.25315e-008	0.025293
3.25565e-008	0.0154053
3.25815e-008	0.0233887
3.26065e-008	0.0272949
3.26315e-008	0.023877
3.26565e-008	0.0234619
3.26815e-008	0.015918
3.27065e-008	0.0185791
3.27315e-008	0.0270996
3.27565e-008	0.0234619
3.27815e-008	0.020044
3.28065e-008	0.0238525
3.28315e-008	0.0304688
3.28565e-008	0.0303223
3.28815e-008	0.0204834
3.29065e-008	0.0190918
3.29315e-008	0.0227783
3.29565e-008	0.0168945
3.29815e-008	0.015918
3.30065e-008	0.0209717
3.30315e-008	0.0208984
3.30565e-008	0.0240479
3.30815e-008	0.0226318
3.31065e-008	0.0114746
3.31315e-008	0.0172363
3.31565e-008	0.0318115
3.31815e-008	0.02771
3.32065e-008	0.0301758
3.32315e-008	0.0346924
3.32565e-008	0.0144531
3.32815e-008	0.0117188
3.33065e-008	0.023584
3.33315e-008	0.0224365
3.33565e-008	0.0323242
3.33815e-008	0.0377441
3.34065e-008	0.0342041
3.34315e-008	0.0297852
3.34565e-008	0.0162109
3.34815e-008	0.0132324
3.35065e-008	0.0160889
3.35315e-008	0.0188232
3.35565e-008	0.02146
3.35815e-008	0.0192627
3.36065e-008	0.0265869
3.36315e-008	0.0215576
3.36565e-008	0.00654298
3.36815e-008	0.019165
3.37065e-008	0.0306641
3.37315e-008	0.0236572
3.37565e-008	0.0178223
3.37815e-008	0.0160645
3.38065e-008	0.0249268
3.38315e-008	0.0231934
3.38565e-008	0.0106201
3.38815e-008	0.019458
3.39065e-008	0.0243897
3.39315e-008	0.0141113
3.39565e-008	0.0125
3.39815e-008	0.0145996
3.40065e-008	0.0241943
3.40315e-008	0.0391358
3.40565e-008	0.0223633
3.40815e-008	0.00788575
3.41065e-008	0.0340088
3.41315e-008	0.0327149
3.41565e-008	0.0104736
3.41815e-008	0.0121582
3.42065e-008	0.0220459
3.42315e-008	0.032251
3.42565e-008	0.0216553
3.42815e-008	0.0173828
3.43065e-008	0.0247559
3.43315e-008	0.0115234
3.43565e-008	0.0148926
3.43815e-008	0.0270508
3.44065e-008	0.0288574
3.44315e-008	0.0362061
3.44565e-008	0.0301758
3.44815e-008	0.0202637
3.45065e-008	0.0215088
3.45315e-008	0.0186035
3.45565e-008	0.0185303
3.45815e-008	0.0219971
3.46065e-008	0.0295899
3.46315e-008	0.0267822
3.46565e-008	0.00388184
3.46815e-008	0.0105957
3.47065e-008	0.0245361
3.47315e-008	0.0223877
3.47565e-008	0.0368164
3.47815e-008	0.0342041
3.48065e-008	0.0286377
3.48315e-008	0.0322266
3.48565e-008	0.0071045
3.48815e-008	0.00158692
3.49065e-008	0.0243408
3.49315e-008	0.022583
3.49565e-008	0.0243652
3.49815e-008	0.0406006
3.50065e-008	0.0371582
3.50315e-008	0.0308838
3.50565e-008	0.0230957
3.50815e-008	0.0187012
3.51065e-008	0.0381348
3.51315e-008	0.0395996
3.51565e-008	0.0205566
3.51815e-008	0.0239014
3.52065e-008	0.0299805
3.52315e-008	0.0252441
3.52565e-008	0.0224365
3.52815e-008	0.0166992
3.53065e-008	0.0220215
3.53315e-008	0.0303955
3.53565e-008	0.036499
3.53815e-008	0.0388184
3.54065e-008	0.017627
3.54315e-008	0.0190918
3.54565e-008	0.0224854
3.54815e-008	0.00686036
3.55065e-008	0.0197266
3.55315e-008	0.0154541
3.55565e-008	0.0113281
3.55815e-008	0.0279785
3.56065e-008	0.0303223
3.56315e-008	0.0338135
3.56565e-008	0.0205078
3.56815e-008	0.0148926
3.57065e-008	0.0198975
3.57315e-008	0.0170654
3.57565e-008	0.0303711
3.57815e-008	0.024707
3.58065e-008	0.0242432
3.58315e-008	0.0344971
3.58565e-008	0.0234863
3.58815e-008	0.0333496
3.59065e-008	0.0321533
3.59315e-008	0.0161377
3.59565e-008	0.0280762
3.59815e-008	0.0280274
3.60065e-008	0.0202393
3.60315e-008	0.0185547
3.60565e-008	0.00705567
3.60815e-008	0.0126953
3.61065e-008	0.0272949
3.61315e-008	0.02229
3.61565e-008	0.0237549
3.61815e-008	0.0349365
3.62065e-008	0.026709
3.62315e-008	0.029834
3.62565e-008	0.0466065
3.62815e-008	0.0342774
3.63065e-008	0.0229004
3.63315e-008	0.0187988
3.63565e-008	0.0131592
3.63815e-008	0.0263916
3.64065e-008	0.0367188
3.64315e-008	0.0317627
3.64565e-008	0.0129639
3.64815e-008	0.0118897
3.65065e-008	0.0285645
3.65315e-008	0.0229492
3.65565e-008	0.0211182
3.65815e-008	0.0177979
3.66065e-008	0.014624
3.66315e-008	0.0326172
3.66565e-008	0.0251465
3.66815e-008	0.00256348
3.67065e-008	0.00966798
3.67315e-008	0.0258301
3.67565e-008	0.0314697
3.67815e-008	0.0283936
3.68065e-008	0.0253906
3.68315e-008	0.0337402
3.68565e-008	0.0271973
3.68815e-008	0.0149414
3.69065e-008	0.0258789
3.69315e-008	0.0253174
3.69565e-008	0.016333
3.69815e-008	0.00578614
3.70065e-008	0.000415047
3.70315e-008	0.0233154
3.70565e-008	0.0278076
3.70815e-008	0.0154785
3.71065e-008	0.0247559
3.71315e-008	0.035669
3.71565e-008	0.0301025
3.71815e-008	0.0253906
3.72065e-008	0.0358154
3.72315e-008	0.034082
3.72565e-008	0.0218018
3.72815e-008	0.0176514
3.73065e-008	0.0216065
3.73315e-008	0.0296631
3.73565e-008	0.0227295
3.73815e-008	0.0222168
3.74065e-008	0.0275147
3.74315e-008	0.0185059
3.74565e-008	0.0257568
3.74815e-008	0.0317871
3.75065e-008	0.0197022
3.75315e-008	0.0239014
3.75565e-008	0.0265625
3.75815e-008	0.0154053
3.76065e-008	0.0297852
3.76315e-008	0.0404053
3.76565e-008	0.0276856
3.76815e-008	0.0284912
3.77065e-008	0.0186035
3.77315e-008	0.0140381
3.77565e-008	0.0308106
3.77815e-008	0.0201904
3.78065e-008	0.0179688
3.78315e-008	0.0212891
3.78565e-008	0.00231934
3.78815e-008	0.0118652
3.79065e-008	0.0221436
3.79315e-008	0.0193604
3.79565e-008	0.025415
3.79815e-008	0.0139893
3.80065e-008	0.0184326
3.80315e-008	0.0285156
3.80565e-008	0.010376
3.80815e-008	0.01521
3.81065e-008	0.0296875
3.81315e-008	0.0212402
3.81565e-008	0.0151367
3.81815e-008	0.00424805
3.82065e-008	0.00598145
3.82315e-008	0.0358154
3.82565e-008	0.0286377
3.82815e-008	0.00827637
3.83065e-008	0.0299561
3.83315e-008	0.0325195
3.83565e-008	0.0176514
3.83815e-008	0.0231934
3.84065e-008	0.0233643
3.84315e-008	0.020166
3.84565e-008	0.0162354
3.84815e-008	0.0174561
3.85065e-008	0.0256104
3.85315e-008	0.0224854
3.85565e-008	0.0274902
3.85815e-008	0.0302246
3.86065e-008	0.0272949
3.86315e-008	0.0368164
3.86565e-008	0.0285645
3.86815e-008	0.0249756
3.87065e-008	0.0375977
3.87315e-008	0.0284912
3.87565e-008	0.0161133
3.87815e-008	0.0129883
3.88065e-008	0.021167
3.88315e-008	0.0356201
3.88565e-008	0.0242432
3.88815e-008	0.012207
3.89065e-008	0.0196777
3.89315e-008	0.0145752
3.89565e-008	0.0132813
3.89815e-008	0.0202881
3.90065e-008	0.0203613
3.90315e-008	0.0230713
3.90565e-008	0.0132813
3.90815e-008	0.014917
3.91065e-008	0.0299072
3.91315e-008	0.0222412
3.91565e-008	0.0243652
3.91815e-008	0.0375488
3.92065e-008	0.0293701
3.92315e-008	0.0165772
3.92565e-008	0.0211182
3.92815e-008	0.0244385
3.93065e-008	0.0185059
3.93315e-008	0.0243652
3.93565e-008	0.0304443
3.93815e-008	0.0288818
3.94065e-008	0.0318359
3.94315e-008	0.0289063
3.94565e-008	0.0147705
3.94815e-008	0.0137451
3.95065e-008	0.0219971
3.95315e-008	0.0203613
3.95565e-008	0.0251465
3.95815e-008	0.0239746
3.96065e-008	0.0143555
3.96315e-008	0.0205811
3.96565e-008	0.0233887
3.96815e-008	0.0219727
3.97065e-008	0.0261475
3.97315e-008	0.0221436
3.97565e-008	0.0270996
3.97815e-008	0.033252
3.98065e-008	0.0214111
3.98315e-008	0.0269531
3.98565e-008	0.0318359
3.98815e-008	0.0157715
3.99065e-008	0.0177246
3.99315e-008	0.0258789
3.99565e-008	0.0274902
3.99815e-008	0.0257568
4.00065e-008	0.0319336
4.00315e-008	0.0430908
4.00565e-008	0.0225342
4.00815e-008	0.012207
4.01065e-008	0.0233399
4.01315e-008	0.0195068
4.01565e-008	0.0197998
4.01815e-008	0.0179199
4.02065e-008	0.021875
4.02315e-008	0.0248047
4.02565e-008	0.0135498
4.02815e-008	0.0226074
4.03065e-008	0.025415
4.03315e-008	0.0194092
4.03565e-008	0.0252686
4.03815e-008	0.0145996
4.04065e-008	0.00964356
4.04315e-008	0.0187744
4.04565e-008	0.0124756
4.04815e-008	0.00859376
4.05065e-008	0.0205078
4.05315e-008	0.0240967
4.05565e-008	0.0222412
4.05815e-008	0.0273438
4.06065e-008	0.0237061
4.06315e-008	0.0281494
4.06565e-008	0.0325928
4.06815e-008	0.0194336
4.07065e-008	0.023584
4.07315e-008	0.0203613
4.07565e-008	0.0182861
4.07815e-008	0.0382324
4.08065e-008	0.0265869
4.08315e-008	0.0128174
4.08565e-008	0.0158691
4.08815e-008	0.0198486
4.09065e-008	0.0359863
4.09315e-008	0.0312256
4.09565e-008	0.023584
4.09815e-008	0.027832
4.10065e-008	0.0168701
4.10315e-008	0.0157715
4.10565e-008	0.0202637
4.10815e-008	0.0117676
4.11065e-008	0.0101563
4.11315e-008	0.0168213
4.11565e-008	0.0150879
4.11815e-008	0.011499
4.12065e-008	0.0183106
4.12315e-008	0.0201172
4.12565e-008	0.0161377
4.12815e-008	0.0222412
4.13065e-008	0.0248291
4.13315e-008	0.0181152
4.13565e-008	0.0252441
4.13815e-008	0.0306397
4.14065e-008	0.018335
4.14315e-008	0.0210938
4.14565e-008	0.0210693
4.14815e-008	0.00854493
4.15065e-008	0.0239746
4.15315e-008	0.0297852
4.15565e-008	0.0090088
4.15815e-008	0.00932618
4.16065e-008	0.0182373
4.16315e-008	0.0212402
4.16565e-008	0.0258545
4.16815e-008	0.0212402
4.17065e-008	0.0120606
4.17315e-008	0.0161377
4.17565e-008	0.0253662
4.17815e-008	0.0130615
4.18065e-008	0.00954591
4.18315e-008	0.0257324
4.18565e-008	0.0103027
4.18815e-008	0.000219734
4.19065e-008	0.0195801
4.19315e-008	0.0201904
4.19565e-008	0.0181152
4.19815e-008	0.0226074
4.20065e-008	0.0153076
4.20315e-008	0.0121826
4.20565e-008	0.0188965
4.20815e-008	0.0242432
4.21065e-008	0.0301514
4.21315e-008	0.0383789
4.21565e-008	0.0347656
4.21815e-008	0.0224121
4.22065e-008	0.0256836
4.22315e-008	0.029419
4.22565e-008	0.0145752
4.22815e-008	0.018335
4.23065e-008	0.0325684
4.23315e-008	0.0213623
4.23565e-008	0.0210693
4.23815e-008	0.0321533
4.24065e-008	0.0312012
4.24315e-008	0.0291504
4.24565e-008	0.0144287
4.24815e-008	0.00563966
4.25065e-008	0.0118408
4.25315e-008	0.0112305
4.25565e-008	0.0149658
4.25815e-008	0.0217285
4.26065e-008	0.0293701
4.26315e-008	0.0309082
4.26565e-008	0.0243897
4.26815e-008	0.0249268
4.27065e-008	0.0190186
4.27315e-008	0.0193115
4.27565e-008	0.0249268
4.27815e-008	0.0150635
4.28065e-008	0.0227051
4.28315e-008	0.0345947
4.28565e-008	0.0175049
4.28815e-008	0.0118652
4.29065e-008	0.0195313
4.29315e-008	0.00952149
4.29565e-008	0.0115479
4.29815e-008	0.0234131
4.30065e-008	0.0294922
4.30315e-008	0.0347656
4.30565e-008	0.0184326
4.30815e-008	0.0185547
4.31065e-008	0.0360108
4.31315e-008	0.0219727
4.31565e-008	0.0146729
4.31815e-008	0.0203125
4.32065e-008	0.026294
4.32315e-008	0.0375
4.32565e-008	0.0240479
4.32815e-008	0.0137207
4.33065e-008	0.024707
4.33315e-008	0.0264404
4.33565e-008	0.0263916
4.33815e-008	0.0251709
4.34065e-008	0.0308106
4.34315e-008	0.0423096
4.34565e-008	0.0234863
4.34815e-008	0.00959473
4.35065e-008	0.0204834
4.35315e-008	0.0152588
4.35565e-008	0.0220215
4.35815e-008	0.0350586
4.36065e-008	0.0138916
4.36315e-008	0.0105225
4.36565e-008	0.0198731
4.36815e-008	0.0104492
4.37065e-008	0.0233887
4.37315e-008	0.0296143
4.37565e-008	0.0151367
4.37815e-008	0.0167481
4.38065e-008	0.02146
4.38315e-008	0.0264893
4.38565e-008	0.0259522
4.38815e-008	0.0222168
4.39065e-008	0.0220459
4.39315e-008	0.0196045
4.39565e-008	0.0298096
4.39815e-008	0.0259277
4.40065e-008	0.0169434
4.40315e-008	0.0340088
4.40565e-008	0.0301514
4.40815e-008	0.0177246
4.41065e-008	0.0225098
4.41315e-008	0.0202393
4.41565e-008	0.0236084
4.41815e-008	0.0242432
4.42065e-008	0.0204834
4.42315e-008	0.0234375
4.42565e-008	0.011377
4.42815e-008	0.00966798
4.43065e-008	0.0297852
4.43315e-008	0.0342529
4.43565e-008	0.0272949
4.43815e-008	0.0227295
4.44065e-008	0.0210449
4.44315e-008	0.0220947
4.44565e-008	0.0189941
4.44815e-008	0.0167481
4.45065e-008	0.0155029
4.45315e-008	0.017041
4.45565e-008	0.0294922
4.45815e-008	0.0342774
4.46065e-008	0.0241943
4.46315e-008	0.0171631
4.46565e-008	0.0153565
4.46815e-008	0.0192383
4.47065e-008	0.0275147
4.47315e-008	0.0251953
4.47565e-008	0.0161133
4.47815e-008	0.0150879
4.48065e-008	0.021167
4.48315e-008	0.0239014
4.48565e-008	0.0179688
4.48815e-008	0.0183838
4.49065e-008	0.0255615
4.49315e-008	0.0261963
4.49565e-008	0.0300781
4.49815e-008	0.0324463
4.50065e-008	0.0312988
4.50315e-008	0.0295899
4.50565e-008	0.0134522
4.50815e-008	0.00625001
4.51065e-008	0.011084
4.51315e-008	0.0122559
4.51565e-008	0.0290039
4.51815e-008	0.0321045
4.52065e-008	0.0111084
4.52315e-008	0.0173828
4.52565e-008	0.0326416
4.52815e-008	0.0241211
4.53065e-008	0.0174805
4.53315e-008	0.0177979
4.53565e-008	0.0199707
4.53815e-008	0.0196777
4.54065e-008	0.00795899
4.54315e-008	0.0165772
4.54565e-008	0.0339111
4.54815e-008	0.0213135
4.55065e-008	0.0153565
4.55315e-008	0.0193115
4.55565e-008	0.0187744
4.55815e-008	0.0270264
4.56065e-008	0.0253906
4.56315e-008	0.0245606
4.56565e-008	0.0253418
4.56815e-008	0.017334
4.57065e-008	0.0219482
4.57315e-008	0.0200684
4.57565e-008	0.0175293
4.57815e-008	0.0265381
4.58065e-008	0.0273682
4.58315e-008	0.0272461
4.58565e-008	0.0168457
4.58815e-008	0.0138672
4.59065e-008	0.0279785
4.59315e-008	0.0229248
4.59565e-008	0.0239258
4.59815e-008	0.0330322
4.60065e-008	0.0224365
4.60315e-008	0.0197022
4.60565e-008	0.0216553
4.60815e-008	0.0170899
4.61065e-008	0.0268799
4.61315e-008	0.0378662
4.61565e-008	0.0330078
4.61815e-008	0.0216553
4.62065e-008	0.0204834
4.62315e-008	0.0220215
4.62565e-008	0.00935059
4.62815e-008	0.0212891
4.63065e-008	0.0429932
4.63315e-008	0.0322022
4.63565e-008	0.0298584
4.63815e-008	0.02146
4.64065e-008	0.00930177
4.64315e-008	0.0302979
4.64565e-008	0.0279785
4.64815e-008	0.00871583
4.65065e-008	0.013208
4.65315e-008	0.0162842
4.65565e-008	0.0166748
4.65815e-008	0.0155274
4.66065e-008	0.0125244
4.66315e-008	0.0154785
4.66565e-008	0.0196045
4.66815e-008	0.029834
4.67065e-008	0.0321777
4.67315e-008	0.024292
4.67565e-008	0.0162109
4.67815e-008	0.00239259
4.68065e-008	0.0157227
4.68315e-008	0.0360108
4.68565e-008	0.0225586
4.68815e-008	0.0180664
4.69065e-008	0.013916
4.69315e-008	0.00954591
4.69565e-008	0.035791
4.69815e-008	0.0361572
4.70065e-008	0.0113525
4.70315e-008	0.0182617
4.70565e-008	0.0261963
4.70815e-008	0.0168945
4.71065e-008	0.0184815
4.71315e-008	0.0117188
4.71565e-008	0.0057129
4.71815e-008	0.0253418
4.72065e-008	0.027417
4.72315e-008	0.02146
4.72565e-008	0.0256348
4.72815e-008	0.0097168
4.73065e-008	0.00385743
4.73315e-008	0.0168213
4.73565e-008	0.0267334
4.73815e-008	0.0351074
4.74065e-008	0.0189453
4.74315e-008	0.00295411
4.74565e-008	0.0207031
4.74815e-008	0.0328125
4.75065e-008	0.0265625
4.75315e-008	0.0202393
4.75565e-008	0.0148926
4.75815e-008	0.0147217
4.76065e-008	0.0262451
4.76315e-008	0.0319336
4.76565e-008	0.017627
4.76815e-008	0.0158203
4.77065e-008	0.02771
4.77315e-008	0.0244141
4.77565e-008	0.02229
4.77815e-008	0.0222656
4.78065e-008	0.019165
4.78315e-008	0.0292481
4.78565e-008	0.0311035
4.78815e-008	0.0223877
4.79065e-008	0.0295166
4.79315e-008	0.0264893
4.79565e-008	0.013916
4.79815e-008	0.0200928
4.80065e-008	0.026001
4.80315e-008	0.0246582
4.80565e-008	0.0259033
4.80815e-008	0.0286621
4.81065e-008	0.0268555
4.81315e-008	0.0284668
4.81565e-008	0.029419
4.81815e-008	0.0191895
4.82065e-008	0.0299561
4.82315e-008	0.0393799
4.82565e-008	0.0241211
4.82815e-008	0.0230957
4.83065e-008	0.0223145
4.83315e-008	0.0143555
4.83565e-008	0.0144043
4.83815e-008	0.0175537
4.84065e-008	0.0357422
4.84315e-008	0.0449951
4.84565e-008	0.024292
4.84815e-008	0.0140869
4.85065e-008	0.0182373
4.85315e-008	0.00859376
4.85565e-008	0.00551759
4.85815e-008	0.0193848
4.86065e-008	0.0220459
4.86315e-008	0.0194824
4.86565e-008	0.0230957
4.86815e-008	0.0234375
4.87065e-008	0.0270996
4.87315e-008	0.0229492
4.87565e-008	0.0151123
4.87815e-008	0.0215576
4.88065e-008	0.0270752
4.88315e-008	0.023999
4.88565e-008	0.0127441
4.88815e-008	0.0110352
4.89065e-008	0.0150391
4.89315e-008	0.0114014
4.89565e-008	0.0180664
4.89815e-008	0.0192383
4.90065e-008	0.0187012
4.90315e-008	0.0281494
4.90565e-008	0.0294922
4.90815e-008	0.0258545
4.91065e-008	0.0196533
4.91315e-008	0.0170166
4.91565e-008	0.0171387
4.91815e-008	0.0226074
4.92065e-008	0.036499
4.92315e-008	0.0335449
4.92565e-008	0.0243408
4.92815e-008	0.0253662
4.93065e-008	0.014624
4.93315e-008	0.0119629
4.93565e-008	0.026294
4.93815e-008	0.0230713
4.94065e-008	0.0233643
4.94315e-008	0.026709
4.94565e-008	0.00915528
4.94815e-008	0.0147217
4.95065e-008	0.0378662
4.95315e-008	0.0283936
4.95565e-008	0.0162598
4.95815e-008	0.0301025
4.96065e-008	0.0354004
4.96315e-008	0.0166504
4.96565e-008	0.0011963
4.96815e-008	0.00893555
4.97065e-008	0.0206543
4.97315e-008	0.0261475
4.97565e-008	0.0269287
4.97815e-008	0.0168457
4.98065e-008	0.0187012
4.98315e-008	0.0247803
4.98565e-008	0.0216553
4.98815e-008	0.0273438
4.99065e-008	0.0235107
4.99315e-008	0.0180176
4.99565e-008	0.0292725
4.99815e-008	0.0290283
5.00065e-008	0.0249756
