# LECROYWM813Zi	51496	Waveform
# Segments	1	SegmentSize	4002
# Segment	TrigTime	TimeSinceSegment1
# #1	30-Nov-2018 17:19:20	0                 
# Time	Ampl
-5.000191e-008	0.0318359
-4.997691e-008	0.0224854
-4.995191e-008	0.00354005
-4.992691e-008	0.0127197
-4.990191e-008	0.0234619
-4.987691e-008	0.0227783
-4.985191e-008	0.0195313
-4.982691e-008	0.0190918
-4.980191e-008	0.0306397
-4.977691e-008	0.0274414
-4.975191e-008	0.0187744
-4.972691e-008	0.0284912
-4.970191e-008	0.0178955
-4.967691e-008	0.00317384
-4.965191e-008	0.0188477
-4.962691e-008	0.0281983
-4.960191e-008	0.0247803
-4.957691e-008	0.0255127
-4.955191e-008	0.0329346
-4.952691e-008	0.0394043
-4.950191e-008	0.0264649
-4.947691e-008	0.015625
-4.945191e-008	0.020459
-4.942691e-008	0.0247559
-4.940191e-008	0.0245117
-4.937691e-008	0.0150391
-4.935191e-008	0.00563966
-4.932691e-008	0.00830079
-4.930191e-008	0.0171875
-4.927691e-008	0.0192871
-4.925191e-008	0.0166992
-4.922691e-008	0.0244629
-4.920191e-008	0.0327149
-4.917691e-008	0.0331055
-4.915191e-008	0.0253662
-4.912691e-008	0.0136475
-4.910191e-008	0.0143555
-4.907691e-008	0.0176025
-4.905191e-008	0.023169
-4.902691e-008	0.0326904
-4.900191e-008	0.028125
-4.897691e-008	0.0219238
-4.895191e-008	0.0185059
-4.892691e-008	0.0188965
-4.890191e-008	0.0288574
-4.887691e-008	0.024707
-4.885191e-008	0.0116211
-4.882691e-008	0.0189941
-4.880191e-008	0.0246826
-4.877691e-008	0.0107178
-4.875191e-008	0.0137451
-4.872691e-008	0.028125
-4.870191e-008	0.0317871
-4.867691e-008	0.0279785
-4.865191e-008	0.00925294
-4.862691e-008	0.0102295
-4.860191e-008	0.0326416
-4.857691e-008	0.0273438
-4.855191e-008	0.0122315
-4.852691e-008	0.0217041
-4.850191e-008	0.0327393
-4.847691e-008	0.023584
-4.845191e-008	0.0208984
-4.842691e-008	0.0275635
-4.840191e-008	0.0252441
-4.837691e-008	0.0226563
-4.835191e-008	0.0245361
-4.832691e-008	0.0229248
-4.830191e-008	0.0110596
-4.827691e-008	0.015918
-4.825191e-008	0.0327393
-4.822691e-008	0.0247559
-4.820191e-008	0.0209229
-4.817691e-008	0.0172607
-4.815191e-008	0.0044922
-4.812691e-008	0.0151367
-4.810191e-008	0.0191406
-4.807691e-008	0.0108887
-4.805191e-008	0.00957032
-4.802691e-008	0.0141113
-4.800191e-008	0.0272949
-4.797691e-008	0.0284912
-4.795191e-008	0.0243164
-4.792691e-008	0.0168701
-4.790191e-008	0.0162842
-4.787691e-008	0.0293701
-4.785191e-008	0.0251221
-4.782691e-008	0.0256592
-4.780191e-008	0.0212402
-4.777691e-008	0.0145264
-4.775191e-008	0.0366699
-4.772691e-008	0.0366943
-4.770191e-008	0.0212402
-4.767691e-008	0.0259033
-4.765191e-008	0.0227295
-4.762691e-008	0.0125
-4.760191e-008	0.0159668
-4.757691e-008	0.0138672
-4.755191e-008	0.00546876
-4.752691e-008	0.014502
-4.750191e-008	0.0243164
-4.747691e-008	0.0234375
-4.745191e-008	0.0150391
-4.742691e-008	0.0184815
-4.740191e-008	0.0344727
-4.737691e-008	0.0281983
-4.735191e-008	0.0197998
-4.732691e-008	0.0201904
-4.730191e-008	0.0122803
-4.727691e-008	0.00966798
-4.725191e-008	0.0201416
-4.722691e-008	0.0328613
-4.720191e-008	0.0268066
-4.717691e-008	0.0146484
-4.715191e-008	0.014917
-4.712691e-008	0.0129639
-4.710191e-008	0.0116699
-4.707691e-008	0.0203125
-4.705191e-008	0.0300049
-4.702691e-008	0.0371338
-4.700191e-008	0.0350586
-4.697691e-008	0.0187256
-4.695191e-008	0.0175537
-4.692691e-008	0.0253418
-4.690191e-008	0.0141113
-4.687691e-008	0.0170899
-4.685191e-008	0.0240723
-4.682691e-008	0.0196777
-4.680191e-008	0.0232178
-4.677691e-008	0.0127441
-4.675191e-008	0.0145752
-4.672691e-008	0.0277832
-4.670191e-008	0.0113525
-4.667691e-008	0.0103272
-4.665191e-008	0.0187012
-4.662691e-008	0.0143799
-4.660191e-008	0.0306397
-4.657691e-008	0.029541
-4.655191e-008	0.0108154
-4.652691e-008	0.0177979
-4.650191e-008	0.0125488
-4.647691e-008	0.00854493
-4.645191e-008	0.0277344
-4.642691e-008	0.0242188
-4.640191e-008	0.0230469
-4.637691e-008	0.0343018
-4.635191e-008	0.0197754
-4.632691e-008	0.00935059
-4.630191e-008	0.0205811
-4.627691e-008	0.031665
-4.625191e-008	0.0300781
-4.622691e-008	0.0186768
-4.620191e-008	0.0155274
-4.617691e-008	0.0152832
-4.615191e-008	0.0177734
-4.612691e-008	0.0317383
-4.610191e-008	0.034375
-4.607691e-008	0.0261963
-4.605191e-008	0.0263672
-4.602691e-008	0.0238281
-4.600191e-008	0.017334
-4.597691e-008	0.0173584
-4.595191e-008	0.0189697
-4.592691e-008	0.0207031
-4.590191e-008	0.0141113
-4.587691e-008	0.0138916
-4.585191e-008	0.0256592
-4.582691e-008	0.0203857
-4.580191e-008	0.0238281
-4.577691e-008	0.0205322
-4.575191e-008	0.00603028
-4.572691e-008	0.0327393
-4.570191e-008	0.0409912
-4.567691e-008	0.0197754
-4.565191e-008	0.0218018
-4.562691e-008	0.0290527
-4.560191e-008	0.028418
-4.557691e-008	0.0233643
-4.555191e-008	0.027002
-4.552691e-008	0.0261231
-4.550191e-008	0.0212158
-4.547691e-008	0.030835
-4.545191e-008	0.0267822
-4.542691e-008	0.0208496
-4.540191e-008	0.0369629
-4.537691e-008	0.0414551
-4.535191e-008	0.0257324
-4.532691e-008	0.0192383
-4.530191e-008	0.0160889
-4.527691e-008	0.0167236
-4.525191e-008	0.0251221
-4.522691e-008	0.0214356
-4.520191e-008	0.0266113
-4.517691e-008	0.0240723
-4.515191e-008	0.0102783
-4.512691e-008	0.03125
-4.510191e-008	0.0380859
-4.507691e-008	0.023877
-4.505191e-008	0.0262695
-4.502691e-008	0.0246582
-4.500191e-008	0.027002
-4.497691e-008	0.027832
-4.495191e-008	0.0235596
-4.492691e-008	0.0184815
-4.490191e-008	0.0120606
-4.487691e-008	0.0196289
-4.485191e-008	0.0183838
-4.482691e-008	0.0207031
-4.480191e-008	0.0320801
-4.477691e-008	0.0283936
-4.475191e-008	0.0345459
-4.472691e-008	0.0311768
-4.470191e-008	0.0181641
-4.467691e-008	0.0276856
-4.465191e-008	0.0319092
-4.462691e-008	0.0303711
-4.460191e-008	0.0248779
-4.457691e-008	0.00834962
-4.455191e-008	0.00839845
-4.452691e-008	0.0181397
-4.450191e-008	0.0284912
-4.447691e-008	0.0381592
-4.445191e-008	0.0234619
-4.442691e-008	0.0173828
-4.440191e-008	0.0317871
-4.437691e-008	0.016919
-4.435191e-008	0.0113525
-4.432691e-008	0.0254883
-4.430191e-008	0.011377
-4.427691e-008	0.0135254
-4.425191e-008	0.0331055
-4.422691e-008	0.0310059
-4.420191e-008	0.0282715
-4.417691e-008	0.0259033
-4.415191e-008	0.0183594
-4.412691e-008	0.0219482
-4.410191e-008	0.0338379
-4.407691e-008	0.0268799
-4.405191e-008	0.00517579
-4.402691e-008	0.00986329
-4.400191e-008	0.0336426
-4.397691e-008	0.0324219
-4.395191e-008	0.0179199
-4.392691e-008	0.0203613
-4.390191e-008	0.0222656
-4.387691e-008	0.0172607
-4.385191e-008	0.0140137
-4.382691e-008	0.0159668
-4.380191e-008	0.022168
-4.377691e-008	0.0139404
-4.375191e-008	0.00910645
-4.372691e-008	0.0165772
-4.370191e-008	0.019458
-4.367691e-008	0.0346436
-4.365191e-008	0.0380615
-4.362691e-008	0.0211426
-4.360191e-008	0.0278809
-4.357691e-008	0.0324951
-4.355191e-008	0.0189941
-4.352691e-008	0.0168945
-4.350191e-008	0.0169434
-4.347691e-008	0.0137451
-4.345191e-008	0.0147949
-4.342691e-008	0.0278076
-4.340191e-008	0.0393799
-4.337691e-008	0.0252441
-4.335191e-008	0.0157227
-4.332691e-008	0.022876
-4.330191e-008	0.0198975
-4.327691e-008	0.0129639
-4.325191e-008	0.0112305
-4.322691e-008	0.0191406
-4.320191e-008	0.0271484
-4.317691e-008	0.0171875
-4.315191e-008	0.015625
-4.312691e-008	0.0242676
-4.310191e-008	0.0220703
-4.307691e-008	0.0217529
-4.305191e-008	0.025708
-4.302691e-008	0.0388672
-4.300191e-008	0.0381104
-4.297691e-008	0.0139893
-4.295191e-008	0.0187012
-4.292691e-008	0.0328125
-4.290191e-008	0.0243408
-4.287691e-008	0.0172852
-4.285191e-008	0.0110107
-4.282691e-008	0.0161377
-4.280191e-008	0.0277832
-4.277691e-008	0.0187012
-4.275191e-008	0.0175049
-4.272691e-008	0.0240234
-4.270191e-008	0.0137207
-4.267691e-008	0.0145996
-4.265191e-008	0.0218262
-4.262691e-008	0.0320313
-4.260191e-008	0.0446777
-4.257691e-008	0.0251709
-4.255191e-008	0.0125977
-4.252691e-008	0.0263916
-4.250191e-008	0.0279541
-4.247691e-008	0.0194092
-4.245191e-008	0.014209
-4.242691e-008	0.0248779
-4.240191e-008	0.0337891
-4.237691e-008	0.0258545
-4.235191e-008	0.0164551
-4.232691e-008	0.016333
-4.230191e-008	0.0250733
-4.227691e-008	0.0269287
-4.225191e-008	0.0292969
-4.222691e-008	0.0330566
-4.220191e-008	0.025708
-4.217691e-008	0.0164551
-4.215191e-008	0.0135742
-4.212691e-008	0.0135254
-4.210191e-008	0.00944825
-4.207691e-008	0.0166504
-4.205191e-008	0.03479
-4.202691e-008	0.038794
-4.200191e-008	0.0258057
-4.197691e-008	0.0131104
-4.195191e-008	0.0210449
-4.192691e-008	0.0332031
-4.190191e-008	0.0269775
-4.187691e-008	0.017041
-4.185191e-008	0.0109131
-4.182691e-008	0.0139893
-4.180191e-008	0.0197266
-4.177691e-008	0.00700684
-4.175191e-008	0.00654298
-4.172691e-008	0.026294
-4.170191e-008	0.0290772
-4.167691e-008	0.0260986
-4.165191e-008	0.0212402
-4.162691e-008	0.00720216
-4.160191e-008	0.0131592
-4.157691e-008	0.030249
-4.155191e-008	0.0280029
-4.152691e-008	0.0240479
-4.150191e-008	0.027124
-4.147691e-008	0.0291016
-4.145191e-008	0.0300781
-4.142691e-008	0.020044
-4.140191e-008	0.0141602
-4.137691e-008	0.0223877
-4.135191e-008	0.0243408
-4.132691e-008	0.0147705
-4.130191e-008	0.0100586
-4.127691e-008	0.0149414
-4.125191e-008	0.0157471
-4.122691e-008	0.029419
-4.120191e-008	0.0389893
-4.117691e-008	0.0173584
-4.115191e-008	0.0169678
-4.112691e-008	0.03125
-4.110191e-008	0.0123779
-4.107691e-008	0.00737305
-4.105191e-008	0.0254883
-4.102691e-008	0.0225586
-4.100191e-008	0.0264404
-4.097691e-008	0.029834
-4.095191e-008	0.0208252
-4.092691e-008	0.0263184
-4.090191e-008	0.0238281
-4.087691e-008	0.0274658
-4.085191e-008	0.0309082
-4.082691e-008	0.021875
-4.080191e-008	0.030249
-4.077691e-008	0.0272949
-4.075191e-008	0.0227295
-4.072691e-008	0.032666
-4.070191e-008	0.0247803
-4.067691e-008	0.0109863
-4.065191e-008	0.0111328
-4.062691e-008	0.0279541
-4.060191e-008	0.0389649
-4.057691e-008	0.0172363
-4.055191e-008	0.00395509
-4.052691e-008	0.0259033
-4.050191e-008	0.039209
-4.047691e-008	0.0314209
-4.045191e-008	0.0184082
-4.042691e-008	0.0170899
-4.040191e-008	0.0256104
-4.037691e-008	0.0157471
-4.035191e-008	0.0142334
-4.032691e-008	0.0187012
-4.030191e-008	0.0122559
-4.027691e-008	0.0238281
-4.025191e-008	0.0275147
-4.022691e-008	0.0202149
-4.020191e-008	0.0200195
-4.017691e-008	0.0183594
-4.015191e-008	0.0205566
-4.012691e-008	0.0175781
-4.010191e-008	0.0203125
-4.007691e-008	0.0241699
-4.005191e-008	0.0167236
-4.002691e-008	0.0228027
-4.000191e-008	0.0219971
-3.997691e-008	0.00576173
-3.995191e-008	0.0124756
-3.992691e-008	0.0206543
-3.990191e-008	0.0111572
-3.987691e-008	0.0223877
-3.985191e-008	0.0361084
-3.982691e-008	0.0246094
-3.980191e-008	0.0191162
-3.977691e-008	0.0167481
-3.975191e-008	0.0115723
-3.972691e-008	0.023999
-3.970191e-008	0.0297852
-3.967691e-008	0.0247559
-3.965191e-008	0.0335205
-3.962691e-008	0.0300781
-3.960191e-008	0.0232178
-3.957691e-008	0.0307129
-3.955191e-008	0.0256104
-3.952691e-008	0.023291
-3.950191e-008	0.0236816
-3.947691e-008	0.0218262
-3.945191e-008	0.023584
-3.942691e-008	0.0180908
-3.940191e-008	0.0128906
-3.937691e-008	0.0034668
-3.935191e-008	0.0154541
-3.932691e-008	0.0324707
-3.930191e-008	0.0181885
-3.927691e-008	0.0222412
-3.925191e-008	0.029126
-3.922691e-008	0.0283936
-3.920191e-008	0.0369629
-3.917691e-008	0.0208252
-3.915191e-008	0.0101563
-3.912691e-008	0.0199951
-3.910191e-008	0.024585
-3.907691e-008	0.0265381
-3.905191e-008	0.0285156
-3.902691e-008	0.0357178
-3.900191e-008	0.0299805
-3.897691e-008	0.0143066
-3.895191e-008	0.0176025
-3.892691e-008	0.0183106
-3.890191e-008	0.0138916
-3.887691e-008	0.0218506
-3.885191e-008	0.0182373
-3.882691e-008	0.0131104
-3.880191e-008	0.0269287
-3.877691e-008	0.0234863
-3.875191e-008	0.00725098
-3.872691e-008	0.0140625
-3.870191e-008	0.0243164
-3.867691e-008	0.021582
-3.865191e-008	0.0187744
-3.862691e-008	0.0257813
-3.860191e-008	0.0287354
-3.857691e-008	0.0186768
-3.855191e-008	0.0261475
-3.852691e-008	0.0314453
-3.850191e-008	0.0164063
-3.847691e-008	0.0223145
-3.845191e-008	0.0256592
-3.842691e-008	0.0179932
-3.840191e-008	0.0262207
-3.837691e-008	0.0263184
-3.835191e-008	0.0229492
-3.832691e-008	0.0256348
-3.830191e-008	0.0256836
-3.827691e-008	0.030957
-3.825191e-008	0.0242676
-3.822691e-008	0.0154785
-3.820191e-008	0.0242188
-3.817691e-008	0.0177002
-3.815191e-008	0.014624
-3.812691e-008	0.0252441
-3.810191e-008	0.0141357
-3.807691e-008	0.0128662
-3.805191e-008	0.0167725
-3.802691e-008	0.0156494
-3.800191e-008	0.0214844
-3.797691e-008	0.00683595
-3.795191e-008	0.0114502
-3.792691e-008	0.0342041
-3.790191e-008	0.0296875
-3.787691e-008	0.0286865
-3.785191e-008	0.0242188
-3.782691e-008	0.0177734
-3.780191e-008	0.033667
-3.777691e-008	0.0352783
-3.775191e-008	0.0246582
-3.772691e-008	0.0221436
-3.770191e-008	0.0140625
-3.767691e-008	0.020044
-3.765191e-008	0.0366943
-3.762691e-008	0.0337158
-3.760191e-008	0.0228027
-3.757691e-008	0.0154053
-3.755191e-008	0.0139649
-3.752691e-008	0.0198975
-3.750191e-008	0.0235596
-3.747691e-008	0.0224854
-3.745191e-008	0.0157715
-3.742691e-008	0.0168701
-3.740191e-008	0.0336182
-3.737691e-008	0.0354736
-3.735191e-008	0.0247803
-3.732691e-008	0.0265625
-3.730191e-008	0.0276611
-3.727691e-008	0.0172852
-3.725191e-008	0.0133789
-3.722691e-008	0.0320068
-3.720191e-008	0.0368652
-3.717691e-008	0.0154297
-3.715191e-008	0.0118897
-3.712691e-008	0.0242188
-3.710191e-008	0.0283203
-3.707691e-008	0.0175049
-3.705191e-008	0.00944825
-3.702691e-008	0.0149658
-3.700191e-008	0.0198731
-3.697691e-008	0.0242676
-3.695191e-008	0.0204834
-3.692691e-008	0.0215088
-3.690191e-008	0.0322022
-3.687691e-008	0.0326416
-3.685191e-008	0.0278565
-3.682691e-008	0.0250488
-3.680191e-008	0.0330811
-3.677691e-008	0.0303955
-3.675191e-008	0.0154053
-3.672691e-008	0.0153809
-3.670191e-008	0.0136719
-3.667691e-008	0.0222656
-3.665191e-008	0.0312256
-3.662691e-008	0.00996095
-3.660191e-008	0.00546876
-3.657691e-008	0.0191162
-3.655191e-008	0.02229
-3.652691e-008	0.035376
-3.650191e-008	0.041333
-3.647691e-008	0.026416
-3.645191e-008	0.0224121
-3.642691e-008	0.0390381
-3.640191e-008	0.0422852
-3.637691e-008	0.0174316
-3.635191e-008	0.00932618
-3.632691e-008	0.0196533
-3.630191e-008	0.0157471
-3.627691e-008	0.0134033
-3.625191e-008	0.0203857
-3.622691e-008	0.0297119
-3.620191e-008	0.026294
-3.617691e-008	0.0119873
-3.615191e-008	0.0198975
-3.612691e-008	0.029834
-3.610191e-008	0.0147705
-3.607691e-008	0.0131104
-3.605191e-008	0.0297608
-3.602691e-008	0.0289551
-3.600191e-008	0.0226807
-3.597691e-008	0.015332
-3.595191e-008	0.00568848
-3.592691e-008	0.0177979
-3.590191e-008	0.0296631
-3.587691e-008	0.0227539
-3.585191e-008	0.0236084
-3.582691e-008	0.035376
-3.580191e-008	0.0317383
-3.577691e-008	0.0175049
-3.575191e-008	0.0205078
-3.572691e-008	0.0295899
-3.570191e-008	0.0273438
-3.567691e-008	0.0263916
-3.565191e-008	0.022168
-3.562691e-008	0.0125732
-3.560191e-008	0.0245606
-3.557691e-008	0.0372803
-3.555191e-008	0.0234863
-3.552691e-008	0.0142578
-3.550191e-008	0.0235107
-3.547691e-008	0.0274658
-3.545191e-008	0.0183838
-3.542691e-008	0.0236816
-3.540191e-008	0.0260254
-3.537691e-008	0.0135498
-3.535191e-008	0.0200684
-3.532691e-008	0.0233154
-3.530191e-008	0.0230713
-3.527691e-008	0.0281006
-3.525191e-008	0.0213379
-3.522691e-008	0.0257324
-3.520191e-008	0.0247803
-3.517691e-008	0.0123535
-3.515191e-008	0.0207764
-3.512691e-008	0.0242432
-3.510191e-008	0.0178711
-3.507691e-008	0.0293701
-3.505191e-008	0.0341065
-3.502691e-008	0.0229736
-3.500191e-008	0.0173096
-3.497691e-008	0.013916
-3.495191e-008	0.0156982
-3.492691e-008	0.0213135
-3.490191e-008	0.0259033
-3.487691e-008	0.0272705
-3.485191e-008	0.0180908
-3.482691e-008	0.0194092
-3.480191e-008	0.0253418
-3.477691e-008	0.0180176
-3.475191e-008	0.0170899
-3.472691e-008	0.0169434
-3.470191e-008	0.0179199
-3.467691e-008	0.030127
-3.465191e-008	0.0302246
-3.462691e-008	0.0227783
-3.460191e-008	0.0192139
-3.457691e-008	0.0111816
-3.455191e-008	0.0118164
-3.452691e-008	0.0221924
-3.450191e-008	0.0265625
-3.447691e-008	0.0235107
-3.445191e-008	0.023291
-3.442691e-008	0.0265381
-3.440191e-008	0.0313233
-3.437691e-008	0.0321045
-3.435191e-008	0.0177734
-3.432691e-008	0.011792
-3.430191e-008	0.0174561
-3.427691e-008	0.0224121
-3.425191e-008	0.0239258
-3.422691e-008	0.0202149
-3.420191e-008	0.0295654
-3.417691e-008	0.021167
-3.415191e-008	0.0090088
-3.412691e-008	0.027002
-3.410191e-008	0.0285889
-3.407691e-008	0.0253174
-3.405191e-008	0.0244141
-3.402691e-008	0.019165
-3.400191e-008	0.0274902
-3.397691e-008	0.0166016
-3.395191e-008	0.00341798
-3.392691e-008	0.0138916
-3.390191e-008	0.021582
-3.387691e-008	0.0256592
-3.385191e-008	0.0205811
-3.382691e-008	0.0227295
-3.380191e-008	0.0343506
-3.377691e-008	0.0198242
-3.375191e-008	0.0168213
-3.372691e-008	0.0305908
-3.370191e-008	0.0205322
-3.367691e-008	0.0178711
-3.365191e-008	0.0383301
-3.362691e-008	0.0404541
-3.360191e-008	0.0179932
-3.357691e-008	0.0180176
-3.355191e-008	0.0296631
-3.352691e-008	0.0244873
-3.350191e-008	0.0227539
-3.347691e-008	0.020166
-3.345191e-008	0.0213135
-3.342691e-008	0.0303223
-3.340191e-008	0.0281983
-3.337691e-008	0.0207764
-3.335191e-008	0.0213135
-3.332691e-008	0.0299072
-3.330191e-008	0.0323486
-3.327691e-008	0.0225586
-3.325191e-008	0.0214844
-3.322691e-008	0.0339111
-3.320191e-008	0.0304443
-3.317691e-008	0.0172852
-3.315191e-008	0.0112793
-3.312691e-008	0.00778809
-3.310191e-008	0.0174561
-3.307691e-008	0.0239502
-3.305191e-008	0.0240479
-3.302691e-008	0.0276611
-3.300191e-008	0.0220703
-3.297691e-008	0.0215088
-3.295191e-008	0.0258789
-3.292691e-008	0.01875
-3.290191e-008	0.0113525
-3.287691e-008	0.0209229
-3.285191e-008	0.0286865
-3.282691e-008	0.0253174
-3.280191e-008	0.0282959
-3.277691e-008	0.0206787
-3.275191e-008	0.0125977
-3.272691e-008	0.0234375
-3.270191e-008	0.0359131
-3.267691e-008	0.0395752
-3.265191e-008	0.0195557
-3.262691e-008	0.00986329
-3.260191e-008	0.0325195
-3.257691e-008	0.0318115
-3.255191e-008	0.0155518
-3.252691e-008	0.0161865
-3.250191e-008	0.0187744
-3.247691e-008	0.020752
-3.245191e-008	0.0154053
-3.242691e-008	0.0146729
-3.240191e-008	0.0226563
-3.237691e-008	0.0175293
-3.235191e-008	0.0167725
-3.232691e-008	0.0220215
-3.230191e-008	0.0241211
-3.227691e-008	0.0364014
-3.225191e-008	0.0324463
-3.222691e-008	0.0119141
-3.220191e-008	0.0195313
-3.217691e-008	0.0313721
-3.215191e-008	0.0303955
-3.212691e-008	0.035083
-3.210191e-008	0.0169922
-3.207691e-008	0.00393067
-3.205191e-008	0.019165
-3.202691e-008	0.0258789
-3.200191e-008	0.0346191
-3.197691e-008	0.028833
-3.195191e-008	0.0136963
-3.192691e-008	0.0205322
-3.190191e-008	0.0228027
-3.187691e-008	0.0229981
-3.185191e-008	0.0196777
-3.182691e-008	0.012793
-3.180191e-008	0.0239746
-3.177691e-008	0.0294922
-3.175191e-008	0.0208252
-3.172691e-008	0.0175293
-3.170191e-008	0.0137451
-3.167691e-008	0.00979005
-3.165191e-008	0.0187012
-3.162691e-008	0.0333008
-3.160191e-008	0.0339356
-3.157691e-008	0.0125977
-3.155191e-008	0.0165527
-3.152691e-008	0.0393799
-3.150191e-008	0.026001
-3.147691e-008	0.0268555
-3.145191e-008	0.0330811
-3.142691e-008	0.0138672
-3.140191e-008	0.0149902
-3.137691e-008	0.0145508
-3.135191e-008	0.0211426
-3.132691e-008	0.037793
-3.130191e-008	0.0279053
-3.127691e-008	0.0248047
-3.125191e-008	0.0271973
-3.122691e-008	0.0201416
-3.120191e-008	0.0247559
-3.117691e-008	0.0276611
-3.115191e-008	0.0240967
-3.112691e-008	0.0281738
-3.110191e-008	0.0284912
-3.107691e-008	0.0211426
-3.105191e-008	0.0160889
-3.102691e-008	0.0183106
-3.100191e-008	0.0263672
-3.097691e-008	0.0258789
-3.095191e-008	0.0184326
-3.092691e-008	0.0182861
-3.090191e-008	0.0246094
-3.087691e-008	0.0272705
-3.085191e-008	0.0229492
-3.082691e-008	0.0217041
-3.080191e-008	0.0218994
-3.077691e-008	0.0182617
-3.075191e-008	0.0172363
-3.072691e-008	0.0200195
-3.070191e-008	0.0242432
-3.067691e-008	0.0298096
-3.065191e-008	0.0318848
-3.062691e-008	0.0274414
-3.060191e-008	0.0257568
-3.057691e-008	0.0248047
-3.055191e-008	0.0190918
-3.052691e-008	0.015918
-3.050191e-008	0.014624
-3.047691e-008	0.0211426
-3.045191e-008	0.0307373
-3.042691e-008	0.0312256
-3.040191e-008	0.0316406
-3.037691e-008	0.0258301
-3.035191e-008	0.0175537
-3.032691e-008	0.021582
-3.030191e-008	0.019165
-3.027691e-008	0.0136963
-3.025191e-008	0.0191406
-3.022691e-008	0.0258789
-3.020191e-008	0.0282715
-3.017691e-008	0.0156494
-3.015191e-008	0.00751954
-3.012691e-008	0.0208496
-3.010191e-008	0.0250488
-3.007691e-008	0.0190674
-3.005191e-008	0.0148926
-3.002691e-008	0.00998536
-3.000191e-008	0.0154785
-2.997691e-008	0.0275879
-2.995191e-008	0.0258789
-2.992691e-008	0.0283691
-2.990191e-008	0.035791
-2.987691e-008	0.0206055
-2.985191e-008	0.0166992
-2.982691e-008	0.0292725
-2.980191e-008	0.026709
-2.977691e-008	0.0173096
-2.975191e-008	0.0124512
-2.972691e-008	0.01875
-2.970191e-008	0.0219971
-2.967691e-008	0.0248047
-2.965191e-008	0.0290039
-2.962691e-008	0.0253662
-2.960191e-008	0.0275147
-2.957691e-008	0.0186768
-2.955191e-008	0.0106445
-2.952691e-008	0.0254639
-2.950191e-008	0.0283447
-2.947691e-008	0.0181152
-2.945191e-008	0.0228516
-2.942691e-008	0.0282471
-2.940191e-008	0.0225098
-2.937691e-008	0.0177002
-2.935191e-008	0.0122315
-2.932691e-008	0.0135986
-2.930191e-008	0.0176514
-2.927691e-008	0.0190674
-2.925191e-008	0.0307617
-2.922691e-008	0.0341553
-2.920191e-008	0.0249512
-2.917691e-008	0.0141846
-2.915191e-008	0.00881348
-2.912691e-008	0.019458
-2.910191e-008	0.0282715
-2.907691e-008	0.0235352
-2.905191e-008	0.0201416
-2.902691e-008	0.0241699
-2.900191e-008	0.027832
-2.897691e-008	0.0272949
-2.895191e-008	0.0182373
-2.892691e-008	0.0125977
-2.890191e-008	0.0234863
-2.887691e-008	0.030835
-2.885191e-008	0.0304688
-2.882691e-008	0.032251
-2.880191e-008	0.0280518
-2.877691e-008	0.0163086
-2.875191e-008	0.0124024
-2.872691e-008	0.0207031
-2.870191e-008	0.0262451
-2.867691e-008	0.0237061
-2.865191e-008	0.0163086
-2.862691e-008	0.01521
-2.860191e-008	0.0206299
-2.857691e-008	0.0176025
-2.855191e-008	0.023584
-2.852691e-008	0.034082
-2.850191e-008	0.0287109
-2.847691e-008	0.0238037
-2.845191e-008	0.011792
-2.842691e-008	0.00227052
-2.840191e-008	0.019043
-2.837691e-008	0.0294678
-2.835191e-008	0.0247315
-2.832691e-008	0.0224121
-2.830191e-008	0.0177734
-2.827691e-008	0.0161865
-2.825191e-008	0.0186035
-2.822691e-008	0.0178223
-2.820191e-008	0.0244141
-2.817691e-008	0.0300049
-2.815191e-008	0.0247803
-2.812691e-008	0.0254883
-2.810191e-008	0.0241943
-2.807691e-008	0.0230469
-2.805191e-008	0.0280274
-2.802691e-008	0.0269531
-2.800191e-008	0.0266602
-2.797691e-008	0.0189941
-2.795191e-008	0.0128662
-2.792691e-008	0.0177979
-2.790191e-008	0.01604
-2.787691e-008	0.016333
-2.785191e-008	0.0204102
-2.782691e-008	0.0251953
-2.780191e-008	0.0329834
-2.777691e-008	0.027417
-2.775191e-008	0.0155029
-2.772691e-008	0.0201904
-2.770191e-008	0.0174805
-2.767691e-008	0.00898438
-2.765191e-008	0.0205078
-2.762691e-008	0.0229736
-2.760191e-008	0.0237061
-2.757691e-008	0.027832
-2.755191e-008	0.0185303
-2.752691e-008	0.0255859
-2.750191e-008	0.0276367
-2.747691e-008	0.0128418
-2.745191e-008	0.019458
-2.742691e-008	0.0250488
-2.740191e-008	0.0134277
-2.737691e-008	0.011377
-2.735191e-008	0.0167236
-2.732691e-008	0.024292
-2.730191e-008	0.0310791
-2.727691e-008	0.0218262
-2.725191e-008	0.0107422
-2.722691e-008	0.0186768
-2.720191e-008	0.0323731
-2.717691e-008	0.0269531
-2.715191e-008	0.0162598
-2.712691e-008	0.0163818
-2.710191e-008	0.0153565
-2.707691e-008	0.0243164
-2.705191e-008	0.0287109
-2.702691e-008	0.0287598
-2.700191e-008	0.0411865
-2.697691e-008	0.0234619
-2.695191e-008	0.0105957
-2.692691e-008	0.0240479
-2.690191e-008	0.0177979
-2.687691e-008	0.0192383
-2.685191e-008	0.0158936
-2.682691e-008	0.0129395
-2.680191e-008	0.0359131
-2.677691e-008	0.0316895
-2.675191e-008	0.0206299
-2.672691e-008	0.0267822
-2.670191e-008	0.0248047
-2.667691e-008	0.0290527
-2.665191e-008	0.0322998
-2.662691e-008	0.0302002
-2.660191e-008	0.030127
-2.657691e-008	0.0211426
-2.655191e-008	0.0175049
-2.652691e-008	0.0167236
-2.650191e-008	0.0169922
-2.647691e-008	0.0287354
-2.645191e-008	0.0246338
-2.642691e-008	0.0217285
-2.640191e-008	0.0296875
-2.637691e-008	0.0188477
-2.635191e-008	0.0156982
-2.632691e-008	0.0259033
-2.630191e-008	0.0276367
-2.627691e-008	0.0227539
-2.625191e-008	0.0154541
-2.622691e-008	0.0202393
-2.620191e-008	0.0264404
-2.617691e-008	0.0156006
-2.615191e-008	0.0186524
-2.612691e-008	0.0298828
-2.610191e-008	0.0178711
-2.607691e-008	0.0185547
-2.605191e-008	0.0258057
-2.602691e-008	0.0152588
-2.600191e-008	0.0192871
-2.597691e-008	0.0289063
-2.595191e-008	0.0287842
-2.592691e-008	0.0267334
-2.590191e-008	0.0226563
-2.587691e-008	0.0230469
-2.585191e-008	0.0251221
-2.582691e-008	0.03479
-2.580191e-008	0.035669
-2.577691e-008	0.0139893
-2.575191e-008	0.0157227
-2.572691e-008	0.0289551
-2.570191e-008	0.0190674
-2.567691e-008	0.0232422
-2.565191e-008	0.0400879
-2.562691e-008	0.0302246
-2.560191e-008	0.0123535
-2.557691e-008	0.010376
-2.555191e-008	0.00922852
-2.552691e-008	0.0202637
-2.550191e-008	0.0320068
-2.547691e-008	0.0185547
-2.545191e-008	0.017334
-2.542691e-008	0.0232666
-2.540191e-008	0.0209717
-2.537691e-008	0.0259277
-2.535191e-008	0.0210693
-2.532691e-008	0.0156738
-2.530191e-008	0.0171387
-2.527691e-008	0.0165527
-2.525191e-008	0.0213379
-2.522691e-008	0.0227051
-2.520191e-008	0.0218506
-2.517691e-008	0.023169
-2.515191e-008	0.0224854
-2.512691e-008	0.0301758
-2.510191e-008	0.0323731
-2.507691e-008	0.0174072
-2.505191e-008	0.0143799
-2.502691e-008	0.0258057
-2.500191e-008	0.0241699
-2.497691e-008	0.017334
-2.495191e-008	0.0216553
-2.492691e-008	0.0183838
-2.490191e-008	0.0127441
-2.487691e-008	0.0251709
-2.485191e-008	0.0319336
-2.482691e-008	0.0306641
-2.480191e-008	0.0331299
-2.477691e-008	0.0236816
-2.475191e-008	0.0140869
-2.472691e-008	0.016919
-2.470191e-008	0.0175293
-2.467691e-008	0.0151856
-2.465191e-008	0.0190674
-2.462691e-008	0.0304443
-2.460191e-008	0.0310059
-2.457691e-008	0.0119629
-2.455191e-008	0.00991212
-2.452691e-008	0.0269043
-2.450191e-008	0.0258545
-2.447691e-008	0.0178955
-2.445191e-008	0.0173096
-2.442691e-008	0.0194824
-2.440191e-008	0.022876
-2.437691e-008	0.0202149
-2.435191e-008	0.017627
-2.432691e-008	0.0198486
-2.430191e-008	0.0248535
-2.427691e-008	0.0326172
-2.425191e-008	0.0286133
-2.422691e-008	0.0203369
-2.420191e-008	0.0282959
-2.417691e-008	0.0273193
-2.415191e-008	0.0211182
-2.412691e-008	0.034668
-2.410191e-008	0.0339356
-2.407691e-008	0.022168
-2.405191e-008	0.0288086
-2.402691e-008	0.0352783
-2.400191e-008	0.0286865
-2.397691e-008	0.0166992
-2.395191e-008	0.012207
-2.392691e-008	0.0215576
-2.390191e-008	0.0312256
-2.387691e-008	0.0213379
-2.385191e-008	0.0125732
-2.382691e-008	0.0204834
-2.380191e-008	0.021167
-2.377691e-008	0.0215088
-2.375191e-008	0.0249512
-2.372691e-008	0.0164307
-2.370191e-008	0.0134522
-2.367691e-008	0.0290283
-2.365191e-008	0.0285645
-2.362691e-008	0.0108887
-2.360191e-008	0.0185303
-2.357691e-008	0.0261231
-2.355191e-008	0.0174072
-2.352691e-008	0.0173828
-2.350191e-008	0.0220215
-2.347691e-008	0.0237305
-2.345191e-008	0.0109619
-2.342691e-008	0.00507813
-2.340191e-008	0.0204834
-2.337691e-008	0.0238037
-2.335191e-008	0.0214844
-2.332691e-008	0.0258301
-2.330191e-008	0.0329102
-2.327691e-008	0.0452149
-2.325191e-008	0.0382813
-2.322691e-008	0.0219971
-2.320191e-008	0.0211914
-2.317691e-008	0.0158936
-2.315191e-008	0.0172119
-2.312691e-008	0.0304199
-2.310191e-008	0.0268311
-2.307691e-008	0.0236084
-2.305191e-008	0.0223389
-2.302691e-008	0.0116943
-2.300191e-008	0.0221191
-2.297691e-008	0.026709
-2.295191e-008	0.0145752
-2.292691e-008	0.0281983
-2.290191e-008	0.0269775
-2.287691e-008	0.0165527
-2.285191e-008	0.0275391
-2.282691e-008	0.0210693
-2.280191e-008	0.030249
-2.277691e-008	0.0441162
-2.275191e-008	0.0164063
-2.272691e-008	0.010083
-2.270191e-008	0.0227539
-2.267691e-008	0.0159424
-2.265191e-008	0.0190674
-2.262691e-008	0.0248291
-2.260191e-008	0.0208252
-2.257691e-008	0.0133301
-2.255191e-008	0.0100098
-2.252691e-008	0.0167969
-2.250191e-008	0.0187256
-2.247691e-008	0.0257568
-2.245191e-008	0.0195557
-2.242691e-008	0.00778809
-2.240191e-008	0.0260498
-2.237691e-008	0.0230225
-2.235191e-008	0.0126465
-2.232691e-008	0.0198242
-2.230191e-008	0.0193359
-2.227691e-008	0.0308838
-2.225191e-008	0.0276856
-2.222691e-008	0.0197754
-2.220191e-008	0.0286377
-2.217691e-008	0.0173828
-2.215191e-008	0.0128662
-2.212691e-008	0.0162598
-2.210191e-008	0.0100586
-2.207691e-008	0.0166016
-2.205191e-008	0.0193604
-2.202691e-008	0.0174561
-2.200191e-008	0.0201172
-2.197691e-008	0.0122559
-2.195191e-008	0.0131348
-2.192691e-008	0.0279541
-2.190191e-008	0.0282715
-2.187691e-008	0.0188477
-2.185191e-008	0.0130371
-2.182691e-008	0.0198486
-2.180191e-008	0.0294678
-2.177691e-008	0.0177979
-2.175191e-008	0.0190186
-2.172691e-008	0.0329346
-2.170191e-008	0.0266846
-2.167691e-008	0.0299805
-2.165191e-008	0.0311035
-2.162691e-008	0.0189697
-2.160191e-008	0.0229736
-2.157691e-008	0.0314453
-2.155191e-008	0.0325195
-2.152691e-008	0.0197266
-2.150191e-008	0.0119629
-2.147691e-008	0.0212891
-2.145191e-008	0.0181152
-2.142691e-008	0.0158203
-2.140191e-008	0.0192627
-2.137691e-008	0.0136475
-2.135191e-008	0.0179932
-2.132691e-008	0.0278809
-2.130191e-008	0.0249512
-2.127691e-008	0.0208984
-2.125191e-008	0.0260498
-2.122691e-008	0.0275391
-2.120191e-008	0.0260986
-2.117691e-008	0.0282715
-2.115191e-008	0.0268799
-2.112691e-008	0.0258789
-2.110191e-008	0.0234131
-2.107691e-008	0.0169922
-2.105191e-008	0.0156494
-2.102691e-008	0.0168213
-2.100191e-008	0.0178467
-2.097691e-008	0.0147461
-2.095191e-008	0.00786134
-2.092691e-008	0.0141357
-2.090191e-008	0.020166
-2.087691e-008	0.0177002
-2.085191e-008	0.0233643
-2.082691e-008	0.0211426
-2.080191e-008	0.0162354
-2.077691e-008	0.0204346
-2.075191e-008	0.0182617
-2.072691e-008	0.0212402
-2.070191e-008	0.0285889
-2.067691e-008	0.0235596
-2.065191e-008	0.0203857
-2.062691e-008	0.0309082
-2.060191e-008	0.0312744
-2.057691e-008	0.0183594
-2.055191e-008	0.0174072
-2.052691e-008	0.0166504
-2.050191e-008	0.0147949
-2.047691e-008	0.0260254
-2.045191e-008	0.0206787
-2.042691e-008	0.0143799
-2.040191e-008	0.0281738
-2.037691e-008	0.012085
-2.035191e-008	-0.00129394
-2.032691e-008	0.014209
-2.030191e-008	0.0127686
-2.027691e-008	0.0246094
-2.025191e-008	0.0272461
-2.022691e-008	0.00541993
-2.020191e-008	0.0192627
-2.017691e-008	0.0287842
-2.015191e-008	0.0195557
-2.012691e-008	0.0291504
-2.010191e-008	0.0265137
-2.007691e-008	0.0110107
-2.005191e-008	0.02229
-2.002691e-008	0.037085
-2.000191e-008	0.0222168
-1.997691e-008	0.00561524
-1.995191e-008	0.00793458
-1.992691e-008	0.015625
-1.990191e-008	0.018457
-1.987691e-008	0.022583
-1.985191e-008	0.0240479
-1.982691e-008	0.0205322
-1.980191e-008	0.0259033
-1.977691e-008	0.0284668
-1.975191e-008	0.0290283
-1.972691e-008	0.0332275
-1.970191e-008	0.0333496
-1.967691e-008	0.0250733
-1.965191e-008	0.00625001
-1.962691e-008	0.0182617
-1.960191e-008	0.0408203
-1.957691e-008	0.020044
-1.955191e-008	0.0069336
-1.952691e-008	0.0168457
-1.950191e-008	0.0145508
-1.947691e-008	0.00595704
-1.945191e-008	-0.000390618
-1.942691e-008	0.0084961
-1.940191e-008	0.0236572
-1.937691e-008	0.0235107
-1.935191e-008	0.01875
-1.932691e-008	0.0195801
-1.930191e-008	0.0164307
-1.927691e-008	0.010791
-1.925191e-008	0.0174805
-1.922691e-008	0.0218262
-1.920191e-008	0.0179688
-1.917691e-008	0.0143066
-1.915191e-008	0.0116455
-1.912691e-008	0.0220215
-1.910191e-008	0.0186279
-1.907691e-008	0.0144043
-1.905191e-008	0.0326416
-1.902691e-008	0.0249268
-1.900191e-008	0.0249756
-1.897691e-008	0.0443848
-1.895191e-008	0.0296143
-1.892691e-008	0.015625
-1.890191e-008	0.0174805
-1.887691e-008	0.0195801
-1.885191e-008	0.0237061
-1.882691e-008	0.0188965
-1.880191e-008	0.0115234
-1.877691e-008	0.0134033
-1.875191e-008	0.0215576
-1.872691e-008	0.0176514
-1.870191e-008	0.0119873
-1.867691e-008	0.0177979
-1.865191e-008	0.0172363
-1.862691e-008	0.0269287
-1.860191e-008	0.0295166
-1.857691e-008	0.00607911
-1.855191e-008	0.0179199
-1.852691e-008	0.0385254
-1.850191e-008	0.0221924
-1.847691e-008	0.0166748
-1.845191e-008	0.0143311
-1.842691e-008	0.0154541
-1.840191e-008	0.0339111
-1.837691e-008	0.0272217
-1.835191e-008	0.0145264
-1.832691e-008	0.0168701
-1.830191e-008	0.0170899
-1.827691e-008	0.018335
-1.825191e-008	0.0174316
-1.822691e-008	0.0251709
-1.820191e-008	0.0302002
-1.817691e-008	0.0175537
-1.815191e-008	0.014624
-1.812691e-008	0.0145996
-1.810191e-008	0.0147705
-1.807691e-008	0.0238037
-1.805191e-008	0.0199219
-1.802691e-008	0.0201416
-1.800191e-008	0.0257568
-1.797691e-008	0.0137695
-1.795191e-008	0.0116943
-1.792691e-008	0.0115967
-1.790191e-008	0.00183106
-1.787691e-008	0.0176758
-1.785191e-008	0.0283447
-1.782691e-008	0.019043
-1.780191e-008	0.0202393
-1.777691e-008	0.00844727
-1.775191e-008	0.00798341
-1.772691e-008	0.0316162
-1.770191e-008	0.0246826
-1.767691e-008	0.013794
-1.765191e-008	0.0181152
-1.762691e-008	0.0130127
-1.760191e-008	0.0210693
-1.757691e-008	0.0233643
-1.755191e-008	0.00666505
-1.752691e-008	0.0143799
-1.750191e-008	0.0233154
-1.747691e-008	0.00959473
-1.745191e-008	0.0105713
-1.742691e-008	0.0294434
-1.740191e-008	0.0396729
-1.737691e-008	0.0335205
-1.735191e-008	0.0223877
-1.732691e-008	0.016626
-1.730191e-008	0.0208252
-1.727691e-008	0.025415
-1.725191e-008	0.0139893
-1.722691e-008	0.0126953
-1.720191e-008	0.0306885
-1.717691e-008	0.0216065
-1.715191e-008	0.00297852
-1.712691e-008	0.0157471
-1.710191e-008	0.0253662
-1.707691e-008	0.0135742
-1.705191e-008	0.0164307
-1.702691e-008	0.0333252
-1.700191e-008	0.0232666
-1.697691e-008	0.0104981
-1.695191e-008	0.0244873
-1.692691e-008	0.0241211
-1.690191e-008	0.0185059
-1.687691e-008	0.0321533
-1.685191e-008	0.0348633
-1.682691e-008	0.0195801
-1.680191e-008	0.0106445
-1.677691e-008	0.0165283
-1.675191e-008	0.0229492
-1.672691e-008	0.0223389
-1.670191e-008	0.0184815
-1.667691e-008	0.0227539
-1.665191e-008	0.0240479
-1.662691e-008	0.0210938
-1.660191e-008	0.028125
-1.657691e-008	0.019165
-1.655191e-008	0.0141357
-1.652691e-008	0.0213867
-1.650191e-008	0.0162354
-1.647691e-008	0.015332
-1.645191e-008	0.0200195
-1.642691e-008	0.0385498
-1.640191e-008	0.0366699
-1.637691e-008	0.0142578
-1.635191e-008	0.0254883
-1.632691e-008	0.0260254
-1.630191e-008	0.0140869
-1.627691e-008	0.0216797
-1.625191e-008	0.0258545
-1.622691e-008	0.0227051
-1.620191e-008	0.0141113
-1.617691e-008	0.011377
-1.615191e-008	0.015918
-1.612691e-008	0.0242188
-1.610191e-008	0.0307861
-1.607691e-008	0.0236572
-1.605191e-008	0.0203369
-1.602691e-008	0.0242676
-1.600191e-008	0.0190918
-1.597691e-008	0.00939942
-1.595191e-008	0.0197022
-1.592691e-008	0.028418
-1.590191e-008	0.00639649
-1.587691e-008	0.0027588
-1.585191e-008	0.0180176
-1.582691e-008	0.0231934
-1.580191e-008	0.0237793
-1.577691e-008	0.00280762
-1.575191e-008	0.00307618
-1.572691e-008	0.029419
-1.570191e-008	0.0243897
-1.567691e-008	0.0178467
-1.565191e-008	0.0199219
-1.562691e-008	0.0219727
-1.560191e-008	0.0338867
-1.557691e-008	0.0345459
-1.555191e-008	0.0269775
-1.552691e-008	0.0205566
-1.550191e-008	0.0236084
-1.547691e-008	0.0300293
-1.545191e-008	0.0180664
-1.542691e-008	0.0145996
-1.540191e-008	0.0263672
-1.537691e-008	0.0147217
-1.535191e-008	0.00117188
-1.532691e-008	0.0144775
-1.530191e-008	0.0241211
-1.527691e-008	0.0223633
-1.525191e-008	0.0165527
-1.522691e-008	0.0192383
-1.520191e-008	0.029419
-1.517691e-008	0.0203857
-1.515191e-008	0.02146
-1.512691e-008	0.0320068
-1.510191e-008	0.0156982
-1.507691e-008	0.00622559
-1.505191e-008	0.0158936
-1.502691e-008	0.0185791
-1.500191e-008	0.0210693
-1.497691e-008	0.0195801
-1.495191e-008	0.0155274
-1.492691e-008	0.0266846
-1.490191e-008	0.0188477
-1.487691e-008	0.0114502
-1.485191e-008	0.0358154
-1.482691e-008	0.0360108
-1.480191e-008	0.0263672
-1.477691e-008	0.0228516
-1.475191e-008	0.00986329
-1.472691e-008	0.0203369
-1.470191e-008	0.0341797
-1.467691e-008	0.0325195
-1.465191e-008	0.0239502
-1.462691e-008	0.0141113
-1.460191e-008	0.0228027
-1.457691e-008	0.0245117
-1.455191e-008	0.0179443
-1.452691e-008	0.0255371
-1.450191e-008	0.0306152
-1.447691e-008	0.0273926
-1.445191e-008	0.0177002
-1.442691e-008	0.0216797
-1.440191e-008	0.0337891
-1.437691e-008	0.0246338
-1.435191e-008	0.0168213
-1.432691e-008	0.0200684
-1.430191e-008	0.0218262
-1.427691e-008	0.0182373
-1.425191e-008	0.0114014
-1.422691e-008	0.0204346
-1.420191e-008	0.0245606
-1.417691e-008	0.00895997
-1.415191e-008	0.0174561
-1.412691e-008	0.0312744
-1.410191e-008	0.0226807
-1.407691e-008	0.020459
-1.405191e-008	0.022168
-1.402691e-008	0.0365479
-1.400191e-008	0.0398193
-1.397691e-008	0.0174561
-1.395191e-008	0.0197754
-1.392691e-008	0.0184326
-1.390191e-008	0.0108399
-1.387691e-008	0.0262695
-1.385191e-008	0.0266602
-1.382691e-008	0.0238281
-1.380191e-008	0.0321045
-1.377691e-008	0.0199707
-1.375191e-008	0.00725098
-1.372691e-008	0.0157715
-1.370191e-008	0.0190186
-1.367691e-008	0.0200195
-1.365191e-008	0.020459
-1.362691e-008	0.0164063
-1.360191e-008	0.0190918
-1.357691e-008	0.00913087
-1.355191e-008	0.00600587
-1.352691e-008	0.0225342
-1.350191e-008	0.0287354
-1.347691e-008	0.0256104
-1.345191e-008	0.0170654
-1.342691e-008	0.0233154
-1.340191e-008	0.0385498
-1.337691e-008	0.0247803
-1.335191e-008	0.0172852
-1.332691e-008	0.0237305
-1.330191e-008	0.0121582
-1.327691e-008	0.0200195
-1.325191e-008	0.0278565
-1.322691e-008	0.0175293
-1.320191e-008	0.0299072
-1.317691e-008	0.0280029
-1.315191e-008	0.0154541
-1.312691e-008	0.0188477
-1.310191e-008	0.0178711
-1.307691e-008	0.0181885
-1.305191e-008	0.00935059
-1.302691e-008	0.0138672
-1.300191e-008	0.0266602
-1.297691e-008	0.00620118
-1.295191e-008	0.005542
-1.292691e-008	0.0296631
-1.290191e-008	0.0313233
-1.287691e-008	0.0175781
-1.285191e-008	0.00771485
-1.282691e-008	0.0224854
-1.280191e-008	0.0327149
-1.277691e-008	0.0215088
-1.275191e-008	0.0164307
-1.272691e-008	0.0113281
-1.270191e-008	0.0142822
-1.267691e-008	0.0211426
-1.265191e-008	0.0172363
-1.262691e-008	0.0220215
-1.260191e-008	0.027832
-1.257691e-008	0.0183106
-1.255191e-008	0.01521
-1.252691e-008	0.0202149
-1.250191e-008	0.0098877
-1.247691e-008	0.0148193
-1.245191e-008	0.034668
-1.242691e-008	0.0340088
-1.240191e-008	0.0254639
-1.237691e-008	0.0119629
-1.235191e-008	0.0140869
-1.232691e-008	0.0260986
-1.230191e-008	0.0198242
-1.227691e-008	0.0148926
-1.225191e-008	0.0100342
-1.222691e-008	0.017041
-1.220191e-008	0.0350098
-1.217691e-008	0.0216309
-1.215191e-008	0.00722657
-1.212691e-008	0.0241455
-1.210191e-008	0.0281983
-1.207691e-008	0.0168945
-1.205191e-008	0.0182129
-1.202691e-008	0.0250244
-1.200191e-008	0.0280518
-1.197691e-008	0.0196533
-1.195191e-008	0.0181641
-1.192691e-008	0.0275147
-1.190191e-008	0.0277832
-1.187691e-008	0.0213135
-1.185191e-008	0.0130371
-1.182691e-008	0.0154297
-1.180191e-008	0.0154785
-1.177691e-008	0.0109619
-1.175191e-008	0.0176025
-1.172691e-008	0.0216553
-1.170191e-008	0.0232178
-1.167691e-008	0.0209229
-1.165191e-008	0.0173096
-1.162691e-008	0.0185303
-1.160191e-008	0.0215332
-1.157691e-008	0.0252686
-1.155191e-008	0.0197022
-1.152691e-008	0.0120117
-1.150191e-008	0.0159668
-1.147691e-008	0.0240234
-1.145191e-008	0.0175537
-1.142691e-008	0.00837403
-1.140191e-008	0.0130859
-1.137691e-008	0.0104981
-1.135191e-008	0.0166748
-1.132691e-008	0.0359619
-1.130191e-008	0.0252686
-1.127691e-008	0.0107422
-1.125191e-008	0.0169922
-1.122691e-008	0.0223145
-1.120191e-008	0.0330078
-1.117691e-008	0.0243897
-1.115191e-008	0.00627442
-1.112691e-008	0.025708
-1.110191e-008	0.0362305
-1.107691e-008	0.0265869
-1.105191e-008	0.0293945
-1.102691e-008	0.0231201
-1.100191e-008	0.0145508
-1.097691e-008	0.0239502
-1.095191e-008	0.0282715
-1.092691e-008	0.0174072
-1.090191e-008	0.0188721
-1.087691e-008	0.0193115
-1.085191e-008	0.00998536
-1.082691e-008	0.0249024
-1.080191e-008	0.029126
-1.077691e-008	0.0117676
-1.075191e-008	0.0144531
-1.072691e-008	0.0217774
-1.070191e-008	0.0268311
-1.067691e-008	0.0260254
-1.065191e-008	0.016626
-1.062691e-008	0.0243897
-1.060191e-008	0.0300293
-1.057691e-008	0.0198242
-1.055191e-008	0.0185791
-1.052691e-008	0.0184815
-1.050191e-008	0.0113037
-1.047691e-008	0.0137451
-1.045191e-008	0.0259766
-1.042691e-008	0.033252
-1.040191e-008	0.0260254
-1.037691e-008	0.0149658
-1.035191e-008	0.0124512
-1.032691e-008	0.0125977
-1.030191e-008	0.0171875
-1.027691e-008	0.019751
-1.025191e-008	0.0160156
-1.022691e-008	0.0254639
-1.020191e-008	0.0274414
-1.017691e-008	0.0131836
-1.015191e-008	0.01521
-1.012691e-008	0.0188965
-1.010191e-008	0.0194092
-1.007691e-008	0.0316406
-1.005191e-008	0.0308838
-1.002691e-008	0.0223145
-1.000191e-008	0.0189697
-9.976905e-009	0.0105225
-9.951905e-009	0.0153809
-9.926905e-009	0.0269287
-9.901905e-009	0.030249
-9.876905e-009	0.036499
-9.851905e-009	0.0291016
-9.826905e-009	0.0206787
-9.801905e-009	0.0239258
-9.776905e-009	0.0104981
-9.751905e-009	0.0114014
-9.726905e-009	0.0312744
-9.701905e-009	0.0270996
-9.676905e-009	0.0265137
-9.651905e-009	0.0339844
-9.626905e-009	0.0263184
-9.601905e-009	0.0218262
-9.576905e-009	0.0243652
-9.551905e-009	0.0234863
-9.526905e-009	0.0199951
-9.501905e-009	0.024292
-9.476905e-009	0.023291
-9.451905e-009	0.0138916
-9.426905e-009	0.0249756
-9.401905e-009	0.0270752
-9.376905e-009	0.00915528
-9.351905e-009	0.0155029
-9.326905e-009	0.0246582
-9.301905e-009	0.0175537
-9.276905e-009	0.0163818
-9.251905e-009	0.0175293
-9.226905e-009	0.0250244
-9.201905e-009	0.0271973
-9.176905e-009	0.0140869
-9.151905e-009	0.0152344
-9.126905e-009	0.0180908
-9.101905e-009	0.0155518
-9.076905e-009	0.0266358
-9.051905e-009	0.0250977
-9.026905e-009	0.0202149
-9.001905e-009	0.0279053
-8.976905e-009	0.0180908
-8.951905e-009	0.01521
-8.926905e-009	0.0253174
-8.901905e-009	0.0189941
-8.876905e-009	0.0166016
-8.851905e-009	0.0136231
-8.826905e-009	0.0158936
-8.801905e-009	0.0355957
-8.776905e-009	0.035376
-8.751905e-009	0.0279541
-8.726905e-009	0.0249512
-8.701905e-009	0.0113525
-8.676905e-009	0.0182617
-8.651905e-009	0.0289307
-8.626905e-009	0.0149414
-8.601905e-009	0.0268066
-8.576905e-009	0.0467285
-8.551905e-009	0.0266358
-8.526905e-009	0.018042
-8.501905e-009	0.0281983
-8.476905e-009	0.0213867
-8.451905e-009	0.0179443
-8.426905e-009	0.0279541
-8.401905e-009	0.0379395
-8.376905e-009	0.036377
-8.351905e-009	0.0284668
-8.326905e-009	0.0187744
-8.301905e-009	0.00905762
-8.276905e-009	0.0171631
-8.251905e-009	0.0231445
-8.226905e-009	0.0200928
-8.201905e-009	0.0263672
-8.176905e-009	0.0125244
-8.151905e-009	0.00273438
-8.126905e-009	0.0219727
-8.101905e-009	0.0218994
-8.076905e-009	0.0187012
-8.051905e-009	0.0243897
-8.026905e-009	0.0256592
-8.001905e-009	0.0294922
-7.976905e-009	0.0136475
-7.951905e-009	0.0126709
-7.926905e-009	0.0327881
-7.901905e-009	0.0284668
-7.876905e-009	0.0276123
-7.851905e-009	0.0227539
-7.826905e-009	0.00195313
-7.801905e-009	0.0052002
-7.776905e-009	0.0109863
-7.751905e-009	0.00600587
-7.726905e-009	0.0214111
-7.701905e-009	0.0342285
-7.676905e-009	0.032666
-7.651905e-009	0.0308594
-7.626905e-009	0.0161133
-7.601905e-009	0.0173096
-7.576905e-009	0.0286377
-7.551905e-009	0.0205322
-7.526905e-009	0.0236816
-7.501905e-009	0.0240967
-7.476905e-009	0.0216797
-7.451905e-009	0.0247559
-7.426905e-009	0.0154785
-7.401905e-009	0.0262451
-7.376905e-009	0.0382568
-7.351905e-009	0.0294434
-7.326905e-009	0.0296143
-7.301905e-009	0.0310303
-7.276905e-009	0.0289551
-7.251905e-009	0.0239746
-7.226905e-009	0.0205078
-7.201905e-009	0.0172607
-7.176905e-009	0.0136963
-7.151905e-009	0.0258789
-7.126905e-009	0.0260742
-7.101905e-009	0.0100098
-7.076905e-009	0.0140869
-7.051905e-009	0.0254395
-7.026905e-009	0.0243408
-7.001905e-009	0.0218262
-6.976905e-009	0.0218018
-6.951905e-009	0.0187744
-6.926905e-009	0.0169678
-6.901905e-009	0.022168
-6.876905e-009	0.0235107
-6.851905e-009	0.017334
-6.826905e-009	0.0246094
-6.801905e-009	0.0265625
-6.776905e-009	0.0150147
-6.751905e-009	0.0198975
-6.726905e-009	0.0157227
-6.701905e-009	0.0129883
-6.676905e-009	0.0257324
-6.651905e-009	0.0112061
-6.626905e-009	0.00671387
-6.601905e-009	0.0280029
-6.576905e-009	0.0268555
-6.551905e-009	0.0147217
-6.526905e-009	0.0131348
-6.501905e-009	0.0165283
-6.476905e-009	0.0213867
-6.451905e-009	0.0275879
-6.426905e-009	0.0304443
-6.401905e-009	0.0233643
-6.376905e-009	0.0136231
-6.351905e-009	0.0204346
-6.326905e-009	0.0336182
-6.301905e-009	0.030249
-6.276905e-009	0.0207764
-6.251905e-009	0.0199463
-6.226905e-009	0.0327149
-6.201905e-009	0.0314453
-6.176905e-009	0.0193604
-6.151905e-009	0.0292481
-6.126905e-009	0.0210693
-6.101905e-009	0.0104004
-6.076905e-009	0.0232178
-6.051905e-009	0.0177002
-6.026905e-009	0.0177734
-6.001905e-009	0.0251709
-5.976905e-009	0.0183106
-5.951905e-009	0.0144287
-5.926905e-009	0.0116699
-5.901905e-009	0.0147949
-5.876905e-009	0.0255859
-5.851905e-009	0.0325195
-5.826905e-009	0.0299316
-5.801905e-009	0.0234131
-5.776905e-009	0.0156738
-5.751905e-009	0.00705567
-5.726905e-009	0.0108154
-5.701905e-009	0.0162842
-5.676905e-009	0.0219482
-5.651905e-009	0.0386475
-5.626905e-009	0.0450195
-5.601905e-009	0.0325684
-5.576905e-009	0.00993653
-5.551905e-009	0.000903328
-5.526905e-009	0.0226807
-5.501905e-009	0.0320068
-5.476905e-009	0.0177979
-5.451905e-009	0.0183106
-5.426905e-009	0.0210449
-5.401905e-009	0.0209717
-5.376905e-009	0.0236084
-5.351905e-009	0.0164063
-5.326905e-009	0.0218018
-5.301905e-009	0.0292236
-5.276905e-009	0.0258545
-5.251905e-009	0.0282715
-5.226905e-009	0.0181152
-5.201905e-009	0.0161865
-5.176905e-009	0.0323975
-5.151905e-009	0.0248535
-5.126905e-009	0.0141357
-5.101905e-009	0.0236572
-5.076905e-009	0.02771
-5.051905e-009	0.0222412
-5.026905e-009	0.0184815
-5.001905e-009	0.0166016
-4.976905e-009	0.0161133
-4.951905e-009	0.0179443
-4.926905e-009	0.0178467
-4.901905e-009	0.0151367
-4.876905e-009	0.0272949
-4.851905e-009	0.0361084
-4.826905e-009	0.0207764
-4.801905e-009	0.0164795
-4.776905e-009	0.0147461
-4.751905e-009	0.00764161
-4.726905e-009	0.0210938
-4.701905e-009	0.0262451
-4.676905e-009	0.0165772
-4.651905e-009	0.0169434
-4.626905e-009	0.0240479
-4.601905e-009	0.0189209
-4.576905e-009	0.00288087
-4.551905e-009	0.00891114
-4.526905e-009	0.0197022
-4.501905e-009	0.0132324
-4.476905e-009	0.0211182
-4.451905e-009	0.0260742
-4.426905e-009	0.0185303
-4.401905e-009	0.0246582
-4.376905e-009	0.0117188
-4.351905e-009	0.00324708
-4.326905e-009	0.0293701
-4.301905e-009	0.0216065
-4.276905e-009	0.00478516
-4.251905e-009	0.0184082
-4.226905e-009	0.0191406
-4.201905e-009	0.0177246
-4.176905e-009	0.0227539
-4.151905e-009	0.0208496
-4.126905e-009	0.0187988
-4.101905e-009	0.0152344
-4.076905e-009	0.0151123
-4.051905e-009	0.0141602
-4.026905e-009	0.0108399
-4.001905e-009	0.0250244
-3.976905e-009	0.0349609
-3.951905e-009	0.0177979
-3.926905e-009	0.0185547
-3.901905e-009	0.0331543
-3.876905e-009	0.015918
-3.851905e-009	-0.00270995
-3.826905e-009	0.00478516
-3.801905e-009	0.0232666
-3.776905e-009	0.0319336
-3.751905e-009	0.0230713
-3.726905e-009	0.0173584
-3.701905e-009	0.0187012
-3.676905e-009	0.0198486
-3.651905e-009	0.0139893
-3.626905e-009	0.00800782
-3.601905e-009	0.0168945
-3.576905e-009	0.0149902
-3.551905e-009	0.00966798
-3.526905e-009	0.0230469
-3.501905e-009	0.0269287
-3.476905e-009	0.0194824
-3.451905e-009	0.0165039
-3.426905e-009	0.0196533
-3.401905e-009	0.0171387
-3.376905e-009	0.00871583
-3.351905e-009	0.0119873
-3.326905e-009	0.0140137
-3.301905e-009	0.0192383
-3.276905e-009	0.0277832
-3.251905e-009	0.0199707
-3.226905e-009	0.0177979
-3.201905e-009	0.024585
-3.176905e-009	0.0207764
-3.151905e-009	0.0137695
-3.126905e-009	0.0195557
-3.101905e-009	0.0299805
-3.076905e-009	0.0249512
-3.051905e-009	0.0113037
-3.026905e-009	0.0124268
-3.001905e-009	0.0174316
-2.976905e-009	0.00163575
-2.951905e-009	-0.00319823
-2.926905e-009	0.0196045
-2.901905e-009	0.0345215
-2.876905e-009	0.0281983
-2.851905e-009	0.0153076
-2.826905e-009	0.0210449
-2.801905e-009	0.0271973
-2.776905e-009	0.0177246
-2.751905e-009	0.0153809
-2.726905e-009	0.0164307
-2.701905e-009	0.0215088
-2.676905e-009	0.0328858
-2.651905e-009	0.0349365
-2.626905e-009	0.0210449
-2.601905e-009	0.0106201
-2.576905e-009	0.0192383
-2.551905e-009	0.0179199
-2.526905e-009	0.0186768
-2.501905e-009	0.0293945
-2.476905e-009	0.0181641
-2.451905e-009	0.0186768
-2.426905e-009	0.02771
-2.401905e-009	0.0101318
-2.376905e-009	0.00812989
-2.351905e-009	0.0269531
-2.326905e-009	0.0259522
-2.301905e-009	0.0179688
-2.276905e-009	0.0187012
-2.251905e-009	0.0125977
-2.226905e-009	0.0163086
-2.201905e-009	0.0372559
-2.176905e-009	0.0383545
-2.151905e-009	0.0246826
-2.126905e-009	0.0256348
-2.101905e-009	0.0242188
-2.076905e-009	0.0166992
-2.051905e-009	0.0210693
-2.026905e-009	0.0190918
-2.001905e-009	0.0140381
-1.976905e-009	0.0178955
-1.951905e-009	0.0125244
-1.926905e-009	0.0146484
-1.901905e-009	0.0239258
-1.876905e-009	0.0196045
-1.851905e-009	0.0206543
-1.826905e-009	0.0243897
-1.801905e-009	0.0232178
-1.776905e-009	0.020874
-1.751905e-009	0.0101318
-1.726905e-009	0.0101807
-1.701905e-009	0.0178223
-1.676905e-009	0.0174072
-1.651905e-009	0.0272461
-1.626905e-009	0.0247803
-1.601905e-009	0.00410157
-1.576905e-009	0.00546876
-1.551905e-009	0.0192383
-1.526905e-009	0.0233154
-1.501905e-009	0.0214111
-1.476905e-009	0.0253174
-1.451905e-009	0.0206055
-1.426905e-009	0.0195068
-1.401905e-009	0.0374024
-1.376905e-009	0.011499
-1.351905e-009	-0.0113037
-1.326905e-009	0.0233399
-1.301905e-009	0.0366699
-1.276905e-009	0.0254395
-1.251905e-009	0.0122559
-1.226905e-009	0.0112305
-1.201905e-009	0.027832
-1.176905e-009	0.023877
-1.151905e-009	0.0193848
-1.126905e-009	0.0240967
-1.101905e-009	0.0215332
-1.076905e-009	0.014624
-1.051905e-009	0.0117188
-1.026905e-009	0.0265137
-1.001905e-009	0.0232178
-9.769052e-010	0.00974122
-9.519052e-010	0.0214844
-9.269052e-010	0.0207764
-9.019052e-010	0.0156738
-8.769052e-010	0.0199219
-8.519052e-010	0.0165527
-8.269052e-010	0.0302979
-8.019052e-010	0.0308594
-7.769052e-010	0.00522462
-7.519052e-010	0.0090088
-7.269052e-010	0.0199219
-7.019052e-010	0.0167236
-6.769052e-010	0.0206787
-6.519052e-010	0.0182861
-6.269052e-010	0.0149902
-6.019052e-010	0.0251221
-5.769052e-010	0.0279541
-5.519052e-010	0.0263184
-5.269052e-010	0.0304199
-5.019052e-010	0.0143799
-4.769052e-010	0.00283204
-4.519052e-010	0.0156738
-4.269052e-010	0.0262451
-4.019052e-010	0.035083
-3.769052e-010	0.0129395
-3.519052e-010	-0.0085205
-3.269052e-010	0.0111572
-3.019052e-010	0.00527345
-2.769052e-010	-0.0179199
-2.519052e-010	-0.0197754
-2.269052e-010	-0.0273682
-2.019052e-010	-0.0507324
-1.769052e-010	-0.0667236
-1.519052e-010	-0.0739746
-1.269052e-010	-0.100488
-1.019052e-010	-0.128687
-7.690515e-011	-0.155835
-5.190515e-011	-0.196265
-2.690515e-011	-0.219263
-1.905154e-012	-0.246655
2.309485e-011	-0.297168
4.809485e-011	-0.346118
7.309485e-011	-0.393823
9.809485e-011	-0.42666
1.230948e-010	-0.465796
1.480948e-010	-0.525659
1.730948e-010	-0.559326
1.980948e-010	-0.593896
2.230948e-010	-0.647559
2.480948e-010	-0.67312
2.730948e-010	-0.688013
2.980948e-010	-0.712939
3.230948e-010	-0.734937
3.480948e-010	-0.742749
3.730948e-010	-0.726245
3.980948e-010	-0.713623
4.230948e-010	-0.71084
4.480948e-010	-0.691626
4.730948e-010	-0.667822
4.980948e-010	-0.650781
5.230948e-010	-0.617358
5.480948e-010	-0.568066
5.730948e-010	-0.531201
5.980948e-010	-0.493042
6.230948e-010	-0.440259
6.480948e-010	-0.395776
6.730948e-010	-0.353784
6.980948e-010	-0.305591
7.230948e-010	-0.266333
7.480948e-010	-0.229639
7.730948e-010	-0.183594
7.980948e-010	-0.142529
8.230948e-010	-0.112036
8.480948e-010	-0.0892578
8.730948e-010	-0.0754883
8.980948e-010	-0.0558594
9.230948e-010	-0.0304199
9.480948e-010	-0.0145508
9.730948e-010	0.000903328
9.980948e-010	0.0241211
1.023095e-009	0.0340576
1.048095e-009	0.0302002
1.073095e-009	0.0455322
1.098095e-009	0.0665039
1.123095e-009	0.052832
1.148095e-009	0.0419434
1.173095e-009	0.0695557
1.198095e-009	0.0743897
1.223095e-009	0.0536377
1.248095e-009	0.0620361
1.273095e-009	0.0806885
1.298095e-009	0.0796387
1.323095e-009	0.0667481
1.348095e-009	0.0681641
1.373095e-009	0.0710205
1.398095e-009	0.0668213
1.423095e-009	0.0703613
1.448095e-009	0.0695801
1.473095e-009	0.0627197
1.498095e-009	0.0398682
1.523095e-009	0.0279785
1.548095e-009	0.036377
1.573095e-009	0.0300293
1.598095e-009	0.0243897
1.623095e-009	0.00466309
1.648095e-009	-0.0116699
1.673095e-009	0.00563966
1.698095e-009	0.00646973
1.723095e-009	-0.00236816
1.748095e-009	-0.00339355
1.773095e-009	-0.00910644
1.798095e-009	-0.00803222
1.823095e-009	-0.0125244
1.848095e-009	-0.0189453
1.873095e-009	-0.0155518
1.898095e-009	-0.0150146
1.923095e-009	-0.0128174
1.948095e-009	-0.0150391
1.973095e-009	-0.0181152
1.998095e-009	-0.0151611
2.023095e-009	-0.0186279
2.048095e-009	-0.0123291
2.073095e-009	0.00612794
2.098095e-009	0.00976563
2.123095e-009	-0.00205077
2.148095e-009	0.00122071
2.173095e-009	0.0156982
2.198095e-009	0.0111572
2.223095e-009	0.00842286
2.248095e-009	0.0143066
2.273095e-009	0.0167236
2.298095e-009	0.0239014
2.323095e-009	0.0264893
2.348095e-009	0.0187988
2.373095e-009	0.0116211
2.398095e-009	0.017749
2.423095e-009	0.0211914
2.448095e-009	0.0207764
2.473095e-009	0.035376
2.498095e-009	0.0309815
2.523095e-009	0.00783692
2.548095e-009	0.00964356
2.573095e-009	0.029419
2.598095e-009	0.0349609
2.623095e-009	0.0293457
2.648095e-009	0.0287598
2.673095e-009	0.024292
2.698095e-009	0.0266113
2.723095e-009	0.0375488
2.748095e-009	0.0323242
2.773095e-009	0.0243652
2.798095e-009	0.023291
2.823095e-009	0.01521
2.848095e-009	0.0193848
2.873095e-009	0.0390381
2.898095e-009	0.0346436
2.923095e-009	0.0146729
2.948095e-009	0.00839845
2.973095e-009	0.0104004
2.998095e-009	0.018042
3.023095e-009	0.023584
3.048095e-009	0.0127197
3.073095e-009	0.00812989
3.098095e-009	0.0225586
3.123095e-009	0.0167236
3.148095e-009	0.00197755
3.173095e-009	0.00678712
3.198095e-009	0.0189941
3.223095e-009	0.0331055
3.248095e-009	0.0197022
3.273095e-009	0.00566407
3.298095e-009	0.0270752
3.323095e-009	0.0374512
3.348095e-009	0.0314941
3.373095e-009	0.0295166
3.398095e-009	0.0376709
3.423095e-009	0.0443359
3.448095e-009	0.0393066
3.473095e-009	0.041919
3.498095e-009	0.0413086
3.523095e-009	0.0416748
3.548095e-009	0.0415039
3.573095e-009	0.0333252
3.598095e-009	0.0438965
3.623095e-009	0.0382568
3.648095e-009	0.032959
3.673095e-009	0.0519531
3.698095e-009	0.0355957
3.723095e-009	0.0236084
3.748095e-009	0.0267822
3.773095e-009	0.0174316
3.798095e-009	0.0242188
3.823095e-009	0.015332
3.848095e-009	-0.00175781
3.873095e-009	0.00461427
3.898095e-009	0.0052002
3.923095e-009	-0.0104248
3.948095e-009	-0.0162353
3.973095e-009	-0.00913085
3.998095e-009	-0.017334
4.023095e-009	-0.0268066
4.048095e-009	-0.0209717
4.073095e-009	-0.0130371
4.098095e-009	-0.0115478
4.123095e-009	-0.0184814
4.148095e-009	-0.0207031
4.173095e-009	-0.00354003
4.198095e-009	0.0139649
4.223095e-009	0.000170906
4.248095e-009	-0.00847167
4.273095e-009	0.00979005
4.298095e-009	0.0262207
4.323095e-009	0.0304443
4.348095e-009	0.0168945
4.373095e-009	0.0246338
4.398095e-009	0.0460938
4.423095e-009	0.0429199
4.448095e-009	0.0468018
4.473095e-009	0.037915
4.498095e-009	0.0268311
4.523095e-009	0.0482422
4.548095e-009	0.0583984
4.573095e-009	0.0658936
4.598095e-009	0.0688477
4.623095e-009	0.0552979
4.648095e-009	0.0566895
4.673095e-009	0.0552246
4.698095e-009	0.0479981
4.723095e-009	0.0401611
4.748095e-009	0.026709
4.773095e-009	0.0344238
4.798095e-009	0.053833
4.823095e-009	0.0494141
4.848095e-009	0.0269775
4.873095e-009	0.0215088
4.898095e-009	0.022876
4.923095e-009	0.0116455
4.948095e-009	0.00812989
4.973095e-009	0.0144531
4.998095e-009	0.00764161
5.023095e-009	-0.0125244
5.048095e-009	-0.00830077
5.073095e-009	0.00712891
5.098095e-009	0.00239259
5.123095e-009	-0.00502929
5.148095e-009	-0.0109863
5.173095e-009	-0.00593261
5.198095e-009	0.00251466
5.223095e-009	0.00341798
5.248095e-009	0.00173341
5.273095e-009	-0.00302734
5.298095e-009	-0.00620116
5.323095e-009	-0.021582
5.348095e-009	-0.0067871
5.373095e-009	0.0236816
5.398095e-009	-0.00607909
5.423095e-009	-0.0128174
5.448095e-009	0.0221436
5.473095e-009	0.0219238
5.498095e-009	0.0197266
5.523095e-009	0.0258301
5.548095e-009	0.0280274
5.573095e-009	0.0390869
5.598095e-009	0.039209
5.623095e-009	0.0319824
5.648095e-009	0.0288818
5.673095e-009	0.0262451
5.698095e-009	0.029541
5.723095e-009	0.0319824
5.748095e-009	0.0359131
5.773095e-009	0.0389404
5.798095e-009	0.0367676
5.823095e-009	0.0403076
5.848095e-009	0.0322754
5.873095e-009	0.0237061
5.898095e-009	0.0390137
5.923095e-009	0.0477051
5.948095e-009	0.0402832
5.973095e-009	0.0427002
5.998095e-009	0.0497559
6.023095e-009	0.0397217
6.048095e-009	0.0356934
6.073095e-009	0.0418945
6.098095e-009	0.0347412
6.123095e-009	0.0346191
6.148095e-009	0.0365723
6.173095e-009	0.0375977
6.198095e-009	0.0346924
6.223095e-009	0.0121094
6.248095e-009	0.0199219
6.273095e-009	0.0334229
6.298095e-009	0.0141602
6.323095e-009	0.0124756
6.348095e-009	0.0121826
6.373095e-009	0.00717774
6.398095e-009	0.0146484
6.423095e-009	0.00642091
6.448095e-009	-0.0034912
6.473095e-009	0.00100098
6.498095e-009	0.00952149
6.523095e-009	0.0145508
6.548095e-009	-9.76488e-005
6.573095e-009	-0.00766601
6.598095e-009	0.0186035
6.623095e-009	0.0168945
6.648095e-009	-0.00893554
6.673095e-009	0.00827637
6.698095e-009	0.018457
6.723095e-009	0.00136719
6.748095e-009	0.0041504
6.773095e-009	0.0137451
6.798095e-009	0.010669
6.823095e-009	0.000292976
6.848095e-009	0.000537117
6.873095e-009	0.0158203
6.898095e-009	0.0237549
6.923095e-009	0.0123535
6.948095e-009	0.012085
6.973095e-009	0.0267578
6.998095e-009	0.0227783
7.023095e-009	0.0212402
7.048095e-009	0.0241211
7.073095e-009	0.0230957
7.098095e-009	0.0371094
7.123095e-009	0.0422119
7.148095e-009	0.0240723
7.173095e-009	0.0152588
7.198095e-009	0.0424072
7.223095e-009	0.0540527
7.248095e-009	0.0293945
7.273095e-009	0.0272461
7.298095e-009	0.0290527
7.323095e-009	0.025293
7.348095e-009	0.0352783
7.373095e-009	0.0273193
7.398095e-009	0.0230957
7.423095e-009	0.0305908
7.448095e-009	0.02146
7.473095e-009	0.0187012
7.498095e-009	0.0214844
7.523095e-009	0.0186524
7.548095e-009	0.022876
7.573095e-009	0.0211426
7.598095e-009	0.00239259
7.623095e-009	-0.00551757
7.648095e-009	0.0067627
7.673095e-009	0.00651856
7.698095e-009	0.0067627
7.723095e-009	0.0158691
7.748095e-009	0.0114014
7.773095e-009	0.0154053
7.798095e-009	0.0127197
7.823095e-009	0.00310059
7.848095e-009	0.0191406
7.873095e-009	0.024292
7.898095e-009	0.0148193
7.923095e-009	0.0175781
7.948095e-009	0.026294
7.973095e-009	0.0333008
7.998095e-009	0.0299561
8.023095e-009	0.0309815
8.048095e-009	0.0401856
8.073095e-009	0.0484863
8.098095e-009	0.0526367
8.123095e-009	0.0376221
8.148095e-009	0.0313965
8.173095e-009	0.0424316
8.198095e-009	0.0373291
8.223095e-009	0.033252
8.248095e-009	0.039917
8.273095e-009	0.0377441
8.298095e-009	0.0232422
8.323095e-009	0.0186768
8.348095e-009	0.0317383
8.373095e-009	0.0275879
8.398095e-009	0.0113525
8.423095e-009	0.00439454
8.448095e-009	-0.00109863
8.473095e-009	0.00600587
8.498095e-009	0.0238281
8.523095e-009	0.0193115
8.548095e-009	-0.000292961
8.573095e-009	0.00510255
8.598095e-009	0.0141113
8.623095e-009	0.00695802
8.648095e-009	0.00534669
8.673095e-009	0.00803223
8.698095e-009	0.02146
8.723095e-009	0.0224121
8.748095e-009	0.00583497
8.773095e-009	0.0138916
8.798095e-009	0.0189697
8.823095e-009	0.00930177
8.848095e-009	0.0135498
8.873095e-009	0.0224121
8.898095e-009	0.0283203
8.923095e-009	0.0296387
8.948095e-009	0.0256836
8.973095e-009	0.0220215
8.998095e-009	0.0242432
9.023095e-009	0.0367432
9.048095e-009	0.0456299
9.073095e-009	0.0425049
9.098095e-009	0.0345459
9.123095e-009	0.0270752
9.148095e-009	0.0375244
9.173095e-009	0.0506592
9.198095e-009	0.0400391
9.223095e-009	0.0302246
9.248095e-009	0.0291504
9.273095e-009	0.0354736
9.298095e-009	0.0480469
9.323095e-009	0.0418701
9.348095e-009	0.0218994
9.373095e-009	0.0169678
9.398095e-009	0.0334717
9.423095e-009	0.0322022
9.448095e-009	0.0146729
9.473095e-009	0.0237793
9.498095e-009	0.0304932
9.523095e-009	0.0188965
9.548095e-009	0.0149902
9.573095e-009	0.0232666
9.598095e-009	0.0287109
9.623095e-009	0.0113281
9.648095e-009	-0.00424804
9.673095e-009	-0.00236816
9.698095e-009	-0.00219726
9.723095e-009	-0.0012207
9.748095e-009	0.00451661
9.773095e-009	0.0152832
9.798095e-009	0.0172119
9.823095e-009	-0.00407714
9.848095e-009	-0.0111084
9.873095e-009	0.0109131
9.898095e-009	0.0109131
9.923095e-009	-0.00205077
9.948095e-009	0.00295411
9.973095e-009	0.00620118
9.998095e-009	0.0151367
1.002309e-008	0.0196533
1.004809e-008	0.0127686
1.007309e-008	0.0205322
1.009809e-008	0.0234619
1.012309e-008	0.0210449
1.014809e-008	0.0249512
1.017309e-008	0.0295899
1.019809e-008	0.0312012
1.022309e-008	0.0122315
1.024809e-008	0.0101807
1.027309e-008	0.0323242
1.029809e-008	0.0328858
1.032309e-008	0.0340332
1.034809e-008	0.038501
1.037309e-008	0.0371094
1.039809e-008	0.0360596
1.042309e-008	0.0309326
1.044809e-008	0.0436768
1.047309e-008	0.0472168
1.049809e-008	0.0357666
1.052309e-008	0.0386719
1.054809e-008	0.028418
1.057309e-008	0.0227539
1.059809e-008	0.0334961
1.062309e-008	0.0260254
1.064809e-008	0.0205078
1.067309e-008	0.0350342
1.069809e-008	0.0366455
1.072309e-008	0.0189453
1.074809e-008	0.0239258
1.077309e-008	0.0364746
1.079809e-008	0.0219971
1.082309e-008	0.0165039
1.084809e-008	0.0237549
1.087309e-008	0.0270752
1.089809e-008	0.029541
1.092309e-008	0.0125
1.094809e-008	-0.0024414
1.097309e-008	0.00944825
1.099809e-008	0.0195313
1.102309e-008	0.00915528
1.104809e-008	0.0038086
1.107309e-008	0.0169434
1.109809e-008	0.0102783
1.112309e-008	0.00317384
1.114809e-008	0.0101563
1.117309e-008	-0.00117187
1.119809e-008	0.00332032
1.122309e-008	0.000488289
1.124809e-008	-0.00859374
1.127309e-008	0.0177979
1.129809e-008	0.00913087
1.132309e-008	-0.0100586
1.134809e-008	0.0019043
1.137309e-008	0.00385743
1.139809e-008	0.0065918
1.142309e-008	0.00307618
1.144809e-008	-2.44066e-005
1.147309e-008	0.0133301
1.149809e-008	0.0162842
1.152309e-008	0.00844727
1.154809e-008	0.0107178
1.157309e-008	0.01875
1.159809e-008	0.0185059
1.162309e-008	0.0188721
1.164809e-008	0.015625
1.167309e-008	0.00895997
1.169809e-008	0.0158447
1.172309e-008	0.0242676
1.174809e-008	0.011499
1.177309e-008	-0.00153808
1.179809e-008	0.0158691
1.182309e-008	0.023169
1.184809e-008	0.0131104
1.187309e-008	0.0133545
1.189809e-008	0.0129883
1.192309e-008	0.023291
1.194809e-008	0.0266846
1.197309e-008	0.0128418
1.199809e-008	0.0110107
1.202309e-008	0.00932618
1.204809e-008	0.00915528
1.207309e-008	0.0209717
1.209809e-008	0.0170899
1.212309e-008	0.00405274
1.214809e-008	0.00751954
1.217309e-008	0.0181152
1.219809e-008	0.0329346
1.222309e-008	0.034668
1.224809e-008	0.0228516
1.227309e-008	0.0261963
1.229809e-008	0.0323242
1.232309e-008	0.0371582
1.234809e-008	0.0342041
1.237309e-008	0.0270264
1.239809e-008	0.0406006
1.242309e-008	0.0414063
1.244809e-008	0.0321777
1.247309e-008	0.0395264
1.249809e-008	0.0312012
1.252309e-008	0.0225586
1.254809e-008	0.0349854
1.257309e-008	0.0427246
1.259809e-008	0.0428467
1.262309e-008	0.0285156
1.264809e-008	0.020044
1.267309e-008	0.0312744
1.269809e-008	0.0295166
1.272309e-008	0.0301025
1.274809e-008	0.0301025
1.277309e-008	0.0274658
1.279809e-008	0.0386231
1.282309e-008	0.0266846
1.284809e-008	0.0179443
1.287309e-008	0.030249
1.289809e-008	0.0216797
1.292309e-008	0.0125
1.294809e-008	0.0190186
1.297309e-008	0.025
1.299809e-008	0.0185547
1.302309e-008	0.0107422
1.304809e-008	0.0165039
1.307309e-008	0.00895997
1.309809e-008	0.00517579
1.312309e-008	0.020166
1.314809e-008	0.00483399
1.317309e-008	-0.0012207
1.319809e-008	0.0181397
1.322309e-008	9.76637e-005
1.324809e-008	-0.00258788
1.327309e-008	0.0188721
1.329809e-008	0.0138672
1.332309e-008	0.0220947
1.334809e-008	0.0333252
1.337309e-008	0.0249512
1.339809e-008	0.0240234
1.342309e-008	0.0255371
1.344809e-008	0.025
1.347309e-008	0.0271484
1.349809e-008	0.0240234
1.352309e-008	0.0236328
1.354809e-008	0.0293213
1.357309e-008	0.0310059
1.359809e-008	0.0361572
1.362309e-008	0.0251221
1.364809e-008	0.00871583
1.367309e-008	0.0264893
1.369809e-008	0.034668
1.372309e-008	0.0241455
1.374809e-008	0.0270264
1.377309e-008	0.0356445
1.379809e-008	0.0466065
1.382309e-008	0.0410645
1.384809e-008	0.0356934
1.387309e-008	0.0407959
1.389809e-008	0.0252686
1.392309e-008	0.0232178
1.394809e-008	0.030835
1.397309e-008	0.0209717
1.399809e-008	0.0263428
1.402309e-008	0.0234619
1.404809e-008	0.00637208
1.407309e-008	0.00981446
1.409809e-008	0.0131104
1.412309e-008	0.0034668
1.414809e-008	0.0052002
1.417309e-008	0.018335
1.419809e-008	0.0139893
1.422309e-008	0.00507813
1.424809e-008	0.00974122
1.427309e-008	0.0154785
1.429809e-008	0.00820313
1.432309e-008	-0.00739745
1.434809e-008	-0.00224609
1.437309e-008	0.00712891
1.439809e-008	0.0138428
1.442309e-008	0.0204346
1.444809e-008	0.00634766
1.447309e-008	0.00410157
1.449809e-008	0.0105713
1.452309e-008	0.00747071
1.454809e-008	0.0126709
1.457309e-008	0.0175049
1.459809e-008	0.0170166
1.462309e-008	0.0123779
1.464809e-008	0.0150635
1.467309e-008	0.0226074
1.469809e-008	0.0173828
1.472309e-008	0.0196045
1.474809e-008	0.0220947
1.477309e-008	0.0129883
1.479809e-008	0.0242188
1.482309e-008	0.033374
1.484809e-008	0.0242188
1.487309e-008	0.0263672
1.489809e-008	0.027002
1.492309e-008	0.0353027
1.494809e-008	0.0474121
1.497309e-008	0.042041
1.499809e-008	0.040625
1.502309e-008	0.0208984
1.504809e-008	0.0120361
1.507309e-008	0.038208
1.509809e-008	0.0333496
1.512309e-008	0.0288818
1.514809e-008	0.0332031
1.517309e-008	0.01604
1.519809e-008	0.0251221
1.522309e-008	0.0331543
1.524809e-008	0.0181152
1.527309e-008	0.0176758
1.529809e-008	0.0201904
1.532309e-008	0.0240234
1.534809e-008	0.0196533
1.537309e-008	0.00993653
1.539809e-008	0.0235352
1.542309e-008	0.0210693
1.544809e-008	0.00839845
1.547309e-008	0.017041
1.549809e-008	0.017749
1.552309e-008	0.0250977
1.554809e-008	0.0209473
1.557309e-008	0.00178223
1.559809e-008	0.0149902
1.562309e-008	0.0143066
1.564809e-008	0.00966798
1.567309e-008	0.0275147
1.569809e-008	0.0170899
1.572309e-008	0.0103027
1.574809e-008	0.0195557
1.577309e-008	0.0185303
1.579809e-008	0.0278565
1.582309e-008	0.0225098
1.584809e-008	0.00874024
1.587309e-008	0.0239014
1.589809e-008	0.0281494
1.592309e-008	0.0204834
1.594809e-008	0.0236816
1.597309e-008	0.0266113
1.599809e-008	0.0288818
1.602309e-008	0.0146973
1.604809e-008	0.0100586
1.607309e-008	0.0226563
1.609809e-008	0.0196777
1.612309e-008	0.02771
1.614809e-008	0.0380615
1.617309e-008	0.0354492
1.619809e-008	0.0330566
1.622309e-008	0.0213379
1.624809e-008	0.0220459
1.627309e-008	0.0269775
1.629809e-008	0.0202149
1.632309e-008	0.0290527
1.634809e-008	0.021875
1.637309e-008	0.0020752
1.639809e-008	0.0172363
1.642309e-008	0.0243164
1.644809e-008	0.0171875
1.647309e-008	0.0268066
1.649809e-008	0.0284668
1.652309e-008	0.0228516
1.654809e-008	0.0181885
1.657309e-008	0.0183594
1.659809e-008	0.0212402
1.662309e-008	0.00227052
1.664809e-008	-0.0022705
1.667309e-008	0.0248779
1.669809e-008	0.0251221
1.672309e-008	0.0130859
1.674809e-008	0.012915
1.677309e-008	0.00627442
1.679809e-008	0.00673829
1.682309e-008	-0.00588378
1.684809e-008	-0.0116211
1.687309e-008	0.0125244
1.689809e-008	0.0213379
1.692309e-008	0.0264893
1.694809e-008	0.0181641
1.697309e-008	0.00546876
1.699809e-008	0.0291504
1.702309e-008	0.0320313
1.704809e-008	0.0115723
1.707309e-008	0.00937501
1.709809e-008	0.00764161
1.712309e-008	0.0138184
1.714809e-008	0.0270508
1.717309e-008	0.0243652
1.719809e-008	0.0126709
1.722309e-008	-0.000170891
1.724809e-008	0.00249024
1.727309e-008	0.0282227
1.729809e-008	0.0364746
1.732309e-008	0.0131836
1.734809e-008	0.00827637
1.737309e-008	0.0318604
1.739809e-008	0.0308106
1.742309e-008	0.0159912
1.744809e-008	0.0206787
1.747309e-008	0.0225342
1.749809e-008	0.0181397
1.752309e-008	0.0156006
1.754809e-008	0.0167481
1.757309e-008	0.0187988
1.759809e-008	0.0168213
1.762309e-008	0.0180908
1.764809e-008	0.0204346
1.767309e-008	0.0233399
1.769809e-008	0.0261475
1.772309e-008	0.0164063
1.774809e-008	0.00705567
1.777309e-008	0.0254883
1.779809e-008	0.028833
1.782309e-008	-0.00170898
1.784809e-008	-0.000488274
1.787309e-008	0.02229
1.789809e-008	0.0270752
1.792309e-008	0.0159912
1.794809e-008	0.00153809
1.797309e-008	0.00747071
1.799809e-008	0.00874024
1.802309e-008	0.00473634
1.804809e-008	0.0212647
1.807309e-008	0.0237061
1.809809e-008	0.00966798
1.812309e-008	0.0138428
1.814809e-008	0.025415
1.817309e-008	0.0221191
1.819809e-008	0.0194336
1.822309e-008	0.0231934
1.824809e-008	0.0158936
1.827309e-008	0.014917
1.829809e-008	0.0234131
1.832309e-008	0.0265869
1.834809e-008	0.0346191
1.837309e-008	0.0381836
1.839809e-008	0.0357666
1.842309e-008	0.0337402
1.844809e-008	0.0269775
1.847309e-008	0.0288818
1.849809e-008	0.0308838
1.852309e-008	0.0288574
1.854809e-008	0.0298096
1.857309e-008	0.0217285
1.859809e-008	0.0194336
1.862309e-008	0.0114746
1.864809e-008	0.00183106
1.867309e-008	0.0268799
1.869809e-008	0.0346436
1.872309e-008	0.0114014
1.874809e-008	0.0143066
1.877309e-008	0.0293945
1.879809e-008	0.0195801
1.882309e-008	-0.00112304
1.884809e-008	0.00366212
1.887309e-008	0.0103516
1.889809e-008	0.00300294
1.892309e-008	0.0157227
1.894809e-008	0.00952149
1.897309e-008	-0.0168213
1.899809e-008	2.44215e-005
1.902309e-008	0.020874
1.904809e-008	0.0189697
1.907309e-008	0.0239502
1.909809e-008	0.0174316
1.912309e-008	0.00583497
1.914809e-008	0.00578614
1.917309e-008	-0.00046386
1.919809e-008	-0.00197753
1.922309e-008	0.0185791
1.924809e-008	0.0353027
1.927309e-008	0.0208008
1.929809e-008	0.0114258
1.932309e-008	0.0254395
1.934809e-008	0.0259033
1.937309e-008	0.0246338
1.939809e-008	0.0304688
1.942309e-008	0.0231201
1.944809e-008	0.027002
1.947309e-008	0.0464111
1.949809e-008	0.0446533
1.952309e-008	0.0331299
1.954809e-008	0.0424805
1.957309e-008	0.044043
1.959809e-008	0.0221191
1.962309e-008	0.0155029
1.964809e-008	0.0266113
1.967309e-008	0.0307373
1.969809e-008	0.0298096
1.972309e-008	0.0289063
1.974809e-008	0.0240479
1.977309e-008	0.0235596
1.979809e-008	0.0270996
1.982309e-008	0.0167481
1.984809e-008	0.0136963
1.987309e-008	0.0221191
1.989809e-008	0.0178467
1.992309e-008	0.0130371
1.994809e-008	0.00539552
1.997309e-008	0.00563966
1.999809e-008	0.0138672
2.002309e-008	-0.00307616
2.004809e-008	-0.00627441
2.007309e-008	0.01521
2.009809e-008	0.00742188
2.012309e-008	-0.00190429
2.014809e-008	0.011084
2.017309e-008	0.0181397
2.019809e-008	0.0200684
2.022309e-008	0.00327149
2.024809e-008	-0.00732421
2.027309e-008	0.0157227
2.029809e-008	0.0179199
2.032309e-008	0.00285645
2.034809e-008	0.0098877
2.037309e-008	0.0247803
2.039809e-008	0.0222412
2.042309e-008	0.0113037
2.044809e-008	0.00937501
2.047309e-008	0.00725098
2.049809e-008	0.0220459
2.052309e-008	0.0328125
2.054809e-008	0.00878907
2.057309e-008	0.010376
2.059809e-008	0.0240967
2.062309e-008	0.00317384
2.064809e-008	0.00773927
2.067309e-008	0.0318848
2.069809e-008	0.0291748
2.072309e-008	0.0284424
2.074809e-008	0.0265869
2.077309e-008	0.0258057
2.079809e-008	0.0303711
2.082309e-008	0.0167236
2.084809e-008	0.0196045
2.087309e-008	0.0324707
2.089809e-008	0.0260254
2.092309e-008	0.0296143
2.094809e-008	0.0288818
2.097309e-008	0.0231445
2.099809e-008	0.0315186
2.102309e-008	0.0230469
2.104809e-008	0.0144775
2.107309e-008	0.0253418
2.109809e-008	0.0266846
2.112309e-008	0.022168
2.114809e-008	0.0179932
2.117309e-008	0.0163574
2.119809e-008	0.0191406
2.122309e-008	0.00834962
2.124809e-008	0.00217286
2.127309e-008	0.0158936
2.129809e-008	0.0216065
2.132309e-008	0.0116943
2.134809e-008	0.00434571
2.137309e-008	0.0121826
2.139809e-008	0.0219971
2.142309e-008	0.0136475
2.144809e-008	0.00952149
2.147309e-008	0.0161865
2.149809e-008	0.00781251
2.152309e-008	0.0069336
2.154809e-008	0.0170899
2.157309e-008	0.0158447
2.159809e-008	0.020044
2.162309e-008	0.0151856
2.164809e-008	0.00732423
2.167309e-008	0.022583
2.169809e-008	0.0241211
2.172309e-008	0.0204102
2.174809e-008	0.0290039
2.177309e-008	0.0325928
2.179809e-008	0.0344727
2.182309e-008	0.021167
2.184809e-008	0.0168701
2.187309e-008	0.0264404
2.189809e-008	0.0138916
2.192309e-008	0.00959473
2.194809e-008	0.0198242
2.197309e-008	0.0278565
2.199809e-008	0.0375488
2.202309e-008	0.0310059
2.204809e-008	0.0214356
2.207309e-008	0.0300293
2.209809e-008	0.0282959
2.212309e-008	0.0125732
2.214809e-008	0.0135498
2.217309e-008	0.0243652
2.219809e-008	0.0271973
2.222309e-008	0.0205322
2.224809e-008	0.0108399
2.227309e-008	0.016919
2.229809e-008	0.0324219
2.232309e-008	0.0290527
2.234809e-008	0.0113281
2.237309e-008	0.0162109
2.239809e-008	0.0392578
2.242309e-008	0.0310303
2.244809e-008	0.013208
2.247309e-008	0.0215332
2.249809e-008	0.0195557
2.252309e-008	0.0108399
2.254809e-008	0.0143555
2.257309e-008	0.0158203
2.259809e-008	0.0199463
2.262309e-008	0.0221436
2.264809e-008	0.0259277
2.267309e-008	0.0323975
2.269809e-008	0.029541
2.272309e-008	0.0283447
2.274809e-008	0.0173584
2.277309e-008	0.00876466
2.279809e-008	0.0200195
2.282309e-008	0.0206055
2.284809e-008	0.0261231
2.287309e-008	0.0365479
2.289809e-008	0.0219971
2.292309e-008	0.00339356
2.294809e-008	-0.000317375
2.297309e-008	0.0220947
2.299809e-008	0.0380127
2.302309e-008	0.019751
2.304809e-008	0.0131348
2.307309e-008	0.0175781
2.309809e-008	0.0167969
2.312309e-008	0.0200195
2.314809e-008	0.0193359
2.317309e-008	0.0254395
2.319809e-008	0.0252197
2.322309e-008	0.0166748
2.324809e-008	0.021167
2.327309e-008	0.0181885
2.329809e-008	0.0231934
2.332309e-008	0.0323242
2.334809e-008	0.0135986
2.337309e-008	0.0163086
2.339809e-008	0.0351563
2.342309e-008	0.0198242
2.344809e-008	0.00974122
2.347309e-008	0.0188965
2.349809e-008	0.0097168
2.352309e-008	0.00603028
2.354809e-008	0.0298096
2.357309e-008	0.0412354
2.359809e-008	0.027124
2.362309e-008	0.00932618
2.364809e-008	0.00712891
2.367309e-008	0.024292
2.369809e-008	0.031665
2.372309e-008	0.0251709
2.374809e-008	0.0219238
2.377309e-008	0.0164307
2.379809e-008	0.015625
2.382309e-008	0.0198486
2.384809e-008	0.0177002
2.387309e-008	0.0201172
2.389809e-008	0.025708
2.392309e-008	0.0250733
2.394809e-008	0.0333496
2.397309e-008	0.0436279
2.399809e-008	0.031665
2.402309e-008	0.0153565
2.404809e-008	0.0182129
2.407309e-008	0.0286865
2.409809e-008	0.0282227
2.412309e-008	0.0244385
2.414809e-008	0.0242188
2.417309e-008	0.023169
2.419809e-008	0.0296875
2.422309e-008	0.0259277
2.424809e-008	0.0128418
2.427309e-008	0.0216065
2.429809e-008	0.0302734
2.432309e-008	0.0307617
2.434809e-008	0.0338623
2.437309e-008	0.0177002
2.439809e-008	-0.00329589
2.442309e-008	-0.00251464
2.444809e-008	0.00786134
2.447309e-008	0.0163086
2.449809e-008	0.0227539
2.452309e-008	0.023169
2.454809e-008	0.019458
2.457309e-008	0.0202637
2.459809e-008	0.0144775
2.462309e-008	0.00715333
2.464809e-008	0.0169922
2.467309e-008	0.0176025
2.469809e-008	0.00783692
2.472309e-008	0.012085
2.474809e-008	0.0182129
2.477309e-008	0.0252197
2.479809e-008	0.0212647
2.482309e-008	0.00202637
2.484809e-008	0.00490723
2.487309e-008	0.0172119
2.489809e-008	0.0155762
2.492309e-008	0.0126709
2.494809e-008	0.0137695
2.497309e-008	0.013916
2.499809e-008	0.0146729
2.502309e-008	0.0283203
2.504809e-008	0.0259033
2.507309e-008	0.0104492
2.509809e-008	0.0224121
2.512309e-008	0.0263916
2.514809e-008	0.0177979
2.517309e-008	0.023169
2.519809e-008	0.0242188
2.522309e-008	0.0230713
2.524809e-008	0.0246582
2.527309e-008	0.0322754
2.529809e-008	0.0328369
2.532309e-008	0.0104248
2.534809e-008	0.00903321
2.537309e-008	0.0307129
2.539809e-008	0.0368408
2.542309e-008	0.0283691
2.544809e-008	0.0181885
2.547309e-008	0.0260986
2.549809e-008	0.0345703
2.552309e-008	0.0237061
2.554809e-008	0.0199463
2.557309e-008	0.0281983
2.559809e-008	0.0309326
2.562309e-008	0.0217774
2.564809e-008	0.0178955
2.567309e-008	0.0210205
2.569809e-008	0.0198731
2.572309e-008	0.0218994
2.574809e-008	0.0171631
2.577309e-008	0.0209717
2.579809e-008	0.0384033
2.582309e-008	0.0226563
2.584809e-008	0.00239259
2.587309e-008	0.021582
2.589809e-008	0.031543
2.592309e-008	0.0189453
2.594809e-008	0.0143066
2.597309e-008	0.012085
2.599809e-008	0.0144531
2.602309e-008	0.0159668
2.604809e-008	0.0125977
2.607309e-008	0.0175781
2.609809e-008	0.0204346
2.612309e-008	0.0126953
2.614809e-008	0.00161134
2.617309e-008	0.00598145
2.619809e-008	0.0164063
2.622309e-008	0.0157471
2.624809e-008	0.0155029
2.627309e-008	0.0147461
2.629809e-008	0.0221191
2.632309e-008	0.0213867
2.634809e-008	0.00876466
2.637309e-008	0.0174805
2.639809e-008	0.0251465
2.642309e-008	0.0241211
2.644809e-008	0.0226807
2.647309e-008	0.0175537
2.649809e-008	0.0223877
2.652309e-008	0.0201904
2.654809e-008	0.0165039
2.657309e-008	0.0283691
2.659809e-008	0.0255615
2.662309e-008	0.0131104
2.664809e-008	0.0263428
2.667309e-008	0.0386475
2.669809e-008	0.0283203
2.672309e-008	0.0316406
2.674809e-008	0.0345703
2.677309e-008	0.0283936
2.679809e-008	0.0316895
2.682309e-008	0.0214844
2.684809e-008	0.0222412
2.687309e-008	0.0287109
2.689809e-008	0.0176025
2.692309e-008	0.0258301
2.694809e-008	0.0317383
2.697309e-008	0.0318604
2.699809e-008	0.0347168
2.702309e-008	0.0220703
2.704809e-008	0.0190186
2.707309e-008	0.0165039
2.709809e-008	0.0174561
2.712309e-008	0.0279541
2.714809e-008	0.0136963
2.717309e-008	0.0108887
2.719809e-008	0.026709
2.722309e-008	0.0209961
2.724809e-008	0.0216309
2.727309e-008	0.0270752
2.729809e-008	0.0188721
2.732309e-008	0.0101563
2.734809e-008	0.00227052
2.737309e-008	0.0134033
2.739809e-008	0.0259522
2.742309e-008	0.0178955
2.744809e-008	0.0170899
2.747309e-008	0.0193115
2.749809e-008	0.0143311
2.752309e-008	0.0130615
2.754809e-008	0.0216797
2.757309e-008	0.0305176
2.759809e-008	0.0212891
2.762309e-008	0.0100098
2.764809e-008	0.0173584
2.767309e-008	0.0285645
2.769809e-008	0.026001
2.772309e-008	0.018457
2.774809e-008	0.0206055
2.777309e-008	0.0266358
2.779809e-008	0.0234131
2.782309e-008	0.0196289
2.784809e-008	0.0286621
2.787309e-008	0.0285156
2.789809e-008	0.0195801
2.792309e-008	0.028833
2.794809e-008	0.0335693
2.797309e-008	0.0251221
2.799809e-008	0.026416
2.802309e-008	0.0238525
2.804809e-008	0.0142822
2.807309e-008	0.0194824
2.809809e-008	0.0253174
2.812309e-008	0.0103516
2.814809e-008	0.00288087
2.817309e-008	0.0199463
2.819809e-008	0.0263916
2.822309e-008	0.0160645
2.824809e-008	0.00974122
2.827309e-008	0.0108154
2.829809e-008	0.0177734
2.832309e-008	0.0203857
2.834809e-008	0.0188232
2.837309e-008	0.0227051
2.839809e-008	0.0237793
2.842309e-008	0.01875
2.844809e-008	0.0215332
2.847309e-008	0.0273926
2.849809e-008	0.0274414
2.852309e-008	0.0311524
2.854809e-008	0.0242188
2.857309e-008	0.0209473
2.859809e-008	0.0391358
2.862309e-008	0.0354981
2.864809e-008	0.0242432
2.867309e-008	0.0235107
2.869809e-008	0.0135986
2.872309e-008	0.0211182
2.874809e-008	0.0296143
2.877309e-008	0.0218262
2.879809e-008	0.0173096
2.882309e-008	0.00913087
2.884809e-008	0.0106934
2.887309e-008	0.0151367
2.889809e-008	0.014917
2.892309e-008	0.0241455
2.894809e-008	0.0216553
2.897309e-008	0.010083
2.899809e-008	0.00539552
2.902309e-008	0.00615235
2.904809e-008	0.0134522
2.907309e-008	0.0163086
2.909809e-008	0.0107422
2.912309e-008	0.0122315
2.914809e-008	0.0206543
2.917309e-008	0.0150391
2.919809e-008	0.00656739
2.922309e-008	0.00549317
2.924809e-008	0.00664063
2.927309e-008	0.01875
2.929809e-008	0.0205566
2.932309e-008	0.0157715
2.934809e-008	0.0144043
2.937309e-008	-0.00156249
2.939809e-008	0.0022461
2.942309e-008	0.0148438
2.944809e-008	0.0101563
2.947309e-008	0.0241211
2.949809e-008	0.0250488
2.952309e-008	0.00266114
2.954809e-008	0.00139161
2.957309e-008	0.00434571
2.959809e-008	0.00639649
2.962309e-008	0.0088379
2.964809e-008	0.00864259
2.967309e-008	0.0220459
2.969809e-008	0.027832
2.972309e-008	0.0290527
2.974809e-008	0.0331543
2.977309e-008	0.0259522
2.979809e-008	0.0271484
2.982309e-008	0.0258057
2.984809e-008	0.0239014
2.987309e-008	0.0299805
2.989809e-008	0.0194824
2.992309e-008	0.0140869
2.994809e-008	0.0175537
2.997309e-008	0.0240967
2.999809e-008	0.0308106
3.002309e-008	0.0168457
3.004809e-008	0.0187988
3.007309e-008	0.0365967
3.009809e-008	0.0337402
3.012309e-008	0.027832
3.014809e-008	0.025293
3.017309e-008	0.0265869
3.019809e-008	0.037915
3.022309e-008	0.0398926
3.024809e-008	0.0336182
3.027309e-008	0.0332764
3.029809e-008	0.02229
3.032309e-008	0.0198975
3.034809e-008	0.0286621
3.037309e-008	0.0121094
3.039809e-008	0.00898438
3.042309e-008	0.0241699
3.044809e-008	0.0184815
3.047309e-008	0.0127686
3.049809e-008	0.0119873
3.052309e-008	0.010376
3.054809e-008	0.0246338
3.057309e-008	0.0333496
3.059809e-008	0.0129639
3.062309e-008	0.00910645
3.064809e-008	0.0214356
3.067309e-008	0.0138916
3.069809e-008	0.016919
3.072309e-008	0.0213135
3.074809e-008	0.0158203
3.077309e-008	0.0242676
3.079809e-008	0.0200195
3.082309e-008	0.00292969
3.084809e-008	0.00454102
3.087309e-008	0.0114258
3.089809e-008	0.00683595
3.092309e-008	0.0052002
3.094809e-008	0.00871583
3.097309e-008	0.0117676
3.099809e-008	0.0270508
3.102309e-008	0.0362305
3.104809e-008	0.0246582
3.107309e-008	0.0231201
3.109809e-008	0.0244385
3.112309e-008	0.0151367
3.114809e-008	0.0097168
3.117309e-008	0.0121094
3.119809e-008	0.021167
3.122309e-008	0.0178467
3.124809e-008	0.0169678
3.127309e-008	0.0275879
3.129809e-008	0.0169678
3.132309e-008	0.00739747
3.134809e-008	0.0173584
3.137309e-008	0.0290772
3.139809e-008	0.025415
3.142309e-008	0.00371095
3.144809e-008	0.00268555
3.147309e-008	0.019751
3.149809e-008	0.00983887
3.152309e-008	0.00136719
3.154809e-008	0.0263184
3.157309e-008	0.028833
3.159809e-008	0.0131104
3.162309e-008	0.0244385
3.164809e-008	0.0237061
3.167309e-008	0.0147217
3.169809e-008	0.020044
3.172309e-008	0.0265869
3.174809e-008	0.0327637
3.177309e-008	0.0258789
3.179809e-008	0.0205322
3.182309e-008	0.0158447
3.184809e-008	0.0172607
3.187309e-008	0.0344971
3.189809e-008	0.0265625
3.192309e-008	0.0175049
3.194809e-008	0.026294
3.197309e-008	0.0299561
3.199809e-008	0.0291748
3.202309e-008	0.0185059
3.204809e-008	0.0267578
3.207309e-008	0.0429688
3.209809e-008	0.0302246
3.212309e-008	0.0205811
3.214809e-008	0.0198486
3.217309e-008	0.0226807
3.219809e-008	0.0289551
3.222309e-008	0.0134522
3.224809e-008	0.00300294
3.227309e-008	0.0130615
3.229809e-008	0.0191162
3.232309e-008	0.0298584
3.234809e-008	0.03396
3.237309e-008	0.0299072
3.239809e-008	0.0325684
3.242309e-008	0.0233399
3.244809e-008	0.0181885
3.247309e-008	0.0226807
3.249809e-008	0.0205811
3.252309e-008	0.0204346
3.254809e-008	0.0161621
3.257309e-008	0.0214111
3.259809e-008	0.0320313
3.262309e-008	0.0257324
3.264809e-008	0.0298828
3.267309e-008	0.0310059
3.269809e-008	0.0121338
3.272309e-008	0.0157959
3.274809e-008	0.026294
3.277309e-008	0.0272461
3.279809e-008	0.0390381
3.282309e-008	0.0325195
3.284809e-008	0.0233154
3.287309e-008	0.0348145
3.289809e-008	0.0327149
3.292309e-008	0.0290039
3.294809e-008	0.0265137
3.297309e-008	0.0213867
3.299809e-008	0.0276611
3.302309e-008	0.0229004
3.304809e-008	0.0216309
3.307309e-008	0.0340576
3.309809e-008	0.0359131
3.312309e-008	0.0257568
3.314809e-008	0.0161621
3.317309e-008	0.0411621
3.319809e-008	0.0565674
3.322309e-008	0.0227783
3.324809e-008	0.017041
3.327309e-008	0.0312988
3.329809e-008	0.0241455
3.332309e-008	0.0136963
3.334809e-008	0.00720216
3.337309e-008	0.0231445
3.339809e-008	0.0322266
3.342309e-008	0.022168
3.344809e-008	0.0292969
3.347309e-008	0.02854
3.349809e-008	0.0121582
3.352309e-008	0.0145508
3.354809e-008	0.0227051
3.357309e-008	0.0176025
3.359809e-008	0.0154785
3.362309e-008	0.0103272
3.364809e-008	0.00666505
3.367309e-008	0.0168701
3.369809e-008	0.0240967
3.372309e-008	0.0212402
3.374809e-008	0.0111084
3.377309e-008	0.0157715
3.379809e-008	0.0160156
3.382309e-008	0.00131837
3.384809e-008	0.0112061
3.387309e-008	0.0150147
3.389809e-008	0.0140381
3.392309e-008	0.0293945
3.394809e-008	0.0249024
3.397309e-008	0.0250488
3.399809e-008	0.0402588
3.402309e-008	0.0233399
3.404809e-008	0.00617677
3.407309e-008	0.0205078
3.409809e-008	0.0236572
3.412309e-008	0.0231445
3.414809e-008	0.0299072
3.417309e-008	0.0226074
3.419809e-008	0.0166016
3.422309e-008	0.0181641
3.424809e-008	0.0242432
3.427309e-008	0.0245606
3.429809e-008	0.0171143
3.432309e-008	0.01875
3.434809e-008	0.0206787
3.437309e-008	0.029541
3.439809e-008	0.0361572
3.442309e-008	0.016626
3.444809e-008	0.0162109
3.447309e-008	0.0368408
3.449809e-008	0.0328369
3.452309e-008	0.0296143
3.454809e-008	0.0328613
3.457309e-008	0.0216797
3.459809e-008	0.0135254
3.462309e-008	0.0165283
3.464809e-008	0.0306152
3.467309e-008	0.0333008
3.469809e-008	0.0201416
3.472309e-008	0.0260986
3.474809e-008	0.0281738
3.477309e-008	0.0226807
3.479809e-008	0.0315918
3.482309e-008	0.0276856
3.484809e-008	0.0240723
3.487309e-008	0.0212158
3.489809e-008	0.00187989
3.492309e-008	0.00578614
3.494809e-008	0.021167
3.497309e-008	0.0228272
3.499809e-008	0.0239502
3.502309e-008	0.0106934
3.504809e-008	0.011499
3.507309e-008	0.0303223
3.509809e-008	0.0177979
3.512309e-008	0.0169678
3.514809e-008	0.0343262
3.517309e-008	0.0232666
3.519809e-008	0.0198486
3.522309e-008	0.0240479
3.524809e-008	0.0226807
3.527309e-008	0.0336914
3.529809e-008	0.0352539
3.532309e-008	0.0300781
3.534809e-008	0.0229004
3.537309e-008	0.0182617
3.539809e-008	0.0265625
3.542309e-008	0.0173828
3.544809e-008	0.0126709
3.547309e-008	0.030542
3.549809e-008	0.0284424
3.552309e-008	0.0158447
3.554809e-008	0.0223633
3.557309e-008	0.036499
3.559809e-008	0.0306397
3.562309e-008	0.0134033
3.564809e-008	0.0185547
3.567309e-008	0.0303711
3.569809e-008	0.0273193
3.572309e-008	0.0227783
3.574809e-008	0.0210205
3.577309e-008	0.0188965
3.579809e-008	0.0207275
3.582309e-008	0.0245606
3.584809e-008	0.0201416
3.587309e-008	0.0150879
3.589809e-008	0.0156738
3.592309e-008	0.0135498
3.594809e-008	0.0303223
3.597309e-008	0.0508057
3.599809e-008	0.0296143
3.602309e-008	0.00864259
3.604809e-008	0.0187256
3.607309e-008	0.0296875
3.609809e-008	0.0292969
3.612309e-008	0.0226563
3.614809e-008	0.0229004
3.617309e-008	0.02229
3.619809e-008	0.0173584
3.622309e-008	0.00932618
3.624809e-008	0.00529786
3.627309e-008	0.0297608
3.629809e-008	0.0392334
3.632309e-008	0.0210205
3.634809e-008	0.0201172
3.637309e-008	0.0292969
3.639809e-008	0.0333008
3.642309e-008	0.022876
3.644809e-008	0.0139404
3.647309e-008	0.0194824
3.649809e-008	0.0239014
3.652309e-008	0.0227783
3.654809e-008	0.0194092
3.657309e-008	0.0324951
3.659809e-008	0.0362793
3.662309e-008	0.01604
3.664809e-008	0.017749
3.667309e-008	0.0231445
3.669809e-008	0.0155274
3.672309e-008	0.0209473
3.674809e-008	0.0181152
3.677309e-008	0.0156006
3.679809e-008	0.0354004
3.682309e-008	0.0289063
3.684809e-008	0.00786134
3.687309e-008	0.0223145
3.689809e-008	0.0341797
3.692309e-008	0.0231445
3.694809e-008	0.0195068
3.697309e-008	0.0288574
3.699809e-008	0.0348633
3.702309e-008	0.0268799
3.704809e-008	0.024707
3.707309e-008	0.0278565
3.709809e-008	0.0168457
3.712309e-008	0.0143555
3.714809e-008	0.017627
3.717309e-008	0.011377
3.719809e-008	0.0282227
3.722309e-008	0.0476807
3.724809e-008	0.0357178
3.727309e-008	0.0253418
3.729809e-008	0.0179443
3.732309e-008	0.020166
3.734809e-008	0.0326904
3.737309e-008	0.0185303
3.739809e-008	0.0212891
3.742309e-008	0.0363281
3.744809e-008	0.0194092
3.747309e-008	0.0146729
3.749809e-008	0.0182617
3.752309e-008	0.0171875
3.754809e-008	0.021875
3.757309e-008	0.0238281
3.759809e-008	0.0351807
3.762309e-008	0.0355957
3.764809e-008	0.0139404
3.767309e-008	0.0100342
3.769809e-008	0.0196045
3.772309e-008	0.00551759
3.774809e-008	0.000585945
3.777309e-008	0.0305908
3.779809e-008	0.0329834
3.782309e-008	0.0101318
3.784809e-008	0.0178711
3.787309e-008	0.0299561
3.789809e-008	0.0239258
3.792309e-008	0.0234619
3.794809e-008	0.0239502
3.797309e-008	0.0205078
3.799809e-008	0.0215576
3.802309e-008	0.0181885
3.804809e-008	0.0193848
3.807309e-008	0.0265625
3.809809e-008	0.022583
3.812309e-008	0.0233887
3.814809e-008	0.031543
3.817309e-008	0.0312012
3.819809e-008	0.0286865
3.822309e-008	0.0231445
3.824809e-008	0.00957032
3.827309e-008	0.0135986
3.829809e-008	0.0348877
3.832309e-008	0.0354248
3.834809e-008	0.0234375
3.837309e-008	0.0246094
3.839809e-008	0.0338623
3.842309e-008	0.024585
3.844809e-008	0.0109619
3.847309e-008	0.0279297
3.849809e-008	0.0305176
3.852309e-008	0.0149658
3.854809e-008	0.0179932
3.857309e-008	0.013916
3.859809e-008	0.00578614
3.862309e-008	0.00671387
3.864809e-008	0.0143799
3.867309e-008	0.0181641
3.869809e-008	0.0156006
3.872309e-008	0.0299561
3.874809e-008	0.0294434
3.877309e-008	0.0162109
3.879809e-008	0.0240234
3.882309e-008	0.0206787
3.884809e-008	0.0195801
3.887309e-008	0.032544
3.889809e-008	0.0280274
3.892309e-008	0.0281738
3.894809e-008	0.0296875
3.897309e-008	0.0171875
3.899809e-008	0.0184815
3.902309e-008	0.0225098
3.904809e-008	0.0230713
3.907309e-008	0.0264893
3.909809e-008	0.023584
3.912309e-008	0.0318359
3.914809e-008	0.037207
3.917309e-008	0.0307129
3.919809e-008	0.0320313
3.922309e-008	0.0220947
3.924809e-008	0.014209
3.927309e-008	0.0275635
3.929809e-008	0.0313721
3.932309e-008	0.0275635
3.934809e-008	0.0290772
3.937309e-008	0.029126
3.939809e-008	0.029419
3.942309e-008	0.0268799
3.944809e-008	0.0243652
3.947309e-008	0.0249268
3.949809e-008	0.0247315
3.952309e-008	0.0213135
3.954809e-008	0.0152588
3.957309e-008	0.0192871
3.959809e-008	0.0196289
3.962309e-008	0.00920411
3.964809e-008	0.017334
3.967309e-008	0.0313233
3.969809e-008	0.0253662
3.972309e-008	0.0200928
3.974809e-008	0.0213623
3.977309e-008	0.0251953
3.979809e-008	0.0323731
3.982309e-008	0.0194092
3.984809e-008	0.0123535
3.987309e-008	0.0233887
3.989809e-008	0.0169922
3.992309e-008	0.0152832
3.994809e-008	0.0223877
3.997309e-008	0.0236572
3.999809e-008	0.0260254
4.002309e-008	0.0305664
4.004809e-008	0.0391113
4.007309e-008	0.0343018
4.009809e-008	0.0231201
4.012309e-008	0.0172363
4.014809e-008	0.00942384
4.017309e-008	0.0210938
4.019809e-008	0.0343262
4.022309e-008	0.0184815
4.024809e-008	0.00983887
4.027309e-008	0.0227295
4.029809e-008	0.0302734
4.032309e-008	0.0323731
4.034809e-008	0.0323242
4.037309e-008	0.0293213
4.039809e-008	0.0305908
4.042309e-008	0.0281983
4.044809e-008	0.0125732
4.047309e-008	0.00937501
4.049809e-008	0.0242676
4.052309e-008	0.028418
4.054809e-008	0.018042
4.057309e-008	0.00590821
4.059809e-008	0.0185547
4.062309e-008	0.0331055
4.064809e-008	0.0172363
4.067309e-008	0.0125
4.069809e-008	0.014209
4.072309e-008	0.00932618
4.074809e-008	0.0179443
4.077309e-008	0.0250977
4.079809e-008	0.0203613
4.082309e-008	0.0112061
4.084809e-008	0.0134522
4.087309e-008	0.0222168
4.089809e-008	0.0298584
4.092309e-008	0.0382568
4.094809e-008	0.0332764
4.097309e-008	0.0299316
4.099809e-008	0.0337891
4.102309e-008	0.0215088
4.104809e-008	0.00690919
4.107309e-008	0.00886231
4.109809e-008	0.0166992
4.112309e-008	0.0179443
4.114809e-008	0.00483399
4.117309e-008	0.00717774
4.119809e-008	0.0286133
4.122309e-008	0.0170899
4.124809e-008	0.00578614
4.127309e-008	0.0245117
4.129809e-008	0.030249
4.132309e-008	0.0172363
4.134809e-008	0.0114502
4.137309e-008	0.0284668
4.139809e-008	0.0354736
4.142309e-008	0.0291504
4.144809e-008	0.0288086
4.147309e-008	0.0166748
4.149809e-008	0.0179688
4.152309e-008	0.0248535
4.154809e-008	0.0129883
4.157309e-008	0.0186524
4.159809e-008	0.0239014
4.162309e-008	0.0138916
4.164809e-008	0.0229492
4.167309e-008	0.0260742
4.169809e-008	0.0189941
4.172309e-008	0.0303711
4.174809e-008	0.0304199
4.177309e-008	0.0257568
4.179809e-008	0.0256348
4.182309e-008	0.00952149
4.184809e-008	0.0119141
4.187309e-008	0.0272217
4.189809e-008	0.0272949
4.192309e-008	0.0239502
4.194809e-008	0.0170166
4.197309e-008	0.019751
4.199809e-008	0.0251709
4.202309e-008	0.012915
4.204809e-008	0.0119385
4.207309e-008	0.0224121
4.209809e-008	0.0189941
4.212309e-008	0.0158447
4.214809e-008	0.0183106
4.217309e-008	0.0241211
4.219809e-008	0.0297119
4.222309e-008	0.0266358
4.224809e-008	0.0261231
4.227309e-008	0.0280029
4.229809e-008	0.0190674
4.232309e-008	0.0144043
4.234809e-008	0.0285156
4.237309e-008	0.0311524
4.239809e-008	0.0176025
4.242309e-008	0.013208
4.244809e-008	0.00964356
4.247309e-008	0.0172363
4.249809e-008	0.0308838
4.252309e-008	0.0220947
4.254809e-008	0.0108154
4.257309e-008	0.0153809
4.259809e-008	0.0232666
4.262309e-008	0.0196289
4.264809e-008	0.0149414
4.267309e-008	0.0256348
4.269809e-008	0.0298584
4.272309e-008	0.0187744
4.274809e-008	0.0197266
4.277309e-008	0.0330078
4.279809e-008	0.0285645
4.282309e-008	0.00561524
4.284809e-008	-0.00766601
4.287309e-008	0.00114747
4.289809e-008	0.0241943
4.292309e-008	0.0328858
4.294809e-008	0.0203613
4.297309e-008	0.0213135
4.299809e-008	0.0226074
4.302309e-008	0.00708009
4.304809e-008	0.0134277
4.307309e-008	0.0303223
4.309809e-008	0.0247315
4.312309e-008	0.0165527
4.314809e-008	0.0198731
4.317309e-008	0.030957
4.319809e-008	0.0363281
4.322309e-008	0.0166016
4.324809e-008	0.00595704
4.327309e-008	0.023169
4.329809e-008	0.0249024
4.332309e-008	0.0244629
4.334809e-008	0.0268311
4.337309e-008	0.0162842
4.339809e-008	0.0169678
4.342309e-008	0.00983887
4.344809e-008	0.0106445
4.347309e-008	0.0292236
4.349809e-008	0.0199707
4.352309e-008	0.0181397
4.354809e-008	0.0280274
4.357309e-008	0.0263428
4.359809e-008	0.034082
4.362309e-008	0.0170654
4.364809e-008	0.0010254
4.367309e-008	0.028125
4.369809e-008	0.0322998
4.372309e-008	0.0187744
4.374809e-008	0.0287354
4.377309e-008	0.0392334
4.379809e-008	0.0395508
4.382309e-008	0.0223389
4.384809e-008	0.00825196
4.387309e-008	0.021167
4.389809e-008	0.0282959
4.392309e-008	0.0192139
4.394809e-008	0.013916
4.397309e-008	0.0177979
4.399809e-008	0.0290039
4.402309e-008	0.0257568
4.404809e-008	0.0145264
4.407309e-008	0.020166
4.409809e-008	0.0233399
4.412309e-008	0.020874
4.414809e-008	0.020166
4.417309e-008	0.0206543
4.419809e-008	0.0196045
4.422309e-008	0.0111328
4.424809e-008	0.0203369
4.427309e-008	0.028418
4.429809e-008	0.00703126
4.432309e-008	-0.000708
4.434809e-008	0.014502
4.437309e-008	0.0277344
4.439809e-008	0.0304199
4.442309e-008	0.0187256
4.444809e-008	0.0157715
4.447309e-008	0.0208252
4.449809e-008	0.0151856
4.452309e-008	0.0143555
4.454809e-008	0.0181885
4.457309e-008	0.0214111
4.459809e-008	0.0214111
4.462309e-008	0.0139649
4.464809e-008	0.0138672
4.467309e-008	0.0134033
4.469809e-008	0.0116699
4.472309e-008	0.0254639
4.474809e-008	0.0318115
4.477309e-008	0.019751
4.479809e-008	0.0169434
4.482309e-008	0.0205566
4.484809e-008	0.0201904
4.487309e-008	0.0212158
4.489809e-008	0.00998536
4.492309e-008	0.0102051
4.494809e-008	0.0374512
4.497309e-008	0.0415039
4.499809e-008	0.0316406
4.502309e-008	0.0313965
4.504809e-008	0.0192627
4.507309e-008	0.0139649
4.509809e-008	0.0238281
4.512309e-008	0.0229736
4.514809e-008	0.0111328
4.517309e-008	0.017041
4.519809e-008	0.0296387
4.522309e-008	0.012207
4.524809e-008	0.013208
4.527309e-008	0.0390137
4.529809e-008	0.0265869
4.532309e-008	0.0213867
4.534809e-008	0.0345459
4.537309e-008	0.0234131
4.539809e-008	0.0208984
4.542309e-008	0.0125244
4.544809e-008	-0.000122063
4.547309e-008	0.0152588
4.549809e-008	0.016626
4.552309e-008	0.00996095
4.554809e-008	0.0177734
4.557309e-008	0.0264649
4.559809e-008	0.0275147
4.562309e-008	0.0160889
4.564809e-008	0.0156006
4.567309e-008	0.0235107
4.569809e-008	0.0273682
4.572309e-008	0.0233399
4.574809e-008	0.0125244
4.577309e-008	0.0161377
4.579809e-008	0.0157959
4.582309e-008	0.0123535
4.584809e-008	0.0199707
4.587309e-008	0.0248535
4.589809e-008	0.0281738
4.592309e-008	0.0276611
4.594809e-008	0.0282227
4.597309e-008	0.0259522
4.599809e-008	0.0138428
4.602309e-008	0.0109375
4.604809e-008	0.0182373
4.607309e-008	0.0258545
4.609809e-008	0.0314697
4.612309e-008	0.0247803
4.614809e-008	0.0216797
4.617309e-008	0.0366211
4.619809e-008	0.0324707
4.622309e-008	0.0126709
4.624809e-008	0.019043
4.627309e-008	0.0345947
4.629809e-008	0.0282471
4.632309e-008	0.0223633
4.634809e-008	0.0332031
4.637309e-008	0.035376
4.639809e-008	0.0310547
4.642309e-008	0.0237793
4.644809e-008	0.0161621
4.647309e-008	0.0265381
4.649809e-008	0.0288818
4.652309e-008	0.0197022
4.654809e-008	0.0193115
4.657309e-008	0.0233399
4.659809e-008	0.0261719
4.662309e-008	0.0210693
4.664809e-008	0.0224609
4.667309e-008	0.0241211
4.669809e-008	0.0156982
4.672309e-008	0.0170899
4.674809e-008	0.0176758
4.677309e-008	0.01604
4.679809e-008	0.0187256
4.682309e-008	0.0108643
4.684809e-008	0.00969239
4.687309e-008	0.020874
4.689809e-008	0.0282227
4.692309e-008	0.0287354
4.694809e-008	0.0200195
4.697309e-008	0.0241943
4.699809e-008	0.0280762
4.702309e-008	0.0135254
4.704809e-008	0.0162598
4.707309e-008	0.0203369
4.709809e-008	0.0114014
4.712309e-008	0.012207
4.714809e-008	0.0160889
4.717309e-008	0.0225098
4.719809e-008	0.0254639
4.722309e-008	0.0152344
4.724809e-008	0.0113281
4.727309e-008	0.0179199
4.729809e-008	0.0148926
4.732309e-008	0.0198975
4.734809e-008	0.0302979
4.737309e-008	0.018457
4.739809e-008	0.0232422
4.742309e-008	0.0314941
4.744809e-008	0.0110107
4.747309e-008	0.0125244
4.749809e-008	0.0282227
4.752309e-008	0.0254883
4.754809e-008	0.0266358
4.757309e-008	0.0341309
4.759809e-008	0.0213623
4.762309e-008	0.00756837
4.764809e-008	0.0233643
4.767309e-008	0.0283203
4.769809e-008	0.0165772
4.772309e-008	0.0123779
4.774809e-008	0.0128662
4.777309e-008	0.0331055
4.779809e-008	0.036377
4.782309e-008	0.0127441
4.784809e-008	0.012915
4.787309e-008	0.0243408
4.789809e-008	0.0277344
4.792309e-008	0.0289795
4.794809e-008	0.0269531
4.797309e-008	0.0228272
4.799809e-008	0.0168457
4.802309e-008	0.0101318
4.804809e-008	0.0148926
4.807309e-008	0.0277344
4.809809e-008	0.024292
4.812309e-008	0.0164307
4.814809e-008	0.0204346
4.817309e-008	0.0266846
4.819809e-008	0.0253174
4.822309e-008	0.0168701
4.824809e-008	0.0181641
4.827309e-008	0.0214111
4.829809e-008	0.0225342
4.832309e-008	0.0257568
4.834809e-008	0.00634766
4.837309e-008	0.00322266
4.839809e-008	0.0352783
4.842309e-008	0.0326904
4.844809e-008	0.0184326
4.847309e-008	0.0279785
4.849809e-008	0.0233887
4.852309e-008	0.0193604
4.854809e-008	0.0243652
4.857309e-008	0.0257324
4.859809e-008	0.0255615
4.862309e-008	0.0241211
4.864809e-008	0.0295654
4.867309e-008	0.0207031
4.869809e-008	0.0167725
4.872309e-008	0.0258789
4.874809e-008	0.00959473
4.877309e-008	0.0109375
4.879809e-008	0.0239258
4.882309e-008	0.0208008
4.884809e-008	0.0339111
4.887309e-008	0.0325195
4.889809e-008	0.020459
4.892309e-008	0.0220703
4.894809e-008	0.0177246
4.897309e-008	0.025
4.899809e-008	0.0264404
4.902309e-008	0.0137207
4.904809e-008	0.0189941
4.907309e-008	0.0162842
4.909809e-008	0.00563966
4.912309e-008	0.0114746
4.914809e-008	0.0206787
4.917309e-008	0.0281494
4.919809e-008	0.0259522
4.922309e-008	0.0178467
4.924809e-008	0.0161621
4.927309e-008	0.0156982
4.929809e-008	0.0250977
4.932309e-008	0.0376221
4.934809e-008	0.0298584
4.937309e-008	0.0229492
4.939809e-008	0.0300781
4.942309e-008	0.0319824
4.944809e-008	0.0317871
4.947309e-008	0.0319336
4.949809e-008	0.0299316
4.952309e-008	0.025415
4.954809e-008	0.0180176
4.957309e-008	0.0263916
4.959809e-008	0.0362305
4.962309e-008	0.0258789
4.964809e-008	0.0168945
4.967309e-008	0.0143311
4.969809e-008	0.0207275
4.972309e-008	0.0313721
4.974809e-008	0.0270508
4.977309e-008	0.0285156
4.979809e-008	0.0281494
4.982309e-008	0.0156006
4.984809e-008	0.0252441
4.987309e-008	0.0301025
4.989809e-008	0.0183594
4.992309e-008	0.027832
4.994809e-008	0.029126
4.997309e-008	0.0148438
4.999809e-008	0.0191162
5.002309e-008	0.0196045
