# LECROYWM813Zi	51496	Waveform
# Segments	1	SegmentSize	4002
# Segment	TrigTime	TimeSinceSegment1
# #1	30-Nov-2018 17:13:10	0                 
# Time	Ampl
-5.000656e-008	0.0279297
-4.998156e-008	0.0150879
-4.995656e-008	0.0150391
-4.993156e-008	0.00781251
-4.990656e-008	0.014917
-4.988156e-008	0.0367676
-4.985656e-008	0.0180908
-4.983156e-008	0.0133301
-4.980656e-008	0.0262451
-4.978156e-008	0.0133301
-4.975656e-008	0.0150147
-4.973156e-008	0.0210693
-4.970656e-008	0.0198242
-4.968156e-008	0.0282471
-4.965656e-008	0.0168701
-4.963156e-008	0.013916
-4.960656e-008	0.0298584
-4.958156e-008	0.0153809
-4.955656e-008	0.00654298
-4.953156e-008	0.0179688
-4.950656e-008	0.0193604
-4.948156e-008	0.0297363
-4.945656e-008	0.0355957
-4.943156e-008	0.0264649
-4.940656e-008	0.0302002
-4.938156e-008	0.033374
-4.935656e-008	0.0183838
-4.933156e-008	0.00976563
-4.930656e-008	0.0196777
-4.928156e-008	0.0241943
-4.925656e-008	0.0112793
-4.923156e-008	-0.00219726
-4.920656e-008	0.00351563
-4.918156e-008	0.0197266
-4.915656e-008	0.0207764
-4.913156e-008	0.0157959
-4.910656e-008	0.0149902
-4.908156e-008	0.0127686
-4.905656e-008	0.0184815
-4.903156e-008	0.0226074
-4.900656e-008	0.0193359
-4.898156e-008	0.0197754
-4.895656e-008	0.0191406
-4.893156e-008	0.0224609
-4.890656e-008	0.0263916
-4.888156e-008	0.0190674
-4.885656e-008	0.0161621
-4.883156e-008	0.026001
-4.880656e-008	0.0296387
-4.878156e-008	0.0243897
-4.875656e-008	0.0238281
-4.873156e-008	0.0223389
-4.870656e-008	0.0205811
-4.868156e-008	0.027002
-4.865656e-008	0.024585
-4.863156e-008	0.0163086
-4.860656e-008	0.0206055
-4.858156e-008	0.0213379
-4.855656e-008	0.00898438
-4.853156e-008	-0.00202636
-4.850656e-008	0.00749512
-4.848156e-008	0.0245117
-4.845656e-008	0.0167725
-4.843156e-008	0.01521
-4.840656e-008	0.0294678
-4.838156e-008	0.0252197
-4.835656e-008	0.0199463
-4.833156e-008	0.019751
-4.830656e-008	0.0209229
-4.828156e-008	0.0319336
-4.825656e-008	0.0234863
-4.823156e-008	0.0103516
-4.820656e-008	0.0203857
-4.818156e-008	0.0185791
-4.815656e-008	0.0119873
-4.813156e-008	0.0199951
-4.810656e-008	0.0238525
-4.808156e-008	0.012793
-4.805656e-008	0.00234376
-4.803156e-008	0.0153809
-4.800656e-008	0.0217774
-4.798156e-008	0.0223633
-4.795656e-008	0.0303223
-4.793156e-008	0.0219727
-4.790656e-008	0.0259277
-4.788156e-008	0.0331055
-4.785656e-008	0.012207
-4.783156e-008	0.00517579
-4.780656e-008	0.0204346
-4.778156e-008	0.0188232
-4.775656e-008	0.0126953
-4.773156e-008	0.0189697
-4.770656e-008	0.0214844
-4.768156e-008	0.0221924
-4.765656e-008	0.0208252
-4.763156e-008	0.027832
-4.760656e-008	0.0248291
-4.758156e-008	0.00324708
-4.755656e-008	0.0147949
-4.753156e-008	0.0232422
-4.750656e-008	0.0114746
-4.748156e-008	0.0183106
-4.745656e-008	0.0154053
-4.743156e-008	0.0188721
-4.740656e-008	0.0285156
-4.738156e-008	0.0141846
-4.735656e-008	0.0125488
-4.733156e-008	0.015625
-4.730656e-008	0.0154541
-4.728156e-008	0.0247559
-4.725656e-008	0.0185303
-4.723156e-008	0.0260742
-4.720656e-008	0.0449463
-4.718156e-008	0.0302734
-4.715656e-008	0.0193359
-4.713156e-008	0.0226318
-4.710656e-008	0.0201904
-4.708156e-008	0.025708
-4.705656e-008	0.0238525
-4.703156e-008	0.0176514
-4.700656e-008	0.0289795
-4.698156e-008	0.0281494
-4.695656e-008	0.00947266
-4.693156e-008	0.00808106
-4.690656e-008	0.0204834
-4.688156e-008	0.027832
-4.685656e-008	0.0214111
-4.683156e-008	0.011377
-4.680656e-008	0.0187744
-4.678156e-008	0.0264404
-4.675656e-008	0.0179688
-4.673156e-008	0.00925294
-4.670656e-008	0.0151123
-4.668156e-008	0.0217285
-4.665656e-008	0.00805665
-4.663156e-008	-0.00354003
-4.660656e-008	0.0132324
-4.658156e-008	0.03125
-4.655656e-008	0.0261719
-4.653156e-008	0.0240723
-4.650656e-008	0.0228272
-4.648156e-008	0.0120117
-4.645656e-008	0.0178223
-4.643156e-008	0.0226807
-4.640656e-008	0.0168945
-4.638156e-008	0.018457
-4.635656e-008	0.0186035
-4.633156e-008	0.0179932
-4.630656e-008	0.0198975
-4.628156e-008	0.0197754
-4.625656e-008	0.0104004
-4.623156e-008	0.013208
-4.620656e-008	0.0322754
-4.618156e-008	0.0297363
-4.615656e-008	0.0248291
-4.613156e-008	0.0228027
-4.610656e-008	0.0158936
-4.608156e-008	0.017749
-4.605656e-008	0.0134522
-4.603156e-008	0.0268311
-4.600656e-008	0.0376221
-4.598156e-008	0.0199463
-4.595656e-008	0.0235596
-4.593156e-008	0.0293213
-4.590656e-008	0.0218262
-4.588156e-008	0.0239502
-4.585656e-008	0.018457
-4.583156e-008	0.016333
-4.580656e-008	0.0184815
-4.578156e-008	0.00307618
-4.575656e-008	0.0072754
-4.573156e-008	0.0291748
-4.570656e-008	0.0269287
-4.568156e-008	0.0153565
-4.565656e-008	0.00852052
-4.563156e-008	0.0216797
-4.560656e-008	0.0337647
-4.558156e-008	0.0193848
-4.555656e-008	0.0192383
-4.553156e-008	0.027002
-4.550656e-008	0.0276856
-4.548156e-008	0.0192383
-4.545656e-008	0.0050293
-4.543156e-008	0.0202881
-4.540656e-008	0.0382324
-4.538156e-008	0.0328125
-4.535656e-008	0.0236816
-4.533156e-008	0.0166748
-4.530656e-008	0.0097168
-4.528156e-008	0.00666505
-4.525656e-008	0.00864259
-4.523156e-008	0.0155518
-4.520656e-008	0.0268555
-4.518156e-008	0.0176758
-4.515656e-008	0.00803223
-4.513156e-008	0.0177734
-4.510656e-008	0.0226318
-4.508156e-008	0.0334961
-4.505656e-008	0.0269043
-4.503156e-008	0.0102051
-4.500656e-008	0.0177734
-4.498156e-008	0.01604
-4.495656e-008	0.0131104
-4.493156e-008	0.0170899
-4.490656e-008	0.00874024
-4.488156e-008	0.00671387
-4.485656e-008	0.017627
-4.483156e-008	0.0236572
-4.480656e-008	0.0122559
-4.478156e-008	0.0034668
-4.475656e-008	0.0165527
-4.473156e-008	0.0224121
-4.470656e-008	0.0196289
-4.468156e-008	0.0262695
-4.465656e-008	0.0168213
-4.463156e-008	0.0135986
-4.460656e-008	0.0311035
-4.458156e-008	0.0206055
-4.455656e-008	0.0100342
-4.453156e-008	0.0293213
-4.450656e-008	0.039502
-4.448156e-008	0.0305908
-4.445656e-008	0.0188965
-4.443156e-008	0.0159668
-4.440656e-008	0.0203857
-4.438156e-008	0.0213379
-4.435656e-008	0.0255859
-4.433156e-008	0.0367432
-4.430656e-008	0.028125
-4.428156e-008	0.00678712
-4.425656e-008	0.00922852
-4.423156e-008	0.0217774
-4.420656e-008	0.0241211
-4.418156e-008	0.0197022
-4.415656e-008	0.0151123
-4.413156e-008	0.0233643
-4.410656e-008	0.0307129
-4.408156e-008	0.0181885
-4.405656e-008	0.0116211
-4.403156e-008	0.0188477
-4.400656e-008	0.012915
-4.398156e-008	0.0122315
-4.395656e-008	0.0304932
-4.393156e-008	0.0239258
-4.390656e-008	0.0058838
-4.388156e-008	0.0152832
-4.385656e-008	0.020044
-4.383156e-008	0.0246094
-4.380656e-008	0.0337891
-4.378156e-008	0.0155029
-4.375656e-008	0.00668946
-4.373156e-008	0.00957032
-4.370656e-008	0.00927735
-4.368156e-008	0.0270508
-4.365656e-008	0.0284424
-4.363156e-008	0.0169434
-4.360656e-008	0.0195068
-4.358156e-008	0.0162842
-4.355656e-008	0.0153809
-4.353156e-008	0.0233399
-4.350656e-008	0.0207764
-4.348156e-008	0.0189209
-4.345656e-008	0.0267334
-4.343156e-008	0.0287598
-4.340656e-008	0.0278565
-4.338156e-008	0.0217774
-4.335656e-008	0.0156494
-4.333156e-008	0.0181641
-4.330656e-008	0.0170654
-4.328156e-008	0.0206055
-4.325656e-008	0.0235352
-4.323156e-008	0.0205566
-4.320656e-008	0.0236328
-4.318156e-008	0.0231201
-4.315656e-008	0.0132324
-4.313156e-008	0.0098877
-4.310656e-008	0.0215332
-4.308156e-008	0.0248291
-4.305656e-008	0.0167969
-4.303156e-008	0.0217041
-4.300656e-008	0.0271973
-4.298156e-008	0.0212402
-4.295656e-008	0.0239746
-4.293156e-008	0.0273682
-4.290656e-008	0.0178223
-4.288156e-008	0.0150879
-4.285656e-008	0.0209961
-4.283156e-008	0.0323731
-4.280656e-008	0.0254639
-4.278156e-008	-0.00419921
-4.275656e-008	0.00600587
-4.273156e-008	0.0296631
-4.270656e-008	0.0241943
-4.268156e-008	0.0243652
-4.265656e-008	0.020459
-4.263156e-008	0.0132568
-4.260656e-008	0.0227539
-4.258156e-008	0.0274902
-4.255656e-008	0.0216309
-4.253156e-008	0.0245606
-4.250656e-008	0.0250244
-4.248156e-008	0.0163818
-4.245656e-008	0.0230469
-4.243156e-008	0.0304443
-4.240656e-008	0.026001
-4.238156e-008	0.0148926
-4.235656e-008	0.01604
-4.233156e-008	0.0361328
-4.230656e-008	0.0279297
-4.228156e-008	0.0181641
-4.225656e-008	0.0240723
-4.223156e-008	0.0173584
-4.220656e-008	0.0295166
-4.218156e-008	0.0322266
-4.215656e-008	0.00991212
-4.213156e-008	0.00759278
-4.210656e-008	0.0156494
-4.208156e-008	0.0217774
-4.205656e-008	0.0208252
-4.203156e-008	0.0130859
-4.200656e-008	0.0163086
-4.198156e-008	0.0171143
-4.195656e-008	0.00915528
-4.193156e-008	0.0179443
-4.190656e-008	0.0366943
-4.188156e-008	0.0388916
-4.185656e-008	0.0294678
-4.183156e-008	0.0273193
-4.180656e-008	0.0236572
-4.178156e-008	0.0161377
-4.175656e-008	0.0208008
-4.173156e-008	0.0156738
-4.170656e-008	0.0103272
-4.168156e-008	0.0224121
-4.165656e-008	0.0195313
-4.163156e-008	0.0125244
-4.160656e-008	0.0145996
-4.158156e-008	0.0126465
-4.155656e-008	0.0127441
-4.153156e-008	0.0203857
-4.150656e-008	0.0290039
-4.148156e-008	0.0310303
-4.145656e-008	0.0288086
-4.143156e-008	0.0275635
-4.140656e-008	0.0286621
-4.138156e-008	0.0224854
-4.135656e-008	0.0123535
-4.133156e-008	0.0151367
-4.130656e-008	0.024292
-4.128156e-008	0.0216309
-4.125656e-008	0.0223633
-4.123156e-008	0.0407715
-4.120656e-008	0.0345703
-4.118156e-008	0.0139893
-4.115656e-008	0.0107422
-4.113156e-008	0.00610352
-4.110656e-008	0.0132813
-4.108156e-008	0.0189697
-4.105656e-008	0.0185791
-4.103156e-008	0.0328858
-4.100656e-008	0.0239502
-4.098156e-008	0.0057129
-4.095656e-008	0.0144043
-4.093156e-008	0.0227539
-4.090656e-008	0.0275391
-4.088156e-008	0.0310791
-4.085656e-008	0.0150879
-4.083156e-008	0.0114502
-4.080656e-008	0.0271973
-4.078156e-008	0.0244385
-4.075656e-008	0.0201416
-4.073156e-008	0.0204102
-4.070656e-008	0.014624
-4.068156e-008	0.0170654
-4.065656e-008	0.0225098
-4.063156e-008	0.0234131
-4.060656e-008	0.0192383
-4.058156e-008	0.0171387
-4.055656e-008	0.0144531
-4.053156e-008	0.0102783
-4.050656e-008	0.02229
-4.048156e-008	0.0287354
-4.045656e-008	0.00739747
-4.043156e-008	0.000659187
-4.040656e-008	0.018335
-4.038156e-008	0.0083252
-4.035656e-008	0.00112305
-4.033156e-008	0.0251709
-4.030656e-008	0.0273926
-4.028156e-008	0.0158447
-4.025656e-008	0.0126465
-4.023156e-008	0.012085
-4.020656e-008	0.0189209
-4.018156e-008	0.0263916
-4.015656e-008	0.0239014
-4.013156e-008	0.0207764
-4.010656e-008	0.0291016
-4.008156e-008	0.0193848
-4.005656e-008	0.00612794
-4.003156e-008	0.018457
-4.000656e-008	0.0201416
-3.998156e-008	0.0153076
-3.995656e-008	0.0233399
-3.993156e-008	0.02854
-3.990656e-008	0.0206299
-3.988156e-008	0.0165039
-3.985656e-008	0.023877
-3.983156e-008	0.0198242
-3.980656e-008	0.0194336
-3.978156e-008	0.0243652
-3.975656e-008	0.0201172
-3.973156e-008	0.0176025
-3.970656e-008	0.018335
-3.968156e-008	0.0238525
-3.965656e-008	0.00913087
-3.963156e-008	0.00173341
-3.960656e-008	0.0258301
-3.958156e-008	0.0255615
-3.955656e-008	0.0292969
-3.953156e-008	0.037207
-3.950656e-008	0.0148926
-3.948156e-008	0.00593262
-3.945656e-008	0.0119873
-3.943156e-008	0.0289551
-3.940656e-008	0.0344238
-3.938156e-008	0.0153076
-3.935656e-008	0.0164551
-3.933156e-008	0.0214111
-3.930656e-008	0.0250244
-3.928156e-008	0.0314209
-3.925656e-008	0.0229004
-3.923156e-008	0.0249268
-3.920656e-008	0.0246826
-3.918156e-008	0.0145752
-3.915656e-008	0.0254883
-3.913156e-008	0.0278809
-3.910656e-008	0.0052002
-3.908156e-008	0.00200196
-3.905656e-008	0.0167969
-3.903156e-008	0.022168
-3.900656e-008	0.024292
-3.898156e-008	0.0208008
-3.895656e-008	0.0206543
-3.893156e-008	0.0326416
-3.890656e-008	0.025293
-3.888156e-008	0.0121338
-3.885656e-008	0.0202881
-3.883156e-008	0.0233154
-3.880656e-008	0.0212891
-3.878156e-008	0.0208008
-3.875656e-008	0.0161621
-3.873156e-008	0.0193848
-3.870656e-008	0.0229981
-3.868156e-008	0.0270508
-3.865656e-008	0.0258545
-3.863156e-008	0.0161621
-3.860656e-008	0.0198486
-3.858156e-008	0.0239258
-3.855656e-008	0.0209229
-3.853156e-008	0.0156738
-3.850656e-008	0.0146484
-3.848156e-008	0.0192871
-3.845656e-008	0.0140625
-3.843156e-008	0.0158936
-3.840656e-008	0.0202393
-3.838156e-008	0.0212647
-3.835656e-008	0.0273193
-3.833156e-008	0.0208496
-3.830656e-008	0.013794
-3.828156e-008	0.0130859
-3.825656e-008	0.0159912
-3.823156e-008	0.0251953
-3.820656e-008	0.0219727
-3.818156e-008	0.00720216
-3.815656e-008	0.00603028
-3.813156e-008	0.0216065
-3.810656e-008	0.0269775
-3.808156e-008	0.0205811
-3.805656e-008	0.0173096
-3.803156e-008	0.0201416
-3.800656e-008	0.0322022
-3.798156e-008	0.0291748
-3.795656e-008	0.013208
-3.793156e-008	0.0195557
-3.790656e-008	0.0253906
-3.788156e-008	0.0143066
-3.785656e-008	0.0134522
-3.783156e-008	0.014209
-3.780656e-008	0.0106201
-3.778156e-008	0.0174561
-3.775656e-008	0.0257813
-3.773156e-008	0.0287598
-3.770656e-008	0.0227295
-3.768156e-008	0.0133057
-3.765656e-008	0.0122803
-3.763156e-008	0.0200684
-3.760656e-008	0.0331299
-3.758156e-008	0.0295654
-3.755656e-008	0.0130127
-3.753156e-008	0.0138428
-3.750656e-008	0.0264404
-3.748156e-008	0.0257813
-3.745656e-008	0.0180176
-3.743156e-008	0.0267822
-3.740656e-008	0.022168
-3.738156e-008	0.00280762
-3.735656e-008	0.0150879
-3.733156e-008	0.0212402
-3.730656e-008	0.017334
-3.728156e-008	0.0323975
-3.725656e-008	0.0268799
-3.723156e-008	0.0237061
-3.720656e-008	0.0282959
-3.718156e-008	0.012793
-3.715656e-008	0.0143311
-3.713156e-008	0.015918
-3.710656e-008	0.0101563
-3.708156e-008	0.0186279
-3.705656e-008	0.0109375
-3.703156e-008	0.00915528
-3.700656e-008	0.0240967
-3.698156e-008	0.0203369
-3.695656e-008	0.0168457
-3.693156e-008	0.0208008
-3.690656e-008	0.0186035
-3.688156e-008	0.0193848
-3.685656e-008	0.0188965
-3.683156e-008	0.0184082
-3.680656e-008	0.0238525
-3.678156e-008	0.0145996
-3.675656e-008	0.00739747
-3.673156e-008	0.0253906
-3.670656e-008	0.0280762
-3.668156e-008	0.0202149
-3.665656e-008	0.0258057
-3.663156e-008	0.0210449
-3.660656e-008	0.0102539
-3.658156e-008	0.00451661
-3.655656e-008	0.0100098
-3.653156e-008	0.0199219
-3.650656e-008	0.0151856
-3.648156e-008	0.0117676
-3.645656e-008	0.020874
-3.643156e-008	0.0340088
-3.640656e-008	0.0299561
-3.638156e-008	0.0131348
-3.635656e-008	0.0174316
-3.633156e-008	0.0279297
-3.630656e-008	0.0288818
-3.628156e-008	0.0253906
-3.625656e-008	0.0164307
-3.623156e-008	0.0227295
-3.620656e-008	0.0303711
-3.618156e-008	0.0180908
-3.615656e-008	0.0187744
-3.613156e-008	0.0276856
-3.610656e-008	0.0177002
-3.608156e-008	0.0194824
-3.605656e-008	0.0291504
-3.603156e-008	0.0148193
-3.600656e-008	0.012793
-3.598156e-008	0.0196777
-3.595656e-008	0.0139649
-3.593156e-008	0.0244873
-3.590656e-008	0.0277832
-3.588156e-008	0.0210693
-3.585656e-008	0.0193604
-3.583156e-008	0.0151856
-3.580656e-008	0.0299072
-3.578156e-008	0.0283936
-3.575656e-008	0.0133057
-3.573156e-008	0.0269287
-3.570656e-008	0.0238281
-3.568156e-008	0.00222169
-3.565656e-008	0.00510255
-3.563156e-008	0.0239502
-3.560656e-008	0.0311768
-3.558156e-008	0.0245361
-3.555656e-008	0.0140381
-3.553156e-008	0.012793
-3.550656e-008	0.0271729
-3.548156e-008	0.024292
-3.545656e-008	0.0156982
-3.543156e-008	0.0255615
-3.540656e-008	0.016333
-3.538156e-008	-0.00156249
-3.535656e-008	0.0112549
-3.533156e-008	0.0255859
-3.530656e-008	0.0149902
-3.528156e-008	0.0195313
-3.525656e-008	0.0271729
-3.523156e-008	0.0180908
-3.520656e-008	0.0241699
-3.518156e-008	0.0106445
-3.515656e-008	0.00500489
-3.513156e-008	0.0311279
-3.510656e-008	0.0153076
-3.508156e-008	0.00661622
-3.505656e-008	0.026294
-3.503156e-008	0.0184815
-3.500656e-008	0.016333
-3.498156e-008	0.0271729
-3.495656e-008	0.0265381
-3.493156e-008	0.0192627
-3.490656e-008	0.0176514
-3.488156e-008	0.0197266
-3.485656e-008	0.0147217
-3.483156e-008	0.0272461
-3.480656e-008	0.0468262
-3.478156e-008	0.0260498
-3.475656e-008	-0.0034912
-3.473156e-008	0.00361329
-3.470656e-008	0.0142822
-3.468156e-008	0.0131836
-3.465656e-008	0.0181641
-3.463156e-008	0.0188477
-3.460656e-008	0.0210205
-3.458156e-008	0.0182373
-3.455656e-008	0.00786134
-3.453156e-008	0.0215576
-3.450656e-008	0.0303467
-3.448156e-008	0.0115479
-3.445656e-008	0.00671387
-3.443156e-008	0.0210938
-3.440656e-008	0.0255859
-3.438156e-008	0.0227051
-3.435656e-008	0.0198975
-3.433156e-008	0.0126953
-3.430656e-008	0.0160156
-3.428156e-008	0.0229736
-3.425656e-008	0.0121826
-3.423156e-008	0.00383302
-3.420656e-008	0.0108887
-3.418156e-008	0.0118897
-3.415656e-008	0.0188965
-3.413156e-008	0.032666
-3.410656e-008	0.0186279
-3.408156e-008	0.0158936
-3.405656e-008	0.0321533
-3.403156e-008	0.0305176
-3.400656e-008	0.0234375
-3.398156e-008	0.00524903
-3.395656e-008	0.00373536
-3.393156e-008	0.0233887
-3.390656e-008	0.0200684
-3.388156e-008	0.0171143
-3.385656e-008	0.0248291
-3.383156e-008	0.0303711
-3.380656e-008	0.0390137
-3.378156e-008	0.0317139
-3.375656e-008	0.011377
-3.373156e-008	0.0123047
-3.370656e-008	0.0190918
-3.368156e-008	0.0197998
-3.365656e-008	0.0227051
-3.363156e-008	0.0220215
-3.360656e-008	0.0258545
-3.358156e-008	0.0127441
-3.355656e-008	0.0104004
-3.353156e-008	0.0324707
-3.350656e-008	0.0182861
-3.348156e-008	0.00754395
-3.345656e-008	0.0225586
-3.343156e-008	0.0300537
-3.340656e-008	0.0272949
-3.338156e-008	0.0185303
-3.335656e-008	0.0211426
-3.333156e-008	0.0219238
-3.330656e-008	0.0254883
-3.328156e-008	0.0275635
-3.325656e-008	0.0150879
-3.323156e-008	0.0242432
-3.320656e-008	0.0281983
-3.318156e-008	0.00561524
-3.315656e-008	0.00437012
-3.313156e-008	0.0224365
-3.310656e-008	0.0224854
-3.308156e-008	0.00690919
-3.305656e-008	0.00471192
-3.303156e-008	0.0188721
-3.300656e-008	0.0314209
-3.298156e-008	0.0347656
-3.295656e-008	0.0331299
-3.293156e-008	0.0334229
-3.290656e-008	0.0281006
-3.288156e-008	0.00722657
-3.285656e-008	-0.00134277
-3.283156e-008	0.0209473
-3.280656e-008	0.0337158
-3.278156e-008	0.0282715
-3.275656e-008	0.0239746
-3.273156e-008	0.0164307
-3.270656e-008	0.021167
-3.268156e-008	0.0193848
-3.265656e-008	0.00283204
-3.263156e-008	0.0182617
-3.260656e-008	0.0284424
-3.258156e-008	0.00646973
-3.255656e-008	0.00756837
-3.253156e-008	0.0236328
-3.250656e-008	0.0210938
-3.248156e-008	0.0151367
-3.245656e-008	0.0178223
-3.243156e-008	0.0239502
-3.240656e-008	0.0251465
-3.238156e-008	0.0101074
-3.235656e-008	0.0057129
-3.233156e-008	0.0217285
-3.230656e-008	0.0199463
-3.228156e-008	0.022876
-3.225656e-008	0.0360352
-3.223156e-008	0.0314453
-3.220656e-008	0.0280518
-3.218156e-008	0.0274902
-3.215656e-008	0.0211182
-3.213156e-008	0.0122315
-3.210656e-008	0.0163818
-3.208156e-008	0.0273438
-3.205656e-008	0.0256836
-3.203156e-008	0.028833
-3.200656e-008	0.017749
-3.198156e-008	-0.00332031
-3.195656e-008	0.018042
-3.193156e-008	0.0424561
-3.190656e-008	0.0273926
-3.188156e-008	0.0172852
-3.185656e-008	0.0187012
-3.183156e-008	0.0083252
-3.180656e-008	0.00715333
-3.178156e-008	0.0118897
-3.175656e-008	0.0163818
-3.173156e-008	0.0267578
-3.170656e-008	0.0227295
-3.168156e-008	0.0175293
-3.165656e-008	0.0156006
-3.163156e-008	0.0123779
-3.160656e-008	0.025293
-3.158156e-008	0.0153809
-3.155656e-008	-0.0019287
-3.153156e-008	0.0201172
-3.150656e-008	0.0212647
-3.148156e-008	0.00583497
-3.145656e-008	0.0179199
-3.143156e-008	0.0253174
-3.140656e-008	0.0251953
-3.138156e-008	0.0153809
-3.135656e-008	0.00598145
-3.133156e-008	0.0166748
-3.130656e-008	0.0186279
-3.128156e-008	0.0241455
-3.125656e-008	0.0392334
-3.123156e-008	0.0361572
-3.120656e-008	0.0227295
-3.118156e-008	0.005542
-3.115656e-008	0.00183106
-3.113156e-008	0.0231934
-3.110656e-008	0.0354492
-3.108156e-008	0.0242432
-3.105656e-008	0.020166
-3.103156e-008	0.0280029
-3.100656e-008	0.0175781
-3.098156e-008	0.00834962
-3.095656e-008	0.0187012
-3.093156e-008	0.0178223
-3.090656e-008	0.0193359
-3.088156e-008	0.0261231
-3.085656e-008	0.0145996
-3.083156e-008	0.0151367
-3.080656e-008	0.020459
-3.078156e-008	0.0165527
-3.075656e-008	0.027124
-3.073156e-008	0.0213379
-3.070656e-008	0.015625
-3.068156e-008	0.0404053
-3.065656e-008	0.0312256
-3.063156e-008	0.00939942
-3.060656e-008	0.0217529
-3.058156e-008	0.0209961
-3.055656e-008	0.0124268
-3.053156e-008	0.0108643
-3.050656e-008	0.00578614
-3.048156e-008	0.013794
-3.045656e-008	0.0186279
-3.043156e-008	0.0217285
-3.040656e-008	0.0339111
-3.038156e-008	0.026416
-3.035656e-008	0.0170166
-3.033156e-008	0.0175049
-3.030656e-008	0.00830079
-3.028156e-008	0.0132568
-3.025656e-008	0.0279053
-3.023156e-008	0.0287598
-3.020656e-008	0.0239258
-3.018156e-008	0.0161865
-3.015656e-008	0.0183594
-3.013156e-008	0.0207275
-3.010656e-008	0.0155518
-3.008156e-008	0.0288818
-3.005656e-008	0.0350098
-3.003156e-008	0.0209229
-3.000656e-008	0.0243897
-2.998156e-008	0.031543
-2.995656e-008	0.0221191
-2.993156e-008	0.0175293
-2.990656e-008	0.0151856
-2.988156e-008	0.00891114
-2.985656e-008	0.0138672
-2.983156e-008	0.0265869
-2.980656e-008	0.0294678
-2.978156e-008	0.0185303
-2.975656e-008	0.0177734
-2.973156e-008	0.0309326
-2.970656e-008	0.0341797
-2.968156e-008	0.0319824
-2.965656e-008	0.0272461
-2.963156e-008	0.029126
-2.960656e-008	0.0294678
-2.958156e-008	0.00908204
-2.955656e-008	0.0152832
-2.953156e-008	0.0308594
-2.950656e-008	0.0125
-2.948156e-008	0.011792
-2.945656e-008	0.023877
-2.943156e-008	0.0217774
-2.940656e-008	0.0161865
-2.938156e-008	0.00769044
-2.935656e-008	0.0126465
-2.933156e-008	0.0177002
-2.930656e-008	0.0196533
-2.928156e-008	0.0326172
-2.925656e-008	0.0331299
-2.923156e-008	0.030127
-2.920656e-008	0.0334961
-2.918156e-008	0.0297363
-2.915656e-008	0.0241211
-2.913156e-008	0.0209717
-2.910656e-008	0.0218018
-2.908156e-008	0.0182861
-2.905656e-008	0.00686036
-2.903156e-008	0.00947266
-2.900656e-008	0.0177246
-2.898156e-008	0.00991212
-2.895656e-008	0.0136719
-2.893156e-008	0.0287598
-2.890656e-008	0.028833
-2.888156e-008	0.0253662
-2.885656e-008	0.0205078
-2.883156e-008	0.0164063
-2.880656e-008	0.0178955
-2.878156e-008	0.0222656
-2.875656e-008	0.0256104
-2.873156e-008	0.0180908
-2.870656e-008	0.0145264
-2.868156e-008	0.0212402
-2.865656e-008	0.025708
-2.863156e-008	0.0290039
-2.860656e-008	0.0298828
-2.858156e-008	0.0142578
-2.855656e-008	0.00019532
-2.853156e-008	0.0175293
-2.850656e-008	0.030835
-2.848156e-008	0.0231934
-2.845656e-008	0.0193848
-2.843156e-008	0.0164551
-2.840656e-008	0.0169434
-2.838156e-008	0.0223633
-2.835656e-008	0.019458
-2.833156e-008	0.0125977
-2.830656e-008	0.0152832
-2.828156e-008	0.0193115
-2.825656e-008	0.0175049
-2.823156e-008	0.0178467
-2.820656e-008	0.0264649
-2.818156e-008	0.0290527
-2.815656e-008	0.0145508
-2.813156e-008	0.0150879
-2.810656e-008	0.016919
-2.808156e-008	0.0134522
-2.805656e-008	0.0273438
-2.803156e-008	0.0213623
-2.800656e-008	0.021167
-2.798156e-008	0.0291748
-2.795656e-008	0.0139404
-2.793156e-008	0.0205322
-2.790656e-008	0.0231201
-2.788156e-008	0.0141357
-2.785656e-008	0.0227783
-2.783156e-008	0.0235352
-2.780656e-008	0.0228027
-2.778156e-008	0.0157471
-2.775656e-008	0.00915528
-2.773156e-008	0.0209961
-2.770656e-008	0.0238281
-2.768156e-008	0.0267334
-2.765656e-008	0.0267822
-2.763156e-008	0.0141357
-2.760656e-008	0.0135986
-2.758156e-008	0.00461427
-2.755656e-008	-0.00131835
-2.753156e-008	0.0208252
-2.750656e-008	0.030127
-2.748156e-008	0.0252686
-2.745656e-008	0.0222412
-2.743156e-008	0.00996095
-2.740656e-008	0.00729981
-2.738156e-008	0.0218262
-2.735656e-008	0.0205811
-2.733156e-008	0.0235352
-2.730656e-008	0.0388428
-2.728156e-008	0.00817872
-2.725656e-008	-0.0105713
-2.723156e-008	0.0228272
-2.720656e-008	0.0289795
-2.718156e-008	0.0165772
-2.715656e-008	0.0139893
-2.713156e-008	0.0109375
-2.710656e-008	0.00874024
-2.708156e-008	0.0164551
-2.705656e-008	0.0286377
-2.703156e-008	0.0169678
-2.700656e-008	0.00893555
-2.698156e-008	0.0239502
-2.695656e-008	0.0294678
-2.693156e-008	0.0223145
-2.690656e-008	0.0217285
-2.688156e-008	0.0216797
-2.685656e-008	0.015625
-2.683156e-008	0.0209473
-2.680656e-008	0.0280762
-2.678156e-008	0.0318604
-2.675656e-008	0.0296875
-2.673156e-008	0.00932618
-2.670656e-008	0.00285645
-2.668156e-008	0.0227783
-2.665656e-008	0.031543
-2.663156e-008	0.0198242
-2.660656e-008	0.0164795
-2.658156e-008	0.0178711
-2.655656e-008	0.0149902
-2.653156e-008	0.026001
-2.650656e-008	0.0360596
-2.648156e-008	0.0292481
-2.645656e-008	0.0172119
-2.643156e-008	0.0197998
-2.640656e-008	0.0285156
-2.638156e-008	0.0171631
-2.635656e-008	0.0151123
-2.633156e-008	0.0278565
-2.630656e-008	0.023584
-2.628156e-008	0.0162842
-2.625656e-008	0.0169434
-2.623156e-008	0.0252441
-2.620656e-008	0.0268311
-2.618156e-008	0.0122559
-2.615656e-008	0.0129639
-2.613156e-008	0.0229248
-2.610656e-008	0.0184082
-2.608156e-008	0.0179443
-2.605656e-008	0.0228027
-2.603156e-008	0.0192139
-2.600656e-008	0.0176025
-2.598156e-008	0.0138672
-2.595656e-008	0.0076172
-2.593156e-008	0.0191162
-2.590656e-008	0.0302246
-2.588156e-008	0.0253662
-2.585656e-008	0.0192627
-2.583156e-008	0.017334
-2.580656e-008	0.0205322
-2.578156e-008	0.0134766
-2.575656e-008	-0.00129394
-2.573156e-008	0.00859376
-2.570656e-008	0.0206055
-2.568156e-008	0.0112549
-2.565656e-008	0.0156982
-2.563156e-008	0.0240967
-2.560656e-008	0.0157471
-2.558156e-008	0.00427247
-2.555656e-008	0.00327149
-2.553156e-008	0.0170166
-2.550656e-008	0.0199219
-2.548156e-008	0.0294434
-2.545656e-008	0.0413574
-2.543156e-008	0.0164307
-2.540656e-008	0.0069336
-2.538156e-008	0.0210449
-2.535656e-008	0.0116699
-2.533156e-008	0.00959473
-2.530656e-008	0.024292
-2.528156e-008	0.0166016
-2.525656e-008	0.00947266
-2.523156e-008	0.0208984
-2.520656e-008	0.0204102
-2.518156e-008	0.0172852
-2.515656e-008	0.0242676
-2.513156e-008	0.026709
-2.510656e-008	0.0175781
-2.508156e-008	0.00905762
-2.505656e-008	0.00939942
-2.503156e-008	0.0122315
-2.500656e-008	0.0189941
-2.498156e-008	0.0202149
-2.495656e-008	0.0162598
-2.493156e-008	0.0197754
-2.490656e-008	0.023169
-2.488156e-008	0.00751954
-2.485656e-008	-0.00842284
-2.483156e-008	0.0116211
-2.480656e-008	0.0257324
-2.478156e-008	0.00424805
-2.475656e-008	0.00239259
-2.473156e-008	0.0259033
-2.470656e-008	0.0285156
-2.468156e-008	0.0279297
-2.465656e-008	0.0305908
-2.463156e-008	0.0186279
-2.460656e-008	0.021582
-2.458156e-008	0.0200928
-2.455656e-008	0.0109375
-2.453156e-008	0.0186524
-2.450656e-008	0.0138916
-2.448156e-008	0.0149658
-2.445656e-008	0.0253174
-2.443156e-008	0.0208984
-2.440656e-008	0.0168701
-2.438156e-008	0.00598145
-2.435656e-008	-0.0012207
-2.433156e-008	0.0169678
-2.430656e-008	0.024707
-2.428156e-008	0.00800782
-2.425656e-008	0.00935059
-2.423156e-008	0.0246582
-2.420656e-008	0.0265381
-2.418156e-008	0.019043
-2.415656e-008	0.00976563
-2.413156e-008	0.014502
-2.410656e-008	0.0247803
-2.408156e-008	0.0250733
-2.405656e-008	0.0217285
-2.403156e-008	0.0175049
-2.400656e-008	0.0176514
-2.398156e-008	0.0205322
-2.395656e-008	0.0203857
-2.393156e-008	0.0194092
-2.390656e-008	0.0235352
-2.388156e-008	0.0136231
-2.385656e-008	0.000512703
-2.383156e-008	0.0211426
-2.380656e-008	0.0260742
-2.378156e-008	0.0058838
-2.375656e-008	0.0143799
-2.373156e-008	0.0251221
-2.370656e-008	0.0198731
-2.368156e-008	0.0198486
-2.365656e-008	0.0195313
-2.363156e-008	0.0204346
-2.360656e-008	0.0299316
-2.358156e-008	0.0361328
-2.355656e-008	0.0365723
-2.353156e-008	0.0220947
-2.350656e-008	0.00517579
-2.348156e-008	0.020752
-2.345656e-008	0.0253174
-2.343156e-008	0.0115234
-2.340656e-008	0.00932618
-2.338156e-008	0.0069336
-2.335656e-008	0.0246582
-2.333156e-008	0.0340576
-2.330656e-008	0.0259522
-2.328156e-008	0.030835
-2.325656e-008	0.021875
-2.323156e-008	0.0204102
-2.320656e-008	0.0343994
-2.318156e-008	0.0191406
-2.315656e-008	0.00422364
-2.313156e-008	0.0170899
-2.310656e-008	0.023584
-2.308156e-008	0.0286621
-2.305656e-008	0.0239258
-2.303156e-008	0.0128418
-2.300656e-008	0.0312744
-2.298156e-008	0.0226807
-2.295656e-008	-0.000781243
-2.293156e-008	0.0116455
-2.290656e-008	0.0166016
-2.288156e-008	0.0204834
-2.285656e-008	0.0256348
-2.283156e-008	0.0185059
-2.280656e-008	0.0215088
-2.278156e-008	0.021875
-2.275656e-008	0.0148682
-2.273156e-008	0.0194824
-2.270656e-008	0.030835
-2.268156e-008	0.0376709
-2.265656e-008	0.0285645
-2.263156e-008	0.00864259
-2.260656e-008	0.00825196
-2.258156e-008	0.0178711
-2.255656e-008	0.022583
-2.253156e-008	0.0285156
-2.250656e-008	0.0239746
-2.248156e-008	0.0190674
-2.245656e-008	0.0182617
-2.243156e-008	0.0227051
-2.240656e-008	0.0268555
-2.238156e-008	0.00795899
-2.235656e-008	0.00690919
-2.233156e-008	0.0263184
-2.230656e-008	0.0278076
-2.228156e-008	0.0337158
-2.225656e-008	0.0212402
-2.223156e-008	-0.000488274
-2.220656e-008	0.0137207
-2.218156e-008	0.0180908
-2.215656e-008	0.0198731
-2.213156e-008	0.0308594
-2.210656e-008	0.0215332
-2.208156e-008	0.0239746
-2.205656e-008	0.0263672
-2.203156e-008	0.0206543
-2.200656e-008	0.0275635
-2.198156e-008	0.0273438
-2.195656e-008	0.0248047
-2.193156e-008	0.0210449
-2.190656e-008	0.0271729
-2.188156e-008	0.035376
-2.185656e-008	0.0135254
-2.183156e-008	0.0143799
-2.180656e-008	0.0394775
-2.178156e-008	0.0218262
-2.175656e-008	0.00141602
-2.173156e-008	0.0279541
-2.170656e-008	0.0450684
-2.168156e-008	0.0286377
-2.165656e-008	0.0222656
-2.163156e-008	0.017749
-2.160656e-008	0.014502
-2.158156e-008	0.0304688
-2.155656e-008	0.0313965
-2.153156e-008	0.0074463
-2.150656e-008	0.00385743
-2.148156e-008	0.0283203
-2.145656e-008	0.0244385
-2.143156e-008	0.0101074
-2.140656e-008	0.0225098
-2.138156e-008	0.0171875
-2.135656e-008	0.0144531
-2.133156e-008	0.034082
-2.130656e-008	0.0353027
-2.128156e-008	0.0227295
-2.125656e-008	0.0164795
-2.123156e-008	0.0258301
-2.120656e-008	0.0260498
-2.118156e-008	0.0108887
-2.115656e-008	0.0175781
-2.113156e-008	0.0231201
-2.110656e-008	0.0161621
-2.108156e-008	0.021582
-2.105656e-008	0.016626
-2.103156e-008	0.0144287
-2.100656e-008	0.0219238
-2.098156e-008	0.0102783
-2.095656e-008	0.00847169
-2.093156e-008	0.0149414
-2.090656e-008	0.0163574
-2.088156e-008	0.0222168
-2.085656e-008	0.0124268
-2.083156e-008	0.00612794
-2.080656e-008	0.0153076
-2.078156e-008	0.0304443
-2.075656e-008	0.0435303
-2.073156e-008	0.0223145
-2.070656e-008	0.00354005
-2.068156e-008	0.0166504
-2.065656e-008	0.0195068
-2.063156e-008	0.0176758
-2.060656e-008	0.0229492
-2.058156e-008	0.0223877
-2.055656e-008	0.028125
-2.053156e-008	0.0303711
-2.050656e-008	0.0188965
-2.048156e-008	0.0271484
-2.045656e-008	0.0358154
-2.043156e-008	0.0197754
-2.040656e-008	0.0169678
-2.038156e-008	0.00920411
-2.035656e-008	-0.00302734
-2.033156e-008	0.017627
-2.030656e-008	0.0314209
-2.028156e-008	0.0248047
-2.025656e-008	0.0154297
-2.023156e-008	0.0105713
-2.020656e-008	0.0213867
-2.018156e-008	0.026001
-2.015656e-008	0.0242676
-2.013156e-008	0.0246826
-2.010656e-008	0.0178467
-2.008156e-008	0.0156006
-2.005656e-008	0.0177246
-2.003156e-008	0.0249512
-2.000656e-008	0.0338623
-1.998156e-008	0.0258789
-1.995656e-008	0.016626
-1.993156e-008	0.0163086
-1.990656e-008	0.0198975
-1.988156e-008	0.0271729
-1.985656e-008	0.0245606
-1.983156e-008	0.0206055
-1.980656e-008	0.0216309
-1.978156e-008	0.0208496
-1.975656e-008	0.0277832
-1.973156e-008	0.0304443
-1.970656e-008	0.0183838
-1.968156e-008	0.0155762
-1.965656e-008	0.0202637
-1.963156e-008	0.0153809
-1.960656e-008	0.0294922
-1.958156e-008	0.0431152
-1.955656e-008	0.0242188
-1.953156e-008	0.024585
-1.950656e-008	0.0350098
-1.948156e-008	0.029419
-1.945656e-008	0.0241943
-1.943156e-008	0.0196533
-1.940656e-008	0.0239502
-1.938156e-008	0.0179688
-1.935656e-008	0.0123047
-1.933156e-008	0.0182861
-1.930656e-008	0.0141846
-1.928156e-008	0.0192139
-1.925656e-008	0.0246826
-1.923156e-008	0.022583
-1.920656e-008	0.0197998
-1.918156e-008	0.0119385
-1.915656e-008	0.0169922
-1.913156e-008	0.0174805
-1.910656e-008	0.00373536
-1.908156e-008	0.00925294
-1.905656e-008	0.0227295
-1.903156e-008	0.023584
-1.900656e-008	0.0236572
-1.898156e-008	0.0232178
-1.895656e-008	0.0256592
-1.893156e-008	0.025708
-1.890656e-008	0.0181397
-1.888156e-008	0.0260986
-1.885656e-008	0.0261963
-1.883156e-008	0.0109131
-1.880656e-008	0.0188965
-1.878156e-008	0.0241943
-1.875656e-008	0.0147949
-1.873156e-008	0.0166504
-1.870656e-008	0.0224854
-1.868156e-008	0.0243652
-1.865656e-008	0.0149658
-1.863156e-008	0.0103027
-1.860656e-008	0.0268555
-1.858156e-008	0.0214844
-1.855656e-008	0.00861817
-1.853156e-008	0.0295166
-1.850656e-008	0.030957
-1.848156e-008	0.0153809
-1.845656e-008	0.0151611
-1.843156e-008	0.0163818
-1.840656e-008	0.0250977
-1.838156e-008	0.0206787
-1.835656e-008	0.017041
-1.833156e-008	0.0134277
-1.830656e-008	0.00180665
-1.828156e-008	0.0244629
-1.825656e-008	0.0267334
-1.823156e-008	0.0134522
-1.820656e-008	0.0258057
-1.818156e-008	0.0191162
-1.815656e-008	0.0166992
-1.813156e-008	0.0226318
-1.810656e-008	0.0140869
-1.808156e-008	0.0114014
-1.805656e-008	0.0200684
-1.803156e-008	0.0294678
-1.800656e-008	0.025
-1.798156e-008	0.0186524
-1.795656e-008	0.0190918
-1.793156e-008	0.0173096
-1.790656e-008	0.0168457
-1.788156e-008	0.0255859
-1.785656e-008	0.032544
-1.783156e-008	0.0267334
-1.780656e-008	0.0292725
-1.778156e-008	0.0315918
-1.775656e-008	0.0185791
-1.773156e-008	0.0156006
-1.770656e-008	0.0226318
-1.768156e-008	0.0176758
-1.765656e-008	0.0104248
-1.763156e-008	0.0215088
-1.760656e-008	0.0322022
-1.758156e-008	0.034375
-1.755656e-008	0.0340332
-1.753156e-008	0.0259277
-1.750656e-008	0.030127
-1.748156e-008	0.0303955
-1.745656e-008	0.0121826
-1.743156e-008	0.0182861
-1.740656e-008	0.0237793
-1.738156e-008	0.0072754
-1.735656e-008	0.0134522
-1.733156e-008	0.0131104
-1.730656e-008	0.00581055
-1.728156e-008	0.0226318
-1.725656e-008	0.0209229
-1.723156e-008	0.0233399
-1.720656e-008	0.0333496
-1.718156e-008	0.0176758
-1.715656e-008	0.0152344
-1.713156e-008	0.0162598
-1.710656e-008	0.0113525
-1.708156e-008	0.0176514
-1.705656e-008	0.0179932
-1.703156e-008	0.0213867
-1.700656e-008	0.0255859
-1.698156e-008	0.0144531
-1.695656e-008	0.0108643
-1.693156e-008	0.0224121
-1.690656e-008	0.0204346
-1.688156e-008	0.0195801
-1.685656e-008	0.0319824
-1.683156e-008	0.0283447
-1.680656e-008	0.0282959
-1.678156e-008	0.031665
-1.675656e-008	0.0229248
-1.673156e-008	0.0210449
-1.670656e-008	0.0175049
-1.668156e-008	0.025293
-1.665656e-008	0.0298096
-1.663156e-008	0.0234375
-1.660656e-008	0.0326172
-1.658156e-008	0.0151367
-1.655656e-008	9.76637e-005
-1.653156e-008	0.0182129
-1.650656e-008	0.0225342
-1.648156e-008	0.0189697
-1.645656e-008	0.0135986
-1.643156e-008	0.0179932
-1.640656e-008	0.0248291
-1.638156e-008	0.0211182
-1.635656e-008	0.0296387
-1.633156e-008	0.0273682
-1.630656e-008	0.0124024
-1.628156e-008	0.0117432
-1.625656e-008	0.02146
-1.623156e-008	0.0200684
-1.620656e-008	0.0104492
-1.618156e-008	0.0252441
-1.615656e-008	0.0331543
-1.613156e-008	0.0177002
-1.610656e-008	0.0213379
-1.608156e-008	0.0242432
-1.605656e-008	0.0197022
-1.603156e-008	0.0332031
-1.600656e-008	0.0253174
-1.598156e-008	0.00209962
-1.595656e-008	0.00957032
-1.593156e-008	0.0161865
-1.590656e-008	0.0125488
-1.588156e-008	0.0107422
-1.585656e-008	0.0103516
-1.583156e-008	0.026001
-1.580656e-008	0.025708
-1.578156e-008	0.0128906
-1.575656e-008	0.0183594
-1.573156e-008	0.0224609
-1.570656e-008	0.0238037
-1.568156e-008	0.0248047
-1.565656e-008	0.0254395
-1.563156e-008	0.0293213
-1.560656e-008	0.0253662
-1.558156e-008	0.00764161
-1.555656e-008	0.00312501
-1.553156e-008	0.0254883
-1.550656e-008	0.0254883
-1.548156e-008	0.00812989
-1.545656e-008	0.00771485
-1.543156e-008	0.0138672
-1.540656e-008	0.0258057
-1.538156e-008	0.0306397
-1.535656e-008	0.032666
-1.533156e-008	0.0280518
-1.530656e-008	0.0123047
-1.528156e-008	0.0158691
-1.525656e-008	0.0194092
-1.523156e-008	0.0225098
-1.520656e-008	0.0344727
-1.518156e-008	0.0263184
-1.515656e-008	0.0130371
-1.513156e-008	0.0112061
-1.510656e-008	0.0165772
-1.508156e-008	0.0204834
-1.505656e-008	0.0135742
-1.503156e-008	0.0147461
-1.500656e-008	0.0261719
-1.498156e-008	0.0247803
-1.495656e-008	0.0168945
-1.493156e-008	0.0222412
-1.490656e-008	0.0298828
-1.488156e-008	0.0180664
-1.485656e-008	0.00732423
-1.483156e-008	0.0176514
-1.480656e-008	0.0165527
-1.478156e-008	0.00407716
-1.475656e-008	0.012207
-1.473156e-008	0.0235107
-1.470656e-008	0.0256836
-1.468156e-008	0.0181641
-1.465656e-008	0.00456544
-1.463156e-008	0.0179199
-1.460656e-008	0.032959
-1.458156e-008	0.0214844
-1.455656e-008	0.0176758
-1.453156e-008	0.0231201
-1.450656e-008	0.0243652
-1.448156e-008	0.012915
-1.445656e-008	0.00529786
-1.443156e-008	0.025708
-1.440656e-008	0.028125
-1.438156e-008	0.0117676
-1.435656e-008	0.0164307
-1.433156e-008	0.0190186
-1.430656e-008	0.0165527
-1.428156e-008	0.0203125
-1.425656e-008	0.0229981
-1.423156e-008	0.0242676
-1.420656e-008	0.0198731
-1.418156e-008	0.0120117
-1.415656e-008	0.0131348
-1.413156e-008	0.023291
-1.410656e-008	0.0226807
-1.408156e-008	0.00947266
-1.405656e-008	0.010083
-1.403156e-008	0.0263428
-1.400656e-008	0.0295166
-1.398156e-008	0.0137207
-1.395656e-008	0.00261231
-1.393156e-008	0.0159912
-1.390656e-008	0.0343262
-1.388156e-008	0.0287109
-1.385656e-008	0.0224854
-1.383156e-008	0.0206543
-1.380656e-008	0.0116943
-1.378156e-008	0.0125
-1.375656e-008	0.0220215
-1.373156e-008	0.0353516
-1.370656e-008	0.0327881
-1.368156e-008	0.0195557
-1.365656e-008	0.0218018
-1.363156e-008	0.0257813
-1.360656e-008	0.028833
-1.358156e-008	0.0243408
-1.355656e-008	0.0128906
-1.353156e-008	0.0189453
-1.350656e-008	0.0242432
-1.348156e-008	0.00979005
-1.345656e-008	0.0113037
-1.343156e-008	0.0330078
-1.340656e-008	0.0270752
-1.338156e-008	0.0105713
-1.335656e-008	0.0188477
-1.333156e-008	0.0241699
-1.330656e-008	0.0186035
-1.328156e-008	0.0181152
-1.325656e-008	0.0177246
-1.323156e-008	0.0246826
-1.320656e-008	0.028125
-1.318156e-008	0.00983887
-1.315656e-008	0.00600587
-1.313156e-008	0.0215332
-1.310656e-008	0.0243897
-1.308156e-008	0.0201416
-1.305656e-008	0.018335
-1.303156e-008	0.0172363
-1.300656e-008	0.0178711
-1.298156e-008	0.022168
-1.295656e-008	0.0196533
-1.293156e-008	0.0159668
-1.290656e-008	0.0185791
-1.288156e-008	0.0181641
-1.285656e-008	0.0222168
-1.283156e-008	0.0213867
-1.280656e-008	0.0165283
-1.278156e-008	0.01875
-1.275656e-008	0.0175781
-1.273156e-008	0.018457
-1.270656e-008	0.0198975
-1.268156e-008	0.0187012
-1.265656e-008	0.0138672
-1.263156e-008	0.0139893
-1.260656e-008	0.03125
-1.258156e-008	0.0333252
-1.255656e-008	0.020459
-1.253156e-008	0.0219971
-1.250656e-008	0.0191162
-1.248156e-008	0.0187256
-1.245656e-008	0.0279785
-1.243156e-008	0.0241943
-1.240656e-008	0.0233643
-1.238156e-008	0.0209473
-1.235656e-008	0.0197266
-1.233156e-008	0.0286377
-1.230656e-008	0.0227051
-1.228156e-008	0.0274902
-1.225656e-008	0.0311279
-1.223156e-008	0.0204834
-1.220656e-008	0.0231445
-1.218156e-008	0.0104736
-1.215656e-008	0.0110107
-1.213156e-008	0.0259033
-1.210656e-008	0.0131836
-1.208156e-008	0.0165283
-1.205656e-008	0.0250488
-1.203156e-008	0.0238037
-1.200656e-008	0.0308838
-1.198156e-008	0.023291
-1.195656e-008	0.0122559
-1.193156e-008	0.0174561
-1.190656e-008	0.0346191
-1.188156e-008	0.0369629
-1.185656e-008	0.0194092
-1.183156e-008	0.0263428
-1.180656e-008	0.0423096
-1.178156e-008	0.0259766
-1.175656e-008	0.00888673
-1.173156e-008	0.0173096
-1.170656e-008	0.0248291
-1.168156e-008	0.0251221
-1.165656e-008	0.0229004
-1.163156e-008	0.0187744
-1.160656e-008	0.0279785
-1.158156e-008	0.0276367
-1.155656e-008	0.0142334
-1.153156e-008	0.0153076
-1.150656e-008	0.0162598
-1.148156e-008	0.0216797
-1.145656e-008	0.0291016
-1.143156e-008	0.0268066
-1.140656e-008	0.026709
-1.138156e-008	0.017627
-1.135656e-008	0.0178467
-1.133156e-008	0.0216797
-1.130656e-008	0.00986329
-1.128156e-008	0.0218506
-1.125656e-008	0.0302979
-1.123156e-008	0.0182861
-1.120656e-008	0.0285645
-1.118156e-008	0.0365479
-1.115656e-008	0.0259766
-1.113156e-008	0.018042
-1.110656e-008	0.0158203
-1.108156e-008	0.0199219
-1.105656e-008	0.0221924
-1.103156e-008	0.0184082
-1.100656e-008	0.0158691
-1.098156e-008	0.0142334
-1.095656e-008	0.0179688
-1.093156e-008	0.0239258
-1.090656e-008	0.0237549
-1.088156e-008	0.0227295
-1.085656e-008	0.0171875
-1.083156e-008	0.0224854
-1.080656e-008	0.0402344
-1.078156e-008	0.0260498
-1.075656e-008	0.00231934
-1.073156e-008	0.0123779
-1.070656e-008	0.0204102
-1.068156e-008	0.016919
-1.065656e-008	0.015918
-1.063156e-008	0.00803223
-1.060656e-008	0.0129883
-1.058156e-008	0.0221924
-1.055656e-008	0.0208008
-1.053156e-008	0.0258057
-1.050656e-008	0.0183838
-1.048156e-008	0.00773927
-1.045656e-008	0.0136719
-1.043156e-008	0.0147461
-1.040656e-008	0.0162109
-1.038156e-008	0.0242676
-1.035656e-008	0.0244873
-1.033156e-008	0.0135986
-1.030656e-008	0.0191895
-1.028156e-008	0.0362793
-1.025656e-008	0.0155029
-1.023156e-008	0.00668946
-1.020656e-008	0.0293457
-1.018156e-008	0.0172363
-1.015656e-008	0.0138184
-1.013156e-008	0.0314209
-1.010656e-008	0.0232666
-1.008156e-008	0.0203125
-1.005656e-008	0.0247803
-1.003156e-008	0.0240479
-1.000656e-008	0.0191895
-9.981562e-009	0.00756837
-9.956562e-009	0.0192139
-9.931562e-009	0.0194824
-9.906562e-009	-0.000903313
-9.881562e-009	0.0214844
-9.856562e-009	0.0346436
-9.831562e-009	0.0175293
-9.806562e-009	0.021582
-9.781562e-009	0.0116455
-9.756562e-009	0.00112305
-9.731562e-009	0.0211914
-9.706562e-009	0.0287109
-9.681562e-009	0.0195313
-9.656562e-009	0.0101807
-9.631562e-009	0.0100098
-9.606562e-009	0.0219238
-9.581562e-009	0.0290527
-9.556562e-009	0.0246094
-9.531562e-009	0.00878907
-9.506562e-009	0.0143311
-9.481562e-009	0.0385742
-9.456562e-009	0.0280029
-9.431562e-009	0.020166
-9.406562e-009	0.0308594
-9.381562e-009	0.0122803
-9.356562e-009	0.0043213
-9.331562e-009	0.0233887
-9.306562e-009	0.0244141
-9.281562e-009	0.0163818
-9.256562e-009	0.0205078
-9.231562e-009	0.0268311
-9.206562e-009	0.027832
-9.181562e-009	0.0256592
-9.156562e-009	0.0201904
-9.131562e-009	0.0198486
-9.106562e-009	0.0226807
-9.081562e-009	0.0217285
-9.056562e-009	0.0238037
-9.031562e-009	0.0292969
-9.006562e-009	0.0396729
-8.981562e-009	0.0327149
-8.956562e-009	0.0110596
-8.931562e-009	0.012793
-8.906562e-009	0.0197998
-8.881562e-009	0.0273682
-8.856562e-009	0.034668
-8.831562e-009	0.0223145
-8.806562e-009	0.0196533
-8.781562e-009	0.0156006
-8.756562e-009	0.00546876
-8.731562e-009	0.0234131
-8.706562e-009	0.0272705
-8.681562e-009	0.0185303
-8.656562e-009	0.0269043
-8.631562e-009	0.0188965
-8.606562e-009	0.0203857
-8.581562e-009	0.0319824
-8.556562e-009	0.0230225
-8.531562e-009	0.0213623
-8.506562e-009	0.022583
-8.481562e-009	0.0204834
-8.456562e-009	0.0187988
-8.431562e-009	0.0182617
-8.406562e-009	0.0266846
-8.381562e-009	0.030957
-8.356562e-009	0.0242676
-8.331562e-009	0.0123779
-8.306562e-009	0.0148926
-8.281562e-009	0.0197754
-8.256562e-009	0.00795899
-8.231562e-009	0.0151367
-8.206562e-009	0.0251709
-8.181562e-009	0.00986329
-8.156562e-009	0.013208
-8.131562e-009	0.0288574
-8.106562e-009	0.0309082
-8.081562e-009	0.0378418
-8.056562e-009	0.0325684
-8.031562e-009	0.0201172
-8.006562e-009	0.0217285
-7.981562e-009	0.0216309
-7.956562e-009	0.021167
-7.931562e-009	0.0172119
-7.906562e-009	0.0177246
-7.881562e-009	0.0229004
-7.856562e-009	0.0163086
-7.831562e-009	0.0209961
-7.806562e-009	0.0264649
-7.781562e-009	0.0113037
-7.756562e-009	0.0060547
-7.731562e-009	0.0202881
-7.706562e-009	0.0287842
-7.681562e-009	0.0252441
-7.656562e-009	0.0185059
-7.631562e-009	0.014624
-7.606562e-009	0.0273926
-7.581562e-009	0.0370361
-7.556562e-009	0.0267578
-7.531562e-009	0.0257324
-7.506562e-009	0.0209229
-7.481562e-009	0.00942384
-7.456562e-009	0.0163574
-7.431562e-009	0.019165
-7.406562e-009	0.0155518
-7.381562e-009	0.0159424
-7.356562e-009	0.018335
-7.331562e-009	0.0227783
-7.306562e-009	0.0226807
-7.281562e-009	0.0272705
-7.256562e-009	0.0250244
-7.231562e-009	0.0206787
-7.206562e-009	0.0282227
-7.181562e-009	0.0170899
-7.156562e-009	0.0139893
-7.131562e-009	0.0285156
-7.106562e-009	0.0196045
-7.081562e-009	0.0173096
-7.056562e-009	0.0243164
-7.031562e-009	0.0245117
-7.006562e-009	0.0290039
-6.981562e-009	0.0207764
-6.956562e-009	0.0156738
-6.931562e-009	0.0140625
-6.906562e-009	0.00859376
-6.881562e-009	0.0243164
-6.856562e-009	0.0301514
-6.831562e-009	0.0235596
-6.806562e-009	0.0211426
-6.781562e-009	-0.000244133
-6.756562e-009	0.0039795
-6.731562e-009	0.026294
-6.706562e-009	0.0157715
-6.681562e-009	0.0219727
-6.656562e-009	0.0282471
-6.631562e-009	0.0188477
-6.606562e-009	0.0303223
-6.581562e-009	0.0195313
-6.556562e-009	0.00803223
-6.531562e-009	0.0160156
-6.506562e-009	0.00842286
-6.481562e-009	0.0104004
-6.456562e-009	0.0176025
-6.431562e-009	0.0252686
-6.406562e-009	0.0327149
-6.381562e-009	0.0178467
-6.356562e-009	0.00778809
-6.331562e-009	0.0136475
-6.306562e-009	0.0149658
-6.281562e-009	0.0136963
-6.256562e-009	0.0196533
-6.231562e-009	0.0303223
-6.206562e-009	0.0375244
-6.181562e-009	0.032666
-6.156562e-009	0.019458
-6.131562e-009	0.0197754
-6.106562e-009	0.0279785
-6.081562e-009	0.0248291
-6.056562e-009	0.0172607
-6.031562e-009	0.0150147
-6.006562e-009	0.0190186
-5.981562e-009	0.0211914
-5.956562e-009	0.0220459
-5.931562e-009	0.0235107
-5.906562e-009	0.0181152
-5.881562e-009	0.0196045
-5.856562e-009	0.023999
-5.831562e-009	0.023169
-5.806562e-009	0.024585
-5.781562e-009	0.00769044
-5.756562e-009	0.00217286
-5.731562e-009	0.0190186
-5.706562e-009	0.0147217
-5.681562e-009	0.0188477
-5.656562e-009	0.0273682
-5.631562e-009	0.0210205
-5.606562e-009	0.0240234
-5.581562e-009	0.0216553
-5.556562e-009	0.0181641
-5.531562e-009	0.0150879
-5.506562e-009	0.0147461
-5.481562e-009	0.0244141
-5.456562e-009	0.0160156
-5.431562e-009	0.0105469
-5.406562e-009	0.0189941
-5.381562e-009	0.0178955
-5.356562e-009	0.0178467
-5.331562e-009	0.0194336
-5.306562e-009	0.0216553
-5.281562e-009	0.0240234
-5.256562e-009	0.0230469
-5.231562e-009	0.023584
-5.206562e-009	0.0233643
-5.181562e-009	0.0239502
-5.156562e-009	0.0214111
-5.131562e-009	0.0214356
-5.106562e-009	0.0219727
-5.081562e-009	0.00976563
-5.056562e-009	0.00559083
-5.031562e-009	0.0133301
-5.006562e-009	0.0182129
-4.981562e-009	0.0148682
-4.956562e-009	0.0105469
-4.931562e-009	0.0190674
-4.906562e-009	0.0189453
-4.881562e-009	0.00661622
-4.856562e-009	0.00795899
-4.831562e-009	0.0192383
-4.806562e-009	0.0238037
-4.781562e-009	0.00773927
-4.756562e-009	-0.00126952
-4.731562e-009	0.023999
-4.706562e-009	0.0320068
-4.681562e-009	0.0177734
-4.656562e-009	0.0133545
-4.631562e-009	-0.00117187
-4.606562e-009	0.00922852
-4.581562e-009	0.0388672
-4.556562e-009	0.0264404
-4.531562e-009	0.0118652
-4.506562e-009	0.0139893
-4.481562e-009	0.0158936
-4.456562e-009	0.0246826
-4.431562e-009	0.0267822
-4.406562e-009	0.0237061
-4.381562e-009	0.0178223
-4.356562e-009	0.0150147
-4.331562e-009	0.0167969
-4.306562e-009	0.0125977
-4.281562e-009	0.0147949
-4.256562e-009	0.0299072
-4.231562e-009	0.0452881
-4.206562e-009	0.0272461
-4.181562e-009	0.000512703
-4.156562e-009	0.0180664
-4.131562e-009	0.028418
-4.106562e-009	0.0143555
-4.081562e-009	0.0128174
-4.056562e-009	0.0145508
-4.031562e-009	0.0272461
-4.006562e-009	0.0327149
-3.981562e-009	0.0226563
-3.956562e-009	0.0260986
-3.931562e-009	0.0192139
-3.906562e-009	0.0182861
-3.881562e-009	0.0310303
-3.856562e-009	0.0157715
-3.831562e-009	0.0116943
-3.806562e-009	0.0245606
-3.781562e-009	0.0191895
-3.756562e-009	0.0136963
-3.731562e-009	0.0122803
-3.706562e-009	0.0198975
-3.681562e-009	0.0259766
-3.656562e-009	0.015332
-3.631562e-009	0.0123047
-3.606562e-009	0.0158203
-3.581562e-009	0.0234131
-3.556562e-009	0.0388672
-3.531562e-009	0.0337402
-3.506562e-009	0.0162842
-3.481562e-009	0.0224609
-3.456562e-009	0.0334473
-3.431562e-009	0.0261719
-3.406562e-009	0.0141113
-3.381562e-009	0.00539552
-3.356562e-009	0.0143311
-3.331562e-009	0.0283936
-3.306562e-009	0.0246094
-3.281562e-009	0.0209717
-3.256562e-009	0.0211182
-3.231562e-009	0.029419
-3.206562e-009	0.03396
-3.181562e-009	0.012793
-3.156562e-009	0.0097168
-3.131562e-009	0.0281494
-3.106562e-009	0.0162354
-3.081562e-009	0.00454102
-3.056562e-009	0.0280762
-3.031562e-009	0.0270264
-3.006562e-009	0.0129639
-2.981562e-009	0.0314697
-2.956562e-009	0.0266113
-2.931562e-009	0.0155029
-2.906562e-009	0.0291992
-2.881562e-009	0.0285645
-2.856562e-009	0.0229981
-2.831562e-009	0.0133545
-2.806562e-009	0.0120117
-2.781562e-009	0.0305908
-2.756562e-009	0.0255371
-2.731562e-009	0.0160156
-2.706562e-009	0.0233154
-2.681562e-009	0.0106445
-2.656562e-009	0.00600587
-2.631562e-009	0.0278076
-2.606562e-009	0.0308838
-2.581562e-009	0.019165
-2.556562e-009	0.0139404
-2.531562e-009	0.0154541
-2.506562e-009	0.0198975
-2.481562e-009	0.0203369
-2.456562e-009	0.012085
-2.431562e-009	0.00371095
-2.406562e-009	0.020752
-2.381562e-009	0.0397705
-2.356562e-009	0.0314453
-2.331562e-009	0.0196533
-2.306562e-009	0.0186768
-2.281562e-009	0.0151123
-2.256562e-009	0.000903328
-2.231562e-009	0.0105469
-2.206562e-009	0.0228272
-2.181562e-009	-0.00046386
-2.156562e-009	0.00671387
-2.131562e-009	0.0244141
-2.106562e-009	0.0124512
-2.081562e-009	0.0266602
-2.056562e-009	0.0281494
-2.031562e-009	0.0105469
-2.006562e-009	0.0229492
-1.981562e-009	0.0222656
-1.956562e-009	0.0146729
-1.931562e-009	0.0246582
-1.906562e-009	0.0245117
-1.881562e-009	0.0148438
-1.856562e-009	0.0159668
-1.831562e-009	0.0249756
-1.806562e-009	0.0166748
-1.781562e-009	0.0101807
-1.756562e-009	0.0181885
-1.731562e-009	0.0187256
-1.706562e-009	0.0193359
-1.681562e-009	0.0124268
-1.656562e-009	0.00942384
-1.631562e-009	0.0256104
-1.606562e-009	0.0315918
-1.581562e-009	0.0297852
-1.556562e-009	0.0185059
-1.531562e-009	0.00532227
-1.506562e-009	0.0125977
-1.481562e-009	0.0151611
-1.456562e-009	0.0147705
-1.431562e-009	0.0265137
-1.406562e-009	0.0367188
-1.381562e-009	0.0278076
-1.356562e-009	0.010669
-1.331562e-009	0.0187744
-1.306562e-009	0.0345459
-1.281562e-009	0.0314941
-1.256562e-009	0.0113525
-1.231562e-009	0.00585938
-1.206562e-009	0.0281983
-1.181562e-009	0.0231201
-1.156562e-009	0.018335
-1.131562e-009	0.0420166
-1.106562e-009	0.0368897
-1.081562e-009	0.0218262
-1.056562e-009	0.0113037
-1.031562e-009	0.00961915
-1.006562e-009	0.0333008
-9.815625e-010	0.0319824
-9.565625e-010	0.0186279
-9.315625e-010	0.0247559
-9.065625e-010	0.0246094
-8.815625e-010	0.0264893
-8.565625e-010	0.025708
-8.315625e-010	0.0162598
-8.065625e-010	0.0175049
-7.815625e-010	0.0237549
-7.565625e-010	0.0307861
-7.315625e-010	0.033667
-7.065625e-010	0.023877
-6.815625e-010	0.0151123
-6.565625e-010	0.0147705
-6.315625e-010	0.0243408
-6.065625e-010	0.0337647
-5.815625e-010	0.018335
-5.565625e-010	0.00708009
-5.315625e-010	0.0258789
-5.065625e-010	0.0382813
-4.815625e-010	0.0304443
-4.565625e-010	0.0192383
-4.315625e-010	0.0161621
-4.065625e-010	0.0149902
-3.815625e-010	0.00488282
-3.565625e-010	0.00300294
-3.315625e-010	0.0151611
-3.065625e-010	0.00539552
-2.815625e-010	-0.0256836
-2.565625e-010	-0.0371338
-2.315625e-010	-0.0406982
-2.065625e-010	-0.0475342
-1.815625e-010	-0.0597656
-1.565625e-010	-0.0998779
-1.315625e-010	-0.12771
-1.065625e-010	-0.129858
-8.15625e-011	-0.155444
-5.65625e-011	-0.179883
-3.15625e-011	-0.190479
-6.5625e-012	-0.235156
1.84375e-011	-0.281079
4.34375e-011	-0.296704
6.84375e-011	-0.314575
9.34375e-011	-0.337842
1.184375e-010	-0.364575
1.434375e-010	-0.389746
1.684375e-010	-0.40083
1.934375e-010	-0.417236
2.184375e-010	-0.445337
2.434375e-010	-0.451978
2.684375e-010	-0.453027
2.934375e-010	-0.459985
3.184375e-010	-0.445825
3.434375e-010	-0.436377
3.684375e-010	-0.415845
3.934375e-010	-0.394214
4.184375e-010	-0.397144
4.434375e-010	-0.364282
4.684375e-010	-0.331982
4.934375e-010	-0.31709
5.184375e-010	-0.276831
5.434375e-010	-0.247241
5.684375e-010	-0.220483
5.934375e-010	-0.180786
6.184375e-010	-0.143994
6.434375e-010	-0.11748
6.684375e-010	-0.107983
6.934375e-010	-0.089331
7.184375e-010	-0.0623779
7.434375e-010	-0.0513672
7.684375e-010	-0.0387695
7.934375e-010	-0.0136475
8.184375e-010	0.00722657
8.434375e-010	0.00698243
8.684375e-010	0.00112305
8.934375e-010	0.00993653
9.184375e-010	0.0132568
9.434375e-010	0.0232666
9.684375e-010	0.0435547
9.934375e-010	0.0428223
1.018438e-009	0.0449707
1.043438e-009	0.0490967
1.068438e-009	0.048999
1.093438e-009	0.0626953
1.118438e-009	0.0605225
1.143438e-009	0.0536865
1.168438e-009	0.0623291
1.193438e-009	0.0610108
1.218438e-009	0.0542969
1.243438e-009	0.0544678
1.268438e-009	0.0563965
1.293438e-009	0.0512451
1.318438e-009	0.0463867
1.343438e-009	0.046582
1.368438e-009	0.0448975
1.393438e-009	0.0487793
1.418438e-009	0.0429932
1.443438e-009	0.032544
1.468438e-009	0.0324707
1.493438e-009	0.0234863
1.518438e-009	0.0246826
1.543438e-009	0.0239746
1.568438e-009	0.00893555
1.593438e-009	0.0104004
1.618438e-009	0.00129395
1.643438e-009	-0.00642089
1.668438e-009	0.00615235
1.693438e-009	-0.00146484
1.718438e-009	-0.0125
1.743438e-009	-0.00820312
1.768438e-009	-0.0106445
1.793438e-009	-0.00771484
1.818438e-009	0.00249024
1.843438e-009	-0.00468749
1.868438e-009	-0.00764159
1.893438e-009	-0.00512695
1.918438e-009	-0.00827636
1.943438e-009	-0.00280761
1.968438e-009	-0.0102783
1.993438e-009	-0.00656738
2.018438e-009	0.0114014
2.043438e-009	0.00881348
2.068438e-009	0.0143311
2.093438e-009	0.0173828
2.118438e-009	0.0119141
2.143438e-009	0.0189209
2.168438e-009	0.0193848
2.193438e-009	0.0120606
2.218438e-009	0.0126709
2.243438e-009	0.0234375
2.268438e-009	0.0253418
2.293438e-009	0.0226807
2.318438e-009	0.0268555
2.343438e-009	0.0231445
2.368438e-009	0.02771
2.393438e-009	0.0356934
2.418438e-009	0.0276856
2.443438e-009	0.0171631
2.468438e-009	0.0102295
2.493438e-009	0.0130615
2.518438e-009	0.0155029
2.543438e-009	0.0196289
2.568438e-009	0.039209
2.593438e-009	0.0396973
2.618438e-009	0.0164307
2.643438e-009	0.0109131
2.668438e-009	0.0195313
2.693438e-009	0.0190186
2.718438e-009	0.0262451
2.743438e-009	0.0357178
2.768438e-009	0.0236084
2.793438e-009	0.0198242
2.818438e-009	0.0273193
2.843438e-009	0.0227295
2.868438e-009	0.0198486
2.893438e-009	0.013208
2.918438e-009	0.00239259
2.943438e-009	0.0027588
2.968438e-009	0.00891114
2.993438e-009	0.0111816
3.018438e-009	0.00480958
3.043438e-009	0.00458985
3.068438e-009	0.0147705
3.093438e-009	0.0212402
3.118438e-009	0.0184082
3.143438e-009	0.0129883
3.168438e-009	0.0246094
3.193438e-009	0.0349854
3.218438e-009	0.0289795
3.243438e-009	0.0288818
3.268438e-009	0.0240479
3.293438e-009	0.0174805
3.318438e-009	0.0279541
3.343438e-009	0.0358154
3.368438e-009	0.033374
3.393438e-009	0.0316895
3.418438e-009	0.0376709
3.443438e-009	0.0408447
3.468438e-009	0.0294678
3.493438e-009	0.0330811
3.518438e-009	0.0434326
3.543438e-009	0.0330811
3.568438e-009	0.0365479
3.593438e-009	0.030957
3.618438e-009	0.00100098
3.643438e-009	0.0100586
3.668438e-009	0.0311768
3.693438e-009	0.0263428
3.718438e-009	0.0178955
3.743438e-009	0.00708009
3.768438e-009	0.00964356
3.793438e-009	0.0134033
3.818438e-009	-0.00507812
3.843438e-009	-0.00629882
3.868438e-009	0.0041504
3.893438e-009	-0.0126221
3.918438e-009	-0.0234375
3.943438e-009	-0.0110351
3.968438e-009	-0.00427245
3.993438e-009	-0.00310058
4.018438e-009	-0.00136718
4.043438e-009	0.000708015
4.068438e-009	0.00253907
4.093438e-009	0.00437012
4.118438e-009	0.0043213
4.143438e-009	-0.00280761
4.168438e-009	0.00939942
4.193438e-009	0.0276367
4.218438e-009	0.0219971
4.243438e-009	0.0237549
4.268438e-009	0.0291992
4.293438e-009	0.0252441
4.318438e-009	0.0280762
4.343438e-009	0.0363281
4.368438e-009	0.0516602
4.393438e-009	0.0459961
4.418438e-009	0.0249512
4.443438e-009	0.0386719
4.468438e-009	0.0485352
4.493438e-009	0.0403076
4.518438e-009	0.043335
4.543438e-009	0.0423828
4.568438e-009	0.0542969
4.593438e-009	0.0611572
4.618438e-009	0.0366455
4.643438e-009	0.0261719
4.668438e-009	0.0312012
4.693438e-009	0.0335693
4.718438e-009	0.0400635
4.743438e-009	0.0299316
4.768438e-009	0.0149902
4.793438e-009	0.0300537
4.818438e-009	0.0392334
4.843438e-009	0.0230469
4.868438e-009	0.0143066
4.893438e-009	0.0134277
4.918438e-009	0.0110596
4.943438e-009	0.00388184
4.968438e-009	-0.00197753
4.993438e-009	0.00327149
5.018438e-009	-0.00283202
5.043438e-009	-0.0159424
5.068438e-009	-0.00715331
5.093438e-009	0.00451661
5.118438e-009	0.00412598
5.143438e-009	-0.00161132
5.168438e-009	-0.00700683
5.193438e-009	0.00590821
5.218438e-009	0.0177979
5.243438e-009	0.00898438
5.268438e-009	0.00239259
5.293438e-009	-0.00302734
5.318438e-009	-0.0066162
5.343438e-009	-0.00173339
5.368438e-009	0.00891114
5.393438e-009	0.0243897
5.418438e-009	0.0122803
5.443438e-009	-9.76488e-005
5.468438e-009	0.0300781
5.493438e-009	0.0361084
5.518438e-009	0.0173828
5.543438e-009	0.0219238
5.568438e-009	0.0206543
5.593438e-009	0.0204102
5.618438e-009	0.0281983
5.643438e-009	0.0269287
5.668438e-009	0.0262451
5.693438e-009	0.0263916
5.718438e-009	0.0341065
5.743438e-009	0.0338379
5.768438e-009	0.0326904
5.793438e-009	0.0459473
5.818438e-009	0.0269775
5.843438e-009	0.0168701
5.868438e-009	0.0401611
5.893438e-009	0.0367432
5.918438e-009	0.0321777
5.943438e-009	0.0271973
5.968438e-009	0.0224854
5.993438e-009	0.0382324
6.018438e-009	0.026001
6.043438e-009	0.0195313
6.068438e-009	0.0373779
6.093438e-009	0.0348877
6.118438e-009	0.0338623
6.143438e-009	0.0216553
6.168438e-009	0.0100098
6.193438e-009	0.0206543
6.218438e-009	0.0117432
6.243438e-009	0.00786134
6.268438e-009	0.0179199
6.293438e-009	0.0212402
6.318438e-009	0.0111572
6.343438e-009	-0.0112305
6.368438e-009	0.00302735
6.393438e-009	0.0213135
6.418438e-009	0.00720216
6.443438e-009	0.00173341
6.468438e-009	0.0116943
6.493438e-009	0.0187744
6.518438e-009	0.00817872
6.543438e-009	0.00156251
6.568438e-009	0.000732429
6.593438e-009	0.00219727
6.618438e-009	0.00910645
6.643438e-009	0.00666505
6.668438e-009	0.0150635
6.693438e-009	0.0131836
6.718438e-009	0.00747071
6.743438e-009	0.0152832
6.768438e-009	0.0162598
6.793438e-009	0.0275391
6.818438e-009	0.0116455
6.843438e-009	-0.00153808
6.868438e-009	0.0255127
6.893438e-009	0.0241211
6.918438e-009	0.0180664
6.943438e-009	0.0228516
6.968438e-009	0.0192627
6.993438e-009	0.0310547
7.018438e-009	0.0413818
7.043438e-009	0.0334717
7.068438e-009	0.0217774
7.093438e-009	0.0206055
7.118438e-009	0.0263184
7.143438e-009	0.0228027
7.168438e-009	0.0220459
7.193438e-009	0.0259522
7.218438e-009	0.0125732
7.243438e-009	0.018457
7.268438e-009	0.0374024
7.293438e-009	0.0220215
7.318438e-009	0.0149658
7.343438e-009	0.0139404
7.368438e-009	0.00566407
7.393438e-009	0.00622559
7.418438e-009	0.00568848
7.443438e-009	0.0205078
7.468438e-009	0.0183594
7.493438e-009	0.00822755
7.518438e-009	0.0297852
7.543438e-009	0.0291992
7.568438e-009	0.0114746
7.593438e-009	0.0151123
7.618438e-009	0.0113037
7.643438e-009	-0.000512688
7.668438e-009	0.00751954
7.693438e-009	0.0183106
7.718438e-009	0.0115967
7.743438e-009	0.0008545
7.768438e-009	0.0110352
7.793438e-009	0.0284424
7.818438e-009	0.0197022
7.843438e-009	0.0144531
7.868438e-009	0.024292
7.893438e-009	0.0239014
7.918438e-009	0.0274902
7.943438e-009	0.0303223
7.968438e-009	0.0261963
7.993438e-009	0.0336426
8.018438e-009	0.0363525
8.043438e-009	0.0286865
8.068438e-009	0.0268066
8.093438e-009	0.0216553
8.118438e-009	0.0219727
8.143438e-009	0.0279053
8.168438e-009	0.0233887
8.193438e-009	0.0139404
8.218438e-009	0.0034668
8.243438e-009	0.0100342
8.268438e-009	0.0206055
8.293438e-009	0.012915
8.318438e-009	0.0171631
8.343438e-009	0.0253174
8.368438e-009	0.0131592
8.393438e-009	0.00454102
8.418438e-009	0.00339356
8.443438e-009	0.00383302
8.468438e-009	0.0132568
8.493438e-009	0.01875
8.518438e-009	0.015625
8.543438e-009	0.00661622
8.568438e-009	0.0147949
8.593438e-009	0.0361572
8.618438e-009	0.0146484
8.643438e-009	-0.00981445
8.668438e-009	0.00632325
8.693438e-009	0.0190186
8.718438e-009	0.0214111
8.743438e-009	0.0220703
8.768438e-009	0.0198486
8.793438e-009	0.0184082
8.818438e-009	0.0193359
8.843438e-009	0.0256592
8.868438e-009	0.0261231
8.893438e-009	0.0232422
8.918438e-009	0.0238525
8.943438e-009	0.01875
8.968438e-009	0.0203125
8.993438e-009	0.0285156
9.018438e-009	0.02229
9.043438e-009	0.0222656
9.068438e-009	0.0322998
9.093438e-009	0.029834
9.118438e-009	0.0215088
9.143438e-009	0.0142578
9.168438e-009	0.032959
9.193438e-009	0.0547119
9.218438e-009	0.0299072
9.243438e-009	0.0182373
9.268438e-009	0.0300537
9.293438e-009	0.0233399
9.318438e-009	0.0325684
9.343438e-009	0.031543
9.368438e-009	0.0143311
9.393438e-009	0.0296143
9.418438e-009	0.0313721
9.443438e-009	0.014502
9.468438e-009	0.0148193
9.493438e-009	0.0185059
9.518438e-009	0.0249756
9.543438e-009	0.0204102
9.568438e-009	0.0156494
9.593438e-009	0.0206787
9.618438e-009	0.00505372
9.643438e-009	-0.00622558
9.668438e-009	0.00778809
9.693438e-009	0.0154541
9.718438e-009	0.00712891
9.743438e-009	0.00803223
9.768438e-009	0.0182373
9.793438e-009	0.00966798
9.818438e-009	-0.00134277
9.843438e-009	0.00712891
9.868438e-009	0.0162842
9.893438e-009	0.0186035
9.918438e-009	0.0151367
9.943438e-009	0.00385743
9.968438e-009	0.00471192
9.993438e-009	0.010376
1.001844e-008	0.000292976
1.004344e-008	0.00935059
1.006844e-008	0.0277832
1.009344e-008	0.0177002
1.011844e-008	0.0211426
1.014344e-008	0.0334717
1.016844e-008	0.0207275
1.019344e-008	0.0248291
1.021844e-008	0.0348877
1.024344e-008	0.0256348
1.026844e-008	0.0259277
1.029344e-008	0.0236816
1.031844e-008	0.0256592
1.034344e-008	0.036084
1.036844e-008	0.0351807
1.039344e-008	0.0391113
1.041844e-008	0.0310059
1.044344e-008	0.0258057
1.046844e-008	0.04021
1.049344e-008	0.035791
1.051844e-008	0.0311524
1.054344e-008	0.0340332
1.056844e-008	0.0311279
1.059344e-008	0.0299805
1.061844e-008	0.026001
1.064344e-008	0.0208252
1.066844e-008	0.0133057
1.069344e-008	0.0151123
1.071844e-008	0.0251709
1.074344e-008	0.0254639
1.076844e-008	0.0219727
1.079344e-008	0.0192627
1.081844e-008	0.0122315
1.084344e-008	-0.00444335
1.086844e-008	0.00212403
1.089344e-008	0.0241455
1.091844e-008	0.00122071
1.094344e-008	-0.0123291
1.096844e-008	0.0185059
1.099344e-008	0.0203125
1.101844e-008	0.0088379
1.104344e-008	0.0211426
1.106844e-008	0.0271484
1.109344e-008	0.0230957
1.111844e-008	0.0116211
1.114344e-008	-0.00112304
1.116844e-008	0.010669
1.119344e-008	0.0265869
1.121844e-008	0.0123291
1.124344e-008	0.00219727
1.126844e-008	0.0170654
1.129344e-008	0.0212402
1.131844e-008	0.0199463
1.134344e-008	0.0233399
1.136844e-008	0.0191162
1.139344e-008	0.0181641
1.141844e-008	0.0212891
1.144344e-008	0.021167
1.146844e-008	0.0189209
1.149344e-008	0.0223633
1.151844e-008	0.0228516
1.154344e-008	0.00974122
1.156844e-008	0.0107666
1.159344e-008	0.0235352
1.161844e-008	0.0194824
1.164344e-008	0.0168213
1.166844e-008	0.0234131
1.169344e-008	0.0211914
1.171844e-008	0.0187256
1.174344e-008	0.00961915
1.176844e-008	0.00451661
1.179344e-008	0.0218994
1.181844e-008	0.0234131
1.184344e-008	0.0179199
1.186844e-008	0.0214844
1.189344e-008	0.0147461
1.191844e-008	0.0144043
1.194344e-008	0.0128174
1.196844e-008	0.0091797
1.199344e-008	0.0142578
1.201844e-008	0.0133301
1.204344e-008	0.0169434
1.206844e-008	0.0208984
1.209344e-008	0.017627
1.211844e-008	0.0272461
1.214344e-008	0.0312012
1.216844e-008	0.021582
1.219344e-008	0.0333008
1.221844e-008	0.0435059
1.224344e-008	0.0265137
1.226844e-008	0.022583
1.229344e-008	0.0315186
1.231844e-008	0.0301514
1.234344e-008	0.0251709
1.236844e-008	0.024585
1.239344e-008	0.0314941
1.241844e-008	0.027417
1.244344e-008	0.0255615
1.246844e-008	0.0350342
1.249344e-008	0.0371582
1.251844e-008	0.0426758
1.254344e-008	0.0345703
1.256844e-008	0.0244141
1.259344e-008	0.0303711
1.261844e-008	0.0256348
1.264344e-008	0.0196533
1.266844e-008	0.0175293
1.269344e-008	0.0251709
1.271844e-008	0.0276856
1.274344e-008	0.0138184
1.276844e-008	0.0227539
1.279344e-008	0.0295166
1.281844e-008	0.0169922
1.284344e-008	0.0128906
1.286844e-008	0.011499
1.289344e-008	0.0141846
1.291844e-008	0.0181152
1.294344e-008	0.0177002
1.296844e-008	0.0182129
1.299344e-008	0.0181641
1.301844e-008	0.0171875
1.304344e-008	0.00930177
1.306844e-008	-0.0012207
1.309344e-008	0.00229493
1.311844e-008	0.0133789
1.314344e-008	0.0106201
1.316844e-008	0.0156494
1.319344e-008	0.0348877
1.321844e-008	0.0227295
1.324344e-008	0.0129639
1.326844e-008	0.0272705
1.329344e-008	0.0201172
1.331844e-008	0.022583
1.334344e-008	0.0352295
1.336844e-008	0.0305176
1.339344e-008	0.0318604
1.341844e-008	0.0255371
1.344344e-008	0.0140625
1.346844e-008	0.0226563
1.349344e-008	0.036084
1.351844e-008	0.0304932
1.354344e-008	0.0181152
1.356844e-008	0.0265137
1.359344e-008	0.0350342
1.361844e-008	0.0299316
1.364344e-008	0.0311279
1.366844e-008	0.0237793
1.369344e-008	0.0115723
1.371844e-008	0.0248291
1.374344e-008	0.0329346
1.376844e-008	0.0271729
1.379344e-008	0.0345947
1.381844e-008	0.0282471
1.384344e-008	0.0164063
1.386844e-008	0.024585
1.389344e-008	0.0278076
1.391844e-008	0.020459
1.394344e-008	0.0178955
1.396844e-008	0.028833
1.399344e-008	0.0310303
1.401844e-008	0.00720216
1.404344e-008	0.0039795
1.406844e-008	0.0286377
1.409344e-008	0.0260498
1.411844e-008	0.0187988
1.414344e-008	0.0311768
1.416844e-008	0.0135986
1.419344e-008	-0.00920409
1.421844e-008	0.0057129
1.424344e-008	0.015332
1.426844e-008	0.0044922
1.429344e-008	0.00437012
1.431844e-008	0.0132813
1.434344e-008	0.000659187
1.436844e-008	-0.0138428
1.439344e-008	0.00263673
1.441844e-008	0.014624
1.444344e-008	0.0201416
1.446844e-008	0.0276611
1.449344e-008	0.0143799
1.451844e-008	0.0132813
1.454344e-008	0.0192139
1.456844e-008	0.0161865
1.459344e-008	0.0240234
1.461844e-008	0.00754395
1.464344e-008	-0.00732421
1.466844e-008	0.0193848
1.469344e-008	0.0334229
1.471844e-008	0.0246826
1.474344e-008	0.023999
1.476844e-008	0.0315918
1.479344e-008	0.0305176
1.481844e-008	0.0272461
1.484344e-008	0.0390137
1.486844e-008	0.0464356
1.489344e-008	0.0367188
1.491844e-008	0.0305664
1.494344e-008	0.0308838
1.496844e-008	0.0289063
1.499344e-008	0.0412354
1.501844e-008	0.0262451
1.504344e-008	-0.00742187
1.506844e-008	0.0150879
1.509344e-008	0.0297608
1.511844e-008	0.0250244
1.514344e-008	0.0316406
1.516844e-008	0.0194092
1.519344e-008	0.0229004
1.521844e-008	0.0230957
1.524344e-008	0.0123291
1.526844e-008	0.0185059
1.529344e-008	0.0122803
1.531844e-008	0.0101807
1.534344e-008	0.0186279
1.536844e-008	0.0138428
1.539344e-008	0.0127441
1.541844e-008	0.0192383
1.544344e-008	0.00642091
1.546844e-008	-0.00424804
1.549344e-008	0.0135254
1.551844e-008	0.0155518
1.554344e-008	0.00366212
1.556844e-008	0.014502
1.559344e-008	0.0219482
1.561844e-008	0.013208
1.564344e-008	0.0175537
1.566844e-008	0.0246338
1.569344e-008	0.0135254
1.571844e-008	0.00922852
1.574344e-008	0.00715333
1.576844e-008	0.00898438
1.579344e-008	0.0311768
1.581844e-008	0.0319336
1.584344e-008	0.0235352
1.586844e-008	0.0296631
1.589344e-008	0.0286377
1.591844e-008	0.0287842
1.594344e-008	0.0227783
1.596844e-008	0.016333
1.599344e-008	0.0147949
1.601844e-008	0.00976563
1.604344e-008	0.0173096
1.606844e-008	0.0191895
1.609344e-008	0.0138184
1.611844e-008	0.0248535
1.614344e-008	0.0374756
1.616844e-008	0.031665
1.619344e-008	0.0223633
1.621844e-008	0.0240479
1.624344e-008	0.0173096
1.626844e-008	0.017749
1.629344e-008	0.03479
1.631844e-008	0.0233887
1.634344e-008	0.000122078
1.636844e-008	0.0115479
1.639344e-008	0.0287109
1.641844e-008	0.0251221
1.644344e-008	0.0212647
1.646844e-008	0.0189941
1.649344e-008	0.0119141
1.651844e-008	0.0124268
1.654344e-008	0.0203857
1.656844e-008	0.0135986
1.659344e-008	0.00231934
1.661844e-008	0.00749512
1.664344e-008	0.0135254
1.666844e-008	0.0179199
1.669344e-008	0.0203857
1.671844e-008	0.0259277
1.674344e-008	0.0361572
1.676844e-008	0.0245117
1.679344e-008	0.0105225
1.681844e-008	0.0110107
1.684344e-008	0.00854493
1.686844e-008	0.016919
1.689344e-008	0.0235107
1.691844e-008	0.00637208
1.694344e-008	0.00451661
1.696844e-008	0.0202881
1.699344e-008	0.0167236
1.701844e-008	0.0189697
1.704344e-008	0.0286621
1.706844e-008	0.0170166
1.709344e-008	0.0140869
1.711844e-008	0.0142334
1.714344e-008	-0.000488274
1.716844e-008	0.0150147
1.719344e-008	0.0272461
1.721844e-008	0.00097657
1.724344e-008	0.00705567
1.726844e-008	0.0275879
1.729344e-008	0.0195557
1.731844e-008	0.0245361
1.734344e-008	0.028833
1.736844e-008	0.0145996
1.739344e-008	0.0119873
1.741844e-008	0.0188232
1.744344e-008	0.0228027
1.746844e-008	0.0229248
1.749344e-008	0.0229736
1.751844e-008	0.0265869
1.754344e-008	0.0236572
1.756844e-008	0.0266358
1.759344e-008	0.0342041
1.761844e-008	0.00961915
1.764344e-008	-0.0128174
1.766844e-008	0.0044922
1.769344e-008	0.0166992
1.771844e-008	0.00742188
1.774344e-008	0.00412598
1.776844e-008	0.0138184
1.779344e-008	0.0179932
1.781844e-008	0.00820313
1.784344e-008	0.00974122
1.786844e-008	0.0221924
1.789344e-008	0.0142334
1.791844e-008	0.0083252
1.794344e-008	0.023169
1.796844e-008	0.0259033
1.799344e-008	0.0278076
1.801844e-008	0.0265869
1.804344e-008	0.0102295
1.806844e-008	0.0146729
1.809344e-008	0.0214111
1.811844e-008	0.0208984
1.814344e-008	0.0251465
1.816844e-008	0.0206055
1.819344e-008	0.0279785
1.821844e-008	0.0362549
1.824344e-008	0.0338623
1.826844e-008	0.0388184
1.829344e-008	0.0324707
1.831844e-008	0.0128418
1.834344e-008	0.00515137
1.836844e-008	0.0193359
1.839344e-008	0.0206299
1.841844e-008	0.00566407
1.844344e-008	0.0223145
1.846844e-008	0.0309815
1.849344e-008	0.0188965
1.851844e-008	0.0326904
1.854344e-008	0.0312744
1.856844e-008	0.0177002
1.859344e-008	0.0335205
1.861844e-008	0.0348633
1.864344e-008	0.0224365
1.866844e-008	0.0288086
1.869344e-008	0.0298828
1.871844e-008	0.020166
1.874344e-008	0.00935059
1.876844e-008	0.0134277
1.879344e-008	0.0202149
1.881844e-008	0.00615235
1.884344e-008	0.0123291
1.886844e-008	0.0190186
1.889344e-008	0.00205079
1.891844e-008	0.00905762
1.894344e-008	0.0145264
1.896844e-008	-0.000292961
1.899344e-008	0.00646973
1.901844e-008	0.026001
1.904344e-008	0.0137207
1.906844e-008	-0.00270995
1.909344e-008	0.0175537
1.911844e-008	0.020752
1.914344e-008	0.0122803
1.916844e-008	0.0278809
1.919344e-008	0.0204102
1.921844e-008	0.00886231
1.924344e-008	0.0244629
1.926844e-008	0.0355225
1.929344e-008	0.0279785
1.931844e-008	0.0167481
1.934344e-008	0.0232422
1.936844e-008	0.0317383
1.939344e-008	0.0357422
1.941844e-008	0.0338623
1.944344e-008	0.0168945
1.946844e-008	0.0199707
1.949344e-008	0.0328125
1.951844e-008	0.0267822
1.954344e-008	0.0253906
1.956844e-008	0.0297852
1.959344e-008	0.0255615
1.961844e-008	0.0257813
1.964344e-008	0.0298096
1.966844e-008	0.0188232
1.969344e-008	0.0165527
1.971844e-008	0.0225342
1.974344e-008	0.0158447
1.976844e-008	0.0235596
1.979344e-008	0.0251221
1.981844e-008	0.01604
1.984344e-008	0.0287842
1.986844e-008	0.0304932
1.989344e-008	0.00888673
1.991844e-008	-0.0135742
1.994344e-008	-0.00930175
1.996844e-008	0.0188965
1.999344e-008	0.0174072
2.001844e-008	-0.00236816
2.004344e-008	-0.0022705
2.006844e-008	0.010669
2.009344e-008	0.0236328
2.011844e-008	0.0231201
2.014344e-008	0.0145752
2.016844e-008	0.00776368
2.019344e-008	0.00217286
2.021844e-008	0.00185548
2.024344e-008	0.00568848
2.026844e-008	0.00986329
2.029344e-008	0.0151123
2.031844e-008	0.0213623
2.034344e-008	0.017749
2.036844e-008	0.0188232
2.039344e-008	0.033252
2.041844e-008	0.017334
2.044344e-008	-7.32347e-005
2.046844e-008	0.017749
2.049344e-008	0.0174072
2.051844e-008	0.0170899
2.054344e-008	0.0355957
2.056844e-008	0.034082
2.059344e-008	0.0289551
2.061844e-008	0.0251953
2.064344e-008	0.015625
2.066844e-008	0.0159424
2.069344e-008	0.0263672
2.071844e-008	0.0265869
2.074344e-008	0.0112305
2.076844e-008	0.0169678
2.079344e-008	0.0331299
2.081844e-008	0.0233154
2.084344e-008	0.0202149
2.086844e-008	0.0305176
2.089344e-008	0.0170899
2.091844e-008	0.00461427
2.094344e-008	0.0151611
2.096844e-008	0.027124
2.099344e-008	0.0301514
2.101844e-008	0.00903321
2.104344e-008	-0.000512688
2.106844e-008	0.0208496
2.109344e-008	0.0265869
2.111844e-008	0.0255859
2.114344e-008	0.0155762
2.116844e-008	0.0044922
2.119344e-008	0.013208
2.121844e-008	0.0138428
2.124344e-008	0.0170654
2.126844e-008	0.0140137
2.129344e-008	0.00964356
2.131844e-008	0.0179199
2.134344e-008	0.0071045
2.136844e-008	0.0100342
2.139344e-008	0.0277344
2.141844e-008	0.0224365
2.144344e-008	0.0122315
2.146844e-008	0.00932618
2.149344e-008	0.0154297
2.151844e-008	0.0135986
2.154344e-008	0.00400391
2.156844e-008	0.0169678
2.159344e-008	0.0303955
2.161844e-008	0.0191162
2.164344e-008	0.0196533
2.166844e-008	0.0315186
2.169344e-008	0.0225586
2.171844e-008	0.017041
2.174344e-008	0.0166504
2.176844e-008	0.0187988
2.179344e-008	0.0289551
2.181844e-008	0.0197998
2.184344e-008	0.0159912
2.186844e-008	0.0271729
2.189344e-008	0.0320801
2.191844e-008	0.0274902
2.194344e-008	0.0122559
2.196844e-008	0.0205322
2.199344e-008	0.0383057
2.201844e-008	0.0308838
2.204344e-008	0.0208008
2.206844e-008	0.0159912
2.209344e-008	0.0154053
2.211844e-008	0.0175781
2.214344e-008	0.0143311
2.216844e-008	0.0156738
2.219344e-008	0.0217041
2.221844e-008	0.0187988
2.224344e-008	0.0158691
2.226844e-008	0.0236816
2.229344e-008	0.0261719
2.231844e-008	0.0132813
2.234344e-008	0.00661622
2.236844e-008	0.0126221
2.239344e-008	0.0180664
2.241844e-008	0.022168
2.244344e-008	0.0144531
2.246844e-008	0.0129883
2.249344e-008	0.0251953
2.251844e-008	0.0208008
2.254344e-008	0.0187012
2.256844e-008	0.02229
2.259344e-008	0.0133789
2.261844e-008	0.00983887
2.264344e-008	0.0232666
2.266844e-008	0.0321045
2.269344e-008	0.0211426
2.271844e-008	0.0156494
2.274344e-008	0.0175537
2.276844e-008	0.0284424
2.279344e-008	0.0368897
2.281844e-008	0.0219971
2.284344e-008	0.0253662
2.286844e-008	0.0265625
2.289344e-008	0.0135742
2.291844e-008	0.0252197
2.294344e-008	0.0247315
2.296844e-008	0.0224365
2.299344e-008	0.0298096
2.301844e-008	0.0152344
2.304344e-008	0.0191162
2.306844e-008	0.0334229
2.309344e-008	0.0237549
2.311844e-008	0.0243652
2.314344e-008	0.0233399
2.316844e-008	0.0168945
2.319344e-008	0.0337158
2.321844e-008	0.0322266
2.324344e-008	0.0181152
2.326844e-008	0.0262207
2.329344e-008	0.0204834
2.331844e-008	0.00942384
2.334344e-008	0.0151367
2.336844e-008	0.0239502
2.339344e-008	0.0318848
2.341844e-008	0.0245361
2.344344e-008	0.0185547
2.346844e-008	0.0354248
2.349344e-008	0.0309815
2.351844e-008	0.00412598
2.354344e-008	0.00737305
2.356844e-008	0.0226318
2.359344e-008	0.0182129
2.361844e-008	0.0112305
2.364344e-008	0.0167725
2.366844e-008	0.0296387
2.369344e-008	0.0305664
2.371844e-008	0.0247559
2.374344e-008	0.0233154
2.376844e-008	0.0201904
2.379344e-008	0.0234863
2.381844e-008	0.0325684
2.384344e-008	0.0330322
2.386844e-008	0.0216797
2.389344e-008	0.0212158
2.391844e-008	0.0319092
2.394344e-008	0.023999
2.396844e-008	0.0184815
2.399344e-008	0.0256104
2.401844e-008	0.0241455
2.404344e-008	0.0244141
2.406844e-008	0.0259766
2.409344e-008	0.0259766
2.411844e-008	0.027417
2.414344e-008	0.0148926
2.416844e-008	0.00910645
2.419344e-008	0.0217041
2.421844e-008	0.0138184
2.424344e-008	0.00468751
2.426844e-008	0.0198242
2.429344e-008	0.0282227
2.431844e-008	0.0246094
2.434344e-008	0.0154297
2.436844e-008	0.0159424
2.439344e-008	0.0259277
2.441844e-008	0.0126953
2.444344e-008	0.00141602
2.446844e-008	0.0161865
2.449344e-008	0.016919
2.451844e-008	0.00805665
2.454344e-008	0.0151856
2.456844e-008	0.0125244
2.459344e-008	0.00686036
2.461844e-008	0.016626
2.464344e-008	0.0172607
2.466844e-008	0.0148193
2.469344e-008	0.020459
2.471844e-008	0.0133301
2.474344e-008	0.0115723
2.476844e-008	0.025708
2.479344e-008	0.0198242
2.481844e-008	0.011499
2.484344e-008	0.0205322
2.486844e-008	0.0235596
2.489344e-008	0.0208008
2.491844e-008	0.01875
2.494344e-008	0.019458
2.496844e-008	0.0307129
2.499344e-008	0.0449707
2.501844e-008	0.0207031
2.504344e-008	-0.00820312
2.506844e-008	0.0133301
2.509344e-008	0.0230713
2.511844e-008	0.0122803
2.514344e-008	0.0144531
2.516844e-008	0.0230225
2.519344e-008	0.0294434
2.521844e-008	0.020459
2.524344e-008	0.0228272
2.526844e-008	0.0184815
2.529344e-008	0.00747071
2.531844e-008	0.0257324
2.534344e-008	0.0269287
2.536844e-008	0.0229981
2.539344e-008	0.0299316
2.541844e-008	0.0213379
2.544344e-008	0.025293
2.546844e-008	0.026416
2.549344e-008	0.0159424
2.551844e-008	0.0237793
2.554344e-008	0.0261963
2.556844e-008	0.02854
2.559344e-008	0.0385986
2.561844e-008	0.0181641
2.564344e-008	0.00485841
2.566844e-008	0.0219238
2.569344e-008	0.0248291
2.571844e-008	0.0136963
2.574344e-008	0.00998536
2.576844e-008	0.0267822
2.579344e-008	0.0325684
2.581844e-008	0.0171875
2.584344e-008	0.0225098
2.586844e-008	0.0251709
2.589344e-008	0.0133057
2.591844e-008	0.0135498
2.594344e-008	0.0138672
2.596844e-008	0.0117432
2.599344e-008	0.01604
2.601844e-008	0.0180664
2.604344e-008	0.020044
2.606844e-008	0.0197998
2.609344e-008	0.0190674
2.611844e-008	0.0248779
2.614344e-008	0.00942384
2.616844e-008	0.00649415
2.619344e-008	0.0299072
2.621844e-008	0.0193604
2.624344e-008	0.0143066
2.626844e-008	0.0261719
2.629344e-008	0.0261231
2.631844e-008	0.0257324
2.634344e-008	0.0146973
2.636844e-008	0.022876
2.639344e-008	0.0325195
2.641844e-008	0.0180908
2.644344e-008	0.0175049
2.646844e-008	0.0172852
2.649344e-008	0.019165
2.651844e-008	0.0242676
2.654344e-008	0.0178467
2.656844e-008	0.0258301
2.659344e-008	0.0266846
2.661844e-008	0.0109375
2.664344e-008	0.0190186
2.666844e-008	0.0262695
2.669344e-008	0.0137207
2.671844e-008	0.0150879
2.674344e-008	0.0190674
2.676844e-008	0.0197998
2.679344e-008	0.02854
2.681844e-008	0.0229736
2.684344e-008	0.0124268
2.686844e-008	0.0124268
2.689344e-008	0.0145752
2.691844e-008	0.0252197
2.694344e-008	0.0368652
2.696844e-008	0.0342774
2.699344e-008	0.0281006
2.701844e-008	0.0212158
2.704344e-008	0.00886231
2.706844e-008	0.0131104
2.709344e-008	0.0254395
2.711844e-008	0.0179688
2.714344e-008	0.0112549
2.716844e-008	0.0219971
2.719344e-008	0.0182373
2.721844e-008	0.000610359
2.724344e-008	0.0106934
2.726844e-008	0.0181152
2.729344e-008	0.0146729
2.731844e-008	0.0266113
2.734344e-008	0.0171387
2.736844e-008	0.0141602
2.739344e-008	0.0274658
2.741844e-008	0.011377
2.744344e-008	0.013208
2.746844e-008	0.0309815
2.749344e-008	0.0196289
2.751844e-008	0.0223389
2.754344e-008	0.0344238
2.756844e-008	0.0268799
2.759344e-008	0.0317139
2.761844e-008	0.024292
2.764344e-008	0.00305177
2.766844e-008	0.015918
2.769344e-008	0.0288574
2.771844e-008	0.0264649
2.774344e-008	0.0242676
2.776844e-008	0.0170899
2.779344e-008	0.016919
2.781844e-008	0.0137695
2.784344e-008	0.0139893
2.786844e-008	0.0311279
2.789344e-008	0.0316895
2.791844e-008	0.0176025
2.794344e-008	0.0160645
2.796844e-008	0.0224854
2.799344e-008	0.0253662
2.801844e-008	0.0114258
2.804344e-008	0.00234376
2.806844e-008	0.0156738
2.809344e-008	0.0171631
2.811844e-008	0.0084961
2.814344e-008	0.00891114
2.816844e-008	0.019458
2.819344e-008	0.0296387
2.821844e-008	0.0269775
2.824344e-008	0.025415
2.826844e-008	0.0170654
2.829344e-008	0.0140137
2.831844e-008	0.0219971
2.834344e-008	0.0139893
2.836844e-008	0.0194824
2.839344e-008	0.0265137
2.841844e-008	0.0144043
2.844344e-008	0.0174805
2.846844e-008	0.0239258
2.849344e-008	0.0281738
2.851844e-008	0.0229492
2.854344e-008	0.00688477
2.856844e-008	0.0211426
2.859344e-008	0.0365723
2.861844e-008	0.0253906
2.864344e-008	0.0181641
2.866844e-008	0.022583
2.869344e-008	0.036499
2.871844e-008	0.0306641
2.874344e-008	0.0036377
2.876844e-008	0.00568848
2.879344e-008	0.0279785
2.881844e-008	0.0328369
2.884344e-008	0.0188721
2.886844e-008	0.00847169
2.889344e-008	0.0201416
2.891844e-008	0.037793
2.894344e-008	0.0303955
2.896844e-008	0.00886231
2.899344e-008	0.0115723
2.901844e-008	0.0247559
2.904344e-008	0.0195557
2.906844e-008	0.0102051
2.909344e-008	0.00776368
2.911844e-008	0.0104492
2.914344e-008	0.0100342
2.916844e-008	0.0136719
2.919344e-008	0.0249512
2.921844e-008	0.0154541
2.924344e-008	0.00708009
2.926844e-008	0.0167725
2.929344e-008	0.0202637
2.931844e-008	0.0167725
2.934344e-008	0.00888673
2.936844e-008	0.0237061
2.939344e-008	0.0405029
2.941844e-008	0.0135986
2.944344e-008	0.000561531
2.946844e-008	0.0146729
2.949344e-008	0.00764161
2.951844e-008	0.00527345
2.954344e-008	0.0157227
2.956844e-008	0.0213623
2.959344e-008	0.0297852
2.961844e-008	0.0227295
2.964344e-008	0.00935059
2.966844e-008	0.0170899
2.969344e-008	0.0284912
2.971844e-008	0.0272705
2.974344e-008	0.0222656
2.976844e-008	0.024585
2.979344e-008	0.0303223
2.981844e-008	0.0362549
2.984344e-008	0.0302246
2.986844e-008	0.0211182
2.989344e-008	0.0373779
2.991844e-008	0.0425293
2.994344e-008	0.0230957
2.996844e-008	0.0365723
2.999344e-008	0.0605713
3.001844e-008	0.035083
3.004344e-008	0.0133545
3.006844e-008	0.0229736
3.009344e-008	0.0209473
3.011844e-008	0.0295166
3.014344e-008	0.0334473
3.016844e-008	0.0205078
3.019344e-008	0.029419
3.021844e-008	0.026416
3.024344e-008	0.0199463
3.026844e-008	0.0284912
3.029344e-008	0.0180176
3.031844e-008	0.0121338
3.034344e-008	0.0161621
3.036844e-008	0.0243164
3.039344e-008	0.0271973
3.041844e-008	-0.000170891
3.044344e-008	0.00185548
3.046844e-008	0.0268555
3.049344e-008	0.0269043
3.051844e-008	0.0359619
3.054344e-008	0.0253418
3.056844e-008	0.0134766
3.059344e-008	0.032666
3.061844e-008	0.0280274
3.064344e-008	0.0219482
3.066844e-008	0.0205078
3.069344e-008	0.0127441
3.071844e-008	0.0175537
3.074344e-008	0.0128906
3.076844e-008	0.0146973
3.079344e-008	0.0238525
3.081844e-008	0.0193115
3.084344e-008	0.0144287
3.086844e-008	0.0124268
3.089344e-008	0.0177734
3.091844e-008	0.0203613
3.094344e-008	0.0130615
3.096844e-008	0.0209717
3.099344e-008	0.0309815
3.101844e-008	0.0154053
3.104344e-008	0.00825196
3.106844e-008	0.0199463
3.109344e-008	0.0163574
3.111844e-008	0.00952149
3.114344e-008	0.0104492
3.116844e-008	0.00817872
3.119344e-008	0.011792
3.121844e-008	0.0193359
3.124344e-008	0.0244385
3.126844e-008	0.0319824
3.129344e-008	0.0322266
3.131844e-008	0.0296143
3.134344e-008	0.0230713
3.136844e-008	0.00527345
3.139344e-008	0.00969239
3.141844e-008	0.0129395
3.144344e-008	-0.00102538
3.146844e-008	0.0141846
3.149344e-008	0.0229736
3.151844e-008	0.0123047
3.154344e-008	0.019165
3.156844e-008	0.0251465
3.159344e-008	0.0242432
3.161844e-008	0.0262451
3.164344e-008	0.0260498
3.166844e-008	0.0263428
3.169344e-008	0.0315186
3.171844e-008	0.0308594
3.174344e-008	0.021167
3.176844e-008	0.0196045
3.179344e-008	0.0292969
3.181844e-008	0.0276367
3.184344e-008	0.0182373
3.186844e-008	0.0268066
3.189344e-008	0.0322998
3.191844e-008	0.029419
3.194344e-008	0.0282715
3.196844e-008	0.0200928
3.199344e-008	0.0265625
3.201844e-008	0.030127
3.204344e-008	0.0167481
3.206844e-008	0.0116943
3.209344e-008	0.0100342
3.211844e-008	0.0140381
3.214344e-008	0.0182861
3.216844e-008	0.0209961
3.219344e-008	0.0245117
3.221844e-008	0.0172852
3.224344e-008	0.0171387
3.226844e-008	0.0172363
3.229344e-008	0.00737305
3.231844e-008	0.0144043
3.234344e-008	0.0284424
3.236844e-008	0.0260986
3.239344e-008	0.0149414
3.241844e-008	0.0108154
3.244344e-008	0.0162354
3.246844e-008	0.0120117
3.249344e-008	0.00634766
3.251844e-008	0.0199707
3.254344e-008	0.0274902
3.256844e-008	0.0298096
3.259344e-008	0.039624
3.261844e-008	0.0301758
3.264344e-008	0.0187012
3.266844e-008	0.0232666
3.269344e-008	0.0228516
3.271844e-008	0.0209717
3.274344e-008	0.0250733
3.276844e-008	0.0257813
3.279344e-008	0.0216797
3.281844e-008	0.0221191
3.284344e-008	0.0181152
3.286844e-008	0.0162598
3.289344e-008	0.0374512
3.291844e-008	0.0417969
3.294344e-008	0.0254395
3.296844e-008	0.0253906
3.299344e-008	0.0236328
3.301844e-008	0.0174316
3.304344e-008	0.0149902
3.306844e-008	0.0205078
3.309344e-008	0.0307129
3.311844e-008	0.0286621
3.314344e-008	0.0289795
3.316844e-008	0.0320313
3.319344e-008	0.030957
3.321844e-008	0.0219238
3.324344e-008	0.00993653
3.326844e-008	0.0182861
3.329344e-008	0.0229736
3.331844e-008	0.0146729
3.334344e-008	0.0188232
3.336844e-008	0.0302002
3.339344e-008	0.0303223
3.341844e-008	0.0155518
3.344344e-008	0.0112549
3.346844e-008	0.0210693
3.349344e-008	0.0188721
3.351844e-008	0.0158447
3.354344e-008	0.0205078
3.356844e-008	0.0243164
3.359344e-008	0.0350342
3.361844e-008	0.0285156
3.364344e-008	0.0135742
3.366844e-008	0.0251953
3.369344e-008	0.0258301
3.371844e-008	0.014624
3.374344e-008	0.0207031
3.376844e-008	0.0293213
3.379344e-008	0.0276367
3.381844e-008	0.0222656
3.384344e-008	0.0283447
3.386844e-008	0.0252441
3.389344e-008	0.0115479
3.391844e-008	0.0156006
3.394344e-008	0.0172363
3.396844e-008	0.017627
3.399344e-008	0.0301025
3.401844e-008	0.0302734
3.404344e-008	0.022168
3.406844e-008	0.0150635
3.409344e-008	0.0108887
3.411844e-008	0.0171387
3.414344e-008	0.0185547
3.416844e-008	0.0215088
3.419344e-008	0.0231934
3.421844e-008	0.00400391
3.424344e-008	-0.00258788
3.426844e-008	0.0199707
3.429344e-008	0.0289551
3.431844e-008	0.0158203
3.434344e-008	0.0159912
3.436844e-008	0.0235352
3.439344e-008	0.0230469
3.441844e-008	0.0237061
3.444344e-008	0.0173584
3.446844e-008	0.0151367
3.449344e-008	0.0230957
3.451844e-008	0.0206055
3.454344e-008	0.0167481
3.456844e-008	0.022583
3.459344e-008	0.0236816
3.461844e-008	0.0162109
3.464344e-008	0.018457
3.466844e-008	0.0240234
3.469344e-008	0.0230713
3.471844e-008	0.0246338
3.474344e-008	0.0131836
3.476844e-008	0.00383302
3.479344e-008	0.0160156
3.481844e-008	0.0242188
3.484344e-008	0.0246826
3.486844e-008	0.0196777
3.489344e-008	0.0189941
3.491844e-008	0.027124
3.494344e-008	0.0287598
3.496844e-008	0.0311035
3.499344e-008	0.0196777
3.501844e-008	-0.00205077
3.504344e-008	0.00310059
3.506844e-008	0.0201416
3.509344e-008	0.0323242
3.511844e-008	0.0325195
3.514344e-008	0.0130371
3.516844e-008	0.0164795
3.519344e-008	0.0394775
3.521844e-008	0.0232178
3.524344e-008	0.00620118
3.526844e-008	0.02146
3.529344e-008	0.0197998
3.531844e-008	0.0104492
3.534344e-008	0.0144043
3.536844e-008	0.0190918
3.539344e-008	0.0264404
3.541844e-008	0.0321777
3.544344e-008	0.0295166
3.546844e-008	0.0265137
3.549344e-008	0.0277832
3.551844e-008	0.0198242
3.554344e-008	0.0179688
3.556844e-008	0.0282471
3.559344e-008	0.0228516
3.561844e-008	0.0143799
3.564344e-008	0.0186524
3.566844e-008	0.0256348
3.569344e-008	0.0240479
3.571844e-008	0.0208984
3.574344e-008	0.0232178
3.576844e-008	0.0210449
3.579344e-008	0.0209961
3.581844e-008	0.023999
3.584344e-008	0.0229981
3.586844e-008	0.0183106
3.589344e-008	0.0157959
3.591844e-008	0.0187012
3.594344e-008	0.0173096
3.596844e-008	0.0166504
3.599344e-008	0.0219971
3.601844e-008	0.0236084
3.604344e-008	0.019043
3.606844e-008	0.0167969
3.609344e-008	0.0185303
3.611844e-008	0.0221436
3.614344e-008	0.0207764
3.616844e-008	0.013501
3.619344e-008	0.0158691
3.621844e-008	0.0171875
3.624344e-008	0.018457
3.626844e-008	0.0246338
3.629344e-008	0.022583
3.631844e-008	0.0260986
3.634344e-008	0.0251709
3.636844e-008	0.0215088
3.639344e-008	0.0269531
3.641844e-008	0.0119629
3.644344e-008	-0.0019287
3.646844e-008	0.0169922
3.649344e-008	0.0303711
3.651844e-008	0.0234863
3.654344e-008	0.0219727
3.656844e-008	0.0227783
3.659344e-008	0.0254395
3.661844e-008	0.0290039
3.664344e-008	0.0184082
3.666844e-008	0.0100586
3.669344e-008	0.0186035
3.671844e-008	0.0280762
3.674344e-008	0.0201416
3.676844e-008	0.0151611
3.679344e-008	0.026709
3.681844e-008	0.0198975
3.684344e-008	0.0088379
3.686844e-008	0.016333
3.689344e-008	0.0253662
3.691844e-008	0.033667
3.694344e-008	0.0194092
3.696844e-008	0.00344239
3.699344e-008	0.0233887
3.701844e-008	0.0281983
3.704344e-008	0.0134766
3.706844e-008	0.0169678
3.709344e-008	0.0222412
3.711844e-008	0.0214844
3.714344e-008	0.0155518
3.716844e-008	0.0202637
3.719344e-008	0.029541
3.721844e-008	0.0175537
3.724344e-008	0.0179688
3.726844e-008	0.0243897
3.729344e-008	0.0225586
3.731844e-008	0.0358154
3.734344e-008	0.0323975
3.736844e-008	0.020044
3.739344e-008	0.0226318
3.741844e-008	0.0175049
3.744344e-008	0.0144775
3.746844e-008	0.0209717
3.749344e-008	0.0268311
3.751844e-008	0.0193848
3.754344e-008	0.00961915
3.756844e-008	0.0240723
3.759344e-008	0.0303955
3.761844e-008	0.0224854
3.764344e-008	0.0234863
3.766844e-008	0.0172363
3.769344e-008	0.0219727
3.771844e-008	0.030542
3.774344e-008	0.0189209
3.776844e-008	0.0214111
3.779344e-008	0.0175049
3.781844e-008	-0.000561516
3.784344e-008	0.0164795
3.786844e-008	0.0344971
3.789344e-008	0.0277832
3.791844e-008	0.0277588
3.794344e-008	0.0242432
3.796844e-008	0.0155274
3.799344e-008	0.0213135
3.801844e-008	0.0255371
3.804344e-008	0.0175781
3.806844e-008	0.0143555
3.809344e-008	0.019165
3.811844e-008	0.025293
3.814344e-008	0.0313721
3.816844e-008	0.0297363
3.819344e-008	0.0229736
3.821844e-008	0.0172119
3.824344e-008	0.0152588
3.826844e-008	0.0216553
3.829344e-008	0.0200928
3.831844e-008	0.0125732
3.834344e-008	0.0226318
3.836844e-008	0.0399902
3.839344e-008	0.0378662
3.841844e-008	0.0209473
3.844344e-008	0.0160156
3.846844e-008	0.0240479
3.849344e-008	0.0272705
3.851844e-008	0.0229492
3.854344e-008	0.0231445
3.856844e-008	0.0265625
3.859344e-008	0.0221436
3.861844e-008	0.0135254
3.864344e-008	0.0106934
3.866844e-008	0.0127197
3.869344e-008	0.00869141
3.871844e-008	0.0101807
3.874344e-008	0.0174561
3.876844e-008	0.0203613
3.879344e-008	0.0320557
3.881844e-008	0.0289795
3.884344e-008	0.0185547
3.886844e-008	0.0246582
3.889344e-008	0.0125977
3.891844e-008	0.0107422
3.894344e-008	0.0281006
3.896844e-008	0.0250733
3.899344e-008	0.0321777
3.901844e-008	0.0390869
3.904344e-008	0.0247315
3.906844e-008	0.0214844
3.909344e-008	0.0233643
3.911844e-008	0.0179932
3.914344e-008	0.0151367
3.916844e-008	0.0204346
3.919344e-008	0.022168
3.921844e-008	0.014502
3.924344e-008	0.0185059
3.926844e-008	0.0195313
3.929344e-008	0.0146484
3.931844e-008	0.0299805
3.934344e-008	0.0289307
3.936844e-008	0.0149658
3.939344e-008	0.0222168
3.941844e-008	0.0199707
3.944344e-008	0.016333
3.946844e-008	0.02146
3.949344e-008	0.0104981
3.951844e-008	0.00490723
3.954344e-008	0.0156982
3.956844e-008	0.0239014
3.959344e-008	0.0243408
3.961844e-008	0.0194824
3.964344e-008	0.016919
3.966844e-008	0.017334
3.969344e-008	0.0223633
3.971844e-008	0.0298584
3.974344e-008	0.0211914
3.976844e-008	0.0151123
3.979344e-008	0.0239502
3.981844e-008	0.0150391
3.984344e-008	0.00839845
3.986844e-008	0.0205566
3.989344e-008	0.0259033
3.991844e-008	0.036792
3.994344e-008	0.0310791
3.996844e-008	0.00122071
3.999344e-008	0.00361329
4.001844e-008	0.0052002
4.004344e-008	-0.0010498
4.006844e-008	0.0244385
4.009344e-008	0.0327393
4.011844e-008	0.030127
4.014344e-008	0.02229
4.016844e-008	0.00610352
4.019344e-008	0.0214844
4.021844e-008	0.0246582
4.024344e-008	0.0164307
4.026844e-008	0.0177734
4.029344e-008	0.0112061
4.031844e-008	0.00932618
4.034344e-008	0.00400391
4.036844e-008	0.0185547
4.039344e-008	0.0345459
4.041844e-008	0.0197022
4.044344e-008	0.0173828
4.046844e-008	0.0272705
4.049344e-008	0.0290772
4.051844e-008	0.0258545
4.054344e-008	0.0227051
4.056844e-008	0.0188232
4.059344e-008	0.0182861
4.061844e-008	0.0229004
4.064344e-008	0.021875
4.066844e-008	0.020752
4.069344e-008	0.0209717
4.071844e-008	0.0281983
4.074344e-008	0.030249
4.076844e-008	0.0265137
4.079344e-008	0.0292969
4.081844e-008	0.0109619
4.084344e-008	0.00964356
4.086844e-008	0.0300293
4.089344e-008	0.0200928
4.091844e-008	0.013794
4.094344e-008	0.0185547
4.096844e-008	0.0248535
4.099344e-008	0.0249268
4.101844e-008	0.00419923
4.104344e-008	0.00576173
4.106844e-008	0.0219482
4.109344e-008	0.0245361
4.111844e-008	0.0227539
4.114344e-008	0.0104248
4.116844e-008	0.00983887
4.119344e-008	0.0198731
4.121844e-008	0.015625
4.124344e-008	0.01604
4.126844e-008	0.0189941
4.129344e-008	0.0212647
4.131844e-008	0.0255859
4.134344e-008	0.0158447
4.136844e-008	0.0202881
4.139344e-008	0.0277832
4.141844e-008	0.0113281
4.144344e-008	0.0144775
4.146844e-008	0.0247559
4.149344e-008	0.0271973
4.151844e-008	0.0240479
4.154344e-008	0.00112305
4.156844e-008	0.0111328
4.159344e-008	0.0258057
4.161844e-008	0.00856934
4.164344e-008	0.0125244
4.166844e-008	0.0117676
4.169344e-008	0.0081543
4.171844e-008	0.0220703
4.174344e-008	0.0174561
4.176844e-008	0.0136963
4.179344e-008	0.0203369
4.181844e-008	0.0169922
4.184344e-008	0.011499
4.186844e-008	0.00864259
4.189344e-008	0.0115723
4.191844e-008	0.0307129
4.194344e-008	0.0312256
4.196844e-008	0.0083252
4.199344e-008	0.0214111
4.201844e-008	0.0339111
4.204344e-008	0.01875
4.206844e-008	0.0202881
4.209344e-008	0.0192383
4.211844e-008	0.0143799
4.214344e-008	0.0227783
4.216844e-008	0.0252197
4.219344e-008	0.0192871
4.221844e-008	0.0163818
4.224344e-008	0.0175293
4.226844e-008	0.0181397
4.229344e-008	0.0236084
4.231844e-008	0.0206299
4.234344e-008	0.0112305
4.236844e-008	0.0255371
4.239344e-008	0.0289795
4.241844e-008	0.0102295
4.244344e-008	0.017749
4.246844e-008	0.022583
4.249344e-008	0.00942384
4.251844e-008	0.023169
4.254344e-008	0.039209
4.256844e-008	0.0291748
4.259344e-008	0.0229004
4.261844e-008	0.0202637
4.264344e-008	0.0114258
4.266844e-008	0.0221191
4.269344e-008	0.0329834
4.271844e-008	0.0185547
4.274344e-008	0.0124024
4.276844e-008	0.0240723
4.279344e-008	0.0365234
4.281844e-008	0.0291016
4.284344e-008	0.0121582
4.286844e-008	0.0148926
4.289344e-008	0.0178955
4.291844e-008	0.0172852
4.294344e-008	0.0150635
4.296844e-008	0.0152344
4.299344e-008	0.0246094
4.301844e-008	0.00603028
4.304344e-008	-0.00178222
4.306844e-008	0.0273438
4.309344e-008	0.0248535
4.311844e-008	0.014624
4.314344e-008	0.0247315
4.316844e-008	0.0265137
4.319344e-008	0.0283447
4.321844e-008	0.0244141
4.324344e-008	0.0192871
4.326844e-008	0.0179443
4.329344e-008	0.0143066
4.331844e-008	0.025415
4.334344e-008	0.0299072
4.336844e-008	0.02146
4.339344e-008	0.0223633
4.341844e-008	0.0187012
4.344344e-008	0.015625
4.346844e-008	0.0269531
4.349344e-008	0.0267334
4.351844e-008	0.013501
4.354344e-008	0.0145752
4.356844e-008	0.0193604
4.359344e-008	0.017749
4.361844e-008	0.0129883
4.364344e-008	0.0133545
4.366844e-008	0.0261719
4.369344e-008	0.0222656
4.371844e-008	0.0190186
4.374344e-008	0.0297119
4.376844e-008	0.0237305
4.379344e-008	0.0217774
4.381844e-008	0.0194092
4.384344e-008	0.0158936
4.386844e-008	0.0308594
4.389344e-008	0.0318115
4.391844e-008	0.0190186
4.394344e-008	0.0118897
4.396844e-008	0.0146973
4.399344e-008	0.0229981
4.401844e-008	0.016919
4.404344e-008	0.0156006
4.406844e-008	0.0261963
4.409344e-008	0.0280518
4.411844e-008	0.0255615
4.414344e-008	0.0161865
4.416844e-008	0.0106201
4.419344e-008	0.0185547
4.421844e-008	0.015625
4.424344e-008	0.00664063
4.426844e-008	0.0128418
4.429344e-008	0.0254639
4.431844e-008	0.0335693
4.434344e-008	0.0293945
4.436844e-008	0.0221924
4.439344e-008	0.0344727
4.441844e-008	0.0291748
4.444344e-008	0.00532227
4.446844e-008	0.0139893
4.449344e-008	0.0197022
4.451844e-008	0.0134766
4.454344e-008	0.0197266
4.456844e-008	0.0189453
4.459344e-008	0.0151611
4.461844e-008	0.00610352
4.464344e-008	0.00109864
4.466844e-008	0.0164551
4.469344e-008	0.0246094
4.471844e-008	0.0196045
4.474344e-008	0.0264404
4.476844e-008	0.0312988
4.479344e-008	0.0201172
4.481844e-008	0.0209717
4.484344e-008	0.0199219
4.486844e-008	0.0108643
4.489344e-008	0.0221436
4.491844e-008	0.0175537
4.494344e-008	0.00295411
4.496844e-008	0.026709
4.499344e-008	0.0423828
4.501844e-008	0.0241943
4.504344e-008	0.0209473
4.506844e-008	0.0281494
4.509344e-008	0.022168
4.511844e-008	0.0250244
4.514344e-008	0.029126
4.516844e-008	0.0205811
4.519344e-008	0.0229981
4.521844e-008	0.0246826
4.524344e-008	0.0159912
4.526844e-008	0.016626
4.529344e-008	0.017627
4.531844e-008	0.0154541
4.534344e-008	0.0203125
4.536844e-008	0.0309082
4.539344e-008	0.0312256
4.541844e-008	0.0190918
4.544344e-008	0.0133301
4.546844e-008	0.00546876
4.549344e-008	0.00468751
4.551844e-008	0.0144287
4.554344e-008	0.0117432
4.556844e-008	0.0231201
4.559344e-008	0.0378662
4.561844e-008	0.0168457
4.564344e-008	0.00261231
4.566844e-008	0.0202149
4.569344e-008	0.0313965
4.571844e-008	0.0251465
4.574344e-008	0.0180908
4.576844e-008	0.0232178
4.579344e-008	0.0320557
4.581844e-008	0.0252441
4.584344e-008	0.0213135
4.586844e-008	0.0279053
4.589344e-008	0.0240723
4.591844e-008	0.0132813
4.594344e-008	0.00959473
4.596844e-008	0.0239014
4.599344e-008	0.0320801
4.601844e-008	0.00791016
4.604344e-008	0.00273438
4.606844e-008	0.0344727
4.609344e-008	0.0310059
4.611844e-008	0.0119385
4.614344e-008	0.0250488
4.616844e-008	0.0247559
4.619344e-008	0.023584
4.621844e-008	0.0193115
4.624344e-008	0.00112305
4.626844e-008	0.016919
4.629344e-008	0.0231934
4.631844e-008	0.0138184
4.634344e-008	0.0233643
4.636844e-008	0.0308594
4.639344e-008	0.0322022
4.641844e-008	0.0124512
4.644344e-008	0.00742188
4.646844e-008	0.0282959
4.649344e-008	0.0189941
4.651844e-008	0.0074463
4.654344e-008	0.0090088
4.656844e-008	0.00996095
4.659344e-008	0.0231201
4.661844e-008	0.0156006
4.664344e-008	0.00478516
4.666844e-008	0.0182373
4.669344e-008	0.0129883
4.671844e-008	0.0161133
4.674344e-008	0.0242676
4.676844e-008	0.0112793
4.679344e-008	0.0286865
4.681844e-008	0.0334961
4.684344e-008	0.00822755
4.686844e-008	0.0121826
4.689344e-008	0.0189941
4.691844e-008	0.019043
4.694344e-008	0.0210938
4.696844e-008	0.00920411
4.699344e-008	0.0125488
4.701844e-008	0.0314941
4.704344e-008	0.022583
4.706844e-008	0.0144287
4.709344e-008	0.0286133
4.711844e-008	0.0262695
4.714344e-008	0.0170654
4.716844e-008	0.0189209
4.719344e-008	0.0256104
4.721844e-008	0.0228027
4.724344e-008	0.0141113
4.726844e-008	0.0243897
4.729344e-008	0.0206543
4.731844e-008	-0.00581054
4.734344e-008	-0.00136718
4.736844e-008	0.0229004
4.739344e-008	0.0231934
4.741844e-008	0.0150635
4.744344e-008	0.0166748
4.746844e-008	0.0160156
4.749344e-008	0.0218994
4.751844e-008	0.0342774
4.754344e-008	0.0311279
4.756844e-008	0.0259766
4.759344e-008	0.0327149
4.761844e-008	0.0225342
4.764344e-008	0.00886231
4.766844e-008	0.0243652
4.769344e-008	0.0302979
4.771844e-008	0.0175781
4.774344e-008	0.0160156
4.776844e-008	0.0156494
4.779344e-008	0.0230225
4.781844e-008	0.0340088
4.784344e-008	0.0205566
4.786844e-008	0.0119385
4.789344e-008	0.025415
4.791844e-008	0.0300781
4.794344e-008	0.0196533
4.796844e-008	0.0129639
4.799344e-008	0.0201172
4.801844e-008	0.0135254
4.804344e-008	0.00573731
4.806844e-008	0.0228027
4.809344e-008	0.0221191
4.811844e-008	0.0146484
4.814344e-008	0.0174316
4.816844e-008	0.0165283
4.819344e-008	0.0191895
4.821844e-008	0.0183594
4.824344e-008	0.0263916
4.826844e-008	0.0278809
4.829344e-008	0.0161133
4.831844e-008	0.018457
4.834344e-008	0.0218994
4.836844e-008	0.0236084
4.839344e-008	0.0201172
4.841844e-008	0.0131836
4.844344e-008	0.0221436
4.846844e-008	0.0293457
4.849344e-008	0.0208984
4.851844e-008	0.0147949
4.854344e-008	0.0216553
4.856844e-008	0.0307617
4.859344e-008	0.0252441
4.861844e-008	0.0268311
4.864344e-008	0.036792
4.866844e-008	0.0160889
4.869344e-008	0.0105469
4.871844e-008	0.0250488
4.874344e-008	0.0143799
4.876844e-008	0.027832
4.879344e-008	0.0362793
4.881844e-008	0.0041504
4.884344e-008	0.00117188
4.886844e-008	0.0183106
4.889344e-008	0.0192139
4.891844e-008	0.0188477
4.894344e-008	0.0183838
4.896844e-008	0.0209473
4.899344e-008	0.025
4.901844e-008	0.0160645
4.904344e-008	0.0113525
4.906844e-008	0.0148193
4.909344e-008	0.00947266
4.911844e-008	0.0121338
4.914344e-008	0.0190186
4.916844e-008	0.0179932
4.919344e-008	0.0231201
4.921844e-008	0.0205811
4.924344e-008	0.0158203
4.926844e-008	0.0239746
4.929344e-008	0.0214356
4.931844e-008	0.0193848
4.934344e-008	0.0277344
4.936844e-008	0.0320557
4.939344e-008	0.0306641
4.941844e-008	0.013916
4.944344e-008	0.00998536
4.946844e-008	0.025708
4.949344e-008	0.0268799
4.951844e-008	0.0300293
4.954344e-008	0.0330811
4.956844e-008	0.0267334
4.959344e-008	0.0240234
4.961844e-008	0.00854493
4.964344e-008	0.0050293
4.966844e-008	0.022168
4.969344e-008	0.0155518
4.971844e-008	0.0136231
4.974344e-008	0.0217529
4.976844e-008	0.00856934
4.979344e-008	0.00961915
4.981844e-008	0.021167
4.984344e-008	0.0232666
4.986844e-008	0.0238525
4.989344e-008	0.0223633
4.991844e-008	0.0310547
4.994344e-008	0.0278076
4.996844e-008	0.0173828
4.999344e-008	0.0199219
5.001844e-008	0.0104981
