# LECROYWM813Zi	51496	Waveform
# Segments	1	SegmentSize	4002
# Segment	TrigTime	TimeSinceSegment1
# #1	30-Nov-2018 17:24:44	0                 
# Time	Ampl
-5.002109e-008	0.0341553
-4.999609e-008	0.0124268
-4.997109e-008	-0.0020996
-4.994609e-008	0.0100342
-4.992109e-008	0.0266358
-4.989609e-008	0.0324463
-4.987109e-008	0.0199463
-4.984609e-008	0.02229
-4.982109e-008	0.0296875
-4.979609e-008	0.0242432
-4.977109e-008	0.0223877
-4.974609e-008	0.00961915
-4.972109e-008	0.00488282
-4.969609e-008	0.0210693
-4.967109e-008	0.0251709
-4.964609e-008	0.0189453
-4.962109e-008	0.0166016
-4.959609e-008	0.0216309
-4.957109e-008	0.0249512
-4.954609e-008	0.0198486
-4.952109e-008	0.0238281
-4.949609e-008	0.0255371
-4.947109e-008	0.00976563
-4.944609e-008	0.0126465
-4.942109e-008	0.0246094
-4.939609e-008	0.0180664
-4.937109e-008	0.0213623
-4.934609e-008	0.0200928
-4.932109e-008	0.0144775
-4.929609e-008	0.0321045
-4.927109e-008	0.0352295
-4.924609e-008	0.0117188
-4.922109e-008	0.00395509
-4.919609e-008	0.0249268
-4.917109e-008	0.0256836
-4.914609e-008	0.00625001
-4.912109e-008	0.0132568
-4.909609e-008	0.0221191
-4.907109e-008	0.0220947
-4.904609e-008	0.0221436
-4.902109e-008	0.0182373
-4.899609e-008	0.023584
-4.897109e-008	0.0173828
-4.894609e-008	0.00422364
-4.892109e-008	0.0164063
-4.889609e-008	0.0216797
-4.887109e-008	0.0128662
-4.884609e-008	0.0192383
-4.882109e-008	0.0171387
-4.879609e-008	0.0108399
-4.877109e-008	0.0196045
-4.874609e-008	0.0205078
-4.872109e-008	0.0179688
-4.869609e-008	0.0171631
-4.867109e-008	0.0103272
-4.864609e-008	0.00356446
-4.862109e-008	0.0140381
-4.859609e-008	0.0359619
-4.857109e-008	0.0267334
-4.854609e-008	0.0060547
-4.852109e-008	0.0153809
-4.849609e-008	0.0259766
-4.847109e-008	0.0147949
-4.844609e-008	0.0071045
-4.842109e-008	0.0163818
-4.839609e-008	0.0271729
-4.837109e-008	0.0267822
-4.834609e-008	0.0154785
-4.832109e-008	0.0190674
-4.829609e-008	0.0267822
-4.827109e-008	0.0110107
-4.824609e-008	0.0155029
-4.822109e-008	0.0283691
-4.819609e-008	0.00634766
-4.817109e-008	-0.000195305
-4.814609e-008	0.0171631
-4.812109e-008	0.0131592
-4.809609e-008	0.00825196
-4.807109e-008	0.0153565
-4.804609e-008	0.0156006
-4.802109e-008	0.0230225
-4.799609e-008	0.0218018
-4.797109e-008	0.00578614
-4.794609e-008	0.0126953
-4.792109e-008	0.0185059
-4.789609e-008	0.0136231
-4.787109e-008	0.0202393
-4.784609e-008	0.0215088
-4.782109e-008	0.0196289
-4.779609e-008	0.0126221
-4.777109e-008	0.00690919
-4.774609e-008	0.0232178
-4.772109e-008	0.0301514
-4.769609e-008	0.0172852
-4.767109e-008	0.0113525
-4.764609e-008	0.00942384
-4.762109e-008	0.00312501
-4.759609e-008	0.0141846
-4.757109e-008	0.0391602
-4.754609e-008	0.0336182
-4.752109e-008	0.0167969
-4.749609e-008	0.0190674
-4.747109e-008	0.0188965
-4.744609e-008	0.0217529
-4.742109e-008	0.0247559
-4.739609e-008	0.027124
-4.737109e-008	0.0305176
-4.734609e-008	0.0069336
-4.732109e-008	0.00117188
-4.729609e-008	0.0251465
-4.727109e-008	0.0174316
-4.724609e-008	0.00925294
-4.722109e-008	0.0231934
-4.719609e-008	0.0273926
-4.717109e-008	0.0247315
-4.714609e-008	0.0211182
-4.712109e-008	0.0198975
-4.709609e-008	0.0179688
-4.707109e-008	0.0172119
-4.704609e-008	0.0239014
-4.702109e-008	0.0198486
-4.699609e-008	0.0160889
-4.697109e-008	0.0223633
-4.694609e-008	0.016919
-4.692109e-008	0.0197754
-4.689609e-008	0.0175537
-4.687109e-008	-0.00917968
-4.684609e-008	-0.00214843
-4.682109e-008	0.0123779
-4.679609e-008	0.00964356
-4.677109e-008	0.0313477
-4.674609e-008	0.0331299
-4.672109e-008	0.0188965
-4.669609e-008	0.0189941
-4.667109e-008	0.0156494
-4.664609e-008	0.0160645
-4.662109e-008	0.0108399
-4.659609e-008	0.0185059
-4.657109e-008	0.0278565
-4.654609e-008	0.014209
-4.652109e-008	0.0236084
-4.649609e-008	0.0369873
-4.647109e-008	0.0229981
-4.644609e-008	0.0138672
-4.642109e-008	0.0140137
-4.639609e-008	0.0125244
-4.637109e-008	0.0153809
-4.634609e-008	0.0206787
-4.632109e-008	0.0291748
-4.629609e-008	0.0322998
-4.627109e-008	0.0134522
-4.624609e-008	0.00593262
-4.622109e-008	0.0179199
-4.619609e-008	0.0185547
-4.617109e-008	0.0219971
-4.614609e-008	0.0247559
-4.612109e-008	0.0166992
-4.609609e-008	0.0163086
-4.607109e-008	0.017627
-4.604609e-008	0.0245361
-4.602109e-008	0.0415527
-4.599609e-008	0.0385742
-4.597109e-008	0.0199463
-4.594609e-008	0.00546876
-4.592109e-008	0.00385743
-4.589609e-008	0.0196045
-4.587109e-008	0.026294
-4.584609e-008	0.0210938
-4.582109e-008	0.0175781
-4.579609e-008	0.0227295
-4.577109e-008	0.0313477
-4.574609e-008	0.023877
-4.572109e-008	0.0148926
-4.569609e-008	0.0098877
-4.567109e-008	0.00991212
-4.564609e-008	0.0102295
-4.562109e-008	0.0133057
-4.559609e-008	0.0335693
-4.557109e-008	0.0262695
-4.554609e-008	0.00583497
-4.552109e-008	0.0135986
-4.549609e-008	0.0181397
-4.547109e-008	0.018335
-4.544609e-008	0.0268799
-4.542109e-008	0.028833
-4.539609e-008	0.0266358
-4.537109e-008	0.0277344
-4.534609e-008	0.0193604
-4.532109e-008	0.0167481
-4.529609e-008	0.0191162
-4.527109e-008	0.00959473
-4.524609e-008	-0.000561516
-4.522109e-008	-0.00412597
-4.519609e-008	0.0208984
-4.517109e-008	0.0323731
-4.514609e-008	0.0177734
-4.512109e-008	0.0255859
-4.509609e-008	0.0259766
-4.507109e-008	0.0244629
-4.504609e-008	0.0180664
-4.502109e-008	0.00192872
-4.499609e-008	0.0123047
-4.497109e-008	0.0145996
-4.494609e-008	0.00773927
-4.492109e-008	0.0229981
-4.489609e-008	0.0305908
-4.487109e-008	0.0195801
-4.484609e-008	0.0250244
-4.482109e-008	0.0326416
-4.479609e-008	0.023169
-4.477109e-008	0.0226318
-4.474609e-008	0.0185059
-4.472109e-008	0.0165527
-4.469609e-008	0.0187988
-4.467109e-008	0.014502
-4.464609e-008	0.0298584
-4.462109e-008	0.028418
-4.459609e-008	0.0106201
-4.457109e-008	0.0215576
-4.454609e-008	0.0211914
-4.452109e-008	0.0102539
-4.449609e-008	0.017627
-4.447109e-008	0.0189697
-4.444609e-008	0.0194336
-4.442109e-008	0.0232666
-4.439609e-008	0.0282227
-4.437109e-008	0.0326416
-4.434609e-008	0.00527345
-4.432109e-008	-0.00537109
-4.429609e-008	0.0224854
-4.427109e-008	0.0224854
-4.424609e-008	0.0154297
-4.422109e-008	0.0197022
-4.419609e-008	0.0237305
-4.417109e-008	0.0303955
-4.414609e-008	0.0233887
-4.412109e-008	0.0182617
-4.409609e-008	0.0181152
-4.407109e-008	0.0248779
-4.404609e-008	0.0230469
-4.402109e-008	0.00576173
-4.399609e-008	0.0259522
-4.397109e-008	0.0348633
-4.394609e-008	0.0140625
-4.392109e-008	0.0259766
-4.389609e-008	0.0303467
-4.387109e-008	0.0191895
-4.384609e-008	0.0259522
-4.382109e-008	0.0315186
-4.379609e-008	0.0282959
-4.377109e-008	0.0214356
-4.374609e-008	0.0134766
-4.372109e-008	0.0192627
-4.369609e-008	0.0256104
-4.367109e-008	0.0105713
-4.364609e-008	0.00812989
-4.362109e-008	0.0185303
-4.359609e-008	0.0178955
-4.357109e-008	0.0159668
-4.354609e-008	0.00717774
-4.352109e-008	0.0104981
-4.349609e-008	0.0198731
-4.347109e-008	0.0178467
-4.344609e-008	0.0276611
-4.342109e-008	0.0269043
-4.339609e-008	0.0200684
-4.337109e-008	0.0288086
-4.334609e-008	0.0256104
-4.332109e-008	0.0231201
-4.329609e-008	0.0223389
-4.327109e-008	0.00551759
-4.324609e-008	0.00422364
-4.322109e-008	0.00930177
-4.319609e-008	0.00998536
-4.317109e-008	0.026294
-4.314609e-008	0.0263428
-4.312109e-008	0.0189209
-4.309609e-008	0.0258301
-4.307109e-008	0.0213135
-4.304609e-008	0.0185303
-4.302109e-008	0.0204102
-4.299609e-008	0.0175049
-4.297109e-008	0.0183838
-4.294609e-008	0.0183106
-4.292109e-008	0.0184082
-4.289609e-008	0.0199219
-4.287109e-008	0.0163818
-4.284609e-008	0.00473634
-4.282109e-008	0.00871583
-4.279609e-008	0.0280029
-4.277109e-008	0.0267578
-4.274609e-008	0.0252686
-4.272109e-008	0.026001
-4.269609e-008	0.0124024
-4.267109e-008	0.0158203
-4.264609e-008	0.0250244
-4.262109e-008	0.0219971
-4.259609e-008	0.0268311
-4.257109e-008	0.0289307
-4.254609e-008	0.0174072
-4.252109e-008	0.0138672
-4.249609e-008	0.0154541
-4.247109e-008	0.0124024
-4.244609e-008	0.0166504
-4.242109e-008	0.0188477
-4.239609e-008	0.0227539
-4.237109e-008	0.0230469
-4.234609e-008	-7.32347e-005
-4.232109e-008	0.00334473
-4.229609e-008	0.0291992
-4.227109e-008	0.030542
-4.224609e-008	0.0289307
-4.222109e-008	0.0220703
-4.219609e-008	0.0177979
-4.217109e-008	0.0255859
-4.214609e-008	0.0231934
-4.212109e-008	0.0165283
-4.209609e-008	0.0139404
-4.207109e-008	0.0270752
-4.204609e-008	0.0327393
-4.202109e-008	0.0176758
-4.199609e-008	0.0155029
-4.197109e-008	0.0237793
-4.194609e-008	0.0340576
-4.192109e-008	0.0317871
-4.189609e-008	0.0188477
-4.187109e-008	0.014209
-4.184609e-008	0.00378419
-4.182109e-008	-0.000708
-4.179609e-008	0.0152344
-4.177109e-008	0.031665
-4.174609e-008	0.0264893
-4.172109e-008	0.0170899
-4.169609e-008	0.0170654
-4.167109e-008	0.0161621
-4.164609e-008	0.0382813
-4.162109e-008	0.0354736
-4.159609e-008	0.00410157
-4.157109e-008	0.0207275
-4.154609e-008	0.0266113
-4.152109e-008	0.0161621
-4.149609e-008	0.0297119
-4.147109e-008	0.0272949
-4.144609e-008	0.0233643
-4.142109e-008	0.0239746
-4.139609e-008	0.0273682
-4.137109e-008	0.0240234
-4.134609e-008	-0.000122063
-4.132109e-008	0.00280762
-4.129609e-008	0.0189453
-4.127109e-008	0.0179199
-4.124609e-008	0.0159668
-4.122109e-008	0.0131836
-4.119609e-008	0.0169434
-4.117109e-008	0.0204346
-4.114609e-008	0.0191895
-4.112109e-008	0.0246582
-4.109609e-008	0.0291016
-4.107109e-008	0.0223633
-4.104609e-008	0.0124268
-4.102109e-008	0.0149414
-4.099609e-008	0.0274902
-4.097109e-008	0.0305176
-4.094609e-008	0.0144287
-4.092109e-008	0.0109375
-4.089609e-008	0.0184326
-4.087109e-008	0.0125
-4.084609e-008	0.0237061
-4.082109e-008	0.0282471
-4.079609e-008	0.01875
-4.077109e-008	0.0270508
-4.074609e-008	0.0232422
-4.072109e-008	0.027124
-4.069609e-008	0.0329834
-4.067109e-008	0.0162109
-4.064609e-008	0.0229248
-4.062109e-008	0.0293457
-4.059609e-008	0.0196777
-4.057109e-008	0.0261963
-4.054609e-008	0.0244629
-4.052109e-008	0.015918
-4.049609e-008	0.0212402
-4.047109e-008	0.0151611
-4.044609e-008	0.0138428
-4.042109e-008	0.0280029
-4.039609e-008	0.0137695
-4.037109e-008	0.00307618
-4.034609e-008	0.0123047
-4.032109e-008	0.0128174
-4.029609e-008	0.0263184
-4.027109e-008	0.0298096
-4.024609e-008	0.0177002
-4.022109e-008	0.0187988
-4.019609e-008	0.0185547
-4.017109e-008	0.0189453
-4.014609e-008	0.0203613
-4.012109e-008	0.0182373
-4.009609e-008	0.016626
-4.007109e-008	0.0205322
-4.004609e-008	0.0283936
-4.002109e-008	0.0196777
-3.999609e-008	0.0182129
-3.997109e-008	0.0365479
-3.994609e-008	0.0306641
-3.992109e-008	0.0207031
-3.989609e-008	0.0255371
-3.987109e-008	0.0103272
-3.984609e-008	0.0072754
-3.982109e-008	0.0192627
-3.979609e-008	0.0119629
-3.977109e-008	0.0213379
-3.974609e-008	0.0304932
-3.972109e-008	0.0199951
-3.969609e-008	0.022876
-3.967109e-008	0.0241699
-3.964609e-008	0.0215088
-3.962109e-008	0.0272217
-3.959609e-008	0.0292236
-3.957109e-008	0.0215088
-3.954609e-008	0.0076172
-3.952109e-008	0.00576173
-3.949609e-008	0.0191162
-3.947109e-008	0.0207031
-3.944609e-008	0.0189697
-3.942109e-008	0.0269531
-3.939609e-008	0.0275635
-3.937109e-008	0.0324463
-3.934609e-008	0.0229981
-3.932109e-008	0.00180665
-3.929609e-008	0.0144775
-3.927109e-008	0.0186524
-3.924609e-008	0.00656739
-3.922109e-008	0.0119873
-3.919609e-008	0.0206055
-3.917109e-008	0.0277588
-3.914609e-008	0.0224609
-3.912109e-008	0.0173096
-3.909609e-008	0.0201172
-3.907109e-008	0.016919
-3.904609e-008	0.0231934
-3.902109e-008	0.0253906
-3.899609e-008	0.0182129
-3.897109e-008	0.0177979
-3.894609e-008	0.00954591
-3.892109e-008	0.0135254
-3.889609e-008	0.0304199
-3.887109e-008	0.0217285
-3.884609e-008	0.0153076
-3.882109e-008	0.0236084
-3.879609e-008	0.0217529
-3.877109e-008	0.0227051
-3.874609e-008	0.0267578
-3.872109e-008	0.0222168
-3.869609e-008	0.013794
-3.867109e-008	0.00783692
-3.864609e-008	0.00976563
-3.862109e-008	0.0233399
-3.859609e-008	0.0389649
-3.857109e-008	0.0332764
-3.854609e-008	0.0125977
-3.852109e-008	0.0130371
-3.849609e-008	0.0251953
-3.847109e-008	0.0125
-3.844609e-008	0.00756837
-3.842109e-008	0.030249
-3.839609e-008	0.0283691
-3.837109e-008	0.0197266
-3.834609e-008	0.035791
-3.832109e-008	0.0249268
-3.829609e-008	0.00683595
-3.827109e-008	0.0263916
-3.824609e-008	0.0279785
-3.822109e-008	0.00817872
-3.819609e-008	0.0214111
-3.817109e-008	0.0409912
-3.814609e-008	0.0334229
-3.812109e-008	0.0265137
-3.809609e-008	0.0285889
-3.807109e-008	0.0226318
-3.804609e-008	0.020752
-3.802109e-008	0.0155274
-3.799609e-008	0.00895997
-3.797109e-008	0.0188721
-3.794609e-008	0.0159912
-3.792109e-008	0.0140625
-3.789609e-008	0.0241455
-3.787109e-008	0.0228272
-3.784609e-008	0.0238525
-3.782109e-008	0.0179443
-3.779609e-008	0.0127441
-3.777109e-008	0.0114502
-3.774609e-008	0.00302735
-3.772109e-008	0.0171387
-3.769609e-008	0.0237793
-3.767109e-008	0.0119141
-3.764609e-008	0.0174805
-3.762109e-008	0.0199463
-3.759609e-008	0.0222656
-3.757109e-008	0.0270752
-3.754609e-008	0.0166748
-3.752109e-008	0.0209717
-3.749609e-008	0.0377441
-3.747109e-008	0.0319336
-3.744609e-008	0.0206299
-3.742109e-008	0.0240723
-3.739609e-008	0.0341553
-3.737109e-008	0.0380859
-3.734609e-008	0.0242188
-3.732109e-008	0.0153565
-3.729609e-008	0.0232178
-3.727109e-008	0.0260498
-3.724609e-008	0.0229248
-3.722109e-008	0.0168457
-3.719609e-008	0.0173096
-3.717109e-008	0.0260254
-3.714609e-008	0.0249268
-3.712109e-008	0.0211426
-3.709609e-008	0.0179688
-3.707109e-008	0.00651856
-3.704609e-008	0.0162354
-3.702109e-008	0.033667
-3.699609e-008	0.0205322
-3.697109e-008	0.0221436
-3.694609e-008	0.0219238
-3.692109e-008	0.00371095
-3.689609e-008	0.0232666
-3.687109e-008	0.0342285
-3.684609e-008	0.0209473
-3.682109e-008	0.0190918
-3.679609e-008	0.0198975
-3.677109e-008	0.0229492
-3.674609e-008	0.0195068
-3.672109e-008	0.0223145
-3.669609e-008	0.0231201
-3.667109e-008	0.0187988
-3.664609e-008	0.0308106
-3.662109e-008	0.0217285
-3.659609e-008	0.0165772
-3.657109e-008	0.034668
-3.654609e-008	0.0165283
-3.652109e-008	0.00256348
-3.649609e-008	0.025
-3.647109e-008	0.0336914
-3.644609e-008	0.0237793
-3.642109e-008	0.0163818
-3.639609e-008	0.0288574
-3.637109e-008	0.0320557
-3.634609e-008	0.0108643
-3.632109e-008	0.0158691
-3.629609e-008	0.0283447
-3.627109e-008	0.0213379
-3.624609e-008	0.0199463
-3.622109e-008	0.0154785
-3.619609e-008	0.00273438
-3.617109e-008	0.00427247
-3.614609e-008	0.0183838
-3.612109e-008	0.0204102
-3.609609e-008	0.0199219
-3.607109e-008	0.0294434
-3.604609e-008	0.0270996
-3.602109e-008	0.010376
-3.599609e-008	0.0097168
-3.597109e-008	0.0315186
-3.594609e-008	0.0287109
-3.592109e-008	0.00986329
-3.589609e-008	0.0240234
-3.587109e-008	0.0312012
-3.584609e-008	0.0125244
-3.582109e-008	0.0192383
-3.579609e-008	0.0354248
-3.577109e-008	0.0210938
-3.574609e-008	0.0111572
-3.572109e-008	0.0187744
-3.569609e-008	0.0162842
-3.567109e-008	0.0202881
-3.564609e-008	0.0253906
-3.562109e-008	0.0144287
-3.559609e-008	0.0196533
-3.557109e-008	0.0224854
-3.554609e-008	0.0113281
-3.552109e-008	0.0212891
-3.549609e-008	0.0146729
-3.547109e-008	0.0008545
-3.544609e-008	0.0266602
-3.542109e-008	0.029834
-3.539609e-008	0.00375977
-3.537109e-008	0.0134277
-3.534609e-008	0.0253174
-3.532109e-008	0.0173584
-3.529609e-008	0.0274414
-3.527109e-008	0.0248047
-3.524609e-008	0.0157471
-3.522109e-008	0.0317383
-3.519609e-008	0.0309815
-3.517109e-008	0.0256348
-3.514609e-008	0.0250977
-3.512109e-008	0.0193359
-3.509609e-008	0.027124
-3.507109e-008	0.0218018
-3.504609e-008	0.0107178
-3.502109e-008	0.0158936
-3.499609e-008	0.0184326
-3.497109e-008	0.0148682
-3.494609e-008	0.00646973
-3.492109e-008	0.0111816
-3.489609e-008	0.0246826
-3.487109e-008	0.0179932
-3.484609e-008	0.0117432
-3.482109e-008	0.0177246
-3.479609e-008	0.026416
-3.477109e-008	0.0313477
-3.474609e-008	0.0207275
-3.472109e-008	0.0192871
-3.469609e-008	0.0241211
-3.467109e-008	0.016919
-3.464609e-008	0.0252197
-3.462109e-008	0.0300293
-3.459609e-008	0.0213623
-3.457109e-008	0.0231201
-3.454609e-008	0.0148193
-3.452109e-008	0.00778809
-3.449609e-008	0.0169922
-3.447109e-008	0.0181397
-3.444609e-008	0.0199219
-3.442109e-008	0.0263428
-3.439609e-008	0.0300049
-3.437109e-008	0.0373535
-3.434609e-008	0.033374
-3.432109e-008	0.0206299
-3.429609e-008	0.0179688
-3.427109e-008	0.0125488
-3.424609e-008	0.00942384
-3.422109e-008	0.0259033
-3.419609e-008	0.0234131
-3.417109e-008	-0.00139159
-3.414609e-008	0.00593262
-3.412109e-008	0.0193604
-3.409609e-008	0.0169678
-3.407109e-008	0.0209717
-3.404609e-008	0.0189453
-3.402109e-008	0.0246094
-3.399609e-008	0.0286133
-3.397109e-008	0.0152344
-3.394609e-008	0.0134522
-3.392109e-008	0.0166748
-3.389609e-008	0.0244873
-3.387109e-008	0.0351563
-3.384609e-008	0.0263184
-3.382109e-008	0.0168213
-3.379609e-008	0.0180664
-3.377109e-008	0.014624
-3.374609e-008	0.0131104
-3.372109e-008	0.0200195
-3.369609e-008	0.0193359
-3.367109e-008	0.00737305
-3.364609e-008	0.0153565
-3.362109e-008	0.0382813
-3.359609e-008	0.0342041
-3.357109e-008	0.0162109
-3.354609e-008	0.00876466
-3.352109e-008	0.0084961
-3.349609e-008	0.0138672
-3.347109e-008	0.0180908
-3.344609e-008	0.0185547
-3.342109e-008	0.0246094
-3.339609e-008	0.0303223
-3.337109e-008	0.0183594
-3.334609e-008	0.0100098
-3.332109e-008	0.022583
-3.329609e-008	0.0296143
-3.327109e-008	0.0167725
-3.324609e-008	0.0130371
-3.322109e-008	0.0293213
-3.319609e-008	0.0303467
-3.317109e-008	0.0232422
-3.314609e-008	0.0163086
-3.312109e-008	0.0067627
-3.309609e-008	0.0118408
-3.307109e-008	0.0147949
-3.304609e-008	0.0167236
-3.302109e-008	0.0183594
-3.299609e-008	0.0230469
-3.297109e-008	0.0350098
-3.294609e-008	0.0261963
-3.292109e-008	0.0211426
-3.289609e-008	0.0244141
-3.287109e-008	0.0201904
-3.284609e-008	0.0296631
-3.282109e-008	0.0302979
-3.279609e-008	0.0207275
-3.277109e-008	0.0210938
-3.274609e-008	0.014917
-3.272109e-008	0.0196533
-3.269609e-008	0.0364258
-3.267109e-008	0.0334473
-3.264609e-008	0.0293457
-3.262109e-008	0.0270264
-3.259609e-008	0.0223877
-3.257109e-008	0.0341309
-3.254609e-008	0.0327149
-3.252109e-008	0.0173096
-3.249609e-008	0.0174072
-3.247109e-008	0.0187256
-3.244609e-008	0.0259766
-3.242109e-008	0.0331787
-3.239609e-008	0.0253418
-3.237109e-008	0.0273926
-3.234609e-008	0.0308838
-3.232109e-008	0.0205566
-3.229609e-008	0.0130859
-3.227109e-008	0.0113281
-3.224609e-008	0.0121094
-3.222109e-008	0.00690919
-3.219609e-008	0.0097168
-3.217109e-008	0.0261719
-3.214609e-008	0.0166992
-3.212109e-008	0.0130859
-3.209609e-008	0.0317627
-3.207109e-008	0.0182617
-3.204609e-008	0.0128174
-3.202109e-008	0.0267578
-3.199609e-008	0.0176025
-3.197109e-008	0.0197266
-3.194609e-008	0.0272461
-3.192109e-008	0.0207275
-3.189609e-008	0.0224121
-3.187109e-008	0.0153565
-3.184609e-008	0.0121826
-3.182109e-008	0.0334961
-3.179609e-008	0.0378906
-3.177109e-008	0.0245361
-3.174609e-008	0.0097168
-3.172109e-008	0.00158692
-3.169609e-008	0.0218506
-3.167109e-008	0.028418
-3.164609e-008	0.0231934
-3.162109e-008	0.0325684
-3.159609e-008	0.0265381
-3.157109e-008	0.0258057
-3.154609e-008	0.0247559
-3.152109e-008	0.0120606
-3.149609e-008	0.0194092
-3.147109e-008	0.0224854
-3.144609e-008	0.0197754
-3.142109e-008	0.0292236
-3.139609e-008	0.0295899
-3.137109e-008	0.0213867
-3.134609e-008	0.0130127
-3.132109e-008	0.0177002
-3.129609e-008	0.0293945
-3.127109e-008	0.0205566
-3.124609e-008	0.0140381
-3.122109e-008	0.0195068
-3.119609e-008	0.0300293
-3.117109e-008	0.0434326
-3.114609e-008	0.0347656
-3.112109e-008	0.024292
-3.109609e-008	0.0215088
-3.107109e-008	0.0171143
-3.104609e-008	0.0298096
-3.102109e-008	0.0336914
-3.099609e-008	0.015625
-3.097109e-008	0.0155274
-3.094609e-008	0.0270996
-3.092109e-008	0.0187012
-3.089609e-008	0.0170654
-3.087109e-008	0.031958
-3.084609e-008	0.0279785
-3.082109e-008	0.0164307
-3.079609e-008	0.0208008
-3.077109e-008	0.0234375
-3.074609e-008	0.016919
-3.072109e-008	0.0164063
-3.069609e-008	0.017041
-3.067109e-008	0.0199951
-3.064609e-008	0.0243164
-3.062109e-008	0.0111572
-3.059609e-008	0.0101807
-3.057109e-008	0.019458
-3.054609e-008	0.00893555
-3.052109e-008	0.0202393
-3.049609e-008	0.0304443
-3.047109e-008	0.00825196
-3.044609e-008	0.0154541
-3.042109e-008	0.0315674
-3.039609e-008	0.0281494
-3.037109e-008	0.0264893
-3.034609e-008	0.0118408
-3.032109e-008	0.0124268
-3.029609e-008	0.0208252
-3.027109e-008	0.0152832
-3.024609e-008	0.0266358
-3.022109e-008	0.0261719
-3.019609e-008	0.0156738
-3.017109e-008	0.0189941
-3.014609e-008	0.0167236
-3.012109e-008	0.0203125
-3.009609e-008	0.0238037
-3.007109e-008	0.0206055
-3.004609e-008	0.0282715
-3.002109e-008	0.0331299
-2.999609e-008	0.0314453
-2.997109e-008	0.0290772
-2.994609e-008	0.0229004
-2.992109e-008	0.0213623
-2.989609e-008	0.0213867
-2.987109e-008	0.0197022
-2.984609e-008	0.024585
-2.982109e-008	0.029126
-2.979609e-008	0.0268555
-2.977109e-008	0.0256348
-2.974609e-008	0.0210938
-2.972109e-008	0.0164063
-2.969609e-008	0.0258545
-2.967109e-008	0.0276611
-2.964609e-008	0.00810548
-2.962109e-008	0.00246583
-2.959609e-008	0.0286377
-2.957109e-008	0.0314453
-2.954609e-008	-0.000195305
-2.952109e-008	0.00546876
-2.949609e-008	0.0202149
-2.947109e-008	0.0143066
-2.944609e-008	0.027832
-2.942109e-008	0.0315674
-2.939609e-008	0.0250977
-2.937109e-008	0.0251465
-2.934609e-008	0.0176514
-2.932109e-008	0.0202393
-2.929609e-008	0.0196533
-2.927109e-008	0.0154785
-2.924609e-008	0.0214111
-2.922109e-008	0.0177246
-2.919609e-008	0.0232422
-2.917109e-008	0.0323486
-2.914609e-008	0.0165527
-2.912109e-008	0.00617677
-2.909609e-008	0.0120361
-2.907109e-008	0.0180176
-2.904609e-008	0.0156982
-2.902109e-008	0.0109619
-2.899609e-008	0.0250244
-2.897109e-008	0.0322998
-2.894609e-008	0.0158936
-2.892109e-008	0.0111816
-2.889609e-008	0.0221191
-2.887109e-008	0.0246582
-2.884609e-008	0.0187744
-2.882109e-008	0.0203369
-2.879609e-008	0.0300781
-2.877109e-008	0.0342041
-2.874609e-008	0.0220459
-2.872109e-008	0.0104004
-2.869609e-008	0.0262695
-2.867109e-008	0.0369141
-2.864609e-008	0.0196533
-2.862109e-008	0.0138184
-2.859609e-008	0.0249268
-2.857109e-008	0.0269287
-2.854609e-008	0.0168945
-2.852109e-008	0.0162598
-2.849609e-008	0.0276856
-2.847109e-008	0.0243164
-2.844609e-008	0.0097168
-2.842109e-008	0.0138184
-2.839609e-008	0.0261719
-2.837109e-008	0.0239502
-2.834609e-008	0.0249756
-2.832109e-008	0.0204102
-2.829609e-008	0.00451661
-2.827109e-008	0.0138184
-2.824609e-008	0.0253418
-2.822109e-008	0.018457
-2.819609e-008	0.0216797
-2.817109e-008	0.0250977
-2.814609e-008	0.0140625
-2.812109e-008	0.0102051
-2.809609e-008	0.0180664
-2.807109e-008	0.0230225
-2.804609e-008	0.0233399
-2.802109e-008	0.0193604
-2.799609e-008	0.0209961
-2.797109e-008	0.0242676
-2.794609e-008	0.018335
-2.792109e-008	0.0219482
-2.789609e-008	0.0248047
-2.787109e-008	0.017334
-2.784609e-008	0.0202637
-2.782109e-008	0.0226074
-2.779609e-008	0.024585
-2.777109e-008	0.0331787
-2.774609e-008	0.0263428
-2.772109e-008	0.0162598
-2.769609e-008	0.0209961
-2.767109e-008	0.0229248
-2.764609e-008	0.0209229
-2.762109e-008	0.0223877
-2.759609e-008	0.023877
-2.757109e-008	0.0148682
-2.754609e-008	0.00292969
-2.752109e-008	0.0156982
-2.749609e-008	0.0226807
-2.747109e-008	0.0113281
-2.744609e-008	0.0208496
-2.742109e-008	0.025708
-2.739609e-008	0.017749
-2.737109e-008	0.0214844
-2.734609e-008	0.0114746
-2.732109e-008	0.00214844
-2.729609e-008	0.0199951
-2.727109e-008	0.0281494
-2.724609e-008	0.0179443
-2.722109e-008	0.0172119
-2.719609e-008	0.0285889
-2.717109e-008	0.0246826
-2.714609e-008	0.00292969
-2.712109e-008	0.0098877
-2.709609e-008	0.030127
-2.707109e-008	0.02146
-2.704609e-008	0.0132813
-2.702109e-008	0.0165772
-2.699609e-008	0.0251221
-2.697109e-008	0.0315186
-2.694609e-008	0.0161133
-2.692109e-008	0.0111816
-2.689609e-008	0.0190674
-2.687109e-008	0.013794
-2.684609e-008	0.0164063
-2.682109e-008	0.0197266
-2.679609e-008	0.0236328
-2.677109e-008	0.0312012
-2.674609e-008	0.0218018
-2.672109e-008	0.0180908
-2.669609e-008	0.0238525
-2.667109e-008	0.0198975
-2.664609e-008	0.0134033
-2.662109e-008	0.014917
-2.659609e-008	0.0267822
-2.657109e-008	0.0259522
-2.654609e-008	0.0110352
-2.652109e-008	0.0155762
-2.649609e-008	0.0317383
-2.647109e-008	0.0303223
-2.644609e-008	0.0234863
-2.642109e-008	0.0261475
-2.639609e-008	0.0268066
-2.637109e-008	0.0238037
-2.634609e-008	0.0155762
-2.632109e-008	0.00463868
-2.629609e-008	0.0124512
-2.627109e-008	0.0237793
-2.624609e-008	0.0147461
-2.622109e-008	0.0175293
-2.619609e-008	0.0322754
-2.617109e-008	0.0296387
-2.614609e-008	0.0264649
-2.612109e-008	0.0198486
-2.609609e-008	0.0138916
-2.607109e-008	0.02146
-2.604609e-008	0.0216309
-2.602109e-008	0.02771
-2.599609e-008	0.0368408
-2.597109e-008	0.031543
-2.594609e-008	0.029126
-2.592109e-008	0.0213867
-2.589609e-008	0.0113037
-2.587109e-008	0.0145264
-2.584609e-008	0.0181641
-2.582109e-008	0.0203369
-2.579609e-008	0.0146484
-2.577109e-008	0.00874024
-2.574609e-008	0.0189941
-2.572109e-008	0.0240723
-2.569609e-008	0.0192139
-2.567109e-008	0.0169922
-2.564609e-008	0.0269775
-2.562109e-008	0.0401123
-2.559609e-008	0.0288574
-2.557109e-008	0.0097168
-2.554609e-008	0.00256348
-2.552109e-008	0.0138428
-2.549609e-008	0.0296631
-2.547109e-008	0.0228272
-2.544609e-008	0.0149902
-2.542109e-008	0.0130127
-2.539609e-008	0.020166
-2.537109e-008	0.0247315
-2.534609e-008	0.0060547
-2.532109e-008	0.0156738
-2.529609e-008	0.0320313
-2.527109e-008	0.0223389
-2.524609e-008	0.0239502
-2.522109e-008	0.0189453
-2.519609e-008	0.0200928
-2.517109e-008	0.0395264
-2.514609e-008	0.0366699
-2.512109e-008	0.0140137
-2.509609e-008	0.00908204
-2.507109e-008	0.0291748
-2.504609e-008	0.0313721
-2.502109e-008	0.0169434
-2.499609e-008	0.0169678
-2.497109e-008	0.0198242
-2.494609e-008	0.016333
-2.492109e-008	0.0153076
-2.489609e-008	0.0193115
-2.487109e-008	0.0167725
-2.484609e-008	0.0154785
-2.482109e-008	0.0249024
-2.479609e-008	0.0328125
-2.477109e-008	0.0344971
-2.474609e-008	0.0190918
-2.472109e-008	0.00668946
-2.469609e-008	0.0184082
-2.467109e-008	0.0230957
-2.464609e-008	0.0280029
-2.462109e-008	0.0343994
-2.459609e-008	0.0237549
-2.457109e-008	0.030957
-2.454609e-008	0.039209
-2.452109e-008	0.02146
-2.449609e-008	0.0104981
-2.447109e-008	0.0169678
-2.444609e-008	0.0246826
-2.442109e-008	0.0209229
-2.439609e-008	0.0267578
-2.437109e-008	0.0382568
-2.434609e-008	0.0246094
-2.432109e-008	0.0120361
-2.429609e-008	0.0165039
-2.427109e-008	0.0202637
-2.424609e-008	0.0204346
-2.422109e-008	0.026709
-2.419609e-008	0.0253174
-2.417109e-008	0.00800782
-2.414609e-008	0.0111572
-2.412109e-008	0.0229492
-2.409609e-008	0.0253662
-2.407109e-008	0.0303467
-2.404609e-008	0.0188721
-2.402109e-008	0.0161377
-2.399609e-008	0.0334717
-2.397109e-008	0.0272461
-2.394609e-008	0.0130859
-2.392109e-008	0.0155029
-2.389609e-008	0.0169434
-2.387109e-008	0.0171143
-2.384609e-008	0.0186768
-2.382109e-008	0.0130127
-2.379609e-008	0.0189453
-2.377109e-008	0.0264649
-2.374609e-008	0.0145996
-2.372109e-008	0.0147461
-2.369609e-008	0.0200195
-2.367109e-008	0.0163818
-2.364609e-008	0.0226318
-2.362109e-008	0.0234863
-2.359609e-008	0.024585
-2.357109e-008	0.0333984
-2.354609e-008	0.0260254
-2.352109e-008	0.0163086
-2.349609e-008	0.017749
-2.347109e-008	0.0174561
-2.344609e-008	0.01604
-2.342109e-008	0.0199219
-2.339609e-008	0.030542
-2.337109e-008	0.0303467
-2.334609e-008	0.0165039
-2.332109e-008	0.0182861
-2.329609e-008	0.023291
-2.327109e-008	0.0199219
-2.324609e-008	0.0283691
-2.322109e-008	0.0360108
-2.319609e-008	0.0395752
-2.317109e-008	0.0354736
-2.314609e-008	0.0164063
-2.312109e-008	0.014917
-2.309609e-008	0.0221924
-2.307109e-008	0.020459
-2.304609e-008	0.0211426
-2.302109e-008	0.0159668
-2.299609e-008	0.0209473
-2.297109e-008	0.0286133
-2.294609e-008	0.0219238
-2.292109e-008	0.0253418
-2.289609e-008	0.0270508
-2.287109e-008	0.0282715
-2.284609e-008	0.0332764
-2.282109e-008	0.0224121
-2.279609e-008	0.0227051
-2.277109e-008	0.02854
-2.274609e-008	0.0169434
-2.272109e-008	0.0142578
-2.269609e-008	0.0201904
-2.267109e-008	0.0200928
-2.264609e-008	0.0241211
-2.262109e-008	0.0277588
-2.259609e-008	0.0223389
-2.257109e-008	0.0200684
-2.254609e-008	0.0228516
-2.252109e-008	0.0215576
-2.249609e-008	0.0214844
-2.247109e-008	0.0256836
-2.244609e-008	0.0233643
-2.242109e-008	0.0203125
-2.239609e-008	0.0223389
-2.237109e-008	0.0176025
-2.234609e-008	0.0200195
-2.232109e-008	0.0255615
-2.229609e-008	0.0162842
-2.227109e-008	0.0180664
-2.224609e-008	0.0302979
-2.222109e-008	0.0280029
-2.219609e-008	0.0263428
-2.217109e-008	0.0275391
-2.214609e-008	0.0182129
-2.212109e-008	0.0235107
-2.209609e-008	0.0303955
-2.207109e-008	0.0198242
-2.204609e-008	0.0272217
-2.202109e-008	0.0294678
-2.199609e-008	0.0182617
-2.197109e-008	0.0251709
-2.194609e-008	0.0259522
-2.192109e-008	0.0230957
-2.189609e-008	0.0285889
-2.187109e-008	0.0211426
-2.184609e-008	0.00351563
-2.182109e-008	0.00187989
-2.179609e-008	0.019751
-2.177109e-008	0.0286621
-2.174609e-008	0.0219727
-2.172109e-008	0.0197266
-2.169609e-008	0.0222168
-2.167109e-008	0.0194336
-2.164609e-008	0.018457
-2.162109e-008	0.0187256
-2.159609e-008	0.020044
-2.157109e-008	0.02771
-2.154609e-008	0.0209473
-2.152109e-008	0.010376
-2.149609e-008	0.01604
-2.147109e-008	0.0181397
-2.144609e-008	0.0209961
-2.142109e-008	0.0242676
-2.139609e-008	0.0218018
-2.137109e-008	0.0266358
-2.134609e-008	0.0204346
-2.132109e-008	0.0154053
-2.129609e-008	0.0245606
-2.127109e-008	0.0117676
-2.124609e-008	0.0101807
-2.122109e-008	0.0287109
-2.119609e-008	0.0287842
-2.117109e-008	0.0237305
-2.114609e-008	0.0127686
-2.112109e-008	0.0129639
-2.109609e-008	0.0168945
-2.107109e-008	0.0154541
-2.104609e-008	0.0250977
-2.102109e-008	0.011084
-2.099609e-008	0.0187988
-2.097109e-008	0.0364258
-2.094609e-008	0.00954591
-2.092109e-008	0.0175293
-2.089609e-008	0.032959
-2.087109e-008	0.0203125
-2.084609e-008	0.0267334
-2.082109e-008	0.024585
-2.079609e-008	0.0232178
-2.077109e-008	0.029541
-2.074609e-008	0.0173584
-2.072109e-008	0.0173584
-2.069609e-008	0.0243164
-2.067109e-008	0.0139893
-2.064609e-008	0.0110596
-2.062109e-008	0.0174072
-2.059609e-008	0.0175781
-2.057109e-008	0.017749
-2.054609e-008	0.0205811
-2.052109e-008	0.0168701
-2.049609e-008	0.00339356
-2.047109e-008	0.0074463
-2.044609e-008	0.0312988
-2.042109e-008	0.0323242
-2.039609e-008	0.0235352
-2.037109e-008	0.0241699
-2.034609e-008	0.0150635
-2.032109e-008	0.0212402
-2.029609e-008	0.0290283
-2.027109e-008	0.0145996
-2.024609e-008	0.019165
-2.022109e-008	0.0133789
-2.019609e-008	0.00175782
-2.017109e-008	0.0265625
-2.014609e-008	0.0241455
-2.012109e-008	0.00764161
-2.009609e-008	0.0186279
-2.007109e-008	0.0199219
-2.004609e-008	0.0174316
-2.002109e-008	0.0206299
-1.999609e-008	0.0246094
-1.997109e-008	0.0180908
-1.994609e-008	0.00559083
-1.992109e-008	0.0156494
-1.989609e-008	0.0213379
-1.987109e-008	0.0152344
-1.984609e-008	0.0256348
-1.982109e-008	0.0381348
-1.979609e-008	0.0323731
-1.977109e-008	0.0157471
-1.974609e-008	0.0105957
-1.972109e-008	0.014917
-1.969609e-008	0.0167969
-1.967109e-008	0.0223633
-1.964609e-008	0.0244141
-1.962109e-008	0.0167969
-1.959609e-008	0.0150635
-1.957109e-008	0.0261231
-1.954609e-008	0.0299805
-1.952109e-008	0.0227539
-1.949609e-008	0.0255615
-1.947109e-008	0.0289063
-1.944609e-008	0.0216797
-1.942109e-008	0.0209961
-1.939609e-008	0.0259522
-1.937109e-008	0.0261719
-1.934609e-008	0.0275635
-1.932109e-008	0.024707
-1.929609e-008	0.0168213
-1.927109e-008	0.0201172
-1.924609e-008	0.0161621
-1.922109e-008	0.00922852
-1.919609e-008	0.0209961
-1.917109e-008	0.0205811
-1.914609e-008	0.0158447
-1.912109e-008	0.0217041
-1.909609e-008	0.0184082
-1.907109e-008	0.0124024
-1.904609e-008	0.0183594
-1.902109e-008	0.0355713
-1.899609e-008	0.0361328
-1.897109e-008	0.0263916
-1.894609e-008	0.0250733
-1.892109e-008	0.0178711
-1.889609e-008	0.0158203
-1.887109e-008	0.0179932
-1.884609e-008	0.0191162
-1.882109e-008	0.0244873
-1.879609e-008	0.0299316
-1.877109e-008	0.0338379
-1.874609e-008	0.0204102
-1.872109e-008	0.00881348
-1.869609e-008	0.0163086
-1.867109e-008	0.0176514
-1.864609e-008	0.020752
-1.862109e-008	0.0228272
-1.859609e-008	0.0195801
-1.857109e-008	0.0293945
-1.854609e-008	0.0247559
-1.852109e-008	0.0173828
-1.849609e-008	0.0210693
-1.847109e-008	0.0129639
-1.844609e-008	0.018042
-1.842109e-008	0.0178955
-1.839609e-008	0.0157959
-1.837109e-008	0.0303955
-1.834609e-008	0.0230225
-1.832109e-008	0.0157471
-1.829609e-008	0.0150879
-1.827109e-008	0.00979005
-1.824609e-008	0.0202393
-1.822109e-008	0.0301758
-1.819609e-008	0.0325195
-1.817109e-008	0.0364502
-1.814609e-008	0.0265869
-1.812109e-008	0.0109619
-1.809609e-008	0.0168945
-1.807109e-008	0.01604
-1.804609e-008	0.00725098
-1.802109e-008	0.0260498
-1.799609e-008	0.0410889
-1.797109e-008	0.0373779
-1.794609e-008	0.0304932
-1.792109e-008	0.0238525
-1.789609e-008	0.0285156
-1.787109e-008	0.0292236
-1.784609e-008	0.0236816
-1.782109e-008	0.0285156
-1.779609e-008	0.0311279
-1.777109e-008	0.0213867
-1.774609e-008	0.00773927
-1.772109e-008	0.0154297
-1.769609e-008	0.0332275
-1.767109e-008	0.024585
-1.764609e-008	0.0142822
-1.762109e-008	0.0231201
-1.759609e-008	0.0342774
-1.757109e-008	0.0313477
-1.754609e-008	0.0186279
-1.752109e-008	0.0161377
-1.749609e-008	0.0154053
-1.747109e-008	0.0158447
-1.744609e-008	0.0189941
-1.742109e-008	0.0158447
-1.739609e-008	0.0198486
-1.737109e-008	0.0231934
-1.734609e-008	0.0177246
-1.732109e-008	0.0213867
-1.729609e-008	0.0203369
-1.727109e-008	0.0114014
-1.724609e-008	0.0236328
-1.722109e-008	0.027417
-1.719609e-008	0.0157715
-1.717109e-008	0.0221191
-1.714609e-008	0.0205566
-1.712109e-008	0.0172119
-1.709609e-008	0.0183838
-1.707109e-008	-0.00058593
-1.704609e-008	0.00429688
-1.702109e-008	0.0319092
-1.699609e-008	0.0329346
-1.697109e-008	0.0211182
-1.694609e-008	0.00876466
-1.692109e-008	0.00751954
-1.689609e-008	0.0166504
-1.687109e-008	0.00810548
-1.684609e-008	0.010083
-1.682109e-008	0.0230225
-1.679609e-008	0.0220459
-1.677109e-008	0.0289795
-1.674609e-008	0.0220947
-1.672109e-008	0.0120361
-1.669609e-008	0.0290527
-1.667109e-008	0.0257813
-1.664609e-008	0.008667
-1.662109e-008	0.0115479
-1.659609e-008	0.0160889
-1.657109e-008	0.0212891
-1.654609e-008	0.0264404
-1.652109e-008	0.0214356
-1.649609e-008	0.0170166
-1.647109e-008	0.0177002
-1.644609e-008	0.0234131
-1.642109e-008	0.0266358
-1.639609e-008	0.0118164
-1.637109e-008	0.00437012
-1.634609e-008	0.0172607
-1.632109e-008	0.0202393
-1.629609e-008	0.0179443
-1.627109e-008	0.023877
-1.624609e-008	0.0239258
-1.622109e-008	0.018335
-1.619609e-008	0.0216553
-1.617109e-008	0.029541
-1.614609e-008	0.0273682
-1.612109e-008	0.0167481
-1.609609e-008	0.0149658
-1.607109e-008	0.0227295
-1.604609e-008	0.0200684
-1.602109e-008	0.0111084
-1.599609e-008	0.0192383
-1.597109e-008	0.0362793
-1.594609e-008	0.0276123
-1.592109e-008	0.0114502
-1.589609e-008	0.0173828
-1.587109e-008	0.015625
-1.584609e-008	0.0124024
-1.582109e-008	0.0118164
-1.579609e-008	0.00527345
-1.577109e-008	0.0236328
-1.574609e-008	0.0245117
-1.572109e-008	0.00463868
-1.569609e-008	0.0235352
-1.567109e-008	0.0361328
-1.564609e-008	0.0287109
-1.562109e-008	0.0312012
-1.559609e-008	0.0162842
-1.557109e-008	0.0111816
-1.554609e-008	0.0279053
-1.552109e-008	0.0175293
-1.549609e-008	0.00830079
-1.547109e-008	0.0178711
-1.544609e-008	0.0172119
-1.542109e-008	0.013208
-1.539609e-008	0.0165772
-1.537109e-008	0.0302734
-1.534609e-008	0.0317871
-1.532109e-008	0.0238525
-1.529609e-008	0.0261963
-1.527109e-008	0.015918
-1.524609e-008	0.00959473
-1.522109e-008	0.0178955
-1.519609e-008	0.0211914
-1.517109e-008	0.026416
-1.514609e-008	0.0241211
-1.512109e-008	0.0210938
-1.509609e-008	0.0233399
-1.507109e-008	0.0177979
-1.504609e-008	0.0241211
-1.502109e-008	0.0302246
-1.499609e-008	0.0222168
-1.497109e-008	0.0206787
-1.494609e-008	0.0195068
-1.492109e-008	0.0263428
-1.489609e-008	0.0319824
-1.487109e-008	0.0186524
-1.484609e-008	0.0144043
-1.482109e-008	0.019458
-1.479609e-008	0.030127
-1.477109e-008	0.0339356
-1.474609e-008	0.00778809
-1.472109e-008	0.00168458
-1.469609e-008	0.0247803
-1.467109e-008	0.0233154
-1.464609e-008	0.0177246
-1.462109e-008	0.0163574
-1.459609e-008	0.00517579
-1.457109e-008	0.0181152
-1.454609e-008	0.0279053
-1.452109e-008	0.0122803
-1.449609e-008	0.00690919
-1.447109e-008	0.0104981
-1.444609e-008	0.0245117
-1.442109e-008	0.032251
-1.439609e-008	0.024585
-1.437109e-008	0.0244873
-1.434609e-008	0.0154053
-1.432109e-008	0.0113525
-1.429609e-008	0.0211426
-1.427109e-008	0.0105957
-1.424609e-008	0.0122803
-1.422109e-008	0.0296143
-1.419609e-008	0.0171875
-1.417109e-008	0.0108154
-1.414609e-008	0.0182373
-1.412109e-008	0.0108154
-1.409609e-008	0.0132568
-1.407109e-008	0.0126465
-1.404609e-008	0.0104492
-1.402109e-008	0.0261963
-1.399609e-008	0.0264649
-1.397109e-008	0.0264404
-1.394609e-008	0.0289307
-1.392109e-008	0.0145996
-1.389609e-008	0.0165039
-1.387109e-008	0.0217774
-1.384609e-008	0.0167236
-1.382109e-008	0.0187256
-1.379609e-008	0.0186768
-1.377109e-008	0.0151611
-1.374609e-008	0.008667
-1.372109e-008	0.0106201
-1.369609e-008	0.0275391
-1.367109e-008	0.0273193
-1.364609e-008	0.0181885
-1.362109e-008	0.0256348
-1.359609e-008	0.0251709
-1.357109e-008	0.0247559
-1.354609e-008	0.0282715
-1.352109e-008	0.0152344
-1.349609e-008	0.0114258
-1.347109e-008	0.0113281
-1.344609e-008	0.00563966
-1.342109e-008	0.0125244
-1.339609e-008	0.0219238
-1.337109e-008	0.0251221
-1.334609e-008	0.0227539
-1.332109e-008	0.0203125
-1.329609e-008	0.00512696
-1.327109e-008	-0.0102051
-1.324609e-008	0.0138428
-1.322109e-008	0.034082
-1.319609e-008	0.014624
-1.317109e-008	0.00197755
-1.314609e-008	0.0112061
-1.312109e-008	0.0219482
-1.309609e-008	0.0280029
-1.307109e-008	0.0245361
-1.304609e-008	0.0183594
-1.302109e-008	0.0175293
-1.299609e-008	0.0237305
-1.297109e-008	0.0242676
-1.294609e-008	0.00791016
-1.292109e-008	0.0100586
-1.289609e-008	0.0248047
-1.287109e-008	0.0199707
-1.284609e-008	0.0170899
-1.282109e-008	0.0224121
-1.279609e-008	0.0307129
-1.277109e-008	0.0321045
-1.274609e-008	0.0220947
-1.272109e-008	0.0212647
-1.269609e-008	0.019043
-1.267109e-008	0.00893555
-1.264609e-008	0.0148193
-1.262109e-008	0.0192383
-1.259609e-008	0.0156982
-1.257109e-008	0.0260986
-1.254609e-008	0.0224854
-1.252109e-008	0.0142578
-1.249609e-008	0.0173096
-1.247109e-008	0.00800782
-1.244609e-008	0.0177002
-1.242109e-008	0.031665
-1.239609e-008	0.0252686
-1.237109e-008	0.0174072
-1.234609e-008	7.45058e-009
-1.232109e-008	0.00617677
-1.229609e-008	0.0268555
-1.227109e-008	0.0213623
-1.224609e-008	0.0170654
-1.222109e-008	0.0219727
-1.219609e-008	0.0324951
-1.217109e-008	0.0271973
-1.214609e-008	0.00197755
-1.212109e-008	0.0098877
-1.209609e-008	0.0249756
-1.207109e-008	0.0141602
-1.204609e-008	0.0228516
-1.202109e-008	0.0254395
-1.199609e-008	-0.00480956
-1.197109e-008	-0.00354003
-1.194609e-008	0.0203613
-1.192109e-008	0.023999
-1.189609e-008	0.0239746
-1.187109e-008	0.0244385
-1.184609e-008	0.0302002
-1.182109e-008	0.0286865
-1.179609e-008	0.019458
-1.177109e-008	0.0197266
-1.174609e-008	0.0154053
-1.172109e-008	0.0220459
-1.169609e-008	0.0238281
-1.167109e-008	0.0105225
-1.164609e-008	0.0158691
-1.162109e-008	0.018335
-1.159609e-008	0.0213135
-1.157109e-008	0.0270264
-1.154609e-008	0.0164795
-1.152109e-008	0.0183106
-1.149609e-008	0.0210205
-1.147109e-008	0.0139893
-1.144609e-008	0.0187988
-1.142109e-008	0.0123291
-1.139609e-008	0.00483399
-1.137109e-008	0.0211426
-1.134609e-008	0.0255127
-1.132109e-008	0.0227539
-1.129609e-008	0.0259522
-1.127109e-008	0.0150635
-1.124609e-008	0.018457
-1.122109e-008	0.0268799
-1.119609e-008	0.0193115
-1.117109e-008	0.0202881
-1.114609e-008	0.0169678
-1.112109e-008	0.0292969
-1.109609e-008	0.0449219
-1.107109e-008	0.0219482
-1.104609e-008	0.0134277
-1.102109e-008	0.0192139
-1.099609e-008	0.0183106
-1.097109e-008	0.0254639
-1.094609e-008	0.0206055
-1.092109e-008	0.0128418
-1.089609e-008	0.0143066
-1.087109e-008	0.0168457
-1.084609e-008	0.0244141
-1.082109e-008	0.0244873
-1.079609e-008	0.0101563
-1.077109e-008	0.0171631
-1.074609e-008	0.0233154
-1.072109e-008	0.00441895
-1.069609e-008	0.0209961
-1.067109e-008	0.0390625
-1.064609e-008	0.0219727
-1.062109e-008	0.0212647
-1.059609e-008	0.0327393
-1.057109e-008	0.0304688
-1.054609e-008	0.0136475
-1.052109e-008	0.0131348
-1.049609e-008	0.02229
-1.047109e-008	0.0152832
-1.044609e-008	0.0241211
-1.042109e-008	0.0254883
-1.039609e-008	0.0177246
-1.037109e-008	0.0365967
-1.034609e-008	0.0216065
-1.032109e-008	-0.00576171
-1.029609e-008	0.0137695
-1.027109e-008	0.0249024
-1.024609e-008	0.0203857
-1.022109e-008	0.0206543
-1.019609e-008	0.0247315
-1.017109e-008	0.0271729
-1.014609e-008	0.0130859
-1.012109e-008	0.0101074
-1.009609e-008	0.0175293
-1.007109e-008	0.0187988
-1.004609e-008	0.0260498
-1.002109e-008	0.0369873
-9.996086e-009	0.0333252
-9.971086e-009	0.00996095
-9.946086e-009	0.00515137
-9.921086e-009	0.019458
-9.896086e-009	0.0155274
-9.871086e-009	0.00651856
-9.846086e-009	0.0182861
-9.821086e-009	0.0274658
-9.796086e-009	0.0218994
-9.771086e-009	0.032959
-9.746086e-009	0.0279541
-9.721086e-009	0.00256348
-9.696086e-009	0.0134277
-9.671086e-009	0.0223633
-9.646086e-009	0.0179688
-9.621086e-009	0.0263428
-9.596086e-009	0.030957
-9.571086e-009	0.0359375
-9.546086e-009	0.0267822
-9.521086e-009	0.0195801
-9.496086e-009	0.0253662
-9.471086e-009	0.0120361
-9.446086e-009	0.0196289
-9.421086e-009	0.0345459
-9.396086e-009	0.0218018
-9.371086e-009	0.0213379
-9.346086e-009	0.0123047
-9.321086e-009	0.00725098
-9.296086e-009	0.0292969
-9.271086e-009	0.0206299
-9.246086e-009	0.00468751
-9.221086e-009	0.0142822
-9.196086e-009	0.0268066
-9.171086e-009	0.031543
-9.146086e-009	0.008667
-9.121086e-009	0.00437012
-9.096086e-009	0.0245117
-9.071086e-009	0.0148682
-9.046086e-009	0.0232178
-9.021086e-009	0.033667
-8.996086e-009	0.0194336
-8.971086e-009	0.0278565
-8.946086e-009	0.0182373
-8.921086e-009	0.0052002
-8.896086e-009	0.0256104
-8.871086e-009	0.0262695
-8.846086e-009	0.020044
-8.821086e-009	0.0234863
-8.796086e-009	0.0200195
-8.771086e-009	0.0258057
-8.746086e-009	0.0293457
-8.721086e-009	0.0170654
-8.696086e-009	0.0136475
-8.671086e-009	0.0252441
-8.646086e-009	0.0256104
-8.621086e-009	0.0174805
-8.596086e-009	0.0188721
-8.571086e-009	0.0136963
-8.546086e-009	0.00666505
-8.521086e-009	0.0225098
-8.496086e-009	0.0347412
-8.471086e-009	0.0232666
-8.446086e-009	0.0281006
-8.421086e-009	0.0351318
-8.396086e-009	0.0167969
-8.371086e-009	0.026294
-8.346086e-009	0.0347168
-8.321086e-009	0.0105225
-8.296086e-009	0.0198731
-8.271086e-009	0.0304932
-8.246086e-009	0.0192383
-8.221086e-009	0.0257324
-8.196086e-009	0.020166
-8.171086e-009	0.0166992
-8.146086e-009	0.0259766
-8.121086e-009	0.0169922
-8.096086e-009	0.0154297
-8.071086e-009	0.0156982
-8.046086e-009	0.0098877
-8.021086e-009	0.0135498
-7.996086e-009	0.0171143
-7.971086e-009	0.0241211
-7.946086e-009	0.0185547
-7.921086e-009	0.00639649
-7.896086e-009	0.016626
-7.871086e-009	0.0246826
-7.846086e-009	0.0202637
-7.821086e-009	0.0216065
-7.796086e-009	0.0234131
-7.771086e-009	0.0263184
-7.746086e-009	0.027417
-7.721086e-009	0.0181152
-7.696086e-009	0.0205322
-7.671086e-009	0.0186279
-7.646086e-009	0.00498048
-7.621086e-009	0.0151123
-7.596086e-009	0.0253418
-7.571086e-009	0.0185303
-7.546086e-009	0.0112061
-7.521086e-009	0.0205566
-7.496086e-009	0.0376465
-7.471086e-009	0.0219971
-7.446086e-009	-0.00131835
-7.421086e-009	0.00805665
-7.396086e-009	0.030127
-7.371086e-009	0.0302979
-7.346086e-009	0.0162354
-7.321086e-009	0.0119141
-7.296086e-009	0.0215332
-7.271086e-009	0.0349365
-7.246086e-009	0.0250977
-7.221086e-009	0.0180176
-7.196086e-009	0.028418
-7.171086e-009	0.0233154
-7.146086e-009	0.0133301
-7.121086e-009	0.0111816
-7.096086e-009	0.0157471
-7.071086e-009	0.0150147
-7.046086e-009	0.0112793
-7.021086e-009	0.0187988
-6.996086e-009	0.0237061
-6.971086e-009	0.0172363
-6.946086e-009	0.00817872
-6.921086e-009	0.014624
-6.896086e-009	0.0213867
-6.871086e-009	0.0150391
-6.846086e-009	0.0151611
-6.821086e-009	0.0158936
-6.796086e-009	0.0246826
-6.771086e-009	0.0396484
-6.746086e-009	0.0250733
-6.721086e-009	0.0146973
-6.696086e-009	0.0277832
-6.671086e-009	0.020166
-6.646086e-009	0.0220947
-6.621086e-009	0.0324463
-6.596086e-009	0.017041
-6.571086e-009	0.0142578
-6.546086e-009	0.0158447
-6.521086e-009	0.0206299
-6.496086e-009	0.0304688
-6.471086e-009	0.0182129
-6.446086e-009	0.0232666
-6.421086e-009	0.0308594
-6.396086e-009	0.0137207
-6.371086e-009	0.0153809
-6.346086e-009	0.0181397
-6.321086e-009	0.0117676
-6.296086e-009	0.0211914
-6.271086e-009	0.0246582
-6.246086e-009	0.0209961
-6.221086e-009	0.0230469
-6.196086e-009	0.0243164
-6.171086e-009	0.0217041
-6.146086e-009	0.00827637
-6.121086e-009	0.00776368
-6.096086e-009	0.023291
-6.071086e-009	0.0171631
-6.046086e-009	0.0104004
-6.021086e-009	0.0197998
-5.996086e-009	0.0156738
-5.971086e-009	0.00869141
-5.946086e-009	0.0181641
-5.921086e-009	0.0205566
-5.896086e-009	0.00920411
-5.871086e-009	0.0125244
-5.846086e-009	0.0201416
-5.821086e-009	0.0140625
-5.796086e-009	0.0226807
-5.771086e-009	0.0289795
-5.746086e-009	0.0124756
-5.721086e-009	0.0184326
-5.696086e-009	0.0300781
-5.671086e-009	0.0117188
-5.646086e-009	0.00517579
-5.621086e-009	0.0219238
-5.596086e-009	0.0273193
-5.571086e-009	0.0142334
-5.546086e-009	-0.00124511
-5.521086e-009	0.00214844
-5.496086e-009	0.020874
-5.471086e-009	0.025
-5.446086e-009	0.0210693
-5.421086e-009	0.0159424
-5.396086e-009	0.0111816
-5.371086e-009	0.026709
-5.346086e-009	0.0256836
-5.321086e-009	0.0154785
-5.296086e-009	0.0258789
-5.271086e-009	0.0138916
-5.246086e-009	0.005542
-5.221086e-009	0.0130371
-5.196086e-009	0.00942384
-5.171086e-009	0.0117432
-5.146086e-009	0.00212403
-5.121086e-009	-0.00319823
-5.096086e-009	0.0175049
-5.071086e-009	0.0270508
-5.046086e-009	0.0241211
-5.021086e-009	0.0217041
-4.996086e-009	0.015332
-4.971086e-009	0.0169678
-4.946086e-009	0.0279297
-4.921086e-009	0.026294
-4.896086e-009	0.0175537
-4.871086e-009	0.0167236
-4.846086e-009	0.0246826
-4.821086e-009	0.0305176
-4.796086e-009	0.0212402
-4.771086e-009	0.0164307
-4.746086e-009	0.0173096
-4.721086e-009	0.0201172
-4.696086e-009	0.025708
-4.671086e-009	0.0151856
-4.646086e-009	0.0165283
-4.621086e-009	0.0282227
-4.596086e-009	0.0279297
-4.571086e-009	0.0300293
-4.546086e-009	0.0162842
-4.521086e-009	0.00654298
-4.496086e-009	0.0100342
-4.471086e-009	0.00681153
-4.446086e-009	0.0202637
-4.421086e-009	0.0187744
-4.396086e-009	0.0140625
-4.371086e-009	0.0272705
-4.346086e-009	0.00966798
-4.321086e-009	0.00915528
-4.296086e-009	0.0236816
-4.271086e-009	0.0167725
-4.246086e-009	0.0304443
-4.221086e-009	0.0246826
-4.196086e-009	0.0166748
-4.171086e-009	0.036377
-4.146086e-009	0.0175537
-4.121086e-009	0.00466309
-4.096086e-009	0.0245606
-4.071086e-009	0.0210205
-4.046086e-009	0.00764161
-4.021086e-009	0.013916
-3.996086e-009	0.0323975
-3.971086e-009	0.0281494
-3.946086e-009	0.0113037
-3.921086e-009	0.0199951
-3.896086e-009	0.0245606
-3.871086e-009	0.0166504
-3.846086e-009	0.0264649
-3.821086e-009	0.0310547
-3.796086e-009	0.0168945
-3.771086e-009	0.0150147
-3.746086e-009	0.0254639
-3.721086e-009	0.0228272
-3.696086e-009	0.0123047
-3.671086e-009	0.0142822
-3.646086e-009	0.0257568
-3.621086e-009	0.0279541
-3.596086e-009	0.0229981
-3.571086e-009	0.0263428
-3.546086e-009	0.0251709
-3.521086e-009	0.0130859
-3.496086e-009	0.0115723
-3.471086e-009	0.0169922
-3.446086e-009	0.0215576
-3.421086e-009	0.0229004
-3.396086e-009	0.0189941
-3.371086e-009	0.0219971
-3.346086e-009	0.0118408
-3.321086e-009	0.00837403
-3.296086e-009	0.0283936
-3.271086e-009	0.0219971
-3.246086e-009	0.0246338
-3.221086e-009	0.0351074
-3.196086e-009	0.017334
-3.171086e-009	0.0159424
-3.146086e-009	0.0180664
-3.121086e-009	0.021582
-3.096086e-009	0.0273193
-3.071086e-009	0.0168701
-3.046086e-009	0.0170899
-3.021086e-009	0.0162354
-2.996086e-009	0.0199951
-2.971086e-009	0.0309082
-2.946086e-009	0.0170899
-2.921086e-009	0.0112305
-2.896086e-009	0.0218018
-2.871086e-009	0.0179932
-2.846086e-009	0.0276123
-2.821086e-009	0.0370606
-2.796086e-009	0.0191162
-2.771086e-009	0.0206055
-2.746086e-009	0.0134033
-2.721086e-009	-0.00529784
-2.696086e-009	0.0208496
-2.671086e-009	0.0333496
-2.646086e-009	0.0260254
-2.621086e-009	0.0219727
-2.596086e-009	0.00603028
-2.571086e-009	0.0200684
-2.546086e-009	0.0333984
-2.521086e-009	0.0234131
-2.496086e-009	0.0157471
-2.471086e-009	0.00722657
-2.446086e-009	0.026294
-2.421086e-009	0.0338867
-2.396086e-009	0.0171143
-2.371086e-009	0.0272949
-2.346086e-009	0.0137451
-2.321086e-009	0.000561531
-2.296086e-009	0.030957
-2.271086e-009	0.0293701
-2.246086e-009	0.020044
-2.221086e-009	0.029834
-2.196086e-009	0.026416
-2.171086e-009	0.0277588
-2.146086e-009	0.0171631
-2.121086e-009	0.0125
-2.096086e-009	0.0240723
-2.071086e-009	0.012085
-2.046086e-009	0.0159668
-2.021086e-009	0.0331543
-1.996086e-009	0.0276123
-1.971086e-009	0.0228516
-1.946086e-009	0.0210938
-1.921086e-009	0.0131104
-1.896086e-009	0.00551759
-1.871086e-009	0.0195801
-1.846086e-009	0.0383545
-1.821086e-009	0.0338379
-1.796086e-009	0.0267578
-1.771086e-009	0.0195801
-1.746086e-009	0.0232666
-1.721086e-009	0.0233154
-1.696086e-009	0.0111084
-1.671086e-009	0.0209473
-1.646086e-009	0.0123047
-1.621086e-009	0.00400391
-1.596086e-009	0.0245606
-1.571086e-009	0.0215088
-1.546086e-009	0.01521
-1.521086e-009	0.00910645
-1.496086e-009	0.00922852
-1.471086e-009	0.0224854
-1.446086e-009	0.00820313
-1.421086e-009	0.0125977
-1.396086e-009	0.0279297
-1.371086e-009	0.0143066
-1.346086e-009	0.0207031
-1.321086e-009	0.0248291
-1.296086e-009	0.00993653
-1.271086e-009	0.00507813
-1.246086e-009	0.00698243
-1.221086e-009	0.0216797
-1.196086e-009	0.0234619
-1.171086e-009	0.0130371
-1.146086e-009	0.0196777
-1.121086e-009	0.0208496
-1.096086e-009	0.0230957
-1.071086e-009	0.0291504
-1.046086e-009	0.0174805
-1.021086e-009	0.00771485
-9.960865e-010	0.0124024
-9.710865e-010	0.0192627
-9.460865e-010	0.0160645
-9.210865e-010	0.0128662
-8.960865e-010	0.019043
-8.710865e-010	0.0158936
-8.460865e-010	0.0117432
-8.210865e-010	0.0223389
-7.960865e-010	0.0338867
-7.710865e-010	0.0314941
-7.460865e-010	0.0185791
-7.210865e-010	0.0243652
-6.960865e-010	0.0354736
-6.710865e-010	0.0182617
-6.460865e-010	0.013916
-6.210865e-010	0.0191162
-5.960865e-010	0.0127197
-5.710865e-010	0.0289063
-5.460865e-010	0.0293945
-5.210865e-010	0.0132324
-4.960865e-010	0.0219971
-4.710865e-010	0.0196533
-4.460865e-010	0.0152832
-4.210865e-010	0.0273438
-3.960865e-010	0.0287109
-3.710865e-010	0.0229492
-3.460865e-010	0.0195557
-3.210865e-010	0.0145752
-2.960865e-010	0.0124512
-2.710865e-010	0.0159424
-2.460865e-010	0.00886231
-2.210865e-010	-0.00551757
-1.960865e-010	0.00202637
-1.710865e-010	0.0143799
-1.460865e-010	0.00151368
-1.210865e-010	-0.0125
-9.608647e-011	-0.0133301
-7.108647e-011	-0.015625
-4.608647e-011	-0.0233398
-2.108647e-011	-0.0410644
3.913534e-012	-0.0603271
2.891353e-011	-0.0588867
5.391353e-011	-0.04104
7.891353e-011	-0.033081
1.039135e-010	-0.0417236
1.289135e-010	-0.0486328
1.539135e-010	-0.0395019
1.789135e-010	-0.0283935
2.039135e-010	-0.0310059
2.289135e-010	-0.0297851
2.539135e-010	-0.029541
2.789135e-010	-0.0357422
3.039135e-010	-0.020874
3.289135e-010	-0.00473632
3.539135e-010	-0.00842284
3.789135e-010	-0.00720214
4.039135e-010	0.00776368
4.289135e-010	0.0115723
4.539135e-010	-0.0027832
4.789135e-010	0.000390632
5.039135e-010	0.0135498
5.289135e-010	0.0143311
5.539135e-010	0.0215088
5.789135e-010	0.0321289
6.039135e-010	0.0395264
6.289135e-010	0.0391358
6.539135e-010	0.0296143
6.789135e-010	0.0233399
7.039135e-010	0.0207764
7.289135e-010	0.0254395
7.539135e-010	0.0277344
7.789135e-010	0.0183106
8.039135e-010	0.0207764
8.289135e-010	0.0326172
8.539135e-010	0.0250733
8.789135e-010	0.017749
9.039135e-010	0.027002
9.289135e-010	0.0364258
9.539135e-010	0.0390625
9.789135e-010	0.0257813
1.003914e-009	0.0265381
1.028914e-009	0.0355225
1.053914e-009	0.0156738
1.078914e-009	0.0145508
1.103914e-009	0.0237793
1.128914e-009	0.0168701
1.153914e-009	0.0286377
1.178914e-009	0.0337402
1.203914e-009	0.0247559
1.228914e-009	0.0300049
1.253914e-009	0.0273193
1.278914e-009	0.0219971
1.303914e-009	0.0350342
1.328914e-009	0.0312744
1.353914e-009	0.018335
1.378914e-009	0.0247803
1.403914e-009	0.0238037
1.428914e-009	0.0169678
1.453914e-009	0.00683595
1.478914e-009	0.00256348
1.503914e-009	0.0227783
1.528914e-009	0.0305664
1.553914e-009	0.0229004
1.578914e-009	0.0191895
1.603914e-009	0.0192383
1.628914e-009	0.0286621
1.653914e-009	0.02771
1.678914e-009	0.00974122
1.703914e-009	0.00261231
1.728914e-009	0.0179199
1.753914e-009	0.0291748
1.778914e-009	0.020752
1.803914e-009	0.0181885
1.828914e-009	0.0187256
1.853914e-009	0.0108154
1.878914e-009	0.0193604
1.903914e-009	0.0229248
1.928914e-009	0.0150147
1.953914e-009	0.0300781
1.978914e-009	0.0250977
2.003914e-009	0.00966798
2.028914e-009	0.0232178
2.053914e-009	0.0181641
2.078914e-009	0.0142578
2.103914e-009	0.0306641
2.128914e-009	0.0264649
2.153914e-009	0.00957032
2.178914e-009	0.00871583
2.203914e-009	0.0268066
2.228914e-009	0.0274414
2.253914e-009	0.0157959
2.278914e-009	0.0208496
2.303914e-009	0.0164307
2.328914e-009	0.0214844
2.353914e-009	0.0445557
2.378914e-009	0.0265137
2.403914e-009	0.00637208
2.428914e-009	0.0250488
2.453914e-009	0.0257813
2.478914e-009	0.0166504
2.503914e-009	0.0149414
2.528914e-009	0.0115234
2.553914e-009	0.0266602
2.578914e-009	0.0347656
2.603914e-009	0.0287598
2.628914e-009	0.0296387
2.653914e-009	0.0150879
2.678914e-009	0.00390626
2.703914e-009	0.0212402
2.728914e-009	0.0199219
2.753914e-009	0.00407716
2.778914e-009	0.0138184
2.803914e-009	0.0260742
2.828914e-009	0.0310059
2.853914e-009	0.0316162
2.878914e-009	0.0284424
2.903914e-009	0.0262695
2.928914e-009	0.0158203
2.953914e-009	0.005542
2.978914e-009	0.00180665
3.003914e-009	0.00925294
3.028914e-009	0.0203125
3.053914e-009	0.0110352
3.078914e-009	0.00163575
3.103914e-009	0.0110107
3.128914e-009	0.0155762
3.153914e-009	0.021167
3.178914e-009	0.0351074
3.203914e-009	0.0324951
3.228914e-009	0.0234619
3.253914e-009	0.0133301
3.278914e-009	0.0137451
3.303914e-009	0.0364258
3.328914e-009	0.0369385
3.353914e-009	0.026001
3.378914e-009	0.0274902
3.403914e-009	0.0213379
3.428914e-009	0.0179932
3.453914e-009	0.0161133
3.478914e-009	0.00812989
3.503914e-009	0.0131836
3.528914e-009	0.0195557
3.553914e-009	0.00976563
3.578914e-009	0.0137207
3.603914e-009	0.0253906
3.628914e-009	0.0205322
3.653914e-009	0.0186524
3.678914e-009	0.0104004
3.703914e-009	-0.00258788
3.728914e-009	0.0069336
3.753914e-009	0.0170899
3.778914e-009	0.0112793
3.803914e-009	0.0130127
3.828914e-009	0.0208252
3.853914e-009	0.0164551
3.878914e-009	0.0147705
3.903914e-009	0.0166016
3.928914e-009	0.0188965
3.953914e-009	0.0251221
3.978914e-009	0.0130371
4.003914e-009	0.013916
4.028914e-009	0.0317139
4.053914e-009	0.0154785
4.078914e-009	0.00983887
4.103914e-009	0.0297608
4.128914e-009	0.0304932
4.153914e-009	0.0200195
4.178914e-009	0.0124756
4.203914e-009	0.02771
4.228914e-009	0.0376465
4.253914e-009	0.0180664
4.278914e-009	0.0179688
4.303914e-009	0.0227783
4.328914e-009	0.022168
4.353914e-009	0.033667
4.378914e-009	0.0259277
4.403914e-009	0.0177246
4.428914e-009	0.0259522
4.453914e-009	0.0247559
4.478914e-009	0.0203369
4.503914e-009	0.0135254
4.528914e-009	0.00834962
4.553914e-009	0.0217774
4.578914e-009	0.0300537
4.603914e-009	0.0234863
4.628914e-009	0.0221924
4.653914e-009	0.0188721
4.678914e-009	0.0167481
4.703914e-009	0.0203857
4.728914e-009	0.0147705
4.753914e-009	0.0115479
4.778914e-009	0.0168213
4.803914e-009	0.0183838
4.828914e-009	0.019458
4.853914e-009	0.0166504
4.878914e-009	0.0103027
4.903914e-009	0.014209
4.928914e-009	0.00913087
4.953914e-009	0.00231934
4.978914e-009	0.0168701
5.003914e-009	0.0169434
5.028914e-009	0.0181152
5.053914e-009	0.0325928
5.078914e-009	0.0279785
5.103914e-009	0.0218506
5.128914e-009	0.0102539
5.153914e-009	0.00505372
5.178914e-009	0.0141357
5.203914e-009	0.0160156
5.228914e-009	0.0311524
5.253914e-009	0.0297852
5.278914e-009	0.0119141
5.303914e-009	0.0148193
5.328914e-009	0.0119385
5.353914e-009	0.0121826
5.378914e-009	0.0163086
5.403914e-009	0.0155274
5.428914e-009	0.0268799
5.453914e-009	0.0277588
5.478914e-009	0.0199951
5.503914e-009	0.0189941
5.528914e-009	0.0224609
5.553914e-009	0.0286133
5.578914e-009	0.0211914
5.603914e-009	0.0214844
5.628914e-009	0.0219238
5.653914e-009	0.00202637
5.678914e-009	0.0165283
5.703914e-009	0.0345703
5.728914e-009	0.0134277
5.753914e-009	0.0173584
5.778914e-009	0.0337402
5.803914e-009	0.0270508
5.828914e-009	0.0263184
5.853914e-009	0.0289551
5.878914e-009	0.0262695
5.903914e-009	0.0215576
5.928914e-009	0.0196533
5.953914e-009	0.0301758
5.978914e-009	0.0302002
6.003914e-009	0.0130127
6.028914e-009	0.00991212
6.053914e-009	0.016333
6.078914e-009	0.0173828
6.103914e-009	0.0224854
6.128914e-009	0.0201416
6.153914e-009	0.0142822
6.178914e-009	0.0245117
6.203914e-009	0.0294922
6.228914e-009	0.0266113
6.253914e-009	0.0297608
6.278914e-009	0.0250488
6.303914e-009	0.0135254
6.328914e-009	0.0111816
6.353914e-009	0.0163086
6.378914e-009	0.0174561
6.403914e-009	0.0217285
6.428914e-009	0.021167
6.453914e-009	0.00893555
6.478914e-009	0.0164307
6.503914e-009	0.0227783
6.528914e-009	0.0127686
6.553914e-009	0.0207275
6.578914e-009	0.025
6.603914e-009	0.0203369
6.628914e-009	0.0280029
6.653914e-009	0.0261719
6.678914e-009	0.0169678
6.703914e-009	0.0153809
6.728914e-009	0.0237549
6.753914e-009	0.0367188
6.778914e-009	0.0293945
6.803914e-009	0.0226563
6.828914e-009	0.0352539
6.853914e-009	0.0302246
6.878914e-009	0.016626
6.903914e-009	0.0161865
6.928914e-009	0.0174316
6.953914e-009	0.0274902
6.978914e-009	0.0331787
7.003914e-009	0.0219238
7.028914e-009	0.0219971
7.053914e-009	0.0270996
7.078914e-009	0.0218262
7.103914e-009	0.0216309
7.128914e-009	0.0227539
7.153914e-009	0.0202393
7.178914e-009	0.0165772
7.203914e-009	0.0185547
7.228914e-009	0.0301758
7.253914e-009	0.029419
7.278914e-009	0.0223145
7.303914e-009	0.0216797
7.328914e-009	0.022168
7.353914e-009	0.0243408
7.378914e-009	0.00471192
7.403914e-009	-0.00742187
7.428914e-009	0.0135986
7.453914e-009	0.0165772
7.478914e-009	0.0212647
7.503914e-009	0.0302246
7.528914e-009	0.0150635
7.553914e-009	0.0127197
7.578914e-009	0.00930177
7.603914e-009	0.00949708
7.628914e-009	0.0259766
7.653914e-009	0.0224121
7.678914e-009	0.0145264
7.703914e-009	0.0126709
7.728914e-009	0.0188477
7.753914e-009	0.0294678
7.778914e-009	0.0283447
7.803914e-009	0.0335693
7.828914e-009	0.0317627
7.853914e-009	0.0131836
7.878914e-009	0.0102783
7.903914e-009	0.0180908
7.928914e-009	0.0137695
7.953914e-009	0.014502
7.978914e-009	0.022168
8.003914e-009	0.0220947
8.028914e-009	0.0277344
8.053914e-009	0.0191895
8.078914e-009	0.0039795
8.103914e-009	0.0162109
8.128914e-009	0.0207764
8.153914e-009	0.0156494
8.178914e-009	0.0267578
8.203914e-009	0.0331055
8.228914e-009	0.0248779
8.253914e-009	0.0209229
8.278914e-009	0.0232178
8.303914e-009	0.0177002
8.328914e-009	0.0151856
8.353914e-009	0.0241943
8.378914e-009	0.0306152
8.403914e-009	0.0317627
8.428914e-009	0.0286621
8.453914e-009	0.0197754
8.478914e-009	0.0172363
8.503914e-009	0.0185791
8.528914e-009	0.0129395
8.553914e-009	0.018042
8.578914e-009	0.023291
8.603914e-009	0.0210205
8.628914e-009	0.0234863
8.653914e-009	0.014624
8.678914e-009	0.0130859
8.703914e-009	0.0133301
8.728914e-009	0.00473634
8.753914e-009	0.0189697
8.778914e-009	0.0294434
8.803914e-009	0.0314209
8.828914e-009	0.0293701
8.853914e-009	0.0128906
8.878914e-009	0.0139404
8.903914e-009	0.0231201
8.928914e-009	0.028125
8.953914e-009	0.026416
8.978914e-009	0.0113525
9.003914e-009	0.0170654
9.028914e-009	0.0295899
9.053914e-009	0.0199707
9.078914e-009	0.0151123
9.103914e-009	0.0245606
9.128914e-009	0.0316895
9.153914e-009	0.029126
9.178914e-009	0.0229248
9.203914e-009	0.0215088
9.228914e-009	0.0218262
9.253914e-009	0.0193848
9.278914e-009	0.0136719
9.303914e-009	0.0136231
9.328914e-009	0.0240723
9.353914e-009	0.0287354
9.378914e-009	0.0233643
9.403914e-009	0.0191895
9.428914e-009	0.017334
9.453914e-009	0.0114746
9.478914e-009	0.0139404
9.503914e-009	0.0241943
9.528914e-009	0.0158691
9.553914e-009	0.0133545
9.578914e-009	0.0203613
9.603914e-009	0.0161621
9.628914e-009	0.0260498
9.653914e-009	0.0289063
9.678914e-009	0.0189697
9.703914e-009	0.0199707
9.728914e-009	0.0102051
9.753914e-009	0.00886231
9.778914e-009	0.0228516
9.803914e-009	0.0242432
9.828914e-009	0.0238037
9.853914e-009	0.0163818
9.878914e-009	0.00524903
9.903914e-009	0.0120117
9.928914e-009	0.0195068
9.953914e-009	0.0189941
9.978914e-009	0.0222168
1.000391e-008	0.0266113
1.002891e-008	0.02771
1.005391e-008	0.0299072
1.007891e-008	0.0274414
1.010391e-008	0.0185791
1.012891e-008	0.0208252
1.015391e-008	0.0197754
1.017891e-008	0.0145752
1.020391e-008	0.0252686
1.022891e-008	0.0259766
1.025391e-008	0.019458
1.027891e-008	0.0143799
1.030391e-008	0.00637208
1.032891e-008	0.0122315
1.035391e-008	0.0150391
1.037891e-008	0.0167481
1.040391e-008	0.0220215
1.042891e-008	0.0108399
1.045391e-008	0.00534669
1.047891e-008	0.0155029
1.050391e-008	0.0249756
1.052891e-008	0.0263184
1.055391e-008	0.0208252
1.057891e-008	0.0214356
1.060391e-008	0.0233399
1.062891e-008	0.0234131
1.065391e-008	0.0262207
1.067891e-008	0.0166992
1.070391e-008	0.0104736
1.072891e-008	0.0184326
1.075391e-008	0.0116211
1.077891e-008	0.0101318
1.080391e-008	0.0200195
1.082891e-008	0.0146729
1.085391e-008	0.0171387
1.087891e-008	0.0225098
1.090391e-008	0.019165
1.092891e-008	0.0217041
1.095391e-008	0.0124024
1.097891e-008	0.00632325
1.100391e-008	0.0228272
1.102891e-008	0.0247315
1.105391e-008	0.0105957
1.107891e-008	0.00878907
1.110391e-008	0.0147217
1.112891e-008	0.0133301
1.115391e-008	0.00334473
1.117891e-008	0.00278321
1.120391e-008	0.0151611
1.122891e-008	0.0180908
1.125391e-008	0.00695802
1.127891e-008	0.00527345
1.130391e-008	0.017749
1.132891e-008	0.0258301
1.135391e-008	0.0314453
1.137891e-008	0.0260254
1.140391e-008	0.0141357
1.142891e-008	0.0151856
1.145391e-008	0.0112305
1.147891e-008	0.0114502
1.150391e-008	0.0200195
1.152891e-008	0.0187988
1.155391e-008	0.0189697
1.157891e-008	0.0155029
1.160391e-008	0.0162842
1.162891e-008	0.0286621
1.165391e-008	0.0267334
1.167891e-008	0.023291
1.170391e-008	0.0258789
1.172891e-008	0.0160889
1.175391e-008	0.0116455
1.177891e-008	0.0144531
1.180391e-008	0.016626
1.182891e-008	0.0230713
1.185391e-008	0.0189941
1.187891e-008	0.0195313
1.190391e-008	0.0249512
1.192891e-008	0.018457
1.195391e-008	0.025415
1.197891e-008	0.0270264
1.200391e-008	0.0202637
1.202891e-008	0.0283447
1.205391e-008	0.0203857
1.207891e-008	0.0130371
1.210391e-008	0.023291
1.212891e-008	0.0205811
1.215391e-008	0.0139649
1.217891e-008	0.00847169
1.220391e-008	0.0111816
1.222891e-008	0.0231201
1.225391e-008	0.0116943
1.227891e-008	0.0118652
1.230391e-008	0.0272461
1.232891e-008	0.0166016
1.235391e-008	0.0174561
1.237891e-008	0.0153809
1.240391e-008	0.00778809
1.242891e-008	0.0275879
1.245391e-008	0.0267334
1.247891e-008	0.018335
1.250391e-008	0.0270508
1.252891e-008	0.0325195
1.255391e-008	0.0320313
1.257891e-008	0.0112061
1.260391e-008	0.00969239
1.262891e-008	0.0361084
1.265391e-008	0.0314453
1.267891e-008	0.0171875
1.270391e-008	0.0268066
1.272891e-008	0.0211426
1.275391e-008	0.00158692
1.277891e-008	0.0167969
1.280391e-008	0.0330322
1.282891e-008	0.0191895
1.285391e-008	0.00612794
1.287891e-008	0.00639649
1.290391e-008	0.0231934
1.292891e-008	0.0294922
1.295391e-008	0.020166
1.297891e-008	0.01604
1.300391e-008	0.0114502
1.302891e-008	0.0162598
1.305391e-008	0.0209961
1.307891e-008	0.022168
1.310391e-008	0.0247803
1.312891e-008	0.0182861
1.315391e-008	0.0180664
1.317891e-008	0.0161865
1.320391e-008	0.0125244
1.322891e-008	0.020166
1.325391e-008	0.0128662
1.327891e-008	0.00280762
1.330391e-008	0.0120361
1.332891e-008	0.0128174
1.335391e-008	0.0123047
1.337891e-008	0.0173584
1.340391e-008	0.0156494
1.342891e-008	0.0197266
1.345391e-008	0.0118164
1.347891e-008	0.012085
1.350391e-008	0.0288574
1.352891e-008	0.0156738
1.355391e-008	0.00837403
1.357891e-008	0.00837403
1.360391e-008	0.00495606
1.362891e-008	0.0247559
1.365391e-008	0.0189941
1.367891e-008	0.0072754
1.370391e-008	0.0252197
1.372891e-008	0.0196289
1.375391e-008	0.00842286
1.377891e-008	0.0229248
1.380391e-008	0.0273438
1.382891e-008	0.0187012
1.385391e-008	0.0182617
1.387891e-008	0.0186035
1.390391e-008	0.00634766
1.392891e-008	0.00419923
1.395391e-008	0.0243652
1.397891e-008	0.0241943
1.400391e-008	0.00708009
1.402891e-008	0.015918
1.405391e-008	0.0311279
1.407891e-008	0.0256592
1.410391e-008	0.0224854
1.412891e-008	0.0253662
1.415391e-008	0.0242432
1.417891e-008	0.0311524
1.420391e-008	0.032251
1.422891e-008	0.02229
1.425391e-008	0.0139404
1.427891e-008	0.0196289
1.430391e-008	0.0348877
1.432891e-008	0.0200195
1.435391e-008	0.00476075
1.437891e-008	0.0121094
1.440391e-008	0.0118897
1.442891e-008	0.0177734
1.445391e-008	0.0157227
1.447891e-008	0.0067627
1.450391e-008	0.0126221
1.452891e-008	0.0179199
1.455391e-008	0.024292
1.457891e-008	0.0249024
1.460391e-008	0.0261231
1.462891e-008	0.0344971
1.465391e-008	0.0255371
1.467891e-008	0.0176758
1.470391e-008	0.0188232
1.472891e-008	0.0131348
1.475391e-008	0.0190918
1.477891e-008	0.0165772
1.480391e-008	0.0114502
1.482891e-008	0.0341797
1.485391e-008	0.0327881
1.487891e-008	0.0204834
1.490391e-008	0.0235596
1.492891e-008	0.00566407
1.495391e-008	0.0034668
1.497891e-008	0.0176758
1.500391e-008	0.0212402
1.502891e-008	0.0324219
1.505391e-008	0.0210938
1.507891e-008	0.00590821
1.510391e-008	0.0218262
1.512891e-008	0.0249268
1.515391e-008	0.0154541
1.517891e-008	0.00764161
1.520391e-008	0.00600587
1.522891e-008	0.0146973
1.525391e-008	0.00314942
1.527891e-008	0.00847169
1.530391e-008	0.0329102
1.532891e-008	0.0198486
1.535391e-008	0.00925294
1.537891e-008	0.0137695
1.540391e-008	0.0108399
1.542891e-008	0.00720216
1.545391e-008	0.00180665
1.547891e-008	0.0184326
1.550391e-008	0.0264649
1.552891e-008	0.000683601
1.555391e-008	0.0101074
1.557891e-008	0.044458
1.560391e-008	0.0446533
1.562891e-008	0.0255859
1.565391e-008	0.00939942
1.567891e-008	0.0117676
1.570391e-008	0.0239502
1.572891e-008	0.0185059
1.575391e-008	0.0123535
1.577891e-008	0.0165283
1.580391e-008	0.0174072
1.582891e-008	0.0153809
1.585391e-008	0.0165283
1.587891e-008	0.0210449
1.590391e-008	0.0194092
1.592891e-008	0.0136475
1.595391e-008	0.0214844
1.597891e-008	0.0297119
1.600391e-008	0.0209229
1.602891e-008	0.0170654
1.605391e-008	0.0205566
1.607891e-008	0.0187988
1.610391e-008	0.0104248
1.612891e-008	0.0067627
1.615391e-008	0.0249756
1.617891e-008	0.0205566
1.620391e-008	0.00673829
1.622891e-008	0.0197998
1.625391e-008	0.00712891
1.627891e-008	0.00986329
1.630391e-008	0.0265625
1.632891e-008	0.012793
1.635391e-008	0.0296875
1.637891e-008	0.0255859
1.640391e-008	-0.000781243
1.642891e-008	0.0177979
1.645391e-008	0.0206299
1.647891e-008	0.0188477
1.650391e-008	0.0278809
1.652891e-008	0.0186279
1.655391e-008	0.0208984
1.657891e-008	0.020874
1.660391e-008	0.0173584
1.662891e-008	0.0275147
1.665391e-008	0.0238037
1.667891e-008	0.0187988
1.670391e-008	0.019165
1.672891e-008	0.0199707
1.675391e-008	0.0277832
1.677891e-008	0.0181641
1.680391e-008	0.0145264
1.682891e-008	0.0210938
1.685391e-008	0.0107178
1.687891e-008	0.0204346
1.690391e-008	0.0287842
1.692891e-008	0.00878907
1.695391e-008	0.012085
1.697891e-008	0.02854
1.700391e-008	0.0257813
1.702891e-008	0.0238525
1.705391e-008	0.0161621
1.707891e-008	0.00788575
1.710391e-008	0.0219238
1.712891e-008	0.0189453
1.715391e-008	0.0104004
1.717891e-008	0.025415
1.720391e-008	0.0249756
1.722891e-008	0.0253662
1.725391e-008	0.0244141
1.727891e-008	0.00612794
1.730391e-008	0.00947266
1.732891e-008	0.0203857
1.735391e-008	0.0190674
1.737891e-008	0.0115234
1.740391e-008	0.0126465
1.742891e-008	0.0278809
1.745391e-008	0.0289551
1.747891e-008	0.0236572
1.750391e-008	0.0200684
1.752891e-008	0.0164063
1.755391e-008	0.022583
1.757891e-008	0.0204834
1.760391e-008	0.0171143
1.762891e-008	0.0229981
1.765391e-008	0.0152344
1.767891e-008	0.0105713
1.770391e-008	0.0189453
1.772891e-008	0.0156982
1.775391e-008	0.017041
1.777891e-008	0.0178711
1.780391e-008	0.00778809
1.782891e-008	0.0157227
1.785391e-008	0.0220215
1.787891e-008	0.0183106
1.790391e-008	0.0206055
1.792891e-008	0.0190918
1.795391e-008	0.0186524
1.797891e-008	0.0188965
1.800391e-008	0.0230713
1.802891e-008	0.0256348
1.805391e-008	0.0153076
1.807891e-008	0.0218262
1.810391e-008	0.0355225
1.812891e-008	0.0221924
1.815391e-008	0.0144775
1.817891e-008	0.0226563
1.820391e-008	0.0224365
1.822891e-008	0.0224854
1.825391e-008	0.0182129
1.827891e-008	0.0167236
1.830391e-008	0.0265625
1.832891e-008	0.0244141
1.835391e-008	0.0222412
1.837891e-008	0.0235107
1.840391e-008	0.0184815
1.842891e-008	0.0188232
1.845391e-008	0.00817872
1.847891e-008	0.0036377
1.850391e-008	0.0239502
1.852891e-008	0.0297852
1.855391e-008	0.0302246
1.857891e-008	0.0323731
1.860391e-008	0.019458
1.862891e-008	0.0136719
1.865391e-008	0.0104981
1.867891e-008	0.00937501
1.870391e-008	0.0167236
1.872891e-008	0.0214844
1.875391e-008	0.0237549
1.877891e-008	0.0154053
1.880391e-008	0.016333
1.882891e-008	0.021875
1.885391e-008	0.0126221
1.887891e-008	0.0207031
1.890391e-008	0.0205322
1.892891e-008	0.00183106
1.895391e-008	0.0100098
1.897891e-008	0.0206543
1.900391e-008	0.0198975
1.902891e-008	0.0188965
1.905391e-008	0.00576173
1.907891e-008	0.0036377
1.910391e-008	0.0182373
1.912891e-008	0.0225586
1.915391e-008	0.0192383
1.917891e-008	0.0187256
1.920391e-008	0.0257324
1.922891e-008	0.0309326
1.925391e-008	0.0281006
1.927891e-008	0.0269287
1.930391e-008	0.0310547
1.932891e-008	0.0337158
1.935391e-008	0.0217285
1.937891e-008	0.0139893
1.940391e-008	0.0177734
1.942891e-008	0.0157227
1.945391e-008	0.0170899
1.947891e-008	0.0171631
1.950391e-008	0.0232178
1.952891e-008	0.0303467
1.955391e-008	0.0180176
1.957891e-008	0.022583
1.960391e-008	0.0403809
1.962891e-008	0.0292236
1.965391e-008	0.00366212
1.967891e-008	0.00104981
1.970391e-008	0.0190918
1.972891e-008	0.0223389
1.975391e-008	0.0137695
1.977891e-008	0.00942384
1.980391e-008	0.0146973
1.982891e-008	0.0211182
1.985391e-008	0.0133057
1.987891e-008	0.012793
1.990391e-008	0.00869141
1.992891e-008	0.00444337
1.995391e-008	0.0166016
1.997891e-008	0.0114258
2.000391e-008	0.0189453
2.002891e-008	0.0337402
2.005391e-008	0.0188477
2.007891e-008	0.0210205
2.010391e-008	0.0236572
2.012891e-008	0.0114746
2.015391e-008	0.0240723
2.017891e-008	0.0314209
2.020391e-008	0.0258057
2.022891e-008	0.0287598
2.025391e-008	0.0205566
2.027891e-008	0.0158447
2.030391e-008	0.0242432
2.032891e-008	0.0161621
2.035391e-008	0.0103027
2.037891e-008	0.0194336
2.040391e-008	0.021875
2.042891e-008	0.0299561
2.045391e-008	0.0287109
2.047891e-008	0.0125244
2.050391e-008	0.0195068
2.052891e-008	0.0217041
2.055391e-008	0.0188477
2.057891e-008	0.0296387
2.060391e-008	0.0200928
2.062891e-008	0.0136963
2.065391e-008	0.0166992
2.067891e-008	0.0223145
2.070391e-008	0.0394531
2.072891e-008	0.0247315
2.075391e-008	0.0116943
2.077891e-008	0.0261719
2.080391e-008	0.0228272
2.082891e-008	0.0256104
2.085391e-008	0.0243652
2.087891e-008	0.0050293
2.090391e-008	0.0124756
2.092891e-008	0.0221191
2.095391e-008	0.0145508
2.097891e-008	0.0091797
2.100391e-008	0.0121826
2.102891e-008	0.0195557
2.105391e-008	0.00871583
2.107891e-008	0.0112305
2.110391e-008	0.0282715
2.112891e-008	0.0131836
2.115391e-008	0.00998536
2.117891e-008	0.0224121
2.120391e-008	0.0197022
2.122891e-008	0.0167236
2.125391e-008	0.00698243
2.127891e-008	0.0136475
2.130391e-008	0.0265869
2.132891e-008	0.0192871
2.135391e-008	0.0221191
2.137891e-008	0.0274414
2.140391e-008	0.0361816
2.142891e-008	0.0361572
2.145391e-008	0.00610352
2.147891e-008	0.00461427
2.150391e-008	0.0224609
2.152891e-008	0.0216553
2.155391e-008	0.0273193
2.157891e-008	0.0240234
2.160391e-008	0.0219727
2.162891e-008	0.0331299
2.165391e-008	0.0227539
2.167891e-008	0.0207275
2.170391e-008	0.0301514
2.172891e-008	0.0180908
2.175391e-008	0.0144775
2.177891e-008	0.02229
2.180391e-008	0.0212891
2.182891e-008	0.0183106
2.185391e-008	0.0175049
2.187891e-008	0.0177734
2.190391e-008	0.0201904
2.192891e-008	0.0230713
2.195391e-008	0.0228516
2.197891e-008	0.0259766
2.200391e-008	0.0252197
2.202891e-008	0.0182617
2.205391e-008	0.0148682
2.207891e-008	0.00876466
2.210391e-008	0.00617677
2.212891e-008	0.0119385
2.215391e-008	0.0213867
2.217891e-008	0.0221924
2.220391e-008	0.0142334
2.222891e-008	0.0129395
2.225391e-008	0.0148438
2.227891e-008	0.0289551
2.230391e-008	0.0314209
2.232891e-008	0.0133057
2.235391e-008	0.0201904
2.237891e-008	0.022168
2.240391e-008	0.0105225
2.242891e-008	0.0217041
2.245391e-008	0.0274658
2.247891e-008	0.0230225
2.250391e-008	0.0315918
2.252891e-008	0.0367188
2.255391e-008	0.0181641
2.257891e-008	0.00434571
2.260391e-008	0.0156006
2.262891e-008	0.0219238
2.265391e-008	0.0231445
2.267891e-008	0.0313233
2.270391e-008	0.0359619
2.272891e-008	0.0296631
2.275391e-008	0.0218994
2.277891e-008	0.0227051
2.280391e-008	0.017749
2.282891e-008	0.0175049
2.285391e-008	0.0277344
2.287891e-008	0.0235107
2.290391e-008	0.010669
2.292891e-008	0.0121094
2.295391e-008	0.0292969
2.297891e-008	0.0319336
2.300391e-008	0.020166
2.302891e-008	0.0147705
2.305391e-008	0.00471192
2.307891e-008	0.00563966
2.310391e-008	0.0156982
2.312891e-008	0.0132568
2.315391e-008	0.0153565
2.317891e-008	0.0230469
2.320391e-008	0.0303223
2.322891e-008	0.0226807
2.325391e-008	-0.00205077
2.327891e-008	7.45058e-009
2.330391e-008	0.0197754
2.332891e-008	0.0189941
2.335391e-008	0.00837403
2.337891e-008	0.00263673
2.340391e-008	0.00942384
2.342891e-008	0.0285156
2.345391e-008	0.031958
2.347891e-008	0.0177979
2.350391e-008	0.0205811
2.352891e-008	0.0276856
2.355391e-008	0.0169678
2.357891e-008	0.00893555
2.360391e-008	0.0157715
2.362891e-008	0.0272949
2.365391e-008	0.0204346
2.367891e-008	0.0135986
2.370391e-008	0.0309082
2.372891e-008	0.0323975
2.375391e-008	0.0192383
2.377891e-008	0.0188477
2.380391e-008	0.0173096
2.382891e-008	0.019458
2.385391e-008	0.0253174
2.387891e-008	0.0211182
2.390391e-008	0.010376
2.392891e-008	0.00322266
2.395391e-008	0.00427247
2.397891e-008	0.00478516
2.400391e-008	0.0110107
2.402891e-008	0.0241699
2.405391e-008	0.0261963
2.407891e-008	0.0202393
2.410391e-008	0.0185303
2.412891e-008	0.0283691
2.415391e-008	0.0286865
2.417891e-008	0.0150391
2.420391e-008	0.0216309
2.422891e-008	0.0231934
2.425391e-008	0.00812989
2.427891e-008	0.0076172
2.430391e-008	0.0115967
2.432891e-008	0.0199951
2.435391e-008	0.0261963
2.437891e-008	0.020166
2.440391e-008	0.0199951
2.442891e-008	0.0165039
2.445391e-008	0.00888673
2.447891e-008	0.012207
2.450391e-008	0.0174072
2.452891e-008	0.0274414
2.455391e-008	0.0313721
2.457891e-008	0.0122803
2.460391e-008	0.0139649
2.462891e-008	0.027417
2.465391e-008	0.0132568
2.467891e-008	0.0173828
2.470391e-008	0.0279541
2.472891e-008	0.0165527
2.475391e-008	0.0173096
2.477891e-008	0.0200928
2.480391e-008	0.0177979
2.482891e-008	0.0189697
2.485391e-008	0.0193604
2.487891e-008	0.0207275
2.490391e-008	0.0150635
2.492891e-008	0.00927735
2.495391e-008	0.0133789
2.497891e-008	0.0101318
2.500391e-008	0.00974122
2.502891e-008	0.0307861
2.505391e-008	0.0348389
2.507891e-008	0.0205811
2.510391e-008	0.0200928
2.512891e-008	0.0163818
2.515391e-008	0.0134033
2.517891e-008	0.0119141
2.520391e-008	0.00817872
2.522891e-008	0.0164551
2.525391e-008	0.0118897
2.527891e-008	0.0139649
2.530391e-008	0.0314453
2.532891e-008	0.0240479
2.535391e-008	0.0178955
2.537891e-008	0.013501
2.540391e-008	0.0132813
2.542891e-008	0.0301758
2.545391e-008	0.0224365
2.547891e-008	0.0134033
2.550391e-008	0.0195313
2.552891e-008	0.0220215
2.555391e-008	0.0185059
2.557891e-008	0.00827637
2.560391e-008	0.0198975
2.562891e-008	0.027124
2.565391e-008	0.0164795
2.567891e-008	0.0242676
2.570391e-008	0.0301514
2.572891e-008	0.0178711
2.575391e-008	0.00778809
2.577891e-008	0.011499
2.580391e-008	0.021875
2.582891e-008	0.0280762
2.585391e-008	0.0202149
2.587891e-008	0.0167481
2.590391e-008	0.0267822
2.592891e-008	0.0245361
2.595391e-008	0.0272217
2.597891e-008	0.0267822
2.600391e-008	0.0163574
2.602891e-008	0.0227539
2.605391e-008	0.0104004
2.607891e-008	-0.00117187
2.610391e-008	0.0171387
2.612891e-008	0.0166016
2.615391e-008	0.0120361
2.617891e-008	0.0161377
2.620391e-008	0.0134522
2.622891e-008	0.0196289
2.625391e-008	0.0132813
2.627891e-008	0.0041504
2.630391e-008	0.0169678
2.632891e-008	0.0239258
2.635391e-008	0.0281983
2.637891e-008	0.0318115
2.640391e-008	0.0243164
2.642891e-008	0.0189941
2.645391e-008	0.0196289
2.647891e-008	0.0212402
2.650391e-008	0.0152344
2.652891e-008	0.0109619
2.655391e-008	0.0152588
2.657891e-008	0.0202881
2.660391e-008	0.0333496
2.662891e-008	0.030127
2.665391e-008	0.00625001
2.667891e-008	0.0109863
2.670391e-008	0.0177246
2.672891e-008	0.00769044
2.675391e-008	0.0213623
2.677891e-008	0.0191406
2.680391e-008	0.00732423
2.682891e-008	0.0278565
2.685391e-008	0.025415
2.687891e-008	0.00993653
2.690391e-008	0.017627
2.692891e-008	0.02854
2.695391e-008	0.027417
2.697891e-008	0.00642091
2.700391e-008	0.0121094
2.702891e-008	0.031665
2.705391e-008	0.0137207
2.707891e-008	0.0124756
2.710391e-008	0.0261963
2.712891e-008	0.0184815
2.715391e-008	0.0173584
2.717891e-008	0.0159912
2.720391e-008	0.0195801
2.722891e-008	0.0295166
2.725391e-008	0.0193604
2.727891e-008	0.0178711
2.730391e-008	0.0245361
2.732891e-008	0.0217529
2.735391e-008	0.0244873
2.737891e-008	0.020166
2.740391e-008	0.0167969
2.742891e-008	0.0190918
2.745391e-008	0.011792
2.747891e-008	0.0142822
2.750391e-008	0.0188965
2.752891e-008	0.0161377
2.755391e-008	0.0253662
2.757891e-008	0.0275879
2.760391e-008	0.0180664
2.762891e-008	0.0179688
2.765391e-008	0.0210205
2.767891e-008	0.0215332
2.770391e-008	0.0141846
2.772891e-008	0.013208
2.775391e-008	0.0292236
2.777891e-008	0.0304199
2.780391e-008	0.0260498
2.782891e-008	0.0290039
2.785391e-008	0.0241211
2.787891e-008	0.023169
2.790391e-008	0.0205811
2.792891e-008	0.0158691
2.795391e-008	0.0169678
2.797891e-008	0.01521
2.800391e-008	0.0199707
2.802891e-008	0.0268799
2.805391e-008	0.0274658
2.807891e-008	0.027832
2.810391e-008	0.027417
2.812891e-008	0.0279785
2.815391e-008	0.0237549
2.817891e-008	0.0172607
2.820391e-008	0.0175537
2.822891e-008	0.0134522
2.825391e-008	0.00957032
2.827891e-008	0.0201416
2.830391e-008	0.0282715
2.832891e-008	0.019458
2.835391e-008	0.0178711
2.837891e-008	0.0308838
2.840391e-008	0.0337891
2.842891e-008	0.0292236
2.845391e-008	0.022876
2.847891e-008	0.013208
2.850391e-008	0.0143311
2.852891e-008	0.0186524
2.855391e-008	0.0175781
2.857891e-008	0.0152832
2.860391e-008	0.0186279
2.862891e-008	0.034082
2.865391e-008	0.0323731
2.867891e-008	0.0205322
2.870391e-008	0.0256104
2.872891e-008	0.0263184
2.875391e-008	0.0318848
2.877891e-008	0.0351318
2.880391e-008	0.0284424
2.882891e-008	0.0303955
2.885391e-008	0.0216797
2.887891e-008	0.0201172
2.890391e-008	0.0260986
2.892891e-008	0.0269775
2.895391e-008	0.0359131
2.897891e-008	0.020166
2.900391e-008	0.0147949
2.902891e-008	0.0292481
2.905391e-008	0.0112061
2.907891e-008	0.00805665
2.910391e-008	0.0167725
2.912891e-008	0.0103027
2.915391e-008	0.00974122
2.917891e-008	0.00429688
2.920391e-008	0.0143311
2.922891e-008	0.0233643
2.925391e-008	0.0133057
2.927891e-008	0.0205322
2.930391e-008	0.0186035
2.932891e-008	0.00307618
2.935391e-008	0.0143066
2.937891e-008	0.0287842
2.940391e-008	0.0288574
2.942891e-008	0.0334473
2.945391e-008	0.0216797
2.947891e-008	0.0110352
2.950391e-008	0.0318115
2.952891e-008	0.0254883
2.955391e-008	0.0125732
2.957891e-008	0.0277588
2.960391e-008	0.0193359
2.962891e-008	0.0118897
2.965391e-008	0.0221191
2.967891e-008	0.0285156
2.970391e-008	0.0323975
2.972891e-008	0.0283691
2.975391e-008	0.0302734
2.977891e-008	0.0245606
2.980391e-008	0.0215576
2.982891e-008	0.0336182
2.985391e-008	0.0233643
2.987891e-008	0.0168945
2.990391e-008	0.0192627
2.992891e-008	0.0102051
2.995391e-008	0.013916
2.997891e-008	0.0209717
3.000391e-008	0.0311768
3.002891e-008	0.0287109
3.005391e-008	0.00290528
3.007891e-008	0.00976563
3.010391e-008	0.026001
3.012891e-008	0.0183106
3.015391e-008	0.0225098
3.017891e-008	0.0229981
3.020391e-008	0.0237305
3.022891e-008	0.0324219
3.025391e-008	0.0102295
3.027891e-008	-0.00302734
3.030391e-008	0.018042
3.032891e-008	0.0274414
3.035391e-008	0.0320801
3.037891e-008	0.0311768
3.040391e-008	0.0161865
3.042891e-008	0.0217529
3.045391e-008	0.0290772
3.047891e-008	0.0258301
3.050391e-008	0.0289551
3.052891e-008	0.0193359
3.055391e-008	0.013916
3.057891e-008	0.0158691
3.060391e-008	0.00654298
3.062891e-008	0.0097168
3.065391e-008	0.0227783
3.067891e-008	0.0250977
3.070391e-008	0.021875
3.072891e-008	0.0266113
3.075391e-008	0.0304199
3.077891e-008	0.0193848
3.080391e-008	0.0160889
3.082891e-008	0.0257813
3.085391e-008	0.0258301
3.087891e-008	0.0240234
3.090391e-008	0.0281738
3.092891e-008	0.0230957
3.095391e-008	0.0168213
3.097891e-008	0.0177246
3.100391e-008	0.0135986
3.102891e-008	0.0145264
3.105391e-008	0.0202881
3.107891e-008	0.0214111
3.110391e-008	0.0209229
3.112891e-008	0.00769044
3.115391e-008	0.000244148
3.117891e-008	0.0128174
3.120391e-008	0.0202881
3.122891e-008	0.0208252
3.125391e-008	0.0151367
3.127891e-008	0.0119873
3.130391e-008	0.0157227
3.132891e-008	0.00661622
3.135391e-008	0.0145508
3.137891e-008	0.0310791
3.140391e-008	0.0200928
3.142891e-008	0.0245361
3.145391e-008	0.0278809
3.147891e-008	0.0140869
3.150391e-008	0.0219727
3.152891e-008	0.0260742
3.155391e-008	0.0248047
3.157891e-008	0.0244629
3.160391e-008	0.0235352
3.162891e-008	0.0325684
3.165391e-008	0.0245361
3.167891e-008	0.0189209
3.170391e-008	0.0231201
3.172891e-008	0.0187012
3.175391e-008	0.0284424
3.177891e-008	0.0342529
3.180391e-008	0.0259522
3.182891e-008	0.0209229
3.185391e-008	0.0226318
3.187891e-008	0.0352295
3.190391e-008	0.0396484
3.192891e-008	0.0248535
3.195391e-008	0.0147217
3.197891e-008	0.0184815
3.200391e-008	0.0175781
3.202891e-008	0.0144287
3.205391e-008	0.0187012
3.207891e-008	0.0229004
3.210391e-008	0.0217774
3.212891e-008	0.0167725
3.215391e-008	0.0244629
3.217891e-008	0.0290039
3.220391e-008	0.0216309
3.222891e-008	0.0262695
3.225391e-008	0.020166
3.227891e-008	0.0164795
3.230391e-008	0.02854
3.232891e-008	0.0223877
3.235391e-008	0.0218994
3.237891e-008	0.0322266
3.240391e-008	0.0312988
3.242891e-008	0.0248779
3.245391e-008	0.0164795
3.247891e-008	0.0145264
3.250391e-008	0.0199463
3.252891e-008	0.023291
3.255391e-008	0.0136231
3.257891e-008	0.0134522
3.260391e-008	0.0381104
3.262891e-008	0.0453858
3.265391e-008	0.0275391
3.267891e-008	0.0231934
3.270391e-008	0.0343994
3.272891e-008	0.0258545
3.275391e-008	0.0179688
3.277891e-008	0.0268311
3.280391e-008	0.0170899
3.282891e-008	0.0121094
3.285391e-008	0.0133301
3.287891e-008	0.00583497
3.290391e-008	0.010791
3.292891e-008	0.0160889
3.295391e-008	0.0211914
3.297891e-008	0.0273682
3.300391e-008	0.0301758
3.302891e-008	0.0343262
3.305391e-008	0.0312012
3.307891e-008	0.0227539
3.310391e-008	0.0198486
3.312891e-008	0.0207764
3.315391e-008	0.0242676
3.317891e-008	0.0314941
3.320391e-008	0.0210693
3.322891e-008	0.00771485
3.325391e-008	0.0144531
3.327891e-008	0.0197266
3.330391e-008	0.0222656
3.332891e-008	0.0239014
3.335391e-008	0.0213623
3.337891e-008	0.0181885
3.340391e-008	0.0213623
3.342891e-008	0.0219482
3.345391e-008	0.0105713
3.347891e-008	0.0175537
3.350391e-008	0.0249024
3.352891e-008	0.0162842
3.355391e-008	0.0255615
3.357891e-008	0.0255859
3.360391e-008	0.0146484
3.362891e-008	0.0279785
3.365391e-008	0.0317139
3.367891e-008	0.030249
3.370391e-008	0.0398438
3.372891e-008	0.0253906
3.375391e-008	0.0174805
3.377891e-008	0.0227539
3.380391e-008	0.0150391
3.382891e-008	0.0224121
3.385391e-008	0.0240967
3.387891e-008	0.0224121
3.390391e-008	0.0365234
3.392891e-008	0.0258789
3.395391e-008	0.0172852
3.397891e-008	0.0272217
3.400391e-008	0.0210938
3.402891e-008	0.0234131
3.405391e-008	0.0311279
3.407891e-008	0.0191895
3.410391e-008	0.0175781
3.412891e-008	0.0230713
3.415391e-008	0.0151367
3.417891e-008	0.0223389
3.420391e-008	0.0379883
3.422891e-008	0.0261475
3.425391e-008	0.0150635
3.427891e-008	0.0223389
3.430391e-008	0.0248291
3.432891e-008	0.0258057
3.435391e-008	0.028125
3.437891e-008	0.0262207
3.440391e-008	0.0188721
3.442891e-008	0.00966798
3.445391e-008	0.0108887
3.447891e-008	0.0243897
3.450391e-008	0.0257324
3.452891e-008	0.0154297
3.455391e-008	0.0228516
3.457891e-008	0.0283447
3.460391e-008	0.029541
3.462891e-008	0.0328613
3.465391e-008	0.015625
3.467891e-008	0.0119629
3.470391e-008	0.0335449
3.472891e-008	0.039502
3.475391e-008	0.0253906
3.477891e-008	0.0179443
3.480391e-008	0.0206055
3.482891e-008	0.0197754
3.485391e-008	0.0205322
3.487891e-008	0.0202149
3.490391e-008	0.0192627
3.492891e-008	0.0216797
3.495391e-008	0.0175293
3.497891e-008	0.0145996
3.500391e-008	0.0277344
3.502891e-008	0.0399902
3.505391e-008	0.0246582
3.507891e-008	0.0123535
3.510391e-008	0.0282715
3.512891e-008	0.0305908
3.515391e-008	0.016919
3.517891e-008	0.0201904
3.520391e-008	0.0228516
3.522891e-008	0.0150147
3.525391e-008	0.0144287
3.527891e-008	0.0226074
3.530391e-008	0.0308106
3.532891e-008	0.0291748
3.535391e-008	0.0227295
3.537891e-008	0.0178467
3.540391e-008	0.0206787
3.542891e-008	0.0216553
3.545391e-008	0.00527345
3.547891e-008	0.00769044
3.550391e-008	0.0232422
3.552891e-008	0.0178467
3.555391e-008	0.0172607
3.557891e-008	0.0231445
3.560391e-008	0.0229736
3.562891e-008	0.0236572
3.565391e-008	0.018042
3.567891e-008	0.019751
3.570391e-008	0.0224609
3.572891e-008	0.0019043
3.575391e-008	0.000585945
3.577891e-008	0.0225098
3.580391e-008	0.028833
3.582891e-008	0.0263184
3.585391e-008	0.0119141
3.587891e-008	0.0168701
3.590391e-008	0.0359863
3.592891e-008	0.0219727
3.595391e-008	0.0241699
3.597891e-008	0.0318848
3.600391e-008	0.010669
3.602891e-008	0.0176758
3.605391e-008	0.0282471
3.607891e-008	0.0161377
3.610391e-008	0.0260986
3.612891e-008	0.0351318
3.615391e-008	0.0296387
3.617891e-008	0.0279541
3.620391e-008	0.0221191
3.622891e-008	0.0239746
3.625391e-008	0.0255859
3.627891e-008	0.0186279
3.630391e-008	0.0126465
3.632891e-008	0.00773927
3.635391e-008	0.0209473
3.637891e-008	0.0336426
3.640391e-008	0.0286621
3.642891e-008	0.0223633
3.645391e-008	0.0187256
3.647891e-008	0.0288574
3.650391e-008	0.0249756
3.652891e-008	0.00578614
3.655391e-008	0.0168945
3.657891e-008	0.0246338
3.660391e-008	0.01604
3.662891e-008	0.0189453
3.665391e-008	0.0182861
3.667891e-008	0.0168213
3.670391e-008	0.0188965
3.672891e-008	0.0176514
3.675391e-008	0.0213867
3.677891e-008	0.026709
3.680391e-008	0.0230713
3.682891e-008	0.025415
3.685391e-008	0.0334717
3.687891e-008	0.0204102
3.690391e-008	0.0178223
3.692891e-008	0.0267334
3.695391e-008	0.0130615
3.697891e-008	0.0135742
3.700391e-008	0.0217041
3.702891e-008	0.0127197
3.705391e-008	0.00690919
3.707891e-008	0.00844727
3.710391e-008	0.0158936
3.712891e-008	0.0265381
3.715391e-008	0.0354004
3.717891e-008	0.0237549
3.720391e-008	0.00947266
3.722891e-008	0.0255615
3.725391e-008	0.0293945
3.727891e-008	0.0147461
3.730391e-008	0.0237305
3.732891e-008	0.0310303
3.735391e-008	0.017041
3.737891e-008	0.0105225
3.740391e-008	0.0253662
3.742891e-008	0.03479
3.745391e-008	0.0141357
3.747891e-008	0.00874024
3.750391e-008	0.0242676
3.752891e-008	0.0174805
3.755391e-008	0.0165527
3.757891e-008	0.0249268
3.760391e-008	0.0218506
3.762891e-008	0.0202881
3.765391e-008	0.012793
3.767891e-008	0.00310059
3.770391e-008	0.0154297
3.772891e-008	0.0338379
3.775391e-008	0.030957
3.777891e-008	0.0233643
3.780391e-008	0.0196777
3.782891e-008	0.016626
3.785391e-008	0.0163818
3.787891e-008	0.0147217
3.790391e-008	0.0168701
3.792891e-008	0.017334
3.795391e-008	0.0202637
3.797891e-008	0.0209473
3.800391e-008	0.0170166
3.802891e-008	0.0228027
3.805391e-008	0.019751
3.807891e-008	0.0204346
3.810391e-008	0.0231934
3.812891e-008	0.0081543
3.815391e-008	0.0137207
3.817891e-008	0.0251953
3.820391e-008	0.0179688
3.822891e-008	0.0216065
3.825391e-008	0.0249024
3.827891e-008	0.0224854
3.830391e-008	0.0282471
3.832891e-008	0.0216797
3.835391e-008	0.0188232
3.837891e-008	0.0278809
3.840391e-008	0.0192627
3.842891e-008	0.0186035
3.845391e-008	0.0244629
3.847891e-008	0.0198486
3.850391e-008	0.0258057
3.852891e-008	0.0261719
3.855391e-008	0.0213379
3.857891e-008	0.0140137
3.860391e-008	0.0133789
3.862891e-008	0.0318115
3.865391e-008	0.0208496
3.867891e-008	0.00969239
3.870391e-008	0.0196045
3.872891e-008	0.0104248
3.875391e-008	0.0250977
3.877891e-008	0.0396484
3.880391e-008	0.0224609
3.882891e-008	0.0216553
3.885391e-008	0.0202393
3.887891e-008	0.0165039
3.890391e-008	0.0198486
3.892891e-008	0.0140869
3.895391e-008	0.0158447
3.897891e-008	0.0130859
3.900391e-008	0.0136475
3.902891e-008	0.0320557
3.905391e-008	0.0253418
3.907891e-008	0.0154297
3.910391e-008	0.0281006
3.912891e-008	0.0294434
3.915391e-008	0.0230469
3.917891e-008	0.0188721
3.920391e-008	0.0256348
3.922891e-008	0.0226563
3.925391e-008	0.00202637
3.927891e-008	0.0124024
3.930391e-008	0.0205566
3.932891e-008	0.0173096
3.935391e-008	0.030249
3.937891e-008	0.0204346
3.940391e-008	0.017041
3.942891e-008	0.0341065
3.945391e-008	0.0252197
3.947891e-008	0.0156006
3.950391e-008	0.0220947
3.952891e-008	0.0189209
3.955391e-008	0.0155029
3.957891e-008	0.0186524
3.960391e-008	0.0156006
3.962891e-008	0.0233887
3.965391e-008	0.0348877
3.967891e-008	0.022168
3.970391e-008	0.011499
3.972891e-008	0.0133545
3.975391e-008	0.0122315
3.977891e-008	0.0181397
3.980391e-008	0.0173584
3.982891e-008	0.00754395
3.985391e-008	0.0132568
3.987891e-008	0.0173096
3.990391e-008	0.0173096
3.992891e-008	0.0241699
3.995391e-008	0.0244141
3.997891e-008	0.0269287
4.000391e-008	0.0268066
4.002891e-008	0.0181152
4.005391e-008	0.0169434
4.007891e-008	0.0209229
4.010391e-008	0.02229
4.012891e-008	0.0217529
4.015391e-008	0.0291504
4.017891e-008	0.0299072
4.020391e-008	0.0219727
4.022891e-008	0.0227783
4.025391e-008	0.0159912
4.027891e-008	0.0198731
4.030391e-008	0.0292969
4.032891e-008	0.0203613
4.035391e-008	0.030542
4.037891e-008	0.0357422
4.040391e-008	0.0244629
4.042891e-008	0.0283936
4.045391e-008	0.0199463
4.047891e-008	0.0126953
4.050391e-008	0.0210205
4.052891e-008	0.0205811
4.055391e-008	0.0242676
4.057891e-008	0.0267822
4.060391e-008	0.0210205
4.062891e-008	0.0251709
4.065391e-008	0.0253906
4.067891e-008	0.0164551
4.070391e-008	0.0177246
4.072891e-008	0.0299316
4.075391e-008	0.0381104
4.077891e-008	0.0171631
4.080391e-008	0.00610352
4.082891e-008	0.0296143
4.085391e-008	0.0197266
4.087891e-008	0.00859376
4.090391e-008	0.0208008
4.092891e-008	0.00996095
4.095391e-008	0.0194336
4.097891e-008	0.0322754
4.100391e-008	0.0253418
4.102891e-008	0.0322266
4.105391e-008	0.0230469
4.107891e-008	0.0205811
4.110391e-008	0.0341797
4.112891e-008	0.0238281
4.115391e-008	0.0217285
4.117891e-008	0.0269531
4.120391e-008	0.0279297
4.122891e-008	0.0331055
4.125391e-008	0.01875
4.127891e-008	0.0102295
4.130391e-008	0.0172119
4.132891e-008	0.0168213
4.135391e-008	0.0157959
4.137891e-008	0.0044922
4.140391e-008	0.00366212
4.142891e-008	0.0183594
4.145391e-008	0.0111084
4.147891e-008	0.0145264
4.150391e-008	0.0382324
4.152891e-008	0.0324219
4.155391e-008	0.0239258
4.157891e-008	0.0369873
4.160391e-008	0.0384522
4.162891e-008	0.0328858
4.165391e-008	0.0208252
4.167891e-008	0.00690919
4.170391e-008	0.0162598
4.172891e-008	0.0228516
4.175391e-008	0.0168701
4.177891e-008	0.0187256
4.180391e-008	0.023999
4.182891e-008	0.0302002
4.185391e-008	0.029834
4.187891e-008	0.0234619
4.190391e-008	0.0219727
4.192891e-008	0.0173096
4.195391e-008	0.0187744
4.197891e-008	0.0272217
4.200391e-008	0.0241943
4.202891e-008	0.0178711
4.205391e-008	0.00556641
4.207891e-008	0.00747071
4.210391e-008	0.0268799
4.212891e-008	0.0220947
4.215391e-008	0.0233399
4.217891e-008	0.0243408
4.220391e-008	0.00998536
4.222891e-008	0.0177002
4.225391e-008	0.017041
4.227891e-008	0.0131836
4.230391e-008	0.0197998
4.232891e-008	0.0198242
4.235391e-008	0.0237305
4.237891e-008	0.0226807
4.240391e-008	0.0254639
4.242891e-008	0.0284912
4.245391e-008	0.0303467
4.247891e-008	0.0363525
4.250391e-008	0.0229492
4.252891e-008	0.0211182
4.255391e-008	0.0368408
4.257891e-008	0.0242676
4.260391e-008	0.0128662
4.262891e-008	0.0291016
4.265391e-008	0.0226563
4.267891e-008	0.00949708
4.270391e-008	0.0256348
4.272891e-008	0.0208008
4.275391e-008	0.0152588
4.277891e-008	0.0274414
4.280391e-008	0.0233399
4.282891e-008	0.0295654
4.285391e-008	0.015625
4.287891e-008	-0.000878899
4.290391e-008	0.0223633
4.292891e-008	0.0177979
4.295391e-008	0.0110107
4.297891e-008	0.0246582
4.300391e-008	0.0282227
4.302891e-008	0.0343262
4.305391e-008	0.027002
4.307891e-008	0.0225586
4.310391e-008	0.0246094
4.312891e-008	0.0165039
4.315391e-008	0.0161133
4.317891e-008	0.0192871
4.320391e-008	0.0301514
4.322891e-008	0.0317627
4.325391e-008	0.00793458
4.327891e-008	0.00544434
4.330391e-008	0.017627
4.332891e-008	0.0133789
4.335391e-008	0.0243652
4.337891e-008	0.0249512
4.340391e-008	0.00803223
4.342891e-008	0.0234131
4.345391e-008	0.0312256
4.347891e-008	0.020044
4.350391e-008	0.0139893
4.352891e-008	0.0167236
4.355391e-008	0.0358154
4.357891e-008	0.029126
4.360391e-008	0.014502
4.362891e-008	0.0218262
4.365391e-008	0.0238525
4.367891e-008	0.0223633
4.370391e-008	0.0117432
4.372891e-008	0.00664063
4.375391e-008	0.0190186
4.377891e-008	0.0307617
4.380391e-008	0.0329102
4.382891e-008	0.0164551
4.385391e-008	0.00793458
4.387891e-008	0.021582
4.390391e-008	0.0268311
4.392891e-008	0.0130127
4.395391e-008	0.00852052
4.397891e-008	0.0213867
4.400391e-008	0.020752
4.402891e-008	0.013794
4.405391e-008	0.0152344
4.407891e-008	0.0166016
4.410391e-008	0.0185303
4.412891e-008	0.019165
4.415391e-008	0.0229004
4.417891e-008	0.024585
4.420391e-008	0.0182861
4.422891e-008	0.0177979
4.425391e-008	0.025708
4.427891e-008	0.0246826
4.430391e-008	0.0144043
4.432891e-008	0.0130859
4.435391e-008	0.0137695
4.437891e-008	0.0102539
4.440391e-008	0.0199463
4.442891e-008	0.0373779
4.445391e-008	0.0310547
4.447891e-008	0.0190186
4.450391e-008	0.0319336
4.452891e-008	0.0299805
4.455391e-008	0.0128906
4.457891e-008	0.0110107
4.460391e-008	0.019043
4.462891e-008	0.0318604
4.465391e-008	0.0158936
4.467891e-008	0.00114747
4.470391e-008	0.0239014
4.472891e-008	0.0302979
4.475391e-008	0.0239014
4.477891e-008	0.0218262
4.480391e-008	0.0147949
4.482891e-008	0.0200195
4.485391e-008	0.0273926
4.487891e-008	0.0236084
4.490391e-008	0.0228516
4.492891e-008	0.0305176
4.495391e-008	0.0339356
4.497891e-008	0.020752
4.500391e-008	0.0103027
4.502891e-008	0.0220703
4.505391e-008	0.0241455
4.507891e-008	0.01875
4.510391e-008	0.0283936
4.512891e-008	0.0204834
4.515391e-008	0.00830079
4.517891e-008	0.01604
4.520391e-008	0.0289063
4.522891e-008	0.0390381
4.525391e-008	0.0303711
4.527891e-008	0.0116699
4.530391e-008	0.00886231
4.532891e-008	0.0153809
4.535391e-008	0.018457
4.537891e-008	0.0255371
4.540391e-008	0.0255615
4.542891e-008	0.0155518
4.545391e-008	0.0170166
4.547891e-008	0.0194824
4.550391e-008	0.0225342
4.552891e-008	0.0225098
4.555391e-008	0.0116943
4.557891e-008	0.0138916
4.560391e-008	0.0299561
4.562891e-008	0.035083
4.565391e-008	0.023877
4.567891e-008	0.0194336
4.570391e-008	0.014624
4.572891e-008	0.0122803
4.575391e-008	0.0279541
4.577891e-008	0.0251465
4.580391e-008	0.0186524
4.582891e-008	0.0269043
4.585391e-008	0.0209229
4.587891e-008	0.0192139
4.590391e-008	0.0176514
4.592891e-008	0.00739747
4.595391e-008	0.0136963
4.597891e-008	0.0183106
4.600391e-008	0.0248779
4.602891e-008	0.0324707
4.605391e-008	0.011792
4.607891e-008	0.0128662
4.610391e-008	0.0307617
4.612891e-008	0.0202149
4.615391e-008	0.0253906
4.617891e-008	0.0246826
4.620391e-008	0.00471192
4.622891e-008	0.0142334
4.625391e-008	0.021582
4.627891e-008	0.0174805
4.630391e-008	0.016333
4.632891e-008	0.0083252
4.635391e-008	0.0130615
4.637891e-008	0.0125
4.640391e-008	0.00263673
4.642891e-008	0.0199707
4.645391e-008	0.0288086
4.647891e-008	0.0155518
4.650391e-008	0.0190186
4.652891e-008	0.0175537
4.655391e-008	0.0155029
4.657891e-008	0.0274414
4.660391e-008	0.0144775
4.662891e-008	0.00439454
4.665391e-008	0.020044
4.667891e-008	0.0242432
4.670391e-008	0.0206299
4.672891e-008	0.0140381
4.675391e-008	0.00700684
4.677891e-008	0.00939942
4.680391e-008	0.0154541
4.682891e-008	0.0175781
4.685391e-008	0.00905762
4.687891e-008	0.0122803
4.690391e-008	0.0253906
4.692891e-008	0.0256836
4.695391e-008	0.0260986
4.697891e-008	0.0217041
4.700391e-008	0.0181397
4.702891e-008	0.0203613
4.705391e-008	0.0128906
4.707891e-008	0.0127197
4.710391e-008	0.0140869
4.712891e-008	0.0185547
4.715391e-008	0.0300293
4.717891e-008	0.0206299
4.720391e-008	0.0229492
4.722891e-008	0.0376465
4.725391e-008	0.023999
4.727891e-008	0.00678712
4.730391e-008	0.00290528
4.732891e-008	0.0069336
4.735391e-008	0.0101807
4.737891e-008	0.00690919
4.740391e-008	0.0160645
4.742891e-008	0.0332031
4.745391e-008	0.0231445
4.747891e-008	0.0113281
4.750391e-008	0.0259277
4.752891e-008	0.0166748
4.755391e-008	0.00585938
4.757891e-008	0.0184082
4.760391e-008	0.00612794
4.762891e-008	0.00273438
4.765391e-008	0.0204102
4.767891e-008	0.0255127
4.770391e-008	0.0256836
4.772891e-008	0.0217774
4.775391e-008	0.0197022
4.777891e-008	0.0155518
4.780391e-008	0.0162598
4.782891e-008	0.0295899
4.785391e-008	0.0227539
4.787891e-008	0.0120361
4.790391e-008	0.0180176
4.792891e-008	0.0155762
4.795391e-008	0.0179199
4.797891e-008	0.0146973
4.800391e-008	0.00158692
4.802891e-008	0.0176758
4.805391e-008	0.0258789
4.807891e-008	0.0233643
4.810391e-008	0.0374756
4.812891e-008	0.0269043
4.815391e-008	0.00483399
4.817891e-008	-0.00124511
4.820391e-008	0.0135986
4.822891e-008	0.0312012
4.825391e-008	0.0179688
4.827891e-008	0.0201172
4.830391e-008	0.0349121
4.832891e-008	0.0205811
4.835391e-008	0.0211914
4.837891e-008	0.0275147
4.840391e-008	0.0157471
4.842891e-008	0.0241943
4.845391e-008	0.030127
4.847891e-008	0.010083
4.850391e-008	0.00803223
4.852891e-008	0.0214111
4.855391e-008	0.0199219
4.857891e-008	0.0237305
4.860391e-008	0.0307617
4.862891e-008	0.0274658
4.865391e-008	0.020459
4.867891e-008	0.0104492
4.870391e-008	0.0138672
4.872891e-008	0.0166992
4.875391e-008	0.0185059
4.877891e-008	0.021875
4.880391e-008	0.011499
4.882891e-008	0.023291
4.885391e-008	0.0259277
4.887891e-008	0.0101563
4.890391e-008	0.019165
4.892891e-008	0.0199219
4.895391e-008	0.0175293
4.897891e-008	0.0169922
4.900391e-008	0.0120606
4.902891e-008	0.0185059
4.905391e-008	0.0170899
4.907891e-008	0.0132324
4.910391e-008	0.00742188
4.912891e-008	-0.00241698
4.915391e-008	0.0130859
4.917891e-008	0.027002
4.920391e-008	0.024292
4.922891e-008	0.0304199
4.925391e-008	0.0198975
4.927891e-008	0.0050293
4.930391e-008	0.0106445
4.932891e-008	0.0178467
4.935391e-008	0.0250733
4.937891e-008	0.0168457
4.940391e-008	0.0150635
4.942891e-008	0.0259277
4.945391e-008	0.0123291
4.947891e-008	0.0182617
4.950391e-008	0.0340332
4.952891e-008	0.0131836
4.955391e-008	0.0116455
4.957891e-008	0.0220215
4.960391e-008	0.0170899
4.962891e-008	0.0232666
4.965391e-008	0.0132568
4.967891e-008	0.0135742
4.970391e-008	0.0322022
4.972891e-008	0.0243408
4.975391e-008	0.0230713
4.977891e-008	0.0255859
4.980391e-008	0.0216065
4.982891e-008	0.0171387
4.985391e-008	0.0109619
4.987891e-008	0.0176025
4.990391e-008	0.0136475
4.992891e-008	0.0138184
4.995391e-008	0.0238525
4.997891e-008	0.0221924
5.000391e-008	0.0273926
