# LECROYWM813Zi	51496	Waveform
# Segments	1	SegmentSize	4002
# Segment	TrigTime	TimeSinceSegment1
# #1	30-Nov-2018 17:24:48	0                 
# Time	Ampl
-5.001946e-008	0.0152344
-4.999446e-008	0.0244141
-4.996946e-008	0.0206055
-4.994446e-008	0.0234131
-4.991946e-008	0.0341309
-4.989446e-008	0.0450684
-4.986946e-008	0.0438477
-4.984446e-008	0.0269043
-4.981946e-008	0.0224121
-4.979446e-008	0.0297852
-4.976946e-008	0.0297852
-4.974446e-008	0.024292
-4.971946e-008	0.0268555
-4.969446e-008	0.0329834
-4.966946e-008	0.020459
-4.964446e-008	0.0232178
-4.961946e-008	0.039209
-4.959446e-008	0.0270508
-4.956946e-008	0.0188965
-4.954446e-008	0.0202881
-4.951946e-008	0.0208252
-4.949446e-008	0.030249
-4.946946e-008	0.0285889
-4.944446e-008	0.0167725
-4.941946e-008	0.012915
-4.939446e-008	0.0195068
-4.936946e-008	0.0232422
-4.934446e-008	0.0177979
-4.931946e-008	0.0168701
-4.929446e-008	0.0174561
-4.926946e-008	0.0107422
-4.924446e-008	0.0141602
-4.921946e-008	0.0234131
-4.919446e-008	0.0171875
-4.916946e-008	0.0245361
-4.914446e-008	0.0429443
-4.911946e-008	0.0384766
-4.909446e-008	0.0319336
-4.906946e-008	0.0260986
-4.904446e-008	0.0160156
-4.901946e-008	0.0110596
-4.899446e-008	0.0128418
-4.896946e-008	0.024585
-4.894446e-008	0.0238037
-4.891946e-008	0.01521
-4.889446e-008	0.0172852
-4.886946e-008	0.0181152
-4.884446e-008	0.0190186
-4.881946e-008	0.0196289
-4.879446e-008	0.0181641
-4.876946e-008	0.0172119
-4.874446e-008	0.0166992
-4.871946e-008	0.0220947
-4.869446e-008	0.0238037
-4.866946e-008	0.0218994
-4.864446e-008	0.0277344
-4.861946e-008	0.0266846
-4.859446e-008	0.0155518
-4.856946e-008	0.0076172
-4.854446e-008	0.00805665
-4.851946e-008	0.0275635
-4.849446e-008	0.0410645
-4.846946e-008	0.0241943
-4.844446e-008	0.0167969
-4.841946e-008	0.0235107
-4.839446e-008	0.018457
-4.836946e-008	0.0168945
-4.834446e-008	0.0234863
-4.831946e-008	0.0221924
-4.829446e-008	0.0128906
-4.826946e-008	0.0195557
-4.824446e-008	0.0236084
-4.821946e-008	0.00251466
-4.819446e-008	0.00622559
-4.816946e-008	0.0323486
-4.814446e-008	0.029126
-4.811946e-008	0.0229736
-4.809446e-008	0.0333984
-4.806946e-008	0.0131592
-4.804446e-008	0.00195313
-4.801946e-008	0.0323975
-4.799446e-008	0.0323731
-4.796946e-008	0.0262207
-4.794446e-008	0.0309082
-4.791946e-008	0.0240234
-4.789446e-008	0.0287109
-4.786946e-008	0.0116699
-4.784446e-008	0.00300294
-4.781946e-008	0.0252197
-4.779446e-008	0.0230469
-4.776946e-008	0.0228027
-4.774446e-008	0.0294922
-4.771946e-008	0.025415
-4.769446e-008	0.0236816
-4.766946e-008	0.0195801
-4.764446e-008	0.0213623
-4.761946e-008	0.0260986
-4.759446e-008	0.02854
-4.756946e-008	0.0320068
-4.754446e-008	0.0303467
-4.751946e-008	0.0282227
-4.749446e-008	0.0187744
-4.746946e-008	0.00688477
-4.744446e-008	0.014624
-4.741946e-008	0.0196533
-4.739446e-008	0.0108399
-4.736946e-008	0.0142578
-4.734446e-008	0.0212402
-4.731946e-008	0.0242432
-4.729446e-008	0.0330811
-4.726946e-008	0.0327149
-4.724446e-008	0.0207275
-4.721946e-008	0.0146729
-4.719446e-008	0.0198975
-4.716946e-008	0.0300781
-4.714446e-008	0.0290283
-4.711946e-008	0.0215332
-4.709446e-008	0.0208984
-4.706946e-008	0.0160156
-4.704446e-008	0.0179932
-4.701946e-008	0.0245117
-4.699446e-008	0.0168701
-4.696946e-008	0.0221924
-4.694446e-008	0.029126
-4.691946e-008	0.0219971
-4.689446e-008	0.0225586
-4.686946e-008	0.016919
-4.684446e-008	0.016333
-4.681946e-008	0.0242676
-4.679446e-008	0.018042
-4.676946e-008	0.0198731
-4.674446e-008	0.0227783
-4.671946e-008	0.019458
-4.669446e-008	0.030249
-4.666946e-008	0.0302734
-4.664446e-008	0.0206543
-4.661946e-008	0.0214111
-4.659446e-008	0.0205811
-4.656946e-008	0.0274414
-4.654446e-008	0.0336426
-4.651946e-008	0.0271729
-4.649446e-008	0.0219482
-4.646946e-008	0.0150147
-4.644446e-008	0.0166016
-4.641946e-008	0.0220215
-4.639446e-008	0.0240234
-4.636946e-008	0.0308106
-4.634446e-008	0.0231445
-4.631946e-008	0.0217529
-4.629446e-008	0.0334961
-4.626946e-008	0.0251953
-4.624446e-008	0.0171875
-4.621946e-008	0.0171875
-4.619446e-008	0.0144043
-4.616946e-008	0.0198486
-4.614446e-008	0.023291
-4.611946e-008	0.0168457
-4.609446e-008	0.0183106
-4.606946e-008	0.0291016
-4.604446e-008	0.0281738
-4.601946e-008	0.0183838
-4.599446e-008	0.016626
-4.596946e-008	0.0200684
-4.594446e-008	0.0213135
-4.591946e-008	0.0266113
-4.589446e-008	0.0291748
-4.586946e-008	0.0159912
-4.584446e-008	0.0144287
-4.581946e-008	0.0285645
-4.579446e-008	0.0269775
-4.576946e-008	0.0109375
-4.574446e-008	0.00122071
-4.571946e-008	0.013794
-4.569446e-008	0.0213867
-4.566946e-008	0.0115234
-4.564446e-008	0.0195313
-4.561946e-008	0.0262695
-4.559446e-008	0.0147949
-4.556946e-008	0.0130859
-4.554446e-008	0.0192627
-4.551946e-008	0.0237305
-4.549446e-008	0.0209961
-4.546946e-008	0.0118164
-4.544446e-008	0.0167969
-4.541946e-008	0.0283936
-4.539446e-008	0.0266113
-4.536946e-008	0.0166748
-4.534446e-008	0.0111328
-4.531946e-008	0.0205811
-4.529446e-008	0.0274414
-4.526946e-008	0.0115234
-4.524446e-008	0.00341798
-4.521946e-008	0.0182129
-4.519446e-008	0.0256836
-4.516946e-008	0.0233643
-4.514446e-008	0.0210938
-4.511946e-008	0.0224854
-4.509446e-008	0.0209473
-4.506946e-008	0.00798341
-4.504446e-008	0.0156494
-4.501946e-008	0.0260498
-4.499446e-008	0.0186035
-4.496946e-008	0.0325684
-4.494446e-008	0.0334717
-4.491946e-008	0.00783692
-4.489446e-008	0.0141602
-4.486946e-008	0.0233643
-4.484446e-008	0.00942384
-4.481946e-008	0.0210205
-4.479446e-008	0.0291748
-4.476946e-008	0.0181885
-4.474446e-008	0.0234375
-4.471946e-008	0.0210449
-4.469446e-008	0.0206787
-4.466946e-008	0.0186279
-4.464446e-008	0.0100098
-4.461946e-008	0.0234619
-4.459446e-008	0.0192871
-4.456946e-008	0.00336915
-4.454446e-008	0.00361329
-4.451946e-008	0.0103516
-4.449446e-008	0.0240479
-4.446946e-008	0.0224121
-4.444446e-008	0.0164063
-4.441946e-008	0.0270752
-4.439446e-008	0.0296875
-4.436946e-008	0.0241211
-4.434446e-008	0.0315186
-4.431946e-008	0.0321289
-4.429446e-008	0.017334
-4.426946e-008	0.0144043
-4.424446e-008	0.0209961
-4.421946e-008	0.0214844
-4.419446e-008	0.0172852
-4.416946e-008	0.0241211
-4.414446e-008	0.0260986
-4.411946e-008	0.0127441
-4.409446e-008	0.0156982
-4.406946e-008	0.0179199
-4.404446e-008	0.0166748
-4.401946e-008	0.0240723
-4.399446e-008	0.0223389
-4.396946e-008	0.0265625
-4.394446e-008	0.0254639
-4.391946e-008	0.0155762
-4.389446e-008	0.0252686
-4.386946e-008	0.0312988
-4.384446e-008	0.0204346
-4.381946e-008	0.0152344
-4.379446e-008	0.0201416
-4.376946e-008	0.0254883
-4.374446e-008	0.0235352
-4.371946e-008	0.0211182
-4.369446e-008	0.0265869
-4.366946e-008	0.0249756
-4.364446e-008	0.0183594
-4.361946e-008	0.029126
-4.359446e-008	0.0319336
-4.356946e-008	0.0172607
-4.354446e-008	0.0149414
-4.351946e-008	0.0177979
-4.349446e-008	0.019751
-4.346946e-008	0.0167969
-4.344446e-008	0.0144775
-4.341946e-008	0.0299072
-4.339446e-008	0.034082
-4.336946e-008	0.0232666
-4.334446e-008	0.0246338
-4.331946e-008	0.0308838
-4.329446e-008	0.0325684
-4.326946e-008	0.023584
-4.324446e-008	0.0143311
-4.321946e-008	0.0224121
-4.319446e-008	0.0242676
-4.316946e-008	0.0141602
-4.314446e-008	0.0185791
-4.311946e-008	0.0338623
-4.309446e-008	0.0349609
-4.306946e-008	0.018457
-4.304446e-008	0.0165039
-4.301946e-008	0.0317871
-4.299446e-008	0.0274658
-4.296946e-008	0.00632325
-4.294446e-008	0.00234376
-4.291946e-008	0.0189941
-4.289446e-008	0.0246582
-4.286946e-008	0.0130127
-4.284446e-008	0.0141113
-4.281946e-008	0.0219727
-4.279446e-008	0.014209
-4.276946e-008	0.0203125
-4.274446e-008	0.03125
-4.271946e-008	0.018335
-4.269446e-008	0.0244873
-4.266946e-008	0.0216553
-4.264446e-008	-0.00144042
-4.261946e-008	0.0163086
-4.259446e-008	0.0275147
-4.256946e-008	0.0229981
-4.254446e-008	0.0299805
-4.251946e-008	0.0254395
-4.249446e-008	0.0292725
-4.246946e-008	0.0338867
-4.244446e-008	0.025708
-4.241946e-008	0.0208496
-4.239446e-008	0.0268799
-4.236946e-008	0.0330322
-4.234446e-008	0.02146
-4.231946e-008	0.0222168
-4.229446e-008	0.0332764
-4.226946e-008	0.0198975
-4.224446e-008	0.00656739
-4.221946e-008	0.0143311
-4.219446e-008	0.0189941
-4.216946e-008	0.0121338
-4.214446e-008	0.010791
-4.211946e-008	0.020166
-4.209446e-008	0.0308838
-4.206946e-008	0.0257324
-4.204446e-008	0.0207275
-4.201946e-008	0.0250244
-4.199446e-008	0.0178955
-4.196946e-008	0.0201416
-4.194446e-008	0.0244385
-4.191946e-008	0.0189941
-4.189446e-008	0.0291748
-4.186946e-008	0.0299316
-4.184446e-008	0.0215576
-4.181946e-008	0.0304443
-4.179446e-008	0.0258545
-4.176946e-008	0.0188721
-4.174446e-008	0.0242188
-4.171946e-008	0.00869141
-4.169446e-008	0.0076172
-4.166946e-008	0.0322022
-4.164446e-008	0.0354248
-4.161946e-008	0.027832
-4.159446e-008	0.0223877
-4.156946e-008	0.0237549
-4.154446e-008	0.0277344
-4.151946e-008	0.023584
-4.149446e-008	0.0223145
-4.146946e-008	0.0136963
-4.144446e-008	0.0114502
-4.141946e-008	0.0259766
-4.139446e-008	0.0285156
-4.136946e-008	0.0221924
-4.134446e-008	0.0209473
-4.131946e-008	0.0258057
-4.129446e-008	0.0250244
-4.126946e-008	0.0162354
-4.124446e-008	0.0198486
-4.121946e-008	0.0268799
-4.119446e-008	0.0189453
-4.116946e-008	0.0141602
-4.114446e-008	0.0239258
-4.111946e-008	0.0322998
-4.109446e-008	0.0302246
-4.106946e-008	0.0151367
-4.104446e-008	0.00673829
-4.101946e-008	0.0185303
-4.099446e-008	0.0231445
-4.096946e-008	0.0259277
-4.094446e-008	0.029541
-4.091946e-008	0.0176514
-4.089446e-008	0.0148926
-4.086946e-008	0.018335
-4.084446e-008	0.0194092
-4.081946e-008	0.0311035
-4.079446e-008	0.0301514
-4.076946e-008	0.0203125
-4.074446e-008	0.0248047
-4.071946e-008	0.027832
-4.069446e-008	0.0232422
-4.066946e-008	0.0182861
-4.064446e-008	0.0151611
-4.061946e-008	0.0188232
-4.059446e-008	0.0239258
-4.056946e-008	0.0212402
-4.054446e-008	0.00339356
-4.051946e-008	0.00429688
-4.049446e-008	0.0386719
-4.046946e-008	0.0344727
-4.044446e-008	0.011084
-4.041946e-008	0.0207031
-4.039446e-008	0.0271729
-4.036946e-008	0.0280762
-4.034446e-008	0.0157959
-4.031946e-008	0.00725098
-4.029446e-008	0.020459
-4.026946e-008	0.0193359
-4.024446e-008	0.0289063
-4.021946e-008	0.0335693
-4.019446e-008	0.0148438
-4.016946e-008	0.0225342
-4.014446e-008	0.0292969
-4.011946e-008	0.0260254
-4.009446e-008	0.0320557
-4.006946e-008	0.0197266
-4.004446e-008	0.0164063
-4.001946e-008	0.0208984
-3.999446e-008	0.0103027
-3.996946e-008	0.017749
-3.994446e-008	0.0237793
-3.991946e-008	0.0268066
-3.989446e-008	0.0357666
-3.986946e-008	0.0235596
-3.984446e-008	0.0204834
-3.981946e-008	0.0274414
-3.979446e-008	0.0217041
-3.976946e-008	0.0236084
-3.974446e-008	0.0310791
-3.971946e-008	0.0271484
-3.969446e-008	0.0198975
-3.966946e-008	0.022583
-3.964446e-008	0.0229004
-3.961946e-008	0.0241943
-3.959446e-008	0.0283203
-3.956946e-008	0.0186524
-3.954446e-008	0.0173828
-3.951946e-008	0.023291
-3.949446e-008	0.0175293
-3.946946e-008	0.0165772
-3.944446e-008	0.0178467
-3.941946e-008	0.019043
-3.939446e-008	0.0226807
-3.936946e-008	0.025708
-3.934446e-008	0.0289551
-3.931946e-008	0.020459
-3.929446e-008	0.0108399
-3.926946e-008	0.0148438
-3.924446e-008	0.0234863
-3.921946e-008	0.0245361
-3.919446e-008	0.0219238
-3.916946e-008	0.0237793
-3.914446e-008	0.0145996
-3.911946e-008	0.0102539
-3.909446e-008	0.0194336
-3.906946e-008	0.0162842
-3.904446e-008	0.0179443
-3.901946e-008	0.0248291
-3.899446e-008	0.0196533
-3.896946e-008	0.0134766
-3.894446e-008	0.0126465
-3.891946e-008	0.021582
-3.889446e-008	0.0248047
-3.886946e-008	0.020459
-3.884446e-008	0.0302002
-3.881946e-008	0.0302734
-3.879446e-008	0.0200684
-3.876946e-008	0.0289307
-3.874446e-008	0.0338623
-3.871946e-008	0.0301758
-3.869446e-008	0.0284668
-3.866946e-008	0.0221924
-3.864446e-008	0.0212891
-3.861946e-008	0.017041
-3.859446e-008	0.0132813
-3.856946e-008	0.0237549
-3.854446e-008	0.0259766
-3.851946e-008	0.0248779
-3.849446e-008	0.0316895
-3.846946e-008	0.0230713
-3.844446e-008	0.0169922
-3.841946e-008	0.0280518
-3.839446e-008	0.0207031
-3.836946e-008	0.0122315
-3.834446e-008	0.0243164
-3.831946e-008	0.03125
-3.829446e-008	0.0272461
-3.826946e-008	0.0196289
-3.824446e-008	0.0255127
-3.821946e-008	0.0336426
-3.819446e-008	0.0216553
-3.816946e-008	0.0218018
-3.814446e-008	0.0398682
-3.811946e-008	0.0341797
-3.809446e-008	0.0117188
-3.806946e-008	0.0178223
-3.804446e-008	0.0290039
-3.801946e-008	0.0196289
-3.799446e-008	0.0238525
-3.796946e-008	0.0278076
-3.794446e-008	0.0224854
-3.791946e-008	0.0277588
-3.789446e-008	0.0218262
-3.786946e-008	0.00490723
-3.784446e-008	0.00563966
-3.781946e-008	0.0201904
-3.779446e-008	0.0193604
-3.776946e-008	0.0189209
-3.774446e-008	0.0316895
-3.771946e-008	0.0247559
-3.769446e-008	0.020459
-3.766946e-008	0.0227783
-3.764446e-008	0.0118652
-3.761946e-008	0.0192383
-3.759446e-008	0.0211914
-3.756946e-008	0.0136231
-3.754446e-008	0.0285156
-3.751946e-008	0.0295899
-3.749446e-008	0.0250733
-3.746946e-008	0.0278565
-3.744446e-008	0.0153076
-3.741946e-008	0.0162109
-3.739446e-008	0.0269531
-3.736946e-008	0.0328369
-3.734446e-008	0.0349854
-3.731946e-008	0.022876
-3.729446e-008	0.0161377
-3.726946e-008	0.0132813
-3.724446e-008	0.0141113
-3.721946e-008	0.0263428
-3.719446e-008	0.027002
-3.716946e-008	0.0236084
-3.714446e-008	0.0296631
-3.711946e-008	0.0342774
-3.709446e-008	0.0223145
-3.706946e-008	0.00314942
-3.704446e-008	0.0120361
-3.701946e-008	0.0310547
-3.699446e-008	0.0280274
-3.696946e-008	0.0261231
-3.694446e-008	0.0266113
-3.691946e-008	0.0213623
-3.689446e-008	0.0214356
-3.686946e-008	0.0132324
-3.684446e-008	0.0187012
-3.681946e-008	0.0305664
-3.679446e-008	0.0175049
-3.676946e-008	0.0180908
-3.674446e-008	0.020044
-3.671946e-008	0.0212891
-3.669446e-008	0.0320801
-3.666946e-008	0.019043
-3.664446e-008	0.0134277
-3.661946e-008	0.0135742
-3.659446e-008	0.012085
-3.656946e-008	0.0275147
-3.654446e-008	0.0258057
-3.651946e-008	0.0169434
-3.649446e-008	0.0178711
-3.646946e-008	0.0156006
-3.644446e-008	0.0209473
-3.641946e-008	0.0260986
-3.639446e-008	0.0157959
-3.636946e-008	0.00959473
-3.634446e-008	0.0197754
-3.631946e-008	0.0292969
-3.629446e-008	0.0260498
-3.626946e-008	0.0113281
-3.624446e-008	0.0151123
-3.621946e-008	0.026294
-3.619446e-008	0.00864259
-3.616946e-008	0.00830079
-3.614446e-008	0.0172852
-3.611946e-008	0.00983887
-3.609446e-008	0.0209961
-3.606946e-008	0.0243408
-3.604446e-008	0.0266602
-3.601946e-008	0.0345947
-3.599446e-008	0.0165527
-3.596946e-008	0.0120606
-3.594446e-008	0.0194824
-3.591946e-008	0.0144531
-3.589446e-008	0.0145264
-3.586946e-008	0.00646973
-3.584446e-008	0.00341798
-3.581946e-008	0.0251953
-3.579446e-008	0.0306397
-3.576946e-008	0.0157959
-3.574446e-008	0.0138672
-3.571946e-008	0.0183594
-3.569446e-008	0.0193848
-3.566946e-008	0.0204346
-3.564446e-008	0.0241211
-3.561946e-008	0.0252686
-3.559446e-008	0.0169434
-3.556946e-008	0.00483399
-3.554446e-008	0.00522462
-3.551946e-008	0.0250733
-3.549446e-008	0.0322022
-3.546946e-008	0.0248291
-3.544446e-008	0.0262695
-3.541946e-008	0.0165527
-3.539446e-008	0.00715333
-3.536946e-008	0.0132568
-3.534446e-008	0.0178223
-3.531946e-008	0.0267334
-3.529446e-008	0.0261231
-3.526946e-008	0.0151611
-3.524446e-008	0.0229004
-3.521946e-008	0.0308106
-3.519446e-008	0.024585
-3.516946e-008	0.019458
-3.514446e-008	0.021167
-3.511946e-008	0.0251221
-3.509446e-008	0.0124512
-3.506946e-008	-0.00222167
-3.504446e-008	0.00944825
-3.501946e-008	0.021875
-3.499446e-008	0.0235352
-3.496946e-008	0.0289795
-3.494446e-008	0.0211426
-3.491946e-008	0.0165283
-3.489446e-008	0.0364746
-3.486946e-008	0.0403076
-3.484446e-008	0.0257568
-3.481946e-008	0.0252686
-3.479446e-008	0.0278565
-3.476946e-008	0.0184082
-3.474446e-008	0.0104981
-3.471946e-008	0.0194092
-3.469446e-008	0.0260254
-3.466946e-008	0.0208496
-3.464446e-008	0.0215332
-3.461946e-008	0.0119385
-3.459446e-008	0.00356446
-3.456946e-008	0.018335
-3.454446e-008	0.0138428
-3.451946e-008	0.00556641
-3.449446e-008	0.0179199
-3.446946e-008	0.0151611
-3.444446e-008	0.0209961
-3.441946e-008	0.0289307
-3.439446e-008	0.0179199
-3.436946e-008	0.0291016
-3.434446e-008	0.0302002
-3.431946e-008	0.01604
-3.429446e-008	0.023584
-3.426946e-008	0.0191162
-3.424446e-008	0.0131836
-3.421946e-008	0.023999
-3.419446e-008	0.0206055
-3.416946e-008	0.00837403
-3.414446e-008	0.0138184
-3.411946e-008	0.0253906
-3.409446e-008	0.0196045
-3.406946e-008	0.0141113
-3.404446e-008	0.0243652
-3.401946e-008	0.0279785
-3.399446e-008	0.0236084
-3.396946e-008	0.0320313
-3.394446e-008	0.0248535
-3.391946e-008	0.0057129
-3.389446e-008	0.0157715
-3.386946e-008	0.0145264
-3.384446e-008	0.00854493
-3.381946e-008	0.0279541
-3.379446e-008	0.0272705
-3.376946e-008	0.0125977
-3.374446e-008	0.0115723
-3.371946e-008	0.0246826
-3.369446e-008	0.0356445
-3.366946e-008	0.0274902
-3.364446e-008	0.0208008
-3.361946e-008	0.0183594
-3.359446e-008	0.0097168
-3.356946e-008	0.00705567
-3.354446e-008	0.0106934
-3.351946e-008	0.0225342
-3.349446e-008	0.0415772
-3.346946e-008	0.0339356
-3.344446e-008	0.0150635
-3.341946e-008	0.0249024
-3.339446e-008	0.0294434
-3.336946e-008	0.0223389
-3.334446e-008	0.0305908
-3.331946e-008	0.0284424
-3.329446e-008	0.0186524
-3.326946e-008	0.0218262
-3.324446e-008	0.0189697
-3.321946e-008	0.023291
-3.319446e-008	0.0283203
-3.316946e-008	0.00561524
-3.314446e-008	0.000366218
-3.311946e-008	0.0240967
-3.309446e-008	0.0338135
-3.306946e-008	0.0250488
-3.304446e-008	0.0156738
-3.301946e-008	0.0207764
-3.299446e-008	0.0249512
-3.296946e-008	0.0135742
-3.294446e-008	0.0123535
-3.291946e-008	0.0142578
-3.289446e-008	0.00529786
-3.286946e-008	0.0182373
-3.284446e-008	0.0333252
-3.281946e-008	0.0210449
-3.279446e-008	0.0135254
-3.276946e-008	0.0136475
-3.274446e-008	0.0167969
-3.271946e-008	0.0259033
-3.269446e-008	0.0188232
-3.266946e-008	0.00534669
-3.264446e-008	0.012793
-3.261946e-008	0.0230713
-3.259446e-008	0.019043
-3.256946e-008	0.0290527
-3.254446e-008	0.0365723
-3.251946e-008	0.022583
-3.249446e-008	0.0254639
-3.246946e-008	0.0267334
-3.244446e-008	0.0188232
-3.241946e-008	0.0269531
-3.239446e-008	0.0253418
-3.236946e-008	0.016626
-3.234446e-008	0.0130615
-3.231946e-008	0.0109131
-3.229446e-008	0.0170899
-3.226946e-008	0.0189453
-3.224446e-008	0.017041
-3.221946e-008	0.0218506
-3.219446e-008	0.0242676
-3.216946e-008	0.019458
-3.214446e-008	0.0162842
-3.211946e-008	0.0256836
-3.209446e-008	0.0340332
-3.206946e-008	0.023999
-3.204446e-008	0.0182129
-3.201946e-008	0.025708
-3.199446e-008	0.0272461
-3.196946e-008	0.0278809
-3.194446e-008	0.0205566
-3.191946e-008	0.0098877
-3.189446e-008	0.0191162
-3.186946e-008	0.0185547
-3.184446e-008	0.0120117
-3.181946e-008	0.0249756
-3.179446e-008	0.0285645
-3.176946e-008	0.0256348
-3.174446e-008	0.0246582
-3.171946e-008	0.0214356
-3.169446e-008	0.027002
-3.166946e-008	0.0214356
-3.164446e-008	0.0115479
-3.161946e-008	0.0157227
-3.159446e-008	0.0162842
-3.156946e-008	0.0200928
-3.154446e-008	0.0239014
-3.151946e-008	0.021875
-3.149446e-008	0.0279541
-3.146946e-008	0.0178223
-3.144446e-008	0.00439454
-3.141946e-008	0.0163574
-3.139446e-008	0.0206055
-3.136946e-008	0.0154053
-3.134446e-008	0.0174072
-3.131946e-008	0.0293701
-3.129446e-008	0.0367188
-3.126946e-008	0.0179688
-3.124446e-008	0.010376
-3.121946e-008	0.0173584
-3.119446e-008	0.0188477
-3.116946e-008	0.030957
-3.114446e-008	0.0304199
-3.111946e-008	0.0244141
-3.109446e-008	0.0278076
-3.106946e-008	0.0180908
-3.104446e-008	0.0185791
-3.101946e-008	0.0240479
-3.099446e-008	0.0193115
-3.096946e-008	0.0281983
-3.094446e-008	0.028833
-3.091946e-008	0.024292
-3.089446e-008	0.0282715
-3.086946e-008	0.0157715
-3.084446e-008	0.0187988
-3.081946e-008	0.033667
-3.079446e-008	0.0233643
-3.076946e-008	0.0233887
-3.074446e-008	0.0243408
-3.071946e-008	0.0145752
-3.069446e-008	0.0208008
-3.066946e-008	0.016626
-3.064446e-008	0.0165039
-3.061946e-008	0.0374756
-3.059446e-008	0.033374
-3.056946e-008	0.00864259
-3.054446e-008	0.00756837
-3.051946e-008	0.0291992
-3.049446e-008	0.0282959
-3.046946e-008	0.0168213
-3.044446e-008	0.0224609
-3.041946e-008	0.0209717
-3.039446e-008	0.021167
-3.036946e-008	0.0171875
-3.034446e-008	0.0125977
-3.031946e-008	0.0311279
-3.029446e-008	0.0281006
-3.026946e-008	0.00949708
-3.024446e-008	0.0174316
-3.021946e-008	0.0245117
-3.019446e-008	0.0145996
-3.016946e-008	0.0113281
-3.014446e-008	0.020874
-3.011946e-008	0.0270752
-3.009446e-008	0.0266358
-3.006946e-008	0.0155762
-3.004446e-008	-0.000634758
-3.001946e-008	0.0111572
-2.999446e-008	0.0233154
-2.996946e-008	0.0133301
-2.994446e-008	0.0223145
-2.991946e-008	0.0338379
-2.989446e-008	0.0343994
-2.986946e-008	0.0316895
-2.984446e-008	0.0265381
-2.981946e-008	0.032666
-2.979446e-008	0.0214844
-2.976946e-008	0.0152588
-2.974446e-008	0.0283936
-2.971946e-008	0.0259522
-2.969446e-008	0.0199707
-2.966946e-008	0.00385743
-2.964446e-008	-0.00219726
-2.961946e-008	0.0172119
-2.959446e-008	0.0217041
-2.956946e-008	0.00854493
-2.954446e-008	0.0053711
-2.951946e-008	0.0191895
-2.949446e-008	0.0148926
-2.946946e-008	0.000805672
-2.944446e-008	0.0140137
-2.941946e-008	0.0254639
-2.939446e-008	0.0203125
-2.936946e-008	0.0224854
-2.934446e-008	0.0291016
-2.931946e-008	0.0333984
-2.929446e-008	0.0280762
-2.926946e-008	0.0109375
-2.924446e-008	0.0186768
-2.921946e-008	0.031543
-2.919446e-008	0.0157471
-2.916946e-008	0.0115479
-2.914446e-008	0.012915
-2.911946e-008	0.0128906
-2.909446e-008	0.0286133
-2.906946e-008	0.0233643
-2.904446e-008	0.00881348
-2.901946e-008	0.0201416
-2.899446e-008	0.0270996
-2.896946e-008	0.0158936
-2.894446e-008	0.0126221
-2.891946e-008	0.0216065
-2.889446e-008	0.0233887
-2.886946e-008	0.0223389
-2.884446e-008	0.0304932
-2.881946e-008	0.0261231
-2.879446e-008	0.011792
-2.876946e-008	0.0200684
-2.874446e-008	0.0260498
-2.871946e-008	0.0135498
-2.869446e-008	0.0151123
-2.866946e-008	0.0165039
-2.864446e-008	0.0150391
-2.861946e-008	0.0243408
-2.859446e-008	0.0212891
-2.856946e-008	0.0166992
-2.854446e-008	0.0186524
-2.851946e-008	0.0218506
-2.849446e-008	0.0255127
-2.846946e-008	0.0168457
-2.844446e-008	0.017334
-2.841946e-008	0.0269531
-2.839446e-008	0.0265625
-2.836946e-008	0.0322754
-2.834446e-008	0.0301758
-2.831946e-008	0.0162354
-2.829446e-008	0.0225586
-2.826946e-008	0.028418
-2.824446e-008	0.019751
-2.821946e-008	0.0208496
-2.819446e-008	0.0220947
-2.816946e-008	0.0204834
-2.814446e-008	0.0195801
-2.811946e-008	0.0135742
-2.809446e-008	0.011499
-2.806946e-008	0.0148438
-2.804446e-008	0.022168
-2.801946e-008	0.0165039
-2.799446e-008	0.00949708
-2.796946e-008	0.0259033
-2.794446e-008	0.0235596
-2.791946e-008	0.0104492
-2.789446e-008	0.0259522
-2.786946e-008	0.0312988
-2.784446e-008	0.0231445
-2.781946e-008	0.0279297
-2.779446e-008	0.025415
-2.776946e-008	0.0202149
-2.774446e-008	0.0191895
-2.771946e-008	0.0138184
-2.769446e-008	0.0171387
-2.766946e-008	0.0104492
-2.764446e-008	0.00288087
-2.761946e-008	0.0213867
-2.759446e-008	0.0203125
-2.756946e-008	0.00656739
-2.754446e-008	0.0126221
-2.751946e-008	0.0205811
-2.749446e-008	0.0351807
-2.746946e-008	0.0409668
-2.744446e-008	0.0286865
-2.741946e-008	0.0161621
-2.739446e-008	0.00524903
-2.736946e-008	0.0133301
-2.734446e-008	0.0312256
-2.731946e-008	0.0322266
-2.729446e-008	0.0320557
-2.726946e-008	0.0279541
-2.724446e-008	0.00490723
-2.721946e-008	0.00979005
-2.719446e-008	0.0358643
-2.716946e-008	0.0186768
-2.714446e-008	0.0106934
-2.711946e-008	0.0298828
-2.709446e-008	0.0152588
-2.706946e-008	0.00878907
-2.704446e-008	0.0262451
-2.701946e-008	0.0241699
-2.699446e-008	0.0187256
-2.696946e-008	0.0196289
-2.694446e-008	0.00961915
-2.691946e-008	0.0116943
-2.689446e-008	0.0313721
-2.686946e-008	0.0300049
-2.684446e-008	0.0279297
-2.681946e-008	0.035083
-2.679446e-008	0.0240723
-2.676946e-008	0.0199463
-2.674446e-008	0.0218506
-2.671946e-008	0.0264404
-2.669446e-008	0.0408447
-2.666946e-008	0.0313477
-2.664446e-008	0.01521
-2.661946e-008	0.0148438
-2.659446e-008	0.0141602
-2.656946e-008	0.0232178
-2.654446e-008	0.0281494
-2.651946e-008	0.0237061
-2.649446e-008	0.0321045
-2.646946e-008	0.0312744
-2.644446e-008	0.0319336
-2.641946e-008	0.0432373
-2.639446e-008	0.0305176
-2.636946e-008	0.02229
-2.634446e-008	0.0191162
-2.631946e-008	0.0108154
-2.629446e-008	0.0233154
-2.626946e-008	0.023291
-2.624446e-008	0.0141602
-2.621946e-008	0.0242676
-2.619446e-008	0.0326416
-2.616946e-008	0.0182861
-2.614446e-008	0.00405274
-2.611946e-008	0.0237549
-2.609446e-008	0.0285156
-2.606946e-008	0.0108154
-2.604446e-008	0.011377
-2.601946e-008	0.0145264
-2.599446e-008	0.0252441
-2.596946e-008	0.0253662
-2.594446e-008	0.00769044
-2.591946e-008	0.015332
-2.589446e-008	0.0256348
-2.586946e-008	0.00830079
-2.584446e-008	0.00515137
-2.581946e-008	0.026001
-2.579446e-008	0.0253174
-2.576946e-008	0.0231934
-2.574446e-008	0.0345947
-2.571946e-008	0.032251
-2.569446e-008	0.0324707
-2.566946e-008	0.0250244
-2.564446e-008	0.00800782
-2.561946e-008	0.0101807
-2.559446e-008	0.0120361
-2.556946e-008	0.0110352
-2.554446e-008	0.0200684
-2.551946e-008	0.0224609
-2.549446e-008	0.0255127
-2.546946e-008	0.0277588
-2.544446e-008	0.0168213
-2.541946e-008	0.0195068
-2.539446e-008	0.0250488
-2.536946e-008	0.0242676
-2.534446e-008	0.0316895
-2.531946e-008	0.0277344
-2.529446e-008	0.0281006
-2.526946e-008	0.0263916
-2.524446e-008	0.0160645
-2.521946e-008	0.0215576
-2.519446e-008	0.0147705
-2.516946e-008	0.0151611
-2.514446e-008	0.0239014
-2.511946e-008	0.0195801
-2.509446e-008	0.0314209
-2.506946e-008	0.0180176
-2.504446e-008	0.00295411
-2.501946e-008	0.0259277
-2.499446e-008	0.0254883
-2.496946e-008	0.027417
-2.494446e-008	0.0320557
-2.491946e-008	0.0186768
-2.489446e-008	0.0287598
-2.486946e-008	0.0264649
-2.484446e-008	0.0175781
-2.481946e-008	0.023169
-2.479446e-008	0.0179932
-2.476946e-008	0.0311524
-2.474446e-008	0.036084
-2.471946e-008	0.0213867
-2.469446e-008	0.0222656
-2.466946e-008	0.0097168
-2.464446e-008	0.0112061
-2.461946e-008	0.0351563
-2.459446e-008	0.0196533
-2.456946e-008	0.00219727
-2.454446e-008	0.0143066
-2.451946e-008	0.0258057
-2.449446e-008	0.029541
-2.446946e-008	0.0190674
-2.444446e-008	0.0211914
-2.441946e-008	0.0261475
-2.439446e-008	0.00881348
-2.436946e-008	0.0176758
-2.434446e-008	0.0268799
-2.431946e-008	0.0187988
-2.429446e-008	0.0268311
-2.426946e-008	0.0218506
-2.424446e-008	0.0248535
-2.421946e-008	0.0295899
-2.419446e-008	0.00952149
-2.416946e-008	0.00932618
-2.414446e-008	0.0124756
-2.411946e-008	0.0217041
-2.409446e-008	0.0367676
-2.406946e-008	0.0165039
-2.404446e-008	0.0160889
-2.401946e-008	0.0307861
-2.399446e-008	0.0182373
-2.396946e-008	0.0246582
-2.394446e-008	0.0315186
-2.391946e-008	0.0196777
-2.389446e-008	0.0209473
-2.386946e-008	0.0236572
-2.384446e-008	0.0217529
-2.381946e-008	0.0250244
-2.379446e-008	0.0279053
-2.376946e-008	0.0233887
-2.374446e-008	0.0184082
-2.371946e-008	0.0254395
-2.369446e-008	0.0318604
-2.366946e-008	0.019751
-2.364446e-008	0.016919
-2.361946e-008	0.0351807
-2.359446e-008	0.0321533
-2.356946e-008	0.0173584
-2.354446e-008	0.0126953
-2.351946e-008	0.0136719
-2.349446e-008	0.0218506
-2.346946e-008	0.0125
-2.344446e-008	0.00759278
-2.341946e-008	0.0211426
-2.339446e-008	0.0213379
-2.336946e-008	0.0259766
-2.334446e-008	0.0303467
-2.331946e-008	0.026416
-2.329446e-008	0.0275391
-2.326946e-008	0.0212158
-2.324446e-008	0.0230713
-2.321946e-008	0.0257324
-2.319446e-008	0.0121582
-2.316946e-008	0.0127686
-2.314446e-008	0.0226807
-2.311946e-008	0.0228516
-2.309446e-008	0.0156738
-2.306946e-008	0.0100342
-2.304446e-008	0.0194092
-2.301946e-008	0.0245606
-2.299446e-008	0.0193359
-2.296946e-008	0.0185791
-2.294446e-008	0.0171631
-2.291946e-008	0.0213867
-2.289446e-008	0.026416
-2.286946e-008	0.0161865
-2.284446e-008	0.0102783
-2.281946e-008	0.0230713
-2.279446e-008	0.030249
-2.276946e-008	0.0287842
-2.274446e-008	0.0211182
-2.271946e-008	0.00961915
-2.269446e-008	0.0135498
-2.266946e-008	-0.00468749
-2.264446e-008	-0.0139404
-2.261946e-008	0.0301025
-2.259446e-008	0.0327637
-2.256946e-008	0.0106201
-2.254446e-008	0.0243652
-2.251946e-008	0.0259033
-2.249446e-008	0.0199219
-2.246946e-008	0.0182617
-2.244446e-008	0.0176514
-2.241946e-008	0.0301514
-2.239446e-008	0.0277832
-2.236946e-008	0.0139404
-2.234446e-008	0.0157959
-2.231946e-008	0.0192627
-2.229446e-008	0.0190186
-2.226946e-008	0.0104492
-2.224446e-008	0.00678712
-2.221946e-008	0.0220947
-2.219446e-008	0.0184082
-2.216946e-008	0.010376
-2.214446e-008	0.0206299
-2.211946e-008	0.0240234
-2.209446e-008	0.0166748
-2.206946e-008	0.0130371
-2.204446e-008	0.0258301
-2.201946e-008	0.0271484
-2.199446e-008	0.0210693
-2.196946e-008	0.0221436
-2.194446e-008	0.015918
-2.191946e-008	0.0250733
-2.189446e-008	0.028418
-2.186946e-008	0.0167481
-2.184446e-008	0.0210449
-2.181946e-008	0.0297363
-2.179446e-008	0.0314209
-2.176946e-008	0.0205078
-2.174446e-008	0.00827637
-2.171946e-008	0.0117432
-2.169446e-008	0.0141602
-2.166946e-008	0.0088379
-2.164446e-008	0.0151123
-2.161946e-008	0.019043
-2.159446e-008	0.0163574
-2.156946e-008	0.0280029
-2.154446e-008	0.0209961
-2.151946e-008	0.0123291
-2.149446e-008	0.0171143
-2.146946e-008	0.00341798
-2.144446e-008	0.0194336
-2.141946e-008	0.0398682
-2.139446e-008	0.0243164
-2.136946e-008	0.023291
-2.134446e-008	0.0157471
-2.131946e-008	0.0136231
-2.129446e-008	0.0322022
-2.126946e-008	0.0110596
-2.124446e-008	-0.00451659
-2.121946e-008	0.0158203
-2.119446e-008	0.0183594
-2.116946e-008	0.0214844
-2.114446e-008	0.0279785
-2.111946e-008	0.0190918
-2.109446e-008	0.0175293
-2.106946e-008	0.019458
-2.104446e-008	0.022876
-2.101946e-008	0.0286377
-2.099446e-008	0.0251221
-2.096946e-008	0.0223877
-2.094446e-008	0.0145996
-2.091946e-008	0.0142578
-2.089446e-008	0.0282471
-2.086946e-008	0.0184815
-2.084446e-008	0.0136475
-2.081946e-008	0.0252197
-2.079446e-008	0.0181152
-2.076946e-008	0.0182129
-2.074446e-008	0.0185059
-2.071946e-008	0.00344239
-2.069446e-008	0.00566407
-2.066946e-008	0.018335
-2.064446e-008	0.0202393
-2.061946e-008	0.0255127
-2.059446e-008	0.0313721
-2.056946e-008	0.0242188
-2.054446e-008	0.0218994
-2.051946e-008	0.0259277
-2.049446e-008	0.0232422
-2.046946e-008	0.0161133
-2.044446e-008	0.0164551
-2.041946e-008	0.0186035
-2.039446e-008	0.0153076
-2.036946e-008	0.0244873
-2.034446e-008	0.0257813
-2.031946e-008	0.0244629
-2.029446e-008	0.0319336
-2.026946e-008	0.0141113
-2.024446e-008	0.00656739
-2.021946e-008	0.0110596
-2.019446e-008	0.00480958
-2.016946e-008	0.0192383
-2.014446e-008	0.027124
-2.011946e-008	0.0207275
-2.009446e-008	0.0125488
-2.006946e-008	-0.0050537
-2.004446e-008	0.0165527
-2.001946e-008	0.0446777
-1.999446e-008	0.0278809
-1.996946e-008	0.0248291
-1.994446e-008	0.0263428
-1.991946e-008	0.018335
-1.989446e-008	0.0249268
-1.986946e-008	0.0241943
-1.984446e-008	0.024292
-1.981946e-008	0.0220459
-1.979446e-008	0.0224365
-1.976946e-008	0.0295899
-1.974446e-008	0.0190186
-1.971946e-008	0.0160645
-1.969446e-008	0.0149658
-1.966946e-008	0.0125
-1.964446e-008	0.0272461
-1.961946e-008	0.0267578
-1.959446e-008	0.0136231
-1.956946e-008	0.0117676
-1.954446e-008	0.0154297
-1.951946e-008	0.0210449
-1.949446e-008	0.0312256
-1.946946e-008	0.0353516
-1.944446e-008	0.0277588
-1.941946e-008	0.0259522
-1.939446e-008	0.0252197
-1.936946e-008	0.0187012
-1.934446e-008	0.0126221
-1.931946e-008	0.00964356
-1.929446e-008	0.0221191
-1.926946e-008	0.0288818
-1.924446e-008	0.0210938
-1.921946e-008	0.0258545
-1.919446e-008	0.0258789
-1.916946e-008	0.0159424
-1.914446e-008	0.0174072
-1.911946e-008	0.0274414
-1.909446e-008	0.0266358
-1.906946e-008	0.00622559
-1.904446e-008	0.00776368
-1.901946e-008	0.0282227
-1.899446e-008	0.0223145
-1.896946e-008	0.0145752
-1.894446e-008	0.0111572
-1.891946e-008	0.00600587
-1.889446e-008	0.0156006
-1.886946e-008	0.018457
-1.884446e-008	0.0232422
-1.881946e-008	0.0273682
-1.879446e-008	0.0134277
-1.876946e-008	0.019043
-1.874446e-008	0.0279541
-1.871946e-008	0.0230225
-1.869446e-008	0.0204346
-1.866946e-008	0.0153565
-1.864446e-008	0.0234619
-1.861946e-008	0.0233643
-1.859446e-008	0.012915
-1.856946e-008	0.011792
-1.854446e-008	0.00439454
-1.851946e-008	0.00617677
-1.849446e-008	0.0102539
-1.846946e-008	0.0211182
-1.844446e-008	0.0365967
-1.841946e-008	0.0188721
-1.839446e-008	0.00637208
-1.836946e-008	0.0169922
-1.834446e-008	0.0264893
-1.831946e-008	0.0363525
-1.829446e-008	0.028833
-1.826946e-008	0.00930177
-1.824446e-008	0.0127197
-1.821946e-008	0.0282959
-1.819446e-008	0.0270508
-1.816946e-008	0.0192139
-1.814446e-008	0.0170899
-1.811946e-008	0.0175049
-1.809446e-008	0.0144775
-1.806946e-008	0.00947266
-1.804446e-008	0.019165
-1.801946e-008	0.032544
-1.799446e-008	0.0354248
-1.796946e-008	0.0225342
-1.794446e-008	0.00629884
-1.791946e-008	0.0260254
-1.789446e-008	0.0365479
-1.786946e-008	0.0136719
-1.784446e-008	0.0138672
-1.781946e-008	0.0252197
-1.779446e-008	0.0277832
-1.776946e-008	0.0190674
-1.774446e-008	0.00483399
-1.771946e-008	0.0172119
-1.769446e-008	0.0364258
-1.766946e-008	0.0277588
-1.764446e-008	0.0161377
-1.761946e-008	0.0204102
-1.759446e-008	0.01875
-1.756946e-008	0.0189697
-1.754446e-008	0.0217774
-1.751946e-008	0.0235352
-1.749446e-008	0.0282471
-1.746946e-008	0.0199463
-1.744446e-008	0.0211182
-1.741946e-008	0.0213867
-1.739446e-008	0.0120361
-1.736946e-008	0.0237305
-1.734446e-008	0.0351318
-1.731946e-008	0.0411621
-1.729446e-008	0.0366943
-1.726946e-008	0.0168945
-1.724446e-008	0.0134766
-1.721946e-008	0.0244141
-1.719446e-008	0.0239746
-1.716946e-008	0.0197998
-1.714446e-008	0.0248047
-1.711946e-008	0.0219727
-1.709446e-008	0.0188721
-1.706946e-008	0.0188965
-1.704446e-008	0.0142578
-1.701946e-008	0.0173096
-1.699446e-008	0.018042
-1.696946e-008	0.0174805
-1.694446e-008	0.0182373
-1.691946e-008	0.016333
-1.689446e-008	0.0206787
-1.686946e-008	0.0256836
-1.684446e-008	0.0327881
-1.681946e-008	0.0317871
-1.679446e-008	0.0144043
-1.676946e-008	0.0160889
-1.674446e-008	0.0273682
-1.671946e-008	0.0244873
-1.669446e-008	0.0338867
-1.666946e-008	0.0362549
-1.664446e-008	0.0205566
-1.661946e-008	0.0215576
-1.659446e-008	0.0218262
-1.656946e-008	0.0043213
-1.654446e-008	0.000244148
-1.651946e-008	0.0270752
-1.649446e-008	0.042334
-1.646946e-008	0.0155029
-1.644446e-008	0.00175782
-1.641946e-008	0.016919
-1.639446e-008	0.0122559
-1.636946e-008	0.0100586
-1.634446e-008	0.025293
-1.631946e-008	0.0237549
-1.629446e-008	0.0176025
-1.626946e-008	0.0154053
-1.624446e-008	0.016333
-1.621946e-008	0.0244629
-1.619446e-008	0.0216309
-1.616946e-008	0.014917
-1.614446e-008	0.0158691
-1.611946e-008	0.0212402
-1.609446e-008	0.0275879
-1.606946e-008	0.0230713
-1.604446e-008	0.0189453
-1.601946e-008	0.0233887
-1.599446e-008	0.0219971
-1.596946e-008	0.0117188
-1.594446e-008	-0.00161132
-1.591946e-008	0.0104981
-1.589446e-008	0.0349121
-1.586946e-008	0.0209229
-1.584446e-008	0.0118897
-1.581946e-008	0.0288574
-1.579446e-008	0.0214356
-1.576946e-008	0.0156738
-1.574446e-008	0.0292481
-1.571946e-008	0.0301758
-1.569446e-008	0.0194824
-1.566946e-008	0.00778809
-1.564446e-008	0.00803223
-1.561946e-008	0.0131836
-1.559446e-008	0.0116211
-1.556946e-008	0.0223633
-1.554446e-008	0.0276367
-1.551946e-008	0.0116211
-1.549446e-008	0.00498048
-1.546946e-008	0.00422364
-1.544446e-008	0.00515137
-1.541946e-008	0.0217774
-1.539446e-008	0.028125
-1.536946e-008	0.0227539
-1.534446e-008	0.0250733
-1.531946e-008	0.0235596
-1.529446e-008	0.0134766
-1.526946e-008	-0.00190429
-1.524446e-008	0.00339356
-1.521946e-008	0.0239502
-1.519446e-008	0.0223633
-1.516946e-008	0.0194092
-1.514446e-008	0.0123047
-1.511946e-008	0.00861817
-1.509446e-008	0.0308106
-1.506946e-008	0.0237793
-1.504446e-008	0.00144044
-1.501946e-008	0.0116699
-1.499446e-008	0.0207764
-1.496946e-008	0.0120361
-1.494446e-008	0.00927735
-1.491946e-008	0.0193604
-1.489446e-008	0.0172119
-1.486946e-008	0.0131592
-1.484446e-008	0.0217285
-1.481946e-008	0.0172119
-1.479446e-008	0.0171143
-1.476946e-008	0.0192139
-1.474446e-008	0.00895997
-1.471946e-008	0.015918
-1.469446e-008	0.0259522
-1.466946e-008	0.0257568
-1.464446e-008	0.0233643
-1.461946e-008	0.0206299
-1.459446e-008	0.02771
-1.456946e-008	0.0302002
-1.454446e-008	0.0205078
-1.451946e-008	0.0141602
-1.449446e-008	0.0159668
-1.446946e-008	0.0127197
-1.444446e-008	0.0138184
-1.441946e-008	0.0248535
-1.439446e-008	0.0161133
-1.436946e-008	0.0116211
-1.434446e-008	0.0274902
-1.431946e-008	0.0384033
-1.429446e-008	0.0335693
-1.426946e-008	0.0130127
-1.424446e-008	0.013916
-1.421946e-008	0.0244141
-1.419446e-008	0.0213867
-1.416946e-008	0.024292
-1.414446e-008	0.0182373
-1.411946e-008	0.0182373
-1.409446e-008	0.0244873
-1.406946e-008	0.0167481
-1.404446e-008	0.020166
-1.401946e-008	0.0167725
-1.399446e-008	0.00876466
-1.396946e-008	0.0202149
-1.394446e-008	0.0235352
-1.391946e-008	0.0288818
-1.389446e-008	0.0364014
-1.386946e-008	0.0248779
-1.384446e-008	0.0219727
-1.381946e-008	0.0274902
-1.379446e-008	0.0240479
-1.376946e-008	0.0220215
-1.374446e-008	0.0182861
-1.371946e-008	0.0107666
-1.369446e-008	0.0134277
-1.366946e-008	0.0246338
-1.364446e-008	0.027124
-1.361946e-008	0.0184326
-1.359446e-008	0.0150391
-1.356946e-008	0.0259522
-1.354446e-008	0.0271729
-1.351946e-008	0.0100098
-1.349446e-008	0.00886231
-1.346946e-008	0.0229492
-1.344446e-008	0.025293
-1.341946e-008	0.0233399
-1.339446e-008	0.0226318
-1.336946e-008	0.0238525
-1.334446e-008	0.0313477
-1.331946e-008	0.0307129
-1.329446e-008	0.0225098
-1.326946e-008	0.0207031
-1.324446e-008	0.0254395
-1.321946e-008	0.0324951
-1.319446e-008	0.0222656
-1.316946e-008	0.00915528
-1.314446e-008	0.0178955
-1.311946e-008	0.0220215
-1.309446e-008	0.023999
-1.306946e-008	0.030127
-1.304446e-008	0.0240723
-1.301946e-008	0.0137207
-1.299446e-008	0.00595704
-1.296946e-008	0.0168457
-1.294446e-008	0.0330322
-1.291946e-008	0.0296143
-1.289446e-008	0.024292
-1.286946e-008	0.0135254
-1.284446e-008	0.00783692
-1.281946e-008	0.0216553
-1.279446e-008	0.0217529
-1.276946e-008	0.0199463
-1.274446e-008	0.0236328
-1.271946e-008	0.0158447
-1.269446e-008	0.0240723
-1.266946e-008	0.0285645
-1.264446e-008	0.0169434
-1.261946e-008	0.0258301
-1.259446e-008	0.0274414
-1.256946e-008	0.0121826
-1.254446e-008	0.0145264
-1.251946e-008	0.0271484
-1.249446e-008	0.0254883
-1.246946e-008	0.0120606
-1.244446e-008	0.0128906
-1.241946e-008	0.0215332
-1.239446e-008	0.0227295
-1.236946e-008	0.0250488
-1.234446e-008	0.0184815
-1.231946e-008	0.0196045
-1.229446e-008	0.0311279
-1.226946e-008	0.00488282
-1.224446e-008	-0.00798339
-1.221946e-008	0.0242432
-1.219446e-008	0.0286377
-1.216946e-008	0.0302246
-1.214446e-008	0.0499756
-1.211946e-008	0.044043
-1.209446e-008	0.0240234
-1.206946e-008	0.0162354
-1.204446e-008	0.0254883
-1.201946e-008	0.0232666
-1.199446e-008	0.0163574
-1.196946e-008	0.0262207
-1.194446e-008	0.0210205
-1.191946e-008	0.0124512
-1.189446e-008	0.0256592
-1.186946e-008	0.0279785
-1.184446e-008	0.0104736
-1.181946e-008	0.011499
-1.179446e-008	0.0230469
-1.176946e-008	0.0254395
-1.174446e-008	0.0255615
-1.171946e-008	0.0144043
-1.169446e-008	0.0134766
-1.166946e-008	0.0213867
-1.164446e-008	0.0147461
-1.161946e-008	0.0172119
-1.159446e-008	0.023169
-1.156946e-008	0.0176025
-1.154446e-008	0.020874
-1.151946e-008	0.0273438
-1.149446e-008	0.0125732
-1.146946e-008	0.00158692
-1.144446e-008	0.0171631
-1.141946e-008	0.0243408
-1.139446e-008	0.0213135
-1.136946e-008	0.0313721
-1.134446e-008	0.0301758
-1.131946e-008	0.0225342
-1.129446e-008	0.026001
-1.126946e-008	0.00874024
-1.124446e-008	0.000683601
-1.121946e-008	0.0223389
-1.119446e-008	0.0224365
-1.116946e-008	0.013208
-1.114446e-008	0.0069336
-1.111946e-008	0.00419923
-1.109446e-008	0.0186279
-1.106946e-008	0.0244385
-1.104446e-008	0.0179688
-1.101946e-008	0.0133789
-1.099446e-008	0.0201172
-1.096946e-008	0.0255371
-1.094446e-008	0.0227051
-1.091946e-008	0.0335449
-1.089446e-008	0.0280274
-1.086946e-008	0.0124024
-1.084446e-008	0.0249268
-1.081946e-008	0.0244629
-1.079446e-008	0.00593262
-1.076946e-008	0.0100342
-1.074446e-008	0.0266113
-1.071946e-008	0.0216065
-1.069446e-008	0.00812989
-1.066946e-008	0.0166016
-1.064446e-008	0.0205566
-1.061946e-008	0.0199707
-1.059446e-008	0.0274902
-1.056946e-008	0.020166
-1.054446e-008	0.0178711
-1.051946e-008	0.0282227
-1.049446e-008	0.0337158
-1.046946e-008	0.0212647
-1.044446e-008	0.00700684
-1.041946e-008	0.0212647
-1.039446e-008	0.019751
-1.036946e-008	0.000659187
-1.034446e-008	0.0110352
-1.031946e-008	0.0267578
-1.029446e-008	0.0210449
-1.026946e-008	0.0178955
-1.024446e-008	0.0306885
-1.021946e-008	0.0275147
-1.019446e-008	0.013916
-1.016946e-008	0.014502
-1.014446e-008	0.0162598
-1.011946e-008	0.021875
-1.009446e-008	0.025415
-1.006946e-008	0.0126953
-1.004446e-008	0.0102539
-1.001946e-008	0.0229004
-9.994463e-009	0.0213867
-9.969463e-009	0.018335
-9.944463e-009	0.0209717
-9.919463e-009	0.0136719
-9.894463e-009	0.0117188
-9.869463e-009	0.0194336
-9.844463e-009	0.0259766
-9.819463e-009	0.0203857
-9.794463e-009	0.0119141
-9.769463e-009	0.0244141
-9.744463e-009	0.0262451
-9.719463e-009	0.0193604
-9.694463e-009	0.0359375
-9.669463e-009	0.0331055
-9.644463e-009	0.0196045
-9.619463e-009	0.0282959
-9.594463e-009	0.0219971
-9.569463e-009	0.0103272
-9.544463e-009	0.0126953
-9.519463e-009	0.0149658
-9.494463e-009	0.020044
-9.469463e-009	0.0272461
-9.444463e-009	0.0346924
-9.419463e-009	0.0356201
-9.394463e-009	0.0219727
-9.369463e-009	0.00893555
-9.344463e-009	0.0105225
-9.319463e-009	0.0151856
-9.294463e-009	0.0124512
-9.269463e-009	0.0074463
-9.244463e-009	0.0163574
-9.219463e-009	0.0369873
-9.194463e-009	0.0347168
-9.169463e-009	0.0189941
-9.144463e-009	0.0178711
-9.119463e-009	0.0258545
-9.094463e-009	0.0258545
-9.069463e-009	0.0163086
-9.044463e-009	0.0213623
-9.019463e-009	0.0265625
-8.994463e-009	0.0239746
-8.969463e-009	0.0280762
-8.944463e-009	0.0251465
-8.919463e-009	0.0317383
-8.894463e-009	0.0432861
-8.869463e-009	0.0286377
-8.844463e-009	0.0161377
-8.819463e-009	0.0263916
-8.794463e-009	0.0321777
-8.769463e-009	0.0270996
-8.744463e-009	0.0174805
-8.719463e-009	0.0116943
-8.694463e-009	0.0254883
-8.669463e-009	0.0296875
-8.644463e-009	0.0210205
-8.619463e-009	0.0212891
-8.594463e-009	0.01521
-8.569463e-009	0.0217041
-8.544463e-009	0.029834
-8.519463e-009	0.0207031
-8.494463e-009	0.0286865
-8.469463e-009	0.027002
-8.444463e-009	0.0110107
-8.419463e-009	0.0152344
-8.394463e-009	0.0171875
-8.369463e-009	0.0214356
-8.344463e-009	0.0294922
-8.319463e-009	0.0265625
-8.294463e-009	0.0226807
-8.269463e-009	0.0174805
-8.244463e-009	0.0194092
-8.219463e-009	0.0229248
-8.194463e-009	0.0272949
-8.169463e-009	0.0328858
-8.144463e-009	0.0285156
-8.119463e-009	0.0342774
-8.094463e-009	0.0359375
-8.069463e-009	0.0187012
-8.044463e-009	0.0071045
-8.019463e-009	0.0115723
-7.994463e-009	0.020166
-7.969463e-009	0.0231445
-7.944463e-009	0.0292481
-7.919463e-009	0.0333984
-7.894463e-009	0.0283203
-7.869463e-009	0.00874024
-7.844463e-009	0.00302735
-7.819463e-009	0.0234619
-7.794463e-009	0.0172852
-7.769463e-009	0.00783692
-7.744463e-009	0.02146
-7.719463e-009	0.0269775
-7.694463e-009	0.0210205
-7.669463e-009	0.0116943
-7.644463e-009	0.0217774
-7.619463e-009	0.0303955
-7.594463e-009	0.0222412
-7.569463e-009	0.027002
-7.544463e-009	0.0252197
-7.519463e-009	0.0147705
-7.494463e-009	0.0179688
-7.469463e-009	0.021582
-7.444463e-009	0.0158447
-7.419463e-009	0.0178711
-7.394463e-009	0.0276367
-7.369463e-009	0.0232422
-7.344463e-009	0.0224121
-7.319463e-009	0.033252
-7.294463e-009	0.0322998
-7.269463e-009	0.0217774
-7.244463e-009	0.02229
-7.219463e-009	0.0269043
-7.194463e-009	0.0213135
-7.169463e-009	0.0271973
-7.144463e-009	0.026709
-7.119463e-009	0.0174561
-7.094463e-009	0.0232178
-7.069463e-009	0.0157959
-7.044463e-009	0.00927735
-7.019463e-009	0.0119385
-6.994463e-009	0.0176025
-6.969463e-009	0.0283447
-6.944463e-009	0.0188232
-6.919463e-009	0.0240723
-6.894463e-009	0.0329346
-6.869463e-009	0.0105957
-6.844463e-009	0.0145264
-6.819463e-009	0.0282471
-6.794463e-009	0.013794
-6.769463e-009	0.0105957
-6.744463e-009	0.017334
-6.719463e-009	0.0209961
-6.694463e-009	0.0250244
-6.669463e-009	0.0153076
-6.644463e-009	0.00998536
-6.619463e-009	0.0176514
-6.594463e-009	0.0140625
-6.569463e-009	0.0196533
-6.544463e-009	0.0335938
-6.519463e-009	0.0244385
-6.494463e-009	0.0241455
-6.469463e-009	0.02854
-6.444463e-009	0.0137207
-6.419463e-009	0.0191162
-6.394463e-009	0.0269043
-6.369463e-009	0.0164795
-6.344463e-009	0.0168945
-6.319463e-009	0.0181397
-6.294463e-009	0.0165283
-6.269463e-009	0.0181641
-6.244463e-009	0.0232666
-6.219463e-009	0.0298828
-6.194463e-009	0.0187988
-6.169463e-009	0.00766602
-6.144463e-009	0.00817872
-6.119463e-009	0.0116943
-6.094463e-009	0.0240967
-6.069463e-009	0.0149658
-6.044463e-009	-0.0022705
-6.019463e-009	0.0103027
-5.994463e-009	0.0214111
-5.969463e-009	0.0217529
-5.944463e-009	0.0139649
-5.919463e-009	0.0125488
-5.894463e-009	0.0230469
-5.869463e-009	0.0027588
-5.844463e-009	-0.00507812
-5.819463e-009	0.0229492
-5.794463e-009	0.0266113
-5.769463e-009	0.0243652
-5.744463e-009	0.0234131
-5.719463e-009	0.0123779
-5.694463e-009	0.0241699
-5.669463e-009	0.0288818
-5.644463e-009	0.0227539
-5.619463e-009	0.0292725
-5.594463e-009	0.0162109
-5.569463e-009	0.0138184
-5.544463e-009	0.0288086
-5.519463e-009	0.0363525
-5.494463e-009	0.038794
-5.469463e-009	0.00517579
-5.444463e-009	-0.00351562
-5.419463e-009	0.0284912
-5.394463e-009	0.0213135
-5.369463e-009	0.0146729
-5.344463e-009	0.0277832
-5.319463e-009	0.0268066
-5.294463e-009	0.0196777
-5.269463e-009	0.0154541
-5.244463e-009	0.0192139
-5.219463e-009	0.0176514
-5.194463e-009	0.0151123
-5.169463e-009	0.0266602
-5.144463e-009	0.0294434
-5.119463e-009	0.0183594
-5.094463e-009	0.0170166
-5.069463e-009	0.0192871
-5.044463e-009	0.0171875
-5.019463e-009	0.0213135
-4.994463e-009	0.0236328
-4.969463e-009	0.0273926
-4.944463e-009	0.0223145
-4.919463e-009	0.00107423
-4.894463e-009	0.00532227
-4.869463e-009	0.00617677
-4.844463e-009	-0.00490722
-4.819463e-009	0.0243164
-4.794463e-009	0.0327881
-4.769463e-009	0.0112549
-4.744463e-009	0.0218262
-4.719463e-009	0.0304688
-4.694463e-009	0.0275635
-4.669463e-009	0.0323975
-4.644463e-009	0.032544
-4.619463e-009	0.0234863
-4.594463e-009	0.0150147
-4.569463e-009	0.0237305
-4.544463e-009	0.0285889
-4.519463e-009	0.0217285
-4.494463e-009	0.0221191
-4.469463e-009	0.0158691
-4.444463e-009	0.0159912
-4.419463e-009	0.0253906
-4.394463e-009	0.0157471
-4.369463e-009	0.0098877
-4.344463e-009	0.0167481
-4.319463e-009	0.0223633
-4.294463e-009	0.0264649
-4.269463e-009	0.0119873
-4.244463e-009	0.00383302
-4.219463e-009	0.0211182
-4.194463e-009	0.0185547
-4.169463e-009	0.0143311
-4.144463e-009	0.0290772
-4.119463e-009	0.0258301
-4.094463e-009	0.017749
-4.069463e-009	0.0162109
-4.044463e-009	0.0157959
-4.019463e-009	0.0191406
-3.994463e-009	0.0189453
-3.969463e-009	0.019165
-3.944463e-009	0.0133545
-3.919463e-009	0.0184815
-3.894463e-009	0.0311279
-3.869463e-009	0.0199219
-3.844463e-009	0.0159912
-3.819463e-009	0.0169678
-3.794463e-009	0.00666505
-3.769463e-009	0.015332
-3.744463e-009	0.0249756
-3.719463e-009	0.0229248
-3.694463e-009	0.024707
-3.669463e-009	0.0155762
-3.644463e-009	0.00922852
-3.619463e-009	0.0216065
-3.594463e-009	0.025415
-3.569463e-009	0.0264893
-3.544463e-009	0.0288574
-3.519463e-009	0.0221924
-3.494463e-009	0.0259033
-3.469463e-009	0.0219727
-3.444463e-009	0.0106934
-3.419463e-009	0.0161621
-3.394463e-009	0.0170166
-3.369463e-009	0.0230469
-3.344463e-009	0.0287842
-3.319463e-009	0.0248535
-3.294463e-009	0.0367188
-3.269463e-009	0.0246338
-3.244463e-009	0.00344239
-3.219463e-009	0.0162109
-3.194463e-009	0.0148438
-3.169463e-009	0.015918
-3.144463e-009	0.0299561
-3.119463e-009	0.0229248
-3.094463e-009	0.0217041
-3.069463e-009	0.0166748
-3.044463e-009	0.00888673
-3.019463e-009	0.0258545
-2.994463e-009	0.0320313
-2.969463e-009	0.0193115
-2.944463e-009	0.0144531
-2.919463e-009	0.0243164
-2.894463e-009	0.0338135
-2.869463e-009	0.0197266
-2.844463e-009	0.0112061
-2.819463e-009	0.026001
-2.794463e-009	0.0255127
-2.769463e-009	0.012793
-2.744463e-009	0.0144043
-2.719463e-009	0.02771
-2.694463e-009	0.037085
-2.669463e-009	0.0312012
-2.644463e-009	0.0238281
-2.619463e-009	0.0203369
-2.594463e-009	0.0194336
-2.569463e-009	0.0300293
-2.544463e-009	0.027002
-2.519463e-009	0.0141846
-2.494463e-009	0.0182129
-2.469463e-009	0.0230713
-2.444463e-009	0.0255127
-2.419463e-009	0.0101318
-2.394463e-009	-0.0081787
-2.369463e-009	0.0142822
-2.344463e-009	0.0309082
-2.319463e-009	0.0280762
-2.294463e-009	0.0264649
-2.269463e-009	0.0151123
-2.244463e-009	0.0220703
-2.219463e-009	0.0281983
-2.194463e-009	0.0177002
-2.169463e-009	0.0251465
-2.144463e-009	0.0271484
-2.119463e-009	0.0246582
-2.094463e-009	0.0301758
-2.069463e-009	0.0124268
-2.044463e-009	0.00576173
-2.019463e-009	0.0297852
-1.994463e-009	0.0319092
-1.969463e-009	0.0209717
-1.944463e-009	0.0210693
-1.919463e-009	0.0235596
-1.894463e-009	0.0312988
-1.869463e-009	0.0284668
-1.844463e-009	0.0143555
-1.819463e-009	0.0102295
-1.794463e-009	0.0152832
-1.769463e-009	0.0176758
-1.744463e-009	0.0150635
-1.719463e-009	0.0283447
-1.694463e-009	0.0391358
-1.669463e-009	0.0208008
-1.644463e-009	0.0192627
-1.619463e-009	0.026709
-1.594463e-009	0.015625
-1.569463e-009	0.0242188
-1.544463e-009	0.0267578
-1.519463e-009	0.0123535
-1.494463e-009	0.023169
-1.469463e-009	0.0315186
-1.444463e-009	0.0216797
-1.419463e-009	0.0159668
-1.394463e-009	0.0162354
-1.369463e-009	0.0253906
-1.344463e-009	0.0213135
-1.319463e-009	0.00654298
-1.294463e-009	0.0221924
-1.269463e-009	0.0238037
-1.244463e-009	0.00441895
-1.219463e-009	0.0196289
-1.194463e-009	0.0261963
-1.169463e-009	0.0226807
-1.144463e-009	0.0313477
-1.119463e-009	0.0242432
-1.094463e-009	0.0206543
-1.069463e-009	0.0187988
-1.044463e-009	0.0194336
-1.019463e-009	0.0285645
-9.944633e-010	0.0229004
-9.694633e-010	0.0199951
-9.444633e-010	0.0222656
-9.194633e-010	0.0202393
-8.944633e-010	0.0254883
-8.694633e-010	0.0294678
-8.444633e-010	0.0247803
-8.194633e-010	0.0177002
-7.944633e-010	0.0161133
-7.694633e-010	0.0170166
-7.444633e-010	0.0163818
-7.194633e-010	0.0230469
-6.944633e-010	0.0215088
-6.694633e-010	0.00458985
-6.444633e-010	0.00861817
-6.194633e-010	0.0238037
-5.944633e-010	0.0241455
-5.694633e-010	0.023584
-5.444633e-010	0.0202393
-5.194633e-010	0.020459
-4.944633e-010	0.0209717
-4.694633e-010	0.0174805
-4.444633e-010	0.0291748
-4.194633e-010	0.0309082
-3.944633e-010	0.013794
-3.694633e-010	0.0146729
-3.444633e-010	0.0221436
-3.194633e-010	0.0185791
-2.944633e-010	0.0229981
-2.694633e-010	0.0132813
-2.444633e-010	-0.00480956
-2.194633e-010	0.0102295
-1.944633e-010	0.0201904
-1.694633e-010	0.00698243
-1.444633e-010	0.00222169
-1.194633e-010	0.0111084
-9.446332e-011	0.00561524
-6.946332e-011	-0.0157471
-4.446332e-011	-0.012793
-1.946332e-011	-0.0115234
5.536685e-012	-0.028833
3.053668e-011	-0.0410156
5.553668e-011	-0.0516846
8.053668e-011	-0.0619385
1.055367e-010	-0.0784668
1.305367e-010	-0.0842041
1.555367e-010	-0.0772949
1.805367e-010	-0.0875977
2.055367e-010	-0.109839
2.305367e-010	-0.124683
2.555367e-010	-0.134595
2.805367e-010	-0.139844
3.055367e-010	-0.126367
3.305367e-010	-0.119775
3.555367e-010	-0.13252
3.805367e-010	-0.141968
4.055367e-010	-0.141284
4.305367e-010	-0.129248
4.555367e-010	-0.124805
4.805367e-010	-0.111011
5.055367e-010	-0.0912353
5.305367e-010	-0.0942139
5.555367e-010	-0.0753662
5.805367e-010	-0.0570801
6.055367e-010	-0.0608398
6.305367e-010	-0.0436768
6.555367e-010	-0.044458
6.805367e-010	-0.0487305
7.055367e-010	-0.0299072
7.305367e-010	-0.0338379
7.555367e-010	-0.0301758
7.805367e-010	-0.0086914
8.055367e-010	-0.00241698
8.305367e-010	-0.00815429
8.555367e-010	-0.00476073
8.805367e-010	0.0210205
9.055367e-010	0.0261719
9.305367e-010	0.0123779
9.555367e-010	0.00766602
9.805367e-010	-0.00341796
1.005537e-009	0.00969239
1.030537e-009	0.0375488
1.055537e-009	0.0234375
1.080537e-009	0.010791
1.105537e-009	0.0325195
1.130537e-009	0.0247559
1.155537e-009	0.00930177
1.180537e-009	0.0341309
1.205537e-009	0.0391358
1.230537e-009	0.0327881
1.255537e-009	0.0403565
1.280537e-009	0.0307129
1.305537e-009	0.0336426
1.330537e-009	0.0451172
1.355537e-009	0.0388916
1.380537e-009	0.0343018
1.405537e-009	0.02854
1.430537e-009	0.0216309
1.455537e-009	0.0209473
1.480537e-009	0.0261475
1.505537e-009	0.0280029
1.530537e-009	0.0209473
1.555537e-009	0.020752
1.580537e-009	0.0121826
1.605537e-009	0.00317384
1.630537e-009	0.0241211
1.655537e-009	0.0319824
1.680537e-009	0.025708
1.705537e-009	0.0343506
1.730537e-009	0.0257324
1.755537e-009	0.0154297
1.780537e-009	0.0209961
1.805537e-009	0.0162109
1.830537e-009	0.0123535
1.855537e-009	0.0138184
1.880537e-009	0.0140625
1.905537e-009	0.0149414
1.930537e-009	0.0065918
1.955537e-009	0.0118408
1.980537e-009	0.02771
2.005537e-009	0.0158203
2.030537e-009	0.00827637
2.055537e-009	0.0161377
2.080537e-009	0.0146729
2.105537e-009	0.0189209
2.130537e-009	0.0184326
2.155537e-009	0.0219971
2.180537e-009	0.0326904
2.205537e-009	0.0182861
2.230537e-009	0.01521
2.255537e-009	0.0283691
2.280537e-009	0.0275391
2.305537e-009	0.0318604
2.330537e-009	0.0274658
2.355537e-009	0.0249756
2.380537e-009	0.0382813
2.405537e-009	0.0256104
2.430537e-009	0.0105713
2.455537e-009	0.00861817
2.480537e-009	0.011792
2.505537e-009	0.0274658
2.530537e-009	0.0197998
2.555537e-009	0.013501
2.580537e-009	0.0236084
2.605537e-009	0.0223145
2.630537e-009	0.0252197
2.655537e-009	0.0207031
2.680537e-009	0.0239502
2.705537e-009	0.0316406
2.730537e-009	0.0161377
2.755537e-009	0.0158447
2.780537e-009	0.0184326
2.805537e-009	0.0224609
2.830537e-009	0.0350586
2.855537e-009	0.0178711
2.880537e-009	0.017627
2.905537e-009	0.0240723
2.930537e-009	0.00161134
2.955537e-009	0.0166748
2.980537e-009	0.0338623
3.005537e-009	0.0187256
3.030537e-009	0.0134522
3.055537e-009	0.00754395
3.080537e-009	0.0225342
3.105537e-009	0.0345703
3.130537e-009	0.00876466
3.155537e-009	0.0192627
3.180537e-009	0.0390381
3.205537e-009	0.0121338
3.230537e-009	0.00500489
3.255537e-009	0.0185303
3.280537e-009	0.0142822
3.305537e-009	0.0208252
3.330537e-009	0.0407715
3.355537e-009	0.0470459
3.380537e-009	0.0367432
3.405537e-009	0.0328858
3.430537e-009	0.0389404
3.455537e-009	0.0398926
3.480537e-009	0.040332
3.505537e-009	0.0243897
3.530537e-009	0.0106934
3.555537e-009	0.0231201
3.580537e-009	0.0224854
3.605537e-009	0.0174072
3.630537e-009	0.0129639
3.655537e-009	0.0137451
3.680537e-009	0.0314209
3.705537e-009	0.0227295
3.730537e-009	0.0147217
3.755537e-009	0.0203369
3.780537e-009	0.0141602
3.805537e-009	0.0210205
3.830537e-009	0.0131836
3.855537e-009	-0.00493163
3.880537e-009	0.0193115
3.905537e-009	0.028418
3.930537e-009	-0.00859374
3.955537e-009	-0.00173339
3.980537e-009	0.0249512
4.005537e-009	0.0074463
4.030537e-009	0.00888673
4.055537e-009	0.0175537
4.080537e-009	0.00214844
4.105537e-009	-0.00253906
4.130537e-009	-0.00624999
4.155537e-009	0.00490723
4.180537e-009	0.0238525
4.205537e-009	0.019165
4.230537e-009	0.0170654
4.255537e-009	0.018042
4.280537e-009	0.0150879
4.305537e-009	0.0217285
4.330537e-009	0.0238525
4.355537e-009	0.0214844
4.380537e-009	0.0266358
4.405537e-009	0.0258789
4.430537e-009	0.0250733
4.455537e-009	0.029419
4.480537e-009	0.0279541
4.505537e-009	0.0268066
4.530537e-009	0.0238525
4.555537e-009	0.0231934
4.580537e-009	0.0223633
4.605537e-009	0.0259033
4.630537e-009	0.0360108
4.655537e-009	0.0312744
4.680537e-009	0.0370361
4.705537e-009	0.0373291
4.730537e-009	0.0181641
4.755537e-009	0.0224121
4.780537e-009	0.0273682
4.805537e-009	0.0254395
4.830537e-009	0.0153809
4.855537e-009	0.00139161
4.880537e-009	0.0213135
4.905537e-009	0.0310791
4.930537e-009	0.0159668
4.955537e-009	0.0187256
4.980537e-009	0.0258789
5.005537e-009	0.0271973
5.030537e-009	0.0254395
5.055537e-009	0.0156738
5.080537e-009	0.0112793
5.105537e-009	0.0123779
5.130537e-009	0.0124268
5.155537e-009	0.0186768
5.180537e-009	0.0174072
5.205537e-009	0.00458985
5.230537e-009	0.00161134
5.255537e-009	0.0120361
5.280537e-009	0.0236816
5.305537e-009	0.0259033
5.330537e-009	0.0257813
5.355537e-009	0.0261719
5.380537e-009	0.0236328
5.405537e-009	0.0249512
5.430537e-009	0.0215088
5.455537e-009	0.0158447
5.480537e-009	0.0223145
5.505537e-009	0.0253662
5.530537e-009	0.00759278
5.555537e-009	0.00327149
5.580537e-009	0.0298584
5.605537e-009	0.0290283
5.630537e-009	0.0133301
5.655537e-009	0.034668
5.680537e-009	0.0431152
5.705537e-009	0.017749
5.730537e-009	0.00395509
5.755537e-009	0.00898438
5.780537e-009	0.0213867
5.805537e-009	0.0338379
5.830537e-009	0.0326172
5.855537e-009	0.0134033
5.880537e-009	0.00720216
5.905537e-009	0.0252197
5.930537e-009	0.0250977
5.955537e-009	0.0215332
5.980537e-009	0.0410889
6.005537e-009	0.0371582
6.030537e-009	0.0160156
6.055537e-009	0.0155518
6.080537e-009	0.0251953
6.105537e-009	0.0266602
6.130537e-009	0.018335
6.155537e-009	0.0287354
6.180537e-009	0.0346436
6.205537e-009	0.0156006
6.230537e-009	0.0218018
6.255537e-009	0.0296143
6.280537e-009	0.02229
6.305537e-009	0.0309082
6.330537e-009	0.0301025
6.355537e-009	0.0216065
6.380537e-009	0.0188477
6.405537e-009	0.00812989
6.430537e-009	0.00515137
6.455537e-009	0.0151856
6.480537e-009	0.0190674
6.505537e-009	0.0179932
6.530537e-009	0.0133057
6.555537e-009	0.00925294
6.580537e-009	0.0214356
6.605537e-009	0.0242188
6.630537e-009	0.0148438
6.655537e-009	0.0193604
6.680537e-009	0.0119629
6.705537e-009	0.00529786
6.730537e-009	0.0212647
6.755537e-009	0.0201416
6.780537e-009	0.0117432
6.805537e-009	0.0185791
6.830537e-009	0.0201904
6.855537e-009	0.0191406
6.880537e-009	0.0170166
6.905537e-009	0.0131104
6.930537e-009	0.0183106
6.955537e-009	0.0216309
6.980537e-009	0.0189453
7.005537e-009	0.0183838
7.030537e-009	0.0248047
7.055537e-009	0.0287109
7.080537e-009	0.0260986
7.105537e-009	0.0354736
7.130537e-009	0.0375244
7.155537e-009	0.0245606
7.180537e-009	0.0226807
7.205537e-009	0.0178467
7.230537e-009	0.0135498
7.255537e-009	0.0246338
7.280537e-009	0.0248535
7.305537e-009	0.0157715
7.330537e-009	0.0158691
7.355537e-009	0.0172363
7.380537e-009	0.0166992
7.405537e-009	0.0165772
7.430537e-009	0.0291016
7.455537e-009	0.0363037
7.480537e-009	0.0181885
7.505537e-009	0.00966798
7.530537e-009	-0.00551757
7.555537e-009	-0.0147217
7.580537e-009	0.0162842
7.605537e-009	0.0221191
7.630537e-009	0.0109863
7.655537e-009	0.0119141
7.680537e-009	0.0168945
7.705537e-009	0.0290039
7.730537e-009	0.0102051
7.755537e-009	0.00505372
7.780537e-009	0.0214844
7.805537e-009	0.016626
7.830537e-009	0.0321045
7.855537e-009	0.026709
7.880537e-009	0.0120606
7.905537e-009	0.0354004
7.930537e-009	0.0164307
7.955537e-009	-0.00507812
7.980537e-009	0.0171387
8.005537e-009	0.0185059
8.030537e-009	0.0224854
8.055537e-009	0.0317627
8.080537e-009	0.026001
8.105537e-009	0.0313477
8.130537e-009	0.0274658
8.155537e-009	0.0211182
8.180537e-009	0.0280029
8.205537e-009	0.0268799
8.230537e-009	0.0223389
8.255537e-009	0.0202149
8.280537e-009	0.023877
8.305537e-009	0.0275147
8.330537e-009	0.0235596
8.355537e-009	0.0186524
8.380537e-009	0.015332
8.405537e-009	0.0211426
8.430537e-009	0.0204102
8.455537e-009	0.00791016
8.480537e-009	0.0147217
8.505537e-009	0.0244385
8.530537e-009	0.0134277
8.555537e-009	0.0148682
8.580537e-009	0.0252441
8.605537e-009	0.016919
8.630537e-009	0.0119873
8.655537e-009	0.0101318
8.680537e-009	0.0182373
8.705537e-009	0.0368652
8.730537e-009	0.0171387
8.755537e-009	-0.000976555
8.780537e-009	0.0133789
8.805537e-009	0.0114014
8.830537e-009	0.0111084
8.855537e-009	0.0213379
8.880537e-009	0.025293
8.905537e-009	0.0188232
8.930537e-009	-0.00136718
8.955537e-009	0.00439454
8.980537e-009	0.0215088
9.005537e-009	0.0235596
9.030537e-009	0.0278076
9.055537e-009	0.0160156
9.080537e-009	0.0166748
9.105537e-009	0.0358643
9.130537e-009	0.0264404
9.155537e-009	0.0198242
9.180537e-009	0.0319824
9.205537e-009	0.0301025
9.230537e-009	0.0188477
9.255537e-009	0.0144775
9.280537e-009	0.0225586
9.305537e-009	0.0392822
9.330537e-009	0.0325928
9.355537e-009	0.0148926
9.380537e-009	0.0270752
9.405537e-009	0.0274902
9.430537e-009	0.0147705
9.455537e-009	0.0187988
9.480537e-009	0.0158447
9.505537e-009	0.0186035
9.530537e-009	0.0202637
9.555537e-009	0.0146484
9.580537e-009	0.0265625
9.605537e-009	0.027002
9.630537e-009	0.0105469
9.655537e-009	0.0106934
9.680537e-009	0.0185547
9.705537e-009	0.0177979
9.730537e-009	0.0178711
9.755537e-009	0.0189209
9.780537e-009	0.0131592
9.805537e-009	0.0125244
9.830537e-009	0.0199707
9.855537e-009	0.013916
9.880537e-009	0.0060547
9.905537e-009	0.0169922
9.930537e-009	0.0261963
9.955537e-009	0.0221924
9.980537e-009	0.0144775
1.000554e-008	0.0200195
1.003054e-008	0.030542
1.005554e-008	0.0207764
1.008054e-008	0.0184326
1.010554e-008	0.0248779
1.013054e-008	0.00810548
1.015554e-008	0.00959473
1.018054e-008	0.0336426
1.020554e-008	0.0304688
1.023054e-008	0.0260498
1.025554e-008	0.0257324
1.028054e-008	0.0141113
1.030554e-008	0.0263916
1.033054e-008	0.039917
1.035554e-008	0.0324951
1.038054e-008	0.0305908
1.040554e-008	0.0276611
1.043054e-008	0.0189209
1.045554e-008	0.0184326
1.048054e-008	0.0339844
1.050554e-008	0.0360352
1.053054e-008	0.0121094
1.055554e-008	0.0147217
1.058054e-008	0.0362793
1.060554e-008	0.0306152
1.063054e-008	0.0133057
1.065554e-008	0.0121094
1.068054e-008	0.0281494
1.070554e-008	0.0320313
1.073054e-008	0.0102539
1.075554e-008	0.00122071
1.078054e-008	0.0164063
1.080554e-008	0.023584
1.083054e-008	0.0227539
1.085554e-008	0.0244629
1.088054e-008	0.0223633
1.090554e-008	0.0181641
1.093054e-008	0.0131592
1.095554e-008	0.0176514
1.098054e-008	0.0316162
1.100554e-008	0.034375
1.103054e-008	0.0222656
1.105554e-008	0.0110352
1.108054e-008	0.0131836
1.110554e-008	0.0255859
1.113054e-008	0.0337891
1.115554e-008	0.0210449
1.118054e-008	0.0110107
1.120554e-008	0.0215576
1.123054e-008	0.0238525
1.125554e-008	0.0155029
1.128054e-008	0.0131348
1.130554e-008	0.016333
1.133054e-008	0.012793
1.135554e-008	0.0130859
1.138054e-008	0.0245361
1.140554e-008	0.0243164
1.143054e-008	0.0191895
1.145554e-008	0.0178467
1.148054e-008	0.0213135
1.150554e-008	0.0286133
1.153054e-008	0.0228272
1.155554e-008	0.0186279
1.158054e-008	0.0254639
1.160554e-008	0.0271729
1.163054e-008	0.0288086
1.165554e-008	0.0218994
1.168054e-008	0.0025879
1.170554e-008	0.0105225
1.173054e-008	0.024292
1.175554e-008	0.017334
1.178054e-008	0.0257568
1.180554e-008	0.024292
1.183054e-008	0.0107666
1.185554e-008	0.0109375
1.188054e-008	0.00776368
1.190554e-008	0.0198242
1.193054e-008	0.0296143
1.195554e-008	0.0160156
1.198054e-008	0.0158936
1.200554e-008	0.0240967
1.203054e-008	0.0200684
1.205554e-008	0.017041
1.208054e-008	0.0277832
1.210554e-008	0.0303467
1.213054e-008	0.0156494
1.215554e-008	0.0168457
1.218054e-008	0.0203613
1.220554e-008	0.0161377
1.223054e-008	0.0220215
1.225554e-008	0.0145508
1.228054e-008	0.0246094
1.230554e-008	0.0430908
1.233054e-008	0.0162598
1.235554e-008	0.0140137
1.238054e-008	0.0303223
1.240554e-008	0.0230225
1.243054e-008	0.0348389
1.245554e-008	0.0349121
1.248054e-008	0.0261475
1.250554e-008	0.035376
1.253054e-008	0.0277832
1.255554e-008	0.020044
1.258054e-008	0.0173828
1.260554e-008	0.00844727
1.263054e-008	0.020044
1.265554e-008	0.0281983
1.268054e-008	0.0226807
1.270554e-008	0.0329102
1.273054e-008	0.0338379
1.275554e-008	0.0254883
1.278054e-008	0.0209229
1.280554e-008	0.0115234
1.283054e-008	0.0144043
1.285554e-008	0.0166504
1.288054e-008	0.0200195
1.290554e-008	0.0256104
1.293054e-008	0.00400391
1.295554e-008	0.0039795
1.298054e-008	0.028833
1.300554e-008	0.022583
1.303054e-008	0.0204346
1.305554e-008	0.0233887
1.308054e-008	0.0122315
1.310554e-008	0.0134766
1.313054e-008	0.00939942
1.315554e-008	0.0109375
1.318054e-008	0.0218018
1.320554e-008	0.0153076
1.323054e-008	0.00922852
1.325554e-008	0.0117188
1.328054e-008	0.0250488
1.330554e-008	0.0333008
1.333054e-008	0.027002
1.335554e-008	0.023877
1.338054e-008	0.0214844
1.340554e-008	0.0188477
1.343054e-008	0.0203857
1.345554e-008	0.0284424
1.348054e-008	0.0362305
1.350554e-008	0.0398926
1.353054e-008	0.0290527
1.355554e-008	0.0195801
1.358054e-008	0.032251
1.360554e-008	0.0225098
1.363054e-008	0.00603028
1.365554e-008	0.021582
1.368054e-008	0.0394043
1.370554e-008	0.0319092
1.373054e-008	0.0100342
1.375554e-008	0.0138672
1.378054e-008	0.0230957
1.380554e-008	0.0170899
1.383054e-008	0.0195801
1.385554e-008	0.0177979
1.388054e-008	0.0144775
1.390554e-008	0.0185303
1.393054e-008	0.0146484
1.395554e-008	0.0112793
1.398054e-008	0.0196045
1.400554e-008	0.0244873
1.403054e-008	0.0260498
1.405554e-008	0.0286377
1.408054e-008	0.0290039
1.410554e-008	0.025
1.413054e-008	0.00510255
1.415554e-008	0.00817872
1.418054e-008	0.026001
1.420554e-008	0.0177734
1.423054e-008	0.0216065
1.425554e-008	0.0178711
1.428054e-008	0.00844727
1.430554e-008	0.0211182
1.433054e-008	0.0104492
1.435554e-008	0.00578614
1.438054e-008	0.0224365
1.440554e-008	0.0238525
1.443054e-008	0.0276611
1.445554e-008	0.0240234
1.448054e-008	0.0136963
1.450554e-008	0.0158447
1.453054e-008	0.00617677
1.455554e-008	0.00344239
1.458054e-008	0.0183838
1.460554e-008	0.0196777
1.463054e-008	0.0186768
1.465554e-008	0.0167725
1.468054e-008	0.0131836
1.470554e-008	0.020044
1.473054e-008	0.0180908
1.475554e-008	0.0141602
1.478054e-008	0.0198975
1.480554e-008	0.016919
1.483054e-008	0.00966798
1.485554e-008	0.00808106
1.488054e-008	0.01604
1.490554e-008	0.0327393
1.493054e-008	0.0290527
1.495554e-008	0.0171387
1.498054e-008	0.0265137
1.500554e-008	0.0268066
1.503054e-008	0.0204834
1.505554e-008	0.0243652
1.508054e-008	0.0261231
1.510554e-008	0.0268066
1.513054e-008	0.0229248
1.515554e-008	0.0259277
1.518054e-008	0.0296143
1.520554e-008	0.0181152
1.523054e-008	0.0165527
1.525554e-008	0.0183106
1.528054e-008	0.0125732
1.530554e-008	0.0162842
1.533054e-008	0.0135254
1.535554e-008	0.00781251
1.538054e-008	0.0130859
1.540554e-008	0.0150635
1.543054e-008	0.0188965
1.545554e-008	0.0137451
1.548054e-008	0.0106201
1.550554e-008	0.0242676
1.553054e-008	0.019751
1.555554e-008	0.0197754
1.558054e-008	0.0235596
1.560554e-008	0.0113281
1.563054e-008	0.0238037
1.565554e-008	0.0312012
1.568054e-008	0.0249268
1.570554e-008	0.0366211
1.573054e-008	0.0299805
1.575554e-008	0.0183838
1.578054e-008	0.0182861
1.580554e-008	0.0150879
1.583054e-008	0.0290527
1.585554e-008	0.0245606
1.588054e-008	0.00454102
1.590554e-008	0.0145264
1.593054e-008	0.0163818
1.595554e-008	0.01604
1.598054e-008	0.0250488
1.600554e-008	0.0245117
1.603054e-008	0.0345947
1.605554e-008	0.0352783
1.608054e-008	0.0271484
1.610554e-008	0.0291992
1.613054e-008	0.0165772
1.615554e-008	0.00974122
1.618054e-008	0.0246094
1.620554e-008	0.0281006
1.623054e-008	0.0208984
1.625554e-008	0.0218262
1.628054e-008	0.0193848
1.630554e-008	0.0083252
1.633054e-008	0.00952149
1.635554e-008	0.0213623
1.638054e-008	0.0231934
1.640554e-008	0.0219727
1.643054e-008	0.0227295
1.645554e-008	0.0212158
1.648054e-008	0.0280274
1.650554e-008	0.0284424
1.653054e-008	0.0101807
1.655554e-008	0.00412598
1.658054e-008	0.00649415
1.660554e-008	0.00976563
1.663054e-008	0.0301514
1.665554e-008	0.0229492
1.668054e-008	0.00598145
1.670554e-008	0.0166504
1.673054e-008	0.000927742
1.675554e-008	0.00195313
1.678054e-008	0.0298096
1.680554e-008	0.0178223
1.683054e-008	0.0106445
1.685554e-008	0.020459
1.688054e-008	0.0236572
1.690554e-008	0.0222168
1.693054e-008	0.0187256
1.695554e-008	0.0285156
1.698054e-008	0.0239014
1.700554e-008	0.0102295
1.703054e-008	0.00695802
1.705554e-008	-0.00224609
1.708054e-008	0.0131348
1.710554e-008	0.0295166
1.713054e-008	0.0122559
1.715554e-008	0.0156006
1.718054e-008	0.0237305
1.720554e-008	0.0137207
1.723054e-008	0.0197022
1.725554e-008	0.0218018
1.728054e-008	0.0212158
1.730554e-008	0.0255371
1.733054e-008	0.0174561
1.735554e-008	0.0191162
1.738054e-008	0.0249024
1.740554e-008	0.0192871
1.743054e-008	0.0193359
1.745554e-008	0.0188477
1.748054e-008	0.0137451
1.750554e-008	0.0194824
1.753054e-008	0.00942384
1.755554e-008	-0.0112549
1.758054e-008	0.0103027
1.760554e-008	0.029834
1.763054e-008	0.0193604
1.765554e-008	0.0209961
1.768054e-008	0.0217774
1.770554e-008	0.0160645
1.773054e-008	0.0103272
1.775554e-008	0.00590821
1.778054e-008	0.0140625
1.780554e-008	0.0160889
1.783054e-008	0.00922852
1.785554e-008	0.0172119
1.788054e-008	0.0281983
1.790554e-008	0.0149902
1.793054e-008	0.00100098
1.795554e-008	0.0193848
1.798054e-008	0.0324951
1.800554e-008	0.0164551
1.803054e-008	0.0226074
1.805554e-008	0.0366455
1.808054e-008	0.0237061
1.810554e-008	0.0220459
1.813054e-008	0.0231934
1.815554e-008	0.0156006
1.818054e-008	0.00993653
1.820554e-008	0.00930177
1.823054e-008	0.0212402
1.825554e-008	0.0194336
1.828054e-008	0.0234863
1.830554e-008	0.0337647
1.833054e-008	0.0195557
1.835554e-008	0.0182129
1.838054e-008	0.0262695
1.840554e-008	0.016626
1.843054e-008	0.00747071
1.845554e-008	0.0141357
1.848054e-008	0.0233154
1.850554e-008	0.0217529
1.853054e-008	0.0222168
1.855554e-008	0.0261475
1.858054e-008	0.0203613
1.860554e-008	0.0166504
1.863054e-008	0.0240479
1.865554e-008	0.0205322
1.868054e-008	0.015918
1.870554e-008	0.020459
1.873054e-008	0.0131104
1.875554e-008	0.0111084
1.878054e-008	0.0219482
1.880554e-008	0.0208496
1.883054e-008	0.0195068
1.885554e-008	0.0275147
1.888054e-008	0.0304932
1.890554e-008	0.0251953
1.893054e-008	0.00834962
1.895554e-008	0.00729981
1.898054e-008	0.0212158
1.900554e-008	0.0148682
1.903054e-008	0.0127686
1.905554e-008	0.0155274
1.908054e-008	0.0147217
1.910554e-008	0.022168
1.913054e-008	0.0203857
1.915554e-008	0.0111084
1.918054e-008	0.0107422
1.920554e-008	0.0150635
1.923054e-008	0.0181152
1.925554e-008	0.0230225
1.928054e-008	0.0237793
1.930554e-008	0.0185791
1.933054e-008	0.0019043
1.935554e-008	0.00334473
1.938054e-008	0.0261963
1.940554e-008	0.0207764
1.943054e-008	0.0274414
1.945554e-008	0.0348389
1.948054e-008	0.0237061
1.950554e-008	0.0308106
1.953054e-008	0.0180908
1.955554e-008	0.0167725
1.958054e-008	0.030542
1.960554e-008	0.0239746
1.963054e-008	0.0280274
1.965554e-008	0.0243897
1.968054e-008	0.0103272
1.970554e-008	0.0141357
1.973054e-008	0.029126
1.975554e-008	0.0253174
1.978054e-008	0.0174561
1.980554e-008	0.027832
1.983054e-008	0.0239746
1.985554e-008	0.0159424
1.988054e-008	0.0178467
1.990554e-008	0.0239502
1.993054e-008	0.0312256
1.995554e-008	0.0243408
1.998054e-008	0.0143799
2.000554e-008	0.00483399
2.003054e-008	0.00305177
2.005554e-008	0.0125977
2.008054e-008	0.0221924
2.010554e-008	0.0300537
2.013054e-008	0.0179932
2.015554e-008	0.00468751
2.018054e-008	0.0103027
2.020554e-008	0.014917
2.023054e-008	0.0129639
2.025554e-008	0.00893555
2.028054e-008	0.0148682
2.030554e-008	0.0279297
2.033054e-008	0.0346924
2.035554e-008	0.0263672
2.038054e-008	0.00957032
2.040554e-008	0.00861817
2.043054e-008	0.0149902
2.045554e-008	0.00803223
2.048054e-008	0.0027588
2.050554e-008	0.0139893
2.053054e-008	0.0233154
2.055554e-008	0.0267578
2.058054e-008	0.02771
2.060554e-008	0.0282471
2.063054e-008	0.0321777
2.065554e-008	0.0148193
2.068054e-008	0.00400391
2.070554e-008	0.0207031
2.073054e-008	0.0269775
2.075554e-008	0.0282959
2.078054e-008	0.0283936
2.080554e-008	0.0262695
2.083054e-008	0.0282715
2.085554e-008	0.0179932
2.088054e-008	0.00810548
2.090554e-008	0.0109863
2.093054e-008	0.0158691
2.095554e-008	0.0209229
2.098054e-008	0.0229492
2.100554e-008	0.0262451
2.103054e-008	0.0265381
2.105554e-008	0.0150635
2.108054e-008	0.0126465
2.110554e-008	0.0192627
2.113054e-008	0.0176025
2.115554e-008	0.0161133
2.118054e-008	0.0252441
2.120554e-008	0.0300293
2.123054e-008	0.0184082
2.125554e-008	0.019043
2.128054e-008	0.0340576
2.130554e-008	0.0300537
2.133054e-008	0.0166016
2.135554e-008	0.0179199
2.138054e-008	0.0177979
2.140554e-008	0.0142822
2.143054e-008	0.026001
2.145554e-008	0.0223633
2.148054e-008	0.0133301
2.150554e-008	0.023169
2.153054e-008	0.0182861
2.155554e-008	0.0175781
2.158054e-008	0.0248535
2.160554e-008	0.0210205
2.163054e-008	0.0251953
2.165554e-008	0.0275635
2.168054e-008	0.0308106
2.170554e-008	0.0321289
2.173054e-008	0.0141357
2.175554e-008	0.00847169
2.178054e-008	0.0252441
2.180554e-008	0.0213623
2.183054e-008	0.00961915
2.185554e-008	0.0268311
2.188054e-008	0.0297608
2.190554e-008	0.0226807
2.193054e-008	0.0314453
2.195554e-008	0.0245606
2.198054e-008	0.0267334
2.200554e-008	0.0331299
2.203054e-008	0.0182373
2.205554e-008	0.0108154
2.208054e-008	0.0156982
2.210554e-008	0.0194336
2.213054e-008	0.0041504
2.215554e-008	-0.00141601
2.218054e-008	0.0198486
2.220554e-008	0.0237305
2.223054e-008	0.026416
2.225554e-008	0.0325684
2.228054e-008	0.019458
2.230554e-008	0.0162598
2.233054e-008	0.0210938
2.235554e-008	0.0183594
2.238054e-008	0.0219727
2.240554e-008	0.0244873
2.243054e-008	0.01521
2.245554e-008	0.0104004
2.248054e-008	0.018335
2.250554e-008	0.0212158
2.253054e-008	0.00786134
2.255554e-008	0.00539552
2.258054e-008	0.024585
2.260554e-008	0.0320313
2.263054e-008	0.0247803
2.265554e-008	0.0159668
2.268054e-008	0.0189209
2.270554e-008	0.0294922
2.273054e-008	0.0211914
2.275554e-008	0.0194336
2.278054e-008	0.0254639
2.280554e-008	0.0181397
2.283054e-008	0.0090088
2.285554e-008	0.005542
2.288054e-008	0.027832
2.290554e-008	0.035669
2.293054e-008	0.0131348
2.295554e-008	0.0155029
2.298054e-008	0.0192139
2.300554e-008	0.0150391
2.303054e-008	0.0247559
2.305554e-008	0.0248047
2.308054e-008	0.0168457
2.310554e-008	0.0198242
2.313054e-008	0.0240967
2.315554e-008	0.0238037
2.318054e-008	0.0276123
2.320554e-008	0.0205322
2.323054e-008	0.0166504
2.325554e-008	0.0302979
2.328054e-008	0.031958
2.330554e-008	0.0346191
2.333054e-008	0.0328125
2.335554e-008	0.0159912
2.338054e-008	0.0220215
2.340554e-008	0.0303955
2.343054e-008	0.0187012
2.345554e-008	0.0107666
2.348054e-008	0.0141113
2.350554e-008	0.0205811
2.353054e-008	0.0169434
2.355554e-008	0.0189697
2.358054e-008	0.0300049
2.360554e-008	0.0175537
2.363054e-008	0.0057129
2.365554e-008	0.0165772
2.368054e-008	0.0233643
2.370554e-008	0.0230225
2.373054e-008	0.0178223
2.375554e-008	0.0176758
2.378054e-008	0.0233399
2.380554e-008	0.0177246
2.383054e-008	0.0237793
2.385554e-008	0.0378418
2.388054e-008	0.0325195
2.390554e-008	0.0261719
2.393054e-008	0.0287598
2.395554e-008	0.0252686
2.398054e-008	0.0118897
2.400554e-008	0.0120606
2.403054e-008	0.0296875
2.405554e-008	0.0256104
2.408054e-008	0.0113037
2.410554e-008	0.0157227
2.413054e-008	0.0155518
2.415554e-008	0.0181885
2.418054e-008	0.0268799
2.420554e-008	0.0156494
2.423054e-008	0.0120361
2.425554e-008	0.0258545
2.428054e-008	0.032959
2.430554e-008	0.030957
2.433054e-008	0.0194824
2.435554e-008	0.0148438
2.438054e-008	0.0178711
2.440554e-008	0.0135254
2.443054e-008	0.0161621
2.445554e-008	0.0213867
2.448054e-008	0.0210205
2.450554e-008	0.0263184
2.453054e-008	0.0233643
2.455554e-008	0.0188232
2.458054e-008	0.0258057
2.460554e-008	0.0181641
2.463054e-008	0.00358887
2.465554e-008	0.0057129
2.468054e-008	0.0156006
2.470554e-008	0.0241211
2.473054e-008	0.0216553
2.475554e-008	0.0142578
2.478054e-008	0.0221191
2.480554e-008	0.021582
2.483054e-008	0.00139161
2.485554e-008	0.00512696
2.488054e-008	0.0241211
2.490554e-008	0.0213623
2.493054e-008	0.0164551
2.495554e-008	0.0159668
2.498054e-008	0.013501
2.500554e-008	0.0219482
2.503054e-008	0.00954591
2.505554e-008	-0.0131836
2.508054e-008	0.0156982
2.510554e-008	0.0365967
2.513054e-008	0.0166504
2.515554e-008	0.0147949
2.518054e-008	0.0154053
2.520554e-008	0.0162598
2.523054e-008	0.0239258
2.525554e-008	0.0163574
2.528054e-008	0.0206055
2.530554e-008	0.0292481
2.533054e-008	0.0178711
2.535554e-008	0.0175537
2.538054e-008	0.0282227
2.540554e-008	0.0292481
2.543054e-008	0.0265137
2.545554e-008	0.0115234
2.548054e-008	0.00634766
2.550554e-008	0.0289307
2.553054e-008	0.0306152
2.555554e-008	0.0211182
2.558054e-008	0.0291504
2.560554e-008	0.0168701
2.563054e-008	0.00427247
2.565554e-008	0.0207764
2.568054e-008	0.0261963
2.570554e-008	0.020874
2.573054e-008	0.016626
2.575554e-008	0.016626
2.578054e-008	0.0282471
2.580554e-008	0.0200684
2.583054e-008	0.0104736
2.585554e-008	0.015625
2.588054e-008	0.0158936
2.590554e-008	0.0198486
2.593054e-008	0.0157471
2.595554e-008	0.0147217
2.598054e-008	0.023291
2.600554e-008	0.0229004
2.603054e-008	0.024707
2.605554e-008	0.0244629
2.608054e-008	0.0187988
2.610554e-008	0.0178711
2.613054e-008	0.0182373
2.615554e-008	0.0175293
2.618054e-008	0.0220215
2.620554e-008	0.0213623
2.623054e-008	0.0133545
2.625554e-008	0.0158936
2.628054e-008	0.0206787
2.630554e-008	0.0210449
2.633054e-008	0.00593262
2.635554e-008	-0.00473632
2.638054e-008	0.0167481
2.640554e-008	0.0162842
2.643054e-008	0.00556641
2.645554e-008	0.0224365
2.648054e-008	0.0295654
2.650554e-008	0.0305908
2.653054e-008	0.0216553
2.655554e-008	0.00683595
2.658054e-008	0.0198731
2.660554e-008	0.0272705
2.663054e-008	0.0182617
2.665554e-008	0.0215088
2.668054e-008	0.0261231
2.670554e-008	0.0272217
2.673054e-008	0.027417
2.675554e-008	0.0232422
2.678054e-008	0.0258545
2.680554e-008	0.0213379
2.683054e-008	0.0111816
2.685554e-008	0.0191895
2.688054e-008	0.0217041
2.690554e-008	0.025293
2.693054e-008	0.0406494
2.695554e-008	0.0324707
2.698054e-008	0.0167481
2.700554e-008	0.0199463
2.703054e-008	0.0242432
2.705554e-008	0.017749
2.708054e-008	0.0141357
2.710554e-008	0.0234619
2.713054e-008	0.030957
2.715554e-008	0.0241211
2.718054e-008	0.0198242
2.720554e-008	0.0298828
2.723054e-008	0.030957
2.725554e-008	0.0187256
2.728054e-008	0.00810548
2.730554e-008	0.0111572
2.733054e-008	0.0237061
2.735554e-008	0.0277344
2.738054e-008	0.0311768
2.740554e-008	0.0253662
2.743054e-008	0.0212891
2.745554e-008	0.0288818
2.748054e-008	0.0223145
2.750554e-008	0.0269043
2.753054e-008	0.0358154
2.755554e-008	0.0229248
2.758054e-008	0.00656739
2.760554e-008	0.0133301
2.763054e-008	0.0360108
2.765554e-008	0.023169
2.768054e-008	0.0133057
2.770554e-008	0.0259277
2.773054e-008	0.00747071
2.775554e-008	0.0022461
2.778054e-008	0.0165039
2.780554e-008	0.00876466
2.783054e-008	0.0118164
2.785554e-008	0.023877
2.788054e-008	0.0269287
2.790554e-008	0.0335449
2.793054e-008	0.0300537
2.795554e-008	0.0219971
2.798054e-008	0.0201172
2.800554e-008	0.00937501
2.803054e-008	0.012207
2.805554e-008	0.0264649
2.808054e-008	0.0274658
2.810554e-008	0.0270996
2.813054e-008	0.0192871
2.815554e-008	0.0131592
2.818054e-008	0.015625
2.820554e-008	0.0123291
2.823054e-008	0.017041
2.825554e-008	0.0227051
2.828054e-008	0.0213623
2.830554e-008	0.0237549
2.833054e-008	0.0206299
2.835554e-008	0.0143311
2.838054e-008	0.0170654
2.840554e-008	0.0206055
2.843054e-008	0.017627
2.845554e-008	0.0166016
2.848054e-008	0.0244385
2.850554e-008	0.0331787
2.853054e-008	0.0296875
2.855554e-008	0.017749
2.858054e-008	0.0119385
2.860554e-008	0.0163574
2.863054e-008	0.0186768
2.865554e-008	0.016333
2.868054e-008	0.0252197
2.870554e-008	0.0293945
2.873054e-008	0.0172852
2.875554e-008	0.0191406
2.878054e-008	0.0324463
2.880554e-008	0.0306397
2.883054e-008	0.0234131
2.885554e-008	0.0181397
2.888054e-008	0.014209
2.890554e-008	0.0237305
2.893054e-008	0.0268799
2.895554e-008	0.0187012
2.898054e-008	0.021167
2.900554e-008	0.014624
2.903054e-008	0.0136963
2.905554e-008	0.0247559
2.908054e-008	0.0157959
2.910554e-008	0.0147461
2.913054e-008	0.0150635
2.915554e-008	0.0074463
2.918054e-008	0.0189453
2.920554e-008	0.0197022
2.923054e-008	0.00666505
2.925554e-008	0.000146492
2.928054e-008	0.00625001
2.930554e-008	0.0227539
2.933054e-008	0.0125732
2.935554e-008	-0.00566406
2.938054e-008	0.00593262
2.940554e-008	0.017749
2.943054e-008	0.0171631
2.945554e-008	0.0143066
2.948054e-008	0.0162842
2.950554e-008	0.018457
2.953054e-008	0.00249024
2.955554e-008	0.00334473
2.958054e-008	0.0215576
2.960554e-008	0.0199463
2.963054e-008	0.0286133
2.965554e-008	0.0270752
2.968054e-008	0.00837403
2.970554e-008	0.0175049
2.973054e-008	0.0169434
2.975554e-008	0.0132324
2.978054e-008	0.0258301
2.980554e-008	0.0201172
2.983054e-008	0.0193115
2.985554e-008	0.025708
2.988054e-008	0.0277832
2.990554e-008	0.0263672
2.993054e-008	0.0151856
2.995554e-008	0.0272217
2.998054e-008	0.0302002
3.000554e-008	0.00639649
3.003054e-008	0.0170166
3.005554e-008	0.0289063
3.008054e-008	0.0241455
3.010554e-008	0.0334229
3.013054e-008	0.0255859
3.015554e-008	0.012207
3.018054e-008	0.0128906
3.020554e-008	0.0161621
3.023054e-008	0.0227295
3.025554e-008	0.0179688
3.028054e-008	0.021167
3.030554e-008	0.0366943
3.033054e-008	0.0338867
3.035554e-008	0.0278809
3.038054e-008	0.0279297
3.040554e-008	0.026294
3.043054e-008	0.0211426
3.045554e-008	0.0226563
3.048054e-008	0.035376
3.050554e-008	0.0289063
3.053054e-008	0.0177246
3.055554e-008	0.0250733
3.058054e-008	0.0215576
3.060554e-008	0.0184326
3.063054e-008	0.0305664
3.065554e-008	0.0252197
3.068054e-008	0.0146973
3.070554e-008	0.0174316
3.073054e-008	0.0135498
3.075554e-008	0.0112305
3.078054e-008	0.00903321
3.080554e-008	0.0091797
3.083054e-008	0.0268799
3.085554e-008	0.0191895
3.088054e-008	0.00507813
3.090554e-008	0.0262451
3.093054e-008	0.0226807
3.095554e-008	0.0076172
3.098054e-008	0.0198975
3.100554e-008	0.0208252
3.103054e-008	0.0176758
3.105554e-008	0.0126465
3.108054e-008	0.0108154
3.110554e-008	0.0240723
3.113054e-008	0.0138428
3.115554e-008	0.0105469
3.118054e-008	0.0259033
3.120554e-008	0.0191895
3.123054e-008	0.0207275
3.125554e-008	0.0276856
3.128054e-008	0.0210938
3.130554e-008	0.010791
3.133054e-008	0.000561531
3.135554e-008	0.0215088
3.138054e-008	0.0351318
3.140554e-008	0.0134033
3.143054e-008	0.0229248
3.145554e-008	0.0333008
3.148054e-008	0.0130371
3.150554e-008	0.0161865
3.153054e-008	0.0250488
3.155554e-008	0.0215088
3.158054e-008	0.021875
3.160554e-008	0.0189453
3.163054e-008	0.0249512
3.165554e-008	0.022583
3.168054e-008	0.00769044
3.170554e-008	0.0155274
3.173054e-008	0.0181641
3.175554e-008	0.0161865
3.178054e-008	0.0291748
3.180554e-008	0.0251465
3.183054e-008	0.0197266
3.185554e-008	0.0267578
3.188054e-008	0.0324463
3.190554e-008	0.0311768
3.193054e-008	0.01604
3.195554e-008	0.0134766
3.198054e-008	0.0254883
3.200554e-008	0.0272705
3.203054e-008	0.0225586
3.205554e-008	0.0229004
3.208054e-008	0.0337402
3.210554e-008	0.0359619
3.213054e-008	0.0188477
3.215554e-008	0.00839845
3.218054e-008	0.0162354
3.220554e-008	0.0249756
3.223054e-008	0.0309326
3.225554e-008	0.0321045
3.228054e-008	0.0220947
3.230554e-008	0.0232422
3.233054e-008	0.0196533
3.235554e-008	0.00751954
3.238054e-008	0.0199951
3.240554e-008	0.0205078
3.243054e-008	0.0119873
3.245554e-008	0.0239502
3.248054e-008	0.034082
3.250554e-008	0.0429199
3.253054e-008	0.0297119
3.255554e-008	0.00981446
3.258054e-008	0.0258545
3.260554e-008	0.0321289
3.263054e-008	0.0199951
3.265554e-008	0.0162842
3.268054e-008	0.0220947
3.270554e-008	0.0311768
3.273054e-008	0.0130127
3.275554e-008	0.0100342
3.278054e-008	0.0290283
3.280554e-008	0.0209717
3.283054e-008	0.0245117
3.285554e-008	0.0257324
3.288054e-008	0.0205078
3.290554e-008	0.035669
3.293054e-008	0.0271729
3.295554e-008	0.0242432
3.298054e-008	0.033667
3.300554e-008	0.0211182
3.303054e-008	0.0240479
3.305554e-008	0.0210449
3.308054e-008	0.0057129
3.310554e-008	0.025
3.313054e-008	0.0364258
3.315554e-008	0.0228027
3.318054e-008	0.0250244
3.320554e-008	0.0243408
3.323054e-008	0.0141113
3.325554e-008	0.020459
3.328054e-008	0.0292481
3.330554e-008	0.0185303
3.333054e-008	0.0113525
3.335554e-008	0.0286865
3.338054e-008	0.031543
3.340554e-008	0.0125
3.343054e-008	0.0180176
3.345554e-008	0.0276367
3.348054e-008	0.0200684
3.350554e-008	0.0291992
3.353054e-008	0.0325928
3.355554e-008	0.0172119
3.358054e-008	0.0164307
3.360554e-008	0.0107422
3.363054e-008	0.00664063
3.365554e-008	0.0238281
3.368054e-008	0.0328613
3.370554e-008	0.0319092
3.373054e-008	0.0232666
3.375554e-008	0.0174316
3.378054e-008	0.0223389
3.380554e-008	0.0214844
3.383054e-008	0.0292969
3.385554e-008	0.0334961
3.388054e-008	0.0242676
3.390554e-008	0.0258301
3.393054e-008	0.0235596
3.395554e-008	0.0156494
3.398054e-008	0.0171387
3.400554e-008	0.0176514
3.403054e-008	0.0123535
3.405554e-008	0.0133789
3.408054e-008	0.0211182
3.410554e-008	0.0258789
3.413054e-008	0.0288818
3.415554e-008	0.0282715
3.418054e-008	0.0192627
3.420554e-008	0.00751954
3.423054e-008	0.0196533
3.425554e-008	0.0367676
3.428054e-008	0.0210205
3.430554e-008	0.00932618
3.433054e-008	0.0157227
3.435554e-008	0.0245606
3.438054e-008	0.0264649
3.440554e-008	0.0177734
3.443054e-008	0.0245361
3.445554e-008	0.0247315
3.448054e-008	0.0157959
3.450554e-008	0.0231445
3.453054e-008	0.0187988
3.455554e-008	0.012793
3.458054e-008	0.0172607
3.460554e-008	0.0199463
3.463054e-008	0.0299561
3.465554e-008	0.0296875
3.468054e-008	0.0260498
3.470554e-008	0.0293213
3.473054e-008	0.0162109
3.475554e-008	0.0152832
3.478054e-008	0.0261963
3.480554e-008	0.013916
3.483054e-008	0.00944825
3.485554e-008	0.0203125
3.488054e-008	0.0215332
3.490554e-008	0.0266358
3.493054e-008	0.0284912
3.495554e-008	0.0120361
3.498054e-008	0.00908204
3.500554e-008	0.0158691
3.503054e-008	0.0129639
3.505554e-008	0.0167725
3.508054e-008	0.0193848
3.510554e-008	0.0198486
3.513054e-008	0.020752
3.515554e-008	0.0276367
3.518054e-008	0.0375488
3.520554e-008	0.0227783
3.523054e-008	0.014209
3.525554e-008	0.0193848
3.528054e-008	0.0195557
3.530554e-008	0.0251221
3.533054e-008	0.0156982
3.535554e-008	0.00898438
3.538054e-008	0.0212647
3.540554e-008	0.0165283
3.543054e-008	0.0109375
3.545554e-008	0.0251465
3.548054e-008	0.029419
3.550554e-008	0.0273438
3.553054e-008	0.0241455
3.555554e-008	0.00903321
3.558054e-008	0.0128174
3.560554e-008	0.0252197
3.563054e-008	0.020752
3.565554e-008	0.016333
3.568054e-008	0.0160889
3.570554e-008	0.0285645
3.573054e-008	0.0264649
3.575554e-008	0.0142578
3.578054e-008	0.0307373
3.580554e-008	0.0250488
3.583054e-008	0.0110107
3.585554e-008	0.0226074
3.588054e-008	0.029419
3.590554e-008	0.0369141
3.593054e-008	0.0228516
3.595554e-008	0.0114502
3.598054e-008	0.0160156
3.600554e-008	0.000732429
3.603054e-008	0.0156738
3.605554e-008	0.0332764
3.608054e-008	0.0174805
3.610554e-008	0.0160645
3.613054e-008	0.0163086
3.615554e-008	0.0230713
3.618054e-008	0.0292725
3.620554e-008	0.0154541
3.623054e-008	0.0151123
3.625554e-008	0.0175049
3.628054e-008	0.0229248
3.630554e-008	0.0353272
3.633054e-008	0.0254639
3.635554e-008	0.0202637
3.638054e-008	0.0233154
3.640554e-008	0.016626
3.643054e-008	0.0234863
3.645554e-008	0.0291748
3.648054e-008	0.0260254
3.650554e-008	0.0231445
3.653054e-008	0.0152588
3.655554e-008	0.0216797
3.658054e-008	0.0286865
3.660554e-008	0.0249512
3.663054e-008	0.0304199
3.665554e-008	0.0305908
3.668054e-008	0.029419
3.670554e-008	0.032666
3.673054e-008	0.0213623
3.675554e-008	0.0155518
3.678054e-008	0.0218262
3.680554e-008	0.018457
3.683054e-008	0.011377
3.685554e-008	0.0101074
3.688054e-008	0.0194824
3.690554e-008	0.0266113
3.693054e-008	0.0103516
3.695554e-008	0.00173341
3.698054e-008	0.0235107
3.700554e-008	0.0336914
3.703054e-008	0.0179443
3.705554e-008	0.00842286
3.708054e-008	0.0121338
3.710554e-008	0.0161865
3.713054e-008	0.0178711
3.715554e-008	0.0267822
3.718054e-008	0.0302246
3.720554e-008	0.0173096
3.723054e-008	0.0237061
3.725554e-008	0.0322998
3.728054e-008	0.0182617
3.730554e-008	0.0192627
3.733054e-008	0.0225098
3.735554e-008	0.0225342
3.738054e-008	0.0252441
3.740554e-008	0.0130859
3.743054e-008	0.0157227
3.745554e-008	0.0267334
3.748054e-008	0.0341065
3.750554e-008	0.0417725
3.753054e-008	0.0208252
3.755554e-008	0.00957032
3.758054e-008	0.0294434
3.760554e-008	0.0312012
3.763054e-008	0.0178223
3.765554e-008	0.014502
3.768054e-008	0.0230225
3.770554e-008	0.0286621
3.773054e-008	0.0164795
3.775554e-008	0.00915528
3.778054e-008	0.0231934
3.780554e-008	0.0303955
3.783054e-008	0.01604
3.785554e-008	0.00944825
3.788054e-008	0.0246338
3.790554e-008	0.0302246
3.793054e-008	0.0162354
3.795554e-008	0.0120606
3.798054e-008	0.0160889
3.800554e-008	0.0156982
3.803054e-008	0.0249756
3.805554e-008	0.030249
3.808054e-008	0.0263428
3.810554e-008	0.0273193
3.813054e-008	0.019458
3.815554e-008	0.0188721
3.818054e-008	0.0250488
3.820554e-008	0.0174316
3.823054e-008	0.0196777
3.825554e-008	0.0189209
3.828054e-008	0.0156494
3.830554e-008	0.0335449
3.833054e-008	0.0428955
3.835554e-008	0.0336914
3.838054e-008	0.0233154
3.840554e-008	0.0173584
3.843054e-008	0.013916
3.845554e-008	0.00751954
3.848054e-008	0.00622559
3.850554e-008	0.0144775
3.853054e-008	0.0165039
3.855554e-008	0.0135498
3.858054e-008	0.0216797
3.860554e-008	0.029541
3.863054e-008	0.0258057
3.865554e-008	0.0203369
3.868054e-008	0.0184082
3.870554e-008	0.0172852
3.873054e-008	0.0217774
3.875554e-008	0.0257324
3.878054e-008	0.0182129
3.880554e-008	0.0193848
3.883054e-008	0.0238281
3.885554e-008	0.0159912
3.888054e-008	0.0244385
3.890554e-008	0.0389893
3.893054e-008	0.0248291
3.895554e-008	0.0148193
3.898054e-008	0.0230225
3.900554e-008	0.0116943
3.903054e-008	0.0105469
3.905554e-008	0.0200195
3.908054e-008	0.0177002
3.910554e-008	0.0364746
3.913054e-008	0.0374512
3.915554e-008	0.0282471
3.918054e-008	0.0300049
3.920554e-008	0.00490723
3.923054e-008	0.00590821
3.925554e-008	0.020752
3.928054e-008	0.0147705
3.930554e-008	0.0217529
3.933054e-008	0.018457
3.935554e-008	0.0125977
3.938054e-008	0.0195801
3.940554e-008	0.0203613
3.943054e-008	0.0163574
3.945554e-008	0.0121094
3.948054e-008	0.02146
3.950554e-008	0.0276367
3.953054e-008	0.0104004
3.955554e-008	0.0041504
3.958054e-008	0.0177734
3.960554e-008	0.0193115
3.963054e-008	0.00603028
3.965554e-008	0.00358887
3.968054e-008	0.0206299
3.970554e-008	0.0249268
3.973054e-008	0.0145752
3.975554e-008	0.0150391
3.978054e-008	0.0120117
3.980554e-008	0.00468751
3.983054e-008	0.00700684
3.985554e-008	0.0161621
3.988054e-008	0.0205322
3.990554e-008	0.0248779
3.993054e-008	0.0317383
3.995554e-008	0.0261475
3.998054e-008	0.0232422
4.000554e-008	0.0213379
4.003054e-008	0.0241211
4.005554e-008	0.030542
4.008054e-008	0.0209229
4.010554e-008	0.0276123
4.013054e-008	0.0317139
4.015554e-008	0.0203857
4.018054e-008	0.0289551
4.020554e-008	0.0335205
4.023054e-008	0.0299072
4.025554e-008	0.0238281
4.028054e-008	0.0187744
4.030554e-008	0.0258301
4.033054e-008	0.0197266
4.035554e-008	0.014917
4.038054e-008	0.0262451
4.040554e-008	0.0198242
4.043054e-008	0.0138184
4.045554e-008	0.0218262
4.048054e-008	0.0220947
4.050554e-008	0.0260986
4.053054e-008	0.0219238
4.055554e-008	0.00888673
4.058054e-008	0.0156006
4.060554e-008	0.0227295
4.063054e-008	0.0195801
4.065554e-008	0.0208008
4.068054e-008	0.0218994
4.070554e-008	0.0263428
4.073054e-008	0.0279541
4.075554e-008	0.0144775
4.078054e-008	0.0171631
4.080554e-008	0.0223633
4.083054e-008	0.014502
4.085554e-008	0.021582
4.088054e-008	0.0209229
4.090554e-008	0.019165
4.093054e-008	0.0149902
4.095554e-008	0.00898438
4.098054e-008	0.0308106
4.100554e-008	0.0323486
4.103054e-008	0.0248779
4.105554e-008	0.0289551
4.108054e-008	0.0235596
4.110554e-008	0.0343506
4.113054e-008	0.0315186
4.115554e-008	0.0178955
4.118054e-008	0.0284912
4.120554e-008	0.0273193
4.123054e-008	0.0237549
4.125554e-008	0.0278076
4.128054e-008	0.0165772
4.130554e-008	0.0166016
4.133054e-008	0.0218994
4.135554e-008	0.018457
4.138054e-008	0.0289307
4.140554e-008	0.0293213
4.143054e-008	0.0242188
4.145554e-008	0.0281006
4.148054e-008	0.0181641
4.150554e-008	0.0177734
4.153054e-008	0.0226074
4.155554e-008	0.0198731
4.158054e-008	0.0186035
4.160554e-008	0.00729981
4.163054e-008	0.0142334
4.165554e-008	0.0283447
4.168054e-008	0.0308594
4.170554e-008	0.0352783
4.173054e-008	0.0163818
4.175554e-008	0.0143799
4.178054e-008	0.0300049
4.180554e-008	0.0207031
4.183054e-008	0.0321289
4.185554e-008	0.036377
4.188054e-008	0.0205322
4.190554e-008	0.0199219
4.193054e-008	-0.000659172
4.195554e-008	0.000683601
4.198054e-008	0.0333252
4.200554e-008	0.0243897
4.203054e-008	0.00852052
4.205554e-008	0.0158203
4.208054e-008	0.0291504
4.210554e-008	0.0327881
4.213054e-008	0.017749
4.215554e-008	0.0259277
4.218054e-008	0.0369141
4.220554e-008	0.014624
4.223054e-008	0.00993653
4.225554e-008	0.0254639
4.228054e-008	0.0224609
4.230554e-008	0.0148926
4.233054e-008	0.0244385
4.235554e-008	0.0316895
4.238054e-008	0.0219238
4.240554e-008	0.0199219
4.243054e-008	0.0304199
4.245554e-008	0.032251
4.248054e-008	0.0291504
4.250554e-008	0.0179932
4.253054e-008	-0.00412597
4.255554e-008	0.0025879
4.258054e-008	0.0280762
4.260554e-008	0.0226807
4.263054e-008	0.010669
4.265554e-008	0.0187988
4.268054e-008	0.0322754
4.270554e-008	0.0295166
4.273054e-008	0.00781251
4.275554e-008	0.00766602
4.278054e-008	0.0222412
4.280554e-008	0.0186035
4.283054e-008	0.0216553
4.285554e-008	0.0284424
4.288054e-008	0.0263428
4.290554e-008	0.0240234
4.293054e-008	0.0146484
4.295554e-008	0.0192139
4.298054e-008	0.0235596
4.300554e-008	0.00729981
4.303054e-008	0.00856934
4.305554e-008	0.0250977
4.308054e-008	0.0333008
4.310554e-008	0.0240479
4.313054e-008	0.00913087
4.315554e-008	0.0159912
4.318054e-008	0.0266113
4.320554e-008	0.0293213
4.323054e-008	0.0296387
4.325554e-008	0.019458
4.328054e-008	0.0140381
4.330554e-008	0.0183106
4.333054e-008	0.0203125
4.335554e-008	0.0203857
4.338054e-008	0.0212647
4.340554e-008	0.02229
4.343054e-008	0.0178711
4.345554e-008	0.0193604
4.348054e-008	0.0290527
4.350554e-008	0.0256836
4.353054e-008	0.0136719
4.355554e-008	0.0105225
4.358054e-008	0.015918
4.360554e-008	0.0179443
4.363054e-008	0.0205566
4.365554e-008	0.0276611
4.368054e-008	0.0266846
4.370554e-008	0.0262695
4.373054e-008	0.0306397
4.375554e-008	0.025
4.378054e-008	0.0254883
4.380554e-008	0.0330811
4.383054e-008	0.0171631
4.385554e-008	0.0116211
4.388054e-008	0.0216065
4.390554e-008	0.0039795
4.393054e-008	0.00227052
4.395554e-008	0.0294434
4.398054e-008	0.0392822
4.400554e-008	0.024585
4.403054e-008	0.0105225
4.405554e-008	0.0166504
4.408054e-008	0.023584
4.410554e-008	0.0206299
4.413054e-008	0.0142334
4.415554e-008	0.0161621
4.418054e-008	0.0222412
4.420554e-008	0.0221924
4.423054e-008	0.024292
4.425554e-008	0.0189697
4.428054e-008	0.0232178
4.430554e-008	0.031665
4.433054e-008	0.0204834
4.435554e-008	0.0179199
4.438054e-008	0.021167
4.440554e-008	0.0205078
4.443054e-008	0.026416
4.445554e-008	0.0243408
4.448054e-008	0.016919
4.450554e-008	0.0205322
4.453054e-008	0.0201172
4.455554e-008	0.0156982
4.458054e-008	0.0229004
4.460554e-008	0.0199463
4.463054e-008	0.0112793
4.465554e-008	0.020874
4.468054e-008	0.0245361
4.470554e-008	0.016626
4.473054e-008	0.0273926
4.475554e-008	0.0352783
4.478054e-008	0.0185547
4.480554e-008	0.0145508
4.483054e-008	0.0259522
4.485554e-008	0.0260254
4.488054e-008	0.0259766
4.490554e-008	0.0310547
4.493054e-008	0.0240234
4.495554e-008	0.0229981
4.498054e-008	0.0336182
4.500554e-008	0.0277344
4.503054e-008	0.0237305
4.505554e-008	0.0273438
4.508054e-008	0.0214111
4.510554e-008	0.0175293
4.513054e-008	0.0120361
4.515554e-008	0.00825196
4.518054e-008	0.0220215
4.520554e-008	0.0307861
4.523054e-008	0.0189209
4.525554e-008	0.0151611
4.528054e-008	0.0236328
4.530554e-008	0.0197022
4.533054e-008	0.0117432
4.535554e-008	0.0185059
4.538054e-008	0.0233643
4.540554e-008	0.0209229
4.543054e-008	0.0263672
4.545554e-008	0.023291
4.548054e-008	0.0285889
4.550554e-008	0.0395264
4.553054e-008	0.00690919
4.555554e-008	-0.00881347
4.558054e-008	0.0172119
4.560554e-008	0.0120361
4.563054e-008	0.00239259
4.565554e-008	0.0249024
4.568054e-008	0.0388672
4.570554e-008	0.0273682
4.573054e-008	0.0173096
4.575554e-008	0.0198486
4.578054e-008	0.0215332
4.580554e-008	0.0272217
4.583054e-008	0.0269531
4.585554e-008	0.0154785
4.588054e-008	0.0221436
4.590554e-008	0.0301758
4.593054e-008	0.021167
4.595554e-008	0.0143555
4.598054e-008	0.01875
4.600554e-008	0.0272949
4.603054e-008	0.0206299
4.605554e-008	0.0140137
4.608054e-008	0.0250488
4.610554e-008	0.0314209
4.613054e-008	0.0239014
4.615554e-008	0.020459
4.618054e-008	0.0273193
4.620554e-008	0.0213135
4.623054e-008	0.0116211
4.625554e-008	0.0130127
4.628054e-008	0.0149902
4.630554e-008	0.0215088
4.633054e-008	0.0196533
4.635554e-008	0.0138672
4.638054e-008	0.0246094
4.640554e-008	0.0336426
4.643054e-008	0.0275147
4.645554e-008	0.0177979
4.648054e-008	0.0154541
4.650554e-008	0.0240479
4.653054e-008	0.0299561
4.655554e-008	0.0197754
4.658054e-008	0.0184326
4.660554e-008	0.0273438
4.663054e-008	0.0200684
4.665554e-008	0.013916
4.668054e-008	0.0101807
4.670554e-008	0.00529786
4.673054e-008	0.0166992
4.675554e-008	0.0227783
4.678054e-008	0.0216065
4.680554e-008	0.0250977
4.683054e-008	0.0192627
4.685554e-008	0.0164307
4.688054e-008	0.023877
4.690554e-008	0.0280029
4.693054e-008	0.0225586
4.695554e-008	0.0223633
4.698054e-008	0.0364746
4.700554e-008	0.031958
4.703054e-008	0.0172607
4.705554e-008	0.0174316
4.708054e-008	0.011377
4.710554e-008	0.0167236
4.713054e-008	0.0327881
4.715554e-008	0.0251221
4.718054e-008	0.0193604
4.720554e-008	0.016333
4.723054e-008	0.00795899
4.725554e-008	0.0198486
4.728054e-008	0.035376
4.730554e-008	0.0272949
4.733054e-008	0.00617677
4.735554e-008	0.0115234
4.738054e-008	0.0299805
4.740554e-008	0.0251221
4.743054e-008	0.019165
4.745554e-008	0.0171387
4.748054e-008	0.0224365
4.750554e-008	0.0306641
4.753054e-008	0.0226807
4.755554e-008	0.0149414
4.758054e-008	0.010669
4.760554e-008	0.0144531
4.763054e-008	0.0224854
4.765554e-008	0.0217774
4.768054e-008	0.0310547
4.770554e-008	0.0317139
4.773054e-008	0.0118897
4.775554e-008	0.0163086
4.778054e-008	0.0304688
4.780554e-008	0.0204102
4.783054e-008	0.0162354
4.785554e-008	0.0177979
4.788054e-008	0.0179932
4.790554e-008	0.0281006
4.793054e-008	0.0233399
4.795554e-008	0.0114502
4.798054e-008	0.0186035
4.800554e-008	0.0268311
4.803054e-008	0.0275147
4.805554e-008	0.0313721
4.808054e-008	0.0294678
4.810554e-008	0.0198975
4.813054e-008	0.0181152
4.815554e-008	0.028125
4.818054e-008	0.0333496
4.820554e-008	0.0230225
4.823054e-008	0.0231934
4.825554e-008	0.0235352
4.828054e-008	0.0138184
4.830554e-008	0.0245361
4.833054e-008	0.0237549
4.835554e-008	0.0153809
4.838054e-008	0.0267578
4.840554e-008	0.0195557
4.843054e-008	0.0174072
4.845554e-008	0.0289551
4.848054e-008	0.0185547
4.850554e-008	0.018335
4.853054e-008	0.0249512
4.855554e-008	0.0168945
4.858054e-008	0.0197754
4.860554e-008	0.0229248
4.863054e-008	0.0236328
4.865554e-008	0.0318359
4.868054e-008	0.029126
4.870554e-008	0.021582
4.873054e-008	0.0198242
4.875554e-008	0.0234619
4.878054e-008	0.024585
4.880554e-008	0.0172119
4.883054e-008	0.0148926
4.885554e-008	0.0198242
4.888054e-008	0.0268066
4.890554e-008	0.0213379
4.893054e-008	0.0113037
4.895554e-008	0.0251709
4.898054e-008	0.039209
4.900554e-008	0.0277588
4.903054e-008	0.0135742
4.905554e-008	0.0144043
4.908054e-008	0.017334
4.910554e-008	0.0171143
4.913054e-008	0.016333
4.915554e-008	0.0166748
4.918054e-008	0.025
4.920554e-008	0.0256836
4.923054e-008	0.0180664
4.925554e-008	0.0210449
4.928054e-008	0.0275391
4.930554e-008	0.0247315
4.933054e-008	0.0147949
4.935554e-008	0.0199707
4.938054e-008	0.0324219
4.940554e-008	0.0255859
4.943054e-008	0.0168213
4.945554e-008	0.016333
4.948054e-008	0.0237305
4.950554e-008	0.0293945
4.953054e-008	0.0177979
4.955554e-008	0.0161865
4.958054e-008	0.0146973
4.960554e-008	0.0088379
4.963054e-008	0.0227051
4.965554e-008	0.0176758
4.968054e-008	0.0133545
4.970554e-008	0.0259033
4.973054e-008	0.0120117
4.975554e-008	0.0143799
4.978054e-008	0.0306152
4.980554e-008	0.023999
4.983054e-008	0.0257813
4.985554e-008	0.02229
4.988054e-008	0.0189697
4.990554e-008	0.0244629
4.993054e-008	0.0163574
4.995554e-008	0.0272217
4.998054e-008	0.0336426
5.000554e-008	0.0133301
