# LECROYWM813Zi	51496	Waveform
# Segments	1	SegmentSize	4002
# Segment	TrigTime	TimeSinceSegment1
# #1	30-Nov-2018 17:24:59	0                 
# Time	Ampl
-5.001169e-008	0.0225342
-4.998669e-008	0.0118408
-4.996169e-008	0.0191162
-4.993669e-008	0.04021
-4.991169e-008	0.0305664
-4.988669e-008	0.018457
-4.986169e-008	0.0252197
-4.983669e-008	0.0256836
-4.981169e-008	0.0266358
-4.978669e-008	0.0195801
-4.976169e-008	0.0154541
-4.973669e-008	0.032544
-4.971169e-008	0.0315186
-4.968669e-008	0.0168945
-4.966169e-008	0.0189697
-4.963669e-008	0.024292
-4.961169e-008	0.0265381
-4.958669e-008	0.024585
-4.956169e-008	0.0169678
-4.953669e-008	0.0148682
-4.951169e-008	0.01875
-4.948669e-008	0.0169678
-4.946169e-008	0.0158691
-4.943669e-008	0.017749
-4.941169e-008	0.0165039
-4.938669e-008	0.0215576
-4.936169e-008	0.0213135
-4.933669e-008	0.0151856
-4.931169e-008	0.0198242
-4.928669e-008	0.0302734
-4.926169e-008	0.035376
-4.923669e-008	0.0224609
-4.921169e-008	0.0145264
-4.918669e-008	0.0169434
-4.916169e-008	0.0194336
-4.913669e-008	0.0316406
-4.911169e-008	0.0227051
-4.908669e-008	0.0163818
-4.906169e-008	0.0286133
-4.903669e-008	0.0192139
-4.901169e-008	0.0194824
-4.898669e-008	0.0214356
-4.896169e-008	0.0127197
-4.893669e-008	0.0249512
-4.891169e-008	0.0304688
-4.888669e-008	0.0234131
-4.886169e-008	0.0210205
-4.883669e-008	0.0241699
-4.881169e-008	0.0327637
-4.878669e-008	0.0257568
-4.876169e-008	0.0127197
-4.873669e-008	0.0135254
-4.871169e-008	0.0167481
-4.868669e-008	0.0264404
-4.866169e-008	0.0263916
-4.863669e-008	0.0149414
-4.861169e-008	0.0268066
-4.858669e-008	0.0263916
-4.856169e-008	0.0228516
-4.853669e-008	0.0368652
-4.851169e-008	0.0126953
-4.848669e-008	0.00312501
-4.846169e-008	0.0236816
-4.843669e-008	0.0167236
-4.841169e-008	0.0233154
-4.838669e-008	0.0311768
-4.836169e-008	0.0163574
-4.833669e-008	0.019165
-4.831169e-008	0.0239258
-4.828669e-008	0.0219971
-4.826169e-008	0.0240234
-4.823669e-008	0.0134766
-4.821169e-008	0.016333
-4.818669e-008	0.0319824
-4.816169e-008	0.0243652
-4.813669e-008	0.0241455
-4.811169e-008	0.0248779
-4.808669e-008	0.0131104
-4.806169e-008	0.0208252
-4.803669e-008	0.0218262
-4.801169e-008	0.0143799
-4.798669e-008	0.0167236
-4.796169e-008	0.0224365
-4.793669e-008	0.0364258
-4.791169e-008	0.0352051
-4.788669e-008	0.0168945
-4.786169e-008	0.00876466
-4.783669e-008	0.0209961
-4.781169e-008	0.0371094
-4.778669e-008	0.0294922
-4.776169e-008	0.0238525
-4.773669e-008	0.0304688
-4.771169e-008	0.0211182
-4.768669e-008	0.0184326
-4.766169e-008	0.0248047
-4.763669e-008	0.0162842
-4.761169e-008	0.0168213
-4.758669e-008	0.0263672
-4.756169e-008	0.0268066
-4.753669e-008	0.0240723
-4.751169e-008	0.0135498
-4.748669e-008	0.00798341
-4.746169e-008	0.0201904
-4.743669e-008	0.0258057
-4.741169e-008	0.0141602
-4.738669e-008	0.0133545
-4.736169e-008	0.0300049
-4.733669e-008	0.0303955
-4.731169e-008	0.0223145
-4.728669e-008	0.0287598
-4.726169e-008	0.0304199
-4.723669e-008	0.01604
-4.721169e-008	0.002417
-4.718669e-008	0.0118164
-4.716169e-008	0.0267334
-4.713669e-008	0.0230713
-4.711169e-008	0.022168
-4.708669e-008	0.0219971
-4.706169e-008	0.0155274
-4.703669e-008	0.025293
-4.701169e-008	0.0275879
-4.698669e-008	0.0203125
-4.696169e-008	0.0312256
-4.693669e-008	0.0236816
-4.691169e-008	0.00891114
-4.688669e-008	0.0175049
-4.686169e-008	0.0192139
-4.683669e-008	0.0145508
-4.681169e-008	0.00607911
-4.678669e-008	0.00454102
-4.676169e-008	0.0181397
-4.673669e-008	0.0177246
-4.671169e-008	0.0114014
-4.668669e-008	0.0091797
-4.666169e-008	0.0143799
-4.663669e-008	0.0295899
-4.661169e-008	0.0281738
-4.658669e-008	0.0226074
-4.656169e-008	0.0280518
-4.653669e-008	0.0251953
-4.651169e-008	0.021582
-4.648669e-008	0.0181152
-4.646169e-008	0.0141113
-4.643669e-008	0.0230957
-4.641169e-008	0.0316162
-4.638669e-008	0.0329102
-4.636169e-008	0.0261475
-4.633669e-008	0.0124756
-4.631169e-008	0.0111572
-4.628669e-008	0.0172607
-4.626169e-008	0.0177002
-4.623669e-008	0.020874
-4.621169e-008	0.0255371
-4.618669e-008	0.0229736
-4.616169e-008	0.0270264
-4.613669e-008	0.0242432
-4.611169e-008	0.00515137
-4.608669e-008	0.0130371
-4.606169e-008	0.0332031
-4.603669e-008	0.0322022
-4.601169e-008	0.0268799
-4.598669e-008	0.0288574
-4.596169e-008	0.0357178
-4.593669e-008	0.0297852
-4.591169e-008	0.0223389
-4.588669e-008	0.0240723
-4.586169e-008	0.0156006
-4.583669e-008	0.0121826
-4.581169e-008	0.0231201
-4.578669e-008	0.0291992
-4.576169e-008	0.0317139
-4.573669e-008	0.0306152
-4.571169e-008	0.00874024
-4.568669e-008	-0.00305175
-4.566169e-008	0.0183838
-4.563669e-008	0.0293457
-4.561169e-008	0.0265137
-4.558669e-008	0.0240479
-4.556169e-008	0.0199707
-4.553669e-008	0.02229
-4.551169e-008	0.0209961
-4.548669e-008	0.019043
-4.546169e-008	0.0187256
-4.543669e-008	0.0155029
-4.541169e-008	0.0161621
-4.538669e-008	0.0205322
-4.536169e-008	0.0271729
-4.533669e-008	0.0264404
-4.531169e-008	0.0158447
-4.528669e-008	0.00791016
-4.526169e-008	0.0178223
-4.523669e-008	0.030835
-4.521169e-008	0.0207764
-4.518669e-008	0.0155274
-4.516169e-008	0.0241943
-4.513669e-008	0.015332
-4.511169e-008	0.00546876
-4.508669e-008	0.0187744
-4.506169e-008	0.0243897
-4.503669e-008	0.0189209
-4.501169e-008	0.0342774
-4.498669e-008	0.037915
-4.496169e-008	0.0227783
-4.493669e-008	0.0192871
-4.491169e-008	0.0130371
-4.488669e-008	0.0147217
-4.486169e-008	0.0166748
-4.483669e-008	0.0022461
-4.481169e-008	0.0111572
-4.478669e-008	0.0248291
-4.476169e-008	0.0191406
-4.473669e-008	0.019043
-4.471169e-008	0.0166504
-4.468669e-008	0.0213135
-4.466169e-008	0.0290772
-4.463669e-008	0.0164551
-4.461169e-008	0.0120117
-4.458669e-008	0.0199219
-4.456169e-008	0.0268066
-4.453669e-008	0.0310547
-4.451169e-008	0.0172119
-4.448669e-008	0.00991212
-4.446169e-008	0.0214111
-4.443669e-008	0.020459
-4.441169e-008	0.0208496
-4.438669e-008	0.0249512
-4.436169e-008	0.0165527
-4.433669e-008	0.0198731
-4.431169e-008	0.0242432
-4.428669e-008	0.0206299
-4.426169e-008	0.0238037
-4.423669e-008	0.019751
-4.421169e-008	0.0167481
-4.418669e-008	0.018335
-4.416169e-008	0.0166992
-4.413669e-008	0.0208008
-4.411169e-008	0.0244873
-4.408669e-008	0.029126
-4.406169e-008	0.0300537
-4.403669e-008	0.0226563
-4.401169e-008	0.0220947
-4.398669e-008	0.0220947
-4.396169e-008	0.0206787
-4.393669e-008	0.0264893
-4.391169e-008	0.0231445
-4.388669e-008	0.0155274
-4.386169e-008	0.01604
-4.383669e-008	0.0121582
-4.381169e-008	0.0199951
-4.378669e-008	0.0340576
-4.376169e-008	0.0324707
-4.373669e-008	0.0286377
-4.371169e-008	0.020044
-4.368669e-008	0.0168701
-4.366169e-008	0.0158936
-4.363669e-008	0.00549317
-4.361169e-008	0.0176758
-4.358669e-008	0.0290772
-4.356169e-008	0.0179443
-4.353669e-008	0.0195801
-4.351169e-008	0.0217529
-4.348669e-008	0.0228516
-4.346169e-008	0.0314453
-4.343669e-008	0.0187988
-4.341169e-008	0.00847169
-4.338669e-008	0.0170654
-4.336169e-008	0.0223877
-4.333669e-008	0.019751
-4.331169e-008	0.0134277
-4.328669e-008	0.0249756
-4.326169e-008	0.0292236
-4.323669e-008	0.0134522
-4.321169e-008	0.0134522
-4.318669e-008	0.0171631
-4.316169e-008	0.020044
-4.313669e-008	0.0240234
-4.311169e-008	0.0268555
-4.308669e-008	0.0297608
-4.306169e-008	0.022583
-4.303669e-008	0.0218262
-4.301169e-008	0.0224365
-4.298669e-008	0.0236572
-4.296169e-008	0.0362793
-4.293669e-008	0.0307861
-4.291169e-008	0.0197266
-4.288669e-008	0.0266602
-4.286169e-008	0.0275635
-4.283669e-008	0.0183106
-4.281169e-008	0.016626
-4.278669e-008	0.0165527
-4.276169e-008	0.0109863
-4.273669e-008	0.0177246
-4.271169e-008	0.0244141
-4.268669e-008	0.020874
-4.266169e-008	0.021582
-4.263669e-008	0.018457
-4.261169e-008	0.0280518
-4.258669e-008	0.0285645
-4.256169e-008	0.0133057
-4.253669e-008	0.0312012
-4.251169e-008	0.0365234
-4.248669e-008	0.0236328
-4.246169e-008	0.0205566
-4.243669e-008	0.0126465
-4.241169e-008	0.0257324
-4.238669e-008	0.0308594
-4.236169e-008	0.0242188
-4.233669e-008	0.0277344
-4.231169e-008	0.0169434
-4.228669e-008	0.0227539
-4.226169e-008	0.0354004
-4.223669e-008	0.0269287
-4.221169e-008	0.0215088
-4.218669e-008	0.0207275
-4.216169e-008	0.0207275
-4.213669e-008	0.0172607
-4.211169e-008	0.0207275
-4.208669e-008	0.0267822
-4.206169e-008	0.0160645
-4.203669e-008	0.0141846
-4.201169e-008	0.0253906
-4.198669e-008	0.0234619
-4.196169e-008	0.0198486
-4.193669e-008	0.028125
-4.191169e-008	0.0364014
-4.188669e-008	0.0379883
-4.186169e-008	0.0259766
-4.183669e-008	0.0167725
-4.181169e-008	0.0287598
-4.178669e-008	0.0275391
-4.176169e-008	0.0186279
-4.173669e-008	0.0286377
-4.171169e-008	0.0247559
-4.168669e-008	0.0153565
-4.166169e-008	0.0248779
-4.163669e-008	0.0232422
-4.161169e-008	0.0214111
-4.158669e-008	0.0310547
-4.156169e-008	0.0265381
-4.153669e-008	0.027832
-4.151169e-008	0.028833
-4.148669e-008	0.0184082
-4.146169e-008	0.0270508
-4.143669e-008	0.0324219
-4.141169e-008	0.0283691
-4.138669e-008	0.0318115
-4.136169e-008	0.0238525
-4.133669e-008	0.0107666
-4.131169e-008	0.00725098
-4.128669e-008	0.0157959
-4.126169e-008	0.0231445
-4.123669e-008	0.0171631
-4.121169e-008	0.0167236
-4.118669e-008	0.019458
-4.116169e-008	0.00891114
-4.113669e-008	0.00590821
-4.111169e-008	0.022876
-4.108669e-008	0.0275147
-4.106169e-008	0.0213135
-4.103669e-008	0.0271973
-4.101169e-008	0.0243164
-4.098669e-008	0.0240479
-4.096169e-008	0.0311279
-4.093669e-008	0.0205566
-4.091169e-008	0.0156494
-4.088669e-008	0.0186035
-4.086169e-008	0.0223145
-4.083669e-008	0.0281983
-4.081169e-008	0.0263428
-4.078669e-008	0.0256592
-4.076169e-008	0.023877
-4.073669e-008	0.0214356
-4.071169e-008	0.0125977
-4.068669e-008	0.00776368
-4.066169e-008	0.0132568
-4.063669e-008	0.0144775
-4.061169e-008	0.0251953
-4.058669e-008	0.0232422
-4.056169e-008	0.0178223
-4.053669e-008	0.026001
-4.051169e-008	0.0240234
-4.048669e-008	0.0252441
-4.046169e-008	0.0210205
-4.043669e-008	0.0198731
-4.041169e-008	0.0162842
-4.038669e-008	0.00844727
-4.036169e-008	0.0275147
-4.033669e-008	0.0198731
-4.031169e-008	0.00395509
-4.028669e-008	0.0286865
-4.026169e-008	0.0370606
-4.023669e-008	0.0208008
-4.021169e-008	0.0130371
-4.018669e-008	0.019751
-4.016169e-008	0.0250733
-4.013669e-008	0.0170899
-4.011169e-008	0.00424805
-4.008669e-008	0.000805672
-4.006169e-008	0.0175537
-4.003669e-008	0.0279053
-4.001169e-008	0.0195313
-3.998669e-008	0.0175781
-3.996169e-008	0.0272217
-3.993669e-008	0.0268066
-3.991169e-008	0.0132568
-3.988669e-008	0.0218018
-3.986169e-008	0.0304199
-3.983669e-008	0.0199707
-3.981169e-008	0.0291748
-3.978669e-008	0.0314209
-3.976169e-008	0.0240479
-3.973669e-008	0.0255371
-3.971169e-008	0.0134522
-3.968669e-008	0.0109863
-3.966169e-008	0.0177734
-3.963669e-008	0.0214356
-3.961169e-008	0.016626
-3.958669e-008	0.00417481
-3.956169e-008	0.0260254
-3.953669e-008	0.0400147
-3.951169e-008	0.0203125
-3.948669e-008	0.0183106
-3.946169e-008	0.022168
-3.943669e-008	0.0224854
-3.941169e-008	0.0203613
-3.938669e-008	0.0115234
-3.936169e-008	0.022583
-3.933669e-008	0.0336914
-3.931169e-008	0.0188477
-3.928669e-008	0.0170654
-3.926169e-008	0.0277588
-3.923669e-008	0.022168
-3.921169e-008	0.0241455
-3.918669e-008	0.0285889
-3.916169e-008	0.0289307
-3.913669e-008	0.0327637
-3.911169e-008	0.0189209
-3.908669e-008	0.0102539
-3.906169e-008	0.0159424
-3.903669e-008	0.0228027
-3.901169e-008	0.0292236
-3.898669e-008	0.0191162
-3.896169e-008	0.0180176
-3.893669e-008	0.0244141
-3.891169e-008	0.0170899
-3.888669e-008	0.0177734
-3.886169e-008	0.0228027
-3.883669e-008	0.0222168
-3.881169e-008	0.0177734
-3.878669e-008	0.0194824
-3.876169e-008	0.0270996
-3.873669e-008	0.0273926
-3.871169e-008	0.0263916
-3.868669e-008	0.0174316
-3.866169e-008	0.00852052
-3.863669e-008	0.0183594
-3.861169e-008	0.0303711
-3.858669e-008	0.0321289
-3.856169e-008	0.0310303
-3.853669e-008	0.0307129
-3.851169e-008	0.0283447
-3.848669e-008	0.0228027
-3.846169e-008	0.016333
-3.843669e-008	0.0266113
-3.841169e-008	0.0333984
-3.838669e-008	0.0127686
-3.836169e-008	0.0197266
-3.833669e-008	0.0324951
-3.831169e-008	0.0101807
-3.828669e-008	0.0104248
-3.826169e-008	0.0265625
-3.823669e-008	0.029834
-3.821169e-008	0.0292481
-3.818669e-008	0.0206299
-3.816169e-008	0.0223389
-3.813669e-008	0.0380859
-3.811169e-008	0.0357422
-3.808669e-008	0.0212891
-3.806169e-008	0.0192383
-3.803669e-008	0.0200928
-3.801169e-008	0.0235352
-3.798669e-008	0.0192383
-3.796169e-008	0.0148438
-3.793669e-008	0.036499
-3.791169e-008	0.0380371
-3.788669e-008	0.0196289
-3.786169e-008	0.0174805
-3.783669e-008	0.0109619
-3.781169e-008	0.01521
-3.778669e-008	0.0282471
-3.776169e-008	0.0266846
-3.773669e-008	0.0251709
-3.771169e-008	0.0203857
-3.768669e-008	0.0210938
-3.766169e-008	0.0333252
-3.763669e-008	0.0299072
-3.761169e-008	0.0187012
-3.758669e-008	0.0176514
-3.756169e-008	0.0186279
-3.753669e-008	0.0316895
-3.751169e-008	0.0375488
-3.748669e-008	0.0154785
-3.746169e-008	0.013916
-3.743669e-008	0.0238281
-3.741169e-008	0.0225342
-3.738669e-008	0.0276123
-3.736169e-008	0.026294
-3.733669e-008	0.0279785
-3.731169e-008	0.023584
-3.728669e-008	0.0166504
-3.726169e-008	0.0231201
-3.723669e-008	0.0206055
-3.721169e-008	0.0245606
-3.718669e-008	0.023999
-3.716169e-008	0.0172363
-3.713669e-008	0.0287598
-3.711169e-008	0.0299561
-3.708669e-008	0.0324219
-3.706169e-008	0.0425293
-3.703669e-008	0.0296631
-3.701169e-008	0.0212647
-3.698669e-008	0.0256348
-3.696169e-008	0.024707
-3.693669e-008	0.0244873
-3.691169e-008	0.0164307
-3.688669e-008	0.023169
-3.686169e-008	0.0383057
-3.683669e-008	0.0229004
-3.681169e-008	0.0169678
-3.678669e-008	0.0297852
-3.676169e-008	0.0303955
-3.673669e-008	0.0232666
-3.671169e-008	0.0193359
-3.668669e-008	0.0235352
-3.666169e-008	0.0246826
-3.663669e-008	0.0227295
-3.661169e-008	0.018042
-3.658669e-008	0.0130859
-3.656169e-008	0.0237793
-3.653669e-008	0.0283203
-3.651169e-008	0.01875
-3.648669e-008	0.0250977
-3.646169e-008	0.0252686
-3.643669e-008	0.0142334
-3.641169e-008	0.0243652
-3.638669e-008	0.0247803
-3.636169e-008	0.0226563
-3.633669e-008	0.0300537
-3.631169e-008	0.014624
-3.628669e-008	0.0179688
-3.626169e-008	0.0304932
-3.623669e-008	0.0134522
-3.621169e-008	0.0167725
-3.618669e-008	0.0283447
-3.616169e-008	0.0192383
-3.613669e-008	0.0275147
-3.611169e-008	0.0376709
-3.608669e-008	0.0245361
-3.606169e-008	0.020044
-3.603669e-008	0.0245117
-3.601169e-008	0.0134033
-3.598669e-008	0.0076172
-3.596169e-008	0.027417
-3.593669e-008	0.0342774
-3.591169e-008	0.0236328
-3.588669e-008	0.0294678
-3.586169e-008	0.0300049
-3.583669e-008	0.0205566
-3.581169e-008	0.0184815
-3.578669e-008	0.0192139
-3.576169e-008	0.0248535
-3.573669e-008	0.0262207
-3.571169e-008	0.0196533
-3.568669e-008	0.0161865
-3.566169e-008	0.0210938
-3.563669e-008	0.0344238
-3.561169e-008	0.0427246
-3.558669e-008	0.029126
-3.556169e-008	0.0218262
-3.553669e-008	0.035669
-3.551169e-008	0.0196289
-3.548669e-008	0.00227052
-3.546169e-008	0.0229492
-3.543669e-008	0.0276856
-3.541169e-008	0.0179443
-3.538669e-008	0.0213623
-3.536169e-008	0.0306152
-3.533669e-008	0.0265137
-3.531169e-008	0.0057129
-3.528669e-008	0.0138916
-3.526169e-008	0.036377
-3.523669e-008	0.0300049
-3.521169e-008	0.0221924
-3.518669e-008	0.0171631
-3.516169e-008	0.0157959
-3.513669e-008	0.0336914
-3.511169e-008	0.0320557
-3.508669e-008	0.0229004
-3.506169e-008	0.0348877
-3.503669e-008	0.024707
-3.501169e-008	0.0160156
-3.498669e-008	0.0277344
-3.496169e-008	0.0209229
-3.493669e-008	0.0201416
-3.491169e-008	0.0325684
-3.488669e-008	0.0335938
-3.486169e-008	0.0243164
-3.483669e-008	0.0134277
-3.481169e-008	0.00754395
-3.478669e-008	0.000708015
-3.476169e-008	0.0154053
-3.473669e-008	0.0350342
-3.471169e-008	0.0227295
-3.468669e-008	0.0171631
-3.466169e-008	0.0154297
-3.463669e-008	0.0142334
-3.461169e-008	0.0254395
-3.458669e-008	0.0146484
-3.456169e-008	0.0242188
-3.453669e-008	0.0459961
-3.451169e-008	0.0207031
-3.448669e-008	0.0145264
-3.446169e-008	0.0329834
-3.443669e-008	0.0319092
-3.441169e-008	0.02771
-3.438669e-008	0.0178955
-3.436169e-008	0.0254395
-3.433669e-008	0.0314453
-3.431169e-008	0.0088379
-3.428669e-008	0.013208
-3.426169e-008	0.0277832
-3.423669e-008	0.0214356
-3.421169e-008	0.0189697
-3.418669e-008	0.0175537
-3.416169e-008	0.0161621
-3.413669e-008	0.0163818
-3.411169e-008	0.01875
-3.408669e-008	0.0295899
-3.406169e-008	0.0383301
-3.403669e-008	0.0265381
-3.401169e-008	0.0156006
-3.398669e-008	0.0252441
-3.396169e-008	0.0194336
-3.393669e-008	0.0167236
-3.391169e-008	0.0297852
-3.388669e-008	0.0182617
-3.386169e-008	0.0148926
-3.383669e-008	0.028125
-3.381169e-008	0.0269531
-3.378669e-008	0.0199707
-3.376169e-008	0.0263184
-3.373669e-008	0.048999
-3.371169e-008	0.036499
-3.368669e-008	0.012793
-3.366169e-008	0.0324707
-3.363669e-008	0.0348145
-3.361169e-008	0.0188232
-3.358669e-008	0.0216553
-3.356169e-008	0.0193604
-3.353669e-008	0.0178955
-3.351169e-008	0.0230225
-3.348669e-008	0.0198975
-3.346169e-008	0.0158691
-3.343669e-008	0.0171631
-3.341169e-008	0.00935059
-3.338669e-008	0.00874024
-3.336169e-008	0.0263428
-3.333669e-008	0.0257813
-3.331169e-008	0.022583
-3.328669e-008	0.0290283
-3.326169e-008	0.019458
-3.323669e-008	0.0135986
-3.321169e-008	0.0146484
-3.318669e-008	0.00749512
-3.316169e-008	0.0143799
-3.313669e-008	0.0280274
-3.311169e-008	0.0181885
-3.308669e-008	0.0151856
-3.306169e-008	0.0258789
-3.303669e-008	0.0198242
-3.301169e-008	0.0176025
-3.298669e-008	0.0201172
-3.296169e-008	0.0208252
-3.293669e-008	0.0240723
-3.291169e-008	0.0187012
-3.288669e-008	0.0172363
-3.286169e-008	0.0146484
-3.283669e-008	0.0109131
-3.281169e-008	0.0174561
-3.278669e-008	0.0226318
-3.276169e-008	0.0273926
-3.273669e-008	0.0262695
-3.271169e-008	0.0202393
-3.268669e-008	0.016626
-3.266169e-008	0.0122803
-3.263669e-008	0.0168701
-3.261169e-008	0.0246094
-3.258669e-008	0.0190674
-3.256169e-008	0.011084
-3.253669e-008	0.0229004
-3.251169e-008	0.0323731
-3.248669e-008	0.0202393
-3.246169e-008	0.020752
-3.243669e-008	0.0290039
-3.241169e-008	0.0220703
-3.238669e-008	0.0214111
-3.236169e-008	0.0272949
-3.233669e-008	0.023169
-3.231169e-008	0.0235352
-3.228669e-008	0.0236084
-3.226169e-008	0.0148926
-3.223669e-008	0.0223389
-3.221169e-008	0.0325928
-3.218669e-008	0.026709
-3.216169e-008	0.0264649
-3.213669e-008	0.0275879
-3.211169e-008	0.018457
-3.208669e-008	0.0112305
-3.206169e-008	0.00410157
-3.203669e-008	0.00771485
-3.201169e-008	0.0224121
-3.198669e-008	0.0118897
-3.196169e-008	0.0110596
-3.193669e-008	0.0340088
-3.191169e-008	0.026709
-3.188669e-008	0.0177979
-3.186169e-008	0.0223633
-3.183669e-008	0.0145264
-3.181169e-008	0.0108887
-3.178669e-008	0.0157959
-3.176169e-008	0.030542
-3.173669e-008	0.0370606
-3.171169e-008	0.014209
-3.168669e-008	0.00510255
-3.166169e-008	0.0228027
-3.163669e-008	0.0236328
-3.161169e-008	0.00705567
-3.158669e-008	0.00485841
-3.156169e-008	0.0201904
-3.153669e-008	0.0255615
-3.151169e-008	0.0135742
-3.148669e-008	0.013501
-3.146169e-008	0.022876
-3.143669e-008	0.0239014
-3.141169e-008	0.0241699
-3.138669e-008	0.0236084
-3.136169e-008	0.0291992
-3.133669e-008	0.0341553
-3.131169e-008	0.0244629
-3.128669e-008	0.0225098
-3.126169e-008	0.0189697
-3.123669e-008	0.00974122
-3.121169e-008	0.023877
-3.118669e-008	0.0222412
-3.116169e-008	0.0107178
-3.113669e-008	0.0329834
-3.111169e-008	0.0339111
-3.108669e-008	0.015332
-3.106169e-008	0.0173828
-3.103669e-008	0.0208252
-3.101169e-008	0.0259033
-3.098669e-008	0.0240479
-3.096169e-008	0.0247803
-3.093669e-008	0.0289063
-3.091169e-008	0.0118408
-3.088669e-008	0.019165
-3.086169e-008	0.0440186
-3.083669e-008	0.035669
-3.081169e-008	0.0223633
-3.078669e-008	0.0177246
-3.076169e-008	0.0140381
-3.073669e-008	0.0167236
-3.071169e-008	0.0181885
-3.068669e-008	0.015918
-3.066169e-008	0.0179199
-3.063669e-008	0.0259277
-3.061169e-008	0.0241699
-3.058669e-008	0.0196777
-3.056169e-008	0.0312256
-3.053669e-008	0.0353027
-3.051169e-008	0.0197754
-3.048669e-008	0.011377
-3.046169e-008	0.0116455
-3.043669e-008	0.0107178
-3.041169e-008	0.0195313
-3.038669e-008	0.0210205
-3.036169e-008	0.0157471
-3.033669e-008	0.0217041
-3.031169e-008	0.017749
-3.028669e-008	0.0232422
-3.026169e-008	0.0284424
-3.023669e-008	0.0117676
-3.021169e-008	0.0256592
-3.018669e-008	0.032666
-3.016169e-008	0.0178467
-3.013669e-008	0.0345947
-3.011169e-008	0.0322022
-3.008669e-008	0.0169922
-3.006169e-008	0.0266602
-3.003669e-008	0.0232178
-3.001169e-008	0.0218506
-2.998669e-008	0.0273682
-2.996169e-008	0.0254639
-2.993669e-008	0.0267822
-2.991169e-008	0.0163574
-2.988669e-008	0.0154297
-2.986169e-008	0.028418
-2.983669e-008	0.0194824
-2.981169e-008	0.0146484
-2.978669e-008	0.02146
-2.976169e-008	0.0216553
-2.973669e-008	0.0231445
-2.971169e-008	0.0127197
-2.968669e-008	0.00986329
-2.966169e-008	0.0230225
-2.963669e-008	0.0152588
-2.961169e-008	0.0181641
-2.958669e-008	0.0304443
-2.956169e-008	0.0187012
-2.953669e-008	0.0189209
-2.951169e-008	0.0213379
-2.948669e-008	0.0239746
-2.946169e-008	0.0314453
-2.943669e-008	0.018335
-2.941169e-008	0.0213867
-2.938669e-008	0.0298584
-2.936169e-008	0.0238037
-2.933669e-008	0.0275391
-2.931169e-008	0.0280274
-2.928669e-008	0.02854
-2.926169e-008	0.0239502
-2.923669e-008	0.0111084
-2.921169e-008	0.0176025
-2.918669e-008	0.0275879
-2.916169e-008	0.0195557
-2.913669e-008	0.0109863
-2.911169e-008	0.0143799
-2.908669e-008	0.0238281
-2.906169e-008	0.0270752
-2.903669e-008	0.0259766
-2.901169e-008	0.0383301
-2.898669e-008	0.0391113
-2.896169e-008	0.0271973
-2.893669e-008	0.0292236
-2.891169e-008	0.00705567
-2.888669e-008	-0.00495605
-2.886169e-008	0.0244873
-2.883669e-008	0.0265381
-2.881169e-008	0.0153809
-2.878669e-008	0.0120117
-2.876169e-008	0.0152344
-2.873669e-008	0.0402344
-2.871169e-008	0.0358643
-2.868669e-008	0.0166016
-2.866169e-008	0.0174561
-2.863669e-008	0.0107178
-2.861169e-008	0.020459
-2.858669e-008	0.0318359
-2.856169e-008	0.0253662
-2.853669e-008	0.0269775
-2.851169e-008	0.0189941
-2.848669e-008	0.0141357
-2.846169e-008	0.0156006
-2.843669e-008	0.0155029
-2.841169e-008	0.0190186
-2.838669e-008	0.00915528
-2.836169e-008	0.0205078
-2.833669e-008	0.0202149
-2.831169e-008	-0.0158447
-2.828669e-008	-0.00305175
-2.826169e-008	0.0176758
-2.823669e-008	0.0116211
-2.821169e-008	0.0294922
-2.818669e-008	0.0270996
-2.816169e-008	0.00739747
-2.813669e-008	0.0170166
-2.811169e-008	0.0217529
-2.808669e-008	0.0214111
-2.806169e-008	0.0186768
-2.803669e-008	0.0115234
-2.801169e-008	0.0223389
-2.798669e-008	0.014624
-2.796169e-008	0.0076172
-2.793669e-008	0.0295654
-2.791169e-008	0.0280762
-2.788669e-008	0.014209
-2.786169e-008	0.0183594
-2.783669e-008	0.0249024
-2.781169e-008	0.0133545
-2.778669e-008	0.00468751
-2.776169e-008	0.0217285
-2.773669e-008	0.0289795
-2.771169e-008	0.0239258
-2.768669e-008	0.0208252
-2.766169e-008	0.0122315
-2.763669e-008	0.0185547
-2.761169e-008	0.0331055
-2.758669e-008	0.026294
-2.756169e-008	0.0255615
-2.753669e-008	0.0315918
-2.751169e-008	0.00737305
-2.748669e-008	0.00197755
-2.746169e-008	0.024292
-2.743669e-008	0.0197754
-2.741169e-008	0.0147461
-2.738669e-008	0.0236816
-2.736169e-008	0.0226807
-2.733669e-008	0.0186524
-2.731169e-008	0.0214356
-2.728669e-008	0.0230713
-2.726169e-008	0.0244385
-2.723669e-008	0.02854
-2.721169e-008	0.0275391
-2.718669e-008	0.0254883
-2.716169e-008	0.026709
-2.713669e-008	0.0303223
-2.711169e-008	0.023999
-2.708669e-008	0.0177246
-2.706169e-008	0.0220947
-2.703669e-008	0.0167236
-2.701169e-008	0.0218018
-2.698669e-008	0.0240234
-2.696169e-008	0.0210938
-2.693669e-008	0.0397949
-2.691169e-008	0.028418
-2.688669e-008	0.0209961
-2.686169e-008	0.0366943
-2.683669e-008	0.0159668
-2.681169e-008	0.0115479
-2.678669e-008	0.0177246
-2.676169e-008	0.00468751
-2.673669e-008	0.0105469
-2.671169e-008	0.0114746
-2.668669e-008	0.0151123
-2.666169e-008	0.0257568
-2.663669e-008	0.0195801
-2.661169e-008	0.0186768
-2.658669e-008	0.0197022
-2.656169e-008	0.0224609
-2.653669e-008	0.023169
-2.651169e-008	0.0138916
-2.648669e-008	0.0130859
-2.646169e-008	0.0122315
-2.643669e-008	0.0147949
-2.641169e-008	0.0275635
-2.638669e-008	0.0279785
-2.636169e-008	0.0260254
-2.633669e-008	0.0357178
-2.631169e-008	0.0298828
-2.628669e-008	0.0182617
-2.626169e-008	0.0220459
-2.623669e-008	0.0208496
-2.621169e-008	0.0282471
-2.618669e-008	0.0328858
-2.616169e-008	0.010376
-2.613669e-008	-0.000781243
-2.611169e-008	0.00595704
-2.608669e-008	0.0202149
-2.606169e-008	0.0318604
-2.603669e-008	0.0229492
-2.601169e-008	0.00869141
-2.598669e-008	0.00546876
-2.596169e-008	0.019751
-2.593669e-008	0.0315918
-2.591169e-008	0.0289795
-2.588669e-008	0.0287109
-2.586169e-008	0.0227783
-2.583669e-008	0.0214844
-2.581169e-008	0.0269775
-2.578669e-008	0.0084961
-2.576169e-008	-0.00151366
-2.573669e-008	0.01521
-2.571169e-008	0.0168457
-2.568669e-008	0.0175781
-2.566169e-008	0.024585
-2.563669e-008	0.0216065
-2.561169e-008	0.0294922
-2.558669e-008	0.0321045
-2.556169e-008	0.0302002
-2.553669e-008	0.0250733
-2.551169e-008	-0.00742187
-2.548669e-008	-0.00334472
-2.546169e-008	0.0320557
-2.543669e-008	0.0343018
-2.541169e-008	0.0285645
-2.538669e-008	0.0197022
-2.536169e-008	0.0216309
-2.533669e-008	0.0317871
-2.531169e-008	0.0193848
-2.528669e-008	0.0199463
-2.526169e-008	0.0243408
-2.523669e-008	0.0112305
-2.521169e-008	0.010376
-2.518669e-008	0.0192383
-2.516169e-008	0.0295166
-2.513669e-008	0.0373047
-2.511169e-008	0.029419
-2.508669e-008	0.0191895
-2.506169e-008	0.014209
-2.503669e-008	0.0118652
-2.501169e-008	0.0131104
-2.498669e-008	0.0120606
-2.496169e-008	0.0221191
-2.493669e-008	0.030127
-2.491169e-008	0.0228516
-2.488669e-008	0.0234619
-2.486169e-008	0.0226318
-2.483669e-008	0.0253662
-2.481169e-008	0.0300537
-2.478669e-008	0.0196777
-2.476169e-008	0.0175781
-2.473669e-008	0.0113281
-2.471169e-008	-0.00158691
-2.468669e-008	0.0119385
-2.466169e-008	0.0247315
-2.463669e-008	0.0173828
-2.461169e-008	0.0230713
-2.458669e-008	0.0378174
-2.456169e-008	0.0356445
-2.453669e-008	0.0260254
-2.451169e-008	0.0167969
-2.448669e-008	0.0117432
-2.446169e-008	0.0149902
-2.443669e-008	0.0172852
-2.441169e-008	0.023291
-2.438669e-008	0.0278076
-2.436169e-008	0.0266602
-2.433669e-008	0.0247803
-2.431169e-008	0.0150147
-2.428669e-008	0.0146729
-2.426169e-008	0.0199951
-2.423669e-008	0.0175049
-2.421169e-008	0.0178711
-2.418669e-008	0.0112549
-2.416169e-008	0.0213623
-2.413669e-008	0.0403565
-2.411169e-008	0.0235107
-2.408669e-008	0.0197998
-2.406169e-008	0.0322266
-2.403669e-008	0.0153076
-2.401169e-008	0.00876466
-2.398669e-008	0.0214844
-2.396169e-008	0.0262207
-2.393669e-008	0.0235352
-2.391169e-008	0.0150879
-2.388669e-008	0.0204102
-2.386169e-008	0.0333008
-2.383669e-008	0.0260254
-2.381169e-008	0.0167725
-2.378669e-008	0.0249024
-2.376169e-008	0.02771
-2.373669e-008	0.017627
-2.371169e-008	0.0225098
-2.368669e-008	0.0277344
-2.366169e-008	0.0158936
-2.363669e-008	0.016626
-2.361169e-008	0.0189453
-2.358669e-008	0.0103272
-2.356169e-008	0.0229248
-2.353669e-008	0.0351563
-2.351169e-008	0.0202393
-2.348669e-008	0.0222412
-2.346169e-008	0.0403809
-2.343669e-008	0.0313233
-2.341169e-008	0.0107666
-2.338669e-008	0.0136719
-2.336169e-008	0.0192627
-2.333669e-008	0.00773927
-2.331169e-008	0.00974122
-2.328669e-008	0.0203369
-2.326169e-008	0.0188965
-2.323669e-008	0.0139404
-2.321169e-008	0.0260986
-2.318669e-008	0.0411865
-2.316169e-008	0.0256836
-2.313669e-008	0.0233643
-2.311169e-008	0.027832
-2.308669e-008	0.0178467
-2.306169e-008	0.0316895
-2.303669e-008	0.0282959
-2.301169e-008	0.0100342
-2.298669e-008	0.0159668
-2.296169e-008	0.0144531
-2.293669e-008	0.00722657
-2.291169e-008	0.0124756
-2.288669e-008	0.0192627
-2.286169e-008	0.022583
-2.283669e-008	0.0179199
-2.281169e-008	0.0106201
-2.278669e-008	0.00964356
-2.276169e-008	0.00559083
-2.273669e-008	0.0108154
-2.271169e-008	0.0216553
-2.268669e-008	0.0186279
-2.266169e-008	0.0188965
-2.263669e-008	0.0207764
-2.261169e-008	0.0188721
-2.258669e-008	0.0187256
-2.256169e-008	0.0265869
-2.253669e-008	0.0354248
-2.251169e-008	0.0246582
-2.248669e-008	0.0200928
-2.246169e-008	0.0227295
-2.243669e-008	0.0210938
-2.241169e-008	0.0312256
-2.238669e-008	0.0184815
-2.236169e-008	0.0106445
-2.233669e-008	0.0316406
-2.231169e-008	0.0174805
-2.228669e-008	0.0145752
-2.226169e-008	0.0319092
-2.223669e-008	0.0201416
-2.221169e-008	0.0272949
-2.218669e-008	0.0312012
-2.216169e-008	0.027124
-2.213669e-008	0.0383789
-2.211169e-008	0.0218506
-2.208669e-008	0.0174072
-2.206169e-008	0.0283691
-2.203669e-008	0.020166
-2.201169e-008	0.0233399
-2.198669e-008	0.0236084
-2.196169e-008	0.0229248
-2.193669e-008	0.0249756
-2.191169e-008	0.0121826
-2.188669e-008	0.0131592
-2.186169e-008	0.0210205
-2.183669e-008	0.0249512
-2.181169e-008	0.0288818
-2.178669e-008	0.017749
-2.176169e-008	0.0224121
-2.173669e-008	0.0345947
-2.171169e-008	0.0192871
-2.168669e-008	0.0133545
-2.166169e-008	0.0148926
-2.163669e-008	0.00925294
-2.161169e-008	0.0172852
-2.158669e-008	0.0158203
-2.156169e-008	0.00888673
-2.153669e-008	0.0242676
-2.151169e-008	0.0324219
-2.148669e-008	0.0237549
-2.146169e-008	0.0194092
-2.143669e-008	0.0104248
-2.141169e-008	0.012207
-2.138669e-008	0.0275635
-2.136169e-008	0.0258301
-2.133669e-008	0.0258057
-2.131169e-008	0.0167481
-2.128669e-008	0.00180665
-2.126169e-008	0.00844727
-2.123669e-008	0.00871583
-2.121169e-008	0.0227051
-2.118669e-008	0.0294678
-2.116169e-008	0.0143066
-2.113669e-008	0.0304932
-2.111169e-008	0.0296387
-2.108669e-008	0.016333
-2.106169e-008	0.0263916
-2.103669e-008	0.0153809
-2.101169e-008	0.0143311
-2.098669e-008	0.0324219
-2.096169e-008	0.0333984
-2.093669e-008	0.0299316
-2.091169e-008	0.0130615
-2.088669e-008	-0.00166015
-2.086169e-008	0.0129395
-2.083669e-008	0.0253174
-2.081169e-008	0.0248291
-2.078669e-008	0.0150391
-2.076169e-008	0.00991212
-2.073669e-008	0.0219971
-2.071169e-008	0.0163086
-2.068669e-008	0.0131836
-2.066169e-008	0.0261231
-2.063669e-008	0.0189453
-2.061169e-008	0.0194824
-2.058669e-008	0.027124
-2.056169e-008	0.0193115
-2.053669e-008	0.0141357
-2.051169e-008	0.0135498
-2.048669e-008	0.0168213
-2.046169e-008	0.0187256
-2.043669e-008	0.0236084
-2.041169e-008	0.0196289
-2.038669e-008	0.000366218
-2.036169e-008	0.00551759
-2.033669e-008	0.0131104
-2.031169e-008	0.0136231
-2.028669e-008	0.0241699
-2.026169e-008	0.0164307
-2.023669e-008	0.0145264
-2.021169e-008	0.0240723
-2.018669e-008	0.0270264
-2.016169e-008	0.0406983
-2.013669e-008	0.0304932
-2.011169e-008	0.00581055
-2.008669e-008	0.0214356
-2.006169e-008	0.0367432
-2.003669e-008	0.0244141
-2.001169e-008	0.0186279
-1.998669e-008	0.0163818
-1.996169e-008	0.0130127
-1.993669e-008	0.0237061
-1.991169e-008	0.0349609
-1.988669e-008	0.0312012
-1.986169e-008	0.0185303
-1.983669e-008	0.0088379
-1.981169e-008	0.0104248
-1.978669e-008	0.00974122
-1.976169e-008	0.0144531
-1.973669e-008	0.0287598
-1.971169e-008	0.0186768
-1.968669e-008	0.0134522
-1.966169e-008	0.0329834
-1.963669e-008	0.0387207
-1.961169e-008	0.0210205
-1.958669e-008	-0.00617675
-1.956169e-008	0.00708009
-1.953669e-008	0.0391113
-1.951169e-008	0.0275635
-1.948669e-008	0.0168945
-1.946169e-008	0.0187256
-1.943669e-008	0.0104004
-1.941169e-008	0.0157959
-1.938669e-008	0.0251709
-1.936169e-008	0.0274902
-1.933669e-008	0.0278809
-1.931169e-008	0.0190918
-1.928669e-008	0.0168701
-1.926169e-008	0.0202393
-1.923669e-008	0.0097168
-1.921169e-008	0.0129883
-1.918669e-008	0.0276123
-1.916169e-008	0.0279785
-1.913669e-008	0.0277832
-1.911169e-008	0.0184082
-1.908669e-008	0.0148682
-1.906169e-008	0.0280029
-1.903669e-008	0.0244873
-1.901169e-008	0.0250488
-1.898669e-008	0.030249
-1.896169e-008	0.018042
-1.893669e-008	0.0105713
-1.891169e-008	0.0123047
-1.888669e-008	0.0251953
-1.886169e-008	0.0350342
-1.883669e-008	0.0241699
-1.881169e-008	0.0208008
-1.878669e-008	0.0228516
-1.876169e-008	0.0176025
-1.873669e-008	0.0180908
-1.871169e-008	0.0157227
-1.868669e-008	0.0164551
-1.866169e-008	0.0233643
-1.863669e-008	0.0161133
-1.861169e-008	0.0110352
-1.858669e-008	0.0169922
-1.856169e-008	0.0226563
-1.853669e-008	0.0248779
-1.851169e-008	0.0159912
-1.848669e-008	0.0198731
-1.846169e-008	0.0301025
-1.843669e-008	0.0199707
-1.841169e-008	0.020166
-1.838669e-008	0.0235596
-1.836169e-008	0.0232422
-1.833669e-008	0.0337402
-1.831169e-008	0.0243164
-1.828669e-008	0.0151856
-1.826169e-008	0.0298828
-1.823669e-008	0.0303711
-1.821169e-008	0.0175049
-1.818669e-008	0.0180176
-1.816169e-008	0.0293457
-1.813669e-008	0.0324951
-1.811169e-008	0.0219238
-1.808669e-008	0.0174805
-1.806169e-008	0.0203125
-1.803669e-008	0.0208496
-1.801169e-008	0.0231201
-1.798669e-008	0.0183594
-1.796169e-008	0.0178955
-1.793669e-008	0.0276611
-1.791169e-008	0.019751
-1.788669e-008	0.00959473
-1.786169e-008	0.0158203
-1.783669e-008	0.0213623
-1.781169e-008	0.0210205
-1.778669e-008	0.0261719
-1.776169e-008	0.0371094
-1.773669e-008	0.0270264
-1.771169e-008	0.015332
-1.768669e-008	0.0226074
-1.766169e-008	0.0212891
-1.763669e-008	0.0272949
-1.761169e-008	0.0331543
-1.758669e-008	0.0174316
-1.756169e-008	0.00549317
-1.753669e-008	0.0116699
-1.751169e-008	0.0284424
-1.748669e-008	0.0252197
-1.746169e-008	0.0103516
-1.743669e-008	0.0143555
-1.741169e-008	0.0271484
-1.738669e-008	0.029834
-1.736169e-008	0.0279053
-1.733669e-008	0.0331543
-1.731169e-008	0.0190186
-1.728669e-008	0.00954591
-1.726169e-008	0.0278809
-1.723669e-008	0.0234375
-1.721169e-008	0.0209473
-1.718669e-008	0.0361572
-1.716169e-008	0.0281494
-1.713669e-008	0.0225098
-1.711169e-008	0.0276856
-1.708669e-008	0.0258301
-1.706169e-008	0.0262695
-1.703669e-008	0.0226318
-1.701169e-008	0.0183838
-1.698669e-008	0.0213135
-1.696169e-008	0.0195313
-1.693669e-008	0.0207275
-1.691169e-008	0.0318359
-1.688669e-008	0.0273682
-1.686169e-008	0.0189941
-1.683669e-008	0.0250733
-1.681169e-008	0.0121582
-1.678669e-008	-0.00144042
-1.676169e-008	0.0122315
-1.673669e-008	0.018457
-1.671169e-008	0.0132813
-1.668669e-008	0.0162354
-1.666169e-008	0.0224121
-1.663669e-008	0.0236816
-1.661169e-008	0.0273193
-1.658669e-008	0.0272705
-1.656169e-008	0.0229981
-1.653669e-008	0.0197266
-1.651169e-008	0.0114502
-1.648669e-008	0.0170654
-1.646169e-008	0.0213379
-1.643669e-008	0.0150879
-1.641169e-008	0.0193604
-1.638669e-008	0.0164551
-1.636169e-008	0.0196777
-1.633669e-008	0.03396
-1.631169e-008	0.0248047
-1.628669e-008	0.0134522
-1.626169e-008	0.0216309
-1.623669e-008	0.0207764
-1.621169e-008	0.0145996
-1.618669e-008	0.0220215
-1.616169e-008	0.0313721
-1.613669e-008	0.0293945
-1.611169e-008	0.0171143
-1.608669e-008	0.0245117
-1.606169e-008	0.0329346
-1.603669e-008	0.00764161
-1.601169e-008	0.00314942
-1.598669e-008	0.0151611
-1.596169e-008	0.00747071
-1.593669e-008	0.0109863
-1.591169e-008	0.0144287
-1.588669e-008	0.0171631
-1.586169e-008	0.0265869
-1.583669e-008	0.0173584
-1.581169e-008	0.0166992
-1.578669e-008	0.0261719
-1.576169e-008	0.0203125
-1.573669e-008	0.0139893
-1.571169e-008	0.0162109
-1.568669e-008	0.0259522
-1.566169e-008	0.0247559
-1.563669e-008	0.0203613
-1.561169e-008	0.0313477
-1.558669e-008	0.0291016
-1.556169e-008	0.0255127
-1.553669e-008	0.0302979
-1.551169e-008	0.0174316
-1.548669e-008	0.0165772
-1.546169e-008	0.0251953
-1.543669e-008	0.00964356
-1.541169e-008	0.0102783
-1.538669e-008	0.0267822
-1.536169e-008	0.027124
-1.533669e-008	0.029126
-1.531169e-008	0.0188965
-1.528669e-008	0.00358887
-1.526169e-008	0.0143555
-1.523669e-008	0.0243897
-1.521169e-008	0.0224121
-1.518669e-008	0.0262451
-1.516169e-008	0.0330811
-1.513669e-008	0.0231445
-1.511169e-008	0.00795899
-1.508669e-008	0.0106201
-1.506169e-008	0.0196289
-1.503669e-008	0.0309326
-1.501169e-008	0.0319092
-1.498669e-008	0.0162109
-1.496169e-008	0.0195313
-1.493669e-008	0.0300781
-1.491169e-008	0.00981446
-1.488669e-008	-0.00119628
-1.486169e-008	0.0129395
-1.483669e-008	0.0128906
-1.481169e-008	0.015332
-1.478669e-008	0.0216553
-1.476169e-008	0.0216065
-1.473669e-008	0.0244629
-1.471169e-008	0.0179199
-1.468669e-008	0.0256836
-1.466169e-008	0.0310059
-1.463669e-008	0.00644532
-1.461169e-008	0.00371095
-1.458669e-008	0.0175293
-1.456169e-008	0.021875
-1.453669e-008	0.0258789
-1.451169e-008	0.0144531
-1.448669e-008	0.0101318
-1.446169e-008	0.0271973
-1.443669e-008	0.0281738
-1.441169e-008	0.0193359
-1.438669e-008	0.0186035
-1.436169e-008	0.0218262
-1.433669e-008	0.0214844
-1.431169e-008	0.00961915
-1.428669e-008	0.0097168
-1.426169e-008	0.023291
-1.423669e-008	0.0171875
-1.421169e-008	0.00837403
-1.418669e-008	0.0171387
-1.416169e-008	0.0191162
-1.413669e-008	0.0198486
-1.411169e-008	0.0300049
-1.408669e-008	0.0289551
-1.406169e-008	0.022168
-1.403669e-008	0.0267334
-1.401169e-008	0.0307861
-1.398669e-008	0.0195557
-1.396169e-008	0.0137695
-1.393669e-008	0.0253906
-1.391169e-008	0.0275635
-1.388669e-008	0.0216797
-1.386169e-008	0.0251709
-1.383669e-008	0.0268555
-1.381169e-008	0.024707
-1.378669e-008	0.0277344
-1.376169e-008	0.0243408
-1.373669e-008	0.0153076
-1.371169e-008	0.0202149
-1.368669e-008	0.0274414
-1.366169e-008	0.0255615
-1.363669e-008	0.030542
-1.361169e-008	0.0289307
-1.358669e-008	0.0158936
-1.356169e-008	0.0228027
-1.353669e-008	0.0299072
-1.351169e-008	0.022583
-1.348669e-008	0.0237793
-1.346169e-008	0.0211426
-1.343669e-008	0.0173584
-1.341169e-008	0.0282715
-1.338669e-008	0.0344971
-1.336169e-008	0.0216065
-1.333669e-008	0.00603028
-1.331169e-008	0.00830079
-1.328669e-008	0.0187012
-1.326169e-008	0.0229004
-1.323669e-008	0.0255371
-1.321169e-008	0.0263184
-1.318669e-008	0.0289307
-1.316169e-008	0.033374
-1.313669e-008	0.0257324
-1.311169e-008	0.0207764
-1.308669e-008	0.0220215
-1.306169e-008	0.022168
-1.303669e-008	0.0336914
-1.301169e-008	0.0337402
-1.298669e-008	0.0223389
-1.296169e-008	0.0267822
-1.293669e-008	0.0378906
-1.291169e-008	0.0403809
-1.288669e-008	0.0261231
-1.286169e-008	0.0134766
-1.283669e-008	0.0178711
-1.281169e-008	0.0195313
-1.278669e-008	0.0153565
-1.276169e-008	0.0235596
-1.273669e-008	0.0280274
-1.271169e-008	0.0150147
-1.268669e-008	0.0171387
-1.266169e-008	0.0240967
-1.263669e-008	0.0204102
-1.261169e-008	0.0254883
-1.258669e-008	0.0239746
-1.256169e-008	0.0243897
-1.253669e-008	0.0253906
-1.251169e-008	0.0113037
-1.248669e-008	0.0165772
-1.246169e-008	0.0239746
-1.243669e-008	0.0185059
-1.241169e-008	0.0293945
-1.238669e-008	0.0302734
-1.236169e-008	0.0193359
-1.233669e-008	0.0246582
-1.231169e-008	0.0313477
-1.228669e-008	0.0289063
-1.226169e-008	0.0176025
-1.223669e-008	0.00903321
-1.221169e-008	0.0248779
-1.218669e-008	0.0310303
-1.216169e-008	0.01604
-1.213669e-008	0.0221436
-1.211169e-008	0.0291504
-1.208669e-008	0.0255615
-1.206169e-008	0.0258789
-1.203669e-008	0.0168701
-1.201169e-008	0.0185303
-1.198669e-008	0.0269287
-1.196169e-008	0.0194336
-1.193669e-008	0.0158691
-1.191169e-008	0.0156982
-1.188669e-008	0.0150391
-1.186169e-008	0.01875
-1.183669e-008	0.010669
-1.181169e-008	0.0133789
-1.178669e-008	0.0253418
-1.176169e-008	0.0104736
-1.173669e-008	0.0117676
-1.171169e-008	0.0296631
-1.168669e-008	0.0281738
-1.166169e-008	0.0293457
-1.163669e-008	0.022168
-1.161169e-008	0.0182617
-1.158669e-008	0.0274658
-1.156169e-008	0.0229248
-1.153669e-008	0.0259522
-1.151169e-008	0.0257813
-1.148669e-008	0.00993653
-1.146169e-008	0.0159912
-1.143669e-008	0.0317139
-1.141169e-008	0.0327881
-1.138669e-008	0.0264893
-1.136169e-008	0.0244385
-1.133669e-008	0.0336914
-1.131169e-008	0.0300293
-1.128669e-008	0.0158936
-1.126169e-008	0.0162109
-1.123669e-008	0.0150635
-1.121169e-008	0.0175537
-1.118669e-008	0.026709
-1.116169e-008	0.0261231
-1.113669e-008	0.0261719
-1.111169e-008	0.0230225
-1.108669e-008	0.0158447
-1.106169e-008	0.0199219
-1.103669e-008	0.0275147
-1.101169e-008	0.0245117
-1.098669e-008	0.015918
-1.096169e-008	0.0181641
-1.093669e-008	0.0296875
-1.091169e-008	0.0300537
-1.088669e-008	0.0197022
-1.086169e-008	0.0162354
-1.083669e-008	0.0166992
-1.081169e-008	0.0159912
-1.078669e-008	0.0176025
-1.076169e-008	0.0218018
-1.073669e-008	0.0224609
-1.071169e-008	0.0156006
-1.068669e-008	0.0189941
-1.066169e-008	0.0207031
-1.063669e-008	0.0140625
-1.061169e-008	0.0289063
-1.058669e-008	0.036499
-1.056169e-008	0.0221191
-1.053669e-008	0.020874
-1.051169e-008	0.0243897
-1.048669e-008	0.0197266
-1.046169e-008	0.0154541
-1.043669e-008	0.0189941
-1.041169e-008	0.0333252
-1.038669e-008	0.0305176
-1.036169e-008	0.0164551
-1.033669e-008	0.0246094
-1.031169e-008	0.019458
-1.028669e-008	0.0106201
-1.026169e-008	0.0235596
-1.023669e-008	0.0183594
-1.021169e-008	0.0202881
-1.018669e-008	0.0307861
-1.016169e-008	0.0229004
-1.013669e-008	0.0188721
-1.011169e-008	0.0123047
-1.008669e-008	0.0176025
-1.006169e-008	0.0275635
-1.003669e-008	0.0113037
-1.001169e-008	0.00358887
-9.98669e-009	0.0187988
-9.96169e-009	0.0324463
-9.93669e-009	0.0280029
-9.91169e-009	0.0181885
-9.88669e-009	0.0198975
-9.86169e-009	0.0265381
-9.83669e-009	0.0314941
-9.81169e-009	0.0156006
-9.78669e-009	0.00166016
-9.76169e-009	0.0197754
-9.73669e-009	0.0260986
-9.71169e-009	0.0117432
-9.68669e-009	0.0145752
-9.66169e-009	0.0197022
-9.63669e-009	0.00627442
-9.61169e-009	0.00876466
-9.58669e-009	0.0215576
-9.56169e-009	0.0227539
-9.53669e-009	0.0257568
-9.51169e-009	0.0112549
-9.48669e-009	0.00856934
-9.46169e-009	0.0251953
-9.43669e-009	0.0202149
-9.41169e-009	0.0258301
-9.38669e-009	0.0270752
-9.36169e-009	0.0237305
-9.33669e-009	0.0312744
-9.31169e-009	0.0117432
-9.28669e-009	0.0165772
-9.26169e-009	0.0338623
-9.23669e-009	0.00961915
-9.21169e-009	0.0121582
-9.18669e-009	0.0254639
-9.16169e-009	0.0150635
-9.13669e-009	0.0248535
-9.11169e-009	0.0254639
-9.08669e-009	0.0155029
-9.06169e-009	0.0225342
-9.03669e-009	0.0240967
-9.01169e-009	0.0229981
-8.98669e-009	0.01875
-8.96169e-009	0.0235596
-8.93669e-009	0.0306885
-8.91169e-009	0.0159912
-8.88669e-009	0.0169434
-8.86169e-009	0.020459
-8.83669e-009	0.0146973
-8.81169e-009	0.0226074
-8.78669e-009	0.0157959
-8.76169e-009	0.016626
-8.73669e-009	0.0308106
-8.71169e-009	0.0209961
-8.68669e-009	0.0122559
-8.66169e-009	0.0184815
-8.63669e-009	0.0202393
-8.61169e-009	0.00681153
-8.58669e-009	0.00847169
-8.56169e-009	0.0263916
-8.53669e-009	0.0123779
-8.51169e-009	0.00634766
-8.48669e-009	0.0276123
-8.46169e-009	0.0265869
-8.43669e-009	0.0188721
-8.41169e-009	0.0198242
-8.38669e-009	0.0227539
-8.36169e-009	0.0257813
-8.33669e-009	0.0121582
-8.31169e-009	0.00551759
-8.28669e-009	0.025415
-8.26169e-009	0.0305176
-8.23669e-009	0.0229004
-8.21169e-009	0.0280274
-8.18669e-009	0.0194824
-8.16169e-009	0.0187012
-8.13669e-009	0.0315186
-8.11169e-009	0.0101318
-8.08669e-009	0.0103516
-8.06169e-009	0.0383057
-8.03669e-009	0.026416
-8.01169e-009	0.0229492
-7.98669e-009	0.0261475
-7.96169e-009	0.0167969
-7.93669e-009	0.0338623
-7.91169e-009	0.0306152
-7.88669e-009	0.0179932
-7.86169e-009	0.0273682
-7.83669e-009	0.0212647
-7.81169e-009	0.0183106
-7.78669e-009	0.0256592
-7.76169e-009	0.0345947
-7.73669e-009	0.0312256
-7.71169e-009	0.0108887
-7.68669e-009	0.0222656
-7.66169e-009	0.0348877
-7.63669e-009	0.0165283
-7.61169e-009	0.0204102
-7.58669e-009	0.0350586
-7.56169e-009	0.0331299
-7.53669e-009	0.0358154
-7.51169e-009	0.0306152
-7.48669e-009	0.019165
-7.46169e-009	0.0243408
-7.43669e-009	0.0197266
-7.41169e-009	0.00844727
-7.38669e-009	0.0214356
-7.36169e-009	0.0273926
-7.33669e-009	0.0199707
-7.31169e-009	0.0260254
-7.28669e-009	0.02146
-7.26169e-009	0.00913087
-7.23669e-009	0.0108643
-7.21169e-009	0.0233643
-7.18669e-009	0.0340088
-7.16169e-009	0.0193848
-7.13669e-009	0.01521
-7.11169e-009	0.0362061
-7.08669e-009	0.0310547
-7.06169e-009	0.0147461
-7.03669e-009	0.0118164
-7.01169e-009	0.0151367
-6.98669e-009	0.0220703
-6.96169e-009	0.0124268
-6.93669e-009	0.00373536
-6.91169e-009	0.0187744
-6.88669e-009	0.0253174
-6.86169e-009	0.0193115
-6.83669e-009	0.0184326
-6.81169e-009	0.025
-6.78669e-009	0.0322754
-6.76169e-009	0.0253906
-6.73669e-009	0.0250733
-6.71169e-009	0.0278809
-6.68669e-009	0.0191162
-6.66169e-009	0.0259277
-6.63669e-009	0.0263916
-6.61169e-009	0.0146973
-6.58669e-009	0.0208496
-6.56169e-009	0.0207031
-6.53669e-009	0.00800782
-6.51169e-009	0.0101318
-6.48669e-009	0.0184815
-6.46169e-009	0.0135742
-6.43669e-009	0.014502
-6.41169e-009	0.0264404
-6.38669e-009	0.0282959
-6.36169e-009	0.0313721
-6.33669e-009	0.032959
-6.31169e-009	0.0227295
-6.28669e-009	0.0118897
-6.26169e-009	0.00637208
-6.23669e-009	0.014917
-6.21169e-009	0.0190674
-6.18669e-009	0.0147461
-6.16169e-009	0.0260498
-6.13669e-009	0.0301025
-6.11169e-009	0.0202393
-6.08669e-009	0.0161133
-6.06169e-009	0.00637208
-6.03669e-009	0.00439454
-6.01169e-009	0.0185547
-5.98669e-009	0.0171143
-5.96169e-009	0.0107422
-5.93669e-009	0.0176025
-5.91169e-009	0.0237793
-5.88669e-009	0.0255859
-5.86169e-009	0.0263916
-5.83669e-009	0.026709
-5.81169e-009	0.0130859
-5.78669e-009	0.00278321
-5.76169e-009	0.023877
-5.73669e-009	0.0399658
-5.71169e-009	0.0260986
-5.68669e-009	0.0118164
-5.66169e-009	0.0138428
-5.63669e-009	0.0208496
-5.61169e-009	0.0317139
-5.58669e-009	0.0296631
-5.56169e-009	0.0124268
-5.53669e-009	0.0135986
-5.51169e-009	0.0132813
-5.48669e-009	0.0118408
-5.46169e-009	0.0233887
-5.43669e-009	0.0266358
-5.41169e-009	0.0303467
-5.38669e-009	0.0263184
-5.36169e-009	0.0253418
-5.33669e-009	0.0275879
-5.31169e-009	0.0128906
-5.28669e-009	0.0144531
-5.26169e-009	0.0185547
-5.23669e-009	0.0173096
-5.21169e-009	0.0277832
-5.18669e-009	0.0246582
-5.16169e-009	0.017041
-5.13669e-009	0.0167969
-5.11169e-009	0.0212402
-5.08669e-009	0.0297608
-5.06169e-009	0.0214844
-5.03669e-009	0.0126221
-5.01169e-009	0.018457
-4.98669e-009	0.00385743
-4.96169e-009	-0.00622558
-4.93669e-009	0.0156982
-4.91169e-009	0.0234863
-4.88669e-009	0.0254883
-4.86169e-009	0.029541
-4.83669e-009	0.0143311
-4.81169e-009	0.0138672
-4.78669e-009	0.0320068
-4.76169e-009	0.037085
-4.73669e-009	0.0271729
-4.71169e-009	0.012793
-4.68669e-009	0.00830079
-4.66169e-009	0.0181641
-4.63669e-009	0.0251953
-4.61169e-009	0.0274658
-4.58669e-009	0.0204834
-4.56169e-009	0.0111084
-4.53669e-009	0.0218506
-4.51169e-009	0.0130615
-4.48669e-009	0.000146492
-4.46169e-009	0.0173584
-4.43669e-009	0.0188965
-4.41169e-009	0.024292
-4.38669e-009	0.0290039
-4.36169e-009	0.0163574
-4.33669e-009	0.0257813
-4.31169e-009	0.0263916
-4.28669e-009	0.0200195
-4.26169e-009	0.0287109
-4.23669e-009	0.0227783
-4.21169e-009	0.0230713
-4.18669e-009	0.0320068
-4.16169e-009	0.0280029
-4.13669e-009	0.0273682
-4.11169e-009	0.0145508
-4.08669e-009	-0.000756828
-4.06169e-009	0.0123779
-4.03669e-009	0.0268311
-4.01169e-009	0.0284668
-3.98669e-009	0.0208252
-3.96169e-009	0.0136963
-3.93669e-009	0.0207275
-3.91169e-009	0.0305908
-3.88669e-009	0.0308594
-3.86169e-009	0.020166
-3.83669e-009	0.0143066
-3.81169e-009	0.0156738
-3.78669e-009	0.023999
-3.76169e-009	0.0311524
-3.73669e-009	0.0193848
-3.71169e-009	0.0148682
-3.68669e-009	0.0179443
-3.66169e-009	0.0156982
-3.63669e-009	0.0223145
-3.61169e-009	0.0248535
-3.58669e-009	0.0186524
-3.56169e-009	0.0135742
-3.53669e-009	0.0116455
-3.51169e-009	0.0167725
-3.48669e-009	0.024292
-3.46169e-009	0.0178223
-3.43669e-009	0.0072754
-3.41169e-009	0.0141846
-3.38669e-009	0.0201904
-3.36169e-009	0.0232666
-3.33669e-009	0.0234131
-3.31169e-009	0.0127197
-3.28669e-009	0.019751
-3.26169e-009	0.0309815
-3.23669e-009	0.0203125
-3.21169e-009	0.0182129
-3.18669e-009	0.0346436
-3.16169e-009	0.0396973
-3.13669e-009	0.0253418
-3.11169e-009	0.0178467
-3.08669e-009	0.0223877
-3.06169e-009	0.0177979
-3.03669e-009	0.0109619
-3.01169e-009	0.019458
-2.98669e-009	0.0251465
-2.96169e-009	0.0231445
-2.93669e-009	0.0345947
-2.91169e-009	0.0384033
-2.88669e-009	0.0189453
-2.86169e-009	0.0137207
-2.83669e-009	0.028833
-2.81169e-009	0.0283203
-2.78669e-009	0.0270508
-2.76169e-009	0.0373047
-2.73669e-009	0.0248291
-2.71169e-009	0.0119629
-2.68669e-009	0.0211914
-2.66169e-009	0.0300781
-2.63669e-009	0.0255371
-2.61169e-009	0.0150879
-2.58669e-009	0.0186524
-2.56169e-009	0.02146
-2.53669e-009	0.0194336
-2.51169e-009	0.0242676
-2.48669e-009	0.0219238
-2.46169e-009	0.0166504
-2.43669e-009	0.0201416
-2.41169e-009	0.022876
-2.38669e-009	0.020874
-2.36169e-009	0.0310303
-2.33669e-009	0.0288574
-2.31169e-009	0.0036377
-2.28669e-009	0.00754395
-2.26169e-009	0.0234619
-2.23669e-009	0.0217285
-2.21169e-009	0.0224609
-2.18669e-009	0.0238037
-2.16169e-009	0.0206055
-2.13669e-009	0.0166748
-2.11169e-009	0.0287842
-2.08669e-009	0.0371094
-2.06169e-009	0.0181885
-2.03669e-009	0.0168213
-2.01169e-009	0.0280518
-1.98669e-009	0.0210693
-1.96169e-009	0.0196289
-1.93669e-009	0.0294434
-1.91169e-009	0.0338623
-1.88669e-009	0.0261475
-1.86169e-009	0.0202637
-1.83669e-009	0.0212647
-1.81169e-009	0.0235596
-1.78669e-009	0.0264893
-1.76169e-009	0.0238525
-1.73669e-009	0.0218506
-1.71169e-009	0.00717774
-1.68669e-009	0.00114747
-1.66169e-009	0.02854
-1.63669e-009	0.0326416
-1.61169e-009	0.0242676
-1.58669e-009	0.0247315
-1.56169e-009	0.0188477
-1.53669e-009	0.0306152
-1.51169e-009	0.0269531
-1.48669e-009	0.00585938
-1.46169e-009	0.0130127
-1.43669e-009	0.0275635
-1.41169e-009	0.019165
-1.38669e-009	-0.00476073
-1.36169e-009	0.000146492
-1.33669e-009	0.0259033
-1.31169e-009	0.0314941
-1.28669e-009	0.0295899
-1.26169e-009	0.0260498
-1.23669e-009	0.0177734
-1.21169e-009	0.0131836
-1.18669e-009	0.0177979
-1.16169e-009	0.0241211
-1.13669e-009	0.0227295
-1.11169e-009	0.0209229
-1.08669e-009	0.0126221
-1.06169e-009	0.00607911
-1.03669e-009	0.0131104
-1.01169e-009	0.0158936
-9.866898e-010	0.0137695
-9.616898e-010	0.0148193
-9.366898e-010	0.0168213
-9.116898e-010	0.017749
-8.866898e-010	0.0227051
-8.616898e-010	0.0194092
-8.366898e-010	0.00803223
-8.116898e-010	0.0189941
-7.866898e-010	0.0251221
-7.616898e-010	0.0176514
-7.366898e-010	0.0157471
-7.116898e-010	0.014502
-6.866898e-010	0.0305176
-6.616898e-010	0.0310303
-6.366898e-010	0.0128418
-6.116898e-010	0.016626
-5.866898e-010	0.0213867
-5.616898e-010	0.0271729
-5.366898e-010	0.0283203
-5.116898e-010	0.0127441
-4.866898e-010	0.0076172
-4.616898e-010	0.0119873
-4.366898e-010	0.0172119
-4.116898e-010	0.0242188
-3.866898e-010	0.0227539
-3.616898e-010	0.0218994
-3.366898e-010	0.0282715
-3.116898e-010	0.0191406
-2.866898e-010	0.0128174
-2.616898e-010	0.0247559
-2.366898e-010	0.0174316
-2.116898e-010	0.00961915
-1.866898e-010	0.0193115
-1.616898e-010	0.0173828
-1.366898e-010	0.0157959
-1.116898e-010	0.0295166
-8.668981e-011	0.0358399
-6.168981e-011	0.0170654
-3.668981e-011	-0.00410156
-1.168981e-011	-0.0161621
1.331019e-011	-0.0365967
3.831019e-011	-0.0425537
6.331019e-011	-0.0356934
8.831019e-011	-0.0548096
1.133102e-010	-0.0648437
1.383102e-010	-0.0611816
1.633102e-010	-0.0897461
1.883102e-010	-0.110913
2.133102e-010	-0.113623
2.383102e-010	-0.135547
2.633102e-010	-0.154126
2.883102e-010	-0.154395
3.133102e-010	-0.159106
3.383102e-010	-0.182983
3.633102e-010	-0.193774
3.883102e-010	-0.179346
4.133102e-010	-0.179077
4.383102e-010	-0.187915
4.633102e-010	-0.191748
4.883102e-010	-0.187012
5.133102e-010	-0.185791
5.383102e-010	-0.193677
5.633102e-010	-0.17478
5.883102e-010	-0.157422
6.133102e-010	-0.155273
6.383102e-010	-0.132617
6.633102e-010	-0.112671
6.883102e-010	-0.110571
7.133102e-010	-0.105322
7.383102e-010	-0.0884521
7.633102e-010	-0.0750732
7.883102e-010	-0.0631103
8.133102e-010	-0.0505127
8.383102e-010	-0.04375
8.633102e-010	-0.0206299
8.883102e-010	-0.00559081
9.133102e-010	-0.011792
9.383102e-010	-0.00856933
9.633102e-010	-0.00803222
9.883102e-010	-0.0107422
1.01331e-009	-0.00473632
1.03831e-009	0.00446778
1.06331e-009	0.0124024
1.08831e-009	0.0236328
1.11331e-009	0.0303711
1.13831e-009	0.0199707
1.16331e-009	0.018042
1.18831e-009	0.0268066
1.21331e-009	0.0281983
1.23831e-009	0.0372803
1.26331e-009	0.0337891
1.28831e-009	0.0118408
1.31331e-009	0.0237549
1.33831e-009	0.0374268
1.36331e-009	0.0281738
1.38831e-009	0.0377197
1.41331e-009	0.0363525
1.43831e-009	0.0303467
1.46331e-009	0.0381348
1.48831e-009	0.0356445
1.51331e-009	0.0369629
1.53831e-009	0.0312744
1.56331e-009	0.022168
1.58831e-009	0.0274414
1.61331e-009	0.0282959
1.63831e-009	0.0255859
1.66331e-009	0.0195313
1.68831e-009	0.00891114
1.71331e-009	0.0141113
1.73831e-009	0.0174072
1.76331e-009	0.0123291
1.78831e-009	0.0279785
1.81331e-009	0.0228516
1.83831e-009	0.00688477
1.86331e-009	0.0175049
1.88831e-009	0.0104736
1.91331e-009	0.00886231
1.93831e-009	0.0116699
1.96331e-009	0.00219727
1.98831e-009	0.0169434
2.01331e-009	0.0244385
2.03831e-009	0.0212158
2.06331e-009	0.0198731
2.08831e-009	0.0124512
2.11331e-009	0.0221436
2.13831e-009	0.0268555
2.16331e-009	0.0135986
2.18831e-009	0.00532227
2.21331e-009	0.0100098
2.23831e-009	0.0287354
2.26331e-009	0.0318604
2.28831e-009	0.0101074
2.31331e-009	0.00637208
2.33831e-009	0.0267334
2.36331e-009	0.0317383
2.38831e-009	0.0134033
2.41331e-009	0.00703126
2.43831e-009	0.0250488
2.46331e-009	0.0286621
2.48831e-009	0.0167236
2.51331e-009	0.0192627
2.53831e-009	0.0191895
2.56331e-009	0.0201172
2.58831e-009	0.0262695
2.61331e-009	0.0216065
2.63831e-009	0.0319336
2.66331e-009	0.0482422
2.68831e-009	0.0375488
2.71331e-009	0.0243897
2.73831e-009	0.0259522
2.76331e-009	0.019165
2.78831e-009	0.0173828
2.81331e-009	0.0275391
2.83831e-009	0.0228027
2.86331e-009	0.0182129
2.88831e-009	0.0151611
2.91331e-009	0.0176025
2.93831e-009	0.0289063
2.96331e-009	0.0277588
2.98831e-009	0.0281983
3.01331e-009	0.0212647
3.03831e-009	0.0153076
3.06331e-009	0.0174072
3.08831e-009	0.0008545
3.11331e-009	0.00366212
3.13831e-009	0.0252197
3.16331e-009	0.0272705
3.18831e-009	0.0299805
3.21331e-009	0.0329102
3.23831e-009	0.029541
3.26331e-009	0.0385742
3.28831e-009	0.0375733
3.31331e-009	0.0257813
3.33831e-009	0.0285156
3.36331e-009	0.0249024
3.38831e-009	0.0245117
3.41331e-009	0.0298828
3.43831e-009	0.0259766
3.46331e-009	0.0348877
3.48831e-009	0.0381348
3.51331e-009	0.0300781
3.53831e-009	0.0286621
3.56331e-009	0.0272949
3.58831e-009	0.0300781
3.61331e-009	0.029541
3.63831e-009	0.0314697
3.66331e-009	0.0314453
3.68831e-009	0.0179199
3.71331e-009	0.0247559
3.73831e-009	0.0362793
3.76331e-009	0.0243897
3.78831e-009	0.0241943
3.81331e-009	0.0344971
3.83831e-009	0.030127
3.86331e-009	0.0211914
3.88831e-009	0.0195313
3.91331e-009	0.0142334
3.93831e-009	0.00830079
3.96331e-009	0.0165283
3.98831e-009	0.0132568
4.01331e-009	-0.003833
4.03831e-009	-7.32347e-005
4.06331e-009	0.0162598
4.08831e-009	0.0227295
4.11331e-009	0.0141113
4.13831e-009	0.00441895
4.16331e-009	0.012793
4.18831e-009	0.0186768
4.21331e-009	0.00390626
4.23831e-009	0.00632325
4.26331e-009	0.0255371
4.28831e-009	0.0163086
4.31331e-009	0.0108399
4.33831e-009	0.027002
4.36331e-009	0.0188232
4.38831e-009	0.0120117
4.41331e-009	0.0208984
4.43831e-009	0.0143555
4.46331e-009	0.0220703
4.48831e-009	0.0327149
4.51331e-009	0.0231934
4.53831e-009	0.0285889
4.56331e-009	0.0335205
4.58831e-009	0.0367676
4.61331e-009	0.0424805
4.63831e-009	0.0393066
4.66331e-009	0.0443848
4.68831e-009	0.0270508
4.71331e-009	0.0138672
4.73831e-009	0.0323731
4.76331e-009	0.0320313
4.78831e-009	0.0380615
4.81331e-009	0.0432617
4.83831e-009	0.0266846
4.86331e-009	0.0261231
4.88831e-009	0.0253174
4.91331e-009	0.0217041
4.93831e-009	0.019751
4.96331e-009	0.0196289
4.98831e-009	0.0327393
5.01331e-009	0.0238525
5.03831e-009	0.0159424
5.06331e-009	0.0276611
5.08831e-009	0.01604
5.11331e-009	0.0100098
5.13831e-009	0.0176514
5.16331e-009	0.0182617
5.18831e-009	0.0271484
5.21331e-009	0.0222656
5.23831e-009	0.0034668
5.26331e-009	0.00527345
5.28831e-009	0.014209
5.31331e-009	0.0097168
5.33831e-009	0.0115479
5.36331e-009	0.0215088
5.38831e-009	0.0128906
5.41331e-009	-0.00102538
5.43831e-009	0.00834962
5.46331e-009	0.022168
5.48831e-009	0.0123291
5.51331e-009	0.00720216
5.53831e-009	0.0158691
5.56331e-009	0.0100342
5.58831e-009	0.0195068
5.61331e-009	0.0313965
5.63831e-009	0.0156738
5.66331e-009	0.0165772
5.68831e-009	0.0226074
5.71331e-009	0.0177734
5.73831e-009	0.0287598
5.76331e-009	0.029419
5.78831e-009	0.0104004
5.81331e-009	0.00852052
5.83831e-009	0.0234863
5.86331e-009	0.0247803
5.88831e-009	0.0143311
5.91331e-009	0.0207764
5.93831e-009	0.0250977
5.96331e-009	0.0156494
5.98831e-009	0.0286377
6.01331e-009	0.0363037
6.03831e-009	0.0280518
6.06331e-009	0.0360352
6.08831e-009	0.0327393
6.11331e-009	0.0278809
6.13831e-009	0.0324463
6.16331e-009	0.0222168
6.18831e-009	0.0230469
6.21331e-009	0.0221436
6.23831e-009	0.0118652
6.26331e-009	0.0292481
6.28831e-009	0.0329102
6.31331e-009	0.0198731
6.33831e-009	0.02229
6.36331e-009	0.0168701
6.38831e-009	0.0212647
6.41331e-009	0.0259277
6.43831e-009	0.024585
6.46331e-009	0.0256836
6.48831e-009	0.00546876
6.51331e-009	0.0179199
6.53831e-009	0.0373535
6.56331e-009	0.00795899
6.58831e-009	-0.00463866
6.61331e-009	0.0057129
6.63831e-009	0.0204346
6.66331e-009	0.026001
6.68831e-009	0.00358887
6.71331e-009	0.00310059
6.73831e-009	0.0231445
6.76331e-009	0.0193359
6.78831e-009	0.0153076
6.81331e-009	0.0204346
6.83831e-009	0.0186768
6.86331e-009	0.0198975
6.88831e-009	0.0122803
6.91331e-009	0.00820313
6.93831e-009	0.0266602
6.96331e-009	0.0261719
6.98831e-009	0.0111084
7.01331e-009	0.00500489
7.03831e-009	0.00607911
7.06331e-009	0.0214844
7.08831e-009	0.0206299
7.11331e-009	0.0211426
7.13831e-009	0.0388672
7.16331e-009	0.0279053
7.18831e-009	0.023999
7.21331e-009	0.0282959
7.23831e-009	0.0189453
7.26331e-009	0.0291016
7.28831e-009	0.0275635
7.31331e-009	0.0278076
7.33831e-009	0.0382813
7.36331e-009	0.0249268
7.38831e-009	0.0304688
7.41331e-009	0.0386719
7.43831e-009	0.0300293
7.46331e-009	0.0287109
7.48831e-009	0.0115234
7.51331e-009	0.0022461
7.53831e-009	0.0148682
7.56331e-009	0.0161621
7.58831e-009	0.0150391
7.61331e-009	0.0240234
7.63831e-009	0.0330811
7.66331e-009	0.0275635
7.68831e-009	0.0098877
7.71331e-009	0.00568848
7.73831e-009	0.0127686
7.76331e-009	0.0101074
7.78831e-009	0.0109619
7.81331e-009	0.0190674
7.83831e-009	0.0181641
7.86331e-009	0.0181641
7.88831e-009	0.0221436
7.91331e-009	0.0224365
7.93831e-009	0.0204102
7.96331e-009	0.0162109
7.98831e-009	0.0145508
8.01331e-009	0.00871583
8.03831e-009	0.00922852
8.06331e-009	0.0295654
8.08831e-009	0.0318848
8.11331e-009	0.0205322
8.13831e-009	0.0192139
8.16331e-009	0.0192383
8.18831e-009	0.0340576
8.21331e-009	0.0398682
8.23831e-009	0.0198975
8.26331e-009	0.00791016
8.28831e-009	0.0110596
8.31331e-009	0.0137695
8.33831e-009	0.0189941
8.36331e-009	0.0353027
8.38831e-009	0.0328858
8.41331e-009	0.0201416
8.43831e-009	0.0161377
8.46331e-009	0.0105225
8.48831e-009	0.0211426
8.51331e-009	0.0277344
8.53831e-009	0.0249756
8.56331e-009	0.0247559
8.58831e-009	0.0188721
8.61331e-009	0.021875
8.63831e-009	0.0244873
8.66331e-009	0.0234619
8.68831e-009	0.0159424
8.71331e-009	0.00886231
8.73831e-009	0.0164551
8.76331e-009	0.0178955
8.78831e-009	0.0206055
8.81331e-009	0.0225342
8.83831e-009	0.0136963
8.86331e-009	0.00949708
8.88831e-009	0.0144775
8.91331e-009	0.0224854
8.93831e-009	0.0255371
8.96331e-009	0.0204834
8.98831e-009	0.00966798
9.01331e-009	0.0185059
9.03831e-009	0.0270996
9.06331e-009	0.00297852
9.08831e-009	-0.00412597
9.11331e-009	0.0164063
9.13831e-009	0.024585
9.16331e-009	0.0208252
9.18831e-009	0.0226318
9.21331e-009	0.0275391
9.23831e-009	0.0319092
9.26331e-009	0.0331055
9.28831e-009	0.0205078
9.31331e-009	0.0124512
9.33831e-009	0.0152588
9.36331e-009	0.0219971
9.38831e-009	0.0335205
9.41331e-009	0.0421143
9.43831e-009	0.0554443
9.46331e-009	0.0450195
9.48831e-009	0.00751954
9.51331e-009	0.00910645
9.53831e-009	0.027832
9.56331e-009	0.0163086
9.58831e-009	0.0154297
9.61331e-009	0.0328858
9.63831e-009	0.0302734
9.66331e-009	0.0210449
9.68831e-009	0.0237305
9.71331e-009	0.0243652
9.73831e-009	0.0215576
9.76331e-009	0.0149902
9.78831e-009	0.0108643
9.81331e-009	0.0166016
9.83831e-009	0.0105713
9.86331e-009	0.00104981
9.88831e-009	0.0104981
9.91331e-009	0.0224121
9.93831e-009	0.0216797
9.96331e-009	0.0151611
9.98831e-009	0.0164307
1.001331e-008	0.0240479
1.003831e-008	0.0265869
1.006331e-008	0.0143555
1.008831e-008	0.00510255
1.011331e-008	0.0197998
1.013831e-008	0.0220703
1.016331e-008	0.0125244
1.018831e-008	0.0227295
1.021331e-008	0.0213379
1.023831e-008	0.0110596
1.026331e-008	0.0223389
1.028831e-008	0.0285889
1.031331e-008	0.0206055
1.033831e-008	0.0213867
1.036331e-008	0.0236328
1.038831e-008	0.0252686
1.041331e-008	0.027832
1.043831e-008	0.0229248
1.046331e-008	0.0286865
1.048831e-008	0.0306397
1.051331e-008	0.0216309
1.053831e-008	0.0304199
1.056331e-008	0.0258301
1.058831e-008	0.0155518
1.061331e-008	0.0304932
1.063831e-008	0.0301758
1.066331e-008	0.0156006
1.068831e-008	0.0162354
1.071331e-008	0.021582
1.073831e-008	0.0148193
1.076331e-008	0.00981446
1.078831e-008	0.0171143
1.081331e-008	0.0174072
1.083831e-008	0.0201904
1.086331e-008	0.0250733
1.088831e-008	0.0232422
1.091331e-008	0.026416
1.093831e-008	0.0205078
1.096331e-008	0.0122559
1.098831e-008	0.0196289
1.101331e-008	0.0226074
1.103831e-008	0.0257568
1.106331e-008	0.033252
1.108831e-008	0.018042
1.111331e-008	0.0132324
1.113831e-008	0.0259033
1.116331e-008	0.0148926
1.118831e-008	0.0147461
1.121331e-008	0.0202637
1.123831e-008	0.0137695
1.126331e-008	0.0252686
1.128831e-008	0.0268066
1.131331e-008	0.0182373
1.133831e-008	0.0151611
1.136331e-008	0.00742188
1.138831e-008	0.0182129
1.141331e-008	0.0277832
1.143831e-008	0.0191895
1.146331e-008	0.0143311
1.148831e-008	0.0117676
1.151331e-008	0.0148682
1.153831e-008	0.0175537
1.156331e-008	0.0183838
1.158831e-008	0.0148926
1.161331e-008	0.00632325
1.163831e-008	0.0137451
1.166331e-008	0.0171631
1.168831e-008	0.0100098
1.171331e-008	0.0164551
1.173831e-008	0.0219727
1.176331e-008	0.00908204
1.178831e-008	0.00612794
1.181331e-008	0.0205322
1.183831e-008	0.0166748
1.186331e-008	0.0167969
1.188831e-008	0.0239014
1.191331e-008	0.0148926
1.193831e-008	0.0180908
1.196331e-008	0.0189941
1.198831e-008	0.0130371
1.201331e-008	0.0189941
1.203831e-008	0.0204102
1.206331e-008	0.019458
1.208831e-008	0.0144287
1.211331e-008	0.0157471
1.213831e-008	0.0259277
1.216331e-008	0.0128662
1.218831e-008	0.011792
1.221331e-008	0.0332275
1.223831e-008	0.0314453
1.226331e-008	0.0240967
1.228831e-008	0.0138672
1.231331e-008	0.0127686
1.233831e-008	0.0322754
1.236331e-008	0.02771
1.238831e-008	0.0233887
1.241331e-008	0.0279297
1.243831e-008	0.027002
1.246331e-008	0.0369385
1.248831e-008	0.0289551
1.251331e-008	0.0239014
1.253831e-008	0.036377
1.256331e-008	0.0321777
1.258831e-008	0.0217285
1.261331e-008	0.0187012
1.263831e-008	0.0279541
1.266331e-008	0.0259033
1.268831e-008	0.00905762
1.271331e-008	0.0120117
1.273831e-008	0.019458
1.276331e-008	0.0195313
1.278831e-008	0.0265625
1.281331e-008	0.0309326
1.283831e-008	0.0268799
1.286331e-008	0.0286133
1.288831e-008	0.0269531
1.291331e-008	0.0207031
1.293831e-008	0.0224609
1.296331e-008	0.0223389
1.298831e-008	0.0170654
1.301331e-008	0.00922852
1.303831e-008	0.0130371
1.306331e-008	0.0155518
1.308831e-008	0.0142578
1.311331e-008	0.031543
1.313831e-008	0.0231445
1.316331e-008	0.00549317
1.318831e-008	0.0221924
1.321331e-008	0.0145752
1.323831e-008	0.000878914
1.326331e-008	0.022583
1.328831e-008	0.0115723
1.331331e-008	0.000561531
1.333831e-008	0.02771
1.336331e-008	0.012915
1.338831e-008	0.00156251
1.341331e-008	0.0220215
1.343831e-008	0.023291
1.346331e-008	0.0280762
1.348831e-008	0.026294
1.351331e-008	0.0240723
1.353831e-008	0.0270752
1.356331e-008	0.0182129
1.358831e-008	0.0190674
1.361331e-008	0.0166992
1.363831e-008	0.0221924
1.366331e-008	0.0390381
1.368831e-008	0.0237549
1.371331e-008	0.00983887
1.373831e-008	0.0282959
1.376331e-008	0.0305664
1.378831e-008	0.0247803
1.381331e-008	0.0324707
1.383831e-008	0.0234619
1.386331e-008	0.0220459
1.388831e-008	0.0205811
1.391331e-008	0.00764161
1.393831e-008	0.018335
1.396331e-008	0.0199463
1.398831e-008	0.0208252
1.401331e-008	0.0297119
1.403831e-008	0.0264404
1.406331e-008	0.0281983
1.408831e-008	0.0113281
1.411331e-008	0.0129883
1.413831e-008	0.0358887
1.416331e-008	0.0233643
1.418831e-008	0.023291
1.421331e-008	0.0272217
1.423831e-008	0.0134766
1.426331e-008	0.0163574
1.428831e-008	0.0245361
1.431331e-008	0.0268066
1.433831e-008	0.0173584
1.436331e-008	0.013794
1.438831e-008	0.0270752
1.441331e-008	0.020752
1.443831e-008	0.00856934
1.446331e-008	0.0162842
1.448831e-008	0.0103272
1.451331e-008	0.0107422
1.453831e-008	0.0343018
1.456331e-008	0.028418
1.458831e-008	0.018335
1.461331e-008	0.0245117
1.463831e-008	0.0256836
1.466331e-008	0.0287842
1.468831e-008	0.023169
1.471331e-008	0.0221436
1.473831e-008	0.0224854
1.476331e-008	0.0226074
1.478831e-008	0.0293457
1.481331e-008	0.0185303
1.483831e-008	0.0188721
1.486331e-008	0.0222412
1.488831e-008	0.00871583
1.491331e-008	0.0125244
1.493831e-008	0.0215576
1.496331e-008	0.0249756
1.498831e-008	0.0273682
1.501331e-008	0.029834
1.503831e-008	0.0346924
1.506331e-008	0.0258789
1.508831e-008	0.00874024
1.511331e-008	0.0120361
1.513831e-008	0.0320801
1.516331e-008	0.0382568
1.518831e-008	0.0357178
1.521331e-008	0.028418
1.523831e-008	0.0199951
1.526331e-008	0.0213867
1.528831e-008	0.00773927
1.531331e-008	0.0159424
1.533831e-008	0.036377
1.536331e-008	0.0135742
1.538831e-008	0.0132568
1.541331e-008	0.0257324
1.543831e-008	0.0230713
1.546331e-008	0.0324707
1.548831e-008	0.0130859
1.551331e-008	-0.00187988
1.553831e-008	0.0101807
1.556331e-008	0.0198242
1.558831e-008	0.0312988
1.561331e-008	0.0149658
1.563831e-008	0.00302735
1.566331e-008	0.0176514
1.568831e-008	0.0197022
1.571331e-008	0.026416
1.573831e-008	0.0177979
1.576331e-008	-0.00427245
1.578831e-008	0.00773927
1.581331e-008	0.0179199
1.583831e-008	0.0179932
1.586331e-008	0.0228516
1.588831e-008	0.0165039
1.591331e-008	0.0142822
1.593831e-008	0.0150635
1.596331e-008	0.0180664
1.598831e-008	0.0256592
1.601331e-008	0.0217285
1.603831e-008	0.0261231
1.606331e-008	0.0394287
1.608831e-008	0.0234619
1.611331e-008	0.00419923
1.613831e-008	0.015625
1.616331e-008	0.0195557
1.618831e-008	0.0189941
1.621331e-008	0.0270996
1.623831e-008	0.0139893
1.626331e-008	0.00690919
1.628831e-008	0.0277832
1.631331e-008	0.0404053
1.633831e-008	0.0308594
1.636331e-008	0.0220459
1.638831e-008	0.0250244
1.641331e-008	0.0242676
1.643831e-008	0.0282227
1.646331e-008	0.0444824
1.648831e-008	0.038916
1.651331e-008	0.0214844
1.653831e-008	0.0242676
1.656331e-008	0.0270264
1.658831e-008	0.0215088
1.661331e-008	0.0139404
1.663831e-008	0.00979005
1.666331e-008	0.00981446
1.668831e-008	0.00886231
1.671331e-008	0.028418
1.673831e-008	0.0410156
1.676331e-008	0.0274658
1.678831e-008	0.0294678
1.681331e-008	0.0289795
1.683831e-008	0.0251953
1.686331e-008	0.0303711
1.688831e-008	0.0103516
1.691331e-008	0.00717774
1.693831e-008	0.0299805
1.696331e-008	0.0237305
1.698831e-008	0.021582
1.701331e-008	0.0296875
1.703831e-008	0.0250733
1.706331e-008	0.0231445
1.708831e-008	0.0198486
1.711331e-008	0.0169922
1.713831e-008	0.00825196
1.716331e-008	0.0102295
1.718831e-008	0.0251953
1.721331e-008	0.0171387
1.723831e-008	0.0182129
1.726331e-008	0.0330078
1.728831e-008	0.0274658
1.731331e-008	0.0214844
1.733831e-008	0.0223877
1.736331e-008	0.0211914
1.738831e-008	0.0286865
1.741331e-008	0.0294678
1.743831e-008	0.0201172
1.746331e-008	0.0293701
1.748831e-008	0.0225342
1.751331e-008	0.00200196
1.753831e-008	0.0132568
1.756331e-008	0.0236572
1.758831e-008	0.021167
1.761331e-008	0.0159424
1.763831e-008	0.0154297
1.766331e-008	0.0193115
1.768831e-008	0.0119629
1.771331e-008	0.0198486
1.773831e-008	0.0277344
1.776331e-008	0.0177246
1.778831e-008	0.0187988
1.781331e-008	0.0156006
1.783831e-008	0.0104492
1.786331e-008	0.0217774
1.788831e-008	0.0257568
1.791331e-008	0.0177979
1.793831e-008	0.020459
1.796331e-008	0.0290527
1.798831e-008	0.0219238
1.801331e-008	0.0119873
1.803831e-008	0.0164551
1.806331e-008	0.026294
1.808831e-008	0.0265381
1.811331e-008	0.0165039
1.813831e-008	0.0172119
1.816331e-008	0.0276367
1.818831e-008	0.0322022
1.821331e-008	0.0189697
1.823831e-008	0.00915528
1.826331e-008	0.0244873
1.828831e-008	0.0213623
1.831331e-008	0.0125244
1.833831e-008	0.0195068
1.836331e-008	0.0190674
1.838831e-008	0.0258545
1.841331e-008	0.0255127
1.843831e-008	0.0253174
1.846331e-008	0.0305908
1.848831e-008	0.0165039
1.851331e-008	0.0133301
1.853831e-008	0.0147705
1.856331e-008	0.0116699
1.858831e-008	0.0243164
1.861331e-008	0.0364502
1.863831e-008	0.0343018
1.866331e-008	0.023169
1.868831e-008	0.0204346
1.871331e-008	0.0238525
1.873831e-008	0.0223633
1.876331e-008	0.0192383
1.878831e-008	0.0157715
1.881331e-008	0.015625
1.883831e-008	0.0154297
1.886331e-008	0.0201172
1.888831e-008	0.0303223
1.891331e-008	0.0292236
1.893831e-008	0.0195801
1.896331e-008	0.00986329
1.898831e-008	0.0110352
1.901331e-008	0.0142334
1.903831e-008	0.00825196
1.906331e-008	0.018042
1.908831e-008	0.0234619
1.911331e-008	0.0162354
1.913831e-008	0.0198486
1.916331e-008	0.0228516
1.918831e-008	0.0286133
1.921331e-008	0.0240723
1.923831e-008	0.0119873
1.926331e-008	0.0137451
1.928831e-008	0.0168945
1.931331e-008	0.020044
1.933831e-008	0.0158936
1.936331e-008	0.011084
1.938831e-008	0.0155518
1.941331e-008	0.0253906
1.943831e-008	0.0351074
1.946331e-008	0.0268311
1.948831e-008	0.0224121
1.951331e-008	0.0260742
1.953831e-008	0.0224121
1.956331e-008	0.0233154
1.958831e-008	0.0174316
1.961331e-008	0.0228272
1.963831e-008	0.0462402
1.966331e-008	0.0422608
1.968831e-008	0.0172119
1.971331e-008	0.0108399
1.973831e-008	0.0220947
1.976331e-008	0.0270508
1.978831e-008	0.0292969
1.981331e-008	0.0278809
1.983831e-008	0.0215576
1.986331e-008	0.0275147
1.988831e-008	0.0300781
1.991331e-008	0.0273926
1.993831e-008	0.0227295
1.996331e-008	0.0162598
1.998831e-008	0.0308838
2.001331e-008	0.0354492
2.003831e-008	0.0213135
2.006331e-008	0.017334
2.008831e-008	0.0115723
2.011331e-008	0.00998536
2.013831e-008	0.0133057
2.016331e-008	0.0102295
2.018831e-008	0.0202637
2.021331e-008	0.0303955
2.023831e-008	0.0101074
2.026331e-008	-0.00307616
2.028831e-008	0.00424805
2.031331e-008	0.00156251
2.033831e-008	0.0147461
2.036331e-008	0.0292481
2.038831e-008	0.0191162
2.041331e-008	0.0216797
2.043831e-008	0.0272461
2.046331e-008	0.0204834
2.048831e-008	0.0186768
2.051331e-008	0.0222168
2.053831e-008	0.0236572
2.056331e-008	0.0219482
2.058831e-008	0.0223389
2.061331e-008	0.0216553
2.063831e-008	0.0241455
2.066331e-008	0.0326416
2.068831e-008	0.0311768
2.071331e-008	0.0194336
2.073831e-008	0.0153809
2.076331e-008	0.0214356
2.078831e-008	0.0181152
2.081331e-008	0.0152588
2.083831e-008	0.0258057
2.086331e-008	0.0240723
2.088831e-008	0.0215088
2.091331e-008	0.0272217
2.093831e-008	0.0198731
2.096331e-008	0.014917
2.098831e-008	0.0166748
2.101331e-008	0.0280029
2.103831e-008	0.0349854
2.106331e-008	0.0181152
2.108831e-008	0.0261231
2.111331e-008	0.0332031
2.113831e-008	0.0100586
2.116331e-008	0.0165772
2.118831e-008	0.0324219
2.121331e-008	0.0291016
2.123831e-008	0.0263916
2.126331e-008	0.0295654
2.128831e-008	0.0284912
2.131331e-008	0.0164063
2.133831e-008	0.0229736
2.136331e-008	0.0298584
2.138831e-008	0.0193604
2.141331e-008	0.0229736
2.143831e-008	0.0267822
2.146331e-008	0.0283691
2.148831e-008	0.0243164
2.151331e-008	0.0150635
2.153831e-008	0.0173584
2.156331e-008	0.0081543
2.158831e-008	0.0141357
2.161331e-008	0.0304199
2.163831e-008	0.0211182
2.166331e-008	0.0245117
2.168831e-008	0.0269775
2.171331e-008	0.0173096
2.173831e-008	0.0155274
2.176331e-008	0.0122559
2.178831e-008	0.0158936
2.181331e-008	0.0181397
2.183831e-008	0.0214844
2.186331e-008	0.022583
2.188831e-008	0.00712891
2.191331e-008	0.0065918
2.193831e-008	0.0215088
2.196331e-008	0.0324219
2.198831e-008	0.0316406
2.201331e-008	0.0222656
2.203831e-008	0.0249024
2.206331e-008	0.0284912
2.208831e-008	0.0254639
2.211331e-008	0.0222412
2.213831e-008	0.0150391
2.216331e-008	0.0171143
2.218831e-008	0.0299072
2.221331e-008	0.0296875
2.223831e-008	0.0175537
2.226331e-008	0.0195313
2.228831e-008	0.0207031
2.231331e-008	0.0128662
2.233831e-008	0.0219482
2.236331e-008	0.0193359
2.238831e-008	0.00451661
2.241331e-008	0.0101807
2.243831e-008	0.0225342
2.246331e-008	0.029419
2.248831e-008	0.0158691
2.251331e-008	0.0110352
2.253831e-008	0.0261475
2.256331e-008	0.0122803
2.258831e-008	0.008667
2.261331e-008	0.0279297
2.263831e-008	0.028418
2.266331e-008	0.028418
2.268831e-008	0.0165283
2.271331e-008	0.00510255
2.273831e-008	0.0166992
2.276331e-008	0.0200195
2.278831e-008	0.0214111
2.281331e-008	0.020459
2.283831e-008	0.0228272
2.286331e-008	0.0307861
2.288831e-008	0.0201172
2.291331e-008	0.0213379
2.293831e-008	0.0262451
2.296331e-008	0.0170899
2.298831e-008	0.0171875
2.301331e-008	0.0160889
2.303831e-008	0.0277588
2.306331e-008	0.0362305
2.308831e-008	0.0162354
2.311331e-008	0.0181885
2.313831e-008	0.0298096
2.316331e-008	0.0221436
2.318831e-008	0.0207764
2.321331e-008	0.0245361
2.323831e-008	0.0361084
2.326331e-008	0.0409424
2.328831e-008	0.0257813
2.331331e-008	0.0177002
2.333831e-008	0.0210938
2.336331e-008	0.0292969
2.338831e-008	0.0320801
2.341331e-008	0.0253662
2.343831e-008	0.0241211
2.346331e-008	0.0236572
2.348831e-008	0.0209961
2.351331e-008	0.0253174
2.353831e-008	0.0207764
2.356331e-008	0.00937501
2.358831e-008	0.0140381
2.361331e-008	0.0178711
2.363831e-008	0.0195068
2.366331e-008	0.0248535
2.368831e-008	0.0189209
2.371331e-008	0.015625
2.373831e-008	0.0247803
2.376331e-008	0.0343018
2.378831e-008	0.0269775
2.381331e-008	0.0132813
2.383831e-008	0.0119141
2.386331e-008	0.0113281
2.388831e-008	0.0187012
2.391331e-008	0.0240479
2.393831e-008	0.0167969
2.396331e-008	0.0195801
2.398831e-008	0.0225342
2.401331e-008	0.025
2.403831e-008	0.0340088
2.406331e-008	0.0307617
2.408831e-008	0.0197998
2.411331e-008	0.0135986
2.413831e-008	0.0151856
2.416331e-008	0.0175293
2.418831e-008	0.0198975
2.421331e-008	0.0253906
2.423831e-008	0.025708
2.426331e-008	0.0327393
2.428831e-008	0.0355225
2.431331e-008	0.026294
2.433831e-008	0.0274902
2.436331e-008	0.0244385
2.438831e-008	0.0158203
2.441331e-008	0.0113037
2.443831e-008	0.0164551
2.446331e-008	0.0301025
2.448831e-008	0.0250977
2.451331e-008	0.0249512
2.453831e-008	0.0381836
2.456331e-008	0.0300293
2.458831e-008	0.0177979
2.461331e-008	0.016919
2.463831e-008	0.01604
2.466331e-008	0.0158447
2.468831e-008	0.0170166
2.471331e-008	0.0180664
2.473831e-008	0.0169434
2.476331e-008	0.00903321
2.478831e-008	0.0141357
2.481331e-008	0.0259277
2.483831e-008	0.0168457
2.486331e-008	0.0115479
2.488831e-008	0.0117676
2.491331e-008	0.0155762
2.493831e-008	0.0274414
2.496331e-008	0.0170654
2.498831e-008	0.00927735
2.501331e-008	0.0290527
2.503831e-008	0.0411865
2.506331e-008	0.0258301
2.508831e-008	0.0060547
2.511331e-008	0.0110107
2.513831e-008	0.0279785
2.516331e-008	0.0302979
2.518831e-008	0.0309082
2.521331e-008	0.0326416
2.523831e-008	0.0220459
2.526331e-008	0.0198242
2.528831e-008	0.0196777
2.531331e-008	0.0179932
2.533831e-008	0.0233643
2.536331e-008	0.0131104
2.538831e-008	0.0155518
2.541331e-008	0.0281006
2.543831e-008	0.0259277
2.546331e-008	0.0278565
2.548831e-008	0.0224121
2.551331e-008	0.0215332
2.553831e-008	0.0196045
2.556331e-008	0.0170166
2.558831e-008	0.0359619
2.561331e-008	0.0265381
2.563831e-008	0.0152344
2.566331e-008	0.0327149
2.568831e-008	0.0220215
2.571331e-008	0.0135254
2.573831e-008	0.0308838
2.576331e-008	0.0320801
2.578831e-008	0.0243897
2.581331e-008	0.0276856
2.583831e-008	0.0346191
2.586331e-008	0.0346191
2.588831e-008	0.031543
2.591331e-008	0.0285645
2.593831e-008	0.0122315
2.596331e-008	0.00488282
2.598831e-008	0.0250977
2.601331e-008	0.0289551
2.603831e-008	0.0266358
2.606331e-008	0.0334229
2.608831e-008	0.0197266
2.611331e-008	0.020044
2.613831e-008	0.0270508
2.616331e-008	0.0155274
2.618831e-008	0.0195801
2.621331e-008	0.022583
2.623831e-008	0.0166992
2.626331e-008	0.0170899
2.628831e-008	0.00996095
2.631331e-008	0.0113037
2.633831e-008	0.0188721
2.636331e-008	0.0130371
2.638831e-008	0.0226563
2.641331e-008	0.0320557
2.643831e-008	0.0191895
2.646331e-008	0.0178467
2.648831e-008	0.0142822
2.651331e-008	0.012085
2.653831e-008	0.0228027
2.656331e-008	0.0217529
2.658831e-008	0.0327637
2.661331e-008	0.0360596
2.663831e-008	0.0206543
2.666331e-008	0.0307373
2.668831e-008	0.0227783
2.671331e-008	0.00541993
2.673831e-008	0.02854
2.676331e-008	0.0276123
2.678831e-008	0.0138184
2.681331e-008	0.0333252
2.683831e-008	0.0381836
2.686331e-008	0.0304688
2.688831e-008	0.0253418
2.691331e-008	0.0206787
2.693831e-008	0.0209717
2.696331e-008	0.0142822
2.698831e-008	0.025
2.701331e-008	0.0377197
2.703831e-008	0.0264649
2.706331e-008	0.0210449
2.708831e-008	0.0145264
2.711331e-008	0.0178223
2.713831e-008	0.0391846
2.716331e-008	0.0254395
2.718831e-008	-0.000292961
2.721331e-008	0.0140137
2.723831e-008	0.0282227
2.726331e-008	0.0242188
2.728831e-008	0.0166748
2.731331e-008	0.00515137
2.733831e-008	0.0161377
2.736331e-008	0.0259033
2.738831e-008	0.00632325
2.741331e-008	0.00434571
2.743831e-008	0.0257568
2.746331e-008	0.0282715
2.748831e-008	0.0118652
2.751331e-008	0.0109131
2.753831e-008	0.0220703
2.756331e-008	0.0228272
2.758831e-008	0.024585
2.761331e-008	0.0285889
2.763831e-008	0.0229981
2.766331e-008	0.020166
2.768831e-008	0.0245117
2.771331e-008	0.0249512
2.773831e-008	0.0219238
2.776331e-008	0.0173096
2.778831e-008	0.0226318
2.781331e-008	0.0301514
2.783831e-008	0.0197266
2.786331e-008	0.0121338
2.788831e-008	0.0133301
2.791331e-008	0.0158691
2.793831e-008	0.0210938
2.796331e-008	0.0267334
2.798831e-008	0.0335205
2.801331e-008	0.0203613
2.803831e-008	0.0136963
2.806331e-008	0.0333496
2.808831e-008	0.018457
2.811331e-008	0.000732429
2.813831e-008	0.0187012
2.816331e-008	0.0119873
2.818831e-008	0.00217286
2.821331e-008	0.0181152
2.823831e-008	0.0269775
2.826331e-008	0.0286621
2.828831e-008	0.0270752
2.831331e-008	0.0259277
2.833831e-008	0.0251953
2.836331e-008	0.0190674
2.838831e-008	0.0136719
2.841331e-008	0.0177734
2.843831e-008	0.0317627
2.846331e-008	0.0302734
2.848831e-008	0.0151123
2.851331e-008	0.0175537
2.853831e-008	0.0208008
2.856331e-008	0.00993653
2.858831e-008	0.0107422
2.861331e-008	0.0138428
2.863831e-008	0.0173096
2.866331e-008	0.0332275
2.868831e-008	0.0282227
2.871331e-008	0.0161865
2.873831e-008	0.027002
2.876331e-008	0.0273926
2.878831e-008	0.0152344
2.881331e-008	0.0157715
2.883831e-008	0.0177734
2.886331e-008	0.0187988
2.888831e-008	0.0224609
2.891331e-008	0.0209961
2.893831e-008	0.0246094
2.896331e-008	0.0287109
2.898831e-008	0.0277588
2.901331e-008	0.025293
2.903831e-008	0.0176025
2.906331e-008	0.0160645
2.908831e-008	0.0161377
2.911331e-008	0.0187988
2.913831e-008	0.0270996
2.916331e-008	0.0237061
2.918831e-008	0.0203369
2.921331e-008	0.0204102
2.923831e-008	0.0276367
2.926331e-008	0.0465576
2.928831e-008	0.033374
2.931331e-008	0.011792
2.933831e-008	0.0243652
2.936331e-008	0.0213379
2.938831e-008	0.00922852
2.941331e-008	0.0166016
2.943831e-008	0.0194336
2.946331e-008	0.0241455
2.948831e-008	0.0262695
2.951331e-008	0.0189453
2.953831e-008	0.0164795
2.956331e-008	0.0207764
2.958831e-008	0.0237793
2.961331e-008	0.0191162
2.963831e-008	0.0210938
2.966331e-008	0.0197022
2.968831e-008	0.0157471
2.971331e-008	0.0242676
2.973831e-008	0.0195801
2.976331e-008	0.0186524
2.978831e-008	0.0287354
2.981331e-008	0.0190918
2.983831e-008	0.0191406
2.986331e-008	0.0286377
2.988831e-008	0.0210693
2.991331e-008	0.0222168
2.993831e-008	0.0289307
2.996331e-008	0.026709
2.998831e-008	0.0222168
3.001331e-008	0.020044
3.003831e-008	0.0305908
3.006331e-008	0.0261963
3.008831e-008	0.0110596
3.011331e-008	0.0252441
3.013831e-008	0.0293457
3.016331e-008	0.0187012
3.018831e-008	0.0294922
3.021331e-008	0.0295899
3.023831e-008	0.0192627
3.026331e-008	0.0217529
3.028831e-008	0.0211914
3.031331e-008	0.0229736
3.033831e-008	0.0310059
3.036331e-008	0.02854
3.038831e-008	0.0210938
3.041331e-008	0.0183106
3.043831e-008	0.0241699
3.046331e-008	0.0358154
3.048831e-008	0.0247559
3.051331e-008	0.0109863
3.053831e-008	0.0203125
3.056331e-008	0.0135742
3.058831e-008	0.0144043
3.061331e-008	0.0338379
3.063831e-008	0.028418
3.066331e-008	0.0207275
3.068831e-008	0.0184326
3.071331e-008	0.0183594
3.073831e-008	0.0238525
3.076331e-008	0.0202393
3.078831e-008	0.0149414
3.081331e-008	0.00302735
3.083831e-008	0.00610352
3.086331e-008	0.0286377
3.088831e-008	0.0231934
3.091331e-008	0.0117188
3.093831e-008	0.0175049
3.096331e-008	0.0181152
3.098831e-008	0.0212158
3.101331e-008	0.0255371
3.103831e-008	0.0255371
3.106331e-008	0.0299316
3.108831e-008	0.036084
3.111331e-008	0.0353027
3.113831e-008	0.0162598
3.116331e-008	0.00656739
3.118831e-008	0.0229736
3.121331e-008	0.0266846
3.123831e-008	0.0287109
3.126331e-008	0.0378418
3.128831e-008	0.023584
3.131331e-008	0.0134277
3.133831e-008	0.0175293
3.136331e-008	0.0171387
3.138831e-008	0.0251953
3.141331e-008	0.0173828
3.143831e-008	0.00700684
3.146331e-008	0.0237549
3.148831e-008	0.0234131
3.151331e-008	0.0221191
3.153831e-008	0.0268311
3.156331e-008	0.0196533
3.158831e-008	0.0320313
3.161331e-008	0.0198731
3.163831e-008	0.000561531
3.166331e-008	0.0307861
3.168831e-008	0.0355225
3.171331e-008	0.0174316
3.173831e-008	0.022876
3.176331e-008	0.021167
3.178831e-008	0.0222656
3.181331e-008	0.0294922
3.183831e-008	0.0277588
3.186331e-008	0.0229981
3.188831e-008	0.0146484
3.191331e-008	0.0179688
3.193831e-008	0.0314697
3.196331e-008	0.029834
3.198831e-008	0.0176514
3.201331e-008	0.0177734
3.203831e-008	0.024585
3.206331e-008	0.0296143
3.208831e-008	0.0380859
3.211331e-008	0.026001
3.213831e-008	0.00991212
3.216331e-008	0.0258057
3.218831e-008	0.0375244
3.221331e-008	0.0282959
3.223831e-008	0.0212158
3.226331e-008	0.0191406
3.228831e-008	0.0208008
3.231331e-008	0.0232178
3.233831e-008	0.0226563
3.236331e-008	0.0218018
3.238831e-008	0.0163818
3.241331e-008	0.0111572
3.243831e-008	0.0211182
3.246331e-008	0.0212647
3.248831e-008	0.0103516
3.251331e-008	0.0193359
3.253831e-008	0.020459
3.256331e-008	0.0154053
3.258831e-008	0.0249268
3.261331e-008	0.0166992
3.263831e-008	0.0105713
3.266331e-008	0.0195313
3.268831e-008	0.0115967
3.271331e-008	0.014209
3.273831e-008	0.0286133
3.276331e-008	0.0275879
3.278831e-008	0.030957
3.281331e-008	0.029834
3.283831e-008	0.0250488
3.286331e-008	0.0325195
3.288831e-008	0.0258301
3.291331e-008	0.0159668
3.293831e-008	0.0171631
3.296331e-008	0.0115723
3.298831e-008	0.0126953
3.301331e-008	0.0220703
3.303831e-008	0.0263916
3.306331e-008	0.0234131
3.308831e-008	0.0201416
3.311331e-008	0.0304199
3.313831e-008	0.0355469
3.316331e-008	0.0234619
3.318831e-008	0.0208984
3.321331e-008	0.0282471
3.323831e-008	0.0261231
3.326331e-008	0.0278565
3.328831e-008	0.0314209
3.331331e-008	0.023169
3.333831e-008	0.023877
3.336331e-008	0.0245361
3.338831e-008	0.0157959
3.341331e-008	0.0151611
3.343831e-008	0.0190186
3.346331e-008	0.0257324
3.348831e-008	0.0239014
3.351331e-008	0.0165772
3.353831e-008	0.0216797
3.356331e-008	0.0170899
3.358831e-008	0.00610352
3.361331e-008	0.0135254
3.363831e-008	0.0311524
3.366331e-008	0.0358154
3.368831e-008	0.0132568
3.371331e-008	0.00610352
3.373831e-008	0.0231934
3.376331e-008	0.0206787
3.378831e-008	0.0174561
3.381331e-008	0.0193115
3.383831e-008	0.0226563
3.386331e-008	0.0295899
3.388831e-008	0.0185303
3.391331e-008	0.0176758
3.393831e-008	0.0268799
3.396331e-008	0.0255127
3.398831e-008	0.0315186
3.401331e-008	0.0286621
3.403831e-008	0.0233399
3.406331e-008	0.0309815
3.408831e-008	0.0227539
3.411331e-008	0.0166504
3.413831e-008	0.0302002
3.416331e-008	0.0241699
3.418831e-008	0.0176025
3.421331e-008	0.0293945
3.423831e-008	0.0256348
3.426331e-008	0.0304199
3.428831e-008	0.036792
3.431331e-008	0.016919
3.433831e-008	0.0158936
3.436331e-008	0.027002
3.438831e-008	0.0216553
3.441331e-008	0.0197998
3.443831e-008	0.0246094
3.446331e-008	0.0259522
3.448831e-008	0.021875
3.451331e-008	0.0185059
3.453831e-008	0.0130127
3.456331e-008	0.00844727
3.458831e-008	0.0217774
3.461331e-008	0.0325195
3.463831e-008	0.0314453
3.466331e-008	0.0323242
3.468831e-008	0.0201904
3.471331e-008	0.0171143
3.473831e-008	0.0299316
3.476331e-008	0.0255615
3.478831e-008	0.0132568
3.481331e-008	0.00559083
3.483831e-008	0.0153076
3.486331e-008	0.0290039
3.488831e-008	0.0246094
3.491331e-008	0.0206299
3.493831e-008	0.0122803
3.496331e-008	0.011792
3.498831e-008	0.0311524
3.501331e-008	0.032544
3.503831e-008	0.0185303
3.506331e-008	0.0159668
3.508831e-008	0.0178467
3.511331e-008	0.0185303
3.513831e-008	0.0201416
3.516331e-008	0.0155274
3.518831e-008	0.0112305
3.521331e-008	0.0130859
3.523831e-008	0.0143555
3.526331e-008	0.0143799
3.528831e-008	0.0133545
3.531331e-008	0.0153076
3.533831e-008	0.0181152
3.536331e-008	0.0266358
3.538831e-008	0.0315186
3.541331e-008	0.0195801
3.543831e-008	0.0242676
3.546331e-008	0.0313965
3.548831e-008	0.0212402
3.551331e-008	0.0262451
3.553831e-008	0.0293213
3.556331e-008	0.0207275
3.558831e-008	0.0210205
3.561331e-008	0.0213135
3.563831e-008	0.0190918
3.566331e-008	0.0272705
3.568831e-008	0.0381348
3.571331e-008	0.0352783
3.573831e-008	0.0310547
3.576331e-008	0.0233887
3.578831e-008	0.0155762
3.581331e-008	0.034082
3.583831e-008	0.0489014
3.586331e-008	0.0339356
3.588831e-008	0.0124024
3.591331e-008	0.00937501
3.593831e-008	0.0268066
3.596331e-008	0.0336182
3.598831e-008	0.0230469
3.601331e-008	0.0171387
3.603831e-008	0.025293
3.606331e-008	0.0355469
3.608831e-008	0.02771
3.611331e-008	0.0235596
3.613831e-008	0.0280518
3.616331e-008	0.0108887
3.618831e-008	0.00217286
3.621331e-008	0.0116943
3.623831e-008	0.0182373
3.626331e-008	0.0269287
3.628831e-008	0.0189209
3.631331e-008	0.0147461
3.633831e-008	0.0243897
3.636331e-008	0.0196289
3.638831e-008	0.0186768
3.641331e-008	0.0185059
3.643831e-008	0.0219971
3.646331e-008	0.032959
3.648831e-008	0.0294922
3.651331e-008	0.0229981
3.653831e-008	0.0208252
3.656331e-008	0.0250488
3.658831e-008	0.0240234
3.661331e-008	0.0182373
3.663831e-008	0.0321777
3.666331e-008	0.0381348
3.668831e-008	0.0280274
3.671331e-008	0.0192139
3.673831e-008	0.00546876
3.676331e-008	0.013208
3.678831e-008	0.0328858
3.681331e-008	0.0277344
3.683831e-008	0.0233399
3.686331e-008	0.0305176
3.688831e-008	0.0275391
3.691331e-008	0.018457
3.693831e-008	0.0244141
3.696331e-008	0.0297119
3.698831e-008	0.0164551
3.701331e-008	0.0179932
3.703831e-008	0.0252197
3.706331e-008	0.0130859
3.708831e-008	0.00310059
3.711331e-008	0.00888673
3.713831e-008	0.0292725
3.716331e-008	0.0356445
3.718831e-008	0.0226318
3.721331e-008	0.0279785
3.723831e-008	0.0388672
3.726331e-008	0.026709
3.728831e-008	0.0117188
3.731331e-008	0.0140625
3.733831e-008	0.0164307
3.736331e-008	0.0117432
3.738831e-008	0.0146729
3.741331e-008	0.0168945
3.743831e-008	0.023999
3.746331e-008	0.032544
3.748831e-008	0.0119873
3.751331e-008	0.00488282
3.753831e-008	0.0265381
3.756331e-008	0.0257324
3.758831e-008	0.0239746
3.761331e-008	0.030127
3.763831e-008	0.0254883
3.766331e-008	0.0219727
3.768831e-008	0.0228516
3.771331e-008	0.0321289
3.773831e-008	0.030127
3.776331e-008	0.0193848
3.778831e-008	0.0219238
3.781331e-008	0.0202881
3.783831e-008	0.0202149
3.786331e-008	0.0224121
3.788831e-008	0.0168701
3.791331e-008	0.0231934
3.793831e-008	0.0311524
3.796331e-008	0.0306641
3.798831e-008	0.0357422
3.801331e-008	0.0288574
3.803831e-008	0.02229
3.806331e-008	0.0313477
3.808831e-008	0.0217529
3.811331e-008	0.0142334
3.813831e-008	0.0203857
3.816331e-008	0.0180176
3.818831e-008	0.0276367
3.821331e-008	0.0291992
3.823831e-008	0.019165
3.826331e-008	0.0282959
3.828831e-008	0.0265869
3.831331e-008	0.022168
3.833831e-008	0.0250244
3.836331e-008	0.0108154
3.838831e-008	0.0182861
3.841331e-008	0.0343506
3.843831e-008	0.022583
3.846331e-008	0.0197266
3.848831e-008	0.0206055
3.851331e-008	0.0226807
3.853831e-008	0.0300537
3.856331e-008	0.0150147
3.858831e-008	0.0144531
3.861331e-008	0.0321533
3.863831e-008	0.023291
3.866331e-008	0.0190674
3.868831e-008	0.0299561
3.871331e-008	0.0246338
3.873831e-008	0.0238037
3.876331e-008	0.030127
3.878831e-008	0.019165
3.881331e-008	0.012207
3.883831e-008	0.0210205
3.886331e-008	0.0260986
3.888831e-008	0.0199463
3.891331e-008	0.0206299
3.893831e-008	0.0306152
3.896331e-008	0.0277344
3.898831e-008	0.0286377
3.901331e-008	0.0304932
3.903831e-008	0.0204102
3.906331e-008	0.0209961
3.908831e-008	0.0183594
3.911331e-008	0.0133057
3.913831e-008	0.0203369
3.916331e-008	0.0222656
3.918831e-008	0.0179199
3.921331e-008	0.0152832
3.923831e-008	0.0207275
3.926331e-008	0.0285156
3.928831e-008	0.0204346
3.931331e-008	0.010376
3.933831e-008	0.0193848
3.936331e-008	0.0249756
3.938831e-008	0.018457
3.941331e-008	0.0182861
3.943831e-008	0.0182617
3.946331e-008	0.0161133
3.948831e-008	0.0177002
3.951331e-008	0.0220703
3.953831e-008	0.0197022
3.956331e-008	0.0158691
3.958831e-008	0.0215332
3.961331e-008	0.0201172
3.963831e-008	0.0243652
3.966331e-008	0.0276856
3.968831e-008	0.0174316
3.971331e-008	0.0221924
3.973831e-008	0.024292
3.976331e-008	0.0188965
3.978831e-008	0.0260742
3.981331e-008	0.0351563
3.983831e-008	0.0297608
3.986331e-008	0.0194092
3.988831e-008	0.0268555
3.991331e-008	0.0266358
3.993831e-008	0.0142822
3.996331e-008	0.0197266
3.998831e-008	0.0309082
4.001331e-008	0.0198486
4.003831e-008	0.00793458
4.006331e-008	0.027417
4.008831e-008	0.0299316
4.011331e-008	0.0164795
4.013831e-008	0.0302002
4.016331e-008	0.0333252
4.018831e-008	0.0283691
4.021331e-008	0.0291504
4.023831e-008	0.0218262
4.026331e-008	0.0192139
4.028831e-008	0.0205566
4.031331e-008	0.0211914
4.033831e-008	0.00527345
4.036331e-008	0.00156251
4.038831e-008	0.0323975
4.041331e-008	0.0337891
4.043831e-008	0.0222412
4.046331e-008	0.0177734
4.048831e-008	0.00354005
4.051331e-008	0.0229248
4.053831e-008	0.0324463
4.056331e-008	0.0116943
4.058831e-008	0.0188232
4.061331e-008	0.0237061
4.063831e-008	0.0171143
4.066331e-008	0.0185303
4.068831e-008	0.0169922
4.071331e-008	0.0279785
4.073831e-008	0.0361328
4.076331e-008	0.0253174
4.078831e-008	0.0171387
4.081331e-008	0.0156738
4.083831e-008	0.0244629
4.086331e-008	0.0270264
4.088831e-008	0.0171631
4.091331e-008	0.0160889
4.093831e-008	0.0102783
4.096331e-008	0.0154053
4.098831e-008	0.0374024
4.101331e-008	0.0324707
4.103831e-008	0.0170899
4.106331e-008	0.0170654
4.108831e-008	0.0179199
4.111331e-008	0.0181397
4.113831e-008	0.0189697
4.116331e-008	0.0180176
4.118831e-008	0.0162354
4.121331e-008	0.015918
4.123831e-008	0.0232422
4.126331e-008	0.0257568
4.128831e-008	0.0111084
4.131331e-008	0.0135986
4.133831e-008	0.0286377
4.136331e-008	0.0240723
4.138831e-008	0.0251953
4.141331e-008	0.0254639
4.143831e-008	0.0224121
4.146331e-008	0.0328125
4.148831e-008	0.0280029
4.151331e-008	0.0172852
4.153831e-008	0.0160889
4.156331e-008	0.0195068
4.158831e-008	0.0233887
4.161331e-008	0.0132813
4.163831e-008	0.0177246
4.166331e-008	0.029126
4.168831e-008	0.0169434
4.171331e-008	0.0174561
4.173831e-008	0.0288818
4.176331e-008	0.0269775
4.178831e-008	0.0230225
4.181331e-008	0.0219971
4.183831e-008	0.0262695
4.186331e-008	0.0238037
4.188831e-008	0.0162354
4.191331e-008	0.0208496
4.193831e-008	0.0211182
4.196331e-008	0.0191406
4.198831e-008	0.0306641
4.201331e-008	0.027124
4.203831e-008	0.0113525
4.206331e-008	0.0152588
4.208831e-008	0.0196289
4.211331e-008	0.016626
4.213831e-008	0.0222656
4.216331e-008	0.0241211
4.218831e-008	0.0170654
4.221331e-008	0.0157959
4.223831e-008	0.0260254
4.226331e-008	0.0296631
4.228831e-008	0.0236328
4.231331e-008	0.0218018
4.233831e-008	0.0218018
4.236331e-008	0.0270264
4.238831e-008	0.0183838
4.241331e-008	0.00371095
4.243831e-008	0.0226563
4.246331e-008	0.0320557
4.248831e-008	0.0153076
4.251331e-008	0.0178955
4.253831e-008	0.0312012
4.256331e-008	0.0295654
4.258831e-008	0.0189697
4.261331e-008	0.0195068
4.263831e-008	0.0271484
4.266331e-008	0.0275879
4.268831e-008	0.0147217
4.271331e-008	0.00620118
4.273831e-008	0.0208984
4.276331e-008	0.0289795
4.278831e-008	0.0317383
4.281331e-008	0.0244873
4.283831e-008	0.00317384
4.286331e-008	0.0198731
4.288831e-008	0.0358154
4.291331e-008	0.0211426
4.293831e-008	0.024585
4.296331e-008	0.0279785
4.298831e-008	0.0215088
4.301331e-008	0.0187256
4.303831e-008	0.0120606
4.306331e-008	0.0202637
4.308831e-008	0.0318359
4.311331e-008	0.0307129
4.313831e-008	0.0369873
4.316331e-008	0.030249
4.318831e-008	0.0147217
4.321331e-008	0.0256836
4.323831e-008	0.0229248
4.326331e-008	0.00200196
4.328831e-008	0.00937501
4.331331e-008	0.0190918
4.333831e-008	0.0287842
4.336331e-008	0.0413574
4.338831e-008	0.0291504
4.341331e-008	0.0242676
4.343831e-008	0.0260742
4.346331e-008	0.0162842
4.348831e-008	0.0169678
4.351331e-008	0.0206543
4.353831e-008	0.013794
4.356331e-008	0.008667
4.358831e-008	0.0160889
4.361331e-008	0.0189453
4.363831e-008	0.0162842
4.366331e-008	0.0237305
4.368831e-008	0.0268066
4.371331e-008	0.0182373
4.373831e-008	0.0124024
4.376331e-008	0.0138672
4.378831e-008	0.0154541
4.381331e-008	0.0209473
4.383831e-008	0.0327637
4.386331e-008	0.0310791
4.388831e-008	0.0190918
4.391331e-008	0.0158447
4.393831e-008	0.0157471
4.396331e-008	0.0168457
4.398831e-008	0.0104248
4.401331e-008	0.013794
4.403831e-008	0.0443604
4.406331e-008	0.0405274
4.408831e-008	0.0200195
4.411331e-008	0.0255127
4.413831e-008	0.00966798
4.416331e-008	0.00483399
4.418831e-008	0.0314697
4.421331e-008	0.0314453
4.423831e-008	0.0152832
4.426331e-008	0.0157959
4.428831e-008	0.0209717
4.431331e-008	0.0119873
4.433831e-008	0.00786134
4.436331e-008	0.0189697
4.438831e-008	0.0114014
4.441331e-008	0.00769044
4.443831e-008	0.0291748
4.446331e-008	0.0243408
4.448831e-008	0.0109863
4.451331e-008	0.019458
4.453831e-008	0.0192139
4.456331e-008	0.0210449
4.458831e-008	0.0298828
4.461331e-008	0.0250733
4.463831e-008	0.0177979
4.466331e-008	0.0178955
4.468831e-008	0.0136231
4.471331e-008	0.014209
4.473831e-008	0.0266846
4.476331e-008	0.0255615
4.478831e-008	0.0236084
4.481331e-008	0.0254639
4.483831e-008	0.0206055
4.486331e-008	0.0263916
4.488831e-008	0.0268311
4.491331e-008	0.0215088
4.493831e-008	0.022168
4.496331e-008	0.0241455
4.498831e-008	0.0272217
4.501331e-008	0.0224121
4.503831e-008	0.0251465
4.506331e-008	0.0250488
4.508831e-008	0.0145508
4.511331e-008	0.019458
4.513831e-008	0.0199463
4.516331e-008	0.0144775
4.518831e-008	0.0178467
4.521331e-008	0.0207275
4.523831e-008	0.0220703
4.526331e-008	0.0228272
4.528831e-008	0.0254883
4.531331e-008	0.0163818
4.533831e-008	0.0117188
4.536331e-008	0.0314941
4.538831e-008	0.0314453
4.541331e-008	0.0169922
4.543831e-008	0.0233643
4.546331e-008	0.0177002
4.548831e-008	-7.32347e-005
4.551331e-008	0.0083252
4.553831e-008	0.0204834
4.556331e-008	0.0135986
4.558831e-008	0.0111816
4.561331e-008	0.0205078
4.563831e-008	0.0321045
4.566331e-008	0.0362305
4.568831e-008	0.0229004
4.571331e-008	0.0162842
4.573831e-008	0.0224365
4.576331e-008	0.0157715
4.578831e-008	0.0186279
4.581331e-008	0.0217041
4.583831e-008	0.0130859
4.586331e-008	0.0254883
4.588831e-008	0.0270264
4.591331e-008	0.0108154
4.593831e-008	0.00786134
4.596331e-008	0.0136475
4.598831e-008	0.0263428
4.601331e-008	0.0294678
4.603831e-008	0.0270752
4.606331e-008	0.0281494
4.608831e-008	0.022583
4.611331e-008	0.0220459
4.613831e-008	0.0280029
4.616331e-008	0.0268799
4.618831e-008	0.0258545
4.621331e-008	0.0323731
4.623831e-008	0.0185547
4.626331e-008	-0.00502929
4.628831e-008	0.00627442
4.631331e-008	0.022876
4.633831e-008	0.0183594
4.636331e-008	0.0162109
4.638831e-008	0.0237061
4.641331e-008	0.0345703
4.643831e-008	0.0400147
4.646331e-008	0.0325928
4.648831e-008	0.0172363
4.651331e-008	0.0119141
4.653831e-008	0.0155762
4.656331e-008	0.0196533
4.658831e-008	0.0298828
4.661331e-008	0.0271484
4.663831e-008	0.0206055
4.666331e-008	0.038916
4.668831e-008	0.0399902
4.671331e-008	0.0146973
4.673831e-008	0.0135742
4.676331e-008	0.0223145
4.678831e-008	0.0162598
4.681331e-008	0.0146484
4.683831e-008	0.0209229
4.686331e-008	0.0250488
4.688831e-008	0.0219238
4.691331e-008	0.0161621
4.693831e-008	0.0144775
4.696331e-008	0.0163574
4.698831e-008	0.0154541
4.701331e-008	0.0141113
4.703831e-008	0.0146973
4.706331e-008	0.00566407
4.708831e-008	0.00788575
4.711331e-008	0.0262451
4.713831e-008	0.0275391
4.716331e-008	0.0134522
4.718831e-008	0.00700684
4.721331e-008	0.0168213
4.723831e-008	0.0212891
4.726331e-008	0.0187012
4.728831e-008	0.0208984
4.731331e-008	0.0186279
4.733831e-008	0.0194336
4.736331e-008	0.0141846
4.738831e-008	0.00549317
4.741331e-008	0.00859376
4.743831e-008	0.00903321
4.746331e-008	0.0169434
4.748831e-008	0.0227051
4.751331e-008	0.0140381
4.753831e-008	0.0210205
4.756331e-008	0.0284912
4.758831e-008	0.0210449
4.761331e-008	0.0168945
4.763831e-008	0.0147705
4.766331e-008	0.0135498
4.768831e-008	0.0139404
4.771331e-008	0.017334
4.773831e-008	0.0199951
4.776331e-008	0.0185303
4.778831e-008	0.0189209
4.781331e-008	0.0184082
4.783831e-008	0.0278809
4.786331e-008	0.0290527
4.788831e-008	0.00937501
4.791331e-008	0.0182861
4.793831e-008	0.0330078
4.796331e-008	0.0162842
4.798831e-008	0.0114014
4.801331e-008	0.0195557
4.803831e-008	0.0185303
4.806331e-008	0.0117432
4.808831e-008	0.00700684
4.811331e-008	0.0141357
4.813831e-008	0.0191895
4.816331e-008	0.019751
4.818831e-008	0.0182617
4.821331e-008	0.0114746
4.823831e-008	0.0215332
4.826331e-008	0.032666
4.828831e-008	0.0142334
4.831331e-008	0.0101318
4.833831e-008	0.02854
4.836331e-008	0.0177246
4.838831e-008	0.0151123
4.841331e-008	0.0349365
4.843831e-008	0.0326416
4.846331e-008	0.0268311
4.848831e-008	0.0236328
4.851331e-008	0.0281983
4.853831e-008	0.031958
4.856331e-008	0.0145264
4.858831e-008	0.0101074
4.861331e-008	0.0147461
4.863831e-008	0.02229
4.866331e-008	0.0339844
4.868831e-008	0.0240479
4.871331e-008	0.0182373
4.873831e-008	0.0233399
4.876331e-008	0.0162842
4.878831e-008	0.0127686
4.881331e-008	0.00949708
4.883831e-008	0.0126709
4.886331e-008	0.0278809
4.888831e-008	0.0212402
4.891331e-008	0.0144287
4.893831e-008	0.0208984
4.896331e-008	0.0144531
4.898831e-008	0.0132568
4.901331e-008	0.0187744
4.903831e-008	0.0225098
4.906331e-008	0.023999
4.908831e-008	0.0163818
4.911331e-008	0.0193359
4.913831e-008	0.0255615
4.916331e-008	0.0140869
4.918831e-008	0.0180176
4.921331e-008	0.0371826
4.923831e-008	0.0299561
4.926331e-008	0.0239746
4.928831e-008	0.0293457
4.931331e-008	0.0209229
4.933831e-008	0.0269531
4.936331e-008	0.0369385
4.938831e-008	0.0236084
4.941331e-008	0.0104736
4.943831e-008	0.0177002
4.946331e-008	0.0276611
4.948831e-008	0.0167236
4.951331e-008	0.0156738
4.953831e-008	0.0244141
4.956331e-008	0.0163086
4.958831e-008	0.0162354
4.961331e-008	0.0223877
4.963831e-008	0.0244385
4.966331e-008	0.0316406
4.968831e-008	0.0314453
4.971331e-008	0.0201416
4.973831e-008	0.0180176
4.976331e-008	0.0265381
4.978831e-008	0.0263916
4.981331e-008	0.0250244
4.983831e-008	0.0311279
4.986331e-008	0.0281006
4.988831e-008	0.0168701
4.991331e-008	0.0144775
4.993831e-008	0.0204346
4.996331e-008	0.0254395
4.998831e-008	0.022583
5.001331e-008	0.0192383
