# LECROYWM813Zi	51496	Waveform
# Segments	1	SegmentSize	4002
# Segment	TrigTime	TimeSinceSegment1
# #1	30-Nov-2018 17:25:02	0                 
# Time	Ampl
-5.0013e-008	0.0231201
-4.9988e-008	0.0221436
-4.9963e-008	0.0130859
-4.9938e-008	0.00725098
-4.9913e-008	0.0269775
-4.9888e-008	0.0367432
-4.9863e-008	0.0236816
-4.9838e-008	0.0180664
-4.9813e-008	0.0236084
-4.9788e-008	0.0293701
-4.9763e-008	0.0211182
-4.9738e-008	0.0117188
-4.9713e-008	0.0177734
-4.9688e-008	0.015625
-4.9663e-008	-0.00327148
-4.9638e-008	-0.00290527
-4.9613e-008	0.0180908
-4.9588e-008	0.0220459
-4.9563e-008	0.0117676
-4.9538e-008	0.0091797
-4.9513e-008	0.0217285
-4.9488e-008	0.0243652
-4.9463e-008	0.0134766
-4.9438e-008	0.0221436
-4.9413e-008	0.0249024
-4.9388e-008	0.0195313
-4.9363e-008	0.0330078
-4.9338e-008	0.0320557
-4.9313e-008	0.0174316
-4.9288e-008	0.0197998
-4.9263e-008	0.0230713
-4.9238e-008	0.0198975
-4.9213e-008	0.0173096
-4.9188e-008	0.0204102
-4.9163e-008	0.0276856
-4.9138e-008	0.0132324
-4.9113e-008	0.00830079
-4.9088e-008	0.0212647
-4.9063e-008	0.0111816
-4.9038e-008	0.0156738
-4.9013e-008	0.0309326
-4.8988e-008	0.027002
-4.8963e-008	0.0241455
-4.8938e-008	0.0229248
-4.8913e-008	0.0237305
-4.8888e-008	0.0196289
-4.8863e-008	0.0157959
-4.8838e-008	0.0214844
-4.8813e-008	0.0210449
-4.8788e-008	0.0213867
-4.8763e-008	0.0268311
-4.8738e-008	0.0203613
-4.8713e-008	0.0156982
-4.8688e-008	0.0230713
-4.8663e-008	0.0179443
-4.8638e-008	0.0160889
-4.8613e-008	0.028125
-4.8588e-008	0.0285889
-4.8563e-008	0.0187012
-4.8538e-008	0.0155518
-4.8513e-008	0.0258789
-4.8488e-008	0.0252686
-4.8463e-008	0.0189941
-4.8438e-008	0.0303711
-4.8413e-008	0.0356934
-4.8388e-008	0.0315674
-4.8363e-008	0.0312744
-4.8338e-008	0.0262207
-4.8313e-008	0.0229736
-4.8288e-008	0.033374
-4.8263e-008	0.0311524
-4.8238e-008	0.0145264
-4.8213e-008	0.0123779
-4.8188e-008	0.0189697
-4.8163e-008	0.0248047
-4.8138e-008	0.0182373
-4.8113e-008	0.0227539
-4.8088e-008	0.0356445
-4.8063e-008	0.00632325
-4.8038e-008	0.00114747
-4.8013e-008	0.0307617
-4.7988e-008	0.0215576
-4.7963e-008	0.0105469
-4.7938e-008	0.0140869
-4.7913e-008	0.0218018
-4.7888e-008	0.0298828
-4.7863e-008	0.0248535
-4.7838e-008	0.0280274
-4.7813e-008	0.0276611
-4.7788e-008	0.0239014
-4.7763e-008	0.0286865
-4.7738e-008	0.0261231
-4.7713e-008	0.0261963
-4.7688e-008	0.0237305
-4.7663e-008	0.0116943
-4.7638e-008	0.00827637
-4.7613e-008	0.0142334
-4.7588e-008	0.0207031
-4.7563e-008	0.0250488
-4.7538e-008	0.0271729
-4.7513e-008	0.0308594
-4.7488e-008	0.0299316
-4.7463e-008	0.0207031
-4.7438e-008	0.0186279
-4.7413e-008	0.0213867
-4.7388e-008	0.0205078
-4.7363e-008	0.0234619
-4.7338e-008	0.0294922
-4.7313e-008	0.0360108
-4.7288e-008	0.0296631
-4.7263e-008	0.0148193
-4.7238e-008	0.0201172
-4.7213e-008	0.0275147
-4.7188e-008	0.0238037
-4.7163e-008	0.0286865
-4.7138e-008	0.0337647
-4.7113e-008	0.0347656
-4.7088e-008	0.029419
-4.7063e-008	0.0141113
-4.7038e-008	0.0134522
-4.7013e-008	0.0246582
-4.6988e-008	0.025293
-4.6963e-008	0.0238525
-4.6938e-008	0.0317871
-4.6913e-008	0.0350098
-4.6888e-008	0.0299316
-4.6863e-008	0.032544
-4.6838e-008	0.0303955
-4.6813e-008	0.0191406
-4.6788e-008	0.0206787
-4.6763e-008	0.0214111
-4.6738e-008	0.005542
-4.6713e-008	0.0131104
-4.6688e-008	0.0370117
-4.6663e-008	0.0237061
-4.6638e-008	0.0155029
-4.6613e-008	0.0245361
-4.6588e-008	0.0142822
-4.6563e-008	0.0252441
-4.6538e-008	0.0408691
-4.6513e-008	0.0293457
-4.6488e-008	0.017749
-4.6463e-008	0.00439454
-4.6438e-008	0.00695802
-4.6413e-008	0.0190186
-4.6388e-008	0.0169434
-4.6363e-008	0.0202149
-4.6338e-008	0.0216553
-4.6313e-008	0.0272705
-4.6288e-008	0.0366455
-4.6263e-008	0.0272461
-4.6238e-008	0.0185791
-4.6213e-008	0.023877
-4.6188e-008	0.0320313
-4.6163e-008	0.0236572
-4.6138e-008	0.0169678
-4.6113e-008	0.0346924
-4.6088e-008	0.0310303
-4.6063e-008	0.0110107
-4.6038e-008	0.0153076
-4.6013e-008	0.0134766
-4.5988e-008	0.00705567
-4.5963e-008	0.0238037
-4.5938e-008	0.0293945
-4.5913e-008	0.0249268
-4.5888e-008	0.0294922
-4.5863e-008	0.0143311
-4.5838e-008	0.00844727
-4.5813e-008	0.0314941
-4.5788e-008	0.0331299
-4.5763e-008	0.0181397
-4.5738e-008	0.0118164
-4.5713e-008	0.0140625
-4.5688e-008	0.0216797
-4.5663e-008	0.0206055
-4.5638e-008	0.0185059
-4.5613e-008	0.0183106
-4.5588e-008	0.010791
-4.5563e-008	0.0184326
-4.5538e-008	0.0336182
-4.5513e-008	0.0301758
-4.5488e-008	0.0227295
-4.5463e-008	0.0166016
-4.5438e-008	0.0162842
-4.5413e-008	0.0229492
-4.5388e-008	0.0237061
-4.5363e-008	0.0224609
-4.5338e-008	0.0166748
-4.5313e-008	0.0231934
-4.5288e-008	0.0318115
-4.5263e-008	0.0114746
-4.5238e-008	0.0117676
-4.5213e-008	0.0286865
-4.5188e-008	0.0237549
-4.5163e-008	0.0230225
-4.5138e-008	0.0128174
-4.5113e-008	0.00634766
-4.5088e-008	0.0227783
-4.5063e-008	0.0236084
-4.5038e-008	0.0156006
-4.5013e-008	0.0120117
-4.4988e-008	0.0179932
-4.4963e-008	0.0286621
-4.4938e-008	0.0244141
-4.4913e-008	0.0265381
-4.4888e-008	0.0294434
-4.4863e-008	0.0223389
-4.4838e-008	0.0238037
-4.4813e-008	0.0233887
-4.4788e-008	0.0199219
-4.4763e-008	0.0256348
-4.4738e-008	0.0273438
-4.4713e-008	0.0181641
-4.4688e-008	0.0192871
-4.4663e-008	0.0191406
-4.4638e-008	0.00871583
-4.4613e-008	0.0190674
-4.4588e-008	0.0264649
-4.4563e-008	0.0164307
-4.4538e-008	0.0170654
-4.4513e-008	0.0229248
-4.4488e-008	0.0234131
-4.4463e-008	0.0182129
-4.4438e-008	0.0212647
-4.4413e-008	0.0219727
-4.4388e-008	0.00893555
-4.4363e-008	0.0115723
-4.4338e-008	0.0125488
-4.4313e-008	0.00610352
-4.4288e-008	0.0144775
-4.4263e-008	0.0157227
-4.4238e-008	0.0118408
-4.4213e-008	0.0225098
-4.4188e-008	0.0304932
-4.4163e-008	0.0233887
-4.4138e-008	0.0208984
-4.4113e-008	0.0204102
-4.4088e-008	0.0237061
-4.4063e-008	0.0307373
-4.4038e-008	0.0201416
-4.4013e-008	0.0257324
-4.3988e-008	0.0332275
-4.3963e-008	0.0191895
-4.3938e-008	0.0214356
-4.3913e-008	0.027002
-4.3888e-008	0.0267334
-4.3863e-008	0.020459
-4.3838e-008	0.0148926
-4.3813e-008	0.0169434
-4.3788e-008	0.0148193
-4.3763e-008	0.0262695
-4.3738e-008	0.0226807
-4.3713e-008	0.00888673
-4.3688e-008	0.0242188
-4.3663e-008	0.0236328
-4.3638e-008	0.0147217
-4.3613e-008	0.024292
-4.3588e-008	0.0276611
-4.3563e-008	0.0188477
-4.3538e-008	0.0139893
-4.3513e-008	0.0367676
-4.3488e-008	0.0443848
-4.3463e-008	0.0198486
-4.3438e-008	0.0220703
-4.3413e-008	0.0358887
-4.3388e-008	0.028833
-4.3363e-008	0.0168457
-4.3338e-008	0.0186524
-4.3313e-008	0.0259522
-4.3288e-008	0.0168457
-4.3263e-008	0.0144531
-4.3238e-008	0.0262695
-4.3213e-008	0.022876
-4.3188e-008	0.0168945
-4.3163e-008	0.0185059
-4.3138e-008	0.0130127
-4.3113e-008	0.0187744
-4.3088e-008	0.0259033
-4.3063e-008	0.0173584
-4.3038e-008	0.0188965
-4.3013e-008	0.0148682
-4.2988e-008	0.0172119
-4.2963e-008	0.0307373
-4.2938e-008	0.0164795
-4.2913e-008	0.0186279
-4.2888e-008	0.0226318
-4.2863e-008	0.0081543
-4.2838e-008	0.033252
-4.2813e-008	0.0418457
-4.2788e-008	0.0171631
-4.2763e-008	0.01604
-4.2738e-008	0.0168945
-4.2713e-008	0.0237549
-4.2688e-008	0.0287354
-4.2663e-008	0.0114014
-4.2638e-008	0.00895997
-4.2613e-008	0.0239258
-4.2588e-008	0.0282227
-4.2563e-008	0.0250733
-4.2538e-008	0.0303711
-4.2513e-008	0.021167
-4.2488e-008	0.0119385
-4.2463e-008	0.0297119
-4.2438e-008	0.0251709
-4.2413e-008	0.0197266
-4.2388e-008	0.0299805
-4.2363e-008	0.0242432
-4.2338e-008	0.0244141
-4.2313e-008	0.0268799
-4.2288e-008	0.0326904
-4.2263e-008	0.0282471
-4.2238e-008	0.0179932
-4.2213e-008	0.0271484
-4.2188e-008	0.0227539
-4.2163e-008	0.018335
-4.2138e-008	0.0180664
-4.2113e-008	0.0195313
-4.2088e-008	0.0363525
-4.2063e-008	0.0317871
-4.2038e-008	0.0178711
-4.2013e-008	0.0185547
-4.1988e-008	0.023877
-4.1963e-008	0.0302002
-4.1938e-008	0.0270752
-4.1913e-008	0.0295654
-4.1888e-008	0.0330566
-4.1863e-008	0.0128418
-4.1838e-008	0.00595704
-4.1813e-008	0.00981446
-4.1788e-008	0.00305177
-4.1763e-008	0.0213867
-4.1738e-008	0.0278565
-4.1713e-008	0.0187012
-4.1688e-008	0.02854
-4.1663e-008	0.0171631
-4.1638e-008	0.0179443
-4.1613e-008	0.0372803
-4.1588e-008	0.0258789
-4.1563e-008	0.016626
-4.1538e-008	0.0174072
-4.1513e-008	0.0161377
-4.1488e-008	0.0181397
-4.1463e-008	0.0129883
-4.1438e-008	0.0097168
-4.1413e-008	0.0125732
-4.1388e-008	0.012085
-4.1363e-008	0.0150391
-4.1338e-008	0.0297363
-4.1313e-008	0.0440674
-4.1288e-008	0.0337158
-4.1263e-008	0.0156006
-4.1238e-008	0.0237061
-4.1213e-008	0.0299805
-4.1188e-008	0.0185547
-4.1163e-008	0.0200684
-4.1138e-008	0.0223877
-4.1113e-008	0.0143555
-4.1088e-008	0.0192383
-4.1063e-008	0.0253418
-4.1038e-008	0.0232178
-4.1013e-008	0.021582
-4.0988e-008	0.0184326
-4.0963e-008	0.0250733
-4.0938e-008	0.0190674
-4.0913e-008	0.00546876
-4.0888e-008	0.0165772
-4.0863e-008	0.01521
-4.0838e-008	0.0125244
-4.0813e-008	0.0218994
-4.0788e-008	0.0150391
-4.0763e-008	0.0137695
-4.0738e-008	0.0108887
-4.0713e-008	0.0115234
-4.0688e-008	0.0254395
-4.0663e-008	0.0162109
-4.0638e-008	0.00869141
-4.0613e-008	0.0107178
-4.0588e-008	0.0110352
-4.0563e-008	0.0280762
-4.0538e-008	0.020874
-4.0513e-008	0.0120117
-4.0488e-008	0.0369629
-4.0463e-008	0.031665
-4.0438e-008	0.0236328
-4.0413e-008	0.0402344
-4.0388e-008	0.0283691
-4.0363e-008	0.0153809
-4.0338e-008	0.00969239
-4.0313e-008	0.00690919
-4.0288e-008	0.0310791
-4.0263e-008	0.031665
-4.0238e-008	0.0165039
-4.0213e-008	0.0171143
-4.0188e-008	0.0180664
-4.0163e-008	0.0355469
-4.0138e-008	0.0272461
-4.0113e-008	0.0113037
-4.0088e-008	0.0304688
-4.0063e-008	0.0227051
-4.0038e-008	0.0155762
-4.0013e-008	0.0256836
-3.9988e-008	0.0207764
-3.9963e-008	0.0212891
-3.9938e-008	0.0145752
-3.9913e-008	0.0182129
-3.9888e-008	0.0298828
-3.9863e-008	0.0160889
-3.9838e-008	0.0154541
-3.9813e-008	0.0279297
-3.9788e-008	0.0278809
-3.9763e-008	0.0224121
-3.9738e-008	0.0098877
-3.9713e-008	0.0041504
-3.9688e-008	0.0179932
-3.9663e-008	0.0313721
-3.9638e-008	0.0259766
-3.9613e-008	0.0129395
-3.9588e-008	0.00617677
-3.9563e-008	0.0158691
-3.9538e-008	0.0335449
-3.9513e-008	0.0362549
-3.9488e-008	0.0299561
-3.9463e-008	0.0149658
-3.9438e-008	0.0065918
-3.9413e-008	0.0213623
-3.9388e-008	0.0267578
-3.9363e-008	0.01875
-3.9338e-008	0.0116211
-3.9313e-008	0.0167725
-3.9288e-008	0.0322998
-3.9263e-008	0.0265869
-3.9238e-008	0.0201904
-3.9213e-008	0.0309082
-3.9188e-008	0.0281738
-3.9163e-008	0.024707
-3.9138e-008	0.030835
-3.9113e-008	0.0303711
-3.9088e-008	0.0334717
-3.9063e-008	0.029419
-3.9038e-008	0.0179688
-3.9013e-008	0.0227295
-3.8988e-008	0.0280274
-3.8963e-008	0.0226807
-3.8938e-008	0.00842286
-3.8913e-008	0.010083
-3.8888e-008	0.0270264
-3.8863e-008	0.0179443
-3.8838e-008	0.0160645
-3.8813e-008	0.0279541
-3.8788e-008	0.0246826
-3.8763e-008	0.0293701
-3.8738e-008	0.0335205
-3.8713e-008	0.0344238
-3.8688e-008	0.0336426
-3.8663e-008	0.0224854
-3.8638e-008	0.0208984
-3.8613e-008	0.0167481
-3.8588e-008	0.0126465
-3.8563e-008	0.0248535
-3.8538e-008	0.0190674
-3.8513e-008	0.0125977
-3.8488e-008	0.0267822
-3.8463e-008	0.0182373
-3.8438e-008	0.00803223
-3.8413e-008	0.0250244
-3.8388e-008	0.037207
-3.8363e-008	0.0315186
-3.8338e-008	0.0175293
-3.8313e-008	0.0178223
-3.8288e-008	0.030127
-3.8263e-008	0.0269531
-3.8238e-008	0.0208984
-3.8213e-008	0.0264649
-3.8188e-008	0.0185303
-3.8163e-008	0.00725098
-3.8138e-008	0.0262451
-3.8113e-008	0.0398682
-3.8088e-008	0.0273438
-3.8063e-008	0.0189697
-3.8038e-008	0.0219482
-3.8013e-008	0.0254639
-3.7988e-008	0.0221924
-3.7963e-008	0.0273926
-3.7938e-008	0.032251
-3.7913e-008	0.0290283
-3.7888e-008	0.0277832
-3.7863e-008	0.0143066
-3.7838e-008	0.0178955
-3.7813e-008	0.0232666
-3.7788e-008	0.00212403
-3.7763e-008	0.00664063
-3.7738e-008	0.0182617
-3.7713e-008	0.0195068
-3.7688e-008	0.0252197
-3.7663e-008	0.0165772
-3.7638e-008	0.0209961
-3.7613e-008	0.0229492
-3.7588e-008	0.0116943
-3.7563e-008	0.0249024
-3.7538e-008	0.0252686
-3.7513e-008	0.0253418
-3.7488e-008	0.039624
-3.7463e-008	0.0274658
-3.7438e-008	0.0256836
-3.7413e-008	0.0296631
-3.7388e-008	0.0243408
-3.7363e-008	0.0269531
-3.7338e-008	0.0164063
-3.7313e-008	0.0239746
-3.7288e-008	0.0351074
-3.7263e-008	0.0199707
-3.7238e-008	0.0228027
-3.7213e-008	0.0270508
-3.7188e-008	0.0235596
-3.7163e-008	0.0277588
-3.7138e-008	0.0228027
-3.7113e-008	0.0156006
-3.7088e-008	0.0147949
-3.7063e-008	0.0211182
-3.7038e-008	0.0243897
-3.7013e-008	0.0244385
-3.6988e-008	0.0260986
-3.6963e-008	0.0255127
-3.6938e-008	0.0340332
-3.6913e-008	0.0270264
-3.6888e-008	0.0163574
-3.6863e-008	0.0268311
-3.6838e-008	0.0236328
-3.6813e-008	0.0237549
-3.6788e-008	0.0225586
-3.6763e-008	0.00756837
-3.6738e-008	0.0135742
-3.6713e-008	0.0259522
-3.6688e-008	0.0285889
-3.6663e-008	0.0208252
-3.6638e-008	0.0148193
-3.6613e-008	0.0208008
-3.6588e-008	0.0218994
-3.6563e-008	0.0258545
-3.6538e-008	0.0284668
-3.6513e-008	0.0268555
-3.6488e-008	0.0238525
-3.6463e-008	0.0103516
-3.6438e-008	0.0144287
-3.6413e-008	0.0201416
-3.6388e-008	0.0137451
-3.6363e-008	0.0287842
-3.6338e-008	0.0271484
-3.6313e-008	0.019165
-3.6288e-008	0.0277832
-3.6263e-008	0.00285645
-3.6238e-008	-0.00126952
-3.6213e-008	0.0256592
-3.6188e-008	0.0155762
-3.6163e-008	0.0135254
-3.6138e-008	0.0288086
-3.6113e-008	0.0245606
-3.6088e-008	0.0192383
-3.6063e-008	0.0139404
-3.6038e-008	0.0178711
-3.6013e-008	0.0333252
-3.5988e-008	0.0248047
-3.5963e-008	0.0105713
-3.5938e-008	0.0154297
-3.5913e-008	0.0250488
-3.5888e-008	0.0298584
-3.5863e-008	0.0209229
-3.5838e-008	0.020166
-3.5813e-008	0.0247559
-3.5788e-008	0.0102295
-3.5763e-008	0.010791
-3.5738e-008	0.0156982
-3.5713e-008	0.010376
-3.5688e-008	0.0218506
-3.5663e-008	0.0196533
-3.5638e-008	0.00617677
-3.5613e-008	0.0081543
-3.5588e-008	0.0145752
-3.5563e-008	0.0221924
-3.5538e-008	0.00549317
-3.5513e-008	0.00019532
-3.5488e-008	0.0360352
-3.5463e-008	0.0378906
-3.5438e-008	0.0175293
-3.5413e-008	0.0158936
-3.5388e-008	0.0122315
-3.5363e-008	0.0208252
-3.5338e-008	0.0226563
-3.5313e-008	0.015918
-3.5288e-008	0.0324463
-3.5263e-008	0.0293213
-3.5238e-008	0.0166748
-3.5213e-008	0.0174561
-3.5188e-008	0.010669
-3.5163e-008	0.0226563
-3.5138e-008	0.0279053
-3.5113e-008	0.0241455
-3.5088e-008	0.0315186
-3.5063e-008	0.0126953
-3.5038e-008	0.00600587
-3.5013e-008	0.0199951
-3.4988e-008	0.0184326
-3.4963e-008	0.0181152
-3.4938e-008	0.0172119
-3.4913e-008	0.0225342
-3.4888e-008	0.0280518
-3.4863e-008	-4.88207e-005
-3.4838e-008	-0.00905761
-3.4813e-008	0.0300049
-3.4788e-008	0.030127
-3.4763e-008	0.00712891
-3.4738e-008	0.0126221
-3.4713e-008	0.0174805
-3.4688e-008	0.0409424
-3.4663e-008	0.0506592
-3.4638e-008	0.026001
-3.4613e-008	0.0238525
-3.4588e-008	0.027832
-3.4563e-008	0.0234619
-3.4538e-008	0.0157715
-3.4513e-008	0.00964356
-3.4488e-008	0.0153809
-3.4463e-008	0.0107666
-3.4438e-008	0.0110596
-3.4413e-008	0.030249
-3.4388e-008	0.0358154
-3.4363e-008	0.0241699
-3.4338e-008	0.0180176
-3.4313e-008	0.0257813
-3.4288e-008	0.0267334
-3.4263e-008	0.0155274
-3.4238e-008	0.0121094
-3.4213e-008	0.0184815
-3.4188e-008	0.0261475
-3.4163e-008	0.0213379
-3.4138e-008	0.016626
-3.4113e-008	0.0343018
-3.4088e-008	0.0449951
-3.4063e-008	0.0205566
-3.4038e-008	0.00383302
-3.4013e-008	0.0226563
-3.3988e-008	0.0261719
-3.3963e-008	0.0156738
-3.3938e-008	0.0195801
-3.3913e-008	0.0166992
-3.3888e-008	0.0112793
-3.3863e-008	0.0123535
-3.3838e-008	0.0213135
-3.3813e-008	0.0250488
-3.3788e-008	0.0173584
-3.3763e-008	0.0225098
-3.3738e-008	0.0201904
-3.3713e-008	0.0141602
-3.3688e-008	0.0319336
-3.3663e-008	0.0287354
-3.3638e-008	0.00996095
-3.3613e-008	0.0285889
-3.3588e-008	0.0319336
-3.3563e-008	0.00266114
-3.3538e-008	0.0098877
-3.3513e-008	0.0316406
-3.3488e-008	0.0355713
-3.3463e-008	0.0320557
-3.3438e-008	0.0192627
-3.3413e-008	0.0145264
-3.3388e-008	0.0173584
-3.3363e-008	0.0186279
-3.3338e-008	0.018042
-3.3313e-008	0.018042
-3.3288e-008	0.0284668
-3.3263e-008	0.0331787
-3.3238e-008	0.0280029
-3.3213e-008	0.0249268
-3.3188e-008	0.0201416
-3.3163e-008	0.00842286
-3.3138e-008	0.00349122
-3.3113e-008	0.0272949
-3.3088e-008	0.0377197
-3.3063e-008	0.0132568
-3.3038e-008	0.0166504
-3.3013e-008	0.034668
-3.2988e-008	0.0247559
-3.2963e-008	0.0175049
-3.2938e-008	0.0252197
-3.2913e-008	0.0304688
-3.2888e-008	0.0270752
-3.2863e-008	0.0203369
-3.2838e-008	0.0243408
-3.2813e-008	0.0313965
-3.2788e-008	0.0165039
-3.2763e-008	0.0122803
-3.2738e-008	0.026416
-3.2713e-008	0.0160156
-3.2688e-008	0.0237549
-3.2663e-008	0.0395508
-3.2638e-008	0.0185791
-3.2613e-008	0.0174072
-3.2588e-008	0.025708
-3.2563e-008	0.0161621
-3.2538e-008	0.0186279
-3.2513e-008	0.0294678
-3.2488e-008	0.037207
-3.2463e-008	0.0254883
-3.2438e-008	0.00915528
-3.2413e-008	0.0223877
-3.2388e-008	0.0296875
-3.2363e-008	0.01604
-3.2338e-008	0.0253662
-3.2313e-008	0.0405518
-3.2288e-008	0.0359375
-3.2263e-008	0.030249
-3.2238e-008	0.0200195
-3.2213e-008	0.0174316
-3.2188e-008	0.0243408
-3.2163e-008	0.0106445
-3.2138e-008	0.00209962
-3.2113e-008	0.0185547
-3.2088e-008	0.0234131
-3.2063e-008	0.0162109
-3.2038e-008	0.022168
-3.2013e-008	0.0207764
-3.1988e-008	0.0116455
-3.1963e-008	0.0209961
-3.1938e-008	0.0232178
-3.1913e-008	0.0170654
-3.1888e-008	0.0157959
-3.1863e-008	0.00715333
-3.1838e-008	0.0131592
-3.1813e-008	0.0210205
-3.1788e-008	0.0159912
-3.1763e-008	0.0258301
-3.1738e-008	0.0345703
-3.1713e-008	0.027417
-3.1688e-008	0.0127686
-3.1663e-008	-0.000854485
-3.1638e-008	0.00937501
-3.1613e-008	0.0287109
-3.1588e-008	0.0230225
-3.1563e-008	0.0157227
-3.1538e-008	0.0217285
-3.1513e-008	0.0229736
-3.1488e-008	0.0252686
-3.1463e-008	0.0179932
-3.1438e-008	0.0091797
-3.1413e-008	0.0201172
-3.1388e-008	0.0205566
-3.1363e-008	0.0199219
-3.1338e-008	0.0276367
-3.1313e-008	0.0261719
-3.1288e-008	0.0318115
-3.1263e-008	0.0265381
-3.1238e-008	0.0126953
-3.1213e-008	0.0204834
-3.1188e-008	0.0272949
-3.1163e-008	0.0231934
-3.1138e-008	0.0213379
-3.1113e-008	0.0220947
-3.1088e-008	0.0178467
-3.1063e-008	0.0129395
-3.1038e-008	0.0197998
-3.1013e-008	0.0181152
-3.0988e-008	0.00383302
-3.0963e-008	0.00219727
-3.0938e-008	0.0108399
-3.0913e-008	0.0212158
-3.0888e-008	0.0304688
-3.0863e-008	0.0275635
-3.0838e-008	0.0157715
-3.0813e-008	0.0090088
-3.0788e-008	0.0118897
-3.0763e-008	0.0113525
-3.0738e-008	0.000805672
-3.0713e-008	0.0133789
-3.0688e-008	0.0288574
-3.0663e-008	0.0101563
-3.0638e-008	0.0083252
-3.0613e-008	0.0180664
-3.0588e-008	0.0164307
-3.0563e-008	0.0264893
-3.0538e-008	0.0229981
-3.0513e-008	0.0170654
-3.0488e-008	0.0244385
-3.0463e-008	0.0150391
-3.0438e-008	0.00993653
-3.0413e-008	0.0181885
-3.0388e-008	0.0188232
-3.0363e-008	0.0244873
-3.0338e-008	0.0264404
-3.0313e-008	0.0262695
-3.0288e-008	0.0309815
-3.0263e-008	0.0157227
-3.0238e-008	0.0128906
-3.0213e-008	0.021875
-3.0188e-008	0.0128174
-3.0163e-008	0.0151123
-3.0138e-008	0.0186279
-3.0113e-008	0.0239258
-3.0088e-008	0.0314453
-3.0063e-008	0.019458
-3.0038e-008	0.0209717
-3.0013e-008	0.0300293
-2.9988e-008	0.0200928
-2.9963e-008	0.0160645
-2.9938e-008	0.0218506
-2.9913e-008	0.0229981
-2.9888e-008	0.019458
-2.9863e-008	0.00881348
-2.9838e-008	0.00607911
-2.9813e-008	0.0196289
-2.9788e-008	0.0268555
-2.9763e-008	0.0317383
-2.9738e-008	0.0381592
-2.9713e-008	0.0290527
-2.9688e-008	0.0211426
-2.9663e-008	0.024707
-2.9638e-008	0.020166
-2.9613e-008	0.0137695
-2.9588e-008	0.0220459
-2.9563e-008	0.0331055
-2.9538e-008	0.0349609
-2.9513e-008	0.03479
-2.9488e-008	0.0368408
-2.9463e-008	0.0305664
-2.9438e-008	0.019165
-2.9413e-008	0.0165283
-2.9388e-008	0.0130371
-2.9363e-008	0.00781251
-2.9338e-008	0.0132568
-2.9313e-008	0.0258301
-2.9288e-008	0.0260254
-2.9263e-008	0.00859376
-2.9238e-008	0.00625001
-2.9213e-008	0.0166992
-2.9188e-008	0.0249268
-2.9163e-008	0.0377197
-2.9138e-008	0.0316406
-2.9113e-008	0.0247315
-2.9088e-008	0.0255127
-2.9063e-008	0.011084
-2.9038e-008	0.0170166
-2.9013e-008	0.0258057
-2.8988e-008	0.0148193
-2.8963e-008	0.0231201
-2.8938e-008	0.0251465
-2.8913e-008	0.0156982
-2.8888e-008	0.020752
-2.8863e-008	0.0198486
-2.8838e-008	0.0253418
-2.8813e-008	0.0229248
-2.8788e-008	0.0117676
-2.8763e-008	0.0329834
-2.8738e-008	0.0342774
-2.8713e-008	0.0155274
-2.8688e-008	0.0187256
-2.8663e-008	0.0147949
-2.8638e-008	0.0168701
-2.8613e-008	0.0241699
-2.8588e-008	0.0224854
-2.8563e-008	0.02229
-2.8538e-008	0.0125244
-2.8513e-008	0.0187744
-2.8488e-008	0.0319336
-2.8463e-008	0.0136475
-2.8438e-008	0.0098877
-2.8413e-008	0.0248535
-2.8388e-008	0.0155274
-2.8363e-008	0.0107178
-2.8338e-008	0.0184326
-2.8313e-008	0.0206055
-2.8288e-008	0.0284668
-2.8263e-008	0.0262451
-2.8238e-008	0.0072754
-2.8213e-008	0.00439454
-2.8188e-008	0.016626
-2.8163e-008	0.0189697
-2.8138e-008	0.0259522
-2.8113e-008	0.0313721
-2.8088e-008	0.0179443
-2.8063e-008	0.0198975
-2.8038e-008	0.0318115
-2.8013e-008	0.0291748
-2.7988e-008	0.0225098
-2.7963e-008	0.0224365
-2.7938e-008	0.0375
-2.7913e-008	0.0400147
-2.7888e-008	0.0224121
-2.7863e-008	0.0199951
-2.7838e-008	0.0213379
-2.7813e-008	0.0112305
-2.7788e-008	0.0136963
-2.7763e-008	0.0235107
-2.7738e-008	0.0163086
-2.7713e-008	0.0125244
-2.7688e-008	0.0300049
-2.7663e-008	0.0324219
-2.7638e-008	0.0149414
-2.7613e-008	0.0154785
-2.7588e-008	0.0202881
-2.7563e-008	0.0155762
-2.7538e-008	0.0175049
-2.7513e-008	0.0216065
-2.7488e-008	0.0257324
-2.7463e-008	0.0238037
-2.7438e-008	0.022168
-2.7413e-008	0.0244141
-2.7388e-008	0.0167725
-2.7363e-008	0.0229492
-2.7338e-008	0.032666
-2.7313e-008	0.0266846
-2.7288e-008	0.0311279
-2.7263e-008	0.0205078
-2.7238e-008	0.00488282
-2.7213e-008	0.0235352
-2.7188e-008	0.0281983
-2.7163e-008	0.0154541
-2.7138e-008	0.013501
-2.7113e-008	0.0147705
-2.7088e-008	0.0213379
-2.7063e-008	0.0202149
-2.7038e-008	0.021582
-2.7013e-008	0.020874
-2.6988e-008	0.0141357
-2.6963e-008	0.0265625
-2.6938e-008	0.0236328
-2.6913e-008	0.015332
-2.6888e-008	0.0215576
-2.6863e-008	0.00881348
-2.6838e-008	0.00766602
-2.6813e-008	0.0269531
-2.6788e-008	0.0268311
-2.6763e-008	0.0180664
-2.6738e-008	0.0169678
-2.6713e-008	0.0220947
-2.6688e-008	0.027832
-2.6663e-008	0.0177246
-2.6638e-008	0.0167236
-2.6613e-008	0.0336182
-2.6588e-008	0.030542
-2.6563e-008	0.015332
-2.6538e-008	0.0119873
-2.6513e-008	0.0191895
-2.6488e-008	0.0197266
-2.6463e-008	0.023169
-2.6438e-008	0.0249024
-2.6413e-008	0.00573731
-2.6388e-008	0.014209
-2.6363e-008	0.0322998
-2.6338e-008	0.023584
-2.6313e-008	0.0206543
-2.6288e-008	0.0157959
-2.6263e-008	0.0053711
-2.6238e-008	0.00878907
-2.6213e-008	0.0293701
-2.6188e-008	0.0345459
-2.6163e-008	0.0217774
-2.6138e-008	0.0191162
-2.6113e-008	0.0119873
-2.6088e-008	0.021582
-2.6063e-008	0.0368897
-2.6038e-008	0.0246826
-2.6013e-008	0.0197022
-2.5988e-008	0.0181885
-2.5963e-008	0.0182129
-2.5938e-008	0.0237305
-2.5913e-008	0.0217774
-2.5888e-008	0.0296631
-2.5863e-008	0.0266602
-2.5838e-008	0.0150879
-2.5813e-008	0.0192139
-2.5788e-008	0.0146484
-2.5763e-008	0.00944825
-2.5738e-008	0.0162842
-2.5713e-008	0.0296387
-2.5688e-008	0.0322022
-2.5663e-008	0.0175781
-2.5638e-008	0.0187744
-2.5613e-008	0.0271973
-2.5588e-008	0.030957
-2.5563e-008	0.0311524
-2.5538e-008	0.0209961
-2.5513e-008	0.024707
-2.5488e-008	0.026001
-2.5463e-008	0.00673829
-2.5438e-008	0.00146485
-2.5413e-008	0.0112549
-2.5388e-008	0.0129883
-2.5363e-008	0.0131592
-2.5338e-008	0.0168945
-2.5313e-008	0.0227539
-2.5288e-008	0.0296143
-2.5263e-008	0.0154053
-2.5238e-008	0.00512696
-2.5213e-008	0.0150879
-2.5188e-008	0.0150635
-2.5163e-008	0.0183594
-2.5138e-008	0.0134766
-2.5113e-008	0.0108643
-2.5088e-008	0.033252
-2.5063e-008	0.0306152
-2.5038e-008	0.0159912
-2.5013e-008	0.0183838
-2.4988e-008	0.0187744
-2.4963e-008	0.0177734
-2.4938e-008	0.0147461
-2.4913e-008	0.0211182
-2.4888e-008	0.0251709
-2.4863e-008	0.011499
-2.4838e-008	0.0173828
-2.4813e-008	0.0234863
-2.4788e-008	0.0127197
-2.4763e-008	0.0181641
-2.4738e-008	0.0156494
-2.4713e-008	0.0175049
-2.4688e-008	0.0355713
-2.4663e-008	0.0219727
-2.4638e-008	0.00898438
-2.4613e-008	0.0156006
-2.4588e-008	0.0100098
-2.4563e-008	0.00822755
-2.4538e-008	0.0142334
-2.4513e-008	0.0182861
-2.4488e-008	0.0201172
-2.4463e-008	0.0132813
-2.4438e-008	0.0150391
-2.4413e-008	0.0309326
-2.4388e-008	0.0229004
-2.4363e-008	0.000390632
-2.4338e-008	0.00852052
-2.4313e-008	0.0243408
-2.4288e-008	0.0254883
-2.4263e-008	0.0182129
-2.4238e-008	0.00666505
-2.4213e-008	0.0165283
-2.4188e-008	0.0320068
-2.4163e-008	0.0266602
-2.4138e-008	0.0201416
-2.4113e-008	0.020874
-2.4088e-008	0.0234619
-2.4063e-008	0.0225342
-2.4038e-008	0.0169434
-2.4013e-008	0.0223145
-2.3988e-008	0.0216797
-2.3963e-008	0.000512703
-2.3938e-008	0.0126709
-2.3913e-008	0.0359619
-2.3888e-008	0.0265137
-2.3863e-008	0.0336182
-2.3838e-008	0.0314941
-2.3813e-008	0.00603028
-2.3788e-008	0.0149658
-2.3763e-008	0.0227783
-2.3738e-008	0.00903321
-2.3713e-008	0.0137695
-2.3688e-008	0.0202393
-2.3663e-008	0.0188232
-2.3638e-008	0.0188477
-2.3613e-008	0.0100098
-2.3588e-008	0.0138428
-2.3563e-008	0.0231445
-2.3538e-008	0.0256348
-2.3513e-008	0.0387451
-2.3488e-008	0.0330566
-2.3463e-008	0.0166016
-2.3438e-008	0.0234619
-2.3413e-008	0.0296387
-2.3388e-008	0.0164307
-2.3363e-008	0.0121338
-2.3338e-008	0.0245361
-2.3313e-008	0.0272217
-2.3288e-008	0.027124
-2.3263e-008	0.0155762
-2.3238e-008	0.0100098
-2.3213e-008	0.0285889
-2.3188e-008	0.0136231
-2.3163e-008	0.00895997
-2.3138e-008	0.0370606
-2.3113e-008	0.0293457
-2.3088e-008	0.0240967
-2.3063e-008	0.0279297
-2.3038e-008	0.0160645
-2.3013e-008	0.0222168
-2.2988e-008	0.0194092
-2.2963e-008	0.00280762
-2.2938e-008	0.00964356
-2.2913e-008	0.014624
-2.2888e-008	0.00844727
-2.2863e-008	0.0122559
-2.2838e-008	0.0177246
-2.2813e-008	0.02229
-2.2788e-008	0.0268311
-2.2763e-008	0.0221924
-2.2738e-008	0.0163086
-2.2713e-008	0.0262207
-2.2688e-008	0.0363525
-2.2663e-008	0.0155029
-2.2638e-008	0.00319825
-2.2613e-008	0.0174316
-2.2588e-008	0.0153809
-2.2563e-008	0.0142334
-2.2538e-008	0.0192383
-2.2513e-008	0.0314453
-2.2488e-008	0.0438965
-2.2463e-008	0.0185303
-2.2438e-008	0.00739747
-2.2413e-008	0.0222168
-2.2388e-008	0.0223389
-2.2363e-008	0.0256836
-2.2338e-008	0.0165527
-2.2313e-008	0.00239259
-2.2288e-008	0.0206055
-2.2263e-008	0.0328125
-2.2238e-008	0.020044
-2.2213e-008	0.0201172
-2.2188e-008	0.0283691
-2.2163e-008	0.0241699
-2.2138e-008	0.0135742
-2.2113e-008	0.0189697
-2.2088e-008	0.0361816
-2.2063e-008	0.0238525
-2.2038e-008	0.0110596
-2.2013e-008	0.0183594
-2.1988e-008	0.0160889
-2.1963e-008	0.0199951
-2.1938e-008	0.0196045
-2.1913e-008	0.0255371
-2.1888e-008	0.0448242
-2.1863e-008	0.0233643
-2.1838e-008	0.00170899
-2.1813e-008	0.0188477
-2.1788e-008	0.0280518
-2.1763e-008	0.0227783
-2.1738e-008	0.0209229
-2.1713e-008	0.0279297
-2.1688e-008	0.0353272
-2.1663e-008	0.0296631
-2.1638e-008	0.0236572
-2.1613e-008	0.021875
-2.1588e-008	0.0202149
-2.1563e-008	0.0205078
-2.1538e-008	0.0161133
-2.1513e-008	0.0254883
-2.1488e-008	0.0383057
-2.1463e-008	0.0226563
-2.1438e-008	0.0159668
-2.1413e-008	0.0267822
-2.1388e-008	0.0263916
-2.1363e-008	0.0226807
-2.1338e-008	0.0219971
-2.1313e-008	0.0218262
-2.1288e-008	0.0133545
-2.1263e-008	0.00795899
-2.1238e-008	0.0189697
-2.1213e-008	0.0273438
-2.1188e-008	0.0242188
-2.1163e-008	0.0181397
-2.1138e-008	0.0198975
-2.1113e-008	0.0242432
-2.1088e-008	0.020874
-2.1063e-008	0.00793458
-2.1038e-008	0.00341798
-2.1013e-008	0.0264404
-2.0988e-008	0.0371826
-2.0963e-008	0.0246582
-2.0938e-008	0.0237793
-2.0913e-008	0.0150879
-2.0888e-008	0.00524903
-2.0863e-008	0.019751
-2.0838e-008	0.0233399
-2.0813e-008	0.0187256
-2.0788e-008	0.0263428
-2.0763e-008	0.0236816
-2.0738e-008	0.0236572
-2.0713e-008	0.0295899
-2.0688e-008	0.027002
-2.0663e-008	0.0273682
-2.0638e-008	0.0280029
-2.0613e-008	0.0300049
-2.0588e-008	0.0255859
-2.0563e-008	0.0184815
-2.0538e-008	0.0177002
-2.0513e-008	0.01521
-2.0488e-008	0.0207031
-2.0463e-008	0.0191895
-2.0438e-008	0.0166016
-2.0413e-008	0.026709
-2.0388e-008	0.0276367
-2.0363e-008	0.0233154
-2.0338e-008	0.0184082
-2.0313e-008	0.021167
-2.0288e-008	0.021167
-2.0263e-008	0.0106934
-2.0238e-008	0.0185059
-2.0213e-008	0.0267334
-2.0188e-008	0.0254883
-2.0163e-008	0.0314209
-2.0138e-008	0.0252441
-2.0113e-008	0.0193115
-2.0088e-008	0.0266113
-2.0063e-008	0.0230469
-2.0038e-008	0.0228272
-2.0013e-008	0.0271484
-1.9988e-008	0.0237061
-1.9963e-008	0.0294678
-1.9938e-008	0.0276611
-1.9913e-008	0.0239746
-1.9888e-008	0.032544
-1.9863e-008	0.0192871
-1.9838e-008	0.00541993
-1.9813e-008	0.0190674
-1.9788e-008	0.0244629
-1.9763e-008	0.0131592
-1.9738e-008	0.00983887
-1.9713e-008	0.0187256
-1.9688e-008	0.0305908
-1.9663e-008	0.0318115
-1.9638e-008	0.0256836
-1.9613e-008	0.0292725
-1.9588e-008	0.0287354
-1.9563e-008	0.0243164
-1.9538e-008	0.0274414
-1.9513e-008	0.025708
-1.9488e-008	0.0240723
-1.9463e-008	0.0229004
-1.9438e-008	0.0207031
-1.9413e-008	0.0206299
-1.9388e-008	0.018457
-1.9363e-008	0.0282471
-1.9338e-008	0.0333984
-1.9313e-008	0.0228516
-1.9288e-008	0.020166
-1.9263e-008	0.012793
-1.9238e-008	0.0140381
-1.9213e-008	0.0328858
-1.9188e-008	0.031665
-1.9163e-008	0.0143066
-1.9138e-008	0.00405274
-1.9113e-008	0.0194092
-1.9088e-008	0.0394531
-1.9063e-008	0.0283447
-1.9038e-008	0.0226074
-1.9013e-008	0.0310303
-1.8988e-008	0.0234863
-1.8963e-008	0.0173828
-1.8938e-008	0.0176758
-1.8913e-008	0.0157959
-1.8888e-008	0.0216309
-1.8863e-008	0.011792
-1.8838e-008	-0.0043457
-1.8813e-008	0.0187012
-1.8788e-008	0.0379395
-1.8763e-008	0.0242676
-1.8738e-008	0.0184082
-1.8713e-008	0.0262207
-1.8688e-008	0.0255615
-1.8663e-008	0.0158203
-1.8638e-008	0.016919
-1.8613e-008	0.0255371
-1.8588e-008	0.0297119
-1.8563e-008	0.0246582
-1.8538e-008	0.0223877
-1.8513e-008	0.0353516
-1.8488e-008	0.0341553
-1.8463e-008	0.0220215
-1.8438e-008	0.0206055
-1.8413e-008	0.0185303
-1.8388e-008	0.0227295
-1.8363e-008	0.0310059
-1.8338e-008	0.024292
-1.8313e-008	0.0180176
-1.8288e-008	0.0222168
-1.8263e-008	0.0210693
-1.8238e-008	0.0158936
-1.8213e-008	0.0188232
-1.8188e-008	0.0253906
-1.8163e-008	0.0264649
-1.8138e-008	0.0259522
-1.8113e-008	0.0240967
-1.8088e-008	0.0205811
-1.8063e-008	0.0167969
-1.8038e-008	0.0175537
-1.8013e-008	0.0306397
-1.7988e-008	0.0313477
-1.7963e-008	0.0173828
-1.7938e-008	0.0118652
-1.7913e-008	0.0146973
-1.7888e-008	0.0223389
-1.7863e-008	0.0197998
-1.7838e-008	0.0142822
-1.7813e-008	0.0201904
-1.7788e-008	0.0265381
-1.7763e-008	0.0244385
-1.7738e-008	0.0178467
-1.7713e-008	0.0256104
-1.7688e-008	0.0261231
-1.7663e-008	0.0141846
-1.7638e-008	0.0232666
-1.7613e-008	0.0298584
-1.7588e-008	0.0218994
-1.7563e-008	0.0176514
-1.7538e-008	0.0183106
-1.7513e-008	0.0283447
-1.7488e-008	0.0377197
-1.7463e-008	0.0308838
-1.7438e-008	0.0171875
-1.7413e-008	0.0178467
-1.7388e-008	0.0230957
-1.7363e-008	0.0167481
-1.7338e-008	0.0186524
-1.7313e-008	0.0306885
-1.7288e-008	0.0283691
-1.7263e-008	0.0164063
-1.7238e-008	0.0188721
-1.7213e-008	0.0266846
-1.7188e-008	0.0224121
-1.7163e-008	0.0243164
-1.7138e-008	0.0280762
-1.7113e-008	0.0243897
-1.7088e-008	0.0259277
-1.7063e-008	0.0240479
-1.7038e-008	0.0210693
-1.7013e-008	0.0176758
-1.6988e-008	0.0151611
-1.6963e-008	0.0220215
-1.6938e-008	0.014209
-1.6913e-008	0.0125977
-1.6888e-008	0.0279785
-1.6863e-008	0.0166748
-1.6838e-008	0.0133057
-1.6813e-008	0.0293945
-1.6788e-008	0.0232666
-1.6763e-008	0.0251221
-1.6738e-008	0.0303711
-1.6713e-008	0.0168701
-1.6688e-008	0.0209229
-1.6663e-008	0.0295899
-1.6638e-008	0.0323242
-1.6613e-008	0.0345459
-1.6588e-008	0.0183106
-1.6563e-008	0.019751
-1.6538e-008	0.0287109
-1.6513e-008	0.0206055
-1.6488e-008	0.0270508
-1.6463e-008	0.0135986
-1.6438e-008	0.000634773
-1.6413e-008	0.0208496
-1.6388e-008	0.0165527
-1.6363e-008	0.01521
-1.6338e-008	0.0289795
-1.6313e-008	0.0301514
-1.6288e-008	0.0343506
-1.6263e-008	0.0220703
-1.6238e-008	0.0131592
-1.6213e-008	0.0188721
-1.6188e-008	0.0154541
-1.6163e-008	0.0217529
-1.6138e-008	0.023877
-1.6113e-008	0.0159668
-1.6088e-008	0.0172852
-1.6063e-008	0.0169434
-1.6038e-008	0.0149902
-1.6013e-008	0.0242188
-1.5988e-008	0.0350098
-1.5963e-008	0.0272217
-1.5938e-008	0.0112549
-1.5913e-008	0.0154053
-1.5888e-008	0.0282715
-1.5863e-008	0.0114502
-1.5838e-008	0.00324708
-1.5813e-008	0.0314209
-1.5788e-008	0.029419
-1.5763e-008	0.00947266
-1.5738e-008	0.0100342
-1.5713e-008	0.00664063
-1.5688e-008	0.0143799
-1.5663e-008	0.0268555
-1.5638e-008	0.0207275
-1.5613e-008	0.0267578
-1.5588e-008	0.0364746
-1.5563e-008	0.0258545
-1.5538e-008	0.0181641
-1.5513e-008	0.0186768
-1.5488e-008	0.0216309
-1.5463e-008	0.0142578
-1.5438e-008	0.00585938
-1.5413e-008	0.021875
-1.5388e-008	0.0323242
-1.5363e-008	0.0306397
-1.5338e-008	0.0293945
-1.5313e-008	0.030249
-1.5288e-008	0.0337647
-1.5263e-008	0.0187744
-1.5238e-008	0.0160645
-1.5213e-008	0.0269287
-1.5188e-008	0.0189697
-1.5163e-008	0.0257813
-1.5138e-008	0.0342041
-1.5113e-008	0.024707
-1.5088e-008	0.0243408
-1.5063e-008	0.027124
-1.5038e-008	0.0316406
-1.5013e-008	0.0291016
-1.4988e-008	0.0151123
-1.4963e-008	0.0227539
-1.4938e-008	0.0255615
-1.4913e-008	0.00170899
-1.4888e-008	0.00932618
-1.4863e-008	0.0316162
-1.4838e-008	0.0231201
-1.4813e-008	0.0196777
-1.4788e-008	0.020044
-1.4763e-008	0.0211914
-1.4738e-008	0.029541
-1.4713e-008	0.0205322
-1.4688e-008	0.0187256
-1.4663e-008	0.0228516
-1.4638e-008	0.0218506
-1.4613e-008	0.031665
-1.4588e-008	0.0326904
-1.4563e-008	0.0302734
-1.4538e-008	0.026294
-1.4513e-008	0.022876
-1.4488e-008	0.0352539
-1.4463e-008	0.0300049
-1.4438e-008	0.0144531
-1.4413e-008	0.0202881
-1.4388e-008	0.0147461
-1.4363e-008	0.00158692
-1.4338e-008	0.0195801
-1.4313e-008	0.0416016
-1.4288e-008	0.0392334
-1.4263e-008	0.0245606
-1.4238e-008	0.0148926
-1.4213e-008	0.0239502
-1.4188e-008	0.0264893
-1.4163e-008	0.013794
-1.4138e-008	0.016919
-1.4113e-008	0.0252197
-1.4088e-008	0.0247559
-1.4063e-008	0.0219482
-1.4038e-008	0.0194824
-1.4013e-008	0.0203857
-1.3988e-008	0.0216797
-1.3963e-008	0.0269775
-1.3938e-008	0.0211914
-1.3913e-008	0.0125488
-1.3888e-008	0.026001
-1.3863e-008	0.0237061
-1.3838e-008	0.00192872
-1.3813e-008	0.00493165
-1.3788e-008	0.0226318
-1.3763e-008	0.0108887
-1.3738e-008	-0.000634758
-1.3713e-008	0.0220215
-1.3688e-008	0.0230469
-1.3663e-008	0.0154297
-1.3638e-008	0.0284668
-1.3613e-008	0.0272705
-1.3588e-008	0.0272949
-1.3563e-008	0.0351563
-1.3538e-008	0.0221924
-1.3513e-008	0.0102295
-1.3488e-008	0.0246338
-1.3463e-008	0.0159424
-1.3438e-008	0.00100098
-1.3413e-008	0.0257324
-1.3388e-008	0.0280029
-1.3363e-008	0.0108643
-1.3338e-008	0.0132568
-1.3313e-008	0.025415
-1.3288e-008	0.0305664
-1.3263e-008	0.017749
-1.3238e-008	0.0239746
-1.3213e-008	0.0249756
-1.3188e-008	0.00290528
-1.3163e-008	0.00532227
-1.3138e-008	0.0129395
-1.3113e-008	0.0271484
-1.3088e-008	0.0387451
-1.3063e-008	0.0192139
-1.3038e-008	0.0182617
-1.3013e-008	0.020752
-1.2988e-008	0.00126954
-1.2963e-008	-0.00231933
-1.2938e-008	0.00673829
-1.2913e-008	0.0238281
-1.2888e-008	0.0299316
-1.2863e-008	0.0185303
-1.2838e-008	0.0131104
-1.2813e-008	0.0123779
-1.2788e-008	0.0199219
-1.2763e-008	0.0201172
-1.2738e-008	0.0160645
-1.2713e-008	0.0203857
-1.2688e-008	0.0179199
-1.2663e-008	0.0143311
-1.2638e-008	0.0138916
-1.2613e-008	0.0143555
-1.2588e-008	0.0102783
-1.2563e-008	0.0198975
-1.2538e-008	0.0306641
-1.2513e-008	0.00827637
-1.2488e-008	0.00019532
-1.2463e-008	0.0130371
-1.2438e-008	0.0205811
-1.2413e-008	0.0272949
-1.2388e-008	0.0231201
-1.2363e-008	0.0181885
-1.2338e-008	0.0139404
-1.2313e-008	0.0208496
-1.2288e-008	0.0327393
-1.2263e-008	0.0187988
-1.2238e-008	0.0156006
-1.2213e-008	0.0280762
-1.2188e-008	0.0273926
-1.2163e-008	0.0281738
-1.2138e-008	0.0247803
-1.2113e-008	0.0207764
-1.2088e-008	0.0229248
-1.2063e-008	0.0162842
-1.2038e-008	0.0175781
-1.2013e-008	0.022876
-1.1988e-008	0.0202149
-1.1963e-008	0.0260986
-1.1938e-008	0.0266602
-1.1913e-008	0.0155274
-1.1888e-008	0.00478516
-1.1863e-008	0.00429688
-1.1838e-008	0.0161133
-1.1813e-008	0.0118652
-1.1788e-008	0.00939942
-1.1763e-008	0.0230713
-1.1738e-008	0.0193604
-1.1713e-008	0.026416
-1.1688e-008	0.0368652
-1.1663e-008	0.00983887
-1.1638e-008	0.00327149
-1.1613e-008	0.0275879
-1.1588e-008	0.0278809
-1.1563e-008	0.0180664
-1.1538e-008	0.0134277
-1.1513e-008	0.0174561
-1.1488e-008	0.0322754
-1.1463e-008	0.0280274
-1.1438e-008	0.0195801
-1.1413e-008	0.0306885
-1.1388e-008	0.0351563
-1.1363e-008	0.0175537
-1.1338e-008	0.00446778
-1.1313e-008	0.021582
-1.1288e-008	0.0339111
-1.1263e-008	0.0246826
-1.1238e-008	0.0198242
-1.1213e-008	0.0151856
-1.1188e-008	0.0176025
-1.1163e-008	0.0279297
-1.1138e-008	0.0254395
-1.1113e-008	0.0213379
-1.1088e-008	0.022876
-1.1063e-008	0.0147949
-1.1038e-008	0.0108643
-1.1013e-008	0.0250488
-1.0988e-008	0.0263672
-1.0963e-008	0.0198731
-1.0938e-008	0.0237305
-1.0913e-008	0.0205811
-1.0888e-008	0.0136475
-1.0863e-008	0.00187989
-1.0838e-008	0.0065918
-1.0813e-008	0.0293701
-1.0788e-008	0.0222656
-1.0763e-008	0.0120606
-1.0738e-008	0.022876
-1.0713e-008	0.0245361
-1.0688e-008	0.0167236
-1.0663e-008	0.0138672
-1.0638e-008	0.0161133
-1.0613e-008	0.0205078
-1.0588e-008	0.0286621
-1.0563e-008	0.0222412
-1.0538e-008	0.0140869
-1.0513e-008	0.0314209
-1.0488e-008	0.0294678
-1.0463e-008	0.00996095
-1.0438e-008	0.0182373
-1.0413e-008	0.0206787
-1.0388e-008	0.0116455
-1.0363e-008	0.0175049
-1.0338e-008	0.0143799
-1.0313e-008	0.0165283
-1.0288e-008	0.0333984
-1.0263e-008	0.0319092
-1.0238e-008	0.0234863
-1.0213e-008	0.0185303
-1.0188e-008	0.0202393
-1.0163e-008	0.0245361
-1.0138e-008	0.0168701
-1.0113e-008	0.0230225
-1.0088e-008	0.0338623
-1.0063e-008	0.0240479
-1.0038e-008	0.0114258
-1.0013e-008	0.0102539
-9.988004e-009	0.0247559
-9.963004e-009	0.0227051
-9.938004e-009	0.00942384
-9.913004e-009	0.0287354
-9.888004e-009	0.0325928
-9.863004e-009	0.0123535
-9.838004e-009	0.0222412
-9.813004e-009	0.030835
-9.788004e-009	0.0210205
-9.763004e-009	0.0198242
-9.738004e-009	0.0288818
-9.713004e-009	0.039917
-9.688004e-009	0.0347656
-9.663004e-009	0.0220947
-9.638004e-009	0.0220459
-9.613004e-009	0.0217041
-9.588004e-009	0.0119873
-9.563004e-009	0.0126709
-9.538004e-009	0.0277832
-9.513004e-009	0.0268555
-9.488004e-009	0.0273438
-9.463004e-009	0.0331055
-9.438004e-009	0.0205078
-9.413004e-009	0.0267334
-9.388004e-009	0.0304688
-9.363004e-009	0.0140625
-9.338004e-009	0.0124024
-9.313004e-009	0.0143311
-9.288004e-009	0.0198731
-9.263004e-009	0.0210693
-9.238004e-009	0.0206787
-9.213004e-009	0.0318604
-9.188004e-009	0.0286865
-9.163004e-009	0.0223389
-9.138004e-009	0.0252441
-9.113004e-009	0.0264404
-9.088004e-009	0.0302246
-9.063004e-009	0.0223633
-9.038004e-009	0.0141357
-9.013004e-009	0.029126
-8.988004e-009	0.0268555
-8.963004e-009	0.0108887
-8.938004e-009	0.0200684
-8.913004e-009	0.0195313
-8.888004e-009	0.0102783
-8.863004e-009	0.0177979
-8.838004e-009	0.0205566
-8.813004e-009	0.020752
-8.788004e-009	0.0158447
-8.763004e-009	0.0151123
-8.738004e-009	0.0273193
-8.713004e-009	0.0207275
-8.688004e-009	0.019043
-8.663004e-009	0.0259766
-8.638004e-009	0.0155518
-8.613004e-009	0.0186524
-8.588004e-009	0.0282471
-8.563004e-009	0.0308838
-8.538004e-009	0.0280762
-8.513004e-009	0.0244385
-8.488004e-009	0.035669
-8.463004e-009	0.0242188
-8.438004e-009	0.00949708
-8.413004e-009	0.0196533
-8.388004e-009	0.0106934
-8.363004e-009	-0.000292961
-8.338004e-009	0.00568848
-8.313004e-009	0.0223145
-8.288004e-009	0.0354492
-8.263004e-009	0.0233154
-8.238004e-009	0.0219727
-8.213004e-009	0.0344238
-8.188004e-009	0.0314941
-8.163004e-009	0.016919
-8.138004e-009	0.0106201
-8.113004e-009	0.0250488
-8.088004e-009	0.0189697
-8.063004e-009	0.00437012
-8.038004e-009	0.0172607
-8.013004e-009	0.0211914
-7.988004e-009	0.0202881
-7.963004e-009	0.0280762
-7.938004e-009	0.0281738
-7.913004e-009	0.0275635
-7.888004e-009	0.0250977
-7.863004e-009	0.0150879
-7.838004e-009	0.00905762
-7.813004e-009	0.0191162
-7.788004e-009	0.0287354
-7.763004e-009	0.0213379
-7.738004e-009	0.0151611
-7.713004e-009	0.0174561
-7.688004e-009	0.0202881
-7.663004e-009	0.0203613
-7.638004e-009	0.022583
-7.613004e-009	0.0268066
-7.588004e-009	0.0262695
-7.563004e-009	0.0296875
-7.538004e-009	0.0292969
-7.513004e-009	0.0295654
-7.488004e-009	0.0312988
-7.463004e-009	0.0114258
-7.438004e-009	0.00803223
-7.413004e-009	0.0223877
-7.388004e-009	0.0165283
-7.363004e-009	0.0193848
-7.338004e-009	0.0253662
-7.313004e-009	0.0140381
-7.288004e-009	0.00722657
-7.263004e-009	0.00939942
-7.238004e-009	0.0222168
-7.213004e-009	0.0347168
-7.188004e-009	0.0273926
-7.163004e-009	0.0178711
-7.138004e-009	0.0161621
-7.113004e-009	0.0200928
-7.088004e-009	0.0320801
-7.063004e-009	0.028833
-7.038004e-009	0.0216309
-7.013004e-009	0.0275391
-6.988004e-009	0.0210938
-6.963004e-009	0.0088379
-6.938004e-009	0.00300294
-6.913004e-009	0.00754395
-6.888004e-009	0.0252441
-6.863004e-009	0.0308838
-6.838004e-009	0.0249024
-6.813004e-009	0.0232666
-6.788004e-009	0.0201172
-6.763004e-009	0.0124024
-6.738004e-009	0.0155518
-6.713004e-009	0.0359863
-6.688004e-009	0.0342041
-6.663004e-009	0.0125244
-6.638004e-009	0.0139404
-6.613004e-009	0.0210693
-6.588004e-009	0.0251221
-6.563004e-009	0.0290772
-6.538004e-009	0.0253906
-6.513004e-009	0.0333496
-6.488004e-009	0.0354492
-6.463004e-009	0.0218018
-6.438004e-009	0.0114258
-6.413004e-009	0.000756843
-6.388004e-009	0.00473634
-6.363004e-009	0.0253906
-6.338004e-009	0.0327393
-6.313004e-009	0.0235352
-6.288004e-009	0.0229248
-6.263004e-009	0.0270508
-6.238004e-009	0.0276367
-6.213004e-009	0.0321533
-6.188004e-009	0.0154541
-6.163004e-009	0.00180665
-6.138004e-009	0.0121338
-6.113004e-009	0.0124756
-6.088004e-009	0.0166748
-6.063004e-009	0.0149658
-6.038004e-009	0.0119141
-6.013004e-009	0.0280029
-5.988004e-009	0.0229004
-5.963004e-009	0.0199463
-5.938004e-009	0.0313233
-5.913004e-009	0.0208496
-5.888004e-009	0.0122559
-5.863004e-009	0.0137451
-5.838004e-009	0.0149902
-5.813004e-009	0.0178711
-5.788004e-009	0.0219238
-5.763004e-009	0.0260254
-5.738004e-009	0.014502
-5.713004e-009	0.00844727
-5.688004e-009	0.0307861
-5.663004e-009	0.0349121
-5.638004e-009	0.0155762
-5.613004e-009	0.0223633
-5.588004e-009	0.029834
-5.563004e-009	0.0238037
-5.538004e-009	0.0327881
-5.513004e-009	0.0271729
-5.488004e-009	0.0137695
-5.463004e-009	0.0183838
-5.438004e-009	0.0188721
-5.413004e-009	0.0153565
-5.388004e-009	0.0199707
-5.363004e-009	0.0309815
-5.338004e-009	0.0220703
-5.313004e-009	0.010376
-5.288004e-009	0.0228272
-5.263004e-009	0.0141113
-5.238004e-009	0.00859376
-5.213004e-009	0.0289551
-5.188004e-009	0.0265137
-5.163004e-009	0.0173584
-5.138004e-009	0.0113525
-5.113004e-009	0.0108154
-5.088004e-009	0.0204834
-5.063004e-009	0.00891114
-5.038004e-009	0.00947266
-5.013004e-009	0.0332275
-4.988004e-009	0.0279053
-4.963004e-009	0.0140869
-4.938004e-009	0.0186035
-4.913004e-009	0.019165
-4.888004e-009	0.0167481
-4.863004e-009	0.0224365
-4.838004e-009	0.0277344
-4.813004e-009	0.0274658
-4.788004e-009	0.0234131
-4.763004e-009	0.0189697
-4.738004e-009	0.0200928
-4.713004e-009	0.0227783
-4.688004e-009	0.0264404
-4.663004e-009	0.0222168
-4.638004e-009	0.0162598
-4.613004e-009	0.0282715
-4.588004e-009	0.0321777
-4.563004e-009	0.0228272
-4.538004e-009	0.0113525
-4.513004e-009	0.00827637
-4.488004e-009	0.023169
-4.463004e-009	0.013501
-4.438004e-009	0.00180665
-4.413004e-009	0.020044
-4.388004e-009	0.0252686
-4.363004e-009	0.0187256
-4.338004e-009	0.0150147
-4.313004e-009	0.0262695
-4.288004e-009	0.0310791
-4.263004e-009	0.00104981
-4.238004e-009	-0.00109863
-4.213004e-009	0.0234619
-4.188004e-009	0.0209961
-4.163004e-009	0.014917
-4.138004e-009	0.0142334
-4.113004e-009	0.0194824
-4.088004e-009	0.0294922
-4.063004e-009	0.0217774
-4.038004e-009	0.0204102
-4.013004e-009	0.0262451
-3.988004e-009	0.0142578
-3.963004e-009	0.0109863
-3.938004e-009	0.0220459
-3.913004e-009	0.0261719
-3.888004e-009	0.0271973
-3.863004e-009	0.0319092
-3.838004e-009	0.0252441
-3.813004e-009	0.0111816
-3.788004e-009	0.0151123
-3.763004e-009	0.0237793
-3.738004e-009	0.02229
-3.713004e-009	0.0193115
-3.688004e-009	0.0184815
-3.663004e-009	0.0101318
-3.638004e-009	0.00129395
-3.613004e-009	0.0157959
-3.588004e-009	0.0199219
-3.563004e-009	0.0108887
-3.538004e-009	0.0179932
-3.513004e-009	0.0224365
-3.488004e-009	0.0302246
-3.463004e-009	0.0321045
-3.438004e-009	0.0265381
-3.413004e-009	0.0272461
-3.388004e-009	0.0147949
-3.363004e-009	0.0104736
-3.338004e-009	0.0194092
-3.313004e-009	0.0292236
-3.288004e-009	0.0396973
-3.263004e-009	0.0205322
-3.238004e-009	-0.00046386
-3.213004e-009	0.012207
-3.188004e-009	0.0273926
-3.163004e-009	0.0336914
-3.138004e-009	0.0237793
-3.113004e-009	0.00874024
-3.088004e-009	0.0180908
-3.063004e-009	0.0264404
-3.038004e-009	0.0222412
-3.013004e-009	0.0184326
-2.988004e-009	0.0182861
-2.963004e-009	0.029419
-2.938004e-009	0.03125
-2.913004e-009	0.0204102
-2.888004e-009	0.0131592
-2.863004e-009	0.00827637
-2.838004e-009	0.0167725
-2.813004e-009	0.0225586
-2.788004e-009	0.0138428
-2.763004e-009	0.0121338
-2.738004e-009	0.0133545
-2.713004e-009	0.0168701
-2.688004e-009	0.0213379
-2.663004e-009	0.0198242
-2.638004e-009	0.019751
-2.613004e-009	0.0209717
-2.588004e-009	0.0263184
-2.563004e-009	0.0327149
-2.538004e-009	0.0313721
-2.513004e-009	0.0316162
-2.488004e-009	0.0364746
-2.463004e-009	0.0252441
-2.438004e-009	0.0127686
-2.413004e-009	0.0207275
-2.388004e-009	0.0191406
-2.363004e-009	0.0124512
-2.338004e-009	0.0170166
-2.313004e-009	0.0241699
-2.288004e-009	0.024707
-2.263004e-009	0.0168457
-2.238004e-009	0.0245606
-2.213004e-009	0.0293945
-2.188004e-009	0.0240967
-2.163004e-009	0.0319336
-2.138004e-009	0.030835
-2.113004e-009	0.0288818
-2.088004e-009	0.0354248
-2.063004e-009	0.0248047
-2.038004e-009	0.0224121
-2.013004e-009	0.0351318
-1.988004e-009	0.0280762
-1.963004e-009	0.0260254
-1.938004e-009	0.025
-1.913004e-009	0.0126709
-1.888004e-009	0.0199463
-1.863004e-009	0.0141602
-1.838004e-009	0.00837403
-1.813004e-009	0.0291504
-1.788004e-009	0.0283447
-1.763004e-009	0.0240967
-1.738004e-009	0.0329834
-1.713004e-009	0.0242432
-1.688004e-009	0.0155518
-1.663004e-009	0.0210449
-1.638004e-009	0.0164795
-1.613004e-009	0.00852052
-1.588004e-009	0.0179932
-1.563004e-009	0.0264404
-1.538004e-009	0.0263184
-1.513004e-009	0.0281738
-1.488004e-009	0.0247315
-1.463004e-009	0.0186768
-1.438004e-009	0.0206787
-1.413004e-009	0.0207275
-1.388004e-009	0.00603028
-1.363004e-009	0.00236817
-1.338004e-009	0.0159424
-1.313004e-009	0.0186279
-1.288004e-009	0.0206055
-1.263004e-009	0.0249268
-1.238004e-009	0.0261719
-1.213004e-009	0.0259522
-1.188004e-009	0.0187988
-1.163004e-009	0.0246826
-1.138004e-009	0.0294434
-1.113004e-009	0.0253906
-1.088004e-009	0.0289307
-1.063004e-009	0.0185303
-1.038004e-009	0.0122803
-1.013004e-009	0.0214844
-9.88004e-010	0.0215332
-9.63004e-010	0.0249512
-9.38004e-010	0.0279297
-9.13004e-010	0.0218506
-8.88004e-010	0.0205811
-8.63004e-010	0.0211182
-8.38004e-010	0.0241211
-8.13004e-010	0.0286621
-7.88004e-010	0.0240234
-7.63004e-010	0.0171631
-7.38004e-010	0.0157715
-7.13004e-010	0.0219238
-6.88004e-010	0.0204346
-6.63004e-010	0.00751954
-6.38004e-010	0.0167481
-6.13004e-010	0.0293945
-5.88004e-010	0.0258545
-5.63004e-010	0.0177979
-5.38004e-010	-0.0050537
-5.13004e-010	0.00610352
-4.88004e-010	0.0410156
-4.63004e-010	0.0295899
-4.38004e-010	0.0177979
-4.13004e-010	0.0194824
-3.88004e-010	0.0100342
-3.63004e-010	0.0190186
-3.38004e-010	0.0313965
-3.13004e-010	0.0296143
-2.88004e-010	0.020044
-2.63004e-010	0.00783692
-2.38004e-010	0.0112549
-2.13004e-010	0.0121826
-1.88004e-010	0.00437012
-1.63004e-010	0.0105713
-1.38004e-010	0.00617677
-1.13004e-010	-0.00671386
-8.800403e-011	-0.00917968
-6.300403e-011	-0.0168945
-3.800403e-011	-0.0141357
-1.300403e-011	-0.0141113
1.199597e-011	-0.0358154
3.699597e-011	-0.0406006
6.199597e-011	-0.045166
8.699597e-011	-0.0676025
1.11996e-010	-0.086206
1.36996e-010	-0.102686
1.61996e-010	-0.0930908
1.86996e-010	-0.0808594
2.11996e-010	-0.0992432
2.36996e-010	-0.0989746
2.61996e-010	-0.0991211
2.86996e-010	-0.118018
3.11996e-010	-0.105566
3.36996e-010	-0.0944824
3.61996e-010	-0.108032
3.86996e-010	-0.105664
4.11996e-010	-0.098584
4.36996e-010	-0.0902832
4.61996e-010	-0.0763184
4.86996e-010	-0.0678467
5.11996e-010	-0.046875
5.36996e-010	-0.0416016
5.61996e-010	-0.0491455
5.86996e-010	-0.0289551
6.11996e-010	-0.0184082
6.36996e-010	-0.0287842
6.61996e-010	-0.0238769
6.86996e-010	0.00327149
7.11996e-010	0.0173828
7.36996e-010	0.00993653
7.61996e-010	0.0229492
7.86996e-010	0.0343506
8.11996e-010	0.0200195
8.36996e-010	0.0271729
8.61996e-010	0.0411865
8.86996e-010	0.0218018
9.11996e-010	0.0210938
9.36996e-010	0.0384033
9.61996e-010	0.0253906
9.86996e-010	0.019751
1.011996e-009	0.0363037
1.036996e-009	0.0450195
1.061996e-009	0.042041
1.086996e-009	0.0433594
1.111996e-009	0.0423096
1.136996e-009	0.0275879
1.161996e-009	0.0299316
1.186996e-009	0.0455078
1.211996e-009	0.0448975
1.236996e-009	0.0415039
1.261996e-009	0.0492432
1.286996e-009	0.0536377
1.311996e-009	0.0470215
1.336996e-009	0.0369873
1.361996e-009	0.036792
1.386996e-009	0.0460938
1.411996e-009	0.0348877
1.436996e-009	0.0253906
1.461996e-009	0.038501
1.486996e-009	0.0405762
1.511996e-009	0.0381348
1.536996e-009	0.0284424
1.561996e-009	0.011499
1.586996e-009	0.0180176
1.611996e-009	0.0258301
1.636996e-009	0.0200928
1.661996e-009	0.0195068
1.686996e-009	0.017041
1.711996e-009	0.0102295
1.736996e-009	0.00974122
1.761996e-009	0.0184082
1.786996e-009	0.0280518
1.811996e-009	0.0248047
1.836996e-009	0.0178467
1.861996e-009	0.0169922
1.886996e-009	0.0213135
1.911996e-009	0.0256348
1.936996e-009	0.0154785
1.961996e-009	0.00891114
1.986996e-009	0.015918
2.011996e-009	0.0174805
2.036996e-009	0.0204834
2.061996e-009	0.0263916
2.086996e-009	0.0338379
2.111996e-009	0.0432861
2.136996e-009	0.0340576
2.161996e-009	0.0193848
2.186996e-009	0.0228027
2.211996e-009	0.0255127
2.236996e-009	0.0327637
2.261996e-009	0.0359863
2.286996e-009	0.0235107
2.311996e-009	0.0378662
2.336996e-009	0.0317383
2.361996e-009	0.00546876
2.386996e-009	0.0270996
2.411996e-009	0.0307617
2.436996e-009	0.0198242
2.461996e-009	0.023877
2.486996e-009	0.0193359
2.511996e-009	0.0365234
2.536996e-009	0.041919
2.561996e-009	0.0190918
2.586996e-009	0.0120117
2.611996e-009	0.0207275
2.636996e-009	0.0336914
2.661996e-009	0.0327637
2.686996e-009	0.0261719
2.711996e-009	0.0287598
2.736996e-009	0.0145996
2.761996e-009	0.0116455
2.786996e-009	0.0328369
2.811996e-009	0.0250488
2.836996e-009	0.0193115
2.861996e-009	0.0284912
2.886996e-009	0.0255371
2.911996e-009	0.022876
2.936996e-009	0.00983887
2.961996e-009	0.0165527
2.986996e-009	0.0236572
3.011996e-009	0.00495606
3.036996e-009	0.0133789
3.061996e-009	0.0202637
3.086996e-009	0.01875
3.111996e-009	0.0220703
3.136996e-009	0.0157471
3.161996e-009	0.0248779
3.186996e-009	0.033667
3.211996e-009	0.029834
3.236996e-009	0.0205322
3.261996e-009	0.011377
3.286996e-009	0.0251953
3.311996e-009	0.045752
3.336996e-009	0.0382324
3.361996e-009	0.0161133
3.386996e-009	0.0183106
3.411996e-009	0.0294678
3.436996e-009	0.0331543
3.461996e-009	0.036084
3.486996e-009	0.0292481
3.511996e-009	0.0294434
3.536996e-009	0.0314697
3.561996e-009	0.0254395
3.586996e-009	0.0221436
3.611996e-009	0.0128906
3.636996e-009	0.0190674
3.661996e-009	0.0348633
3.686996e-009	0.0270996
3.711996e-009	0.0245361
3.736996e-009	0.0214356
3.761996e-009	0.00126954
3.786996e-009	0.00949708
3.811996e-009	0.0269043
3.836996e-009	0.0188232
3.861996e-009	0.00793458
3.886996e-009	0.00908204
3.911996e-009	0.0249024
3.936996e-009	0.0242188
3.961996e-009	0.0128662
3.986996e-009	0.0191162
4.011996e-009	0.018335
4.036996e-009	0.0163574
4.061996e-009	0.0202149
4.086996e-009	0.0234375
4.111996e-009	0.0213379
4.136996e-009	0.00722657
4.161996e-009	0.0131348
4.186996e-009	0.0248291
4.211996e-009	0.020166
4.236996e-009	0.0238525
4.261996e-009	0.00952149
4.286996e-009	0.00166016
4.311996e-009	0.0270508
4.336996e-009	0.0211914
4.361996e-009	0.019165
4.386996e-009	0.0337402
4.411996e-009	0.0174316
4.436996e-009	0.0207031
4.461996e-009	0.0359619
4.486996e-009	0.0370361
4.511996e-009	0.02854
4.536996e-009	0.010376
4.561996e-009	0.0162354
4.586996e-009	0.0255859
4.611996e-009	0.0286865
4.636996e-009	0.0345215
4.661996e-009	0.0247559
4.686996e-009	0.0214844
4.711996e-009	0.0321533
4.736996e-009	0.0402832
4.761996e-009	0.0418457
4.786996e-009	0.0411865
4.811996e-009	0.0299561
4.836996e-009	0.0097168
4.861996e-009	0.0102783
4.886996e-009	0.0243897
4.911996e-009	0.0253906
4.936996e-009	0.0165283
4.961996e-009	0.0169434
4.986996e-009	0.0172852
5.011996e-009	0.0144043
5.036996e-009	0.023169
5.061996e-009	0.0215332
5.086996e-009	0.0164063
5.111996e-009	0.0125488
5.136996e-009	0.00283204
5.161996e-009	0.0116211
5.186996e-009	0.0206299
5.211996e-009	0.0196533
5.236996e-009	0.0133057
5.261996e-009	0.00607911
5.286996e-009	0.0175537
5.311996e-009	0.0230225
5.336996e-009	0.0124268
5.361996e-009	0.0135254
5.386996e-009	0.0265625
5.411996e-009	0.0272949
5.436996e-009	0.0190918
5.461996e-009	0.0230469
5.486996e-009	0.0244873
5.511996e-009	0.0183594
5.536996e-009	0.0174805
5.561996e-009	0.0199707
5.586996e-009	0.0256104
5.611996e-009	0.0282959
5.636996e-009	0.0225586
5.661996e-009	0.0237305
5.686996e-009	0.0365234
5.711996e-009	0.0317871
5.736996e-009	0.0136963
5.761996e-009	0.0191406
5.786996e-009	0.0312988
5.811996e-009	0.027832
5.836996e-009	0.02146
5.861996e-009	0.0181885
5.886996e-009	0.0297608
5.911996e-009	0.0429199
5.936996e-009	0.0283691
5.961996e-009	0.0199219
5.986996e-009	0.0326172
6.011996e-009	0.0304688
6.036996e-009	0.0297852
6.061996e-009	0.0332031
6.086996e-009	0.0111328
6.111996e-009	0.0105957
6.136996e-009	0.0338379
6.161996e-009	0.026001
6.186996e-009	0.0209717
6.211996e-009	0.0276123
6.236996e-009	0.023584
6.261996e-009	0.0226318
6.286996e-009	0.0172607
6.311996e-009	0.0191162
6.336996e-009	0.0262451
6.361996e-009	0.0163086
6.386996e-009	0.0145508
6.411996e-009	0.0227295
6.436996e-009	0.0141602
6.461996e-009	0.010083
6.486996e-009	0.0233643
6.511996e-009	0.0222168
6.536996e-009	0.00964356
6.561996e-009	0.00961915
6.586996e-009	0.0166748
6.611996e-009	0.0155518
6.636996e-009	0.0177002
6.661996e-009	0.0207764
6.686996e-009	0.00974122
6.711996e-009	0.0179932
6.736996e-009	0.0227051
6.761996e-009	0.0123291
6.786996e-009	0.027417
6.811996e-009	0.0269531
6.836996e-009	0.0220215
6.861996e-009	0.0342529
6.886996e-009	0.0331055
6.911996e-009	0.0290039
6.936996e-009	0.0167236
6.961996e-009	0.013501
6.986996e-009	0.0271484
7.011996e-009	0.0282959
7.036996e-009	0.0157471
7.061996e-009	0.00820313
7.086996e-009	0.0232666
7.111996e-009	0.027002
7.136996e-009	0.015332
7.161996e-009	0.0216309
7.186996e-009	0.0240723
7.211996e-009	0.0137695
7.236996e-009	0.0119629
7.261996e-009	0.021167
7.286996e-009	0.0233399
7.311996e-009	0.0214844
7.336996e-009	0.0255615
7.361996e-009	0.0205322
7.386996e-009	0.0158447
7.411996e-009	0.0189941
7.436996e-009	0.0200928
7.461996e-009	0.0168701
7.486996e-009	0.00156251
7.511996e-009	-0.00498046
7.536996e-009	0.0119385
7.561996e-009	0.0219727
7.586996e-009	0.0197266
7.611996e-009	0.0211182
7.636996e-009	0.0208496
7.661996e-009	0.0106934
7.686996e-009	0.0128418
7.711996e-009	0.0306641
7.736996e-009	0.01604
7.761996e-009	0.00725098
7.786996e-009	0.0335449
7.811996e-009	0.024585
7.836996e-009	0.0162842
7.861996e-009	0.0311279
7.886996e-009	0.0276611
7.911996e-009	0.0272217
7.936996e-009	0.0178467
7.961996e-009	0.0210449
7.986996e-009	0.0431152
8.011996e-009	0.0301758
8.036996e-009	0.0214844
8.061996e-009	0.0337402
8.086996e-009	0.0383545
8.111996e-009	0.0385498
8.136996e-009	0.0251465
8.161996e-009	0.0130859
8.186996e-009	0.0171387
8.211996e-009	0.0212891
8.236996e-009	0.0179932
8.261996e-009	0.0114746
8.286996e-009	0.0142334
8.311996e-009	0.0170899
8.336996e-009	0.014917
8.361996e-009	0.0253174
8.386996e-009	0.0243164
8.411996e-009	0.0083252
8.436996e-009	0.00778809
8.461996e-009	0.0124024
8.486996e-009	0.0198486
8.511996e-009	0.0290772
8.536996e-009	0.0297119
8.561996e-009	0.0260986
8.586996e-009	0.0184326
8.611996e-009	0.0151611
8.636996e-009	0.0153809
8.661996e-009	0.00720216
8.686996e-009	0.0131104
8.711996e-009	0.0357178
8.736996e-009	0.0258545
8.761996e-009	0.0102295
8.786996e-009	0.0201172
8.811996e-009	0.0150391
8.836996e-009	0.0151611
8.861996e-009	0.0223877
8.886996e-009	0.0194824
8.911996e-009	0.0271729
8.936996e-009	0.0259522
8.961996e-009	0.0179932
8.986996e-009	0.0253418
9.011996e-009	0.0332275
9.036996e-009	0.0249512
9.061996e-009	0.0220703
9.086996e-009	0.035083
9.111996e-009	0.0367432
9.136996e-009	0.0290772
9.161996e-009	0.0195557
9.186996e-009	0.0164063
9.211996e-009	0.0236572
9.236996e-009	0.0292725
9.261996e-009	0.0310547
9.286996e-009	0.0254395
9.311996e-009	0.0277344
9.336996e-009	0.025708
9.361996e-009	0.0125244
9.386996e-009	0.0200684
9.411996e-009	0.0165039
9.436996e-009	0.00715333
9.461996e-009	0.0206299
9.486996e-009	0.0207764
9.511996e-009	0.0172363
9.536996e-009	0.00695802
9.561996e-009	-0.00390624
9.586996e-009	0.0141602
9.611996e-009	0.0116699
9.636996e-009	-0.00246581
9.661996e-009	0.00957032
9.686996e-009	0.0187256
9.711996e-009	0.0178223
9.736996e-009	0.0199219
9.761996e-009	0.0219238
9.786996e-009	0.0160645
9.811996e-009	0.0148682
9.836996e-009	0.0162109
9.861996e-009	0.0165772
9.886996e-009	0.0299316
9.911996e-009	0.0244385
9.936996e-009	0.00336915
9.961996e-009	0.0181885
9.986996e-009	0.0327149
1.0012e-008	0.0197022
1.0037e-008	0.0261963
1.0062e-008	0.026001
1.0087e-008	0.0156738
1.0112e-008	0.0390625
1.0137e-008	0.0382324
1.0162e-008	0.0197266
1.0187e-008	0.0376953
1.0212e-008	0.0417725
1.0237e-008	0.0223145
1.0262e-008	0.014502
1.0287e-008	0.0225098
1.0312e-008	0.0308838
1.0337e-008	0.0162354
1.0362e-008	0.0124756
1.0387e-008	0.0317383
1.0412e-008	0.0332275
1.0437e-008	0.0305908
1.0462e-008	0.0201416
1.0487e-008	0.0174561
1.0512e-008	0.0436768
1.0537e-008	0.0313721
1.0562e-008	0.0162109
1.0587e-008	0.0320801
1.0612e-008	0.0212158
1.0637e-008	0.0168213
1.0662e-008	0.0233643
1.0687e-008	0.0218506
1.0712e-008	0.0293701
1.0737e-008	0.0283691
1.0762e-008	0.0221436
1.0787e-008	0.0195801
1.0812e-008	0.0234375
1.0837e-008	0.0291748
1.0862e-008	0.017749
1.0887e-008	0.0130615
1.0912e-008	0.0287109
1.0937e-008	0.0248779
1.0962e-008	0.00910645
1.0987e-008	0.0143555
1.1012e-008	0.0211914
1.1037e-008	0.0242432
1.1062e-008	0.0248291
1.1087e-008	0.0246094
1.1112e-008	0.0316895
1.1137e-008	0.0249512
1.1162e-008	0.0167725
1.1187e-008	0.0186035
1.1212e-008	0.01604
1.1237e-008	0.0168457
1.1262e-008	0.0171631
1.1287e-008	0.0166748
1.1312e-008	0.0213867
1.1337e-008	0.0175781
1.1362e-008	0.014502
1.1387e-008	0.0230469
1.1412e-008	0.0210938
1.1437e-008	0.0152588
1.1462e-008	0.0223145
1.1487e-008	0.02771
1.1512e-008	0.024585
1.1537e-008	0.0197754
1.1562e-008	0.0189209
1.1587e-008	0.0169434
1.1612e-008	0.0196533
1.1637e-008	0.0280518
1.1662e-008	0.0231445
1.1687e-008	0.0183594
1.1712e-008	0.0294678
1.1737e-008	0.0368164
1.1762e-008	0.0288818
1.1787e-008	0.0252197
1.1812e-008	0.0236084
1.1837e-008	0.0185547
1.1862e-008	0.0248047
1.1887e-008	0.0241699
1.1912e-008	0.0192627
1.1937e-008	0.0187012
1.1962e-008	0.010376
1.1987e-008	0.0109863
1.2012e-008	0.0168945
1.2037e-008	0.0170654
1.2062e-008	0.0245117
1.2087e-008	0.0337402
1.2112e-008	0.027417
1.2137e-008	0.0130127
1.2162e-008	0.0101563
1.2187e-008	0.0194336
1.2212e-008	0.0281006
1.2237e-008	0.0270264
1.2262e-008	0.0244141
1.2287e-008	0.0331055
1.2312e-008	0.0386475
1.2337e-008	0.0249024
1.2362e-008	0.0179443
1.2387e-008	0.0288574
1.2412e-008	0.0303467
1.2437e-008	0.0275635
1.2462e-008	0.0333984
1.2487e-008	0.0371094
1.2512e-008	0.0337402
1.2537e-008	0.0350586
1.2562e-008	0.0383545
1.2587e-008	0.0294922
1.2612e-008	0.0260742
1.2637e-008	0.0289063
1.2662e-008	0.0251953
1.2687e-008	0.0316162
1.2712e-008	0.0357666
1.2737e-008	0.0176025
1.2762e-008	0.00937501
1.2787e-008	0.0220703
1.2812e-008	0.0291992
1.2837e-008	0.0307861
1.2862e-008	0.0245606
1.2887e-008	0.0152588
1.2912e-008	0.00837403
1.2937e-008	0.00109864
1.2962e-008	0.0143066
1.2987e-008	0.0253418
1.3012e-008	0.0162598
1.3037e-008	0.0163086
1.3062e-008	0.0246826
1.3087e-008	0.0281494
1.3112e-008	0.0290283
1.3137e-008	0.0240967
1.3162e-008	0.0162109
1.3187e-008	0.0198975
1.3212e-008	0.0173828
1.3237e-008	0.00993653
1.3262e-008	0.0152832
1.3287e-008	0.0206055
1.3312e-008	0.0311524
1.3337e-008	0.0215576
1.3362e-008	0.00908204
1.3387e-008	0.0262451
1.3412e-008	0.024585
1.3437e-008	0.0264649
1.3462e-008	0.0366455
1.3487e-008	0.0251221
1.3512e-008	0.0250488
1.3537e-008	0.0254639
1.3562e-008	0.0216797
1.3587e-008	0.0252441
1.3612e-008	0.0247559
1.3637e-008	0.028125
1.3662e-008	0.0289307
1.3687e-008	0.0326416
1.3712e-008	0.0420166
1.3737e-008	0.0250977
1.3762e-008	0.00976563
1.3787e-008	0.0227539
1.3812e-008	0.0263184
1.3837e-008	0.0243897
1.3862e-008	0.0237793
1.3887e-008	0.0123535
1.3912e-008	0.0190186
1.3937e-008	0.0426514
1.3962e-008	0.0365967
1.3987e-008	0.0115234
1.4012e-008	0.0131836
1.4037e-008	0.0188721
1.4062e-008	0.0065918
1.4087e-008	0.0101563
1.4112e-008	0.025293
1.4137e-008	0.0211182
1.4162e-008	0.017749
1.4187e-008	0.0256104
1.4212e-008	0.0202149
1.4237e-008	0.0154785
1.4262e-008	0.0195801
1.4287e-008	0.0229492
1.4312e-008	0.0221191
1.4337e-008	0.00559083
1.4362e-008	-0.000292961
1.4387e-008	0.0116699
1.4412e-008	0.0133545
1.4437e-008	0.0196777
1.4462e-008	0.0332031
1.4487e-008	0.0346191
1.4512e-008	0.0295654
1.4537e-008	0.0219238
1.4562e-008	0.0173584
1.4587e-008	0.0227783
1.4612e-008	0.0238037
1.4637e-008	0.0175049
1.4662e-008	0.0189453
1.4687e-008	0.0262695
1.4712e-008	0.0240479
1.4737e-008	0.0168701
1.4762e-008	0.0213379
1.4787e-008	0.0242188
1.4812e-008	0.0142822
1.4837e-008	0.0140137
1.4862e-008	0.0221924
1.4887e-008	0.0265625
1.4912e-008	0.0255127
1.4937e-008	0.0129639
1.4962e-008	0.0146973
1.4987e-008	0.031958
1.5012e-008	0.0309326
1.5037e-008	0.0233154
1.5062e-008	0.0206787
1.5087e-008	0.0241943
1.5112e-008	0.0285645
1.5137e-008	0.017749
1.5162e-008	0.0155518
1.5187e-008	0.0215332
1.5212e-008	0.0200195
1.5237e-008	0.0259522
1.5262e-008	0.0242432
1.5287e-008	0.0236328
1.5312e-008	0.0294434
1.5337e-008	0.0156006
1.5362e-008	0.0182861
1.5387e-008	0.0352539
1.5412e-008	0.0232666
1.5437e-008	0.00500489
1.5462e-008	-0.00231933
1.5487e-008	0.00334473
1.5512e-008	0.016626
1.5537e-008	0.02229
1.5562e-008	0.0312744
1.5587e-008	0.0341065
1.5612e-008	0.0243897
1.5637e-008	0.0268555
1.5662e-008	0.0263428
1.5687e-008	0.0223145
1.5712e-008	0.0249268
1.5737e-008	0.00603028
1.5762e-008	0.00229493
1.5787e-008	0.0260742
1.5812e-008	0.0287354
1.5837e-008	0.0232666
1.5862e-008	0.0196045
1.5887e-008	0.0206543
1.5912e-008	0.0225098
1.5937e-008	0.00957032
1.5962e-008	0.00969239
1.5987e-008	0.0237793
1.6012e-008	0.0268066
1.6037e-008	0.0303955
1.6062e-008	0.0363281
1.6087e-008	0.0324951
1.6112e-008	0.0350342
1.6137e-008	0.0283936
1.6162e-008	0.00825196
1.6187e-008	0.0183594
1.6212e-008	0.035791
1.6237e-008	0.0355225
1.6262e-008	0.0236084
1.6287e-008	0.0159912
1.6312e-008	0.0318115
1.6337e-008	0.0283691
1.6362e-008	0.0208984
1.6387e-008	0.0328858
1.6412e-008	0.0219727
1.6437e-008	0.0166016
1.6462e-008	0.0236328
1.6487e-008	0.0167481
1.6512e-008	0.0160889
1.6537e-008	0.0131104
1.6562e-008	0.00876466
1.6587e-008	0.0161133
1.6612e-008	0.0189941
1.6637e-008	0.018335
1.6662e-008	0.0144775
1.6687e-008	0.0154053
1.6712e-008	0.0284668
1.6737e-008	0.0232422
1.6762e-008	0.0125
1.6787e-008	0.0206055
1.6812e-008	0.0235107
1.6837e-008	0.0268066
1.6862e-008	0.0231201
1.6887e-008	0.00805665
1.6912e-008	0.0152588
1.6937e-008	0.0113037
1.6962e-008	0.00117188
1.6987e-008	0.0219482
1.7012e-008	0.0226318
1.7037e-008	0.0154297
1.7062e-008	0.0248535
1.7087e-008	0.020874
1.7112e-008	0.0226318
1.7137e-008	0.0170166
1.7162e-008	0.00703126
1.7187e-008	0.0207764
1.7212e-008	0.0260254
1.7237e-008	0.0237061
1.7262e-008	0.0130371
1.7287e-008	0.0065918
1.7312e-008	0.0300537
1.7337e-008	0.0339111
1.7362e-008	0.0238525
1.7387e-008	0.0249268
1.7412e-008	0.0182373
1.7437e-008	0.0166992
1.7462e-008	0.0111084
1.7487e-008	0.0136963
1.7512e-008	0.0285645
1.7537e-008	0.0178223
1.7562e-008	0.0151367
1.7587e-008	0.0287354
1.7612e-008	0.0292481
1.7637e-008	0.0247803
1.7662e-008	0.00437012
1.7687e-008	-0.010083
1.7712e-008	0.00766602
1.7737e-008	0.0223877
1.7762e-008	0.0283203
1.7787e-008	0.031543
1.7812e-008	0.0177002
1.7837e-008	0.0110107
1.7862e-008	0.0142334
1.7887e-008	0.0109863
1.7912e-008	0.0108154
1.7937e-008	0.00964356
1.7962e-008	0.010083
1.7987e-008	0.0172363
1.8012e-008	0.0271973
1.8037e-008	0.0287598
1.8062e-008	0.0235107
1.8087e-008	0.0253174
1.8112e-008	0.0213867
1.8137e-008	0.0196533
1.8162e-008	0.0186524
1.8187e-008	0.0144775
1.8212e-008	0.0217285
1.8237e-008	0.0235596
1.8262e-008	0.0230469
1.8287e-008	0.0167481
1.8312e-008	0.0104736
1.8337e-008	0.020752
1.8362e-008	0.0174316
1.8387e-008	0.0176514
1.8412e-008	0.0327881
1.8437e-008	0.0335205
1.8462e-008	0.0274658
1.8487e-008	0.0237305
1.8512e-008	0.0256592
1.8537e-008	0.0230713
1.8562e-008	0.0181152
1.8587e-008	0.025293
1.8612e-008	0.0274902
1.8637e-008	0.0260986
1.8662e-008	0.0155762
1.8687e-008	0.00800782
1.8712e-008	0.025293
1.8737e-008	0.0200928
1.8762e-008	0.0103027
1.8787e-008	0.0225586
1.8812e-008	0.0208008
1.8837e-008	0.0279297
1.8862e-008	0.032959
1.8887e-008	0.0218262
1.8912e-008	0.0237061
1.8937e-008	0.0173828
1.8962e-008	0.00771485
1.8987e-008	0.0141602
1.9012e-008	0.021582
1.9037e-008	0.0269043
1.9062e-008	0.0198731
1.9087e-008	0.0159912
1.9112e-008	0.0286621
1.9137e-008	0.0140625
1.9162e-008	-0.00153808
1.9187e-008	0.0102295
1.9212e-008	0.00476075
1.9237e-008	0.0084961
1.9262e-008	0.0208008
1.9287e-008	0.0203369
1.9312e-008	0.0371826
1.9337e-008	0.0298584
1.9362e-008	0.0118408
1.9387e-008	0.0345215
1.9412e-008	0.0412598
1.9437e-008	0.0298096
1.9462e-008	0.0396484
1.9487e-008	0.0388916
1.9512e-008	0.0212158
1.9537e-008	0.0135742
1.9562e-008	0.0173096
1.9587e-008	0.0278809
1.9612e-008	0.0282471
1.9637e-008	0.0157959
1.9662e-008	0.0206299
1.9687e-008	0.0316406
1.9712e-008	0.0241943
1.9737e-008	0.0153076
1.9762e-008	0.0172607
1.9787e-008	0.0239746
1.9812e-008	0.0279541
1.9837e-008	0.0247315
1.9862e-008	0.0162354
1.9887e-008	0.0172607
1.9912e-008	0.0310791
1.9937e-008	0.0268555
1.9962e-008	0.010083
1.9987e-008	0.0135498
2.0012e-008	0.0233887
2.0037e-008	0.0147217
2.0062e-008	0.00534669
2.0087e-008	0.027124
2.0112e-008	0.038501
2.0137e-008	0.0131104
2.0162e-008	0.0118652
2.0187e-008	0.0198731
2.0212e-008	0.0141602
2.0237e-008	0.0265869
2.0262e-008	0.0272705
2.0287e-008	0.0192871
2.0312e-008	0.0232422
2.0337e-008	0.0180664
2.0362e-008	0.0201904
2.0387e-008	0.0252686
2.0412e-008	0.0182129
2.0437e-008	0.0154541
2.0462e-008	0.0203125
2.0487e-008	0.0317383
2.0512e-008	0.0268066
2.0537e-008	0.0127441
2.0562e-008	0.0259033
2.0587e-008	0.0310303
2.0612e-008	0.0210938
2.0637e-008	0.0225098
2.0662e-008	0.0200928
2.0687e-008	0.0281494
2.0712e-008	0.0334961
2.0737e-008	0.00803223
2.0762e-008	0.00317384
2.0787e-008	0.0280762
2.0812e-008	0.026416
2.0837e-008	0.0226074
2.0862e-008	0.0335693
2.0887e-008	0.0225342
2.0912e-008	0.0216797
2.0937e-008	0.0293213
2.0962e-008	0.0187256
2.0987e-008	0.0153809
2.1012e-008	0.0161865
2.1037e-008	0.0239014
2.1062e-008	0.0208008
2.1087e-008	0.0128174
2.1112e-008	0.0304688
2.1137e-008	0.0244873
2.1162e-008	0.0142578
2.1187e-008	0.0293701
2.1212e-008	0.0249512
2.1237e-008	0.0175293
2.1262e-008	0.0142334
2.1287e-008	0.0105225
2.1312e-008	0.0215088
2.1337e-008	0.0143799
2.1362e-008	0.00539552
2.1387e-008	0.0232666
2.1412e-008	0.0291504
2.1437e-008	0.0334961
2.1462e-008	0.037085
2.1487e-008	0.0276367
2.1512e-008	0.0285645
2.1537e-008	0.00991212
2.1562e-008	0.000781257
2.1587e-008	0.0227051
2.1612e-008	0.0188965
2.1637e-008	0.014209
2.1662e-008	0.0190674
2.1687e-008	0.0215332
2.1712e-008	0.0229248
2.1737e-008	0.00400391
2.1762e-008	0.00517579
2.1787e-008	0.0202149
2.1812e-008	0.014624
2.1837e-008	0.0174805
2.1862e-008	0.0165039
2.1887e-008	0.0185791
2.1912e-008	0.0312256
2.1937e-008	0.0214356
2.1962e-008	0.0198242
2.1987e-008	0.0266113
2.2012e-008	0.0172119
2.2037e-008	0.0164795
2.2062e-008	0.0250733
2.2087e-008	0.0315186
2.2112e-008	0.0302734
2.2137e-008	0.0219238
2.2162e-008	0.0115967
2.2187e-008	0.00834962
2.2212e-008	0.0169922
2.2237e-008	0.0213379
2.2262e-008	0.0253662
2.2287e-008	0.032251
2.2312e-008	0.0291504
2.2337e-008	0.0206543
2.2362e-008	0.0186279
2.2387e-008	0.0218506
2.2412e-008	0.0228027
2.2437e-008	0.0277588
2.2462e-008	0.0172852
2.2487e-008	0.000341804
2.2512e-008	0.0135742
2.2537e-008	0.0141602
2.2562e-008	0.00915528
2.2587e-008	0.0283691
2.2612e-008	0.0256104
2.2637e-008	0.0236816
2.2662e-008	0.0325684
2.2687e-008	0.0211914
2.2712e-008	0.0128418
2.2737e-008	0.0109131
2.2762e-008	0.0171875
2.2787e-008	0.0168701
2.2812e-008	0.0102783
2.2837e-008	0.0227783
2.2862e-008	0.0131348
2.2887e-008	0.00729981
2.2912e-008	0.0299561
2.2937e-008	0.0238525
2.2962e-008	0.0220459
2.2987e-008	0.0327881
2.3012e-008	0.0203613
2.3037e-008	0.0147705
2.3062e-008	0.0187744
2.3087e-008	0.0259766
2.3112e-008	0.0264404
2.3137e-008	0.0156982
2.3162e-008	0.0257568
2.3187e-008	0.0291748
2.3212e-008	0.00297852
2.3237e-008	-0.00490722
2.3262e-008	0.00939942
2.3287e-008	0.0223877
2.3312e-008	0.0294922
2.3337e-008	0.0171631
2.3362e-008	0.0154297
2.3387e-008	0.0305908
2.3412e-008	0.0232422
2.3437e-008	0.0191406
2.3462e-008	0.0208496
2.3487e-008	0.0144531
2.3512e-008	0.0216797
2.3537e-008	0.023169
2.3562e-008	0.0202393
2.3587e-008	0.0275391
2.3612e-008	0.0215332
2.3637e-008	0.0119629
2.3662e-008	0.0192139
2.3687e-008	0.02771
2.3712e-008	0.0313721
2.3737e-008	0.0234863
2.3762e-008	0.0158203
2.3787e-008	0.0244385
2.3812e-008	0.024292
2.3837e-008	0.0280274
2.3862e-008	0.0303711
2.3887e-008	0.0263428
2.3912e-008	0.0375977
2.3937e-008	0.0222656
2.3962e-008	0.00512696
2.3987e-008	0.0157959
2.4012e-008	0.019751
2.4037e-008	0.0228516
2.4062e-008	0.0177002
2.4087e-008	0.0176514
2.4112e-008	0.0322754
2.4137e-008	0.0207275
2.4162e-008	0.0081543
2.4187e-008	0.0255615
2.4212e-008	0.0269775
2.4237e-008	0.0113037
2.4262e-008	0.0198975
2.4287e-008	0.0283691
2.4312e-008	0.0224121
2.4337e-008	0.0221436
2.4362e-008	0.0190186
2.4387e-008	0.0142578
2.4412e-008	0.0179688
2.4437e-008	0.0237305
2.4462e-008	0.0130859
2.4487e-008	0.0008545
2.4512e-008	0.0148438
2.4537e-008	0.0181152
2.4562e-008	0.0110596
2.4587e-008	0.023877
2.4612e-008	0.0263428
2.4637e-008	0.0173584
2.4662e-008	0.0175049
2.4687e-008	0.0300293
2.4712e-008	0.0405762
2.4737e-008	0.0279297
2.4762e-008	0.0186035
2.4787e-008	0.0263428
2.4812e-008	0.0202149
2.4837e-008	0.0109619
2.4862e-008	0.0199707
2.4887e-008	0.0229004
2.4912e-008	0.0202149
2.4937e-008	0.0220947
2.4962e-008	0.00979005
2.4987e-008	0.00454102
2.5012e-008	0.0205566
2.5037e-008	0.0218262
2.5062e-008	0.0194824
2.5087e-008	0.0323486
2.5112e-008	0.0306152
2.5137e-008	0.0228516
2.5162e-008	0.0229248
2.5187e-008	0.0171143
2.5212e-008	0.0160889
2.5237e-008	0.0253906
2.5262e-008	0.0231445
2.5287e-008	0.017334
2.5312e-008	0.036377
2.5337e-008	0.039209
2.5362e-008	0.0171387
2.5387e-008	0.0168457
2.5412e-008	0.0156982
2.5437e-008	0.0196289
2.5462e-008	0.04021
2.5487e-008	0.038208
2.5512e-008	0.0291016
2.5537e-008	0.0279297
2.5562e-008	0.0190186
2.5587e-008	0.014917
2.5612e-008	0.020874
2.5637e-008	0.0200195
2.5662e-008	0.0226318
2.5687e-008	0.0319824
2.5712e-008	0.0210205
2.5737e-008	0.008667
2.5762e-008	0.0193359
2.5787e-008	0.027002
2.5812e-008	0.0262207
2.5837e-008	0.030957
2.5862e-008	0.0277832
2.5887e-008	0.0193359
2.5912e-008	0.0249756
2.5937e-008	0.02771
2.5962e-008	0.0152588
2.5987e-008	0.00861817
2.6012e-008	0.0177002
2.6037e-008	0.0292481
2.6062e-008	0.0278809
2.6087e-008	0.0277832
2.6112e-008	0.0256592
2.6137e-008	0.00515137
2.6162e-008	0.00786134
2.6187e-008	0.0211182
2.6212e-008	0.0145752
2.6237e-008	0.0275391
2.6262e-008	0.0332764
2.6287e-008	0.0166016
2.6312e-008	0.0130371
2.6337e-008	0.0184326
2.6362e-008	0.0252197
2.6387e-008	0.0159912
2.6412e-008	0.0115723
2.6437e-008	0.0288818
2.6462e-008	0.031958
2.6487e-008	0.0321045
2.6512e-008	0.0317383
2.6537e-008	0.0175537
2.6562e-008	0.0143066
2.6587e-008	0.018335
2.6612e-008	0.0175293
2.6637e-008	0.0160645
2.6662e-008	0.0152344
2.6687e-008	0.0238037
2.6712e-008	0.0291016
2.6737e-008	0.0246338
2.6762e-008	0.023999
2.6787e-008	0.0219727
2.6812e-008	0.0264893
2.6837e-008	0.0255371
2.6862e-008	0.0091797
2.6887e-008	0.0292725
2.6912e-008	0.0483887
2.6937e-008	0.0125
2.6962e-008	0.00310059
2.6987e-008	0.0217774
2.7012e-008	0.0229004
2.7037e-008	0.0352783
2.7062e-008	0.0281494
2.7087e-008	0.0186035
2.7112e-008	0.0359131
2.7137e-008	0.0249268
2.7162e-008	0.0166748
2.7187e-008	0.0281983
2.7212e-008	0.0217529
2.7237e-008	0.0158691
2.7262e-008	0.0152588
2.7287e-008	0.0216309
2.7312e-008	0.0351318
2.7337e-008	0.03125
2.7362e-008	0.019165
2.7387e-008	0.0164063
2.7412e-008	0.0133301
2.7437e-008	0.0104248
2.7462e-008	0.0152832
2.7487e-008	0.0294434
2.7512e-008	0.0353516
2.7537e-008	0.0148682
2.7562e-008	0.00791016
2.7587e-008	0.0161621
2.7612e-008	0.0044922
2.7637e-008	0.00986329
2.7662e-008	0.0217774
2.7687e-008	0.0125732
2.7712e-008	0.0163818
2.7737e-008	0.0168701
2.7762e-008	0.0110352
2.7787e-008	0.0198975
2.7812e-008	0.017334
2.7837e-008	0.0168213
2.7862e-008	0.0246582
2.7887e-008	0.0184082
2.7912e-008	0.0243164
2.7937e-008	0.0312256
2.7962e-008	0.0233399
2.7987e-008	0.0263672
2.8012e-008	0.0251465
2.8037e-008	0.0251953
2.8062e-008	0.0253174
2.8087e-008	0.0112061
2.8112e-008	0.0208008
2.8137e-008	0.0293213
2.8162e-008	0.0186279
2.8187e-008	0.0222656
2.8212e-008	0.023169
2.8237e-008	0.0211182
2.8262e-008	0.0197022
2.8287e-008	0.0159912
2.8312e-008	0.0216797
2.8337e-008	0.0225098
2.8362e-008	0.0220459
2.8387e-008	0.0236328
2.8412e-008	0.0192383
2.8437e-008	0.016626
2.8462e-008	0.0131592
2.8487e-008	0.0198242
2.8512e-008	0.0299072
2.8537e-008	0.019751
2.8562e-008	0.0147949
2.8587e-008	0.0191162
2.8612e-008	0.0170654
2.8637e-008	0.0183106
2.8662e-008	0.0188965
2.8687e-008	0.0222168
2.8712e-008	0.0208496
2.8737e-008	0.0121582
2.8762e-008	0.016919
2.8787e-008	0.0190674
2.8812e-008	0.0160156
2.8837e-008	0.0263916
2.8862e-008	0.0294678
2.8887e-008	0.0209229
2.8912e-008	0.0290039
2.8937e-008	0.0384766
2.8962e-008	0.0240723
2.8987e-008	0.0159912
2.9012e-008	0.0184326
2.9037e-008	0.0123291
2.9062e-008	0.0142334
2.9087e-008	0.0188721
2.9112e-008	0.0204346
2.9137e-008	0.0182129
2.9162e-008	0.011084
2.9187e-008	0.0176025
2.9212e-008	0.0174316
2.9237e-008	0.0107422
2.9262e-008	0.0221191
2.9287e-008	0.0291016
2.9312e-008	0.0244873
2.9337e-008	0.0182129
2.9362e-008	0.0209717
2.9387e-008	0.0267334
2.9412e-008	0.0123779
2.9437e-008	0.00471192
2.9462e-008	0.0201416
2.9487e-008	0.0289795
2.9512e-008	0.0210938
2.9537e-008	0.0112061
2.9562e-008	0.0162109
2.9587e-008	0.0247315
2.9612e-008	0.0225586
2.9637e-008	0.012207
2.9662e-008	0.00566407
2.9687e-008	0.0218506
2.9712e-008	0.0315674
2.9737e-008	0.0288574
2.9762e-008	0.0320801
2.9787e-008	0.0190674
2.9812e-008	0.0180176
2.9837e-008	0.0269043
2.9862e-008	0.0154785
2.9887e-008	0.0241699
2.9912e-008	0.0449951
2.9937e-008	0.0443848
2.9962e-008	0.0297852
2.9987e-008	0.0236572
3.0012e-008	0.0313965
3.0037e-008	0.0199951
3.0062e-008	0.0110352
3.0087e-008	0.0287842
3.0112e-008	0.0282715
3.0137e-008	0.0128906
3.0162e-008	0.0123779
3.0187e-008	0.0187744
3.0212e-008	0.0248779
3.0237e-008	0.0274902
3.0262e-008	0.0306152
3.0287e-008	0.0333008
3.0312e-008	0.0240967
3.0337e-008	0.00947266
3.0362e-008	0.0100342
3.0387e-008	0.0218506
3.0412e-008	0.0212891
3.0437e-008	0.00905762
3.0462e-008	0.000903328
3.0487e-008	0.0156006
3.0512e-008	0.0355469
3.0537e-008	0.0246094
3.0562e-008	0.00837403
3.0587e-008	0.00253907
3.0612e-008	0.0114014
3.0637e-008	0.0303467
3.0662e-008	0.0220703
3.0687e-008	0.0225342
3.0712e-008	0.0398193
3.0737e-008	0.0210205
3.0762e-008	0.00944825
3.0787e-008	0.0250733
3.0812e-008	0.0166504
3.0837e-008	0.0084961
3.0862e-008	0.0199219
3.0887e-008	0.0152832
3.0912e-008	0.00627442
3.0937e-008	0.0131104
3.0962e-008	0.0256348
3.0987e-008	0.023877
3.1012e-008	0.00644532
3.1037e-008	0.00927735
3.1062e-008	0.0237793
3.1087e-008	0.0256592
3.1112e-008	0.0226563
3.1137e-008	0.00834962
3.1162e-008	0.00834962
3.1187e-008	0.0249756
3.1212e-008	0.0223389
3.1237e-008	0.0186035
3.1262e-008	0.0189941
3.1287e-008	0.0194824
3.1312e-008	0.0286133
3.1337e-008	0.0282471
3.1362e-008	0.0205811
3.1387e-008	0.0175537
3.1412e-008	0.017627
3.1437e-008	0.0167481
3.1462e-008	0.0194092
3.1487e-008	0.0353027
3.1512e-008	0.0372803
3.1537e-008	0.0191406
3.1562e-008	0.0165527
3.1587e-008	0.0234131
3.1612e-008	0.0167725
3.1637e-008	0.0090088
3.1662e-008	0.00712891
3.1687e-008	0.00998536
3.1712e-008	0.0208496
3.1737e-008	0.0210205
3.1762e-008	0.0140137
3.1787e-008	0.0174561
3.1812e-008	0.0266602
3.1837e-008	0.0303467
3.1862e-008	0.023584
3.1887e-008	0.0333252
3.1912e-008	0.0383545
3.1937e-008	0.0171875
3.1962e-008	0.0152588
3.1987e-008	0.0182129
3.2012e-008	0.0130127
3.2037e-008	0.0236572
3.2062e-008	0.0313721
3.2087e-008	0.0321045
3.2112e-008	0.0287109
3.2137e-008	0.0118652
3.2162e-008	0.00925294
3.2187e-008	0.0135986
3.2212e-008	0.0150635
3.2237e-008	0.0321533
3.2262e-008	0.0126953
3.2287e-008	-0.00249023
3.2312e-008	0.0282471
3.2337e-008	0.0203613
3.2362e-008	0.0156738
3.2387e-008	0.0297119
3.2412e-008	0.0161133
3.2437e-008	0.0202393
3.2462e-008	0.0258545
3.2487e-008	0.0172363
3.2512e-008	0.0242676
3.2537e-008	0.0283447
3.2562e-008	0.0227051
3.2587e-008	0.0187744
3.2612e-008	0.0136719
3.2637e-008	0.0145264
3.2662e-008	0.0186279
3.2687e-008	0.0212891
3.2712e-008	0.0244141
3.2737e-008	0.0186035
3.2762e-008	0.0161621
3.2787e-008	0.018335
3.2812e-008	0.0197754
3.2837e-008	0.0312012
3.2862e-008	0.0333496
3.2887e-008	0.026709
3.2912e-008	0.0299805
3.2937e-008	0.0269531
3.2962e-008	0.023291
3.2987e-008	0.0269531
3.3012e-008	0.0218018
3.3037e-008	0.0254639
3.3062e-008	0.0296875
3.3087e-008	0.0198242
3.3112e-008	0.0202881
3.3137e-008	0.0224854
3.3162e-008	0.0207031
3.3187e-008	0.0182617
3.3212e-008	0.0187256
3.3237e-008	0.0229248
3.3262e-008	0.0210205
3.3287e-008	0.0237793
3.3312e-008	0.01604
3.3337e-008	0.00556641
3.3362e-008	0.0212402
3.3387e-008	0.0292969
3.3412e-008	0.0233643
3.3437e-008	0.0265137
3.3462e-008	0.0205566
3.3487e-008	0.014209
3.3512e-008	0.0226563
3.3537e-008	0.0235596
3.3562e-008	0.0249024
3.3587e-008	0.0249756
3.3612e-008	0.0167481
3.3637e-008	0.0172852
3.3662e-008	0.0134277
3.3687e-008	0.0153076
3.3712e-008	0.0241455
3.3737e-008	0.0165283
3.3762e-008	0.0177002
3.3787e-008	0.0244629
3.3812e-008	0.0181152
3.3837e-008	0.0211914
3.3862e-008	0.0258057
3.3887e-008	0.0179688
3.3912e-008	0.0175049
3.3937e-008	0.022583
3.3962e-008	0.0135742
3.3987e-008	0.00559083
3.4012e-008	0.01604
3.4037e-008	0.0200195
3.4062e-008	0.015625
3.4087e-008	0.0263672
3.4112e-008	0.0347656
3.4137e-008	0.0252686
3.4162e-008	0.0170166
3.4187e-008	0.0246338
3.4212e-008	0.0320313
3.4237e-008	0.0330322
3.4262e-008	0.0302734
3.4287e-008	0.00974122
3.4312e-008	0.00451661
3.4337e-008	0.021167
3.4362e-008	0.023584
3.4387e-008	0.0265869
3.4412e-008	0.020166
3.4437e-008	0.0156982
3.4462e-008	0.0332764
3.4487e-008	0.024585
3.4512e-008	0.0081543
3.4537e-008	0.00881348
3.4562e-008	0.00439454
3.4587e-008	0.0174805
3.4612e-008	0.0322022
3.4637e-008	0.0212158
3.4662e-008	0.0144775
3.4687e-008	0.0216065
3.4712e-008	0.0314209
3.4737e-008	0.0291992
3.4762e-008	0.0243164
3.4787e-008	0.0285645
3.4812e-008	0.0195313
3.4837e-008	0.0136719
3.4862e-008	0.0179199
3.4887e-008	0.0245361
3.4912e-008	0.0312012
3.4937e-008	0.00830079
3.4962e-008	-0.000219719
3.4987e-008	0.0209961
3.5012e-008	0.0242676
3.5037e-008	0.0242432
3.5062e-008	0.0172852
3.5087e-008	0.0128662
3.5112e-008	0.0229248
3.5137e-008	0.0239746
3.5162e-008	0.0288086
3.5187e-008	0.0256104
3.5212e-008	0.0185059
3.5237e-008	0.0270996
3.5262e-008	0.0246338
3.5287e-008	0.0219482
3.5312e-008	0.020459
3.5337e-008	0.00773927
3.5362e-008	0.0139893
3.5387e-008	0.0248535
3.5412e-008	0.0193848
3.5437e-008	0.0139404
3.5462e-008	0.0117676
3.5487e-008	0.0204102
3.5512e-008	0.0261963
3.5537e-008	0.0172852
3.5562e-008	0.0192871
3.5587e-008	0.0207275
3.5612e-008	0.0116943
3.5637e-008	0.0166992
3.5662e-008	0.0282227
3.5687e-008	0.0234375
3.5712e-008	0.0199219
3.5737e-008	0.0346191
3.5762e-008	0.0333008
3.5787e-008	0.018335
3.5812e-008	0.0109619
3.5837e-008	0.00583497
3.5862e-008	0.0146973
3.5887e-008	0.0158203
3.5912e-008	0.0141602
3.5937e-008	0.0260498
3.5962e-008	0.0166504
3.5987e-008	0.0102783
3.6012e-008	0.0243164
3.6037e-008	0.0257813
3.6062e-008	0.0196289
3.6087e-008	0.0188232
3.6112e-008	0.0187256
3.6137e-008	0.0174316
3.6162e-008	0.018457
3.6187e-008	0.0218994
3.6212e-008	0.0261719
3.6237e-008	0.0322754
3.6262e-008	0.0292725
3.6287e-008	0.0181152
3.6312e-008	0.023584
3.6337e-008	0.0248291
3.6362e-008	0.0147217
3.6387e-008	0.0218506
3.6412e-008	0.0176758
3.6437e-008	0.00769044
3.6462e-008	0.0123047
3.6487e-008	0.0241943
3.6512e-008	0.0364746
3.6537e-008	0.0167969
3.6562e-008	0.00559083
3.6587e-008	0.0203857
3.6612e-008	0.0140625
3.6637e-008	0.0125488
3.6662e-008	0.0232422
3.6687e-008	0.0239502
3.6712e-008	0.0201416
3.6737e-008	0.00979005
3.6762e-008	0.00495606
3.6787e-008	0.0160156
3.6812e-008	0.0216553
3.6837e-008	0.0186768
3.6862e-008	0.0174561
3.6887e-008	0.0241211
3.6912e-008	0.0393555
3.6937e-008	0.026294
3.6962e-008	0.00556641
3.6987e-008	0.0203125
3.7012e-008	0.0218506
3.7037e-008	0.0101074
3.7062e-008	0.0239502
3.7087e-008	0.0368164
3.7112e-008	0.0335938
3.7137e-008	0.0216553
3.7162e-008	0.0114502
3.7187e-008	0.0171875
3.7212e-008	0.0308838
3.7237e-008	0.0346436
3.7262e-008	0.0241943
3.7287e-008	0.0199463
3.7312e-008	0.0199951
3.7337e-008	0.00266114
3.7362e-008	0.000439461
3.7387e-008	0.0172363
3.7412e-008	0.0176758
3.7437e-008	0.0206299
3.7462e-008	0.0237061
3.7487e-008	0.0247315
3.7512e-008	0.0376465
3.7537e-008	0.0261963
3.7562e-008	0.0147217
3.7587e-008	0.0247559
3.7612e-008	0.019751
3.7637e-008	0.0124512
3.7662e-008	0.00847169
3.7687e-008	0.0172119
3.7712e-008	0.0269043
3.7737e-008	0.0104736
3.7762e-008	0.0158447
3.7787e-008	0.0260742
3.7812e-008	0.0148682
3.7837e-008	0.0299805
3.7862e-008	0.0385986
3.7887e-008	0.0141113
3.7912e-008	0.013916
3.7937e-008	0.0246582
3.7962e-008	0.00803223
3.7987e-008	0.0076172
3.8012e-008	0.0206055
3.8037e-008	0.0167481
3.8062e-008	0.0178711
3.8087e-008	0.0178223
3.8112e-008	0.0136231
3.8137e-008	0.0101074
3.8162e-008	0.0106445
3.8187e-008	0.0199463
3.8212e-008	0.0212647
3.8237e-008	0.0173584
3.8262e-008	0.0154541
3.8287e-008	0.0261231
3.8312e-008	0.0267578
3.8337e-008	0.00993653
3.8362e-008	0.0180664
3.8387e-008	0.0181885
3.8412e-008	0.00969239
3.8437e-008	0.0191162
3.8462e-008	0.0187744
3.8487e-008	0.0220703
3.8512e-008	0.0230957
3.8537e-008	0.0158203
3.8562e-008	0.0161377
3.8587e-008	0.0178223
3.8612e-008	0.0233887
3.8637e-008	0.0195068
3.8662e-008	0.0224854
3.8687e-008	0.0395996
3.8712e-008	0.0296143
3.8737e-008	0.00957032
3.8762e-008	0.00661622
3.8787e-008	0.0189453
3.8812e-008	0.0269531
3.8837e-008	0.0115967
3.8862e-008	0.0110596
3.8887e-008	0.0260254
3.8912e-008	0.0309082
3.8937e-008	0.0320557
3.8962e-008	0.025293
3.8987e-008	0.028418
3.9012e-008	0.0306885
3.9037e-008	0.0209717
3.9062e-008	0.0255127
3.9087e-008	0.0275635
3.9112e-008	0.0202637
3.9137e-008	0.0143311
3.9162e-008	0.019458
3.9187e-008	0.0289307
3.9212e-008	0.0201416
3.9237e-008	0.0117432
3.9262e-008	0.0111816
3.9287e-008	0.0227539
3.9312e-008	0.0325195
3.9337e-008	0.0141602
3.9362e-008	0.0109619
3.9387e-008	0.0198486
3.9412e-008	0.0135986
3.9437e-008	0.0132324
3.9462e-008	0.0143311
3.9487e-008	0.0240234
3.9512e-008	0.0282959
3.9537e-008	0.0168945
3.9562e-008	0.0169678
3.9587e-008	0.0076172
3.9612e-008	0.00244141
3.9637e-008	0.0084961
3.9662e-008	-0.00571288
3.9687e-008	0.00966798
3.9712e-008	0.040625
3.9737e-008	0.0319336
3.9762e-008	0.0279297
3.9787e-008	0.025708
3.9812e-008	0.0125488
3.9837e-008	0.0178223
3.9862e-008	0.0213623
3.9887e-008	0.0218262
3.9912e-008	0.0203369
3.9937e-008	0.0111084
3.9962e-008	0.0159668
3.9987e-008	0.0192871
4.0012e-008	0.018457
4.0037e-008	0.0250733
4.0062e-008	0.0148926
4.0087e-008	0.0136475
4.0112e-008	0.037085
4.0137e-008	0.0255127
4.0162e-008	0.00361329
4.0187e-008	0.00771485
4.0212e-008	0.0112305
4.0237e-008	0.0297363
4.0262e-008	0.0206055
4.0287e-008	0.00200196
4.0312e-008	0.0277832
4.0337e-008	0.0147217
4.0362e-008	0.000390632
4.0387e-008	0.0202149
4.0412e-008	0.00991212
4.0437e-008	0.0101318
4.0462e-008	0.0218994
4.0487e-008	0.0203125
4.0512e-008	0.0205322
4.0537e-008	0.0132813
4.0562e-008	0.0201172
4.0587e-008	0.0370606
4.0612e-008	0.0218994
4.0637e-008	0.005542
4.0662e-008	0.0165527
4.0687e-008	0.0229981
4.0712e-008	0.0235596
4.0737e-008	0.0229981
4.0762e-008	0.0185547
4.0787e-008	0.0203613
4.0812e-008	0.0230225
4.0837e-008	0.0286133
4.0862e-008	0.0251221
4.0887e-008	0.0151611
4.0912e-008	0.0277344
4.0937e-008	0.03125
4.0962e-008	0.0199219
4.0987e-008	0.0265869
4.1012e-008	0.0254639
4.1037e-008	0.0153076
4.1062e-008	0.0170654
4.1087e-008	0.0217529
4.1112e-008	0.0225586
4.1137e-008	0.0171631
4.1162e-008	0.0210205
4.1187e-008	0.0205078
4.1212e-008	0.00747071
4.1237e-008	0.0189209
4.1262e-008	0.0222656
4.1287e-008	0.0151611
4.1312e-008	0.0284912
4.1337e-008	0.0143555
4.1362e-008	0.00920411
4.1387e-008	0.030127
4.1412e-008	0.0247803
4.1437e-008	0.0290283
4.1462e-008	0.0261719
4.1487e-008	0.0140625
4.1512e-008	0.0157471
4.1537e-008	0.00886231
4.1562e-008	0.0251465
4.1587e-008	0.0309326
4.1612e-008	0.0154297
4.1637e-008	0.0126221
4.1662e-008	0.00466309
4.1687e-008	0.0196045
4.1712e-008	0.0304443
4.1737e-008	0.0124756
4.1762e-008	0.00930177
4.1787e-008	0.0162109
4.1812e-008	0.0195313
4.1837e-008	0.0191162
4.1862e-008	0.0230225
4.1887e-008	0.0284912
4.1912e-008	0.0258057
4.1937e-008	0.0199951
4.1962e-008	0.00891114
4.1987e-008	0.0104004
4.2012e-008	0.0181641
4.2037e-008	0.00292969
4.2062e-008	-0.00148925
4.2087e-008	0.017749
4.2112e-008	0.0254883
4.2137e-008	0.0192139
4.2162e-008	0.0112549
4.2187e-008	0.0114502
4.2212e-008	0.0218018
4.2237e-008	0.0337647
4.2262e-008	0.0337402
4.2287e-008	0.0243408
4.2312e-008	0.0183106
4.2337e-008	0.0116455
4.2362e-008	0.0182861
4.2387e-008	0.0255371
4.2412e-008	0.0202637
4.2437e-008	0.0288086
4.2462e-008	0.0284668
4.2487e-008	0.0266358
4.2512e-008	0.042749
4.2537e-008	0.0332031
4.2562e-008	0.0161865
4.2587e-008	0.0211182
4.2612e-008	0.0179688
4.2637e-008	0.0138672
4.2662e-008	0.0205566
4.2687e-008	0.0210205
4.2712e-008	0.0238281
4.2737e-008	0.0249512
4.2762e-008	0.0186035
4.2787e-008	0.0182129
4.2812e-008	0.0139649
4.2837e-008	0.0146484
4.2862e-008	0.0230225
4.2887e-008	0.0226807
4.2912e-008	0.0237305
4.2937e-008	0.017749
4.2962e-008	0.00373536
4.2987e-008	0.00517579
4.3012e-008	0.015918
4.3037e-008	0.0263916
4.3062e-008	0.0329102
4.3087e-008	0.0304932
4.3112e-008	0.0239502
4.3137e-008	0.012085
4.3162e-008	0.0117432
4.3187e-008	0.0232178
4.3212e-008	0.0229004
4.3237e-008	0.0298584
4.3262e-008	0.0270752
4.3287e-008	0.0104248
4.3312e-008	0.0210938
4.3337e-008	0.0162842
4.3362e-008	0.00493165
4.3387e-008	0.0227783
4.3412e-008	0.0219238
4.3437e-008	0.0135498
4.3462e-008	0.0184082
4.3487e-008	0.0314697
4.3512e-008	0.0300781
4.3537e-008	0.00390626
4.3562e-008	0.0200684
4.3587e-008	0.0394531
4.3612e-008	0.0182617
4.3637e-008	0.020874
4.3662e-008	0.0205811
4.3687e-008	0.0158447
4.3712e-008	0.0297608
4.3737e-008	0.0196777
4.3762e-008	0.0157471
4.3787e-008	0.0277588
4.3812e-008	0.0197754
4.3837e-008	0.0167236
4.3862e-008	0.0182617
4.3887e-008	0.0143555
4.3912e-008	0.0284668
4.3937e-008	0.0341797
4.3962e-008	0.0150391
4.3987e-008	0.0102539
4.4012e-008	0.0161377
4.4037e-008	0.0165039
4.4062e-008	0.0293701
4.4087e-008	0.0357178
4.4112e-008	0.0230225
4.4137e-008	0.0214844
4.4162e-008	0.0211426
4.4187e-008	0.0185791
4.4212e-008	0.0277588
4.4237e-008	0.028125
4.4262e-008	0.0209717
4.4287e-008	0.0214844
4.4312e-008	0.0224121
4.4337e-008	0.0118897
4.4362e-008	0.00942384
4.4387e-008	0.0223389
4.4412e-008	0.0232178
4.4437e-008	0.0204346
4.4462e-008	0.0224121
4.4487e-008	0.0299316
4.4512e-008	0.0315674
4.4537e-008	0.0162354
4.4562e-008	0.0228272
4.4587e-008	0.03125
4.4612e-008	0.0136963
4.4637e-008	0.0128418
4.4662e-008	0.0217774
4.4687e-008	0.0245606
4.4712e-008	0.027417
4.4737e-008	0.0212647
4.4762e-008	0.0266113
4.4787e-008	0.0269043
4.4812e-008	0.0108887
4.4837e-008	0.0231934
4.4862e-008	0.0264404
4.4887e-008	0.0144043
4.4912e-008	0.0243408
4.4937e-008	0.00864259
4.4962e-008	-0.000830071
4.4987e-008	0.0297119
4.5012e-008	0.0325195
4.5037e-008	0.0251709
4.5062e-008	0.0309815
4.5087e-008	0.0164063
4.5112e-008	0.00529786
4.5137e-008	0.0106934
4.5162e-008	0.0221924
4.5187e-008	0.0367676
4.5212e-008	0.0309815
4.5237e-008	0.0205078
4.5262e-008	0.0253418
4.5287e-008	0.0278809
4.5312e-008	0.0246826
4.5337e-008	0.0172363
4.5362e-008	0.016333
4.5387e-008	0.0248291
4.5412e-008	0.0240723
4.5437e-008	0.0182373
4.5462e-008	0.0137207
4.5487e-008	0.0117188
4.5512e-008	0.0135254
4.5537e-008	0.0131104
4.5562e-008	0.0160156
4.5587e-008	0.0188721
4.5612e-008	0.017749
4.5637e-008	0.0191162
4.5662e-008	0.0184815
4.5687e-008	0.0232666
4.5712e-008	0.0266113
4.5737e-008	0.0131592
4.5762e-008	0.0122803
4.5787e-008	0.0195313
4.5812e-008	0.0137207
4.5837e-008	0.0210449
4.5862e-008	0.0199463
4.5887e-008	0.00703126
4.5912e-008	0.0140625
4.5937e-008	0.0108887
4.5962e-008	0.00881348
4.5987e-008	0.0202637
4.6012e-008	0.0188721
4.6037e-008	0.0225586
4.6062e-008	0.0256104
4.6087e-008	0.0226563
4.6112e-008	0.0298096
4.6137e-008	0.0241943
4.6162e-008	0.00859376
4.6187e-008	0.0180176
4.6212e-008	0.0305664
4.6237e-008	0.0204834
4.6262e-008	0.0155518
4.6287e-008	0.0188721
4.6312e-008	0.0217285
4.6337e-008	0.016626
4.6362e-008	0.00712891
4.6387e-008	0.0210693
4.6412e-008	0.0205811
4.6437e-008	0.00195313
4.6462e-008	0.0123047
4.6487e-008	0.021167
4.6512e-008	0.0153565
4.6537e-008	0.0129395
4.6562e-008	0.0114746
4.6587e-008	0.0130859
4.6612e-008	0.0141113
4.6637e-008	0.0224609
4.6662e-008	0.0306152
4.6687e-008	0.0263672
4.6712e-008	0.0218994
4.6737e-008	0.0053711
4.6762e-008	-0.000878899
4.6787e-008	0.0216797
4.6812e-008	0.0260254
4.6837e-008	0.0257813
4.6862e-008	0.0313477
4.6887e-008	0.0190674
4.6912e-008	0.0163574
4.6937e-008	0.0190674
4.6962e-008	0.0193115
4.6987e-008	0.0237061
4.7012e-008	0.0226807
4.7037e-008	0.0238037
4.7062e-008	0.0157227
4.7087e-008	0.0105469
4.7112e-008	0.0201416
4.7137e-008	0.013501
4.7162e-008	0.00686036
4.7187e-008	0.0178223
4.7212e-008	0.0254883
4.7237e-008	0.0130127
4.7262e-008	0.00463868
4.7287e-008	0.030249
4.7312e-008	0.0356934
4.7337e-008	0.0148682
4.7362e-008	0.0239258
4.7387e-008	0.0280274
4.7412e-008	0.0137695
4.7437e-008	0.00915528
4.7462e-008	0.0110352
4.7487e-008	0.0248047
4.7512e-008	0.0280762
4.7537e-008	0.013208
4.7562e-008	0.0148682
4.7587e-008	0.0256104
4.7612e-008	0.0248535
4.7637e-008	0.0269775
4.7662e-008	0.0294434
4.7687e-008	0.0217774
4.7712e-008	0.0244385
4.7737e-008	0.0270264
4.7762e-008	0.017749
4.7787e-008	0.0168945
4.7812e-008	0.016919
4.7837e-008	0.0171631
4.7862e-008	0.0200195
4.7887e-008	0.00957032
4.7912e-008	0.00559083
4.7937e-008	0.0208496
4.7962e-008	0.0174561
4.7987e-008	0.00524903
4.8012e-008	0.019165
4.8037e-008	0.0324951
4.8062e-008	0.0365479
4.8087e-008	0.0370117
4.8112e-008	0.02854
4.8137e-008	0.0213135
4.8162e-008	0.0203613
4.8187e-008	0.028125
4.8212e-008	0.0218262
4.8237e-008	0.00844727
4.8262e-008	0.0167236
4.8287e-008	0.0258301
4.8312e-008	0.0312012
4.8337e-008	0.023999
4.8362e-008	0.0148193
4.8387e-008	0.032544
4.8412e-008	0.0358643
4.8437e-008	0.0292725
4.8462e-008	0.0333008
4.8487e-008	0.0218506
4.8512e-008	0.0183594
4.8537e-008	0.018335
4.8562e-008	0.011792
4.8587e-008	0.0267822
4.8612e-008	0.034082
4.8637e-008	0.021582
4.8662e-008	0.019165
4.8687e-008	0.0244385
4.8712e-008	0.0305908
4.8737e-008	0.0299561
4.8762e-008	0.0225098
4.8787e-008	0.0282471
4.8812e-008	0.029419
4.8837e-008	0.0117432
4.8862e-008	0.016333
4.8887e-008	0.0314697
4.8912e-008	0.0228027
4.8937e-008	0.023584
4.8962e-008	0.0239746
4.8987e-008	0.0120606
4.9012e-008	0.0239746
4.9037e-008	0.0279785
4.9062e-008	0.0116455
4.9087e-008	0.0160889
4.9112e-008	0.0189209
4.9137e-008	0.00874024
4.9162e-008	0.0166992
4.9187e-008	0.014624
4.9212e-008	0.00393067
4.9237e-008	0.0164307
4.9262e-008	0.0173828
4.9287e-008	0.0190186
4.9312e-008	0.0293701
4.9337e-008	0.0179932
4.9362e-008	0.010791
4.9387e-008	0.0162109
4.9412e-008	0.0225098
4.9437e-008	0.026709
4.9462e-008	0.0305176
4.9487e-008	0.0391602
4.9512e-008	0.0322022
4.9537e-008	0.0090088
4.9562e-008	0.00644532
4.9587e-008	0.0255859
4.9612e-008	0.0250488
4.9637e-008	0.0197998
4.9662e-008	0.0261475
4.9687e-008	0.0215576
4.9712e-008	0.0235107
4.9737e-008	0.0237793
4.9762e-008	0.0208008
4.9787e-008	0.0268311
4.9812e-008	0.0268066
4.9837e-008	0.0311279
4.9862e-008	0.0178223
4.9887e-008	0.00993653
4.9912e-008	0.0279541
4.9937e-008	0.0159668
4.9962e-008	0.0161865
4.9987e-008	0.0308594
5.0012e-008	0.0189941
