# LECROYWM813Zi	51496	Waveform
# Segments	1	SegmentSize	4002
# Segment	TrigTime	TimeSinceSegment1
# #1	30-Nov-2018 17:17:57	0                 
# Time	Ampl
-5.000338e-008	0.0265869
-4.997838e-008	0.019043
-4.995338e-008	0.026294
-4.992838e-008	0.0293945
-4.990338e-008	0.02229
-4.987838e-008	0.0295166
-4.985338e-008	0.0267578
-4.982838e-008	0.0254883
-4.980338e-008	0.0324707
-4.977838e-008	0.0298828
-4.975338e-008	0.0273193
-4.972838e-008	0.0172852
-4.970338e-008	0.0136231
-4.967838e-008	0.0175537
-4.965338e-008	0.0105469
-4.962838e-008	0.0125244
-4.960338e-008	0.0245117
-4.957838e-008	0.0336182
-4.955338e-008	0.0226318
-4.952838e-008	0.00139161
-4.950338e-008	0.0165283
-4.947838e-008	0.0256592
-4.945338e-008	0.00405274
-4.942838e-008	0.0111816
-4.940338e-008	0.0154785
-4.937838e-008	0.00664063
-4.935338e-008	0.0306152
-4.932838e-008	0.0349365
-4.930338e-008	0.0164063
-4.927838e-008	0.0213867
-4.925338e-008	0.0213379
-4.922838e-008	0.019751
-4.920338e-008	0.0246338
-4.917838e-008	0.021875
-4.915338e-008	0.0248779
-4.912838e-008	0.022168
-4.910338e-008	0.0219727
-4.907838e-008	0.0283936
-4.905338e-008	0.0262695
-4.902838e-008	0.0297852
-4.900338e-008	0.0243897
-4.897838e-008	0.0256348
-4.895338e-008	0.0349854
-4.892838e-008	0.0212158
-4.890338e-008	0.0213135
-4.887838e-008	0.0313477
-4.885338e-008	0.0290039
-4.882838e-008	0.0278809
-4.880338e-008	0.0243897
-4.877838e-008	0.0204346
-4.875338e-008	0.0226074
-4.872838e-008	0.0267334
-4.870338e-008	0.021875
-4.867838e-008	0.0221436
-4.865338e-008	0.0278565
-4.862838e-008	0.0212158
-4.860338e-008	0.0165039
-4.857838e-008	0.0207764
-4.855338e-008	0.0233154
-4.852838e-008	0.0144043
-4.850338e-008	0.00905762
-4.847838e-008	0.0189697
-4.845338e-008	0.0277588
-4.842838e-008	0.0251465
-4.840338e-008	0.010376
-4.837838e-008	0.0122803
-4.835338e-008	0.0272705
-4.832838e-008	0.0254639
-4.830338e-008	0.0230957
-4.827838e-008	0.0188721
-4.825338e-008	0.0213379
-4.822838e-008	0.0296631
-4.820338e-008	0.0184326
-4.817838e-008	0.0231934
-4.815338e-008	0.0344483
-4.812838e-008	0.0195068
-4.810338e-008	0.0206787
-4.807838e-008	0.037085
-4.805338e-008	0.0303467
-4.802838e-008	0.0164307
-4.800338e-008	0.0162109
-4.797838e-008	0.0166992
-4.795338e-008	0.0152588
-4.792838e-008	0.0175781
-4.790338e-008	0.0217774
-4.787838e-008	0.0263428
-4.785338e-008	0.0188721
-4.782838e-008	0.0167725
-4.780338e-008	0.0351074
-4.777838e-008	0.0408936
-4.775338e-008	0.0255859
-4.772838e-008	0.0108643
-4.770338e-008	0.0144287
-4.767838e-008	0.0254395
-4.765338e-008	0.0269775
-4.762838e-008	0.0282227
-4.760338e-008	0.0192139
-4.757838e-008	0.00915528
-4.755338e-008	0.0167725
-4.752838e-008	0.0145996
-4.750338e-008	0.0134766
-4.747838e-008	0.0266113
-4.745338e-008	0.0206299
-4.742838e-008	0.0172852
-4.740338e-008	0.0281738
-4.737838e-008	0.0281006
-4.735338e-008	0.0281983
-4.732838e-008	0.0207275
-4.730338e-008	0.017334
-4.727838e-008	0.0312744
-4.725338e-008	0.0254883
-4.722838e-008	0.0190918
-4.720338e-008	0.0253906
-4.717838e-008	0.0236328
-4.715338e-008	0.0327149
-4.712838e-008	0.0377686
-4.710338e-008	0.0240723
-4.707838e-008	0.0154785
-4.705338e-008	0.0165527
-4.702838e-008	0.0178467
-4.700338e-008	0.00498048
-4.697838e-008	0.00690919
-4.695338e-008	0.0237061
-4.692838e-008	0.010791
-4.690338e-008	0.0126709
-4.687838e-008	0.0314453
-4.685338e-008	0.023169
-4.682838e-008	0.025
-4.680338e-008	0.0337158
-4.677838e-008	0.0334229
-4.675338e-008	0.0310547
-4.672838e-008	0.00717774
-4.670338e-008	0.000708015
-4.667838e-008	0.0214111
-4.665338e-008	0.0154541
-4.662838e-008	0.0124268
-4.660338e-008	0.0273926
-4.657838e-008	0.0260498
-4.655338e-008	0.0267578
-4.652838e-008	0.028125
-4.650338e-008	0.0197998
-4.647838e-008	0.0210938
-4.645338e-008	0.0235107
-4.642838e-008	0.0181152
-4.640338e-008	0.0200684
-4.637838e-008	0.0229248
-4.635338e-008	0.0176514
-4.632838e-008	0.0191406
-4.630338e-008	0.0165772
-4.627838e-008	0.0135986
-4.625338e-008	0.0266113
-4.622838e-008	0.0253906
-4.620338e-008	0.0187012
-4.617838e-008	0.029541
-4.615338e-008	0.0375977
-4.612838e-008	0.0334229
-4.610338e-008	0.0179688
-4.607838e-008	0.0157959
-4.605338e-008	0.0292236
-4.602838e-008	0.0312988
-4.600338e-008	0.0311279
-4.597838e-008	0.024292
-4.595338e-008	0.0143799
-4.592838e-008	0.0138916
-4.590338e-008	0.00749512
-4.587838e-008	0.0160889
-4.585338e-008	0.0338867
-4.582838e-008	0.0238525
-4.580338e-008	0.0154541
-4.577838e-008	0.0271973
-4.575338e-008	0.0218506
-4.572838e-008	0.0108399
-4.570338e-008	0.0209717
-4.567838e-008	0.0188721
-4.565338e-008	0.0190674
-4.562838e-008	0.0379883
-4.560338e-008	0.0292725
-4.557838e-008	0.0210938
-4.555338e-008	0.0396973
-4.552838e-008	0.0371338
-4.550338e-008	0.018335
-4.547838e-008	0.0154053
-4.545338e-008	0.0167969
-4.542838e-008	0.0138428
-4.540338e-008	0.0106445
-4.537838e-008	0.0206055
-4.535338e-008	0.040625
-4.532838e-008	0.0342529
-4.530338e-008	0.0155518
-4.527838e-008	0.0132813
-4.525338e-008	0.0120117
-4.522838e-008	0.0116211
-4.520338e-008	0.0173584
-4.517838e-008	0.0227051
-4.515338e-008	0.0192139
-4.512838e-008	0.0112549
-4.510338e-008	0.0155518
-4.507838e-008	0.0284424
-4.505338e-008	0.0279785
-4.502838e-008	0.0149902
-4.500338e-008	0.0150147
-4.497838e-008	0.0227051
-4.495338e-008	0.0217774
-4.492838e-008	0.0213623
-4.490338e-008	0.0239258
-4.487838e-008	0.0224365
-4.485338e-008	0.0259766
-4.482838e-008	0.0261719
-4.480338e-008	0.013208
-4.477838e-008	0.0213379
-4.475338e-008	0.0311035
-4.472838e-008	0.0214844
-4.470338e-008	0.0225586
-4.467838e-008	0.0181152
-4.465338e-008	0.0183838
-4.462838e-008	0.0253174
-4.460338e-008	0.0132324
-4.457838e-008	0.0183838
-4.455338e-008	0.0296387
-4.452838e-008	0.0179199
-4.450338e-008	0.0159668
-4.447838e-008	0.0158203
-4.445338e-008	0.00595704
-4.442838e-008	0.0188477
-4.440338e-008	0.0280029
-4.437838e-008	0.013501
-4.435338e-008	0.0145996
-4.432838e-008	0.0220215
-4.430338e-008	0.0237061
-4.427838e-008	0.0297363
-4.425338e-008	0.0291016
-4.422838e-008	0.0227051
-4.420338e-008	0.0238037
-4.417838e-008	0.0318359
-4.415338e-008	0.0287598
-4.412838e-008	0.0225342
-4.410338e-008	0.0286621
-4.407838e-008	0.0303711
-4.405338e-008	0.0256348
-4.402838e-008	0.0281494
-4.400338e-008	0.0302246
-4.397838e-008	0.0289795
-4.395338e-008	0.0300293
-4.392838e-008	0.0242188
-4.390338e-008	0.0246094
-4.387838e-008	0.0274658
-4.385338e-008	0.0185059
-4.382838e-008	0.0264893
-4.380338e-008	0.0328125
-4.377838e-008	0.0206787
-4.375338e-008	0.0204834
-4.372838e-008	0.016626
-4.370338e-008	0.0105225
-4.367838e-008	0.023584
-4.365338e-008	0.029419
-4.362838e-008	0.020459
-4.360338e-008	0.0205566
-4.357838e-008	0.0269287
-4.355338e-008	0.0209717
-4.352838e-008	0.0134033
-4.350338e-008	0.0175049
-4.347838e-008	0.0244629
-4.345338e-008	0.0284912
-4.342838e-008	0.0220947
-4.340338e-008	0.00756837
-4.337838e-008	0.00476075
-4.335338e-008	0.0199463
-4.332838e-008	0.0249512
-4.330338e-008	0.0114746
-4.327838e-008	0.0138428
-4.325338e-008	0.0192139
-4.322838e-008	0.0193359
-4.320338e-008	0.0290039
-4.317838e-008	0.0303467
-4.315338e-008	0.0269531
-4.312838e-008	0.017627
-4.310338e-008	0.0200684
-4.307838e-008	0.0355225
-4.305338e-008	0.0203369
-4.302838e-008	0.0153076
-4.300338e-008	0.0325928
-4.297838e-008	0.0279541
-4.295338e-008	0.0176514
-4.292838e-008	0.0170654
-4.290338e-008	0.0220947
-4.287838e-008	0.0196533
-4.285338e-008	0.00798341
-4.282838e-008	0.0106445
-4.280338e-008	0.0198975
-4.277838e-008	0.0212158
-4.275338e-008	0.0306641
-4.272838e-008	0.0325195
-4.270338e-008	0.0183106
-4.267838e-008	0.0203369
-4.265338e-008	0.0213623
-4.262838e-008	0.0186524
-4.260338e-008	0.0271484
-4.257838e-008	0.0282227
-4.255338e-008	0.0228027
-4.252838e-008	0.0084961
-4.250338e-008	0.0133301
-4.247838e-008	0.0354736
-4.245338e-008	0.0265869
-4.242838e-008	0.0130859
-4.240338e-008	0.0157959
-4.237838e-008	0.0198242
-4.235338e-008	0.0214844
-4.232838e-008	0.0176758
-4.230338e-008	0.00666505
-4.227838e-008	0.00957032
-4.225338e-008	0.0281738
-4.222838e-008	0.0259277
-4.220338e-008	0.0248535
-4.217838e-008	0.0317139
-4.215338e-008	0.0192383
-4.212838e-008	0.0119385
-4.210338e-008	0.0166748
-4.207838e-008	0.0216797
-4.205338e-008	0.0218262
-4.202838e-008	0.0251709
-4.200338e-008	0.0313721
-4.197838e-008	0.0266358
-4.195338e-008	0.0302002
-4.192838e-008	0.0271729
-4.190338e-008	0.00920411
-4.187838e-008	0.0119873
-4.185338e-008	0.0267334
-4.182838e-008	0.0283203
-4.180338e-008	0.0110352
-4.177838e-008	0.0107666
-4.175338e-008	0.028418
-4.172838e-008	0.0197022
-4.170338e-008	0.0155762
-4.167838e-008	0.0202881
-4.165338e-008	0.0180176
-4.162838e-008	0.0278076
-4.160338e-008	0.0217529
-4.157838e-008	0.0148438
-4.155338e-008	0.0262207
-4.152838e-008	0.0202637
-4.150338e-008	0.0206543
-4.147838e-008	0.0310303
-4.145338e-008	0.0196533
-4.142838e-008	0.014502
-4.140338e-008	0.0192871
-4.137838e-008	0.0171143
-4.135338e-008	0.0177246
-4.132838e-008	0.0163818
-4.130338e-008	0.0196289
-4.127838e-008	0.0239502
-4.125338e-008	0.0179688
-4.122838e-008	0.0215088
-4.120338e-008	0.0255371
-4.117838e-008	0.0153565
-4.115338e-008	0.0114746
-4.112838e-008	0.0148193
-4.110338e-008	0.0227783
-4.107838e-008	0.0338135
-4.105338e-008	0.02771
-4.102838e-008	0.0162354
-4.100338e-008	0.0161621
-4.097838e-008	0.0243652
-4.095338e-008	0.0333496
-4.092838e-008	0.0279297
-4.090338e-008	0.0281738
-4.087838e-008	0.0344727
-4.085338e-008	0.0167481
-4.082838e-008	0.00471192
-4.080338e-008	0.0149902
-4.077838e-008	0.0229736
-4.075338e-008	0.0197754
-4.072838e-008	0.00610352
-4.070338e-008	0.00781251
-4.067838e-008	0.0185791
-4.065338e-008	0.0159668
-4.062838e-008	0.019458
-4.060338e-008	0.0118408
-4.057838e-008	0.0137695
-4.055338e-008	0.0448731
-4.052838e-008	0.0344727
-4.050338e-008	0.00708009
-4.047838e-008	0.0183106
-4.045338e-008	0.0297608
-4.042838e-008	0.0218506
-4.040338e-008	0.00859376
-4.037838e-008	0.0129639
-4.035338e-008	0.0293945
-4.032838e-008	0.023877
-4.030338e-008	0.0178467
-4.027838e-008	0.0277588
-4.025338e-008	0.0286621
-4.022838e-008	0.0211182
-4.020338e-008	0.0110596
-4.017838e-008	0.00998536
-4.015338e-008	0.0170899
-4.012838e-008	0.0155518
-4.010338e-008	0.0190186
-4.007838e-008	0.0263672
-4.005338e-008	0.0313477
-4.002838e-008	0.0305664
-4.000338e-008	0.019043
-3.997838e-008	0.0246338
-3.995338e-008	0.030542
-3.992838e-008	0.0160889
-3.990338e-008	0.0177246
-3.987838e-008	0.0239502
-3.985338e-008	0.0158936
-3.982838e-008	0.0150391
-3.980338e-008	0.0221924
-3.977838e-008	0.0274902
-3.975338e-008	0.0204346
-3.972838e-008	0.0159668
-3.970338e-008	0.0237061
-3.967838e-008	0.0190918
-3.965338e-008	0.0163086
-3.962838e-008	0.0192871
-3.960338e-008	0.0155029
-3.957838e-008	0.0249268
-3.955338e-008	0.0304443
-3.952838e-008	0.0205566
-3.950338e-008	0.0228516
-3.947838e-008	0.0287109
-3.945338e-008	0.0229248
-3.942838e-008	0.0212891
-3.940338e-008	0.0249024
-3.937838e-008	0.0256348
-3.935338e-008	0.0296631
-3.932838e-008	0.0239258
-3.930338e-008	0.020459
-3.927838e-008	0.0383057
-3.925338e-008	0.040625
-3.922838e-008	0.026709
-3.920338e-008	0.0202393
-3.917838e-008	0.0216309
-3.915338e-008	0.0304443
-3.912838e-008	0.0237061
-3.910338e-008	0.0126709
-3.907838e-008	0.0186768
-3.905338e-008	0.018042
-3.902838e-008	0.0117432
-3.900338e-008	0.0124512
-3.897838e-008	0.0167969
-3.895338e-008	0.0184326
-3.892838e-008	0.0117188
-3.890338e-008	0.0174316
-3.887838e-008	0.0286377
-3.885338e-008	0.0238281
-3.882838e-008	0.026294
-3.880338e-008	0.027124
-3.877838e-008	0.015332
-3.875338e-008	0.0197022
-3.872838e-008	0.0334229
-3.870338e-008	0.0280762
-3.867838e-008	0.00864259
-3.865338e-008	0.00329591
-3.862838e-008	0.0135254
-3.860338e-008	0.0254883
-3.857838e-008	0.0305176
-3.855338e-008	0.0233887
-3.852838e-008	0.0233643
-3.850338e-008	0.0230713
-3.847838e-008	0.00593262
-3.845338e-008	0.00725098
-3.842838e-008	0.0249268
-3.840338e-008	0.0313721
-3.837838e-008	0.0376709
-3.835338e-008	0.0283447
-3.832838e-008	0.0131104
-3.830338e-008	0.0234131
-3.827838e-008	0.0335449
-3.825338e-008	0.0334229
-3.822838e-008	0.0243652
-3.820338e-008	0.0165039
-3.817838e-008	0.0251465
-3.815338e-008	0.0247803
-3.812838e-008	0.0131348
-3.810338e-008	0.00876466
-3.807838e-008	0.0204834
-3.805338e-008	0.0346924
-3.802838e-008	0.0252197
-3.800338e-008	0.0109863
-3.797838e-008	0.0212158
-3.795338e-008	0.0365967
-3.792838e-008	0.032251
-3.790338e-008	0.0231201
-3.787838e-008	0.020752
-3.785338e-008	0.0274414
-3.782838e-008	0.0263184
-3.780338e-008	0.0112305
-3.777838e-008	0.0202881
-3.775338e-008	0.0322998
-3.772838e-008	0.029126
-3.770338e-008	0.0246338
-3.767838e-008	0.00817872
-3.765338e-008	0.00637208
-3.762838e-008	0.0163086
-3.760338e-008	0.0201416
-3.757838e-008	0.0318359
-3.755338e-008	0.0302734
-3.752838e-008	0.0180908
-3.750338e-008	0.0179443
-3.747838e-008	0.0190186
-3.745338e-008	0.0180664
-3.742838e-008	0.0160889
-3.740338e-008	0.02146
-3.737838e-008	0.0344971
-3.735338e-008	0.0123047
-3.732838e-008	-0.00832519
-3.730338e-008	0.0192627
-3.727838e-008	0.0270508
-3.725338e-008	0.0168945
-3.722838e-008	0.0256836
-3.720338e-008	0.019165
-3.717838e-008	0.0120361
-3.715338e-008	0.0197998
-3.712838e-008	0.00878907
-3.710338e-008	0.0058838
-3.707838e-008	0.0278076
-3.705338e-008	0.0257813
-3.702838e-008	0.0227783
-3.700338e-008	0.0387451
-3.697838e-008	0.035791
-3.695338e-008	0.0217285
-3.692838e-008	0.0106934
-3.690338e-008	0.00427247
-3.687838e-008	0.0117432
-3.685338e-008	0.030249
-3.682838e-008	0.0319336
-3.680338e-008	0.01521
-3.677838e-008	0.0210205
-3.675338e-008	0.0383057
-3.672838e-008	0.0352295
-3.670338e-008	0.0199219
-3.667838e-008	0.0153076
-3.665338e-008	0.0171875
-3.662838e-008	0.0103027
-3.660338e-008	0.0174316
-3.657838e-008	0.032959
-3.655338e-008	0.0283936
-3.652838e-008	0.016919
-3.650338e-008	0.0195557
-3.647838e-008	0.027002
-3.645338e-008	0.0226807
-3.642838e-008	0.028833
-3.640338e-008	0.0342529
-3.637838e-008	0.0195313
-3.635338e-008	0.0251221
-3.632838e-008	0.035376
-3.630338e-008	0.0280762
-3.627838e-008	0.0223389
-3.625338e-008	0.0144531
-3.622838e-008	0.0235596
-3.620338e-008	0.0334229
-3.617838e-008	0.0246826
-3.615338e-008	0.0288818
-3.612838e-008	0.0283447
-3.610338e-008	0.0189209
-3.607838e-008	0.0247559
-3.605338e-008	0.0311768
-3.602838e-008	0.0272461
-3.600338e-008	0.0192871
-3.597838e-008	0.023169
-3.595338e-008	0.0311035
-3.592838e-008	0.0209717
-3.590338e-008	0.0158936
-3.587838e-008	0.0294434
-3.585338e-008	0.0295654
-3.582838e-008	0.0162109
-3.580338e-008	0.0148193
-3.577838e-008	0.0239746
-3.575338e-008	0.0277588
-3.572838e-008	0.0204346
-3.570338e-008	0.0114258
-3.567838e-008	0.0121826
-3.565338e-008	0.0284912
-3.562838e-008	0.0324707
-3.560338e-008	0.0138184
-3.557838e-008	0.0167725
-3.555338e-008	0.0286133
-3.552838e-008	0.025708
-3.550338e-008	0.0195313
-3.547838e-008	0.0124024
-3.545338e-008	0.0144043
-3.542838e-008	0.0133545
-3.540338e-008	0.0172607
-3.537838e-008	0.0342774
-3.535338e-008	0.0296631
-3.532838e-008	0.0127197
-3.530338e-008	0.0183106
-3.527838e-008	0.0336182
-3.525338e-008	0.0269043
-3.522838e-008	0.0162109
-3.520338e-008	0.0210938
-3.517838e-008	0.0244141
-3.515338e-008	0.0226074
-3.512838e-008	0.02146
-3.510338e-008	0.0257813
-3.507838e-008	0.0279053
-3.505338e-008	0.0174805
-3.502838e-008	0.0140137
-3.500338e-008	0.0312988
-3.497838e-008	0.038208
-3.495338e-008	0.0299316
-3.492838e-008	0.0305176
-3.490338e-008	0.0311035
-3.487838e-008	0.033667
-3.485338e-008	0.0280518
-3.482838e-008	0.0154785
-3.480338e-008	0.0107666
-3.477838e-008	0.0060547
-3.475338e-008	0.0242188
-3.472838e-008	0.0357666
-3.470338e-008	0.0233643
-3.467838e-008	0.0294678
-3.465338e-008	0.0309082
-3.462838e-008	0.0188477
-3.460338e-008	0.00812989
-3.457838e-008	0.0109375
-3.455338e-008	0.0327881
-3.452838e-008	0.0332031
-3.450338e-008	0.0233887
-3.447838e-008	0.0300537
-3.445338e-008	0.0269043
-3.442838e-008	0.0241211
-3.440338e-008	0.030835
-3.437838e-008	0.0300537
-3.435338e-008	0.0324463
-3.432838e-008	0.0305908
-3.430338e-008	0.0226807
-3.427838e-008	0.0244629
-3.425338e-008	0.0202637
-3.422838e-008	0.0221191
-3.420338e-008	0.0325928
-3.417838e-008	0.0193359
-3.415338e-008	0.00705567
-3.412838e-008	0.0170166
-3.410338e-008	0.0253418
-3.407838e-008	0.0229981
-3.405338e-008	0.0178223
-3.402838e-008	0.0190674
-3.400338e-008	0.0203125
-3.397838e-008	0.0287354
-3.395338e-008	0.0399658
-3.392838e-008	0.0226563
-3.390338e-008	0.0123535
-3.387838e-008	0.0220215
-3.385338e-008	0.0208252
-3.382838e-008	0.0249024
-3.380338e-008	0.0237305
-3.377838e-008	0.0238525
-3.375338e-008	0.0259522
-3.372838e-008	0.00253907
-3.370338e-008	0.0081543
-3.367838e-008	0.0304443
-3.365338e-008	0.0188477
-3.362838e-008	0.0192871
-3.360338e-008	0.0248535
-3.357838e-008	0.0198242
-3.355338e-008	0.0240234
-3.352838e-008	0.0194336
-3.350338e-008	0.0135254
-3.347838e-008	0.0174561
-3.345338e-008	0.0216553
-3.342838e-008	0.0167236
-3.340338e-008	0.0134033
-3.337838e-008	0.0256836
-3.335338e-008	0.0290039
-3.332838e-008	0.0259033
-3.330338e-008	0.0296387
-3.327838e-008	0.0305664
-3.325338e-008	0.0256348
-3.322838e-008	0.0204346
-3.320338e-008	0.0185791
-3.317838e-008	0.0148193
-3.315338e-008	0.0188721
-3.312838e-008	0.0242432
-3.310338e-008	0.0219482
-3.307838e-008	0.0181641
-3.305338e-008	0.0140625
-3.302838e-008	0.0247803
-3.300338e-008	0.0336182
-3.297838e-008	0.0258545
-3.295338e-008	0.0190918
-3.292838e-008	0.00522462
-3.290338e-008	0.00219727
-3.287838e-008	0.0202881
-3.285338e-008	0.0244141
-3.282838e-008	0.0282959
-3.280338e-008	0.0316406
-3.277838e-008	0.0213867
-3.275338e-008	0.0226074
-3.272838e-008	0.0212891
-3.270338e-008	0.0164551
-3.267838e-008	0.0140625
-3.265338e-008	0.0128662
-3.262838e-008	0.0253906
-3.260338e-008	0.0233643
-3.257838e-008	0.0227051
-3.255338e-008	0.0379639
-3.252838e-008	0.0306641
-3.250338e-008	0.0163086
-3.247838e-008	0.0116211
-3.245338e-008	0.0219727
-3.242838e-008	0.0325928
-3.240338e-008	0.0182861
-3.237838e-008	0.024707
-3.235338e-008	0.0390625
-3.232838e-008	0.024292
-3.230338e-008	0.0272461
-3.227838e-008	0.034375
-3.225338e-008	0.0291992
-3.222838e-008	0.0292725
-3.220338e-008	0.00993653
-3.217838e-008	-0.000244133
-3.215338e-008	0.0216309
-3.212838e-008	0.029834
-3.210338e-008	0.0183838
-3.207838e-008	0.0177734
-3.205338e-008	0.0288818
-3.202838e-008	0.0316895
-3.200338e-008	0.028418
-3.197838e-008	0.0300537
-3.195338e-008	0.0211914
-3.192838e-008	-0.000830071
-3.190338e-008	0.00219727
-3.187838e-008	0.0283691
-3.185338e-008	0.0335449
-3.182838e-008	0.0286133
-3.180338e-008	0.0314697
-3.177838e-008	0.0346436
-3.175338e-008	0.0332275
-3.172838e-008	0.0227783
-3.170338e-008	0.0262207
-3.167838e-008	0.0365967
-3.165338e-008	0.0259277
-3.162838e-008	0.0176514
-3.160338e-008	0.0262695
-3.157838e-008	0.0346191
-3.155338e-008	0.0288086
-3.152838e-008	0.0165772
-3.150338e-008	0.0133057
-3.147838e-008	0.0130371
-3.145338e-008	0.0174561
-3.142838e-008	0.0295166
-3.140338e-008	0.0316406
-3.137838e-008	0.0302979
-3.135338e-008	0.0294678
-3.132838e-008	0.0123535
-3.130338e-008	0.00888673
-3.127838e-008	0.0262451
-3.125338e-008	0.0254639
-3.122838e-008	0.0177002
-3.120338e-008	0.00817872
-3.117838e-008	0.00522462
-3.115338e-008	0.0283936
-3.112838e-008	0.0331543
-3.110338e-008	0.0213379
-3.107838e-008	0.0263428
-3.105338e-008	0.0236084
-3.102838e-008	0.0193359
-3.100338e-008	0.0266602
-3.097838e-008	0.0321533
-3.095338e-008	0.0286377
-3.092838e-008	0.0150879
-3.090338e-008	0.0156738
-3.087838e-008	0.0230469
-3.085338e-008	0.0178955
-3.082838e-008	0.0173096
-3.080338e-008	0.0124024
-3.077838e-008	0.0166992
-3.075338e-008	0.0336426
-3.072838e-008	0.0185547
-3.070338e-008	0.0133057
-3.067838e-008	0.0313965
-3.065338e-008	0.0136231
-3.062838e-008	0.0022461
-3.060338e-008	0.0210938
-3.057838e-008	0.0304199
-3.055338e-008	0.0332031
-3.052838e-008	0.0268066
-3.050338e-008	0.0161865
-3.047838e-008	0.0156006
-3.045338e-008	0.0209473
-3.042838e-008	0.0249756
-3.040338e-008	0.0222168
-3.037838e-008	0.0207275
-3.035338e-008	0.0214111
-3.032838e-008	0.0209229
-3.030338e-008	0.0228027
-3.027838e-008	0.0269043
-3.025338e-008	0.0250244
-3.022838e-008	0.0175049
-3.020338e-008	0.0162109
-3.017838e-008	0.0158203
-3.015338e-008	0.0234619
-3.012838e-008	0.0317139
-3.010338e-008	0.0206055
-3.007838e-008	0.0191406
-3.005338e-008	0.0242432
-3.002838e-008	0.0175293
-3.000338e-008	0.0205566
-2.997838e-008	0.0228272
-2.995338e-008	0.0230469
-2.992838e-008	0.0328369
-2.990338e-008	0.031543
-2.987838e-008	0.0296387
-2.985338e-008	0.0290283
-2.982838e-008	0.0204102
-2.980338e-008	0.0244385
-2.977838e-008	0.0244385
-2.975338e-008	0.0149658
-2.972838e-008	0.0141846
-2.970338e-008	0.0166992
-2.967838e-008	0.0245606
-2.965338e-008	0.028418
-2.962838e-008	0.0226074
-2.960338e-008	0.0204102
-2.957838e-008	0.0244141
-2.955338e-008	0.0317627
-2.952838e-008	0.0315674
-2.950338e-008	0.0201904
-2.947838e-008	0.0174805
-2.945338e-008	0.0260254
-2.942838e-008	0.0229492
-2.940338e-008	0.0152588
-2.937838e-008	0.0246826
-2.935338e-008	0.0291504
-2.932838e-008	0.012207
-2.930338e-008	0.0106201
-2.927838e-008	0.0256348
-2.925338e-008	0.026294
-2.922838e-008	0.0289307
-2.920338e-008	0.0334229
-2.917838e-008	0.0303223
-2.915338e-008	0.0280274
-2.912838e-008	0.0199463
-2.910338e-008	0.0157227
-2.907838e-008	0.0159912
-2.905338e-008	0.01875
-2.902838e-008	0.0219727
-2.900338e-008	0.0162354
-2.897838e-008	0.023999
-2.895338e-008	0.0270752
-2.892838e-008	0.0126465
-2.890338e-008	0.0166992
-2.887838e-008	0.0206055
-2.885338e-008	0.0116943
-2.882838e-008	0.0148438
-2.880338e-008	0.0253174
-2.877838e-008	0.0312012
-2.875338e-008	0.0321045
-2.872838e-008	0.0310059
-2.870338e-008	0.0259766
-2.867838e-008	0.0141113
-2.865338e-008	0.0106445
-2.862838e-008	0.0159912
-2.860338e-008	0.0164307
-2.857838e-008	0.0244385
-2.855338e-008	0.0257568
-2.852838e-008	0.0147217
-2.850338e-008	0.024707
-2.847838e-008	0.0313721
-2.845338e-008	0.0192871
-2.842838e-008	0.0204834
-2.840338e-008	0.0214844
-2.837838e-008	0.0242432
-2.835338e-008	0.0341065
-2.832838e-008	0.0118408
-2.830338e-008	0.00471192
-2.827838e-008	0.0372803
-2.825338e-008	0.0298828
-2.822838e-008	0.00961915
-2.820338e-008	0.0227295
-2.817838e-008	0.0355957
-2.815338e-008	0.0350098
-2.812838e-008	0.0124268
-2.810338e-008	0.00844727
-2.807838e-008	0.0375733
-2.805338e-008	0.0335449
-2.802838e-008	0.0199219
-2.800338e-008	0.0242188
-2.797838e-008	0.0154053
-2.795338e-008	0.0107422
-2.792838e-008	0.0155274
-2.790338e-008	0.0176025
-2.787838e-008	0.0203613
-2.785338e-008	0.0212647
-2.782838e-008	0.0219727
-2.780338e-008	0.0254395
-2.777838e-008	0.0320801
-2.775338e-008	0.0309326
-2.772838e-008	0.0206299
-2.770338e-008	0.0127197
-2.767838e-008	0.0144287
-2.765338e-008	0.0208984
-2.762838e-008	0.0175293
-2.760338e-008	0.0256348
-2.757838e-008	0.038208
-2.755338e-008	0.0285156
-2.752838e-008	0.0238281
-2.750338e-008	0.0212158
-2.747838e-008	0.0207764
-2.745338e-008	0.0315674
-2.742838e-008	0.0310303
-2.740338e-008	0.0283936
-2.737838e-008	0.0302246
-2.735338e-008	0.0305908
-2.732838e-008	0.0205811
-2.730338e-008	0.00876466
-2.727838e-008	0.0181641
-2.725338e-008	0.0227295
-2.722838e-008	0.0179688
-2.720338e-008	0.0211426
-2.717838e-008	0.0290772
-2.715338e-008	0.030542
-2.712838e-008	0.0157227
-2.710338e-008	0.0105713
-2.707838e-008	0.0171387
-2.705338e-008	0.0199463
-2.702838e-008	0.0237061
-2.700338e-008	0.0217285
-2.697838e-008	0.020044
-2.695338e-008	0.0249024
-2.692838e-008	0.0283203
-2.690338e-008	0.0234863
-2.687838e-008	0.0206543
-2.685338e-008	0.0303223
-2.682838e-008	0.0255127
-2.680338e-008	0.014502
-2.677838e-008	0.0248535
-2.675338e-008	0.0253174
-2.672838e-008	0.0151856
-2.670338e-008	0.0166992
-2.667838e-008	0.0197754
-2.665338e-008	0.0259033
-2.662838e-008	0.0247803
-2.660338e-008	0.0152588
-2.657838e-008	0.0230469
-2.655338e-008	0.0361816
-2.652838e-008	0.0285889
-2.650338e-008	0.0232422
-2.647838e-008	0.0353027
-2.645338e-008	0.0304199
-2.642838e-008	0.0184082
-2.640338e-008	0.0204346
-2.637838e-008	0.027124
-2.635338e-008	0.0354248
-2.632838e-008	0.0241211
-2.630338e-008	0.0155762
-2.627838e-008	0.0263184
-2.625338e-008	0.0188232
-2.622838e-008	0.00903321
-2.620338e-008	0.0180664
-2.617838e-008	0.0338379
-2.615338e-008	0.0363037
-2.612838e-008	0.0148926
-2.610338e-008	0.00703126
-2.607838e-008	0.0234131
-2.605338e-008	0.0249756
-2.602838e-008	0.0209473
-2.600338e-008	0.0265625
-2.597838e-008	0.0257568
-2.595338e-008	0.025293
-2.592838e-008	0.0202393
-2.590338e-008	0.0128906
-2.587838e-008	0.0176514
-2.585338e-008	0.0185059
-2.582838e-008	0.0108643
-2.580338e-008	0.00717774
-2.577838e-008	0.0110352
-2.575338e-008	0.0129395
-2.572838e-008	0.0205322
-2.570338e-008	0.0317627
-2.567838e-008	0.0276123
-2.565338e-008	0.0269287
-2.562838e-008	0.0331299
-2.560338e-008	0.0280274
-2.557838e-008	0.0259522
-2.555338e-008	0.0314941
-2.552838e-008	0.0226318
-2.550338e-008	0.0148438
-2.547838e-008	0.0199219
-2.545338e-008	0.0236572
-2.542838e-008	0.0338135
-2.540338e-008	0.0266602
-2.537838e-008	0.0169434
-2.535338e-008	0.0279785
-2.532838e-008	0.0186279
-2.530338e-008	0.0131104
-2.527838e-008	0.0226563
-2.525338e-008	0.0197754
-2.522838e-008	0.0245117
-2.520338e-008	0.0284668
-2.517838e-008	0.0197754
-2.515338e-008	0.016333
-2.512838e-008	0.0111816
-2.510338e-008	0.010669
-2.507838e-008	0.0228027
-2.505338e-008	0.0208984
-2.502838e-008	0.0151123
-2.500338e-008	0.0173096
-2.497838e-008	0.0242676
-2.495338e-008	0.0356201
-2.492838e-008	0.0235352
-2.490338e-008	0.00954591
-2.487838e-008	0.0179199
-2.485338e-008	0.0300781
-2.482838e-008	0.0380615
-2.480338e-008	0.0217285
-2.477838e-008	0.0149658
-2.475338e-008	0.0351807
-2.472838e-008	0.0268066
-2.470338e-008	0.0142578
-2.467838e-008	0.0195068
-2.465338e-008	0.015625
-2.462838e-008	0.011499
-2.460338e-008	0.0115234
-2.457838e-008	0.0241211
-2.455338e-008	0.0310303
-2.452838e-008	0.0166504
-2.450338e-008	0.0194824
-2.447838e-008	0.0292481
-2.445338e-008	0.02146
-2.442838e-008	0.013208
-2.440338e-008	0.00996095
-2.437838e-008	0.0246094
-2.435338e-008	0.0462402
-2.432838e-008	0.0365479
-2.430338e-008	0.0235107
-2.427838e-008	0.0268555
-2.425338e-008	0.0215332
-2.422838e-008	0.021875
-2.420338e-008	0.0207031
-2.417838e-008	0.00976563
-2.415338e-008	0.0131348
-2.412838e-008	0.0158447
-2.410338e-008	0.0143555
-2.407838e-008	0.0189453
-2.405338e-008	0.0158691
-2.402838e-008	0.00864259
-2.400338e-008	0.0105469
-2.397838e-008	0.0260986
-2.395338e-008	0.0363281
-2.392838e-008	0.0191895
-2.390338e-008	0.0104004
-2.387838e-008	0.0229736
-2.385338e-008	0.020459
-2.382838e-008	0.0173828
-2.380338e-008	0.0241943
-2.377838e-008	0.0223633
-2.375338e-008	0.0176758
-2.372838e-008	0.016626
-2.370338e-008	0.0205566
-2.367838e-008	0.0230469
-2.365338e-008	0.0239258
-2.362838e-008	0.0199463
-2.360338e-008	0.0114014
-2.357838e-008	0.0242188
-2.355338e-008	0.0291992
-2.352838e-008	0.0104248
-2.350338e-008	0.0151856
-2.347838e-008	0.0281983
-2.345338e-008	0.0267578
-2.342838e-008	0.0259522
-2.340338e-008	0.0236572
-2.337838e-008	0.0136231
-2.335338e-008	0.00979005
-2.332838e-008	0.0223145
-2.330338e-008	0.0266358
-2.327838e-008	0.0290772
-2.325338e-008	0.0288818
-2.322838e-008	0.0115234
-2.320338e-008	0.0128662
-2.317838e-008	0.0280762
-2.315338e-008	0.0290772
-2.312838e-008	0.018042
-2.310338e-008	0.0138184
-2.307838e-008	0.0249024
-2.305338e-008	0.0297608
-2.302838e-008	0.0307129
-2.300338e-008	0.0399902
-2.297838e-008	0.0426025
-2.295338e-008	0.0258789
-2.292838e-008	0.0154297
-2.290338e-008	0.0181641
-2.287838e-008	0.0184082
-2.285338e-008	0.0217529
-2.282838e-008	0.0136475
-2.280338e-008	0.0110107
-2.277838e-008	0.0213379
-2.275338e-008	0.0219238
-2.272838e-008	0.0259033
-2.270338e-008	0.0240479
-2.267838e-008	0.0245361
-2.265338e-008	0.0229004
-2.262838e-008	0.00993653
-2.260338e-008	0.0219971
-2.257838e-008	0.0347412
-2.255338e-008	0.0272461
-2.252838e-008	0.0164063
-2.250338e-008	0.0179443
-2.247838e-008	0.0345215
-2.245338e-008	0.0344238
-2.242838e-008	0.0302246
-2.240338e-008	0.0279053
-2.237838e-008	0.0230713
-2.235338e-008	0.026294
-2.232838e-008	0.0140869
-2.230338e-008	0.0192139
-2.227838e-008	0.0348389
-2.225338e-008	0.0176025
-2.222838e-008	0.0156006
-2.220338e-008	0.0233643
-2.217838e-008	0.0268555
-2.215338e-008	0.0313477
-2.212838e-008	0.0185303
-2.210338e-008	0.0187988
-2.207838e-008	0.018457
-2.205338e-008	0.0123779
-2.202838e-008	0.0268311
-2.200338e-008	0.0269287
-2.197838e-008	0.023169
-2.195338e-008	0.0352783
-2.192838e-008	0.0288086
-2.190338e-008	0.0183838
-2.187838e-008	0.0218506
-2.185338e-008	0.0170899
-2.182838e-008	0.021167
-2.180338e-008	0.0274658
-2.177838e-008	0.0233887
-2.175338e-008	0.0342041
-2.172838e-008	0.0242676
-2.170338e-008	0.011792
-2.167838e-008	0.0335449
-2.165338e-008	0.0354248
-2.162838e-008	0.0284912
-2.160338e-008	0.0230713
-2.157838e-008	0.0196289
-2.155338e-008	0.0388672
-2.152838e-008	0.026709
-2.150338e-008	0.00783692
-2.147838e-008	0.0240967
-2.145338e-008	0.0257813
-2.142838e-008	0.0200684
-2.140338e-008	0.022876
-2.137838e-008	0.0212647
-2.135338e-008	0.0171875
-2.132838e-008	0.0118408
-2.130338e-008	0.0167969
-2.127838e-008	0.0253418
-2.125338e-008	0.0223633
-2.122838e-008	0.0270508
-2.120338e-008	0.0351318
-2.117838e-008	0.0235107
-2.115338e-008	0.01521
-2.112838e-008	0.0252197
-2.110338e-008	0.0273682
-2.107838e-008	0.0218262
-2.105338e-008	0.0220947
-2.102838e-008	0.0136719
-2.100338e-008	0.00976563
-2.097838e-008	0.0292725
-2.095338e-008	0.0375733
-2.092838e-008	0.0283203
-2.090338e-008	0.0303955
-2.087838e-008	0.0331543
-2.085338e-008	0.0264649
-2.082838e-008	0.0210205
-2.080338e-008	0.0230957
-2.077838e-008	0.0321533
-2.075338e-008	0.0325195
-2.072838e-008	0.0256592
-2.070338e-008	0.0227295
-2.067838e-008	0.0189453
-2.065338e-008	0.0157715
-2.062838e-008	0.0190918
-2.060338e-008	0.0243164
-2.057838e-008	0.0266846
-2.055338e-008	0.0268555
-2.052838e-008	0.0124756
-2.050338e-008	0.00368653
-2.047838e-008	0.0140137
-2.045338e-008	0.00874024
-2.042838e-008	0.0121338
-2.040338e-008	0.0317383
-2.037838e-008	0.0326416
-2.035338e-008	0.0284424
-2.032838e-008	0.0219238
-2.030338e-008	0.0220215
-2.027838e-008	0.0321045
-2.025338e-008	0.0296875
-2.022838e-008	0.0260498
-2.020338e-008	0.022168
-2.017838e-008	0.0185059
-2.015338e-008	0.0230225
-2.012838e-008	0.0137695
-2.010338e-008	0.00510255
-2.007838e-008	0.0237793
-2.005338e-008	0.0324707
-2.002838e-008	0.0081543
-2.000338e-008	0.00234376
-1.997838e-008	0.0215576
-1.995338e-008	0.0209717
-1.992838e-008	0.019165
-1.990338e-008	0.022583
-1.987838e-008	0.0261963
-1.985338e-008	0.0384522
-1.982838e-008	0.0326904
-1.980338e-008	0.0221436
-1.977838e-008	0.0190918
-1.975338e-008	0.0144775
-1.972838e-008	0.0157471
-1.970338e-008	0.0183594
-1.967838e-008	0.0258057
-1.965338e-008	0.0249512
-1.962838e-008	0.0125732
-1.960338e-008	0.0110352
-1.957838e-008	0.0203125
-1.955338e-008	0.0287842
-1.952838e-008	0.0243408
-1.950338e-008	0.0202881
-1.947838e-008	0.0296387
-1.945338e-008	0.0308838
-1.942838e-008	0.0198731
-1.940338e-008	0.0124756
-1.937838e-008	0.0145996
-1.935338e-008	0.0248291
-1.932838e-008	0.0239746
-1.930338e-008	0.0181397
-1.927838e-008	0.0330811
-1.925338e-008	0.0364746
-1.922838e-008	0.0193359
-1.920338e-008	0.0155029
-1.917838e-008	0.0212647
-1.915338e-008	0.0269287
-1.912838e-008	0.0155518
-1.910338e-008	0.000830086
-1.907838e-008	0.0156006
-1.905338e-008	0.028833
-1.902838e-008	0.0232178
-1.900338e-008	0.0182129
-1.897838e-008	0.0272949
-1.895338e-008	0.0379395
-1.892838e-008	0.0298584
-1.890338e-008	0.0260986
-1.887838e-008	0.0269531
-1.885338e-008	0.0262695
-1.882838e-008	0.03125
-1.880338e-008	0.0285156
-1.877838e-008	0.0364014
-1.875338e-008	0.0442383
-1.872838e-008	0.0191162
-1.870338e-008	0.000830086
-1.867838e-008	0.0119629
-1.865338e-008	0.0177002
-1.862838e-008	0.0138916
-1.860338e-008	0.0156982
-1.857838e-008	0.0270752
-1.855338e-008	0.0341065
-1.852838e-008	0.0218262
-1.850338e-008	0.0171387
-1.847838e-008	0.0234863
-1.845338e-008	0.0218506
-1.842838e-008	0.0192871
-1.840338e-008	0.0164307
-1.837838e-008	0.0184815
-1.835338e-008	0.0248291
-1.832838e-008	0.0286133
-1.830338e-008	0.0241943
-1.827838e-008	0.0186279
-1.825338e-008	0.0329834
-1.822838e-008	0.0355469
-1.820338e-008	0.0205811
-1.817838e-008	0.0286133
-1.815338e-008	0.0303467
-1.812838e-008	0.0150879
-1.810338e-008	0.0153076
-1.807838e-008	0.0209961
-1.805338e-008	0.0210693
-1.802838e-008	0.0161133
-1.800338e-008	0.018457
-1.797838e-008	0.0318115
-1.795338e-008	0.0265381
-1.792838e-008	0.012085
-1.790338e-008	0.0141846
-1.787838e-008	0.0248047
-1.785338e-008	0.0296875
-1.782838e-008	0.0209717
-1.780338e-008	0.0131104
-1.777838e-008	0.0230225
-1.775338e-008	0.0367432
-1.772838e-008	0.0259277
-1.770338e-008	0.0120117
-1.767838e-008	0.0223633
-1.765338e-008	0.0272217
-1.762838e-008	0.0290772
-1.760338e-008	0.0250977
-1.757838e-008	0.0195557
-1.755338e-008	0.041333
-1.752838e-008	0.0378174
-1.750338e-008	0.0191162
-1.747838e-008	0.0201416
-1.745338e-008	0.00632325
-1.742838e-008	0.00532227
-1.740338e-008	0.0208984
-1.737838e-008	0.0300049
-1.735338e-008	0.0318115
-1.732838e-008	0.00910645
-1.730338e-008	-0.000683586
-1.727838e-008	0.0238525
-1.725338e-008	0.0331299
-1.722838e-008	0.0196533
-1.720338e-008	0.0192383
-1.717838e-008	0.0301514
-1.715338e-008	0.027832
-1.712838e-008	0.0231201
-1.710338e-008	0.0283691
-1.707838e-008	0.0226318
-1.705338e-008	0.0172852
-1.702838e-008	0.0310303
-1.700338e-008	0.0269043
-1.697838e-008	0.00957032
-1.695338e-008	0.0140137
-1.692838e-008	0.0210205
-1.690338e-008	0.020166
-1.687838e-008	0.0233887
-1.685338e-008	0.0248535
-1.682838e-008	0.0121338
-1.680338e-008	0.00327149
-1.677838e-008	0.0152588
-1.675338e-008	0.0304688
-1.672838e-008	0.0325928
-1.670338e-008	0.0265381
-1.667838e-008	0.0297852
-1.665338e-008	0.0305908
-1.662838e-008	0.0223877
-1.660338e-008	0.0190918
-1.657838e-008	0.0158936
-1.655338e-008	0.0200684
-1.652838e-008	0.0201904
-1.650338e-008	0.0113525
-1.647838e-008	0.0187012
-1.645338e-008	0.0246338
-1.642838e-008	0.0172119
-1.640338e-008	0.0165527
-1.637838e-008	0.0261963
-1.635338e-008	0.0299561
-1.632838e-008	0.0205322
-1.630338e-008	0.0171875
-1.627838e-008	0.026001
-1.625338e-008	0.0246582
-1.622838e-008	0.0163574
-1.620338e-008	0.022583
-1.617838e-008	0.0358887
-1.615338e-008	0.0374024
-1.612838e-008	0.0217041
-1.610338e-008	0.0186035
-1.607838e-008	0.0310059
-1.605338e-008	0.0232422
-1.602838e-008	0.0229004
-1.600338e-008	0.027417
-1.597838e-008	0.0215576
-1.595338e-008	0.03479
-1.592838e-008	0.0231445
-1.590338e-008	-0.00170898
-1.587838e-008	0.0115723
-1.585338e-008	0.0258789
-1.582838e-008	0.0280274
-1.580338e-008	0.0196533
-1.577838e-008	0.0157227
-1.575338e-008	0.0345459
-1.572838e-008	0.0349121
-1.570338e-008	0.0187988
-1.567838e-008	0.021582
-1.565338e-008	0.015918
-1.562838e-008	0.0025879
-1.560338e-008	0.0176514
-1.557838e-008	0.0337158
-1.555338e-008	0.027417
-1.552838e-008	0.016333
-1.550338e-008	0.0223633
-1.547838e-008	0.0349365
-1.545338e-008	0.0174805
-1.542838e-008	0.0109375
-1.540338e-008	0.0336426
-1.537838e-008	0.0351563
-1.535338e-008	0.0337158
-1.532838e-008	0.0372559
-1.530338e-008	0.0237305
-1.527838e-008	0.0169678
-1.525338e-008	0.024292
-1.522838e-008	0.0297363
-1.520338e-008	0.0292236
-1.517838e-008	0.02854
-1.515338e-008	0.0303223
-1.512838e-008	0.0223145
-1.510338e-008	0.0120361
-1.507838e-008	0.0251465
-1.505338e-008	0.0424805
-1.502838e-008	0.0303467
-1.500338e-008	0.0134277
-1.497838e-008	0.0239746
-1.495338e-008	0.0250733
-1.492838e-008	0.000439461
-1.490338e-008	0.0118652
-1.487838e-008	0.0378662
-1.485338e-008	0.0236816
-1.482838e-008	0.0221191
-1.480338e-008	0.0291016
-1.477838e-008	0.0223633
-1.475338e-008	0.036377
-1.472838e-008	0.0257813
-1.470338e-008	0.000488289
-1.467838e-008	0.0147949
-1.465338e-008	0.0263916
-1.462838e-008	0.0292236
-1.460338e-008	0.0297119
-1.457838e-008	0.0213135
-1.455338e-008	0.02229
-1.452838e-008	0.0108887
-1.450338e-008	0.00283204
-1.447838e-008	0.0168457
-1.445338e-008	0.018335
-1.442838e-008	0.0164795
-1.440338e-008	0.0147705
-1.437838e-008	0.0131104
-1.435338e-008	0.0306152
-1.432838e-008	0.037085
-1.430338e-008	0.0205322
-1.427838e-008	0.0153809
-1.425338e-008	0.0208496
-1.422838e-008	0.0221191
-1.420338e-008	0.0263672
-1.417838e-008	0.0250488
-1.415338e-008	0.0201416
-1.412838e-008	0.018335
-1.410338e-008	0.0114258
-1.407838e-008	0.0222412
-1.405338e-008	0.0357666
-1.402838e-008	0.0245117
-1.400338e-008	0.0164307
-1.397838e-008	0.0154053
-1.395338e-008	0.023291
-1.392838e-008	0.0325195
-1.390338e-008	0.0223633
-1.387838e-008	0.0265625
-1.385338e-008	0.0355713
-1.382838e-008	0.0182861
-1.380338e-008	0.013208
-1.377838e-008	0.027124
-1.375338e-008	0.0282715
-1.372838e-008	0.0119873
-1.370338e-008	0.0098877
-1.367838e-008	0.0272705
-1.365338e-008	0.0180908
-1.362838e-008	0.00439454
-1.360338e-008	0.0166748
-1.357838e-008	0.0279053
-1.355338e-008	0.023169
-1.352838e-008	0.00385743
-1.350338e-008	0.00302735
-1.347838e-008	0.0178467
-1.345338e-008	0.0233643
-1.342838e-008	0.0236084
-1.340338e-008	0.0140137
-1.337838e-008	0.0191162
-1.335338e-008	0.0268555
-1.332838e-008	0.0164063
-1.330338e-008	0.0241699
-1.327838e-008	0.0309326
-1.325338e-008	0.0202881
-1.322838e-008	0.014624
-1.320338e-008	0.00441895
-1.317838e-008	0.0118652
-1.315338e-008	0.0300293
-1.312838e-008	0.0162598
-1.310338e-008	0.0194092
-1.307838e-008	0.0401123
-1.305338e-008	0.0324219
-1.302838e-008	0.0170166
-1.300338e-008	0.00349122
-1.297838e-008	0.0185303
-1.295338e-008	0.0377197
-1.292838e-008	0.0203857
-1.290338e-008	0.0150391
-1.287838e-008	0.01604
-1.285338e-008	0.015918
-1.282838e-008	0.0322998
-1.280338e-008	0.0349609
-1.277838e-008	0.0282715
-1.275338e-008	0.0232422
-1.272838e-008	0.011377
-1.270338e-008	0.0113525
-1.267838e-008	0.0218994
-1.265338e-008	0.0237793
-1.262838e-008	0.0209473
-1.260338e-008	0.013501
-1.257838e-008	0.0210693
-1.255338e-008	0.0362061
-1.252838e-008	0.0239746
-1.250338e-008	0.0140625
-1.247838e-008	0.0139649
-1.245338e-008	0.0107666
-1.242838e-008	0.0127197
-1.240338e-008	0.0152344
-1.237838e-008	0.0317871
-1.235338e-008	0.0341797
-1.232838e-008	0.000805672
-1.230338e-008	0.00312501
-1.227838e-008	0.0301025
-1.225338e-008	0.0218018
-1.222838e-008	0.0239502
-1.220338e-008	0.0276856
-1.217838e-008	0.0171875
-1.215338e-008	0.0305664
-1.212838e-008	0.0270508
-1.210338e-008	0.0228516
-1.207838e-008	0.0321533
-1.205338e-008	0.0108399
-1.202838e-008	0.00649415
-1.200338e-008	0.0180176
-1.197838e-008	0.0199219
-1.195338e-008	0.0291016
-1.192838e-008	0.0148438
-1.190338e-008	0.00686036
-1.187838e-008	0.0306152
-1.185338e-008	0.0328125
-1.182838e-008	0.0230469
-1.180338e-008	0.0228027
-1.177838e-008	0.0247559
-1.175338e-008	0.0280762
-1.172838e-008	0.0200195
-1.170338e-008	0.0153076
-1.167838e-008	0.0165527
-1.165338e-008	0.0138428
-1.162838e-008	0.0253418
-1.160338e-008	0.0302734
-1.157838e-008	0.0181885
-1.155338e-008	0.0169678
-1.152838e-008	0.0135254
-1.150338e-008	0.0076172
-1.147838e-008	0.021167
-1.145338e-008	0.0273438
-1.142838e-008	0.0135254
-1.140338e-008	0.0135498
-1.137838e-008	0.0318115
-1.135338e-008	0.0322754
-1.132838e-008	0.0157227
-1.130338e-008	0.0214356
-1.127838e-008	0.0300049
-1.125338e-008	0.0186035
-1.122838e-008	0.0157715
-1.120338e-008	0.0200684
-1.117838e-008	0.0319824
-1.115338e-008	0.0411133
-1.112838e-008	0.0181152
-1.110338e-008	0.0111572
-1.107838e-008	0.0311768
-1.105338e-008	0.0261719
-1.102838e-008	0.0166748
-1.100338e-008	0.0165772
-1.097838e-008	0.0170166
-1.095338e-008	0.0296143
-1.092838e-008	0.0276123
-1.090338e-008	0.0159668
-1.087838e-008	0.0227539
-1.085338e-008	0.0274414
-1.082838e-008	0.0302246
-1.080338e-008	0.0258545
-1.077838e-008	0.0182129
-1.075338e-008	0.0289795
-1.072838e-008	0.0248779
-1.070338e-008	0.0174072
-1.067838e-008	0.0264649
-1.065338e-008	0.0241943
-1.062838e-008	0.0277832
-1.060338e-008	0.0341553
-1.057838e-008	0.022583
-1.055338e-008	0.0146484
-1.052838e-008	0.0213867
-1.050338e-008	0.025
-1.047838e-008	0.0196777
-1.045338e-008	0.0236328
-1.042838e-008	0.0308106
-1.040338e-008	0.0264649
-1.037838e-008	0.0223877
-1.035338e-008	0.0210205
-1.032838e-008	0.0179688
-1.030338e-008	0.026294
-1.027838e-008	0.0307861
-1.025338e-008	0.015918
-1.022838e-008	0.01875
-1.020338e-008	0.0365234
-1.017838e-008	0.0349365
-1.015338e-008	0.0161621
-1.012838e-008	0.00671387
-1.010338e-008	0.0208008
-1.007838e-008	0.0234863
-1.005338e-008	0.0188477
-1.002838e-008	0.029419
-1.000338e-008	0.0306885
-9.978381e-009	0.0307861
-9.953381e-009	0.0276123
-9.928381e-009	0.0116943
-9.903381e-009	0.011377
-9.878381e-009	0.0197266
-9.853381e-009	0.0250244
-9.828381e-009	0.0316162
-9.803381e-009	0.0226318
-9.778381e-009	0.0179199
-9.753381e-009	0.030835
-9.728381e-009	0.0230957
-9.703381e-009	0.0183594
-9.678381e-009	0.0319336
-9.653381e-009	0.0280029
-9.628381e-009	0.0241455
-9.603381e-009	0.0192871
-9.578381e-009	0.0166016
-9.553381e-009	0.0269287
-9.528381e-009	0.0217041
-9.503381e-009	0.0213135
-9.478381e-009	0.0307861
-9.453381e-009	0.0302246
-9.428381e-009	0.0281494
-9.403381e-009	0.020459
-9.378381e-009	0.0224121
-9.353381e-009	0.0347656
-9.328381e-009	0.0276367
-9.303381e-009	0.0175537
-9.278381e-009	0.0196289
-9.253381e-009	0.0192627
-9.228381e-009	0.0237793
-9.203381e-009	0.0244873
-9.178381e-009	0.0200928
-9.153381e-009	0.0224609
-9.128381e-009	0.0119385
-9.103381e-009	0.0102539
-9.078381e-009	0.0256104
-9.053381e-009	0.027124
-9.028381e-009	0.0289307
-9.003381e-009	0.028833
-8.978381e-009	0.0287598
-8.953381e-009	0.0327393
-8.928381e-009	0.0227051
-8.903381e-009	0.0234619
-8.878381e-009	0.024292
-8.853381e-009	0.0126953
-8.828381e-009	0.0220947
-8.803381e-009	0.0265625
-8.778381e-009	0.0256348
-8.753381e-009	0.0410645
-8.728381e-009	0.0322754
-8.703381e-009	0.00981446
-8.678381e-009	0.0124512
-8.653381e-009	0.0232178
-8.628381e-009	0.0310059
-8.603381e-009	0.0321777
-8.578381e-009	0.0170654
-8.553381e-009	0.0181152
-8.528381e-009	0.0328369
-8.503381e-009	0.0256592
-8.478381e-009	0.0243652
-8.453381e-009	0.0250977
-8.428381e-009	0.0168213
-8.403381e-009	0.020752
-8.378381e-009	0.0225342
-8.353381e-009	0.0202149
-8.328381e-009	0.0166992
-8.303381e-009	0.0269531
-8.278381e-009	0.040918
-8.253381e-009	0.0255615
-8.228381e-009	0.0141602
-8.203381e-009	0.0184815
-8.178381e-009	0.0298584
-8.153381e-009	0.0428955
-8.128381e-009	0.0350098
-8.103381e-009	0.0202149
-8.078381e-009	0.0160889
-8.053381e-009	0.0265625
-8.028381e-009	0.033374
-8.003381e-009	0.024585
-7.978381e-009	0.0280029
-7.953381e-009	0.0308594
-7.928381e-009	0.0157471
-7.903381e-009	0.0210449
-7.878381e-009	0.0374512
-7.853381e-009	0.0285889
-7.828381e-009	0.0187744
-7.803381e-009	0.0163818
-7.778381e-009	0.0213623
-7.753381e-009	0.0295654
-7.728381e-009	0.013501
-7.703381e-009	0.00830079
-7.678381e-009	0.0280762
-7.653381e-009	0.0300781
-7.628381e-009	0.0182861
-7.603381e-009	0.0160889
-7.578381e-009	0.026001
-7.553381e-009	0.0227051
-7.528381e-009	0.0043213
-7.503381e-009	0.00290528
-7.478381e-009	0.0125732
-7.453381e-009	0.0272461
-7.428381e-009	0.0415283
-7.403381e-009	0.0278076
-7.378381e-009	0.0106201
-7.353381e-009	0.0187012
-7.328381e-009	0.0242676
-7.303381e-009	0.0229492
-7.278381e-009	0.0192383
-7.253381e-009	0.0131592
-7.228381e-009	0.0266358
-7.203381e-009	0.0287598
-7.178381e-009	0.0126465
-7.153381e-009	0.0162109
-7.128381e-009	0.015918
-7.103381e-009	0.0204346
-7.078381e-009	0.0385254
-7.053381e-009	0.0310059
-7.028381e-009	0.0229981
-7.003381e-009	0.0269043
-6.978381e-009	0.0265137
-6.953381e-009	0.0281738
-6.928381e-009	0.0174805
-6.903381e-009	0.0140625
-6.878381e-009	0.0269043
-6.853381e-009	0.0198242
-6.828381e-009	0.010791
-6.803381e-009	0.0152344
-6.778381e-009	0.0202149
-6.753381e-009	0.0268799
-6.728381e-009	0.0225098
-6.703381e-009	0.0213379
-6.678381e-009	0.0324463
-6.653381e-009	0.0264649
-6.628381e-009	0.0162598
-6.603381e-009	0.0179688
-6.578381e-009	0.0193604
-6.553381e-009	0.0202637
-6.528381e-009	0.0305176
-6.503381e-009	0.0405762
-6.478381e-009	0.0322998
-6.453381e-009	0.0247559
-6.428381e-009	0.0271484
-6.403381e-009	0.0236572
-6.378381e-009	0.0244385
-6.353381e-009	0.0341065
-6.328381e-009	0.0255127
-6.303381e-009	0.0128662
-6.278381e-009	0.0240234
-6.253381e-009	0.0207031
-6.228381e-009	0.0131592
-6.203381e-009	0.0224121
-6.178381e-009	0.0170899
-6.153381e-009	0.0180664
-6.128381e-009	0.0208496
-6.103381e-009	0.019751
-6.078381e-009	0.0354981
-6.053381e-009	0.0321777
-6.028381e-009	0.0217285
-6.003381e-009	0.0221924
-5.978381e-009	0.016333
-5.953381e-009	0.0231934
-5.928381e-009	0.0185059
-5.903381e-009	0.0166016
-5.878381e-009	0.0450928
-5.853381e-009	0.0346436
-5.828381e-009	0.0133057
-5.803381e-009	0.0226318
-5.778381e-009	0.0162842
-5.753381e-009	0.0179932
-5.728381e-009	0.0242676
-5.703381e-009	0.0176025
-5.678381e-009	0.0303467
-5.653381e-009	0.0363525
-5.628381e-009	0.02229
-5.603381e-009	0.0164551
-5.578381e-009	0.0240967
-5.553381e-009	0.0287598
-5.528381e-009	0.0195801
-5.503381e-009	0.0161377
-5.478381e-009	0.0165772
-5.453381e-009	0.012915
-5.428381e-009	0.0195801
-5.403381e-009	0.0296143
-5.378381e-009	0.035669
-5.353381e-009	0.0374756
-5.328381e-009	0.0281494
-5.303381e-009	0.0248291
-5.278381e-009	0.0355469
-5.253381e-009	0.024292
-5.228381e-009	0.00864259
-5.203381e-009	0.0120117
-5.178381e-009	0.0069336
-5.153381e-009	0.00805665
-5.128381e-009	0.0105469
-5.103381e-009	0.0169678
-5.078381e-009	0.0351318
-5.053381e-009	0.0236328
-5.028381e-009	0.0125977
-5.003381e-009	0.0190918
-4.978381e-009	0.0185791
-4.953381e-009	0.0209473
-4.928381e-009	0.00920411
-4.903381e-009	0.00473634
-4.878381e-009	0.0245361
-4.853381e-009	0.0224854
-4.828381e-009	0.0233643
-4.803381e-009	0.032666
-4.778381e-009	0.0198486
-4.753381e-009	0.0161865
-4.728381e-009	0.0123047
-4.703381e-009	0.0149658
-4.678381e-009	0.028833
-4.653381e-009	0.0293701
-4.628381e-009	0.0376953
-4.603381e-009	0.0268799
-4.578381e-009	0.0158936
-4.553381e-009	0.0326172
-4.528381e-009	0.0271484
-4.503381e-009	0.0233154
-4.478381e-009	0.0278809
-4.453381e-009	0.0177246
-4.428381e-009	0.0144043
-4.403381e-009	0.00888673
-4.378381e-009	0.0126465
-4.353381e-009	0.0282471
-4.328381e-009	0.0184815
-4.303381e-009	0.0150391
-4.278381e-009	0.0276611
-4.253381e-009	0.0260986
-4.228381e-009	0.0322754
-4.203381e-009	0.0301758
-4.178381e-009	0.0188721
-4.153381e-009	0.0326172
-4.128381e-009	0.0304443
-4.103381e-009	0.011499
-4.078381e-009	0.0160156
-4.053381e-009	0.0318604
-4.028381e-009	0.039209
-4.003381e-009	0.02854
-3.978381e-009	0.0299805
-3.953381e-009	0.0431885
-3.928381e-009	0.0259766
-3.903381e-009	0.0109131
-3.878381e-009	0.018335
-3.853381e-009	0.0228272
-3.828381e-009	0.0240723
-3.803381e-009	0.0210693
-3.778381e-009	0.0220215
-3.753381e-009	0.0332031
-3.728381e-009	0.033667
-3.703381e-009	0.0176758
-3.678381e-009	0.0142578
-3.653381e-009	0.0229248
-3.628381e-009	0.0104248
-3.603381e-009	0.00178223
-3.578381e-009	0.0237549
-3.553381e-009	0.0351563
-3.528381e-009	0.0160156
-3.503381e-009	0.00681153
-3.478381e-009	0.0212158
-3.453381e-009	0.0163086
-3.428381e-009	0.0125732
-3.403381e-009	0.0336914
-3.378381e-009	0.0268066
-3.353381e-009	0.0132324
-3.328381e-009	0.0202881
-3.303381e-009	0.0220459
-3.278381e-009	0.0291748
-3.253381e-009	0.0348877
-3.228381e-009	0.0318604
-3.203381e-009	0.0221924
-3.178381e-009	0.0203613
-3.153381e-009	0.0388672
-3.128381e-009	0.0355469
-3.103381e-009	0.0225342
-3.078381e-009	0.024707
-3.053381e-009	0.0260254
-3.028381e-009	0.032666
-3.003381e-009	0.0320068
-2.978381e-009	0.0321533
-2.953381e-009	0.0325928
-2.928381e-009	0.0182861
-2.903381e-009	0.0205078
-2.878381e-009	0.0260498
-2.853381e-009	0.023999
-2.828381e-009	0.0274414
-2.803381e-009	0.0124268
-2.778381e-009	0.00976563
-2.753381e-009	0.0297363
-2.728381e-009	0.0217529
-2.703381e-009	0.0176025
-2.678381e-009	0.0291016
-2.653381e-009	0.0217041
-2.628381e-009	0.0197266
-2.603381e-009	0.0209473
-2.578381e-009	0.0169434
-2.553381e-009	0.0107178
-2.528381e-009	0.00371095
-2.503381e-009	0.0192627
-2.478381e-009	0.0296143
-2.453381e-009	0.01875
-2.428381e-009	0.0193115
-2.403381e-009	0.0260498
-2.378381e-009	0.0314209
-2.353381e-009	0.03396
-2.328381e-009	0.0238037
-2.303381e-009	0.0222656
-2.278381e-009	0.0250244
-2.253381e-009	0.012207
-2.228381e-009	0.0140869
-2.203381e-009	0.022583
-2.178381e-009	0.0166016
-2.153381e-009	0.0161377
-2.128381e-009	0.0145752
-2.103381e-009	0.0197998
-2.078381e-009	0.0338135
-2.053381e-009	0.0277344
-2.028381e-009	0.0168457
-2.003381e-009	0.015918
-1.978381e-009	0.0235352
-1.953381e-009	0.0333252
-1.928381e-009	0.024585
-1.903381e-009	0.0182861
-1.878381e-009	0.0220947
-1.853381e-009	0.0162842
-1.828381e-009	0.019458
-1.803381e-009	0.0277344
-1.778381e-009	0.0263428
-1.753381e-009	0.022583
-1.728381e-009	0.0164307
-1.703381e-009	0.019458
-1.678381e-009	0.0233399
-1.653381e-009	0.0169434
-1.628381e-009	0.0226563
-1.603381e-009	0.0313721
-1.578381e-009	0.0317139
-1.553381e-009	0.0285645
-1.528381e-009	0.0153076
-1.503381e-009	0.0186035
-1.478381e-009	0.0265137
-1.453381e-009	0.0123047
-1.428381e-009	0.0134033
-1.403381e-009	0.0227295
-1.378381e-009	0.0204102
-1.353381e-009	0.0189697
-1.328381e-009	0.0182373
-1.303381e-009	0.0235107
-1.278381e-009	0.0264893
-1.253381e-009	0.0229004
-1.228381e-009	0.0287598
-1.203381e-009	0.0325195
-1.178381e-009	0.0270508
-1.153381e-009	0.026416
-1.128381e-009	0.0181641
-1.103381e-009	0.0151856
-1.078381e-009	0.0283936
-1.053381e-009	0.0199951
-1.028381e-009	0.00954591
-1.003381e-009	0.0193604
-9.783809e-010	0.0207275
-9.533809e-010	0.0244629
-9.283809e-010	0.0326904
-9.033809e-010	0.0229492
-8.783809e-010	0.0179932
-8.533809e-010	0.0238037
-8.283809e-010	0.0212402
-8.033809e-010	0.0217041
-7.783809e-010	0.023169
-7.533809e-010	0.0178223
-7.283809e-010	0.015625
-7.033809e-010	0.0115479
-6.783809e-010	0.00332032
-6.533809e-010	0.00778809
-6.283809e-010	0.0210449
-6.033809e-010	0.0272949
-5.783809e-010	0.0322022
-5.533809e-010	0.0308106
-5.283809e-010	0.0248779
-5.033809e-010	0.0216797
-4.783809e-010	0.0230225
-4.533809e-010	0.0260742
-4.283809e-010	0.00847169
-4.033809e-010	0.00134278
-3.783809e-010	0.0138184
-3.533809e-010	0.014502
-3.283809e-010	0.0108643
-3.033809e-010	-0.00771484
-2.783809e-010	-0.011499
-2.533809e-010	-0.0027832
-2.283809e-010	-0.0284912
-2.033809e-010	-0.0446533
-1.783809e-010	-0.0561768
-1.533809e-010	-0.0807617
-1.283809e-010	-0.0889648
-1.033809e-010	-0.119971
-7.838093e-011	-0.166333
-5.338093e-011	-0.189966
-2.838093e-011	-0.21123
-3.380927e-012	-0.244116
2.161907e-011	-0.296973
4.661907e-011	-0.358252
7.161907e-011	-0.407812
9.661907e-011	-0.441846
1.216191e-010	-0.47666
1.466191e-010	-0.520776
1.716191e-010	-0.549634
1.966191e-010	-0.584961
2.216191e-010	-0.635205
2.466191e-010	-0.665356
2.716191e-010	-0.688647
2.966191e-010	-0.721826
3.216191e-010	-0.745972
3.466191e-010	-0.757153
3.716191e-010	-0.781763
3.966191e-010	-0.799927
4.216191e-010	-0.788574
4.466191e-010	-0.779932
4.716191e-010	-0.773828
4.966191e-010	-0.771924
5.216191e-010	-0.764575
5.466191e-010	-0.727734
5.716191e-010	-0.695898
5.966191e-010	-0.662183
6.216191e-010	-0.616992
6.466191e-010	-0.599976
6.716191e-010	-0.578247
6.966191e-010	-0.529199
7.216191e-010	-0.484937
7.466191e-010	-0.440674
7.716191e-010	-0.393799
7.966191e-010	-0.355859
8.216191e-010	-0.322461
8.466191e-010	-0.287451
8.716191e-010	-0.255151
8.966191e-010	-0.22417
9.216191e-010	-0.188525
9.466191e-010	-0.155273
9.716191e-010	-0.123511
9.966191e-010	-0.0999023
1.021619e-009	-0.0848389
1.046619e-009	-0.067041
1.071619e-009	-0.0587891
1.096619e-009	-0.0499756
1.121619e-009	-0.0282471
1.146619e-009	-0.0113769
1.171619e-009	-0.00288085
1.196619e-009	0.00954591
1.221619e-009	0.0224365
1.246619e-009	0.0299805
1.271619e-009	0.037793
1.296619e-009	0.0334473
1.321619e-009	0.0297852
1.346619e-009	0.0446777
1.371619e-009	0.0541016
1.396619e-009	0.0524902
1.421619e-009	0.0496094
1.446619e-009	0.0437988
1.471619e-009	0.0281494
1.496619e-009	0.0335449
1.521619e-009	0.0552246
1.546619e-009	0.0438721
1.571619e-009	0.036499
1.596619e-009	0.0381592
1.621619e-009	0.0365967
1.646619e-009	0.0351318
1.671619e-009	0.00671387
1.696619e-009	0.00888673
1.721619e-009	0.0232422
1.746619e-009	0.00307618
1.771619e-009	0.00830079
1.796619e-009	0.00239259
1.821619e-009	-0.022168
1.846619e-009	-0.0134277
1.871619e-009	-0.0155029
1.896619e-009	-0.024707
1.921619e-009	-0.00527343
1.946619e-009	0.00341798
1.971619e-009	-0.0116943
1.996619e-009	-0.016333
2.021619e-009	-0.0124756
2.046619e-009	-0.00957031
2.071619e-009	-0.011792
2.096619e-009	-0.0167236
2.121619e-009	0.00117188
2.146619e-009	0.0123047
2.171619e-009	0.00598145
2.196619e-009	0.00869141
2.221619e-009	0.00500489
2.246619e-009	0.0129639
2.271619e-009	0.0279541
2.296619e-009	0.0286865
2.321619e-009	0.0342774
2.346619e-009	0.0341797
2.371619e-009	0.0306397
2.396619e-009	0.0310303
2.421619e-009	0.0331787
2.446619e-009	0.0390381
2.471619e-009	0.0297608
2.496619e-009	0.023877
2.521619e-009	0.0351563
2.546619e-009	0.0323731
2.571619e-009	0.0282227
2.596619e-009	0.0339844
2.621619e-009	0.0328125
2.646619e-009	0.04021
2.671619e-009	0.0397461
2.696619e-009	0.0236328
2.721619e-009	0.0260254
2.746619e-009	0.029419
2.771619e-009	0.0257568
2.796619e-009	0.02771
2.821619e-009	0.0330566
2.846619e-009	0.041626
2.871619e-009	0.0398682
2.896619e-009	0.0212402
2.921619e-009	0.00202637
2.946619e-009	0.0113037
2.971619e-009	0.0232178
2.996619e-009	0.00622559
3.021619e-009	0.000781257
3.046619e-009	0.0119141
3.071619e-009	0.0138672
3.096619e-009	0.0108643
3.121619e-009	0.0169922
3.146619e-009	0.0306397
3.171619e-009	0.0267334
3.196619e-009	0.00954591
3.221619e-009	0.0192871
3.246619e-009	0.0358887
3.271619e-009	0.0110107
3.296619e-009	-0.00334472
3.321619e-009	0.0148193
3.346619e-009	0.0253906
3.371619e-009	0.0380615
3.396619e-009	0.0427979
3.421619e-009	0.0417481
3.446619e-009	0.0399414
3.471619e-009	0.0311524
3.496619e-009	0.0417236
3.521619e-009	0.0457764
3.546619e-009	0.0335693
3.571619e-009	0.0354004
3.596619e-009	0.0425049
3.621619e-009	0.0473389
3.646619e-009	0.0418213
3.671619e-009	0.0347656
3.696619e-009	0.0364502
3.721619e-009	0.0300049
3.746619e-009	0.0269775
3.771619e-009	0.0306885
3.796619e-009	0.028833
3.821619e-009	0.02771
3.846619e-009	0.0210449
3.871619e-009	0.00324708
3.896619e-009	-0.000781243
3.921619e-009	0.0163574
3.946619e-009	0.00344239
3.971619e-009	-0.0233887
3.996619e-009	-0.0125244
4.021619e-009	-0.00583495
4.046619e-009	-0.0103027
4.071619e-009	-0.0151123
4.096619e-009	-0.0258057
4.121619e-009	-0.00600585
4.146619e-009	0.013794
4.171619e-009	-0.00451659
4.196619e-009	-0.014917
4.221619e-009	0.00146485
4.246619e-009	0.00698243
4.271619e-009	-0.00756835
4.296619e-009	0.000292976
4.321619e-009	0.0260254
4.346619e-009	0.0166992
4.371619e-009	0.00473634
4.396619e-009	0.0261719
4.421619e-009	0.0384522
4.446619e-009	0.0335449
4.471619e-009	0.0250244
4.496619e-009	0.0260986
4.521619e-009	0.0408936
4.546619e-009	0.0395508
4.571619e-009	0.0377197
4.596619e-009	0.0500244
4.621619e-009	0.0594238
4.646619e-009	0.063501
4.671619e-009	0.0479736
4.696619e-009	0.033252
4.721619e-009	0.0417969
4.746619e-009	0.0439697
4.771619e-009	0.0422852
4.796619e-009	0.0474365
4.821619e-009	0.0425293
4.846619e-009	0.0375
4.871619e-009	0.0333008
4.896619e-009	0.0231201
4.921619e-009	0.0253662
4.946619e-009	0.0180908
4.971619e-009	-0.00288085
4.996619e-009	0.00354005
5.021619e-009	0.0160645
5.046619e-009	0.0121094
5.071619e-009	0.00446778
5.096619e-009	-0.00187988
5.121619e-009	-0.00373534
5.146619e-009	-0.0113525
5.171619e-009	-0.00891113
5.196619e-009	0.00109864
5.221619e-009	-0.0081787
5.246619e-009	-0.0102051
5.271619e-009	-0.0110107
5.296619e-009	-0.0207764
5.321619e-009	-0.0124023
5.346619e-009	-0.00788573
5.371619e-009	-0.0114258
5.396619e-009	-0.00566406
5.421619e-009	-0.00471191
5.446619e-009	-0.00212402
5.471619e-009	0.00483399
5.496619e-009	0.00952149
5.521619e-009	0.013916
5.546619e-009	0.0125732
5.571619e-009	0.0194092
5.596619e-009	0.0251221
5.621619e-009	0.00732423
5.646619e-009	0.00485841
5.671619e-009	0.0211426
5.696619e-009	0.0225098
5.721619e-009	0.0292969
5.746619e-009	0.0311524
5.771619e-009	0.0223633
5.796619e-009	0.0270752
5.821619e-009	0.0290283
5.846619e-009	0.0392334
5.871619e-009	0.0401367
5.896619e-009	0.0201904
5.921619e-009	0.0354004
5.946619e-009	0.0462891
5.971619e-009	0.026294
5.996619e-009	0.0273926
6.021619e-009	0.0313233
6.046619e-009	0.0236084
6.071619e-009	0.0203857
6.096619e-009	0.0188232
6.121619e-009	0.0251709
6.146619e-009	0.0334961
6.171619e-009	0.0340088
6.196619e-009	0.0332031
6.221619e-009	0.0369141
6.246619e-009	0.0429688
6.271619e-009	0.0374024
6.296619e-009	0.0302246
6.321619e-009	0.0260986
6.346619e-009	0.0133057
6.371619e-009	0.0176514
6.396619e-009	0.0268066
6.421619e-009	0.0241211
6.446619e-009	0.0227295
6.471619e-009	0.00642091
6.496619e-009	0.00375977
6.521619e-009	0.0129639
6.546619e-009	0.00173341
6.571619e-009	-0.00324706
6.596619e-009	-0.00771484
6.621619e-009	-0.00700683
6.646619e-009	0.00566407
6.671619e-009	-0.00385741
6.696619e-009	-0.0112793
6.721619e-009	0.00991212
6.746619e-009	0.0194336
6.771619e-009	0.00632325
6.796619e-009	0.00756837
6.821619e-009	0.0193115
6.846619e-009	0.0154785
6.871619e-009	0.00886231
6.896619e-009	0.016333
6.921619e-009	0.0241699
6.946619e-009	0.0154541
6.971619e-009	0.0019043
6.996619e-009	0.00966798
7.021619e-009	0.0333984
7.046619e-009	0.0357422
7.071619e-009	0.0178467
7.096619e-009	0.0120606
7.121619e-009	0.016333
7.146619e-009	0.023169
7.171619e-009	0.0291504
7.196619e-009	0.0271973
7.221619e-009	0.037207
7.246619e-009	0.0456299
7.271619e-009	0.0259277
7.296619e-009	0.0178223
7.321619e-009	0.0272705
7.346619e-009	0.0259766
7.371619e-009	0.0218506
7.396619e-009	0.0207275
7.421619e-009	0.024585
7.446619e-009	0.0195068
7.471619e-009	0.0113037
7.496619e-009	0.0184815
7.521619e-009	0.0182861
7.546619e-009	0.0126221
7.571619e-009	0.0172119
7.596619e-009	0.0179688
7.621619e-009	0.0208496
7.646619e-009	0.0300293
7.671619e-009	0.018457
7.696619e-009	0.0044922
7.721619e-009	0.0147217
7.746619e-009	0.0133301
7.771619e-009	0.000683601
7.796619e-009	0.00771485
7.821619e-009	0.0113037
7.846619e-009	0.0074463
7.871619e-009	0.0199707
7.896619e-009	0.026416
7.921619e-009	0.0204346
7.946619e-009	0.0176758
7.971619e-009	0.0133789
7.996619e-009	0.0205566
8.021619e-009	0.0344483
8.046619e-009	0.0319336
8.071619e-009	0.0198731
8.096619e-009	0.01521
8.121619e-009	0.0206299
8.146619e-009	0.0260498
8.171619e-009	0.0311279
8.196619e-009	0.0352051
8.221619e-009	0.0353272
8.246619e-009	0.0355957
8.271619e-009	0.0289307
8.296619e-009	0.0213379
8.321619e-009	0.0199707
8.346619e-009	0.0197266
8.371619e-009	0.0281983
8.396619e-009	0.0226318
8.421619e-009	0.00485841
8.446619e-009	0.00964356
8.471619e-009	0.0133545
8.496619e-009	0.0156738
8.521619e-009	0.0259277
8.546619e-009	0.0178467
8.571619e-009	0.00834962
8.596619e-009	0.00654298
8.621619e-009	0.00783692
8.646619e-009	0.00100098
8.671619e-009	-0.0164795
8.696619e-009	7.32496e-005
8.721619e-009	0.0177734
8.746619e-009	0.00661622
8.771619e-009	0.00864259
8.796619e-009	0.0131592
8.821619e-009	0.0161621
8.846619e-009	0.0175537
8.871619e-009	0.0109863
8.896619e-009	0.0142578
8.921619e-009	0.0166504
8.946619e-009	0.017334
8.971619e-009	0.0136475
8.996619e-009	0.0083252
9.021619e-009	0.0213135
9.046619e-009	0.0304443
9.071619e-009	0.0340576
9.096619e-009	0.043042
9.121619e-009	0.0395752
9.146619e-009	0.0291504
9.171619e-009	0.0262695
9.196619e-009	0.0249512
9.221619e-009	0.028418
9.246619e-009	0.0383545
9.271619e-009	0.0279053
9.296619e-009	0.0273682
9.321619e-009	0.0496826
9.346619e-009	0.0348877
9.371619e-009	0.0273438
9.396619e-009	0.0414795
9.421619e-009	0.0290527
9.446619e-009	0.0262207
9.471619e-009	0.018335
9.496619e-009	0.0146729
9.521619e-009	0.0379883
9.546619e-009	0.0291016
9.571619e-009	0.020166
9.596619e-009	0.0306885
9.621619e-009	0.0252441
9.646619e-009	0.0230713
9.671619e-009	0.0105225
9.696619e-009	-0.00549316
9.721619e-009	0.00698243
9.746619e-009	0.0203125
9.771619e-009	0.0102783
9.796619e-009	-0.00815429
9.821619e-009	-0.00744628
9.846619e-009	0.00310059
9.871619e-009	-0.000195305
9.896619e-009	-0.00158691
9.921619e-009	0.00698243
9.946619e-009	0.0067627
9.971619e-009	-0.000659172
9.996619e-009	-0.000244133
1.002162e-008	0.0108887
1.004662e-008	0.0103516
1.007162e-008	-0.0126953
1.009662e-008	-0.00642089
1.012162e-008	0.0284668
1.014662e-008	0.0297363
1.017162e-008	0.0116699
1.019662e-008	0.0103027
1.022162e-008	0.0236572
1.024662e-008	0.0303467
1.027162e-008	0.0203857
1.029662e-008	0.0141357
1.032162e-008	0.0226318
1.034662e-008	0.0373047
1.037162e-008	0.0368164
1.039662e-008	0.0261963
1.042162e-008	0.0369141
1.044662e-008	0.0475586
1.047162e-008	0.0326416
1.049662e-008	0.026001
1.052162e-008	0.0334229
1.054662e-008	0.035669
1.057162e-008	0.0387695
1.059662e-008	0.0336426
1.062162e-008	0.0332031
1.064662e-008	0.0459961
1.067162e-008	0.0333252
1.069662e-008	0.0261475
1.072162e-008	0.0391602
1.074662e-008	0.0213379
1.077162e-008	0.0185303
1.079662e-008	0.0358154
1.082162e-008	0.0266358
1.084662e-008	0.0303223
1.087162e-008	0.0292236
1.089662e-008	0.0158447
1.092162e-008	0.0244141
1.094662e-008	0.0198486
1.097162e-008	0.00959473
1.099662e-008	0.0115723
1.102162e-008	0.0128174
1.104662e-008	0.00927735
1.107162e-008	-0.00461425
1.109662e-008	0.0116455
1.112162e-008	0.0386963
1.114662e-008	0.0239014
1.117162e-008	-0.000512688
1.119662e-008	-0.018042
1.122162e-008	-0.00205077
1.124662e-008	0.0209961
1.127162e-008	-0.0119385
1.129662e-008	-0.0159668
1.132162e-008	0.0171631
1.134662e-008	0.0115479
1.137162e-008	0.00437012
1.139662e-008	0.0109375
1.142162e-008	0.0181152
1.144662e-008	0.0140137
1.147162e-008	-0.00163573
1.149662e-008	0.00766602
1.152162e-008	0.0185547
1.154662e-008	0.0150391
1.157162e-008	0.0111572
1.159662e-008	-0.00280761
1.162162e-008	0.0136719
1.164662e-008	0.0396729
1.167162e-008	0.0104736
1.169662e-008	-0.00935058
1.172162e-008	0.0011963
1.174662e-008	0.00393067
1.177162e-008	0.0187988
1.179662e-008	0.0157959
1.182162e-008	-0.00270995
1.184662e-008	0.00656739
1.187162e-008	-0.00148925
1.189662e-008	-0.0121826
1.192162e-008	0.0115967
1.194662e-008	0.014209
1.197162e-008	0.0130127
1.199662e-008	0.0188965
1.202162e-008	0.0135254
1.204662e-008	0.0212647
1.207162e-008	-0.00153808
1.209662e-008	-0.0124756
1.212162e-008	0.028125
1.214662e-008	0.0254639
1.217162e-008	0.0025879
1.219662e-008	0.00861817
1.222162e-008	0.0210449
1.224662e-008	0.0381592
1.227162e-008	0.0415283
1.229662e-008	0.0330811
1.232162e-008	0.0288574
1.234662e-008	0.0241211
1.237162e-008	0.0224609
1.239662e-008	0.0197022
1.242162e-008	0.021167
1.244662e-008	0.0330811
1.247162e-008	0.0418457
1.249662e-008	0.0440674
1.252162e-008	0.0431641
1.254662e-008	0.0466309
1.257162e-008	0.0498047
1.259662e-008	0.0409424
1.262162e-008	0.038916
1.264662e-008	0.0522217
1.267162e-008	0.0452149
1.269662e-008	0.0227783
1.272162e-008	0.0254883
1.274662e-008	0.0351807
1.277162e-008	0.03396
1.279662e-008	0.0282959
1.282162e-008	0.027832
1.284662e-008	0.0357422
1.287162e-008	0.0279297
1.289662e-008	0.0245361
1.292162e-008	0.0299316
1.294662e-008	0.0214356
1.297162e-008	0.0263428
1.299662e-008	0.028125
1.302162e-008	0.00915528
1.304662e-008	0.0137695
1.307162e-008	0.0292236
1.309662e-008	0.021875
1.312162e-008	0.0185303
1.314662e-008	0.0157959
1.317162e-008	0.0122559
1.319662e-008	0.0143066
1.322162e-008	0.0084961
1.324662e-008	0.0187012
1.327162e-008	0.0172852
1.329662e-008	0.00593262
1.332162e-008	0.0153809
1.334662e-008	0.0138672
1.337162e-008	0.017749
1.339662e-008	0.0241455
1.342162e-008	0.0416016
1.344662e-008	0.0518555
1.347162e-008	0.015918
1.349662e-008	0.0195313
1.352162e-008	0.0368408
1.354662e-008	0.0209229
1.357162e-008	0.036084
1.359662e-008	0.0470459
1.362162e-008	0.0321533
1.364662e-008	0.0271484
1.367162e-008	0.0316162
1.369662e-008	0.0378174
1.372162e-008	0.0384522
1.374662e-008	0.0334717
1.377162e-008	0.0316406
1.379662e-008	0.0345947
1.382162e-008	0.029541
1.384662e-008	0.0254395
1.387162e-008	0.0253174
1.389662e-008	0.0212647
1.392162e-008	0.0292236
1.394662e-008	0.0351074
1.397162e-008	0.0329102
1.399662e-008	0.0292725
1.402162e-008	0.0213379
1.404662e-008	0.030542
1.407162e-008	0.032251
1.409662e-008	0.016919
1.412162e-008	0.0200684
1.414662e-008	0.0165283
1.417162e-008	-0.00676269
1.419662e-008	-0.0116943
1.422162e-008	0.00871583
1.424662e-008	0.0214844
1.427162e-008	0.0113525
1.429662e-008	0.00285645
1.432162e-008	0.0114502
1.434662e-008	0.0187988
1.437162e-008	0.0114502
1.439662e-008	0.00344239
1.442162e-008	0.00268555
1.444662e-008	0.00217286
1.447162e-008	-0.00297851
1.449662e-008	-0.00168456
1.452162e-008	0.0118164
1.454662e-008	0.0114014
1.457162e-008	0.00168458
1.459662e-008	0.0104004
1.462162e-008	0.0273193
1.464662e-008	0.0267578
1.467162e-008	0.011792
1.469662e-008	0.0161621
1.472162e-008	0.0278076
1.474662e-008	0.0174805
1.477162e-008	0.0139649
1.479662e-008	0.0267822
1.482162e-008	0.0284668
1.484662e-008	0.0268066
1.487162e-008	0.0296875
1.489662e-008	0.0260498
1.492162e-008	0.031958
1.494662e-008	0.0437988
1.497162e-008	0.0340088
1.499662e-008	0.0236572
1.502162e-008	0.0311279
1.504662e-008	0.03479
1.507162e-008	0.0360108
1.509662e-008	0.0402832
1.512162e-008	0.0368897
1.514662e-008	0.0317139
1.517162e-008	0.0349121
1.519662e-008	0.0390869
1.522162e-008	0.030542
1.524662e-008	0.0207764
1.527162e-008	0.0224365
1.529662e-008	0.0270752
1.532162e-008	0.0260742
1.534662e-008	0.0165283
1.537162e-008	0.0144287
1.539662e-008	0.0110352
1.542162e-008	0.00830079
1.544662e-008	0.0263672
1.547162e-008	0.0174316
1.549662e-008	-0.00520019
1.552162e-008	0.00700684
1.554662e-008	0.0117432
1.557162e-008	0.00434571
1.559662e-008	0.0115234
1.562162e-008	0.0126709
1.564662e-008	0.00266114
1.567162e-008	0.0065918
1.569662e-008	0.0122803
1.572162e-008	0.0088379
1.574662e-008	0.019165
1.577162e-008	0.0236084
1.579662e-008	0.0182617
1.582162e-008	0.0258057
1.584662e-008	0.027417
1.587162e-008	0.0163086
1.589662e-008	0.0127686
1.592162e-008	0.0185303
1.594662e-008	0.0179688
1.597162e-008	0.0237549
1.599662e-008	0.0345459
1.602162e-008	0.0291992
1.604662e-008	0.023999
1.607162e-008	0.0163574
1.609662e-008	0.00957032
1.612162e-008	0.0279297
1.614662e-008	0.037207
1.617162e-008	0.0221191
1.619662e-008	0.0201416
1.622162e-008	0.0366699
1.624662e-008	0.0499756
1.627162e-008	0.0404785
1.629662e-008	0.0273438
1.632162e-008	0.0371582
1.634662e-008	0.0373779
1.637162e-008	0.0196533
1.639662e-008	0.0200928
1.642162e-008	0.0361572
1.644662e-008	0.0328369
1.647162e-008	0.0128662
1.649662e-008	0.0135742
1.652162e-008	0.0229004
1.654662e-008	0.0229492
1.657162e-008	0.0308838
1.659662e-008	0.0292481
1.662162e-008	0.0160645
1.664662e-008	0.0159424
1.667162e-008	0.00708009
1.669662e-008	0.00312501
1.672162e-008	0.0256104
1.674662e-008	0.0234863
1.677162e-008	0.0101074
1.679662e-008	0.018042
1.682162e-008	0.0185303
1.684662e-008	0.0173584
1.687162e-008	0.0200195
1.689662e-008	0.0216065
1.692162e-008	0.0192871
1.694662e-008	0.0158691
1.697162e-008	0.023291
1.699662e-008	0.0208252
1.702162e-008	0.0161133
1.704662e-008	0.0208496
1.707162e-008	0.0145996
1.709662e-008	0.0115967
1.712162e-008	0.0223389
1.714662e-008	0.0229736
1.717162e-008	0.00886231
1.719662e-008	0.00935059
1.722162e-008	0.0283691
1.724662e-008	0.0296143
1.727162e-008	0.0069336
1.729662e-008	0.00253907
1.732162e-008	0.0211182
1.734662e-008	0.0237549
1.737162e-008	0.0165772
1.739662e-008	0.0072754
1.742162e-008	0.00412598
1.744662e-008	0.021582
1.747162e-008	0.0241699
1.749662e-008	0.018457
1.752162e-008	0.0216797
1.754662e-008	0.0143066
1.757162e-008	0.0125977
1.759662e-008	0.0185303
1.762162e-008	0.0266358
1.764662e-008	0.0345459
1.767162e-008	0.0237061
1.769662e-008	0.0192383
1.772162e-008	0.0262451
1.774662e-008	0.0122803
1.777162e-008	0.00620118
1.779662e-008	0.0192871
1.782162e-008	0.0109131
1.784662e-008	0.00446778
1.787162e-008	0.0189697
1.789662e-008	0.0205811
1.792162e-008	0.0185303
1.794662e-008	0.0233643
1.797162e-008	0.0139404
1.799662e-008	0.00390626
1.802162e-008	0.0123047
1.804662e-008	0.0212158
1.807162e-008	0.0216309
1.809662e-008	0.018042
1.812162e-008	0.0212647
1.814662e-008	0.0265381
1.817162e-008	0.0159912
1.819662e-008	0.0185547
1.822162e-008	0.0352783
1.824662e-008	0.0300537
1.827162e-008	0.0164551
1.829662e-008	0.017749
1.832162e-008	0.0229981
1.834662e-008	0.0184326
1.837162e-008	0.0205811
1.839662e-008	0.0234619
1.842162e-008	0.0236084
1.844662e-008	0.0321777
1.847162e-008	0.0226074
1.849662e-008	0.019165
1.852162e-008	0.028833
1.854662e-008	0.0212647
1.857162e-008	0.0266846
1.859662e-008	0.0342529
1.862162e-008	0.0301025
1.864662e-008	0.024585
1.867162e-008	0.0152588
1.869662e-008	0.0193115
1.872162e-008	0.0143066
1.874662e-008	0.0100342
1.877162e-008	0.0304688
1.879662e-008	0.0303955
1.882162e-008	0.0189941
1.884662e-008	0.0116455
1.887162e-008	-0.00334472
1.889662e-008	0.00732423
1.892162e-008	0.0165039
1.894662e-008	0.000927742
1.897162e-008	0.00263673
1.899662e-008	0.00803223
1.902162e-008	0.00776368
1.904662e-008	0.000927742
1.907162e-008	-0.0168945
1.909662e-008	-0.00329589
1.912162e-008	0.017749
1.914662e-008	0.0065918
1.917162e-008	-0.00905761
1.919662e-008	-0.00864257
1.922162e-008	0.0119629
1.924662e-008	0.0179688
1.927162e-008	-0.00046386
1.929662e-008	0.00495606
1.932162e-008	0.0264893
1.934662e-008	0.0316162
1.937162e-008	0.0199707
1.939662e-008	0.00966798
1.942162e-008	0.0173584
1.944662e-008	0.0299561
1.947162e-008	0.0283447
1.949662e-008	0.0236816
1.952162e-008	0.0337647
1.954662e-008	0.0359375
1.957162e-008	0.0299805
1.959662e-008	0.0334717
1.962162e-008	0.0307617
1.964662e-008	0.0324219
1.967162e-008	0.0345703
1.969662e-008	0.0298828
1.972162e-008	0.0338623
1.974662e-008	0.0313233
1.977162e-008	0.0236816
1.979662e-008	0.0233154
1.982162e-008	0.032959
1.984662e-008	0.0336426
1.987162e-008	0.012207
1.989662e-008	0.019165
1.992162e-008	0.0383301
1.994662e-008	0.0212402
1.997162e-008	0.00996095
1.999662e-008	0.0083252
2.002162e-008	0.0102295
2.004662e-008	0.0282715
2.007162e-008	0.0213379
2.009662e-008	0.00270997
2.012162e-008	0.00754395
2.014662e-008	0.00639649
2.017162e-008	-0.00317382
2.019662e-008	0.00651856
2.022162e-008	0.0175293
2.024662e-008	0.0153809
2.027162e-008	0.0133545
2.029662e-008	0.00878907
2.032162e-008	0.016626
2.034662e-008	0.0214844
2.037162e-008	0.0149658
2.039662e-008	0.0224609
2.042162e-008	0.0120361
2.044662e-008	-0.00285644
2.047162e-008	0.00332032
2.049662e-008	0.0152832
2.052162e-008	0.0237793
2.054662e-008	0.013208
2.057162e-008	0.0166748
2.059662e-008	0.0204834
2.062162e-008	0.00751954
2.064662e-008	0.0218262
2.067162e-008	0.0331299
2.069662e-008	0.0293701
2.072162e-008	0.0268311
2.074662e-008	0.0176514
2.077162e-008	0.0237793
2.079662e-008	0.0339111
2.082162e-008	0.029419
2.084662e-008	0.0229492
2.087162e-008	0.0182373
2.089662e-008	0.0260986
2.092162e-008	0.0376221
2.094662e-008	0.0301025
2.097162e-008	0.0238281
2.099662e-008	0.0255371
2.102162e-008	0.0247559
2.104662e-008	0.0268799
2.107162e-008	0.0226074
2.109662e-008	0.0172363
2.112162e-008	0.020752
2.114662e-008	0.022168
2.117162e-008	0.0151611
2.119662e-008	0.0100342
2.122162e-008	0.0167481
2.124662e-008	0.0201416
2.127162e-008	0.0137207
2.129662e-008	0.0084961
2.132162e-008	0.0113525
2.134662e-008	0.0151611
2.137162e-008	0.0155762
2.139662e-008	0.0163086
2.142162e-008	0.00673829
2.144662e-008	0.0103516
2.147162e-008	0.020044
2.149662e-008	0.00725098
2.152162e-008	0.0161621
2.154662e-008	0.023877
2.157162e-008	0.00219727
2.159662e-008	-0.00102538
2.162162e-008	0.0100586
2.164662e-008	0.0194336
2.167162e-008	0.0188477
2.169662e-008	0.0136475
2.172162e-008	0.0233399
2.174662e-008	0.0271973
2.177162e-008	0.0223145
2.179662e-008	0.0179443
2.182162e-008	0.0137451
2.184662e-008	0.017334
2.187162e-008	0.0181641
2.189662e-008	0.019458
2.192162e-008	0.027124
2.194662e-008	0.0323731
2.197162e-008	0.0305176
2.199662e-008	0.0199951
2.202162e-008	0.0192139
2.204662e-008	0.0262695
2.207162e-008	0.0312012
2.209662e-008	0.0355713
2.212162e-008	0.0240234
2.214662e-008	0.0165527
2.217162e-008	0.023999
2.219662e-008	0.0297119
2.222162e-008	0.0378906
2.224662e-008	0.0276611
2.227162e-008	0.00751954
2.229662e-008	0.0104736
2.232162e-008	0.0176758
2.234662e-008	0.0185791
2.237162e-008	0.0117432
2.239662e-008	0.00471192
2.242162e-008	0.0144287
2.244662e-008	0.0237305
2.247162e-008	0.0262451
2.249662e-008	0.0239258
2.252162e-008	0.0134522
2.254662e-008	0.0119873
2.257162e-008	0.0208252
2.259662e-008	0.0246338
2.262162e-008	0.0291992
2.264662e-008	0.0236328
2.267162e-008	0.00180665
2.269662e-008	0.00378419
2.272162e-008	0.0149658
2.274662e-008	0.0192627
2.277162e-008	0.0335449
2.279662e-008	0.0263184
2.282162e-008	0.0204834
2.284662e-008	0.0368408
2.287162e-008	0.042627
2.289662e-008	0.0366699
2.292162e-008	0.0197754
2.294662e-008	0.0113281
2.297162e-008	0.0214111
2.299662e-008	0.032666
2.302162e-008	0.0371582
2.304662e-008	0.0307129
2.307162e-008	0.0251465
2.309662e-008	0.0218994
2.312162e-008	0.0137695
2.314662e-008	0.0108154
2.317162e-008	0.0156982
2.319662e-008	0.016626
2.322162e-008	0.0145508
2.324662e-008	0.0211182
2.327162e-008	0.0274658
2.329662e-008	0.0152832
2.332162e-008	0.00495606
2.334662e-008	0.0195068
2.337162e-008	0.0295166
2.339662e-008	0.0240479
2.342162e-008	0.0197998
2.344662e-008	0.0165772
2.347162e-008	0.0167236
2.349662e-008	0.0194336
2.352162e-008	0.0224609
2.354662e-008	0.0131836
2.357162e-008	-0.00310058
2.359662e-008	0.00795899
2.362162e-008	0.0256592
2.364662e-008	0.0220703
2.367162e-008	0.0155762
2.369662e-008	0.014624
2.372162e-008	0.0208008
2.374662e-008	0.0242432
2.377162e-008	0.0199463
2.379662e-008	0.015332
2.382162e-008	0.016626
2.384662e-008	0.0234131
2.387162e-008	0.0145996
2.389662e-008	0.0154541
2.392162e-008	0.0280518
2.394662e-008	0.0153809
2.397162e-008	0.0117188
2.399662e-008	0.0178955
2.402162e-008	0.0237061
2.404662e-008	0.0391113
2.407162e-008	0.0268555
2.409662e-008	0.0121826
2.412162e-008	0.021582
2.414662e-008	0.0200928
2.417162e-008	0.0173828
2.419662e-008	0.0189697
2.422162e-008	0.018042
2.424662e-008	0.0291992
2.427162e-008	0.0331543
2.429662e-008	0.0218262
2.432162e-008	0.0155762
2.434662e-008	0.0192383
2.437162e-008	0.0303467
2.439662e-008	0.0291992
2.442162e-008	0.0251465
2.444662e-008	0.0316162
2.447162e-008	0.0166992
2.449662e-008	0.0121094
2.452162e-008	0.0330566
2.454662e-008	0.0266602
2.457162e-008	0.0151367
2.459662e-008	0.0148682
2.462162e-008	0.00925294
2.464662e-008	0.014502
2.467162e-008	0.0257813
2.469662e-008	0.028418
2.472162e-008	0.018042
2.474662e-008	0.0148438
2.477162e-008	0.0282959
2.479662e-008	0.0173584
2.482162e-008	0.00930177
2.484662e-008	0.0322266
2.487162e-008	0.0171631
2.489662e-008	-0.00407714
2.492162e-008	0.0220215
2.494662e-008	0.0275147
2.497162e-008	0.0124512
2.499662e-008	0.0182373
2.502162e-008	0.0242188
2.504662e-008	0.0198731
2.507162e-008	0.015918
2.509662e-008	0.0167969
2.512162e-008	0.0166016
2.514662e-008	0.0178467
2.517162e-008	0.0226807
2.519662e-008	0.019751
2.522162e-008	0.0205322
2.524662e-008	0.0290039
2.527162e-008	0.0221191
2.529662e-008	0.0156982
2.532162e-008	0.0267578
2.534662e-008	0.0287842
2.537162e-008	0.0219238
2.539662e-008	0.0254883
2.542162e-008	0.0283447
2.544662e-008	0.0213867
2.547162e-008	0.020752
2.549662e-008	0.0284668
2.552162e-008	0.0227783
2.554662e-008	0.0144043
2.557162e-008	0.0276856
2.559662e-008	0.0299561
2.562162e-008	0.0187256
2.564662e-008	0.0289063
2.567162e-008	0.0288086
2.569662e-008	0.020752
2.572162e-008	0.0307373
2.574662e-008	0.0318359
2.577162e-008	0.029541
2.579662e-008	0.0263916
2.582162e-008	0.0236572
2.584662e-008	0.0303955
2.587162e-008	0.0206299
2.589662e-008	0.0141357
2.592162e-008	0.0220459
2.594662e-008	0.0164307
2.597162e-008	0.0152344
2.599662e-008	0.019043
2.602162e-008	0.0126709
2.604662e-008	0.0121826
2.607162e-008	0.0136475
2.609662e-008	0.0126709
2.612162e-008	0.0176514
2.614662e-008	0.0172363
2.617162e-008	0.0139649
2.619662e-008	0.0109863
2.622162e-008	0.00954591
2.624662e-008	0.0158936
2.627162e-008	0.00495606
2.629662e-008	0.00256348
2.632162e-008	0.0326416
2.634662e-008	0.0348145
2.637162e-008	0.0183838
2.639662e-008	0.0273438
2.642162e-008	0.030835
2.644662e-008	0.0196045
2.647162e-008	0.0190918
2.649662e-008	0.0235352
2.652162e-008	0.0276611
2.654662e-008	0.0339111
2.657162e-008	0.0254883
2.659662e-008	0.0112061
2.662162e-008	0.0178223
2.664662e-008	0.0277588
2.667162e-008	0.0248779
2.669662e-008	0.022583
2.672162e-008	0.0192627
2.674662e-008	0.0253662
2.677162e-008	0.0421387
2.679662e-008	0.0302246
2.682162e-008	0.0205566
2.684662e-008	0.0415283
2.687162e-008	0.0359375
2.689662e-008	0.0273682
2.692162e-008	0.0378418
2.694662e-008	0.0245361
2.697162e-008	0.0235107
2.699662e-008	0.0325928
2.702162e-008	0.0197266
2.704662e-008	0.0223633
2.707162e-008	0.0186035
2.709662e-008	0.00529786
2.712162e-008	0.0243408
2.714662e-008	0.0311279
2.717162e-008	0.0220703
2.719662e-008	0.0270752
2.722162e-008	0.0260498
2.724662e-008	0.0261719
2.727162e-008	0.0234863
2.729662e-008	0.0135986
2.732162e-008	0.0150635
2.734662e-008	0.020459
2.737162e-008	0.0174561
2.739662e-008	0.0144043
2.742162e-008	0.0284912
2.744662e-008	0.0345459
2.747162e-008	0.023169
2.749662e-008	0.0225342
2.752162e-008	0.0182129
2.754662e-008	0.0174561
2.757162e-008	0.0275391
2.759662e-008	0.021167
2.762162e-008	0.0253662
2.764662e-008	0.0416748
2.767162e-008	0.029419
2.769662e-008	0.0185303
2.772162e-008	0.026001
2.774662e-008	0.0208252
2.777162e-008	0.0247315
2.779662e-008	0.0378174
2.782162e-008	0.0274414
2.784662e-008	0.0178711
2.787162e-008	0.0206299
2.789662e-008	0.0239014
2.792162e-008	0.0296387
2.794662e-008	0.0327393
2.797162e-008	0.0265869
2.799662e-008	0.0142578
2.802162e-008	0.0255859
2.804662e-008	0.0355713
2.807162e-008	0.0129639
2.809662e-008	0.0197266
2.812162e-008	0.0319824
2.814662e-008	0.0102051
2.817162e-008	0.0158691
2.819662e-008	0.0278809
2.822162e-008	0.0265625
2.824662e-008	0.0362793
2.827162e-008	0.029834
2.829662e-008	0.0184326
2.832162e-008	0.0158447
2.834662e-008	0.0175049
2.837162e-008	0.0292236
2.839662e-008	0.0307373
2.842162e-008	0.0333496
2.844662e-008	0.0346924
2.847162e-008	0.0138916
2.849662e-008	0.0119141
2.852162e-008	0.0309815
2.854662e-008	0.0297608
2.857162e-008	0.017334
2.859662e-008	0.0131104
2.862162e-008	0.0231445
2.864662e-008	0.0302734
2.867162e-008	0.00920411
2.869662e-008	-0.00283202
2.872162e-008	0.0136231
2.874662e-008	0.0223633
2.877162e-008	0.0232178
2.879662e-008	0.0229981
2.882162e-008	0.0278565
2.884662e-008	0.0383301
2.887162e-008	0.0272217
2.889662e-008	0.0161865
2.892162e-008	0.0253174
2.894662e-008	0.0248047
2.897162e-008	0.0163574
2.899662e-008	0.0118652
2.902162e-008	0.0178223
2.904662e-008	0.027832
2.907162e-008	0.014209
2.909662e-008	0.00996095
2.912162e-008	0.0272461
2.914662e-008	0.0255127
2.917162e-008	0.0193604
2.919662e-008	0.0114746
2.922162e-008	0.00893555
2.924662e-008	0.0226807
2.927162e-008	0.0133789
2.929662e-008	0.0134277
2.932162e-008	0.0349609
2.934662e-008	0.0233154
2.937162e-008	0.0104736
2.939662e-008	0.0184326
2.942162e-008	0.0272461
2.944662e-008	0.0272217
2.947162e-008	0.00822755
2.949662e-008	0.00895997
2.952162e-008	0.0205078
2.954662e-008	0.00935059
2.957162e-008	0.0118408
2.959662e-008	0.0211914
2.962162e-008	0.0188721
2.964662e-008	0.0114746
2.967162e-008	0.00861817
2.969662e-008	0.0285156
2.972162e-008	0.0340088
2.974662e-008	0.0198486
2.977162e-008	0.0193115
2.979662e-008	0.0162354
2.982162e-008	0.0216553
2.984662e-008	0.0419678
2.987162e-008	0.0401856
2.989662e-008	0.0299316
2.992162e-008	0.0340576
2.994662e-008	0.0281738
2.997162e-008	0.0263916
2.999662e-008	0.03479
3.002162e-008	0.0279785
3.004662e-008	0.0366699
3.007162e-008	0.0438233
3.009662e-008	0.0287354
3.012162e-008	0.0282471
3.014662e-008	0.0224365
3.017162e-008	0.01875
3.019662e-008	0.0249024
3.022162e-008	0.0252197
3.024662e-008	0.0370361
3.027162e-008	0.0326904
3.029662e-008	0.0199463
3.032162e-008	0.0276367
3.034662e-008	0.0333496
3.037162e-008	0.03479
3.039662e-008	0.0299561
3.042162e-008	0.0264893
3.044662e-008	0.0319824
3.047162e-008	0.028125
3.049662e-008	0.0272705
3.052162e-008	0.0305664
3.054662e-008	0.0199463
3.057162e-008	0.0195068
3.059662e-008	0.025708
3.062162e-008	0.0232422
3.064662e-008	0.0288818
3.067162e-008	0.0219727
3.069662e-008	0.0147705
3.072162e-008	0.0272705
3.074662e-008	0.0169434
3.077162e-008	0.00429688
3.079662e-008	0.0150635
3.082162e-008	0.0180908
3.084662e-008	0.017041
3.087162e-008	0.0142822
3.089662e-008	0.0102295
3.092162e-008	0.0172607
3.094662e-008	0.016626
3.097162e-008	0.0113037
3.099662e-008	0.02146
3.102162e-008	0.0347412
3.104662e-008	0.0254395
3.107162e-008	0.00126954
3.109662e-008	0.00844727
3.112162e-008	0.0291748
3.114662e-008	0.0218018
3.117162e-008	0.0184815
3.119662e-008	0.0196533
3.122162e-008	0.0117188
3.124662e-008	0.0171875
3.127162e-008	0.0157471
3.129662e-008	0.0128418
3.132162e-008	0.0246582
3.134662e-008	0.0141602
3.137162e-008	0.0057129
3.139662e-008	0.0187744
3.142162e-008	0.0202149
3.144662e-008	0.0183838
3.147162e-008	0.0161133
3.149662e-008	0.0247559
3.152162e-008	0.0368897
3.154662e-008	0.0229492
3.157162e-008	0.0163818
3.159662e-008	0.0197998
3.162162e-008	0.0198975
3.164662e-008	0.0219482
3.167162e-008	0.0156738
3.169662e-008	0.0119873
3.172162e-008	0.0105225
3.174662e-008	0.0185059
3.177162e-008	0.0310059
3.179662e-008	0.0236816
3.182162e-008	0.0202637
3.184662e-008	0.0313965
3.187162e-008	0.0318848
3.189662e-008	0.020459
3.192162e-008	0.0241211
3.194662e-008	0.0304443
3.197162e-008	0.0174316
3.199662e-008	0.0135254
3.202162e-008	0.023877
3.204662e-008	0.0339356
3.207162e-008	0.0341797
3.209662e-008	0.0271484
3.212162e-008	0.0375488
3.214662e-008	0.035791
3.217162e-008	0.020044
3.219662e-008	0.0264893
3.222162e-008	0.0256592
3.224662e-008	0.0312744
3.227162e-008	0.0396484
3.229662e-008	0.0205322
3.232162e-008	0.016919
3.234662e-008	0.0166992
3.237162e-008	0.018042
3.239662e-008	0.0322998
3.242162e-008	0.0302979
3.244662e-008	0.0296143
3.247162e-008	0.0216797
3.249662e-008	0.0144531
3.252162e-008	0.0254883
3.254662e-008	0.029834
3.257162e-008	0.030835
3.259662e-008	0.0268311
3.262162e-008	0.0238037
3.264662e-008	0.0216553
3.267162e-008	0.0166748
3.269662e-008	0.0277344
3.272162e-008	0.0323242
3.274662e-008	0.023584
3.277162e-008	0.0270508
3.279662e-008	0.0337402
3.282162e-008	0.0338135
3.284662e-008	0.0348877
3.287162e-008	0.0323486
3.289662e-008	0.0240723
3.292162e-008	0.0253906
3.294662e-008	0.0343018
3.297162e-008	0.0300537
3.299662e-008	0.021875
3.302162e-008	0.0311768
3.304662e-008	0.0325195
3.307162e-008	0.0187256
3.309662e-008	0.0217041
3.312162e-008	0.02854
3.314662e-008	0.0269043
3.317162e-008	0.0324219
3.319662e-008	0.0338379
3.322162e-008	0.0318115
3.324662e-008	0.0376221
3.327162e-008	0.0306397
3.329662e-008	0.0234375
3.332162e-008	0.0323242
3.334662e-008	0.0303711
3.337162e-008	0.0274658
3.339662e-008	0.0220459
3.342162e-008	0.0115723
3.344662e-008	0.0203369
3.347162e-008	0.0219971
3.349662e-008	0.0267822
3.352162e-008	0.0348877
3.354662e-008	0.0174316
3.357162e-008	0.0160645
3.359662e-008	0.0187012
3.362162e-008	0.0210205
3.364662e-008	0.0345459
3.367162e-008	0.0147461
3.369662e-008	0.0117676
3.372162e-008	0.0333496
3.374662e-008	0.0218262
3.377162e-008	0.0217285
3.379662e-008	0.0385498
3.382162e-008	0.0393311
3.384662e-008	0.0405274
3.387162e-008	0.0299072
3.389662e-008	0.0111084
3.392162e-008	0.0216065
3.394662e-008	0.037085
3.397162e-008	0.0306641
3.399662e-008	0.0200195
3.402162e-008	0.0206787
3.404662e-008	0.0287109
3.407162e-008	0.0225342
3.409662e-008	0.0181152
3.412162e-008	0.0214844
3.414662e-008	0.0177979
3.417162e-008	0.0241455
3.419662e-008	0.0236328
3.422162e-008	0.0178955
3.424662e-008	0.0278076
3.427162e-008	0.029834
3.429662e-008	0.0333984
3.432162e-008	0.0340332
3.434662e-008	0.0199951
3.437162e-008	0.0284424
3.439662e-008	0.0335449
3.442162e-008	0.0253906
3.444662e-008	0.0378662
3.447162e-008	0.0333984
3.449662e-008	0.0204102
3.452162e-008	0.0281006
3.454662e-008	0.0289795
3.457162e-008	0.0275879
3.459662e-008	0.0286621
3.462162e-008	0.0295899
3.464662e-008	0.026001
3.467162e-008	0.0110352
3.469662e-008	0.0153076
3.472162e-008	0.0272461
3.474662e-008	0.0209229
3.477162e-008	0.0192139
3.479662e-008	0.0201416
3.482162e-008	0.0270752
3.484662e-008	0.035083
3.487162e-008	0.0175537
3.489662e-008	0.0132568
3.492162e-008	0.0281006
3.494662e-008	0.0316162
3.497162e-008	0.0362061
3.499662e-008	0.0175781
3.502162e-008	0.00700684
3.504662e-008	0.0337891
3.507162e-008	0.0265869
3.509662e-008	0.0150147
3.512162e-008	0.0270264
3.514662e-008	0.0226563
3.517162e-008	0.0269043
3.519662e-008	0.0332764
3.522162e-008	0.0303223
3.524662e-008	0.0270996
3.527162e-008	0.0178223
3.529662e-008	0.0254639
3.532162e-008	0.0369873
3.534662e-008	0.0260742
3.537162e-008	0.0212891
3.539662e-008	0.0371094
3.542162e-008	0.0355957
3.544662e-008	0.0127441
3.547162e-008	0.00759278
3.549662e-008	0.0167236
3.552162e-008	0.0267334
3.554662e-008	0.0285889
3.557162e-008	0.022583
3.559662e-008	0.0310059
3.562162e-008	0.0422119
3.564662e-008	0.0314453
3.567162e-008	0.00954591
3.569662e-008	0.0155762
3.572162e-008	0.0320313
3.574662e-008	0.0187012
3.577162e-008	0.0161865
3.579662e-008	0.0259766
3.582162e-008	0.0244385
3.584662e-008	0.0236816
3.587162e-008	0.0104492
3.589662e-008	0.014502
3.592162e-008	0.030542
3.594662e-008	0.0156982
3.597162e-008	0.010376
3.599662e-008	0.0168213
3.602162e-008	0.0186524
3.604662e-008	0.028125
3.607162e-008	0.0250244
3.609662e-008	0.0200684
3.612162e-008	0.0174316
3.614662e-008	0.015332
3.617162e-008	0.0305908
3.619662e-008	0.0238281
3.622162e-008	0.0120117
3.624662e-008	0.0264649
3.627162e-008	0.0226807
3.629662e-008	0.0202637
3.632162e-008	0.0291748
3.634662e-008	0.030127
3.637162e-008	0.0290283
3.639662e-008	0.0172363
3.642162e-008	0.0235352
3.644662e-008	0.0274414
3.647162e-008	0.00720216
3.649662e-008	0.0133789
3.652162e-008	0.0270264
3.654662e-008	0.0255371
3.657162e-008	0.0237305
3.659662e-008	0.0222168
3.662162e-008	0.0219727
3.664662e-008	0.0176025
3.667162e-008	0.0220459
3.669662e-008	0.0268066
3.672162e-008	0.0207275
3.674662e-008	0.0221191
3.677162e-008	0.0182861
3.679662e-008	0.0140137
3.682162e-008	0.02771
3.684662e-008	0.0273926
3.687162e-008	0.00471192
3.689662e-008	0.00688477
3.692162e-008	0.0247803
3.694662e-008	0.0158936
3.697162e-008	0.0114502
3.699662e-008	0.0204102
3.702162e-008	0.0124512
3.704662e-008	0.0143555
3.707162e-008	0.0320313
3.709662e-008	0.0294922
3.712162e-008	0.0237305
3.714662e-008	0.0333984
3.717162e-008	0.0322022
3.719662e-008	0.0140625
3.722162e-008	0.00568848
3.724662e-008	0.0224365
3.727162e-008	0.0239258
3.729662e-008	0.0107666
3.732162e-008	0.0275635
3.734662e-008	0.0343994
3.737162e-008	0.0293945
3.739662e-008	0.0311035
3.742162e-008	0.0178467
3.744662e-008	0.0230957
3.747162e-008	0.0227295
3.749662e-008	0.00419923
3.752162e-008	0.0167236
3.754662e-008	0.0231445
3.757162e-008	0.0220703
3.759662e-008	0.0337402
3.762162e-008	0.0242432
3.764662e-008	0.0221924
3.767162e-008	0.0323731
3.769662e-008	0.0219482
3.772162e-008	0.01521
3.774662e-008	0.021167
3.777162e-008	0.0204102
3.779662e-008	0.0156494
3.782162e-008	0.0291504
3.784662e-008	0.0319092
3.787162e-008	0.0105713
3.789662e-008	0.0274658
3.792162e-008	0.0367188
3.794662e-008	0.00612794
3.797162e-008	0.0151611
3.799662e-008	0.0291504
3.802162e-008	0.0227295
3.804662e-008	0.0324463
3.807162e-008	0.0240234
3.809662e-008	0.0126953
3.812162e-008	0.0290283
3.814662e-008	0.0349365
3.817162e-008	0.0233399
3.819662e-008	0.0223389
3.822162e-008	0.0305664
3.824662e-008	0.0282227
3.827162e-008	0.0164307
3.829662e-008	0.0128418
3.832162e-008	0.022168
3.834662e-008	0.0282715
3.837162e-008	0.0220459
3.839662e-008	0.0165772
3.842162e-008	0.0241211
3.844662e-008	0.0254639
3.847162e-008	0.0133789
3.849662e-008	0.0149658
3.852162e-008	0.0135986
3.854662e-008	0.0110352
3.857162e-008	0.0324707
3.859662e-008	0.0299805
3.862162e-008	0.00412598
3.864662e-008	0.00485841
3.867162e-008	0.0122803
3.869662e-008	0.0160645
3.872162e-008	0.0206299
3.874662e-008	0.0142822
3.877162e-008	0.0209473
3.879662e-008	0.0303955
3.882162e-008	0.0275635
3.884662e-008	0.0339844
3.887162e-008	0.0267578
3.889662e-008	0.0201904
3.892162e-008	0.0262451
3.894662e-008	0.0101807
3.897162e-008	0.00654298
3.899662e-008	0.0206787
3.902162e-008	0.0249024
3.904662e-008	0.0298096
3.907162e-008	0.0304199
3.909662e-008	0.037207
3.912162e-008	0.0364014
3.914662e-008	0.0206299
3.917162e-008	0.0314941
3.919662e-008	0.0347412
3.922162e-008	0.0218994
3.924662e-008	0.0293457
3.927162e-008	0.0250733
3.929662e-008	0.0173584
3.932162e-008	0.0240723
3.934662e-008	0.0333496
3.937162e-008	0.0332764
3.939662e-008	0.0156006
3.942162e-008	0.0248047
3.944662e-008	0.0360352
3.947162e-008	0.0154053
3.949662e-008	0.012207
3.952162e-008	0.0119141
3.954662e-008	0.014917
3.957162e-008	0.0281006
3.959662e-008	0.0188965
3.962162e-008	0.0221924
3.964662e-008	0.0299072
3.967162e-008	0.0200928
3.969662e-008	0.0261475
3.972162e-008	0.0265137
3.974662e-008	0.0154541
3.977162e-008	0.0174561
3.979662e-008	0.0181885
3.982162e-008	0.00871583
3.984662e-008	0.00798341
3.987162e-008	0.0203613
3.989662e-008	0.028418
3.992162e-008	0.0323486
3.994662e-008	0.0231201
3.997162e-008	0.0164551
3.999662e-008	0.0276123
4.002162e-008	0.0284424
4.004662e-008	0.026294
4.007162e-008	0.0220703
4.009662e-008	0.025
4.012162e-008	0.0345459
4.014662e-008	0.01875
4.017162e-008	0.0175293
4.019662e-008	0.0283691
4.022162e-008	0.0174316
4.024662e-008	0.0151367
4.027162e-008	0.0162842
4.029662e-008	0.0158203
4.032162e-008	0.0214356
4.034662e-008	0.0220947
4.037162e-008	0.026416
4.039662e-008	0.0243897
4.042162e-008	0.0187012
4.044662e-008	0.0311279
4.047162e-008	0.0345459
4.049662e-008	0.0183594
4.052162e-008	0.0105957
4.054662e-008	0.0116699
4.057162e-008	0.0152344
4.059662e-008	0.0185791
4.062162e-008	0.0154053
4.064662e-008	0.0129639
4.067162e-008	0.00793458
4.069662e-008	0.00825196
4.072162e-008	0.0277832
4.074662e-008	0.0300781
4.077162e-008	0.0135254
4.079662e-008	0.0186768
4.082162e-008	0.03396
4.084662e-008	0.0316895
4.087162e-008	0.0128906
4.089662e-008	0.0134522
4.092162e-008	0.0280029
4.094662e-008	0.0205322
4.097162e-008	0.0178223
4.099662e-008	0.0140625
4.102162e-008	0.000292976
4.104662e-008	0.00654298
4.107162e-008	0.0144531
4.109662e-008	0.021875
4.112162e-008	0.0308594
4.114662e-008	0.0223145
4.117162e-008	0.0128418
4.119662e-008	0.0170654
4.122162e-008	0.0288818
4.124662e-008	0.028125
4.127162e-008	0.0145508
4.129662e-008	0.01604
4.132162e-008	0.0230957
4.134662e-008	0.0146484
4.137162e-008	0.0139649
4.139662e-008	0.0302002
4.142162e-008	0.0382813
4.144662e-008	0.0302734
4.147162e-008	0.0184815
4.149662e-008	0.0187744
4.152162e-008	0.0229736
4.154662e-008	0.0169678
4.157162e-008	0.0205078
4.159662e-008	0.0294678
4.162162e-008	0.0255371
4.164662e-008	0.0291748
4.167162e-008	0.0302979
4.169662e-008	0.0158447
4.172162e-008	0.0183594
4.174662e-008	0.0241943
4.177162e-008	0.019751
4.179662e-008	0.0251465
4.182162e-008	0.027832
4.184662e-008	0.0220459
4.187162e-008	0.0134033
4.189662e-008	0.0185791
4.192162e-008	0.0371338
4.194662e-008	0.0322266
4.197162e-008	0.018457
4.199662e-008	0.0125
4.202162e-008	0.0074463
4.204662e-008	0.0228516
4.207162e-008	0.0338867
4.209662e-008	0.0170654
4.212162e-008	0.012915
4.214662e-008	0.0197022
4.217162e-008	0.0152832
4.219662e-008	0.00891114
4.222162e-008	0.00754395
4.224662e-008	0.0238037
4.227162e-008	0.0226074
4.229662e-008	0.00419923
4.232162e-008	0.0160645
4.234662e-008	0.0202637
4.237162e-008	0.0225342
4.239662e-008	0.0380615
4.242162e-008	0.0294678
4.244662e-008	0.0100342
4.247162e-008	-0.00593261
4.249662e-008	0.0155518
4.252162e-008	0.0431641
4.254662e-008	0.0250244
4.257162e-008	0.0272461
4.259662e-008	0.0315674
4.262162e-008	0.0172852
4.264662e-008	0.03125
4.267162e-008	0.0306641
4.269662e-008	0.020874
4.272162e-008	0.0266602
4.274662e-008	0.0213623
4.277162e-008	0.019165
4.279662e-008	0.0214111
4.282162e-008	0.0230469
4.284662e-008	0.0306152
4.287162e-008	0.0352051
4.289662e-008	0.0296387
4.292162e-008	0.019458
4.294662e-008	0.0186035
4.297162e-008	0.02854
4.299662e-008	0.0328613
4.302162e-008	0.0197754
4.304662e-008	0.0126709
4.307162e-008	0.0164795
4.309662e-008	0.0147217
4.312162e-008	0.017041
4.314662e-008	0.0179932
4.317162e-008	0.0189697
4.319662e-008	0.0230469
4.322162e-008	0.0233399
4.324662e-008	0.0207764
4.327162e-008	0.0123047
4.329662e-008	0.0128662
4.332162e-008	0.0174316
4.334662e-008	0.0240234
4.337162e-008	0.0341309
4.339662e-008	0.0238525
4.342162e-008	0.0229248
4.344662e-008	0.0342774
4.347162e-008	0.0228027
4.349662e-008	0.0168213
4.352162e-008	0.0256348
4.354662e-008	0.0306152
4.357162e-008	0.0276123
4.359662e-008	0.0167481
4.362162e-008	0.0226074
4.364662e-008	0.0291016
4.367162e-008	0.0157959
4.369662e-008	0.0188477
4.372162e-008	0.0203369
4.374662e-008	0.00893555
4.377162e-008	0.0186035
4.379662e-008	0.0236572
4.382162e-008	0.0228516
4.384662e-008	0.036377
4.387162e-008	0.032959
4.389662e-008	0.0193359
4.392162e-008	0.0164307
4.394662e-008	0.0149902
4.397162e-008	0.0265869
4.399662e-008	0.0335449
4.402162e-008	0.0246094
4.404662e-008	0.0321777
4.407162e-008	0.0314209
4.409662e-008	0.0157227
4.412162e-008	0.0158691
4.414662e-008	0.0203857
4.417162e-008	0.0245117
4.419662e-008	0.019043
4.422162e-008	0.017627
4.424662e-008	0.0276123
4.427162e-008	0.0183106
4.429662e-008	0.0148926
4.432162e-008	0.0208496
4.434662e-008	0.0133301
4.437162e-008	0.0104004
4.439662e-008	0.0149414
4.442162e-008	0.0344483
4.444662e-008	0.0400635
4.447162e-008	0.00688477
4.449662e-008	0.00390626
4.452162e-008	0.0286133
4.454662e-008	0.0256104
4.457162e-008	0.0184082
4.459662e-008	0.020752
4.462162e-008	0.0287842
4.464662e-008	0.0308106
4.467162e-008	0.0136719
4.469662e-008	0.012915
4.472162e-008	0.0224121
4.474662e-008	0.0138184
4.477162e-008	0.0196533
4.479662e-008	0.0220215
4.482162e-008	0.00930177
4.484662e-008	0.0228272
4.487162e-008	0.0251709
4.489662e-008	0.0202149
4.492162e-008	0.0306641
4.494662e-008	0.019043
4.497162e-008	0.0226563
4.499662e-008	0.0307373
4.502162e-008	0.0184326
4.504662e-008	0.0324463
4.507162e-008	0.0343994
4.509662e-008	0.0206299
4.512162e-008	0.0300293
4.514662e-008	0.0293457
4.517162e-008	0.0194092
4.519662e-008	0.0195068
4.522162e-008	0.026709
4.524662e-008	0.0349609
4.527162e-008	0.0325928
4.529662e-008	0.0275391
4.532162e-008	0.024292
4.534662e-008	0.0231201
4.537162e-008	0.0288818
4.539662e-008	0.030127
4.542162e-008	0.0310303
4.544662e-008	0.0287109
4.547162e-008	0.00339356
4.549662e-008	0.0027588
4.552162e-008	0.0284424
4.554662e-008	0.013501
4.557162e-008	0.00546876
4.559662e-008	0.0196045
4.562162e-008	0.0160156
4.564662e-008	0.0221191
4.567162e-008	0.0178955
4.569662e-008	0.0118897
4.572162e-008	0.0204346
4.574662e-008	0.014502
4.577162e-008	0.0171875
4.579662e-008	0.0173584
4.582162e-008	0.014917
4.584662e-008	0.0217529
4.587162e-008	0.0146484
4.589662e-008	0.017334
4.592162e-008	0.0262207
4.594662e-008	0.016919
4.597162e-008	0.00820313
4.599662e-008	0.0144043
4.602162e-008	0.0281006
4.604662e-008	0.0302002
4.607162e-008	0.0186035
4.609662e-008	0.017627
4.612162e-008	0.0244873
4.614662e-008	0.0165283
4.617162e-008	0.0126221
4.619662e-008	0.0180176
4.622162e-008	0.0209717
4.624662e-008	0.0237549
4.627162e-008	0.0162109
4.629662e-008	0.0193359
4.632162e-008	0.0329834
4.634662e-008	0.0308594
4.637162e-008	0.0249268
4.639662e-008	0.0136475
4.642162e-008	0.0152588
4.644662e-008	0.0351563
4.647162e-008	0.033252
4.649662e-008	0.0287109
4.652162e-008	0.0292481
4.654662e-008	0.0168457
4.657162e-008	0.0157959
4.659662e-008	0.0157959
4.662162e-008	0.0100098
4.664662e-008	0.0148682
4.667162e-008	0.02146
4.669662e-008	0.0241455
4.672162e-008	0.0110107
4.674662e-008	0.00737305
4.677162e-008	0.0278809
4.679662e-008	0.0240967
4.682162e-008	0.0124268
4.684662e-008	0.0178223
4.687162e-008	0.0202149
4.689662e-008	0.0264404
4.692162e-008	0.0275879
4.694662e-008	0.0187256
4.697162e-008	0.0167725
4.699662e-008	0.0177979
4.702162e-008	0.018457
4.704662e-008	0.0191895
4.707162e-008	0.0178711
4.709662e-008	0.0172607
4.712162e-008	0.025293
4.714662e-008	0.026709
4.717162e-008	0.0174316
4.719662e-008	0.0236328
4.722162e-008	0.0289063
4.724662e-008	0.0296387
4.727162e-008	0.0317139
4.729662e-008	0.0183594
4.732162e-008	0.0171387
4.734662e-008	0.0273926
4.737162e-008	0.026294
4.739662e-008	0.0228516
4.742162e-008	0.0210693
4.744662e-008	0.0204834
4.747162e-008	0.0183838
4.749662e-008	0.0268311
4.752162e-008	0.034375
4.754662e-008	0.0264404
4.757162e-008	0.025293
4.759662e-008	0.0229004
4.762162e-008	0.0198731
4.764662e-008	0.0230225
4.767162e-008	0.015625
4.769662e-008	0.0159424
4.772162e-008	0.0257813
4.774662e-008	0.0229492
4.777162e-008	0.0210449
4.779662e-008	0.0224121
4.782162e-008	0.0218506
4.784662e-008	0.0236572
4.787162e-008	0.0131348
4.789662e-008	0.00983887
4.792162e-008	0.0259277
4.794662e-008	0.0258301
4.797162e-008	0.0168457
4.799662e-008	0.0171387
4.802162e-008	0.0243164
4.804662e-008	0.0297852
4.807162e-008	0.0213135
4.809662e-008	0.0179199
4.812162e-008	0.0177002
4.814662e-008	0.0112305
4.817162e-008	0.0195557
4.819662e-008	0.0236572
4.822162e-008	0.0251709
4.824662e-008	0.0333008
4.827162e-008	0.0147217
4.829662e-008	0.0165039
4.832162e-008	0.0380859
4.834662e-008	0.021167
4.837162e-008	0.0139404
4.839662e-008	0.0187256
4.842162e-008	0.0212158
4.844662e-008	0.0294922
4.847162e-008	0.0199951
4.849662e-008	0.0246582
4.852162e-008	0.0341309
4.854662e-008	0.0233399
4.857162e-008	0.0176025
4.859662e-008	0.0177979
4.862162e-008	0.0323975
4.864662e-008	0.039624
4.867162e-008	0.0180664
4.869662e-008	0.0184815
4.872162e-008	0.0312744
4.874662e-008	0.0246094
4.877162e-008	0.0328369
4.879662e-008	0.0354981
4.882162e-008	0.0218262
4.884662e-008	0.0239746
4.887162e-008	0.0249756
4.889662e-008	0.0280274
4.892162e-008	0.031958
4.894662e-008	0.021875
4.897162e-008	0.0179443
4.899662e-008	0.0193604
4.902162e-008	0.0245606
4.904662e-008	0.0279785
4.907162e-008	0.015625
4.909662e-008	0.0147461
4.912162e-008	0.0184326
4.914662e-008	0.011377
4.917162e-008	0.020874
4.919662e-008	0.0174561
4.922162e-008	0.00737305
4.924662e-008	0.025708
4.927162e-008	0.0249024
4.929662e-008	0.0175537
4.932162e-008	0.0242432
4.934662e-008	0.0209717
4.937162e-008	0.0293457
4.939662e-008	0.0306885
4.942162e-008	0.0217774
4.944662e-008	0.026294
4.947162e-008	0.012207
4.949662e-008	0.0153565
4.952162e-008	0.0470703
4.954662e-008	0.0375
4.957162e-008	0.021875
4.959662e-008	0.0270508
4.962162e-008	0.0239014
4.964662e-008	0.026709
4.967162e-008	0.0217041
4.969662e-008	0.0104004
4.972162e-008	0.0159424
4.974662e-008	0.0205322
4.977162e-008	0.0243652
4.979662e-008	0.0268799
4.982162e-008	0.0246582
4.984662e-008	0.0337647
4.987162e-008	0.0324463
4.989662e-008	0.0178955
4.992162e-008	0.0165527
4.994662e-008	0.0154053
4.997162e-008	0.0192383
4.999662e-008	0.0239502
5.002162e-008	0.0116943
