# LECROYWM813Zi	51496	Waveform
# Segments	1	SegmentSize	4002
# Segment	TrigTime	TimeSinceSegment1
# #1	30-Nov-2018 17:18:47	0                 
# Time	Ampl
-5.001542e-008	0.0289307
-4.999042e-008	0.0128662
-4.996542e-008	0.0146729
-4.994042e-008	0.0271973
-4.991542e-008	0.0166748
-4.989042e-008	0.0136475
-4.986542e-008	0.0124268
-4.984042e-008	0.0179443
-4.981542e-008	0.0328369
-4.979042e-008	0.0282715
-4.976542e-008	0.0258789
-4.974042e-008	0.0323975
-4.971542e-008	0.0251709
-4.969042e-008	0.0203857
-4.966542e-008	0.0237305
-4.964042e-008	0.0185791
-4.961542e-008	0.0165527
-4.959042e-008	0.0149414
-4.956542e-008	0.013794
-4.954042e-008	0.022168
-4.951542e-008	0.0187744
-4.949042e-008	0.0192627
-4.946542e-008	0.0296387
-4.944042e-008	0.0243897
-4.941542e-008	0.0162842
-4.939042e-008	0.0195068
-4.936542e-008	0.0238281
-4.934042e-008	0.0190674
-4.931542e-008	0.017041
-4.929042e-008	0.018457
-4.926542e-008	0.0182373
-4.924042e-008	0.0167236
-4.921542e-008	0.00180665
-4.919042e-008	0.00322266
-4.916542e-008	0.0230225
-4.914042e-008	0.0223877
-4.911542e-008	0.0195313
-4.909042e-008	0.0136719
-4.906542e-008	0.00478516
-4.904042e-008	0.0213623
-4.901542e-008	0.0300049
-4.899042e-008	0.0208008
-4.896542e-008	0.0272949
-4.894042e-008	0.0262695
-4.891542e-008	0.0128662
-4.889042e-008	0.0233399
-4.886542e-008	0.0332031
-4.884042e-008	0.0192383
-4.881542e-008	0.00837403
-4.879042e-008	0.0145752
-4.876542e-008	0.0263184
-4.874042e-008	0.0256836
-4.871542e-008	0.0209717
-4.869042e-008	0.0217041
-4.866542e-008	0.0314941
-4.864042e-008	0.0411133
-4.861542e-008	0.0281494
-4.859042e-008	0.0165772
-4.856542e-008	0.0155518
-4.854042e-008	0.0184326
-4.851542e-008	0.023291
-4.849042e-008	0.0166992
-4.846542e-008	0.0227783
-4.844042e-008	0.0282959
-4.841542e-008	0.0188232
-4.839042e-008	0.0288086
-4.836542e-008	0.030835
-4.834042e-008	0.0193604
-4.831542e-008	0.0302734
-4.829042e-008	0.027124
-4.826542e-008	0.00915528
-4.824042e-008	0.0182129
-4.821542e-008	0.0227051
-4.819042e-008	0.0175537
-4.816542e-008	0.0265869
-4.814042e-008	0.0249756
-4.811542e-008	0.0150879
-4.809042e-008	0.019165
-4.806542e-008	0.0321533
-4.804042e-008	0.0318115
-4.801542e-008	0.010669
-4.799042e-008	0.0119873
-4.796542e-008	0.0393311
-4.794042e-008	0.0334229
-4.791542e-008	0.0189453
-4.789042e-008	0.0292481
-4.786542e-008	0.0277344
-4.784042e-008	0.0248779
-4.781542e-008	0.0145508
-4.779042e-008	0.00507813
-4.776542e-008	0.0260742
-4.774042e-008	0.0296143
-4.771542e-008	0.0273438
-4.769042e-008	0.0304688
-4.766542e-008	0.0236084
-4.764042e-008	0.0271484
-4.761542e-008	0.0177002
-4.759042e-008	0.0182617
-4.756542e-008	0.0295166
-4.754042e-008	0.0199951
-4.751542e-008	0.019751
-4.749042e-008	0.0205566
-4.746542e-008	0.0272949
-4.744042e-008	0.0360108
-4.741542e-008	0.0171143
-4.739042e-008	0.0147705
-4.736542e-008	0.0315918
-4.734042e-008	0.0221191
-4.731542e-008	0.0111328
-4.729042e-008	0.0129883
-4.726542e-008	0.010791
-4.724042e-008	0.0156006
-4.721542e-008	0.0161621
-4.719042e-008	0.0141602
-4.716542e-008	0.0214356
-4.714042e-008	0.0229492
-4.711542e-008	0.0264893
-4.709042e-008	0.0260986
-4.706542e-008	0.0258545
-4.704042e-008	0.0280029
-4.701542e-008	0.0124512
-4.699042e-008	0.00661622
-4.696542e-008	0.0197998
-4.694042e-008	0.0243164
-4.691542e-008	0.0180908
-4.689042e-008	0.0154541
-4.686542e-008	0.0265625
-4.684042e-008	0.0297363
-4.681542e-008	0.013501
-4.679042e-008	0.0158203
-4.676542e-008	0.021875
-4.674042e-008	0.00959473
-4.671542e-008	0.0227295
-4.669042e-008	0.0358399
-4.666542e-008	0.0253906
-4.664042e-008	0.0275635
-4.661542e-008	0.0273438
-4.659042e-008	0.0146484
-4.656542e-008	0.013916
-4.654042e-008	0.0254639
-4.651542e-008	0.0262695
-4.649042e-008	0.0274658
-4.646542e-008	0.0385986
-4.644042e-008	0.026416
-4.641542e-008	0.00998536
-4.639042e-008	0.0156982
-4.636542e-008	0.016919
-4.634042e-008	0.0181885
-4.631542e-008	0.030127
-4.629042e-008	0.0280029
-4.626542e-008	0.023877
-4.624042e-008	0.0284668
-4.621542e-008	0.0177979
-4.619042e-008	0.017041
-4.616542e-008	0.0256104
-4.614042e-008	0.0126709
-4.611542e-008	0.0148682
-4.609042e-008	0.0309326
-4.606542e-008	0.030542
-4.604042e-008	0.0312744
-4.601542e-008	0.0314697
-4.599042e-008	0.020874
-4.596542e-008	0.0124268
-4.594042e-008	0.00913087
-4.591542e-008	0.0165283
-4.589042e-008	0.0397705
-4.586542e-008	0.0451904
-4.584042e-008	0.0317627
-4.581542e-008	0.0230957
-4.579042e-008	0.0118164
-4.576542e-008	0.0131104
-4.574042e-008	0.0189209
-4.571542e-008	0.0226563
-4.569042e-008	0.0284668
-4.566542e-008	0.0120117
-4.564042e-008	0.0111572
-4.561542e-008	0.0276856
-4.559042e-008	0.0165283
-4.556542e-008	0.0173096
-4.554042e-008	0.0372803
-4.551542e-008	0.030957
-4.549042e-008	0.0174561
-4.546542e-008	0.0275879
-4.544042e-008	0.0450928
-4.541542e-008	0.0380127
-4.539042e-008	0.0149902
-4.536542e-008	0.0193359
-4.534042e-008	0.0276611
-4.531542e-008	0.0234619
-4.529042e-008	0.02229
-4.526542e-008	0.0128662
-4.524042e-008	0.0306641
-4.521542e-008	0.04104
-4.519042e-008	0.0136231
-4.516542e-008	0.0181152
-4.514042e-008	0.024585
-4.511542e-008	0.0126953
-4.509042e-008	0.0193604
-4.506542e-008	0.0342285
-4.504042e-008	0.0387695
-4.501542e-008	0.020459
-4.499042e-008	0.00959473
-4.496542e-008	0.0188721
-4.494042e-008	0.0246582
-4.491542e-008	0.0298096
-4.489042e-008	0.0273926
-4.486542e-008	0.0300293
-4.484042e-008	0.0407471
-4.481542e-008	0.0304932
-4.479042e-008	0.0209473
-4.476542e-008	0.0253174
-4.474042e-008	0.023291
-4.471542e-008	0.0244385
-4.469042e-008	0.0286133
-4.466542e-008	0.0247315
-4.464042e-008	0.0263184
-4.461542e-008	0.0254883
-4.459042e-008	0.0172607
-4.456542e-008	0.0234131
-4.454042e-008	0.0266846
-4.451542e-008	0.0227295
-4.449042e-008	0.0327637
-4.446542e-008	0.0358643
-4.444042e-008	0.0300537
-4.441542e-008	0.0268555
-4.439042e-008	0.0206543
-4.436542e-008	0.025708
-4.434042e-008	0.0321777
-4.431542e-008	0.0248535
-4.429042e-008	0.0206055
-4.426542e-008	0.0301514
-4.424042e-008	0.0441895
-4.421542e-008	0.0293701
-4.419042e-008	0.0126953
-4.416542e-008	0.0316406
-4.414042e-008	0.0298828
-4.411542e-008	0.0168213
-4.409042e-008	0.0243652
-4.406542e-008	0.0208252
-4.404042e-008	0.0319092
-4.401542e-008	0.0478027
-4.399042e-008	0.0332031
-4.396542e-008	0.0269775
-4.394042e-008	0.0239746
-4.391542e-008	0.012207
-4.389042e-008	0.0171875
-4.386542e-008	0.028833
-4.384042e-008	0.0300049
-4.381542e-008	0.0207031
-4.379042e-008	0.0151367
-4.376542e-008	0.0150879
-4.374042e-008	0.0256592
-4.371542e-008	0.0362061
-4.369042e-008	0.0179688
-4.366542e-008	0.0186279
-4.364042e-008	0.0379883
-4.361542e-008	0.0224365
-4.359042e-008	0.0123535
-4.356542e-008	0.0205078
-4.354042e-008	0.0201416
-4.351542e-008	0.023169
-4.349042e-008	0.0236572
-4.346542e-008	0.0245117
-4.344042e-008	0.0283691
-4.341542e-008	0.0147949
-4.339042e-008	0.008667
-4.336542e-008	0.0206787
-4.334042e-008	0.0214111
-4.331542e-008	0.0242676
-4.329042e-008	0.0319336
-4.326542e-008	0.0287354
-4.324042e-008	0.0225098
-4.321542e-008	0.0108399
-4.319042e-008	0.0144531
-4.316542e-008	0.028418
-4.314042e-008	0.019043
-4.311542e-008	0.0213623
-4.309042e-008	0.0262695
-4.306542e-008	0.0148926
-4.304042e-008	0.0210938
-4.301542e-008	0.0198731
-4.299042e-008	0.0165527
-4.296542e-008	0.0209229
-4.294042e-008	0.01604
-4.291542e-008	0.0178223
-4.289042e-008	0.014917
-4.286542e-008	0.0157959
-4.284042e-008	0.0174805
-4.281542e-008	0.0123291
-4.279042e-008	0.0199219
-4.276542e-008	0.0193604
-4.274042e-008	0.0165283
-4.271542e-008	0.0225586
-4.269042e-008	0.0267578
-4.266542e-008	0.0292236
-4.264042e-008	0.0250488
-4.261542e-008	0.02146
-4.259042e-008	0.0162109
-4.256542e-008	0.014502
-4.254042e-008	0.0223145
-4.251542e-008	0.0246826
-4.249042e-008	0.0183106
-4.246542e-008	0.00725098
-4.244042e-008	0.0161377
-4.241542e-008	0.0329834
-4.239042e-008	0.0232178
-4.236542e-008	0.019165
-4.234042e-008	0.0277344
-4.231542e-008	0.0302246
-4.229042e-008	0.0270752
-4.226542e-008	0.0153076
-4.224042e-008	0.0109375
-4.221542e-008	0.0123291
-4.219042e-008	0.01604
-4.216542e-008	0.0207031
-4.214042e-008	0.0144043
-4.211542e-008	0.0109619
-4.209042e-008	0.0119629
-4.206542e-008	0.0248291
-4.204042e-008	0.0377686
-4.201542e-008	0.0216065
-4.199042e-008	0.014624
-4.196542e-008	0.0249756
-4.194042e-008	0.0154053
-4.191542e-008	0.0108399
-4.189042e-008	0.0249268
-4.186542e-008	0.0276123
-4.184042e-008	0.0289795
-4.181542e-008	0.0302734
-4.179042e-008	0.0213623
-4.176542e-008	0.0251953
-4.174042e-008	0.0263672
-4.171542e-008	0.0166504
-4.169042e-008	0.0167481
-4.166542e-008	0.0202393
-4.164042e-008	0.0223633
-4.161542e-008	0.0191162
-4.159042e-008	0.0171631
-4.156542e-008	0.0220947
-4.154042e-008	0.0200928
-4.151542e-008	0.0154541
-4.149042e-008	0.0105713
-4.146542e-008	0.00251466
-4.144042e-008	0.00874024
-4.141542e-008	0.0244629
-4.139042e-008	0.026709
-4.136542e-008	0.0246826
-4.134042e-008	0.0208984
-4.131542e-008	0.0139404
-4.129042e-008	0.02229
-4.126542e-008	0.023999
-4.124042e-008	0.0097168
-4.121542e-008	0.0102783
-4.119042e-008	0.0171631
-4.116542e-008	0.0218506
-4.114042e-008	0.0224365
-4.111542e-008	0.0147461
-4.109042e-008	0.0165283
-4.106542e-008	0.0203125
-4.104042e-008	0.0183594
-4.101542e-008	0.0185059
-4.099042e-008	0.0206543
-4.096542e-008	0.0203125
-4.094042e-008	0.013916
-4.091542e-008	0.0158691
-4.089042e-008	0.0224365
-4.086542e-008	0.0307373
-4.084042e-008	0.0380127
-4.081542e-008	0.0182373
-4.079042e-008	0.00476075
-4.076542e-008	0.015918
-4.074042e-008	0.0140625
-4.071542e-008	0.02146
-4.069042e-008	0.0361572
-4.066542e-008	0.0243652
-4.064042e-008	0.0154785
-4.061542e-008	0.020752
-4.059042e-008	0.025
-4.056542e-008	0.0206787
-4.054042e-008	0.0156738
-4.051542e-008	0.0266846
-4.049042e-008	0.021582
-4.046542e-008	0.00754395
-4.044042e-008	0.0136719
-4.041542e-008	0.00817872
-4.039042e-008	0.00544434
-4.036542e-008	0.0187988
-4.034042e-008	0.0245361
-4.031542e-008	0.0249512
-4.029042e-008	0.0123047
-4.026542e-008	0.0136231
-4.024042e-008	0.0311768
-4.021542e-008	0.0210449
-4.019042e-008	0.020044
-4.016542e-008	0.0354004
-4.014042e-008	0.0208252
-4.011542e-008	0.0126953
-4.009042e-008	0.0310547
-4.006542e-008	0.0318604
-4.004042e-008	0.017627
-4.001542e-008	0.0105957
-3.999042e-008	0.0154785
-3.996542e-008	0.0260254
-3.994042e-008	0.024292
-3.991542e-008	0.0250977
-3.989042e-008	0.0277344
-3.986542e-008	0.0257813
-3.984042e-008	0.0295166
-3.981542e-008	0.0140869
-3.979042e-008	0.00786134
-3.976542e-008	0.0223389
-3.974042e-008	0.0174316
-3.971542e-008	0.0229004
-3.969042e-008	0.0265381
-3.966542e-008	0.0191406
-3.964042e-008	0.0273926
-3.961542e-008	0.0181152
-3.959042e-008	0.0186524
-3.956542e-008	0.0323975
-3.954042e-008	0.0157959
-3.951542e-008	0.00878907
-3.949042e-008	0.0162109
-3.946542e-008	0.0275635
-3.944042e-008	0.0367676
-3.941542e-008	0.0189941
-3.939042e-008	0.0155518
-3.936542e-008	0.0264893
-3.934042e-008	0.0230225
-3.931542e-008	0.0275391
-3.929042e-008	0.0210938
-3.926542e-008	0.013501
-3.924042e-008	0.0221924
-3.921542e-008	0.0113525
-3.919042e-008	0.0120117
-3.916542e-008	0.0227539
-3.914042e-008	0.0114502
-3.911542e-008	0.0150391
-3.909042e-008	0.0243897
-3.906542e-008	0.0272461
-3.904042e-008	0.0237061
-3.901542e-008	0.00983887
-3.899042e-008	0.0170654
-3.896542e-008	0.0297852
-3.894042e-008	0.0222656
-3.891542e-008	0.0101318
-3.889042e-008	0.013208
-3.886542e-008	0.0225586
-3.884042e-008	0.0229004
-3.881542e-008	0.023877
-3.879042e-008	0.02229
-3.876542e-008	0.027417
-3.874042e-008	0.036377
-3.871542e-008	0.0260254
-3.869042e-008	0.0133057
-3.866542e-008	0.0156006
-3.864042e-008	0.0183106
-3.861542e-008	0.0109375
-3.859042e-008	0.0166016
-3.856542e-008	0.029126
-3.854042e-008	0.0203857
-3.851542e-008	0.0114502
-3.849042e-008	0.0158691
-3.846542e-008	0.0300293
-3.844042e-008	0.035791
-3.841542e-008	0.0211914
-3.839042e-008	0.023291
-3.836542e-008	0.0332275
-3.834042e-008	0.0276611
-3.831542e-008	0.0238037
-3.829042e-008	0.0170166
-3.826542e-008	0.0218994
-3.824042e-008	0.0292725
-3.821542e-008	0.0134277
-3.819042e-008	0.0171143
-3.816542e-008	0.029126
-3.814042e-008	0.0177002
-3.811542e-008	0.0149658
-3.809042e-008	0.0211426
-3.806542e-008	0.0296875
-3.804042e-008	0.0320313
-3.801542e-008	0.0132568
-3.799042e-008	0.0102783
-3.796542e-008	0.0252197
-3.794042e-008	0.0233887
-3.791542e-008	0.0242188
-3.789042e-008	0.033252
-3.786542e-008	0.0280274
-3.784042e-008	0.0170166
-3.781542e-008	0.0157227
-3.779042e-008	0.0251221
-3.776542e-008	0.0293457
-3.774042e-008	0.0188477
-3.771542e-008	0.0110596
-3.769042e-008	0.0174316
-3.766542e-008	0.0259766
-3.764042e-008	0.0273193
-3.761542e-008	0.0256104
-3.759042e-008	0.027832
-3.756542e-008	0.0387207
-3.754042e-008	0.037085
-3.751542e-008	0.0216309
-3.749042e-008	0.0218018
-3.746542e-008	0.0283203
-3.744042e-008	0.0340088
-3.741542e-008	0.0304443
-3.739042e-008	0.0143311
-3.736542e-008	0.0197266
-3.734042e-008	0.0272217
-3.731542e-008	0.020459
-3.729042e-008	0.0240234
-3.726542e-008	0.0252441
-3.724042e-008	0.0276123
-3.721542e-008	0.0298828
-3.719042e-008	0.0186524
-3.716542e-008	0.0226318
-3.714042e-008	0.0250244
-3.711542e-008	0.0155029
-3.709042e-008	0.0197998
-3.706542e-008	0.0177002
-3.704042e-008	0.0216553
-3.701542e-008	0.0244141
-3.699042e-008	0.0124512
-3.696542e-008	0.0273926
-3.694042e-008	0.0335205
-3.691542e-008	0.0191406
-3.689042e-008	0.0115967
-3.686542e-008	-0.00241698
-3.684042e-008	0.00715333
-3.681542e-008	0.0172852
-3.679042e-008	0.00742188
-3.676542e-008	0.0196777
-3.674042e-008	0.021875
-3.671542e-008	0.01875
-3.669042e-008	0.0294678
-3.666542e-008	0.0270752
-3.664042e-008	0.0417481
-3.661542e-008	0.0461426
-3.659042e-008	0.0233643
-3.656542e-008	0.024707
-3.654042e-008	0.0237549
-3.651542e-008	0.0184815
-3.649042e-008	0.0186524
-3.646542e-008	0.0137695
-3.644042e-008	0.0237061
-3.641542e-008	0.0195801
-3.639042e-008	0.00827637
-3.636542e-008	0.0157715
-3.634042e-008	0.020166
-3.631542e-008	0.0293945
-3.629042e-008	0.0310303
-3.626542e-008	0.0250244
-3.624042e-008	0.0309082
-3.621542e-008	0.0279297
-3.619042e-008	0.026294
-3.616542e-008	0.0255127
-3.614042e-008	0.0152588
-3.611542e-008	0.0183838
-3.609042e-008	0.0209961
-3.606542e-008	0.0233643
-3.604042e-008	0.0321289
-3.601542e-008	0.0215088
-3.599042e-008	0.0149658
-3.596542e-008	0.0223145
-3.594042e-008	0.0222412
-3.591542e-008	0.0223877
-3.589042e-008	0.0180908
-3.586542e-008	0.0194092
-3.584042e-008	0.0244629
-3.581542e-008	0.0101563
-3.579042e-008	0.0136231
-3.576542e-008	0.0328369
-3.574042e-008	0.0262451
-3.571542e-008	0.0203125
-3.569042e-008	0.0192139
-3.566542e-008	0.0189697
-3.564042e-008	0.0279297
-3.561542e-008	0.0180664
-3.559042e-008	0.0180664
-3.556542e-008	0.0333496
-3.554042e-008	0.0223877
-3.551542e-008	0.0226807
-3.549042e-008	0.0359863
-3.546542e-008	0.0314453
-3.544042e-008	0.0315674
-3.541542e-008	0.0203857
-3.539042e-008	0.00437012
-3.536542e-008	0.0235596
-3.534042e-008	0.0355713
-3.531542e-008	0.0245361
-3.529042e-008	0.0259277
-3.526542e-008	0.0269531
-3.524042e-008	0.0178711
-3.521542e-008	0.0125488
-3.519042e-008	0.0208008
-3.516542e-008	0.0278565
-3.514042e-008	0.0180664
-3.511542e-008	0.0143066
-3.509042e-008	0.0204346
-3.506542e-008	0.0265381
-3.504042e-008	0.0256836
-3.501542e-008	0.0123779
-3.499042e-008	0.0152344
-3.496542e-008	0.0247803
-3.494042e-008	0.0150635
-3.491542e-008	0.0126953
-3.489042e-008	0.0142822
-3.486542e-008	0.0109863
-3.484042e-008	0.0174805
-3.481542e-008	0.0192139
-3.479042e-008	0.0205811
-3.476542e-008	0.027832
-3.474042e-008	0.0245361
-3.471542e-008	0.0256836
-3.469042e-008	0.0297608
-3.466542e-008	0.0230713
-3.464042e-008	0.0210205
-3.461542e-008	0.0236816
-3.459042e-008	0.0223877
-3.456542e-008	0.0123779
-3.454042e-008	0.0157227
-3.451542e-008	0.0353027
-3.449042e-008	0.0262695
-3.446542e-008	0.0230713
-3.444042e-008	0.0315186
-3.441542e-008	0.012207
-3.439042e-008	0.0224121
-3.436542e-008	0.0358399
-3.434042e-008	0.00834962
-3.431542e-008	0.0110107
-3.429042e-008	0.0234619
-3.426542e-008	0.0145752
-3.424042e-008	0.0272461
-3.421542e-008	0.0330566
-3.419042e-008	0.0256592
-3.416542e-008	0.0292481
-3.414042e-008	0.0207275
-3.411542e-008	0.0153076
-3.409042e-008	0.0187012
-3.406542e-008	0.0172363
-3.404042e-008	0.0139649
-3.401542e-008	0.00759278
-3.399042e-008	0.0157959
-3.396542e-008	0.0159424
-3.394042e-008	0.012793
-3.391542e-008	0.0314697
-3.389042e-008	0.0277588
-3.386542e-008	0.0246582
-3.384042e-008	0.0293213
-3.381542e-008	0.0108154
-3.379042e-008	0.0160645
-3.376542e-008	0.0274902
-3.374042e-008	0.0143066
-3.371542e-008	0.0110596
-3.369042e-008	0.0149414
-3.366542e-008	0.0237061
-3.364042e-008	0.0373535
-3.361542e-008	0.0317139
-3.359042e-008	0.0213379
-3.356542e-008	0.0181641
-3.354042e-008	0.0136231
-3.351542e-008	0.0171387
-3.349042e-008	0.0123047
-3.346542e-008	0.00871583
-3.344042e-008	0.0185791
-3.341542e-008	0.0132568
-3.339042e-008	0.0131348
-3.336542e-008	0.0214356
-3.334042e-008	0.0231201
-3.331542e-008	0.0177246
-3.329042e-008	0.0108399
-3.326542e-008	0.0300049
-3.324042e-008	0.0344727
-3.321542e-008	0.0166992
-3.319042e-008	0.0224365
-3.316542e-008	0.0234619
-3.314042e-008	0.0172363
-3.311542e-008	0.0219971
-3.309042e-008	0.01875
-3.306542e-008	0.0228027
-3.304042e-008	0.0336182
-3.301542e-008	0.0209717
-3.299042e-008	0.0118897
-3.296542e-008	0.0167236
-3.294042e-008	0.0245117
-3.291542e-008	0.0314941
-3.289042e-008	0.0119141
-3.286542e-008	0.0105713
-3.284042e-008	0.0291016
-3.281542e-008	0.0167969
-3.279042e-008	0.0167481
-3.276542e-008	0.025
-3.274042e-008	0.0237061
-3.271542e-008	0.0288086
-3.269042e-008	0.0194336
-3.266542e-008	0.0228272
-3.264042e-008	0.0360108
-3.261542e-008	0.0148193
-3.259042e-008	0.00532227
-3.256542e-008	0.0249024
-3.254042e-008	0.0248535
-3.251542e-008	0.019043
-3.249042e-008	0.023584
-3.246542e-008	0.025293
-3.244042e-008	0.0273926
-3.241542e-008	0.0226074
-3.239042e-008	0.0181152
-3.236542e-008	0.0249756
-3.234042e-008	0.0275635
-3.231542e-008	0.0225098
-3.229042e-008	0.0201904
-3.226542e-008	0.0254883
-3.224042e-008	0.0277588
-3.221542e-008	0.0193359
-3.219042e-008	0.0158203
-3.216542e-008	0.0202637
-3.214042e-008	0.0210449
-3.211542e-008	0.0254883
-3.209042e-008	0.0251221
-3.206542e-008	0.0158203
-3.204042e-008	0.0193115
-3.201542e-008	0.0241211
-3.199042e-008	0.021875
-3.196542e-008	0.023169
-3.194042e-008	0.0226563
-3.191542e-008	0.0177979
-3.189042e-008	0.0151611
-3.186542e-008	0.025415
-3.184042e-008	0.0313965
-3.181542e-008	0.0164307
-3.179042e-008	0.00146485
-3.176542e-008	0.00170899
-3.174042e-008	0.0223877
-3.171542e-008	0.04104
-3.169042e-008	0.0226807
-3.166542e-008	0.0125244
-3.164042e-008	0.0346191
-3.161542e-008	0.0247803
-3.159042e-008	0.0151123
-3.156542e-008	0.0307861
-3.154042e-008	0.0172852
-3.151542e-008	0.0220459
-3.149042e-008	0.0363281
-3.146542e-008	0.0229248
-3.144042e-008	0.0364258
-3.141542e-008	0.038916
-3.139042e-008	0.016626
-3.136542e-008	0.0158447
-3.134042e-008	0.0157227
-3.131542e-008	0.0173096
-3.129042e-008	0.0245606
-3.126542e-008	0.0290283
-3.124042e-008	0.0351563
-3.121542e-008	0.0276123
-3.119042e-008	0.0195557
-3.116542e-008	0.0255615
-3.114042e-008	0.026001
-3.111542e-008	0.028125
-3.109042e-008	0.0317627
-3.106542e-008	0.0251221
-3.104042e-008	0.0238525
-3.101542e-008	0.0213379
-3.099042e-008	0.018335
-3.096542e-008	0.0253418
-3.094042e-008	0.023291
-3.091542e-008	0.020044
-3.089042e-008	0.0168701
-3.086542e-008	0.0133789
-3.084042e-008	0.0288086
-3.081542e-008	0.0257568
-3.079042e-008	0.0113525
-3.076542e-008	0.0249268
-3.074042e-008	0.0261719
-3.071542e-008	0.0158447
-3.069042e-008	0.016919
-3.066542e-008	0.0229981
-3.064042e-008	0.0351807
-3.061542e-008	0.030542
-3.059042e-008	0.0202637
-3.056542e-008	0.0181397
-3.054042e-008	0.0145508
-3.051542e-008	0.0197022
-3.049042e-008	0.0226074
-3.046542e-008	0.0285889
-3.044042e-008	0.0306397
-3.041542e-008	0.0161133
-3.039042e-008	0.0200928
-3.036542e-008	0.0263428
-3.034042e-008	0.0103516
-3.031542e-008	0.00534669
-3.029042e-008	0.0158203
-3.026542e-008	0.0181885
-3.024042e-008	0.016626
-3.021542e-008	0.0190186
-3.019042e-008	0.0208252
-3.016542e-008	0.0246582
-3.014042e-008	0.0329834
-3.011542e-008	0.0377197
-3.009042e-008	0.0284668
-3.006542e-008	0.0318848
-3.004042e-008	0.040625
-3.001542e-008	0.0178955
-2.999042e-008	0.0137451
-2.996542e-008	0.0280518
-2.994042e-008	0.0153076
-2.991542e-008	0.015918
-2.989042e-008	0.0306641
-2.986542e-008	0.0269531
-2.984042e-008	0.0212158
-2.981542e-008	0.0175781
-2.979042e-008	0.018457
-2.976542e-008	0.0298828
-2.974042e-008	0.0270264
-2.971542e-008	0.0200195
-2.969042e-008	0.0209961
-2.966542e-008	0.0193359
-2.964042e-008	0.0293701
-2.961542e-008	0.0252686
-2.959042e-008	0.0148193
-2.956542e-008	0.025708
-2.954042e-008	0.0227051
-2.951542e-008	0.0229248
-2.949042e-008	0.0271484
-2.946542e-008	0.0273193
-2.944042e-008	0.0419922
-2.941542e-008	0.0211426
-2.939042e-008	-0.000366203
-2.936542e-008	0.0237305
-2.934042e-008	0.026001
-2.931542e-008	0.0150391
-2.929042e-008	0.0167969
-2.926542e-008	0.0210205
-2.924042e-008	0.0366943
-2.921542e-008	0.0270752
-2.919042e-008	0.00300294
-2.916542e-008	0.0165283
-2.914042e-008	0.0261963
-2.911542e-008	0.0123291
-2.909042e-008	0.0187744
-2.906542e-008	0.0340332
-2.904042e-008	0.0249512
-2.901542e-008	0.00512696
-2.899042e-008	0.0133057
-2.896542e-008	0.0331055
-2.894042e-008	0.0256836
-2.891542e-008	0.0205566
-2.889042e-008	0.0235352
-2.886542e-008	0.0242432
-2.884042e-008	0.026294
-2.881542e-008	0.00822755
-2.879042e-008	0.00622559
-2.876542e-008	0.0303467
-2.874042e-008	0.0317139
-2.871542e-008	0.0185547
-2.869042e-008	0.00444337
-2.866542e-008	-0.00046386
-2.864042e-008	0.0156738
-2.861542e-008	0.0167481
-2.859042e-008	0.00739747
-2.856542e-008	0.0265381
-2.854042e-008	0.04104
-2.851542e-008	0.0295166
-2.849042e-008	0.0242676
-2.846542e-008	0.032544
-2.844042e-008	0.0271973
-2.841542e-008	0.0113037
-2.839042e-008	0.0185303
-2.836542e-008	0.0239014
-2.834042e-008	0.014624
-2.831542e-008	0.0168457
-2.829042e-008	0.0173828
-2.826542e-008	0.0201416
-2.824042e-008	0.0248291
-2.821542e-008	0.018042
-2.819042e-008	0.0192627
-2.816542e-008	0.0273193
-2.814042e-008	0.0253662
-2.811542e-008	0.018335
-2.809042e-008	0.0153565
-2.806542e-008	0.0248047
-2.804042e-008	0.034082
-2.801542e-008	0.0188477
-2.799042e-008	0.0153076
-2.796542e-008	0.0283936
-2.794042e-008	0.0150391
-2.791542e-008	0.0147461
-2.789042e-008	0.0297608
-2.786542e-008	0.0307617
-2.784042e-008	0.0265869
-2.781542e-008	0.00913087
-2.779042e-008	0.00964356
-2.776542e-008	0.0198975
-2.774042e-008	0.0155518
-2.771542e-008	0.021875
-2.769042e-008	0.0260986
-2.766542e-008	0.0297363
-2.764042e-008	0.0315918
-2.761542e-008	0.0205078
-2.759042e-008	0.0144775
-2.756542e-008	0.0126221
-2.754042e-008	0.0118408
-2.751542e-008	0.0151367
-2.749042e-008	0.0241943
-2.746542e-008	0.0325195
-2.744042e-008	0.0283203
-2.741542e-008	0.0230713
-2.739042e-008	0.0235352
-2.736542e-008	0.0154785
-2.734042e-008	0.00922852
-2.731542e-008	0.023877
-2.729042e-008	0.0319824
-2.726542e-008	0.0252441
-2.724042e-008	0.0290039
-2.721542e-008	0.0310547
-2.719042e-008	0.0308838
-2.716542e-008	0.0303467
-2.714042e-008	0.0144287
-2.711542e-008	0.0184082
-2.709042e-008	0.0283203
-2.706542e-008	0.0191406
-2.704042e-008	0.028418
-2.701542e-008	0.0235352
-2.699042e-008	0.0113525
-2.696542e-008	0.026294
-2.694042e-008	0.0274414
-2.691542e-008	0.0279785
-2.689042e-008	0.0330811
-2.686542e-008	0.0291748
-2.684042e-008	0.0266602
-2.681542e-008	0.0247559
-2.679042e-008	0.0267334
-2.676542e-008	0.0182617
-2.674042e-008	0.0163818
-2.671542e-008	0.0224854
-2.669042e-008	0.0177246
-2.666542e-008	0.0290772
-2.664042e-008	0.0317627
-2.661542e-008	0.0116943
-2.659042e-008	0.0133545
-2.656542e-008	0.0284668
-2.654042e-008	0.0211914
-2.651542e-008	0.00788575
-2.649042e-008	0.0182617
-2.646542e-008	0.0193359
-2.644042e-008	0.0131836
-2.641542e-008	0.0281738
-2.639042e-008	0.0285889
-2.636542e-008	0.0199951
-2.634042e-008	0.0156738
-2.631542e-008	0.0171631
-2.629042e-008	0.0311768
-2.626542e-008	0.0288086
-2.624042e-008	0.029541
-2.621542e-008	0.0273682
-2.619042e-008	0.00913087
-2.616542e-008	0.0134277
-2.614042e-008	0.0222656
-2.611542e-008	0.029126
-2.609042e-008	0.0268799
-2.606542e-008	0.0147217
-2.604042e-008	0.0205078
-2.601542e-008	0.0171875
-2.599042e-008	0.0168701
-2.596542e-008	0.0250977
-2.594042e-008	0.0193359
-2.591542e-008	0.0286621
-2.589042e-008	0.033667
-2.586542e-008	0.0259033
-2.584042e-008	0.0323486
-2.581542e-008	0.0196533
-2.579042e-008	0.00451661
-2.576542e-008	0.0184082
-2.574042e-008	0.0241699
-2.571542e-008	0.0248535
-2.569042e-008	0.0170654
-2.566542e-008	0.0074463
-2.564042e-008	0.0252197
-2.561542e-008	0.0222168
-2.559042e-008	0.0130859
-2.556542e-008	0.0283936
-2.554042e-008	0.0253418
-2.551542e-008	0.017749
-2.549042e-008	0.0111328
-2.546542e-008	0.00859376
-2.544042e-008	0.0253174
-2.541542e-008	0.0265137
-2.539042e-008	0.0175781
-2.536542e-008	0.013794
-2.534042e-008	0.0146729
-2.531542e-008	0.0236084
-2.529042e-008	0.0162842
-2.526542e-008	0.0184082
-2.524042e-008	0.035083
-2.521542e-008	0.0201904
-2.519042e-008	0.00766602
-2.516542e-008	0.0170166
-2.514042e-008	0.0251221
-2.511542e-008	0.0283936
-2.509042e-008	0.0231445
-2.506542e-008	0.0289063
-2.504042e-008	0.0340576
-2.501542e-008	0.022583
-2.499042e-008	0.0216309
-2.496542e-008	0.024707
-2.494042e-008	0.0286377
-2.491542e-008	0.0372559
-2.489042e-008	0.0208984
-2.486542e-008	0.00964356
-2.484042e-008	0.0319824
-2.481542e-008	0.031665
-2.479042e-008	0.013501
-2.476542e-008	0.0157227
-2.474042e-008	0.0233887
-2.471542e-008	0.0218262
-2.469042e-008	0.0170899
-2.466542e-008	0.0296387
-2.464042e-008	0.0283447
-2.461542e-008	0.0106445
-2.459042e-008	0.013501
-2.456542e-008	0.0122803
-2.454042e-008	0.0179199
-2.451542e-008	0.0270508
-2.449042e-008	0.0129639
-2.446542e-008	0.0144043
-2.444042e-008	0.0278565
-2.441542e-008	0.0187012
-2.439042e-008	0.0130859
-2.436542e-008	0.0237793
-2.434042e-008	0.0200928
-2.431542e-008	0.0159912
-2.429042e-008	0.020874
-2.426542e-008	0.0143311
-2.424042e-008	0.0123047
-2.421542e-008	0.014624
-2.419042e-008	0.0134522
-2.416542e-008	0.0136475
-2.414042e-008	0.0142822
-2.411542e-008	0.0194336
-2.409042e-008	0.0118652
-2.406542e-008	0.00942384
-2.404042e-008	0.0322266
-2.401542e-008	0.0285645
-2.399042e-008	0.013794
-2.396542e-008	0.0239014
-2.394042e-008	0.0245361
-2.391542e-008	0.0211182
-2.389042e-008	0.0244385
-2.386542e-008	0.0270752
-2.384042e-008	0.024292
-2.381542e-008	0.014624
-2.379042e-008	0.0223633
-2.376542e-008	0.0238037
-2.374042e-008	0.021582
-2.371542e-008	0.0411865
-2.369042e-008	0.0287354
-2.366542e-008	0.0121826
-2.364042e-008	0.0283447
-2.361542e-008	0.0154541
-2.359042e-008	0.00622559
-2.356542e-008	0.0239014
-2.354042e-008	0.0108154
-2.351542e-008	0.00981446
-2.349042e-008	0.0270508
-2.346542e-008	0.0118408
-2.344042e-008	0.0102295
-2.341542e-008	0.0147217
-2.339042e-008	0.00664063
-2.336542e-008	0.0222412
-2.334042e-008	0.0211426
-2.331542e-008	0.0101074
-2.329042e-008	0.0227783
-2.326542e-008	0.0268799
-2.324042e-008	0.0220459
-2.321542e-008	0.00749512
-2.319042e-008	0.00131837
-2.316542e-008	0.0174072
-2.314042e-008	0.0210938
-2.311542e-008	0.0193359
-2.309042e-008	0.0151123
-2.306542e-008	0.0169678
-2.304042e-008	0.0376221
-2.301542e-008	0.0367432
-2.299042e-008	0.0222168
-2.296542e-008	0.0180176
-2.294042e-008	0.0150391
-2.291542e-008	0.0248535
-2.289042e-008	0.0304688
-2.286542e-008	0.0181641
-2.284042e-008	0.0181641
-2.281542e-008	0.0224121
-2.279042e-008	0.0211182
-2.276542e-008	0.0273682
-2.274042e-008	0.0246094
-2.271542e-008	0.023584
-2.269042e-008	0.0280029
-2.266542e-008	0.0220215
-2.264042e-008	0.024585
-2.261542e-008	0.0234375
-2.259042e-008	0.018042
-2.256542e-008	0.0182129
-2.254042e-008	0.0150879
-2.251542e-008	0.0233643
-2.249042e-008	0.0251953
-2.246542e-008	0.0256104
-2.244042e-008	0.024585
-2.241542e-008	0.00100098
-2.239042e-008	0.00292969
-2.236542e-008	0.019165
-2.234042e-008	0.0215576
-2.231542e-008	0.0262207
-2.229042e-008	0.0145508
-2.226542e-008	0.0126709
-2.224042e-008	0.0336914
-2.221542e-008	0.0266846
-2.219042e-008	0.00485841
-2.216542e-008	0.00930177
-2.214042e-008	0.0183106
-2.211542e-008	0.0178223
-2.209042e-008	0.0194824
-2.206542e-008	0.0175293
-2.204042e-008	0.0236572
-2.201542e-008	0.0333496
-2.199042e-008	0.0255127
-2.196542e-008	0.0187256
-2.194042e-008	0.0181641
-2.191542e-008	0.0157715
-2.189042e-008	0.0220459
-2.186542e-008	0.0255615
-2.184042e-008	0.014624
-2.181542e-008	0.00966798
-2.179042e-008	0.0203857
-2.176542e-008	0.0331299
-2.174042e-008	0.0286377
-2.171542e-008	0.0131592
-2.169042e-008	0.016626
-2.166542e-008	0.031958
-2.164042e-008	0.0356201
-2.161542e-008	0.0168701
-2.159042e-008	0.00424805
-2.156542e-008	0.0259277
-2.154042e-008	0.0340332
-2.151542e-008	0.0188721
-2.149042e-008	0.00893555
-2.146542e-008	0.0158203
-2.144042e-008	0.0319092
-2.141542e-008	0.020459
-2.139042e-008	0.0193848
-2.136542e-008	0.0304199
-2.134042e-008	0.020874
-2.131542e-008	0.0234375
-2.129042e-008	0.0147461
-2.126542e-008	0.00739747
-2.124042e-008	0.0154541
-2.121542e-008	0.0111816
-2.119042e-008	0.0201172
-2.116542e-008	0.025415
-2.114042e-008	0.0212158
-2.111542e-008	0.0216309
-2.109042e-008	0.0177246
-2.106542e-008	0.0190186
-2.104042e-008	0.0184326
-2.101542e-008	0.0219238
-2.099042e-008	0.0257568
-2.096542e-008	0.0220947
-2.094042e-008	0.0198486
-2.091542e-008	0.0130859
-2.089042e-008	0.0184326
-2.086542e-008	0.0300781
-2.084042e-008	0.024292
-2.081542e-008	0.0155518
-2.079042e-008	0.0186768
-2.076542e-008	0.0155762
-2.074042e-008	0.00512696
-2.071542e-008	0.0220947
-2.069042e-008	0.037085
-2.066542e-008	0.0233887
-2.064042e-008	0.019458
-2.061542e-008	0.0181885
-2.059042e-008	0.00463868
-2.056542e-008	0.00627442
-2.054042e-008	0.0202393
-2.051542e-008	0.0110352
-2.049042e-008	0.00722657
-2.046542e-008	0.03396
-2.044042e-008	0.0273682
-2.041542e-008	0.00441895
-2.039042e-008	0.0197998
-2.036542e-008	0.0265625
-2.034042e-008	0.0202637
-2.031542e-008	0.0321777
-2.029042e-008	0.0352783
-2.026542e-008	0.0224121
-2.024042e-008	0.0164795
-2.021542e-008	0.0218506
-2.019042e-008	0.0289551
-2.016542e-008	0.026001
-2.014042e-008	0.0108887
-2.011542e-008	0.00236817
-2.009042e-008	0.015918
-2.006542e-008	0.036377
-2.004042e-008	0.0377441
-2.001542e-008	0.0214111
-1.999042e-008	0.0104736
-1.996542e-008	0.0115479
-1.994042e-008	0.0171387
-1.991542e-008	0.0187256
-1.989042e-008	0.0229981
-1.986542e-008	0.0393311
-1.984042e-008	0.0373291
-1.981542e-008	0.017749
-1.979042e-008	0.0151123
-1.976542e-008	0.0203857
-1.974042e-008	0.0253662
-1.971542e-008	0.0293945
-1.969042e-008	0.0209473
-1.966542e-008	0.01604
-1.964042e-008	0.0355957
-1.961542e-008	0.0397705
-1.959042e-008	0.0151367
-1.956542e-008	0.0130371
-1.954042e-008	0.0189209
-1.951542e-008	0.014917
-1.949042e-008	0.0139893
-1.946542e-008	0.0135986
-1.944042e-008	0.0284668
-1.941542e-008	0.0302246
-1.939042e-008	0.0117188
-1.936542e-008	0.0150635
-1.934042e-008	0.023291
-1.931542e-008	0.0218506
-1.929042e-008	0.0230225
-1.926542e-008	0.0272949
-1.924042e-008	0.0280762
-1.921542e-008	0.0144775
-1.919042e-008	0.00854493
-1.916542e-008	0.0172363
-1.914042e-008	0.0220459
-1.911542e-008	0.0243164
-1.909042e-008	0.0108643
-1.906542e-008	0.00983887
-1.904042e-008	0.0365234
-1.901542e-008	0.0303955
-1.899042e-008	0.012085
-1.896542e-008	0.0203125
-1.894042e-008	0.0270996
-1.891542e-008	0.0276367
-1.889042e-008	0.017749
-1.886542e-008	0.0146729
-1.884042e-008	0.022583
-1.881542e-008	0.0129639
-1.879042e-008	0.0136231
-1.876542e-008	0.0211914
-1.874042e-008	0.0160156
-1.871542e-008	0.0178223
-1.869042e-008	0.0182617
-1.866542e-008	0.025
-1.864042e-008	0.0317383
-1.861542e-008	0.0219482
-1.859042e-008	0.0111084
-1.856542e-008	0.00185548
-1.854042e-008	0.0126709
-1.851542e-008	0.0271484
-1.849042e-008	0.0143555
-1.846542e-008	0.0140381
-1.844042e-008	0.0318604
-1.841542e-008	0.0268066
-1.839042e-008	0.0133545
-1.836542e-008	0.0172852
-1.834042e-008	0.0227539
-1.831542e-008	0.0252197
-1.829042e-008	0.0249756
-1.826542e-008	0.0260254
-1.824042e-008	0.0282959
-1.821542e-008	0.0155518
-1.819042e-008	0.0201904
-1.816542e-008	0.0327881
-1.814042e-008	0.0154297
-1.811542e-008	0.00915528
-1.809042e-008	0.0169434
-1.806542e-008	0.0207764
-1.804042e-008	0.0249024
-1.801542e-008	0.0135498
-1.799042e-008	0.0123047
-1.796542e-008	0.020044
-1.794042e-008	0.0108643
-1.791542e-008	0.0156006
-1.789042e-008	0.0179688
-1.786542e-008	0.0135254
-1.784042e-008	0.0275391
-1.781542e-008	0.027124
-1.779042e-008	0.02146
-1.776542e-008	0.0135498
-1.774042e-008	0.00837403
-1.771542e-008	0.0254883
-1.769042e-008	0.013794
-1.766542e-008	0.00107423
-1.764042e-008	0.0283691
-1.761542e-008	0.0411621
-1.759042e-008	0.0287598
-1.756542e-008	0.0183106
-1.754042e-008	0.0196045
-1.751542e-008	0.0296387
-1.749042e-008	0.034082
-1.746542e-008	0.0260498
-1.744042e-008	0.0199951
-1.741542e-008	0.0146484
-1.739042e-008	0.0109131
-1.736542e-008	0.0213867
-1.734042e-008	0.0262451
-1.731542e-008	0.0188721
-1.729042e-008	0.00471192
-1.726542e-008	0.00712891
-1.724042e-008	0.029541
-1.721542e-008	0.0194824
-1.719042e-008	0.00358887
-1.716542e-008	0.0188232
-1.714042e-008	0.0335693
-1.711542e-008	0.03125
-1.709042e-008	0.0124512
-1.706542e-008	0.0184082
-1.704042e-008	0.0327881
-1.701542e-008	0.00461427
-1.699042e-008	0.0025879
-1.696542e-008	0.0255859
-1.694042e-008	0.016626
-1.691542e-008	0.0196045
-1.689042e-008	0.0287842
-1.686542e-008	0.0193604
-1.684042e-008	0.00949708
-1.681542e-008	0.011377
-1.679042e-008	0.0282715
-1.676542e-008	0.0274658
-1.674042e-008	0.017041
-1.671542e-008	0.017627
-1.669042e-008	0.0188721
-1.666542e-008	0.0347656
-1.664042e-008	0.0386719
-1.661542e-008	0.0221924
-1.659042e-008	0.0235107
-1.656542e-008	0.0273682
-1.654042e-008	0.023169
-1.651542e-008	0.019165
-1.649042e-008	0.0110107
-1.646542e-008	0.0184326
-1.644042e-008	0.025708
-1.641542e-008	0.00510255
-1.639042e-008	0.0076172
-1.636542e-008	0.0356201
-1.634042e-008	0.0369385
-1.631542e-008	0.0267822
-1.629042e-008	0.0126465
-1.626542e-008	0.00297852
-1.624042e-008	0.0147217
-1.621542e-008	0.0223389
-1.619042e-008	0.0286133
-1.616542e-008	0.0368408
-1.614042e-008	0.0331055
-1.611542e-008	0.0241211
-1.609042e-008	0.0164795
-1.606542e-008	0.0239014
-1.604042e-008	0.0328858
-1.601542e-008	0.0246094
-1.599042e-008	0.0251221
-1.596542e-008	0.0352539
-1.594042e-008	0.0288574
-1.591542e-008	0.01604
-1.589042e-008	0.0168213
-1.586542e-008	0.032251
-1.584042e-008	0.0424561
-1.581542e-008	0.023169
-1.579042e-008	0.0115479
-1.576542e-008	0.0281738
-1.574042e-008	0.0248535
-1.571542e-008	0.0143555
-1.569042e-008	0.0216797
-1.566542e-008	0.0244141
-1.564042e-008	0.021875
-1.561542e-008	0.0204834
-1.559042e-008	0.0203613
-1.556542e-008	0.0201904
-1.554042e-008	0.0186279
-1.551542e-008	0.0173828
-1.549042e-008	0.0123047
-1.546542e-008	0.019458
-1.544042e-008	0.0294434
-1.541542e-008	0.0126465
-1.539042e-008	0.0109131
-1.536542e-008	0.027832
-1.534042e-008	0.0296387
-1.531542e-008	0.0378174
-1.529042e-008	0.0331543
-1.526542e-008	0.0155518
-1.524042e-008	0.0159424
-1.521542e-008	0.0175049
-1.519042e-008	0.0164063
-1.516542e-008	0.0152344
-1.514042e-008	0.0238037
-1.511542e-008	0.0291504
-1.509042e-008	0.0102295
-1.506542e-008	0.0132813
-1.504042e-008	0.0260254
-1.501542e-008	0.0158691
-1.499042e-008	0.0246094
-1.496542e-008	0.0323975
-1.494042e-008	0.0162842
-1.491542e-008	0.0195068
-1.489042e-008	0.0287598
-1.486542e-008	0.0189453
-1.484042e-008	0.0191406
-1.481542e-008	0.0226318
-1.479042e-008	0.0188477
-1.476542e-008	0.0259033
-1.474042e-008	0.0211426
-1.471542e-008	0.0174316
-1.469042e-008	0.0283936
-1.466542e-008	0.0191406
-1.464042e-008	0.0175049
-1.461542e-008	0.0280274
-1.459042e-008	0.0256348
-1.456542e-008	0.027417
-1.454042e-008	0.0247315
-1.451542e-008	0.0165527
-1.449042e-008	0.0147461
-1.446542e-008	0.0225586
-1.444042e-008	0.0372803
-1.441542e-008	0.0322754
-1.439042e-008	0.0125977
-1.436542e-008	0.0128906
-1.434042e-008	0.023291
-1.431542e-008	0.0158447
-1.429042e-008	0.0101807
-1.426542e-008	0.0212891
-1.424042e-008	0.0231201
-1.421542e-008	0.0165772
-1.419042e-008	0.0168213
-1.416542e-008	0.0146729
-1.414042e-008	0.0156738
-1.411542e-008	0.0198975
-1.409042e-008	0.0187256
-1.406542e-008	0.0220459
-1.404042e-008	0.0207031
-1.401542e-008	0.0176514
-1.399042e-008	0.0210205
-1.396542e-008	0.0206543
-1.394042e-008	0.026416
-1.391542e-008	0.0322266
-1.389042e-008	0.0278809
-1.386542e-008	0.0280029
-1.384042e-008	0.0251953
-1.381542e-008	0.00786134
-1.379042e-008	0.00541993
-1.376542e-008	0.0172852
-1.374042e-008	0.0159424
-1.371542e-008	0.025293
-1.369042e-008	0.0278565
-1.366542e-008	0.00778809
-1.364042e-008	0.0140137
-1.361542e-008	0.0212402
-1.359042e-008	0.014502
-1.356542e-008	0.0295899
-1.354042e-008	0.0370361
-1.351542e-008	0.0270264
-1.349042e-008	0.0185059
-1.346542e-008	0.0191895
-1.344042e-008	0.0314209
-1.341542e-008	0.0249512
-1.339042e-008	0.0170899
-1.336542e-008	0.0259277
-1.334042e-008	0.0236816
-1.331542e-008	0.0272461
-1.329042e-008	0.0378174
-1.326542e-008	0.0338135
-1.324042e-008	0.0193359
-1.321542e-008	0.00979005
-1.319042e-008	0.014502
-1.316542e-008	0.0122315
-1.314042e-008	0.0132568
-1.311542e-008	0.0263184
-1.309042e-008	0.0190186
-1.306542e-008	0.017749
-1.304042e-008	0.0309815
-1.301542e-008	0.0217529
-1.299042e-008	0.0136231
-1.296542e-008	0.0166992
-1.294042e-008	0.00524903
-1.291542e-008	-0.000219719
-1.289042e-008	0.0167969
-1.286542e-008	0.0333984
-1.284042e-008	0.0390381
-1.281542e-008	0.0213623
-1.279042e-008	0.00371095
-1.276542e-008	0.0198242
-1.274042e-008	0.0285889
-1.271542e-008	0.0193848
-1.269042e-008	0.0129883
-1.266542e-008	0.0198975
-1.264042e-008	0.0384522
-1.261542e-008	0.0236572
-1.259042e-008	0.00800782
-1.256542e-008	0.0291504
-1.254042e-008	0.0318604
-1.251542e-008	0.0173584
-1.249042e-008	0.017041
-1.246542e-008	0.0230957
-1.244042e-008	0.0305176
-1.241542e-008	0.0304443
-1.239042e-008	0.0151611
-1.236542e-008	0.005542
-1.234042e-008	0.0105469
-1.231542e-008	0.0109863
-1.229042e-008	0.0159668
-1.226542e-008	0.0179932
-1.224042e-008	0.00688477
-1.221542e-008	0.0101318
-1.219042e-008	0.0208496
-1.216542e-008	0.0210449
-1.214042e-008	0.0119385
-1.211542e-008	0.0177979
-1.209042e-008	0.0325195
-1.206542e-008	0.0215576
-1.204042e-008	0.0136719
-1.201542e-008	0.0172607
-1.199042e-008	0.0131348
-1.196542e-008	0.0143066
-1.194042e-008	0.020044
-1.191542e-008	0.0125977
-1.189042e-008	0.00534669
-1.186542e-008	0.0221436
-1.184042e-008	0.0252686
-1.181542e-008	0.0125977
-1.179042e-008	0.0180176
-1.176542e-008	0.0241455
-1.174042e-008	0.0267334
-1.171542e-008	0.0149902
-1.169042e-008	0.00146485
-1.166542e-008	0.0193359
-1.164042e-008	0.0275391
-1.161542e-008	0.018335
-1.159042e-008	0.0214844
-1.156542e-008	0.0222412
-1.154042e-008	0.0296875
-1.151542e-008	0.0334229
-1.149042e-008	0.0181641
-1.146542e-008	0.0251953
-1.144042e-008	0.0284424
-1.141542e-008	0.00517579
-1.139042e-008	0.00563966
-1.136542e-008	0.0142822
-1.134042e-008	0.010791
-1.131542e-008	0.016333
-1.129042e-008	0.0222412
-1.126542e-008	0.0296143
-1.124042e-008	0.0398193
-1.121542e-008	0.0295166
-1.119042e-008	0.0123779
-1.116542e-008	0.0142822
-1.114042e-008	0.0273682
-1.111542e-008	0.0274902
-1.109042e-008	0.0071045
-1.106542e-008	0.00205079
-1.104042e-008	0.016333
-1.101542e-008	0.0212891
-1.099042e-008	0.0196289
-1.096542e-008	0.0147217
-1.094042e-008	0.0152588
-1.091542e-008	0.0190186
-1.089042e-008	0.0188477
-1.086542e-008	0.0243897
-1.084042e-008	0.0247315
-1.081542e-008	0.0172607
-1.079042e-008	0.0210693
-1.076542e-008	0.0344727
-1.074042e-008	0.0251221
-1.071542e-008	0.0058838
-1.069042e-008	0.0180908
-1.066542e-008	0.030542
-1.064042e-008	0.0195557
-1.061542e-008	0.0113525
-1.059042e-008	0.0176758
-1.056542e-008	0.0226563
-1.054042e-008	0.0180664
-1.051542e-008	0.0251465
-1.049042e-008	0.0288086
-1.046542e-008	0.0284912
-1.044042e-008	0.0385254
-1.041542e-008	0.0250977
-1.039042e-008	0.0145264
-1.036542e-008	0.0191406
-1.034042e-008	0.0154053
-1.031542e-008	0.0211914
-1.029042e-008	0.0161133
-1.026542e-008	0.012915
-1.024042e-008	0.0204834
-1.021542e-008	0.0105957
-1.019042e-008	0.0164063
-1.016542e-008	0.0293945
-1.014042e-008	0.0283447
-1.011542e-008	0.0267578
-1.009042e-008	0.0147705
-1.006542e-008	0.00964356
-1.004042e-008	0.0212891
-1.001542e-008	0.0257568
-9.990418e-009	0.0197022
-9.965418e-009	0.0188232
-9.940418e-009	0.0254395
-9.915418e-009	0.030127
-9.890418e-009	0.0324707
-9.865418e-009	0.0332764
-9.840418e-009	0.0276856
-9.815418e-009	0.0205322
-9.790418e-009	0.0246338
-9.765418e-009	0.0243164
-9.740418e-009	0.0154053
-9.715418e-009	0.0178223
-9.690418e-009	0.0197754
-9.665418e-009	0.0311279
-9.640418e-009	0.0408447
-9.615418e-009	0.0216309
-9.590418e-009	0.0192139
-9.565418e-009	0.0284424
-9.540418e-009	0.0203857
-9.515418e-009	0.0247803
-9.490418e-009	0.0276611
-9.465418e-009	0.020459
-9.440418e-009	0.020459
-9.415418e-009	0.0125488
-9.390418e-009	0.015918
-9.365418e-009	0.0332275
-9.340418e-009	0.025708
-9.315418e-009	0.0150879
-9.290418e-009	0.0202881
-9.265418e-009	0.0263184
-9.240418e-009	0.0265137
-9.215418e-009	0.00766602
-9.190418e-009	0.00227052
-9.165418e-009	0.0259277
-9.140418e-009	0.0219971
-9.115418e-009	-0.00146484
-9.090418e-009	0.00400391
-9.065418e-009	0.0257568
-9.040418e-009	0.0288574
-9.015418e-009	0.0121582
-8.990418e-009	0.00969239
-8.965418e-009	0.0186035
-8.940418e-009	0.0150879
-8.915418e-009	0.0146973
-8.890418e-009	0.0226318
-8.865418e-009	0.0276856
-8.840418e-009	0.0269287
-8.815418e-009	0.0146973
-8.790418e-009	-0.000659172
-8.765418e-009	2.44215e-005
-8.740418e-009	0.0123535
-8.715418e-009	0.0195801
-8.690418e-009	0.0238525
-8.665418e-009	0.0248535
-8.640418e-009	0.0192383
-8.615418e-009	0.0202881
-8.590418e-009	0.0244873
-8.565418e-009	0.0163574
-8.540418e-009	0.0111816
-8.515418e-009	0.0245361
-8.490418e-009	0.0302002
-8.465418e-009	0.0229981
-8.440418e-009	0.0222412
-8.415418e-009	0.0197266
-8.390418e-009	0.0266846
-8.365418e-009	0.032544
-8.340418e-009	0.0182617
-8.315418e-009	0.0227783
-8.290418e-009	0.0293945
-8.265418e-009	0.0179199
-8.240418e-009	0.0172363
-8.215418e-009	0.00910645
-8.190418e-009	0.0100342
-8.165418e-009	0.0244873
-8.140418e-009	0.0186279
-8.115418e-009	0.022583
-8.090418e-009	0.0293213
-8.065418e-009	0.0289063
-8.040418e-009	0.0357178
-8.015418e-009	0.0263916
-7.990418e-009	0.0181397
-7.965418e-009	0.0150635
-7.940418e-009	0.00541993
-7.915418e-009	0.0125244
-7.890418e-009	0.0244385
-7.865418e-009	0.0285889
-7.840418e-009	0.039624
-7.815418e-009	0.0423584
-7.790418e-009	0.025708
-7.765418e-009	0.0277832
-7.740418e-009	0.0360352
-7.715418e-009	0.0176758
-7.690418e-009	0.0189697
-7.665418e-009	0.0330566
-7.640418e-009	0.0210938
-7.615418e-009	0.0118897
-7.590418e-009	0.0173828
-7.565418e-009	0.0209961
-7.540418e-009	0.0185547
-7.515418e-009	0.017627
-7.490418e-009	0.0122803
-7.465418e-009	0.01604
-7.440418e-009	0.0368164
-7.415418e-009	0.0248291
-7.390418e-009	0.0115234
-7.365418e-009	0.0326904
-7.340418e-009	0.0272705
-7.315418e-009	0.00993653
-7.290418e-009	0.0241455
-7.265418e-009	0.0368652
-7.240418e-009	0.0249024
-7.215418e-009	0.0165039
-7.190418e-009	0.01875
-7.165418e-009	0.0141846
-7.140418e-009	0.0192871
-7.115418e-009	0.0262451
-7.090418e-009	0.0169922
-7.065418e-009	0.0144043
-7.040418e-009	0.0251953
-7.015418e-009	0.0248291
-6.990418e-009	0.0171143
-6.965418e-009	0.0229492
-6.940418e-009	0.0165039
-6.915418e-009	0.00737305
-6.890418e-009	0.0259033
-6.865418e-009	0.0308106
-6.840418e-009	0.0181152
-6.815418e-009	0.0190186
-6.790418e-009	0.0192383
-6.765418e-009	0.0199707
-6.740418e-009	0.0286865
-6.715418e-009	0.0214111
-6.690418e-009	0.0169922
-6.665418e-009	0.0307129
-6.640418e-009	0.0299072
-6.615418e-009	0.0256104
-6.590418e-009	0.0197022
-6.565418e-009	0.00834962
-6.540418e-009	0.0178711
-6.515418e-009	0.0284424
-6.490418e-009	0.0242432
-6.465418e-009	0.0138916
-6.440418e-009	0.011084
-6.415418e-009	0.0174805
-6.390418e-009	0.00893555
-6.365418e-009	0.0129395
-6.340418e-009	0.0297363
-6.315418e-009	0.0220215
-6.290418e-009	0.0274414
-6.265418e-009	0.0422852
-6.240418e-009	0.0269287
-6.215418e-009	0.0135742
-6.190418e-009	0.0135742
-6.165418e-009	0.0107666
-6.140418e-009	0.0182373
-6.115418e-009	0.0281983
-6.090418e-009	0.0199951
-6.065418e-009	0.0244629
-6.040418e-009	0.0504395
-6.015418e-009	0.0376953
-5.990418e-009	0.0151856
-5.965418e-009	0.0349609
-5.940418e-009	0.033374
-5.915418e-009	0.00825196
-5.890418e-009	0.0133545
-5.865418e-009	0.0277344
-5.840418e-009	0.0263184
-5.815418e-009	0.0229492
-5.790418e-009	0.0245361
-5.765418e-009	0.0200928
-5.740418e-009	0.0225098
-5.715418e-009	0.028833
-5.690418e-009	0.0251465
-5.665418e-009	0.0300537
-5.640418e-009	0.0288086
-5.615418e-009	0.013916
-5.590418e-009	0.0154053
-5.565418e-009	0.0257568
-5.540418e-009	0.0272217
-5.515418e-009	0.0224854
-5.490418e-009	0.0156738
-5.465418e-009	0.0217041
-5.440418e-009	0.0324463
-5.415418e-009	0.0235352
-5.390418e-009	0.0176758
-5.365418e-009	0.0251953
-5.340418e-009	0.0264404
-5.315418e-009	0.0221191
-5.290418e-009	0.0205078
-5.265418e-009	0.0290283
-5.240418e-009	0.0294922
-5.215418e-009	0.0173584
-5.190418e-009	0.014624
-5.165418e-009	0.0181885
-5.140418e-009	0.0286865
-5.115418e-009	0.030835
-5.090418e-009	0.0161377
-5.065418e-009	0.0203613
-5.040418e-009	0.0353516
-5.015418e-009	0.0338623
-4.990418e-009	0.029126
-4.965418e-009	0.0267334
-4.940418e-009	0.0208252
-4.915418e-009	0.018457
-4.890418e-009	0.0206299
-4.865418e-009	0.0252686
-4.840418e-009	0.0264649
-4.815418e-009	0.0149414
-4.790418e-009	0.0139404
-4.765418e-009	0.0220459
-4.740418e-009	0.0208496
-4.715418e-009	0.0260498
-4.690418e-009	0.0233643
-4.665418e-009	0.0213623
-4.640418e-009	0.0352783
-4.615418e-009	0.032251
-4.590418e-009	0.0285645
-4.565418e-009	0.0288086
-4.540418e-009	0.0184815
-4.515418e-009	0.0260742
-4.490418e-009	0.0337891
-4.465418e-009	0.0217285
-4.440418e-009	0.015332
-4.415418e-009	0.0150635
-4.390418e-009	0.0137451
-4.365418e-009	0.0193848
-4.340418e-009	0.027002
-4.315418e-009	0.0221436
-4.290418e-009	0.0219238
-4.265418e-009	0.0355225
-4.240418e-009	0.034375
-4.215418e-009	0.0279297
-4.190418e-009	0.0244385
-4.165418e-009	0.0135986
-4.140418e-009	0.0255859
-4.115418e-009	0.0354492
-4.090418e-009	0.0128906
-4.065418e-009	0.0149414
-4.040418e-009	0.0290527
-4.015418e-009	0.0165527
-3.990418e-009	0.0147949
-3.965418e-009	0.0193115
-3.940418e-009	0.014502
-3.915418e-009	0.0189453
-3.890418e-009	0.0272705
-3.865418e-009	0.0296143
-3.840418e-009	0.0199219
-3.815418e-009	0.00927735
-3.790418e-009	0.016626
-3.765418e-009	0.0224609
-3.740418e-009	0.0252197
-3.715418e-009	0.0328613
-3.690418e-009	0.0235352
-3.665418e-009	0.0231445
-3.640418e-009	0.0312744
-3.615418e-009	0.0107178
-3.590418e-009	0.0097168
-3.565418e-009	0.0280274
-3.540418e-009	0.0258545
-3.515418e-009	0.0259522
-3.490418e-009	0.0213867
-3.465418e-009	0.0161621
-3.440418e-009	0.012207
-3.415418e-009	0.000732429
-3.390418e-009	0.0127197
-3.365418e-009	0.0274902
-3.340418e-009	0.0240479
-3.315418e-009	0.0245606
-3.290418e-009	0.0151367
-3.265418e-009	0.0090088
-3.240418e-009	0.0305908
-3.215418e-009	0.0302246
-3.190418e-009	0.0141846
-3.165418e-009	0.025415
-3.140418e-009	0.0249756
-3.115418e-009	0.0176025
-3.090418e-009	0.0277344
-3.065418e-009	0.0330566
-3.040418e-009	0.0263184
-3.015418e-009	0.00871583
-2.990418e-009	0.00664063
-2.965418e-009	0.0240723
-2.940418e-009	0.0273926
-2.915418e-009	0.0268066
-2.890418e-009	0.0312256
-2.865418e-009	0.023999
-2.840418e-009	0.0198731
-2.815418e-009	0.0183106
-2.790418e-009	0.0171387
-2.765418e-009	0.0309815
-2.740418e-009	0.0240723
-2.715418e-009	0.00786134
-2.690418e-009	0.0156494
-2.665418e-009	0.0247315
-2.640418e-009	0.0292236
-2.615418e-009	0.0217041
-2.590418e-009	0.0145508
-2.565418e-009	0.0211426
-2.540418e-009	0.0226807
-2.515418e-009	0.0190918
-2.490418e-009	0.0195557
-2.465418e-009	0.0304443
-2.440418e-009	0.0301514
-2.415418e-009	0.0156738
-2.390418e-009	0.0182373
-2.365418e-009	0.020044
-2.340418e-009	0.0116455
-2.315418e-009	0.0151611
-2.290418e-009	0.0225586
-2.265418e-009	0.0275391
-2.240418e-009	0.0181885
-2.215418e-009	0.00197755
-2.190418e-009	0.0181641
-2.165418e-009	0.0311035
-2.140418e-009	0.0215088
-2.115418e-009	0.0310547
-2.090418e-009	0.0342285
-2.065418e-009	0.0203369
-2.040418e-009	0.0250733
-2.015418e-009	0.0314453
-1.990418e-009	0.0202637
-1.965418e-009	0.0155762
-1.940418e-009	0.0147217
-1.915418e-009	0.00651856
-1.890418e-009	0.00922852
-1.865418e-009	0.0167481
-1.840418e-009	0.0246338
-1.815418e-009	0.0318604
-1.790418e-009	0.0244629
-1.765418e-009	0.0111816
-1.740418e-009	0.00378419
-1.715418e-009	0.00937501
-1.690418e-009	0.0190186
-1.665418e-009	0.0275391
-1.640418e-009	0.0273682
-1.615418e-009	0.0116943
-1.590418e-009	0.0175293
-1.565418e-009	0.0252441
-1.540418e-009	0.0105469
-1.515418e-009	0.0122315
-1.490418e-009	0.0147461
-1.465418e-009	0.0154053
-1.440418e-009	0.0251465
-1.415418e-009	0.0151856
-1.390418e-009	0.0121338
-1.365418e-009	0.0232666
-1.340418e-009	0.0238037
-1.315418e-009	0.0316162
-1.290418e-009	0.0280762
-1.265418e-009	0.0196045
-1.240418e-009	0.0278565
-1.215418e-009	0.019458
-1.190418e-009	0.0182617
-1.165418e-009	0.0219238
-1.140418e-009	0.00969239
-1.115418e-009	0.0220215
-1.090418e-009	0.0272705
-1.065418e-009	0.0200195
-1.040418e-009	0.0254639
-1.015418e-009	0.0134277
-9.904177e-010	0.0103272
-9.654177e-010	0.0280029
-9.404177e-010	0.0293701
-9.154177e-010	0.0195557
-8.904177e-010	0.0237305
-8.654177e-010	0.0260254
-8.404177e-010	0.0127686
-8.154177e-010	0.0144775
-7.904177e-010	0.0230469
-7.654177e-010	0.0250244
-7.404177e-010	0.0239746
-7.154177e-010	0.0203125
-6.904177e-010	0.0316162
-6.654177e-010	0.0240479
-6.404177e-010	0.0022461
-6.154177e-010	0.0128174
-5.904177e-010	0.0173828
-5.654177e-010	0.0149658
-5.404177e-010	0.0226074
-5.154177e-010	0.00737305
-4.904177e-010	0.00187989
-4.654177e-010	0.025
-4.404177e-010	0.0267334
-4.154177e-010	0.0027588
-3.904177e-010	-0.00407714
-3.654177e-010	0.0060547
-3.404177e-010	-0.00966796
-3.154177e-010	-0.0380371
-2.904177e-010	-0.0494141
-2.654177e-010	-0.0543213
-2.404177e-010	-0.063623
-2.154177e-010	-0.0854492
-1.904177e-010	-0.10542
-1.654177e-010	-0.117187
-1.404177e-010	-0.14519
-1.154177e-010	-0.171265
-9.041773e-011	-0.178174
-6.541773e-011	-0.196533
-4.041773e-011	-0.217187
-1.541773e-011	-0.230737
9.58227e-012	-0.265234
3.458227e-011	-0.288159
5.958227e-011	-0.276611
8.458227e-011	-0.278955
1.095823e-010	-0.293115
1.345823e-010	-0.29021
1.595823e-010	-0.29231
1.845823e-010	-0.303174
2.095823e-010	-0.294214
2.345823e-010	-0.27207
2.595823e-010	-0.259692
2.845823e-010	-0.252808
3.095823e-010	-0.246509
3.345823e-010	-0.223804
3.595823e-010	-0.192627
3.845823e-010	-0.193481
4.095823e-010	-0.189185
4.345823e-010	-0.162524
4.595823e-010	-0.142871
4.845823e-010	-0.123437
5.095823e-010	-0.122412
5.345823e-010	-0.115771
5.595823e-010	-0.0907959
5.845823e-010	-0.0938232
6.095823e-010	-0.0854736
6.345823e-010	-0.0546631
6.595823e-010	-0.0481445
6.845823e-010	-0.0503906
7.095823e-010	-0.0518799
7.345823e-010	-0.0432129
7.595823e-010	-0.0168701
7.845823e-010	-0.00986327
8.095823e-010	0.00217286
8.345823e-010	0.0240234
8.595823e-010	0.00454102
8.845823e-010	0.00566407
9.095823e-010	0.0347412
9.345823e-010	0.0199951
9.595823e-010	0.00646973
9.845823e-010	0.0251221
1.009582e-009	0.0491699
1.034582e-009	0.0533447
1.059582e-009	0.0375733
1.084582e-009	0.0392334
1.109582e-009	0.044458
1.134582e-009	0.0419434
1.159582e-009	0.0436768
1.184582e-009	0.035791
1.209582e-009	0.0298096
1.234582e-009	0.0284912
1.259582e-009	0.0270996
1.284582e-009	0.0277588
1.309582e-009	0.0214356
1.334582e-009	0.0272949
1.359582e-009	0.0343994
1.384582e-009	0.0252197
1.409582e-009	0.028418
1.434582e-009	0.0368408
1.459582e-009	0.0292725
1.484582e-009	0.0183838
1.509582e-009	0.0155274
1.534582e-009	0.00891114
1.559582e-009	0.00354005
1.584582e-009	0.0111084
1.609582e-009	0.0113281
1.634582e-009	0.00856934
1.659582e-009	0.0164307
1.684582e-009	0.0237061
1.709582e-009	0.0177979
1.734582e-009	0.00336915
1.759582e-009	0.00803223
1.784582e-009	0.0280762
1.809582e-009	0.0349854
1.834582e-009	0.0220459
1.859582e-009	0.00568848
1.884582e-009	0.0148682
1.909582e-009	0.0281983
1.934582e-009	0.0197022
1.959582e-009	0.0197998
1.984582e-009	0.0181641
2.009582e-009	0.00617677
2.034582e-009	0.0138916
2.059582e-009	0.0229248
2.084582e-009	0.0198731
2.109582e-009	0.018457
2.134582e-009	0.0310547
2.159582e-009	0.043335
2.184582e-009	0.0240479
2.209582e-009	0.010669
2.234582e-009	0.0231934
2.259582e-009	0.0237549
2.284582e-009	0.0211914
2.309582e-009	0.0307129
2.334582e-009	0.0374756
2.359582e-009	0.0320801
2.384582e-009	0.0230225
2.409582e-009	0.0331787
2.434582e-009	0.0475586
2.459582e-009	0.044458
2.484582e-009	0.0330322
2.509582e-009	0.0164551
2.534582e-009	0.0240234
2.559582e-009	0.0330811
2.584582e-009	0.00556641
2.609582e-009	0.00576173
2.634582e-009	0.0253662
2.659582e-009	0.0210938
2.684582e-009	0.0230713
2.709582e-009	0.0170654
2.734582e-009	0.00888673
2.759582e-009	0.0206787
2.784582e-009	0.0206299
2.809582e-009	0.018042
2.834582e-009	0.0274414
2.859582e-009	0.0287598
2.884582e-009	0.0197754
2.909582e-009	0.0117676
2.934582e-009	0.0245361
2.959582e-009	0.0272461
2.984582e-009	0.00483399
3.009582e-009	0.0234131
3.034582e-009	0.046167
3.059582e-009	0.0195801
3.084582e-009	0.0154297
3.109582e-009	0.0313721
3.134582e-009	0.0267578
3.159582e-009	0.0364746
3.184582e-009	0.0432373
3.209582e-009	0.0254639
3.234582e-009	0.022168
3.259582e-009	0.036377
3.284582e-009	0.0432617
3.309582e-009	0.0358399
3.334582e-009	0.0299805
3.359582e-009	0.0313233
3.384582e-009	0.0356201
3.409582e-009	0.0335205
3.434582e-009	0.00812989
3.459582e-009	-0.000390618
3.484582e-009	0.020752
3.509582e-009	0.0297119
3.534582e-009	0.0266602
3.559582e-009	0.00805665
3.584582e-009	-0.0162842
3.609582e-009	-0.00749511
3.634582e-009	0.0189697
3.659582e-009	0.0249756
3.684582e-009	0.0121582
3.709582e-009	0.00312501
3.734582e-009	0.0134277
3.759582e-009	0.0175293
3.784582e-009	-0.00295409
3.809582e-009	-0.000366203
3.834582e-009	0.0139404
3.859582e-009	-0.000805657
3.884582e-009	0.00148927
3.909582e-009	0.0152588
3.934582e-009	0.0133057
3.959582e-009	0.0116943
3.984582e-009	-0.00566406
4.009582e-009	-0.00502929
4.034582e-009	0.018335
4.059582e-009	0.0197022
4.084582e-009	0.0223145
4.109582e-009	0.0163818
4.134582e-009	0.0116943
4.159582e-009	0.0245117
4.184582e-009	0.013794
4.209582e-009	0.0141846
4.234582e-009	0.0339111
4.259582e-009	0.0342041
4.284582e-009	0.0329834
4.309582e-009	0.029126
4.334582e-009	0.0275391
4.359582e-009	0.0397461
4.384582e-009	0.0409912
4.409582e-009	0.0315918
4.434582e-009	0.0358887
4.459582e-009	0.0428467
4.484582e-009	0.0344727
4.509582e-009	0.0384766
4.534582e-009	0.0472412
4.559582e-009	0.0273682
4.584582e-009	0.0105469
4.609582e-009	0.0104004
4.634582e-009	0.0185303
4.659582e-009	0.0308838
4.684582e-009	0.0203613
4.709582e-009	0.00720216
4.734582e-009	0.0189453
4.759582e-009	0.0244629
4.784582e-009	0.00737305
4.809582e-009	0.00505372
4.834582e-009	0.0140381
4.859582e-009	0.00793458
4.884582e-009	0.0166748
4.909582e-009	0.0145264
4.934582e-009	-0.00642089
4.959582e-009	-0.000292961
4.984582e-009	0.00249024
5.009582e-009	0.002417
5.034582e-009	0.00871583
5.059582e-009	0.00859376
5.084582e-009	0.0207764
5.109582e-009	0.0218018
5.134582e-009	0.00822755
5.159582e-009	0.0109375
5.184582e-009	0.0189697
5.209582e-009	0.015332
5.234582e-009	0.0115967
5.259582e-009	0.0162598
5.284582e-009	0.0124756
5.309582e-009	0.00974122
5.334582e-009	0.0142334
5.359582e-009	0.00798341
5.384582e-009	0.00812989
5.409582e-009	0.0219727
5.434582e-009	0.027124
5.459582e-009	0.0189209
5.484582e-009	0.0157471
5.509582e-009	0.0234863
5.534582e-009	0.0337647
5.559582e-009	0.0339356
5.584582e-009	0.0161133
5.609582e-009	0.0156006
5.634582e-009	0.0323242
5.659582e-009	0.0294434
5.684582e-009	0.0265869
5.709582e-009	0.0265869
5.734582e-009	0.0240234
5.759582e-009	0.0308594
5.784582e-009	0.0246338
5.809582e-009	0.0180908
5.834582e-009	0.028833
5.859582e-009	0.0276856
5.884582e-009	0.0279053
5.909582e-009	0.0293701
5.934582e-009	0.0198486
5.959582e-009	0.0234131
5.984582e-009	0.0217529
6.009582e-009	0.0181152
6.034582e-009	0.0234863
6.059582e-009	0.0253174
6.084582e-009	0.0217285
6.109582e-009	0.00356446
6.134582e-009	0.0106934
6.159582e-009	0.0277588
6.184582e-009	0.0125732
6.209582e-009	0.0102783
6.234582e-009	0.0187012
6.259582e-009	0.0135742
6.284582e-009	0.0121094
6.309582e-009	0.0223145
6.334582e-009	0.029834
6.359582e-009	0.024292
6.384582e-009	0.0202393
6.409582e-009	0.020459
6.434582e-009	0.0181397
6.459582e-009	0.0146729
6.484582e-009	0.0180664
6.509582e-009	0.0159424
6.534582e-009	0.00725098
6.559582e-009	0.0152344
6.584582e-009	0.0179199
6.609582e-009	0.0181152
6.634582e-009	0.0226563
6.659582e-009	0.0134277
6.684582e-009	0.0198975
6.709582e-009	0.0262207
6.734582e-009	0.0213867
6.759582e-009	0.0324707
6.784582e-009	0.0253906
6.809582e-009	0.0135498
6.834582e-009	0.0153809
6.859582e-009	0.00639649
6.884582e-009	0.0200195
6.909582e-009	0.0370117
6.934582e-009	0.0243408
6.959582e-009	0.0174072
6.984582e-009	0.0153565
7.009582e-009	0.0219971
7.034582e-009	0.0354248
7.059582e-009	0.02771
7.084582e-009	0.0167969
7.109582e-009	0.0152344
7.134582e-009	0.0205566
7.159582e-009	0.0243897
7.184582e-009	0.015625
7.209582e-009	0.0196045
7.234582e-009	0.0250488
7.259582e-009	0.0179688
7.284582e-009	0.0187988
7.309582e-009	0.0123779
7.334582e-009	0.010669
7.359582e-009	0.0130127
7.384582e-009	0.00527345
7.409582e-009	0.0180176
7.434582e-009	0.0274414
7.459582e-009	0.0205811
7.484582e-009	0.0128662
7.509582e-009	0.00759278
7.534582e-009	0.0196045
7.559582e-009	0.0163574
7.584582e-009	0.00319825
7.609582e-009	0.0123535
7.634582e-009	0.0178711
7.659582e-009	0.0201172
7.684582e-009	0.0213867
7.709582e-009	0.0143311
7.734582e-009	0.0256104
7.759582e-009	0.0352295
7.784582e-009	0.0132324
7.809582e-009	0.00651856
7.834582e-009	0.029834
7.859582e-009	0.0363037
7.884582e-009	0.0214844
7.909582e-009	0.0155762
7.934582e-009	0.0252686
7.959582e-009	0.028125
7.984582e-009	0.0191162
8.009582e-009	0.0209717
8.034582e-009	0.024707
8.059582e-009	0.00974122
8.084582e-009	0.00383302
8.109582e-009	0.0203125
8.134582e-009	0.0317627
8.159582e-009	0.0302002
8.184582e-009	0.0222656
8.209582e-009	0.0135986
8.234582e-009	0.0104248
8.259582e-009	0.0198731
8.284582e-009	0.0316406
8.309582e-009	0.0218506
8.334582e-009	0.00742188
8.359582e-009	0.0118897
8.384582e-009	0.0130859
8.409582e-009	0.00136719
8.434582e-009	0.00549317
8.459582e-009	0.0195313
8.484582e-009	0.0208984
8.509582e-009	0.0144043
8.534582e-009	0.00283204
8.559582e-009	0.00187989
8.584582e-009	0.0155762
8.609582e-009	0.0226318
8.634582e-009	0.0251953
8.659582e-009	0.0302002
8.684582e-009	0.0263916
8.709582e-009	0.0157715
8.734582e-009	0.0187256
8.759582e-009	0.0212891
8.784582e-009	0.0158691
8.809582e-009	0.0256104
8.834582e-009	0.0298828
8.859582e-009	0.0218506
8.884582e-009	0.0259033
8.909582e-009	0.0229981
8.934582e-009	0.0235596
8.959582e-009	0.0408447
8.984582e-009	0.029419
9.009582e-009	0.017627
9.034582e-009	0.0228516
9.059582e-009	0.0179932
9.084582e-009	0.034082
9.109582e-009	0.0342041
9.134582e-009	0.0249268
9.159582e-009	0.0347656
9.184582e-009	0.017041
9.209582e-009	0.014209
9.234582e-009	0.0196045
9.259582e-009	0.0181397
9.284582e-009	0.0369629
9.309582e-009	0.0250244
9.334582e-009	0.0158936
9.359582e-009	0.030957
9.384582e-009	0.0250244
9.409582e-009	0.0237549
9.434582e-009	0.0214844
9.459582e-009	0.0102783
9.484582e-009	0.014502
9.509582e-009	0.014209
9.534582e-009	0.0156006
9.559582e-009	0.0222412
9.584582e-009	0.0057129
9.609582e-009	-0.00639648
9.634582e-009	-0.000708
9.659582e-009	0.00839845
9.684582e-009	0.0133545
9.709582e-009	0.00749512
9.734582e-009	0.0135742
9.759582e-009	0.0153809
9.784582e-009	0.0101807
9.809582e-009	0.0175293
9.834582e-009	0.0211914
9.859582e-009	0.0306885
9.884582e-009	0.0189941
9.909582e-009	-0.00107421
9.934582e-009	0.0243164
9.959582e-009	0.0380127
9.984582e-009	0.0234131
1.000958e-008	0.0224854
1.003458e-008	0.0227295
1.005958e-008	0.0215332
1.008458e-008	0.0228272
1.010958e-008	0.0232422
1.013458e-008	0.0298096
1.015958e-008	0.0288818
1.018458e-008	0.0211914
1.020958e-008	0.0241211
1.023458e-008	0.0293701
1.025958e-008	0.0395508
1.028458e-008	0.0374756
1.030958e-008	0.0164307
1.033458e-008	0.0178711
1.035958e-008	0.0229004
1.038458e-008	0.0128418
1.040958e-008	0.0213379
1.043458e-008	0.035083
1.045958e-008	0.0279541
1.048458e-008	0.0241943
1.050958e-008	0.023999
1.053458e-008	0.0154541
1.055958e-008	0.0230225
1.058458e-008	0.0237549
1.060958e-008	0.0182373
1.063458e-008	0.0348145
1.065958e-008	0.0313477
1.068458e-008	0.0158203
1.070958e-008	0.0177979
1.073458e-008	0.0170899
1.075958e-008	0.0136231
1.078458e-008	0.0154541
1.080958e-008	0.0117188
1.083458e-008	0.0081543
1.085958e-008	0.0195068
1.088458e-008	0.0260498
1.090958e-008	0.0236572
1.093458e-008	0.0170166
1.095958e-008	0.0105713
1.098458e-008	0.0224854
1.100958e-008	0.027002
1.103458e-008	0.0230225
1.105958e-008	0.0265381
1.108458e-008	0.0127441
1.110958e-008	-0.00258788
1.113458e-008	0.00732423
1.115958e-008	0.0158203
1.118458e-008	0.0106201
1.120958e-008	0.0192383
1.123458e-008	0.024292
1.125958e-008	0.00786134
1.128458e-008	0.00419923
1.130958e-008	0.00712891
1.133458e-008	0.0119385
1.135958e-008	0.0256104
1.138458e-008	0.0209229
1.140958e-008	0.0196777
1.143458e-008	0.0280762
1.145958e-008	0.0148438
1.148458e-008	0.00852052
1.150958e-008	0.0119629
1.153458e-008	0.0127197
1.155958e-008	0.0186524
1.158458e-008	0.0171387
1.160958e-008	0.023584
1.163458e-008	0.0205811
1.165958e-008	0.00734864
1.168458e-008	0.0193848
1.170958e-008	0.0154053
1.173458e-008	0.0109375
1.175958e-008	0.0195313
1.178458e-008	0.00612794
1.180958e-008	0.0108399
1.183458e-008	0.0224365
1.185958e-008	0.0194336
1.188458e-008	0.0224609
1.190958e-008	0.0155762
1.193458e-008	0.0162109
1.195958e-008	0.0292481
1.198458e-008	0.0241699
1.200958e-008	0.0182861
1.203458e-008	0.0270996
1.205958e-008	0.0316895
1.208458e-008	0.0182373
1.210958e-008	0.00219727
1.213458e-008	0.0161377
1.215958e-008	0.0347168
1.218458e-008	0.0233399
1.220958e-008	0.0172363
1.223458e-008	0.0292481
1.225958e-008	0.0376709
1.228458e-008	0.0278809
1.230958e-008	0.0114014
1.233458e-008	0.0244385
1.235958e-008	0.0417236
1.238458e-008	0.0343994
1.240958e-008	0.024292
1.243458e-008	0.0198486
1.245958e-008	0.0185791
1.248458e-008	0.0178223
1.250958e-008	0.0194824
1.253458e-008	0.0213135
1.255958e-008	0.0274658
1.258458e-008	0.0241699
1.260958e-008	0.00825196
1.263458e-008	0.0208008
1.265958e-008	0.032666
1.268458e-008	0.020459
1.270958e-008	0.0188721
1.273458e-008	0.0263672
1.275958e-008	0.0220703
1.278458e-008	0.00322266
1.280958e-008	0.00583497
1.283458e-008	0.0230469
1.285958e-008	0.0244629
1.288458e-008	0.0145752
1.290958e-008	-0.00124511
1.293458e-008	0.0088379
1.295958e-008	0.0229492
1.298458e-008	0.00876466
1.300958e-008	0.0130615
1.303458e-008	0.0272949
1.305958e-008	0.013916
1.308458e-008	0.00354005
1.310958e-008	0.0139893
1.313458e-008	0.0242676
1.315958e-008	0.0222168
1.318458e-008	0.0149658
1.320958e-008	0.0159668
1.323458e-008	0.0182373
1.325958e-008	0.0223145
1.328458e-008	0.0266358
1.330958e-008	0.02229
1.333458e-008	0.0302246
1.335958e-008	0.0328858
1.338458e-008	0.0177002
1.340958e-008	0.0151123
1.343458e-008	0.0173096
1.345958e-008	0.0201416
1.348458e-008	0.0237061
1.350958e-008	0.0209717
1.353458e-008	0.0252441
1.355958e-008	0.0282471
1.358458e-008	0.0205811
1.360958e-008	0.0223389
1.363458e-008	0.031958
1.365958e-008	0.0284668
1.368458e-008	0.0243408
1.370958e-008	0.0304688
1.373458e-008	0.0320801
1.375958e-008	0.0243164
1.378458e-008	0.0110352
1.380958e-008	0.0102051
1.383458e-008	0.0242432
1.385958e-008	0.0250244
1.388458e-008	0.0169922
1.390958e-008	0.0165283
1.393458e-008	0.0166992
1.395958e-008	0.0181397
1.398458e-008	0.0162842
1.400958e-008	0.0136475
1.403458e-008	0.0186524
1.405958e-008	0.0119873
1.408458e-008	0.00551759
1.410958e-008	0.018335
1.413458e-008	0.0219482
1.415958e-008	0.011792
1.418458e-008	0.0098877
1.420958e-008	0.013501
1.423458e-008	0.0192383
1.425958e-008	0.0231445
1.428458e-008	0.010083
1.430958e-008	0.00490723
1.433458e-008	0.0197998
1.435958e-008	0.0180176
1.438458e-008	0.0124024
1.440958e-008	0.0181397
1.443458e-008	0.0194336
1.445958e-008	0.0210449
1.448458e-008	0.012915
1.450958e-008	0.00979005
1.453458e-008	0.0313477
1.455958e-008	0.0342774
1.458458e-008	0.0173828
1.460958e-008	0.0202149
1.463458e-008	0.0241699
1.465958e-008	0.017749
1.468458e-008	0.02146
1.470958e-008	0.0272461
1.473458e-008	0.0295654
1.475958e-008	0.0318848
1.478458e-008	0.0280274
1.480958e-008	0.026416
1.483458e-008	0.0233643
1.485958e-008	0.0153565
1.488458e-008	0.0226074
1.490958e-008	0.032251
1.493458e-008	0.0276611
1.495958e-008	0.0188477
1.498458e-008	0.00930177
1.500958e-008	0.00959473
1.503458e-008	0.0213135
1.505958e-008	0.0284424
1.508458e-008	0.0217041
1.510958e-008	0.0155029
1.513458e-008	0.0179199
1.515958e-008	0.0141113
1.518458e-008	0.0162598
1.520958e-008	0.0204346
1.523458e-008	0.0126221
1.525958e-008	0.0161621
1.528458e-008	0.020459
1.530958e-008	0.0140625
1.533458e-008	0.0174805
1.535958e-008	0.0206299
1.538458e-008	0.0179688
1.540958e-008	0.0205322
1.543458e-008	0.013208
1.545958e-008	0.00288087
1.548458e-008	0.0119873
1.550958e-008	0.0156982
1.553458e-008	0.012207
1.555958e-008	0.0268066
1.558458e-008	0.0283447
1.560958e-008	0.0141846
1.563458e-008	0.0108887
1.565958e-008	0.00742188
1.568458e-008	0.0216065
1.570958e-008	0.0406738
1.573458e-008	0.0307129
1.575958e-008	0.0261719
1.578458e-008	0.0249512
1.580958e-008	0.0175781
1.583458e-008	0.0239502
1.585958e-008	0.0172607
1.588458e-008	0.0111816
1.590958e-008	0.0248779
1.593458e-008	0.0275147
1.595958e-008	0.0273193
1.598458e-008	0.0220215
1.600958e-008	0.0102295
1.603458e-008	0.0187744
1.605958e-008	0.0285889
1.608458e-008	0.0276856
1.610958e-008	0.0264404
1.613458e-008	0.0250977
1.615958e-008	0.0303711
1.618458e-008	0.0268311
1.620958e-008	0.0131592
1.623458e-008	0.0143799
1.625958e-008	0.0213623
1.628458e-008	0.0203125
1.630958e-008	0.0206787
1.633458e-008	0.0305664
1.635958e-008	0.0297608
1.638458e-008	0.0150147
1.640958e-008	0.0233643
1.643458e-008	0.0250977
1.645958e-008	0.00375977
1.648458e-008	0.00498048
1.650958e-008	0.00812989
1.653458e-008	0.0174561
1.655958e-008	0.033252
1.658458e-008	0.00966798
1.660958e-008	0.00673829
1.663458e-008	0.0273926
1.665958e-008	0.0127441
1.668458e-008	0.0139893
1.670958e-008	0.0263916
1.673458e-008	0.0256592
1.675958e-008	0.0311035
1.678458e-008	0.0136963
1.680958e-008	0.00627442
1.683458e-008	0.0226807
1.685958e-008	0.0193604
1.688458e-008	0.0245606
1.690958e-008	0.0271484
1.693458e-008	0.0185303
1.695958e-008	0.0273926
1.698458e-008	0.0239258
1.700958e-008	0.0172852
1.703458e-008	0.0260254
1.705958e-008	0.0275635
1.708458e-008	0.027002
1.710958e-008	0.0227539
1.713458e-008	0.0206055
1.715958e-008	0.0271484
1.718458e-008	0.0148926
1.720958e-008	0.00593262
1.723458e-008	0.0164795
1.725958e-008	0.0165527
1.728458e-008	0.0237061
1.730958e-008	0.0293945
1.733458e-008	0.0245606
1.735958e-008	0.0362549
1.738458e-008	0.027124
1.740958e-008	0.0114258
1.743458e-008	0.026416
1.745958e-008	0.0256348
1.748458e-008	0.0143799
1.750958e-008	0.0203857
1.753458e-008	0.0275635
1.755958e-008	0.0203857
1.758458e-008	0.00349122
1.760958e-008	0.012793
1.763458e-008	0.0299072
1.765958e-008	0.0197266
1.768458e-008	0.0178955
1.770958e-008	0.0204834
1.773458e-008	0.00725098
1.775958e-008	0.0148193
1.778458e-008	0.0238037
1.780958e-008	0.0132813
1.783458e-008	0.025415
1.785958e-008	0.037793
1.788458e-008	0.030127
1.790958e-008	0.0246338
1.793458e-008	0.0255127
1.795958e-008	0.0319336
1.798458e-008	0.0211426
1.800958e-008	0.0162598
1.803458e-008	0.0270996
1.805958e-008	0.0228516
1.808458e-008	0.0268799
1.810958e-008	0.0366943
1.813458e-008	0.0361572
1.815958e-008	0.0251953
1.818458e-008	0.0154785
1.820958e-008	0.0211182
1.823458e-008	0.023584
1.825958e-008	0.0278076
1.828458e-008	0.0318359
1.830958e-008	0.0282959
1.833458e-008	0.0256592
1.835958e-008	0.0242676
1.838458e-008	0.0295654
1.840958e-008	0.0233154
1.843458e-008	0.00913087
1.845958e-008	0.0125977
1.848458e-008	0.0240723
1.850958e-008	0.0229492
1.853458e-008	0.0175049
1.855958e-008	0.0226563
1.858458e-008	0.00922852
1.860958e-008	-0.000439446
1.863458e-008	0.0181152
1.865958e-008	0.0168213
1.868458e-008	0.0175537
1.870958e-008	0.0234375
1.873458e-008	0.0172363
1.875958e-008	0.0203857
1.878458e-008	0.00964356
1.880958e-008	0.0097168
1.883458e-008	0.0209717
1.885958e-008	0.0101807
1.888458e-008	0.00239259
1.890958e-008	0.00185548
1.893458e-008	0.0161865
1.895958e-008	0.0250977
1.898458e-008	0.0139649
1.900958e-008	0.0133789
1.903458e-008	0.0104736
1.905958e-008	0.0123535
1.908458e-008	0.0252686
1.910958e-008	0.0227295
1.913458e-008	0.0218018
1.915958e-008	0.0259277
1.918458e-008	0.0203857
1.920958e-008	0.0190918
1.923458e-008	0.0196045
1.925958e-008	0.0217529
1.928458e-008	0.0246094
1.930958e-008	0.0179688
1.933458e-008	0.0209717
1.935958e-008	0.0249024
1.938458e-008	0.0163574
1.940958e-008	0.019458
1.943458e-008	0.0271973
1.945958e-008	0.0266113
1.948458e-008	0.0291016
1.950958e-008	0.0350342
1.953458e-008	0.0419434
1.955958e-008	0.0364014
1.958458e-008	0.00964356
1.960958e-008	0.0072754
1.963458e-008	0.0306397
1.965958e-008	0.0303711
1.968458e-008	0.0141113
1.970958e-008	0.00556641
1.973458e-008	0.0151856
1.975958e-008	0.0242676
1.978458e-008	0.0246338
1.980958e-008	0.0275635
1.983458e-008	0.0185791
1.985958e-008	0.0149658
1.988458e-008	0.0155274
1.990958e-008	0.0156738
1.993458e-008	0.0257568
1.995958e-008	0.0126465
1.998458e-008	0.00148927
2.000958e-008	0.0187744
2.003458e-008	0.0237793
2.005958e-008	0.0215332
2.008458e-008	0.0327637
2.010958e-008	0.0313477
2.013458e-008	0.0171143
2.015958e-008	0.020874
2.018458e-008	0.0263184
2.020958e-008	0.0179688
2.023458e-008	0.0121826
2.025958e-008	0.0150391
2.028458e-008	0.0215576
2.030958e-008	0.0185791
2.033458e-008	0.0159668
2.035958e-008	0.0259766
2.038458e-008	0.0283936
2.040958e-008	0.0286865
2.043458e-008	0.0341797
2.045958e-008	0.0219238
2.048458e-008	0.0152832
2.050958e-008	0.0253174
2.053458e-008	0.032544
2.055958e-008	0.0447022
2.058458e-008	0.0365723
2.060958e-008	0.0209717
2.063458e-008	0.02854
2.065958e-008	0.0298096
2.068458e-008	0.0293701
2.070958e-008	0.0292236
2.073458e-008	0.0258545
2.075958e-008	0.0359131
2.078458e-008	0.0328613
2.080958e-008	0.0194824
2.083458e-008	0.0232422
2.085958e-008	0.0209229
2.088458e-008	0.0201172
2.090958e-008	0.0302734
2.093458e-008	0.0258545
2.095958e-008	0.027124
2.098458e-008	0.0259766
2.100958e-008	0.0101074
2.103458e-008	0.0131104
2.105958e-008	0.0223877
2.108458e-008	0.02146
2.110958e-008	0.0138672
2.113458e-008	0.0171875
2.115958e-008	0.0283691
2.118458e-008	0.0201172
2.120958e-008	0.0178467
2.123458e-008	0.0209961
2.125958e-008	0.012085
2.128458e-008	0.0115967
2.130958e-008	0.0170654
2.133458e-008	0.0218506
2.135958e-008	0.0237305
2.138458e-008	0.0192627
2.140958e-008	0.0174805
2.143458e-008	0.0265137
2.145958e-008	0.0271973
2.148458e-008	0.0134033
2.150958e-008	0.0203857
2.153458e-008	0.0370361
2.155958e-008	0.0365723
2.158458e-008	0.0281738
2.160958e-008	0.0241699
2.163458e-008	0.0295899
2.165958e-008	0.0247315
2.168458e-008	0.0170654
2.170958e-008	0.023877
2.173458e-008	0.0361816
2.175958e-008	0.0394287
2.178458e-008	0.0214356
2.180958e-008	0.00903321
2.183458e-008	0.00944825
2.185958e-008	0.0164307
2.188458e-008	0.0285156
2.190958e-008	0.0221436
2.193458e-008	0.0218506
2.195958e-008	0.032959
2.198458e-008	0.0205322
2.200958e-008	0.0102539
2.203458e-008	0.0264893
2.205958e-008	0.025293
2.208458e-008	-0.00219726
2.210958e-008	0.0038086
2.213458e-008	0.0353027
2.215958e-008	0.0370606
2.218458e-008	0.0168701
2.220958e-008	0.010083
2.223458e-008	0.0190186
2.225958e-008	0.025
2.228458e-008	0.0222656
2.230958e-008	0.0101807
2.233458e-008	0.011084
2.235958e-008	0.0269531
2.238458e-008	0.0222412
2.240958e-008	0.0171143
2.243458e-008	0.0241943
2.245958e-008	0.0186035
2.248458e-008	0.0159424
2.250958e-008	0.0229736
2.253458e-008	0.0281494
2.255958e-008	0.0248047
2.258458e-008	0.0110107
2.260958e-008	0.0150147
2.263458e-008	0.0294678
2.265958e-008	0.0219727
2.268458e-008	0.0134522
2.270958e-008	0.0131104
2.273458e-008	0.0147217
2.275958e-008	0.022168
2.278458e-008	0.0244629
2.280958e-008	0.0229736
2.283458e-008	0.0188965
2.285958e-008	0.0168945
2.288458e-008	0.0202637
2.290958e-008	0.014502
2.293458e-008	0.0160645
2.295958e-008	0.0250733
2.298458e-008	0.0133057
2.300958e-008	0.00607911
2.303458e-008	0.0219238
2.305958e-008	0.0284912
2.308458e-008	0.0138672
2.310958e-008	0.000292976
2.313458e-008	0.00598145
2.315958e-008	0.0164307
2.318458e-008	0.0135498
2.320958e-008	0.00637208
2.323458e-008	0.0140625
2.325958e-008	0.0297119
2.328458e-008	0.0256104
2.330958e-008	0.0150635
2.333458e-008	0.0160156
2.335958e-008	0.0173828
2.338458e-008	0.0169678
2.340958e-008	0.0206787
2.343458e-008	0.0286133
2.345958e-008	0.0251221
2.348458e-008	0.0213623
2.350958e-008	0.023877
2.353458e-008	0.0215332
2.355958e-008	0.0303223
2.358458e-008	0.0279297
2.360958e-008	0.020166
2.363458e-008	0.0318848
2.365958e-008	0.0260254
2.368458e-008	0.0155274
2.370958e-008	0.0171875
2.373458e-008	0.0186524
2.375958e-008	0.0293213
2.378458e-008	0.027417
2.380958e-008	0.0215088
2.383458e-008	0.0256348
2.385958e-008	0.0248291
2.388458e-008	0.0337402
2.390958e-008	0.0313965
2.393458e-008	0.023584
2.395958e-008	0.0279297
2.398458e-008	0.0115967
2.400958e-008	0.0172852
2.403458e-008	0.0402832
2.405958e-008	0.0244385
2.408458e-008	0.0135742
2.410958e-008	0.0198731
2.413458e-008	0.0240479
2.415958e-008	0.0287354
2.418458e-008	0.0185059
2.420958e-008	0.0114746
2.423458e-008	0.0196533
2.425958e-008	0.0188965
2.428458e-008	0.0150147
2.430958e-008	0.0246338
2.433458e-008	0.0361084
2.435958e-008	0.0303223
2.438458e-008	0.0218506
2.440958e-008	0.0269043
2.443458e-008	0.0246338
2.445958e-008	0.0180176
2.448458e-008	0.0104736
2.450958e-008	0.00222169
2.453458e-008	0.0196533
2.455958e-008	0.0388428
2.458458e-008	0.0322998
2.460958e-008	0.021582
2.463458e-008	0.0205322
2.465958e-008	0.0159424
2.468458e-008	0.0117432
2.470958e-008	0.0185059
2.473458e-008	0.0139893
2.475958e-008	0.0128906
2.478458e-008	0.0202637
2.480958e-008	0.0173584
2.483458e-008	0.0272461
2.485958e-008	0.0260742
2.488458e-008	0.00754395
2.490958e-008	0.0135742
2.493458e-008	0.0329346
2.495958e-008	0.0321777
2.498458e-008	0.0112549
2.500958e-008	0.0116699
2.503458e-008	0.0232178
2.505958e-008	0.0215332
2.508458e-008	0.0289307
2.510958e-008	0.022168
2.513458e-008	0.0158691
2.515958e-008	0.0268799
2.518458e-008	0.0253418
2.520958e-008	0.0287109
2.523458e-008	0.0186035
2.525958e-008	0.00903321
2.528458e-008	0.0260254
2.530958e-008	0.0267334
2.533458e-008	0.0334473
2.535958e-008	0.0378174
2.538458e-008	0.0179688
2.540958e-008	0.0168945
2.543458e-008	0.0223633
2.545958e-008	0.021582
2.548458e-008	0.0215088
2.550958e-008	0.0202393
2.553458e-008	0.0248291
2.555958e-008	0.022583
2.558458e-008	0.020459
2.560958e-008	0.0285889
2.563458e-008	0.0239258
2.565958e-008	0.015332
2.568458e-008	0.023291
2.570958e-008	0.0265625
2.573458e-008	0.027832
2.575958e-008	0.0371338
2.578458e-008	0.0288574
2.580958e-008	0.0171631
2.583458e-008	0.025
2.585958e-008	0.0281494
2.588458e-008	0.0191162
2.590958e-008	0.0152344
2.593458e-008	0.0112549
2.595958e-008	0.0128662
2.598458e-008	0.0244629
2.600958e-008	0.0131104
2.603458e-008	0.00417481
2.605958e-008	0.0190918
2.608458e-008	0.00886231
2.610958e-008	0.00229493
2.613458e-008	0.0282959
2.615958e-008	0.0335938
2.618458e-008	0.0121826
2.620958e-008	0.00678712
2.623458e-008	0.0252197
2.625958e-008	0.0322754
2.628458e-008	0.0246826
2.630958e-008	0.0210938
2.633458e-008	0.0160889
2.635958e-008	0.0151856
2.638458e-008	0.0219971
2.640958e-008	0.0269531
2.643458e-008	0.0238037
2.645958e-008	0.0248047
2.648458e-008	0.0223877
2.650958e-008	0.0109375
2.653458e-008	0.0190918
2.655958e-008	0.0286621
2.658458e-008	0.0260742
2.660958e-008	0.0249756
2.663458e-008	0.017334
2.665958e-008	0.0154297
2.668458e-008	0.0204834
2.670958e-008	0.0235596
2.673458e-008	0.0290772
2.675958e-008	0.0187744
2.678458e-008	0.000561531
2.680958e-008	0.00734864
2.683458e-008	0.0193115
2.685958e-008	0.0180664
2.688458e-008	0.0178711
2.690958e-008	0.0249268
2.693458e-008	0.0331787
2.695958e-008	0.0271729
2.698458e-008	0.0197998
2.700958e-008	0.0193848
2.703458e-008	0.0196533
2.705958e-008	0.0272461
2.708458e-008	0.0229981
2.710958e-008	0.0216553
2.713458e-008	0.0406494
2.715958e-008	0.0339844
2.718458e-008	0.0129883
2.720958e-008	0.011377
2.723458e-008	0.00703126
2.725958e-008	0.0116943
2.728458e-008	0.0251465
2.730958e-008	0.018335
2.733458e-008	0.0144043
2.735958e-008	0.0220459
2.738458e-008	0.0233399
2.740958e-008	0.0239746
2.743458e-008	0.0272217
2.745958e-008	0.0282715
2.748458e-008	0.0309082
2.750958e-008	0.0248779
2.753458e-008	0.0139404
2.755958e-008	0.0273926
2.758458e-008	0.0318359
2.760958e-008	0.0140381
2.763458e-008	0.0233399
2.765958e-008	0.0342285
2.768458e-008	0.0145752
2.770958e-008	0.0123291
2.773458e-008	0.0291748
2.775958e-008	0.0163086
2.778458e-008	0.00773927
2.780958e-008	0.0195557
2.783458e-008	0.00808106
2.785958e-008	0.0101318
2.788458e-008	0.0335449
2.790958e-008	0.027832
2.793458e-008	0.0171387
2.795958e-008	0.020044
2.798458e-008	0.0144531
2.800958e-008	0.0112549
2.803458e-008	0.0178955
2.805958e-008	0.0231201
2.808458e-008	0.0233154
2.810958e-008	0.0151367
2.813458e-008	0.0126465
2.815958e-008	0.019165
2.818458e-008	0.0143311
2.820958e-008	0.0161377
2.823458e-008	0.0285889
2.825958e-008	0.021167
2.828458e-008	0.0191895
2.830958e-008	0.0252686
2.833458e-008	0.0186035
2.835958e-008	0.0251953
2.838458e-008	0.0202637
2.840958e-008	0.0138672
2.843458e-008	0.026416
2.845958e-008	0.0121338
2.848458e-008	0.0083252
2.850958e-008	0.0173584
2.853458e-008	0.0111816
2.855958e-008	0.0193115
2.858458e-008	0.0174072
2.860958e-008	0.0115967
2.863458e-008	0.0196533
2.865958e-008	0.0166992
2.868458e-008	0.0130371
2.870958e-008	0.0164551
2.873458e-008	0.030542
2.875958e-008	0.0403565
2.878458e-008	0.0226318
2.880958e-008	0.022876
2.883458e-008	0.0366211
2.885958e-008	0.0206055
2.888458e-008	0.0142334
2.890958e-008	0.0218018
2.893458e-008	0.0278076
2.895958e-008	0.0322754
2.898458e-008	0.0107178
2.900958e-008	0.00126954
2.903458e-008	0.0194824
2.905958e-008	0.0179443
2.908458e-008	0.0131836
2.910958e-008	0.0154297
2.913458e-008	0.00781251
2.915958e-008	0.013501
2.918458e-008	0.0210205
2.920958e-008	0.0200195
2.923458e-008	0.0216553
2.925958e-008	0.0174072
2.928458e-008	0.021875
2.930958e-008	0.02854
2.933458e-008	0.0309082
2.935958e-008	0.0354248
2.938458e-008	0.0238281
2.940958e-008	0.0151123
2.943458e-008	0.0212402
2.945958e-008	0.0174805
2.948458e-008	0.0164551
2.950958e-008	0.0376221
2.953458e-008	0.0408936
2.955958e-008	0.0213379
2.958458e-008	0.0228027
2.960958e-008	0.0272949
2.963458e-008	0.0204102
2.965958e-008	0.0177002
2.968458e-008	0.0224365
2.970958e-008	0.0257568
2.973458e-008	0.0224365
2.975958e-008	0.0323486
2.978458e-008	0.0426758
2.980958e-008	0.0319824
2.983458e-008	0.0199463
2.985958e-008	0.0262207
2.988458e-008	0.0355225
2.990958e-008	0.026001
2.993458e-008	0.0228027
2.995958e-008	0.0290527
2.998458e-008	0.0218262
3.000958e-008	0.0239502
3.003458e-008	0.0365479
3.005958e-008	0.0326172
3.008458e-008	0.0208984
3.010958e-008	0.0155762
3.013458e-008	0.0138672
3.015958e-008	0.0192383
3.018458e-008	0.0270508
3.020958e-008	0.0161865
3.023458e-008	0.00314942
3.025958e-008	0.00891114
3.028458e-008	0.0190186
3.030958e-008	0.0306397
3.033458e-008	0.0358399
3.035958e-008	0.0275391
3.038458e-008	0.0209717
3.040958e-008	0.025293
3.043458e-008	0.0269287
3.045958e-008	0.0141357
3.048458e-008	0.0126953
3.050958e-008	0.020459
3.053458e-008	0.0235596
3.055958e-008	0.0319824
3.058458e-008	0.0250488
3.060958e-008	0.0128662
3.063458e-008	0.0161133
3.065958e-008	0.0213135
3.068458e-008	0.0241699
3.070958e-008	0.0188477
3.073458e-008	0.0163086
3.075958e-008	0.019165
3.078458e-008	0.00717774
3.080958e-008	0.00646973
3.083458e-008	0.0298096
3.085958e-008	0.0319824
3.088458e-008	0.0257813
3.090958e-008	0.0293701
3.093458e-008	0.0181641
3.095958e-008	0.023169
3.098458e-008	0.0263428
3.100958e-008	0.00764161
3.103458e-008	0.0172119
3.105958e-008	0.0219482
3.108458e-008	0.013794
3.110958e-008	0.0181641
3.113458e-008	0.020874
3.115958e-008	0.0322266
3.118458e-008	0.0208984
3.120958e-008	0.0050293
3.123458e-008	0.0182373
3.125958e-008	0.0109863
3.128458e-008	0.0116943
3.130958e-008	0.0263672
3.133458e-008	0.0216553
3.135958e-008	0.0254395
3.138458e-008	0.0241943
3.140958e-008	0.0275147
3.143458e-008	0.034668
3.145958e-008	0.0152344
3.148458e-008	0.00947266
3.150958e-008	0.0210205
3.153458e-008	0.025
3.155958e-008	0.0246094
3.158458e-008	0.0235107
3.160958e-008	0.0197754
3.163458e-008	0.0187012
3.165958e-008	0.0276123
3.168458e-008	0.0222412
3.170958e-008	0.0208984
3.173458e-008	0.0286133
3.175958e-008	0.025
3.178458e-008	0.0297608
3.180958e-008	0.0186524
3.183458e-008	0.0104981
3.185958e-008	0.0272949
3.188458e-008	0.0236328
3.190958e-008	0.0193848
3.193458e-008	0.0279541
3.195958e-008	0.023877
3.198458e-008	0.0128662
3.200958e-008	0.0110596
3.203458e-008	0.0176758
3.205958e-008	0.0155274
3.208458e-008	0.0111572
3.210958e-008	0.0131104
3.213458e-008	0.0217529
3.215958e-008	0.0227051
3.218458e-008	0.00686036
3.220958e-008	0.0144043
3.223458e-008	0.0279785
3.225958e-008	0.0189209
3.228458e-008	0.0182861
3.230958e-008	0.0220459
3.233458e-008	0.030249
3.235958e-008	0.0335449
3.238458e-008	0.0143799
3.240958e-008	0.00793458
3.243458e-008	0.0155762
3.245958e-008	0.0204346
3.248458e-008	0.0285889
3.250958e-008	0.0252441
3.253458e-008	0.0144775
3.255958e-008	0.0233399
3.258458e-008	0.0347656
3.260958e-008	0.0212647
3.263458e-008	0.00974122
3.265958e-008	0.0195068
3.268458e-008	0.0261719
3.270958e-008	0.0224854
3.273458e-008	0.0268311
3.275958e-008	0.0289795
3.278458e-008	0.0140381
3.280958e-008	0.0181152
3.283458e-008	0.0381836
3.285958e-008	0.0342285
3.288458e-008	0.0264649
3.290958e-008	0.0232178
3.293458e-008	0.015918
3.295958e-008	0.0162109
3.298458e-008	0.0122315
3.300958e-008	0.0110596
3.303458e-008	0.0201904
3.305958e-008	0.0228272
3.308458e-008	0.0219727
3.310958e-008	0.0153565
3.313458e-008	0.0182861
3.315958e-008	0.0295654
3.318458e-008	0.0258545
3.320958e-008	0.0248047
3.323458e-008	0.0206055
3.325958e-008	0.0145996
3.328458e-008	0.0174072
3.330958e-008	0.0157715
3.333458e-008	0.0287598
3.335958e-008	0.0357666
3.338458e-008	0.0208008
3.340958e-008	0.0234619
3.343458e-008	0.0296143
3.345958e-008	0.0185791
3.348458e-008	0.0147217
3.350958e-008	0.0240967
3.353458e-008	0.0309815
3.355958e-008	0.0275635
3.358458e-008	0.0202149
3.360958e-008	0.0209717
3.363458e-008	0.0295654
3.365958e-008	0.0335449
3.368458e-008	0.0256104
3.370958e-008	0.016333
3.373458e-008	0.0155274
3.375958e-008	0.0122803
3.378458e-008	0.0135498
3.380958e-008	0.0211182
3.383458e-008	0.0170166
3.385958e-008	0.0191406
3.388458e-008	0.0256836
3.390958e-008	0.0172363
3.393458e-008	0.0185791
3.395958e-008	0.0355957
3.398458e-008	0.0362793
3.400958e-008	0.0194092
3.403458e-008	0.00947266
3.405958e-008	0.0171387
3.408458e-008	0.0347412
3.410958e-008	0.0290283
3.413458e-008	0.011792
3.415958e-008	0.0154297
3.418458e-008	0.0102051
3.420958e-008	0.00876466
3.423458e-008	0.0243652
3.425958e-008	0.0277588
3.428458e-008	0.0239014
3.430958e-008	0.0142578
3.433458e-008	0.0142822
3.435958e-008	0.0272217
3.438458e-008	0.0286865
3.440958e-008	0.0300049
3.443458e-008	0.025415
3.445958e-008	0.0115234
3.448458e-008	0.0162109
3.450958e-008	0.0246826
3.453458e-008	0.0253662
3.455958e-008	0.0280518
3.458458e-008	0.0249756
3.460958e-008	0.0234375
3.463458e-008	0.0226807
3.465958e-008	0.0207764
3.468458e-008	0.0265137
3.470958e-008	0.0221924
3.473458e-008	0.0193115
3.475958e-008	0.0299805
3.478458e-008	0.0233399
3.480958e-008	0.01521
3.483458e-008	0.0238281
3.485958e-008	0.034082
3.488458e-008	0.040625
3.490958e-008	0.0254395
3.493458e-008	0.0243408
3.495958e-008	0.0393066
3.498458e-008	0.0170899
3.500958e-008	0.0118652
3.503458e-008	0.0269531
3.505958e-008	0.0220947
3.508458e-008	0.0295654
3.510958e-008	0.025
3.513458e-008	0.0131348
3.515958e-008	0.0256592
3.518458e-008	0.0162842
3.520958e-008	0.0011963
3.523458e-008	0.0213623
3.525958e-008	0.0302979
3.528458e-008	0.0249512
3.530958e-008	0.0241943
3.533458e-008	0.0189209
3.535958e-008	0.0322998
3.538458e-008	0.0349121
3.540958e-008	0.0164307
3.543458e-008	0.0264404
3.545958e-008	0.0364014
3.548458e-008	0.0254639
3.550958e-008	0.0276611
3.553458e-008	0.0367676
3.555958e-008	0.0265137
3.558458e-008	0.0156494
3.560958e-008	0.0259522
3.563458e-008	0.0241455
3.565958e-008	0.0145996
3.568458e-008	0.0172363
3.570958e-008	0.00451661
3.573458e-008	0.00920411
3.575958e-008	0.0259277
3.578458e-008	0.0136231
3.580958e-008	0.0229736
3.583458e-008	0.0327393
3.585958e-008	0.0200684
3.588458e-008	0.0264404
3.590958e-008	0.0287598
3.593458e-008	0.030835
3.595958e-008	0.0274902
3.598458e-008	0.00795899
3.600958e-008	0.0127686
3.603458e-008	0.0189697
3.605958e-008	0.0164795
3.608458e-008	0.0152344
3.610958e-008	0.00590821
3.613458e-008	0.020874
3.615958e-008	0.032959
3.618458e-008	0.0240479
3.620958e-008	0.0252441
3.623458e-008	0.012915
3.625958e-008	0.0181397
3.628458e-008	0.0435791
3.630958e-008	0.0306152
3.633458e-008	0.0275635
3.635958e-008	0.0351563
3.638458e-008	0.0134766
3.640958e-008	0.0170899
3.643458e-008	0.0299316
3.645958e-008	0.0198975
3.648458e-008	0.0265625
3.650958e-008	0.025293
3.653458e-008	0.015918
3.655958e-008	0.029541
3.658458e-008	0.0312744
3.660958e-008	0.0237549
3.663458e-008	0.0203369
3.665958e-008	0.00756837
3.668458e-008	0.00349122
3.670958e-008	0.0172607
3.673458e-008	0.0312744
3.675958e-008	0.0338135
3.678458e-008	0.0259766
3.680958e-008	0.0138916
3.683458e-008	0.0189209
3.685958e-008	0.0265625
3.688458e-008	0.0146729
3.690958e-008	0.0185547
3.693458e-008	0.023999
3.695958e-008	0.0159668
3.698458e-008	0.0208496
3.700958e-008	0.0128662
3.703458e-008	0.0133789
3.705958e-008	0.0288574
3.708458e-008	0.00146485
3.710958e-008	-0.00664062
3.713458e-008	0.0279541
3.715958e-008	0.027417
3.718458e-008	0.0178711
3.720958e-008	0.022583
3.723458e-008	0.0170899
3.725958e-008	0.0157959
3.728458e-008	0.0304932
3.730958e-008	0.0407715
3.733458e-008	0.0285156
3.735958e-008	0.023291
3.738458e-008	0.02771
3.740958e-008	0.0253418
3.743458e-008	0.0318604
3.745958e-008	0.0261719
3.748458e-008	0.0144775
3.750958e-008	0.0194092
3.753458e-008	0.018042
3.755958e-008	0.0161133
3.758458e-008	0.0123779
3.760958e-008	0.00493165
3.763458e-008	0.0182373
3.765958e-008	0.0306152
3.768458e-008	0.0207764
3.770958e-008	0.0158203
3.773458e-008	0.030127
3.775958e-008	0.0325684
3.778458e-008	0.0186279
3.780958e-008	0.0177246
3.783458e-008	0.0141113
3.785958e-008	0.00930177
3.788458e-008	0.0186524
3.790958e-008	0.0143799
3.793458e-008	0.0126953
3.795958e-008	0.0306397
3.798458e-008	0.0302979
3.800958e-008	0.0218262
3.803458e-008	0.0253174
3.805958e-008	0.0164307
3.808458e-008	0.010083
3.810958e-008	0.0189209
3.813458e-008	0.0189453
3.815958e-008	0.0127441
3.818458e-008	0.0155762
3.820958e-008	0.0229981
3.823458e-008	0.0170899
3.825958e-008	0.0112061
3.828458e-008	0.019043
3.830958e-008	0.0227295
3.833458e-008	0.0233643
3.835958e-008	0.0246582
3.838458e-008	0.0226807
3.840958e-008	0.0189209
3.843458e-008	0.0182129
3.845958e-008	0.0162598
3.848458e-008	0.0127197
3.850958e-008	0.015918
3.853458e-008	0.0169922
3.855958e-008	0.027124
3.858458e-008	0.0343262
3.860958e-008	0.0250733
3.863458e-008	0.0229981
3.865958e-008	0.0231934
3.868458e-008	0.0258301
3.870958e-008	0.0212647
3.873458e-008	0.0169434
3.875958e-008	0.0300049
3.878458e-008	0.0311279
3.880958e-008	0.0316895
3.883458e-008	0.0317871
3.885958e-008	0.0136719
3.888458e-008	0.008667
3.890958e-008	0.0165527
3.893458e-008	0.0167236
3.895958e-008	0.0189941
3.898458e-008	0.0266602
3.900958e-008	0.0272949
3.903458e-008	0.0226318
3.905958e-008	0.0241211
3.908458e-008	0.0200928
3.910958e-008	0.0100586
3.913458e-008	0.0268799
3.915958e-008	0.0421387
3.918458e-008	0.0183838
3.920958e-008	0.0101563
3.923458e-008	0.0258057
3.925958e-008	0.0229981
3.928458e-008	0.0200928
3.930958e-008	0.0265625
3.933458e-008	0.0284912
3.935958e-008	0.033252
3.938458e-008	0.0362305
3.940958e-008	0.0300537
3.943458e-008	0.0289795
3.945958e-008	0.0290772
3.948458e-008	0.0174316
3.950958e-008	0.00861817
3.953458e-008	0.021167
3.955958e-008	0.0328125
3.958458e-008	0.0182129
3.960958e-008	0.0108643
3.963458e-008	0.0248535
3.965958e-008	0.027832
3.968458e-008	0.0190674
3.970958e-008	0.0208984
3.973458e-008	0.0271484
3.975958e-008	0.0180908
3.978458e-008	0.0156006
3.980958e-008	0.023877
3.983458e-008	0.0166504
3.985958e-008	0.0171875
3.988458e-008	0.0309082
3.990958e-008	0.0320068
3.993458e-008	0.0310059
3.995958e-008	0.0286133
3.998458e-008	0.0197022
4.000958e-008	0.0219238
4.003458e-008	0.0282715
4.005958e-008	0.0238037
4.008458e-008	0.0125244
4.010958e-008	0.0083252
4.013458e-008	0.0220459
4.015958e-008	0.028833
4.018458e-008	0.0265137
4.020958e-008	0.0299805
4.023458e-008	0.0230957
4.025958e-008	0.014917
4.028458e-008	0.0210693
4.030958e-008	0.0296875
4.033458e-008	0.0285156
4.035958e-008	0.0249268
4.038458e-008	0.019043
4.040958e-008	0.0125732
4.043458e-008	0.0212647
4.045958e-008	0.0259033
4.048458e-008	0.0148682
4.050958e-008	0.00639649
4.053458e-008	0.0119141
4.055958e-008	0.0267822
4.058458e-008	0.0304443
4.060958e-008	0.0218018
4.063458e-008	0.0166504
4.065958e-008	0.017041
4.068458e-008	0.0164307
4.070958e-008	0.0253906
4.073458e-008	0.0358887
4.075958e-008	0.0212402
4.078458e-008	0.00898438
4.080958e-008	0.0162598
4.083458e-008	0.0110596
4.085958e-008	0.00610352
4.088458e-008	0.018335
4.090958e-008	0.0145508
4.093458e-008	0.0132568
4.095958e-008	0.0327881
4.098458e-008	0.0252441
4.100958e-008	0.0166504
4.103458e-008	0.0222412
4.105958e-008	0.0130371
4.108458e-008	0.0221436
4.110958e-008	0.0277588
4.113458e-008	0.0229248
4.115958e-008	0.0330322
4.118458e-008	0.0247803
4.120958e-008	0.0196045
4.123458e-008	0.021167
4.125958e-008	0.0146484
4.128458e-008	0.0202149
4.130958e-008	0.0219482
4.133458e-008	0.0288086
4.135958e-008	0.031665
4.138458e-008	0.0168457
4.140958e-008	0.0202637
4.143458e-008	0.0308838
4.145958e-008	0.0293213
4.148458e-008	0.0272705
4.150958e-008	0.0182373
4.153458e-008	0.0133789
4.155958e-008	0.0245606
4.158458e-008	0.020166
4.160958e-008	0.0116211
4.163458e-008	0.0185059
4.165958e-008	0.0160645
4.168458e-008	0.0153076
4.170958e-008	0.0262451
4.173458e-008	0.0334229
4.175958e-008	0.0268799
4.178458e-008	0.0140869
4.180958e-008	0.00859376
4.183458e-008	0.00661622
4.185958e-008	0.011084
4.188458e-008	0.0171387
4.190958e-008	0.0247315
4.193458e-008	0.0322022
4.195958e-008	0.0286377
4.198458e-008	0.0302246
4.200958e-008	0.0298584
4.203458e-008	0.0234619
4.205958e-008	0.0208252
4.208458e-008	0.00922852
4.210958e-008	0.0069336
4.213458e-008	0.0215332
4.215958e-008	0.0253662
4.218458e-008	0.00915528
4.220958e-008	-4.88207e-005
4.223458e-008	0.0229248
4.225958e-008	0.0348145
4.228458e-008	0.0168213
4.230958e-008	0.0154297
4.233458e-008	0.0263184
4.235958e-008	0.0275635
4.238458e-008	0.0258789
4.240958e-008	0.0243408
4.243458e-008	0.0264404
4.245958e-008	0.0245606
4.248458e-008	0.0131592
4.250958e-008	0.0137695
4.253458e-008	0.0294678
4.255958e-008	0.0307617
4.258458e-008	0.0187012
4.260958e-008	0.0160645
4.263458e-008	0.0272949
4.265958e-008	0.0342529
4.268458e-008	0.0244629
4.270958e-008	0.0229736
4.273458e-008	0.0318604
4.275958e-008	0.0271973
4.278458e-008	0.0144287
4.280958e-008	0.0167725
4.283458e-008	0.0342774
4.285958e-008	0.0363037
4.288458e-008	0.0167725
4.290958e-008	0.00117188
4.293458e-008	0.0108399
4.295958e-008	0.0238281
4.298458e-008	0.0173096
4.300958e-008	0.0192871
4.303458e-008	0.0217529
4.305958e-008	0.0183594
4.308458e-008	0.03125
4.310958e-008	0.0312744
4.313458e-008	0.0251465
4.315958e-008	0.032666
4.318458e-008	0.0185547
4.320958e-008	0.00751954
4.323458e-008	0.0206055
4.325958e-008	0.0268311
4.328458e-008	0.0242432
4.330958e-008	0.00952149
4.333458e-008	0.0101563
4.335958e-008	0.0321289
4.338458e-008	0.025293
4.340958e-008	0.0197022
4.343458e-008	0.0323486
4.345958e-008	0.0236328
4.348458e-008	0.0203125
4.350958e-008	0.0334961
4.353458e-008	0.0344971
4.355958e-008	0.020044
4.358458e-008	0.00339356
4.360958e-008	0.0162354
4.363458e-008	0.037207
4.365958e-008	0.0289795
4.368458e-008	0.0247559
4.370958e-008	0.0261719
4.373458e-008	0.0242188
4.375958e-008	0.0280762
4.378458e-008	0.0182129
4.380958e-008	0.0153565
4.383458e-008	0.0228027
4.385958e-008	0.0137695
4.388458e-008	0.0103027
4.390958e-008	0.010791
4.393458e-008	0.020874
4.395958e-008	0.0420899
4.398458e-008	0.0289063
4.400958e-008	0.0213867
4.403458e-008	0.0348145
4.405958e-008	0.0244629
4.408458e-008	0.0194336
4.410958e-008	0.0203369
4.413458e-008	0.0234863
4.415958e-008	0.0189941
4.418458e-008	-0.00131835
4.420958e-008	0.00874024
4.423458e-008	0.0180908
4.425958e-008	0.022168
4.428458e-008	0.0332764
4.430958e-008	0.0190918
4.433458e-008	0.0186035
4.435958e-008	0.0266358
4.438458e-008	0.0222168
4.440958e-008	0.0152344
4.443458e-008	0.00422364
4.445958e-008	0.0162354
4.448458e-008	0.0327637
4.450958e-008	0.0287598
4.453458e-008	0.0245606
4.455958e-008	0.023169
4.458458e-008	0.0135254
4.460958e-008	0.00974122
4.463458e-008	0.0224365
4.465958e-008	0.0202393
4.468458e-008	0.017749
4.470958e-008	0.0273438
4.473458e-008	0.0223877
4.475958e-008	0.0288818
4.478458e-008	0.0293213
4.480958e-008	0.0104981
4.483458e-008	0.0147461
4.485958e-008	0.0233154
4.488458e-008	0.020874
4.490958e-008	0.0182373
4.493458e-008	0.0250488
4.495958e-008	0.0265137
4.498458e-008	0.00864259
4.500958e-008	0.0183594
4.503458e-008	0.0328125
4.505958e-008	0.0215088
4.508458e-008	0.0215332
4.510958e-008	0.0227051
4.513458e-008	0.0245361
4.515958e-008	0.0268311
4.518458e-008	0.0144775
4.520958e-008	0.0102295
4.523458e-008	0.0222656
4.525958e-008	0.0300781
4.528458e-008	0.0241211
4.530958e-008	0.0159668
4.533458e-008	0.0199463
4.535958e-008	0.0311524
4.538458e-008	0.0202149
4.540958e-008	0.012915
4.543458e-008	0.0345947
4.545958e-008	0.0351318
4.548458e-008	0.0249756
4.550958e-008	0.0240967
4.553458e-008	0.0228027
4.555958e-008	0.0275147
4.558458e-008	0.0218262
4.560958e-008	0.0122315
4.563458e-008	0.00939942
4.565958e-008	0.0170654
4.568458e-008	0.0243652
4.570958e-008	0.0168701
4.573458e-008	0.0243897
4.575958e-008	0.0305664
4.578458e-008	0.0167481
4.580958e-008	0.0194092
4.583458e-008	0.0318848
4.585958e-008	0.02854
4.588458e-008	0.0251953
4.590958e-008	0.0264404
4.593458e-008	0.0249024
4.595958e-008	0.0306152
4.598458e-008	0.0214844
4.600958e-008	0.00620118
4.603458e-008	0.0211914
4.605958e-008	0.0293945
4.608458e-008	0.0210449
4.610958e-008	0.0210693
4.613458e-008	0.0253662
4.615958e-008	0.0269287
4.618458e-008	0.0171875
4.620958e-008	0.0157227
4.623458e-008	0.0177734
4.625958e-008	0.0206543
4.628458e-008	0.0365479
4.630958e-008	0.0268555
4.633458e-008	0.0212158
4.635958e-008	0.0318604
4.638458e-008	0.0132813
4.640958e-008	0.00654298
4.643458e-008	0.0195313
4.645958e-008	0.0281738
4.648458e-008	0.036792
4.650958e-008	0.0261475
4.653458e-008	0.014624
4.655958e-008	0.0199951
4.658458e-008	0.023291
4.660958e-008	0.0237549
4.663458e-008	0.023291
4.665958e-008	0.0202637
4.668458e-008	0.0171143
4.670958e-008	0.0186768
4.673458e-008	0.0225342
4.675958e-008	0.0267578
4.678458e-008	0.0247803
4.680958e-008	0.0122559
4.683458e-008	0.0209961
4.685958e-008	0.032666
4.688458e-008	0.0176758
4.690958e-008	0.0144287
4.693458e-008	0.0254639
4.695958e-008	0.030835
4.698458e-008	0.0264893
4.700958e-008	0.0174561
4.703458e-008	0.0157471
4.705958e-008	0.0202393
4.708458e-008	0.0238281
4.710958e-008	0.00996095
4.713458e-008	0.0128906
4.715958e-008	0.0415283
4.718458e-008	0.0343994
4.720958e-008	0.0130859
4.723458e-008	0.0193604
4.725958e-008	0.0267334
4.728458e-008	0.0219482
4.730958e-008	0.0226074
4.733458e-008	0.0388672
4.735958e-008	0.0468994
4.738458e-008	0.0225342
4.740958e-008	0.00729981
4.743458e-008	0.0202393
4.745958e-008	0.0210693
4.748458e-008	0.0188965
4.750958e-008	0.0260254
4.753458e-008	0.0326172
4.755958e-008	0.029419
4.758458e-008	0.0152832
4.760958e-008	0.0175049
4.763458e-008	0.021875
4.765958e-008	0.0236328
4.768458e-008	0.0297608
4.770958e-008	0.0181641
4.773458e-008	0.0128174
4.775958e-008	0.0209229
4.778458e-008	0.0201416
4.780958e-008	0.0235352
4.783458e-008	0.0352051
4.785958e-008	0.0353516
4.788458e-008	0.0223145
4.790958e-008	0.0140625
4.793458e-008	0.0263672
4.795958e-008	0.043335
4.798458e-008	0.0233154
4.800958e-008	-0.000195305
4.803458e-008	0.0136475
4.805958e-008	0.0288086
4.808458e-008	0.0357178
4.810958e-008	0.0304199
4.813458e-008	0.0216065
4.815958e-008	0.0326416
4.818458e-008	0.0311279
4.820958e-008	0.0219238
4.823458e-008	0.0254639
4.825958e-008	0.0238037
4.828458e-008	0.0266113
4.830958e-008	0.0275147
4.833458e-008	0.0230957
4.835958e-008	0.0288574
4.838458e-008	0.0282715
4.840958e-008	0.0206299
4.843458e-008	0.0155029
4.845958e-008	0.0219238
4.848458e-008	0.0285156
4.850958e-008	0.0128906
4.853458e-008	0.0165039
4.855958e-008	0.0294922
4.858458e-008	0.0141602
4.860958e-008	0.0156982
4.863458e-008	0.0258301
4.865958e-008	0.0166504
4.868458e-008	0.0156982
4.870958e-008	0.0224609
4.873458e-008	0.0230469
4.875958e-008	0.017334
4.878458e-008	0.0181641
4.880958e-008	0.0296387
4.883458e-008	0.0282959
4.885958e-008	0.0242676
4.888458e-008	0.0362793
4.890958e-008	0.0322998
4.893458e-008	0.00886231
4.895958e-008	0.00417481
4.898458e-008	0.0144287
4.900958e-008	0.0199707
4.903458e-008	0.0219971
4.905958e-008	0.022876
4.908458e-008	0.0206055
4.910958e-008	0.0167725
4.913458e-008	0.0248047
4.915958e-008	0.0348389
4.918458e-008	0.0310303
4.920958e-008	0.0265137
4.923458e-008	0.0198975
4.925958e-008	0.00712891
4.928458e-008	0.00668946
4.930958e-008	0.0251465
4.933458e-008	0.044458
4.935958e-008	0.0478516
4.938458e-008	0.0374024
4.940958e-008	0.0186279
4.943458e-008	0.00808106
4.945958e-008	0.0224121
4.948458e-008	0.0305908
4.950958e-008	0.0176758
4.953458e-008	0.0136475
4.955958e-008	0.0117432
4.958458e-008	0.0131104
4.960958e-008	0.0233399
4.963458e-008	0.0262207
4.965958e-008	0.0360352
4.968458e-008	0.0324951
4.970958e-008	0.0112549
4.973458e-008	0.0199219
4.975958e-008	0.0269775
4.978458e-008	0.0044922
4.980958e-008	0.00517579
4.983458e-008	0.0295166
4.985958e-008	0.0326172
4.988458e-008	0.0266113
4.990958e-008	0.0316162
4.993458e-008	0.032959
4.995958e-008	0.0243408
4.998458e-008	0.0124268
5.000958e-008	0.0128174
