# LECROYWM813Zi	51496	Waveform
# Segments	1	SegmentSize	4002
# Segment	TrigTime	TimeSinceSegment1
# #1	30-Nov-2018 17:10:40	0                 
# Time	Ampl
-5.001028e-008	0.0193848
-4.998528e-008	0.0157227
-4.996028e-008	0.0252197
-4.993528e-008	0.0334717
-4.991028e-008	0.0244141
-4.988528e-008	0.0212402
-4.986028e-008	0.022583
-4.983528e-008	0.0194336
-4.981028e-008	0.0256836
-4.978528e-008	0.0301025
-4.976028e-008	0.0219971
-4.973528e-008	0.0156006
-4.971028e-008	0.0240479
-4.968528e-008	0.0311768
-4.966028e-008	0.0142334
-4.963528e-008	0.00754395
-4.961028e-008	0.0178223
-4.958528e-008	0.0128906
-4.956028e-008	0.0151611
-4.953528e-008	0.024707
-4.951028e-008	0.0189941
-4.948528e-008	0.0175537
-4.946028e-008	0.0173828
-4.943528e-008	0.00842286
-4.941028e-008	0.013916
-4.938528e-008	0.0284912
-4.936028e-008	0.029541
-4.933528e-008	0.022583
-4.931028e-008	0.0269043
-4.928528e-008	0.0303467
-4.926028e-008	0.0106934
-4.923528e-008	0.0114502
-4.921028e-008	0.0293213
-4.918528e-008	0.0210205
-4.916028e-008	0.0270752
-4.913528e-008	0.0362549
-4.911028e-008	0.0227295
-4.908528e-008	0.0196289
-4.906028e-008	0.00590821
-4.903528e-008	-0.00478515
-4.901028e-008	0.014209
-4.898528e-008	0.020044
-4.896028e-008	0.0199219
-4.893528e-008	0.025708
-4.891028e-008	0.0186279
-4.888528e-008	0.0175049
-4.886028e-008	0.0229981
-4.883528e-008	0.0220703
-4.881028e-008	0.0219727
-4.878528e-008	0.0253174
-4.876028e-008	0.030835
-4.873528e-008	0.0323486
-4.871028e-008	0.0281983
-4.868528e-008	0.023291
-4.866028e-008	0.0188721
-4.863528e-008	0.0128418
-4.861028e-008	0.0103272
-4.858528e-008	0.0187988
-4.856028e-008	0.022583
-4.853528e-008	0.02146
-4.851028e-008	0.022583
-4.848528e-008	0.0178223
-4.846028e-008	0.0280762
-4.843528e-008	0.0330078
-4.841028e-008	0.018042
-4.838528e-008	0.0219727
-4.836028e-008	0.0176025
-4.833528e-008	0.00446778
-4.831028e-008	0.0148438
-4.828528e-008	0.0125244
-4.826028e-008	-0.00339355
-4.823528e-008	0.00632325
-4.821028e-008	0.0324219
-4.818528e-008	0.0345215
-4.816028e-008	0.0193115
-4.813528e-008	0.021167
-4.811028e-008	0.0337402
-4.808528e-008	0.029126
-4.806028e-008	0.00559083
-4.803528e-008	0.00979005
-4.801028e-008	0.0328613
-4.798528e-008	0.0219482
-4.796028e-008	0.0120117
-4.793528e-008	0.0190186
-4.791028e-008	0.0128174
-4.788528e-008	0.0114502
-4.786028e-008	0.0178711
-4.783528e-008	0.0201904
-4.781028e-008	0.0234863
-4.778528e-008	0.0203857
-4.776028e-008	0.0152832
-4.773528e-008	0.0170166
-4.771028e-008	0.0189453
-4.768528e-008	0.0235107
-4.766028e-008	0.0185791
-4.763528e-008	0.0128418
-4.761028e-008	0.025415
-4.758528e-008	0.0228272
-4.756028e-008	0.020044
-4.753528e-008	0.0247559
-4.751028e-008	0.00490723
-4.748528e-008	0.00288087
-4.746028e-008	0.0203369
-4.743528e-008	0.0240967
-4.741028e-008	0.0202393
-4.738528e-008	0.0178223
-4.736028e-008	0.0239014
-4.733528e-008	0.0141846
-4.731028e-008	0.0060547
-4.728528e-008	0.0188965
-4.726028e-008	0.0239502
-4.723528e-008	0.025293
-4.721028e-008	0.0181885
-4.718528e-008	0.0113037
-4.716028e-008	0.0143311
-4.713528e-008	0.013208
-4.711028e-008	0.0232178
-4.708528e-008	0.0262451
-4.706028e-008	0.0183838
-4.703528e-008	0.0285889
-4.701028e-008	0.028418
-4.698528e-008	0.0192627
-4.696028e-008	0.0159668
-4.693528e-008	0.00422364
-4.691028e-008	0.0136963
-4.688528e-008	0.0234619
-4.686028e-008	0.0106201
-4.683528e-008	0.0197266
-4.681028e-008	0.0234131
-4.678528e-008	0.00915528
-4.676028e-008	0.0131104
-4.673528e-008	0.0159912
-4.671028e-008	0.0185547
-4.668528e-008	0.0223877
-4.666028e-008	0.00856934
-4.663528e-008	0.0100586
-4.661028e-008	0.0255127
-4.658528e-008	0.0214111
-4.656028e-008	0.0197022
-4.653528e-008	0.0223145
-4.651028e-008	0.0104004
-4.648528e-008	0.00664063
-4.646028e-008	0.0191895
-4.643528e-008	0.0279297
-4.641028e-008	0.0292481
-4.638528e-008	0.0186035
-4.636028e-008	0.0102295
-4.633528e-008	0.0208008
-4.631028e-008	0.0253418
-4.628528e-008	0.0276611
-4.626028e-008	0.0243164
-4.623528e-008	0.010669
-4.621028e-008	0.0182861
-4.618528e-008	0.0253906
-4.616028e-008	0.0260742
-4.613528e-008	0.0256348
-4.611028e-008	0.0193848
-4.608528e-008	0.0300049
-4.606028e-008	0.0283447
-4.603528e-008	0.0161377
-4.601028e-008	0.0222412
-4.598528e-008	0.0224121
-4.596028e-008	0.0177002
-4.593528e-008	0.0174072
-4.591028e-008	0.0167236
-4.588528e-008	0.0203369
-4.586028e-008	0.023169
-4.583528e-008	0.0242188
-4.581028e-008	0.0272217
-4.578528e-008	0.0205811
-4.576028e-008	0.020044
-4.573528e-008	0.022876
-4.571028e-008	0.00583497
-4.568528e-008	0.00451661
-4.566028e-008	0.0111816
-4.563528e-008	0.00495606
-4.561028e-008	0.0126953
-4.558528e-008	0.0206299
-4.556028e-008	0.0169434
-4.553528e-008	0.0105469
-4.551028e-008	0.0116699
-4.548528e-008	0.02771
-4.546028e-008	0.0362061
-4.543528e-008	0.0235352
-4.541028e-008	0.016333
-4.538528e-008	0.0210205
-4.536028e-008	0.0156494
-4.533528e-008	0.00512696
-4.531028e-008	0.00722657
-4.528528e-008	0.020752
-4.526028e-008	0.0203857
-4.523528e-008	0.0154053
-4.521028e-008	0.0255127
-4.518528e-008	0.0218994
-4.516028e-008	0.0133057
-4.513528e-008	0.0193604
-4.511028e-008	0.026294
-4.508528e-008	0.0184815
-4.506028e-008	-0.00117187
-4.503528e-008	0.0069336
-4.501028e-008	0.0253418
-4.498528e-008	0.0206299
-4.496028e-008	0.0198975
-4.493528e-008	0.0190674
-4.491028e-008	0.0197998
-4.488528e-008	0.0346924
-4.486028e-008	0.023584
-4.483528e-008	0.00800782
-4.481028e-008	0.0220215
-4.478528e-008	0.0175293
-4.476028e-008	0.00930177
-4.473528e-008	0.0237305
-4.471028e-008	0.0245361
-4.468528e-008	0.0181641
-4.466028e-008	0.0148926
-4.463528e-008	0.015332
-4.461028e-008	0.0259033
-4.458528e-008	0.0306397
-4.456028e-008	0.0250733
-4.453528e-008	0.0169678
-4.451028e-008	0.0234619
-4.448528e-008	0.0344483
-4.446028e-008	0.0200684
-4.443528e-008	0.0168457
-4.441028e-008	0.0279053
-4.438528e-008	0.0175293
-4.436028e-008	0.0223633
-4.433528e-008	0.0284912
-4.431028e-008	0.011084
-4.428528e-008	0.0139893
-4.426028e-008	0.0224609
-4.423528e-008	0.0201904
-4.421028e-008	0.0188721
-4.418528e-008	0.0131104
-4.416028e-008	0.01875
-4.413528e-008	0.025708
-4.411028e-008	0.0215088
-4.408528e-008	0.0122559
-4.406028e-008	0.00231934
-4.403528e-008	0.0098877
-4.401028e-008	0.00959473
-4.398528e-008	0.000415047
-4.396028e-008	0.017041
-4.393528e-008	0.0256104
-4.391028e-008	0.019165
-4.388528e-008	0.0256104
-4.386028e-008	0.0231201
-4.383528e-008	0.0135254
-4.381028e-008	0.0229492
-4.378528e-008	0.025
-4.376028e-008	0.0119385
-4.373528e-008	0.0159912
-4.371028e-008	0.0261963
-4.368528e-008	0.0184082
-4.366028e-008	-0.000512688
-4.363528e-008	0.00175782
-4.361028e-008	0.0189453
-4.358528e-008	0.0172363
-4.356028e-008	0.0184082
-4.353528e-008	0.0175293
-4.351028e-008	0.0148926
-4.348528e-008	0.0306152
-4.346028e-008	0.0227051
-4.343528e-008	0.00639649
-4.341028e-008	0.017627
-4.338528e-008	0.0265137
-4.336028e-008	0.014917
-4.333528e-008	-0.000732414
-4.331028e-008	0.00905762
-4.328528e-008	0.023584
-4.326028e-008	0.0237061
-4.323528e-008	0.0307617
-4.321028e-008	0.026294
-4.318528e-008	0.019458
-4.316028e-008	0.0337647
-4.313528e-008	0.026001
-4.311028e-008	0.00688477
-4.308528e-008	0.0148193
-4.306028e-008	0.0171143
-4.303528e-008	0.0167481
-4.301028e-008	0.0277344
-4.298528e-008	0.0285645
-4.296028e-008	0.026416
-4.293528e-008	0.0210938
-4.291028e-008	0.0219727
-4.288528e-008	0.0227051
-4.286028e-008	0.00666505
-4.283528e-008	0.0111084
-4.281028e-008	0.0236084
-4.278528e-008	0.0209473
-4.276028e-008	0.0233154
-4.273528e-008	0.022583
-4.271028e-008	0.0249512
-4.268528e-008	0.033667
-4.266028e-008	0.0262695
-4.263528e-008	0.0155029
-4.261028e-008	0.0236572
-4.258528e-008	0.0296143
-4.256028e-008	0.0184082
-4.253528e-008	0.0143799
-4.251028e-008	0.0253418
-4.248528e-008	0.0293945
-4.246028e-008	0.0140137
-4.243528e-008	0.00629884
-4.241028e-008	0.0236328
-4.238528e-008	0.0304443
-4.236028e-008	0.0195557
-4.233528e-008	0.0166016
-4.231028e-008	0.0216065
-4.228528e-008	0.0222412
-4.226028e-008	0.0161621
-4.223528e-008	0.0218994
-4.221028e-008	0.0284912
-4.218528e-008	0.0223389
-4.216028e-008	0.0255859
-4.213528e-008	0.0207031
-4.211028e-008	0.0208252
-4.208528e-008	0.0355225
-4.206028e-008	0.0203369
-4.203528e-008	0.0105469
-4.201028e-008	0.0221191
-4.198528e-008	0.0228516
-4.196028e-008	0.0157471
-4.193528e-008	0.00678712
-4.191028e-008	0.0184326
-4.188528e-008	0.0265869
-4.186028e-008	0.0121094
-4.183528e-008	0.0131836
-4.181028e-008	0.0187988
-4.178528e-008	0.0212647
-4.176028e-008	0.0228027
-4.173528e-008	0.0149658
-4.171028e-008	0.0170654
-4.168528e-008	0.0164551
-4.166028e-008	0.0112061
-4.163528e-008	0.0178467
-4.161028e-008	0.02146
-4.158528e-008	0.0269775
-4.156028e-008	0.0305176
-4.153528e-008	0.0189453
-4.151028e-008	0.0210449
-4.148528e-008	0.0312988
-4.146028e-008	0.0100098
-4.143528e-008	-0.00168456
-4.141028e-008	0.0186524
-4.138528e-008	0.0120606
-4.136028e-008	0.00422364
-4.133528e-008	0.0237305
-4.131028e-008	0.0226563
-4.128528e-008	0.0130371
-4.126028e-008	0.0140137
-4.123528e-008	0.0166992
-4.121028e-008	0.0203125
-4.118528e-008	0.0158691
-4.116028e-008	0.0186768
-4.113528e-008	0.02146
-4.111028e-008	0.00856934
-4.108528e-008	0.0164063
-4.106028e-008	0.0248779
-4.103528e-008	0.0113281
-4.101028e-008	0.0207764
-4.098528e-008	0.0220947
-4.096028e-008	0.00512696
-4.093528e-008	0.0174316
-4.091028e-008	0.0233399
-4.088528e-008	0.0135254
-4.086028e-008	0.0156982
-4.083528e-008	0.0201416
-4.081028e-008	0.0190186
-4.078528e-008	0.0169678
-4.076028e-008	0.0306885
-4.073528e-008	0.0364746
-4.071028e-008	0.0253174
-4.068528e-008	0.0203857
-4.066028e-008	0.00456544
-4.063528e-008	0.00913087
-4.061028e-008	0.028125
-4.058528e-008	0.0115723
-4.056028e-008	0.0126221
-4.053528e-008	0.0214356
-4.051028e-008	0.0102051
-4.048528e-008	0.0248779
-4.046028e-008	0.031543
-4.043528e-008	0.025415
-4.041028e-008	0.0228516
-4.038528e-008	0.0065918
-4.036028e-008	0.0194092
-4.033528e-008	0.0409668
-4.031028e-008	0.0302246
-4.028528e-008	0.0187988
-4.026028e-008	0.015918
-4.023528e-008	0.0199707
-4.021028e-008	0.0228516
-4.018528e-008	0.0233154
-4.016028e-008	0.0275635
-4.013528e-008	0.01521
-4.011028e-008	0.00910645
-4.008528e-008	0.0195557
-4.006028e-008	0.014209
-4.003528e-008	0.0141357
-4.001028e-008	0.0251465
-3.998528e-008	0.0195068
-3.996028e-008	0.012793
-3.993528e-008	0.0221436
-3.991028e-008	0.0226318
-3.988528e-008	0.00996095
-3.986028e-008	0.014917
-3.983528e-008	0.0140381
-3.981028e-008	0.00791016
-3.978528e-008	0.0266602
-3.976028e-008	0.0290039
-3.973528e-008	0.0209717
-3.971028e-008	0.0226074
-3.968528e-008	0.0144287
-3.966028e-008	0.0110107
-3.963528e-008	0.0163574
-3.961028e-008	0.0233399
-3.958528e-008	0.021167
-3.956028e-008	0.015625
-3.953528e-008	0.0194092
-3.951028e-008	0.0184082
-3.948528e-008	0.0185547
-3.946028e-008	0.0216797
-3.943528e-008	0.0190918
-3.941028e-008	0.020166
-3.938528e-008	0.0302246
-3.936028e-008	0.0343994
-3.933528e-008	0.0279297
-3.931028e-008	0.0275391
-3.928528e-008	0.0243408
-3.926028e-008	0.0161865
-3.923528e-008	0.0205566
-3.921028e-008	0.0270752
-3.918528e-008	0.0230469
-3.916028e-008	0.0161621
-3.913528e-008	0.0166748
-3.911028e-008	0.0180176
-3.908528e-008	0.0139893
-3.906028e-008	0.0141357
-3.903528e-008	0.019458
-3.901028e-008	0.0255615
-3.898528e-008	0.0253174
-3.896028e-008	0.0232666
-3.893528e-008	0.0206299
-3.891028e-008	0.00876466
-3.888528e-008	0.0128906
-3.886028e-008	0.0275391
-3.883528e-008	0.0208984
-3.881028e-008	0.0162598
-3.878528e-008	0.0225586
-3.876028e-008	0.019165
-3.873528e-008	0.0158936
-3.871028e-008	0.0272949
-3.868528e-008	0.0313477
-3.866028e-008	0.0170166
-3.863528e-008	0.0134522
-3.861028e-008	0.01875
-3.858528e-008	0.0171387
-3.856028e-008	0.0186768
-3.853528e-008	0.0183838
-3.851028e-008	0.015918
-3.848528e-008	0.0253906
-3.846028e-008	0.0278076
-3.843528e-008	0.0168457
-3.841028e-008	0.0125488
-3.838528e-008	0.00915528
-3.836028e-008	0.0178955
-3.833528e-008	0.0240479
-3.831028e-008	0.012207
-3.828528e-008	0.0194092
-3.826028e-008	0.0262695
-3.823528e-008	0.0227539
-3.821028e-008	0.0228027
-3.818528e-008	0.016626
-3.816028e-008	0.020752
-3.813528e-008	0.0283691
-3.811028e-008	0.0256592
-3.808528e-008	0.0153809
-3.806028e-008	0.00771485
-3.803528e-008	0.0174316
-3.801028e-008	0.0283936
-3.798528e-008	0.0262695
-3.796028e-008	0.0182129
-3.793528e-008	0.0165772
-3.791028e-008	0.0222656
-3.788528e-008	0.0203125
-3.786028e-008	0.0180664
-3.783528e-008	0.0237793
-3.781028e-008	0.0199463
-3.778528e-008	0.0128174
-3.776028e-008	0.0143066
-3.773528e-008	0.0123535
-3.771028e-008	0.0156006
-3.768528e-008	0.0280762
-3.766028e-008	0.0259277
-3.763528e-008	0.0177734
-3.761028e-008	0.0233154
-3.758528e-008	0.0188232
-3.756028e-008	0.00771485
-3.753528e-008	0.0125732
-3.751028e-008	0.0167236
-3.748528e-008	0.0244385
-3.746028e-008	0.0327637
-3.743528e-008	0.0218506
-3.741028e-008	0.0144775
-3.738528e-008	0.025293
-3.736028e-008	0.0364014
-3.733528e-008	0.0224854
-3.731028e-008	0.00559083
-3.728528e-008	0.0206543
-3.726028e-008	0.0250977
-3.723528e-008	0.0186279
-3.721028e-008	0.0288574
-3.718528e-008	0.0276611
-3.716028e-008	0.0251465
-3.713528e-008	0.0222168
-3.711028e-008	0.0148438
-3.708528e-008	0.0218262
-3.706028e-008	0.023169
-3.703528e-008	0.0178955
-3.701028e-008	0.0208496
-3.698528e-008	0.0220459
-3.696028e-008	0.0185547
-3.693528e-008	0.0220459
-3.691028e-008	0.0178955
-3.688528e-008	0.00568848
-3.686028e-008	0.0141846
-3.683528e-008	0.0243164
-3.681028e-008	0.0264893
-3.678528e-008	0.0258545
-3.676028e-008	0.0213623
-3.673528e-008	0.0230225
-3.671028e-008	0.0192871
-3.668528e-008	0.0203369
-3.666028e-008	0.0242188
-3.663528e-008	0.0201172
-3.661028e-008	0.0181397
-3.658528e-008	0.0163818
-3.656028e-008	0.0201904
-3.653528e-008	0.0205078
-3.651028e-008	0.020874
-3.648528e-008	0.0224365
-3.646028e-008	0.016333
-3.643528e-008	0.0134033
-3.641028e-008	0.00805665
-3.638528e-008	0.00986329
-3.636028e-008	0.0223389
-3.633528e-008	0.0260742
-3.631028e-008	0.0279053
-3.628528e-008	0.0369385
-3.626028e-008	0.0281494
-3.623528e-008	0.00974122
-3.621028e-008	0.0200684
-3.618528e-008	0.0258789
-3.616028e-008	0.0201904
-3.613528e-008	0.0238281
-3.611028e-008	0.0173828
-3.608528e-008	0.0147705
-3.606028e-008	0.0171875
-3.603528e-008	0.019165
-3.601028e-008	0.0273438
-3.598528e-008	0.0287598
-3.596028e-008	0.0236816
-3.593528e-008	0.0163086
-3.591028e-008	0.023877
-3.588528e-008	0.0359375
-3.586028e-008	0.0148438
-3.583528e-008	0.00388184
-3.581028e-008	0.0239746
-3.578528e-008	0.0247803
-3.576028e-008	0.0253174
-3.573528e-008	0.0241211
-3.571028e-008	0.00654298
-3.568528e-008	0.0143555
-3.566028e-008	0.0119141
-3.563528e-008	0.00395509
-3.561028e-008	0.0262695
-3.558528e-008	0.0310791
-3.556028e-008	0.0227051
-3.553528e-008	0.0166748
-3.551028e-008	0.0209229
-3.548528e-008	0.0237061
-3.546028e-008	0.00476075
-3.543528e-008	0.018335
-3.541028e-008	0.0340332
-3.538528e-008	0.0131104
-3.536028e-008	0.0121094
-3.533528e-008	0.0186035
-3.531028e-008	0.0157715
-3.528528e-008	0.0270264
-3.526028e-008	0.0273926
-3.523528e-008	0.0169434
-3.521028e-008	0.0208496
-3.518528e-008	0.0161377
-3.516028e-008	0.0177002
-3.513528e-008	0.0306641
-3.511028e-008	0.0182617
-3.508528e-008	0.0204102
-3.506028e-008	0.0383057
-3.503528e-008	0.0291016
-3.501028e-008	0.0174316
-3.498528e-008	0.0167481
-3.496028e-008	0.0196533
-3.493528e-008	0.0212647
-3.491028e-008	0.0248535
-3.488528e-008	0.0318359
-3.486028e-008	0.0282715
-3.483528e-008	0.0217285
-3.481028e-008	0.0197266
-3.478528e-008	0.02771
-3.476028e-008	0.0423096
-3.473528e-008	0.0274658
-3.471028e-008	0.00817872
-3.468528e-008	0.0217285
-3.466028e-008	0.0228272
-3.463528e-008	0.0129883
-3.461028e-008	0.0136963
-3.458528e-008	0.0122559
-3.456028e-008	0.0272461
-3.453528e-008	0.0321045
-3.451028e-008	0.0168945
-3.448528e-008	0.0240723
-3.446028e-008	0.0297119
-3.443528e-008	0.0199951
-3.441028e-008	0.0175049
-3.438528e-008	0.0166504
-3.436028e-008	0.0224854
-3.433528e-008	0.0276611
-3.431028e-008	0.0216553
-3.428528e-008	0.0285645
-3.426028e-008	0.0300537
-3.423528e-008	0.0164063
-3.421028e-008	0.0176758
-3.418528e-008	0.0177002
-3.416028e-008	0.0150879
-3.413528e-008	0.0216309
-3.411028e-008	0.0195557
-3.408528e-008	0.01604
-3.406028e-008	0.0130859
-3.403528e-008	0.0200195
-3.401028e-008	0.0429199
-3.398528e-008	0.0327393
-3.396028e-008	0.0102051
-3.393528e-008	0.0159912
-3.391028e-008	0.0162354
-3.388528e-008	0.0227539
-3.386028e-008	0.0323731
-3.383528e-008	0.0227783
-3.381028e-008	0.0203125
-3.378528e-008	0.0180664
-3.376028e-008	0.0161865
-3.373528e-008	0.0239746
-3.371028e-008	0.0194336
-3.368528e-008	0.0118652
-3.366028e-008	0.0194092
-3.363528e-008	0.0187988
-3.361028e-008	0.0102783
-3.358528e-008	0.0209473
-3.356028e-008	0.025708
-3.353528e-008	0.0174072
-3.351028e-008	0.0219482
-3.348528e-008	0.0243897
-3.346028e-008	0.0241699
-3.343528e-008	0.025708
-3.341028e-008	0.0257813
-3.338528e-008	0.0321289
-3.336028e-008	0.0244385
-3.333528e-008	0.0164307
-3.331028e-008	0.0370361
-3.328528e-008	0.0447022
-3.326028e-008	0.0287598
-3.323528e-008	0.0216309
-3.321028e-008	0.0195801
-3.318528e-008	0.0185059
-3.316028e-008	0.0206543
-3.313528e-008	0.0247803
-3.311028e-008	0.0257568
-3.308528e-008	0.020166
-3.306028e-008	0.0223633
-3.303528e-008	0.0212891
-3.301028e-008	0.0111572
-3.298528e-008	0.0171631
-3.296028e-008	0.0283203
-3.293528e-008	0.0284424
-3.291028e-008	0.0157471
-3.288528e-008	0.00556641
-3.286028e-008	0.017749
-3.283528e-008	0.0208252
-3.281028e-008	0.0200195
-3.278528e-008	0.0224121
-3.276028e-008	0.0138672
-3.273528e-008	0.0242676
-3.271028e-008	0.0296875
-3.268528e-008	0.014209
-3.266028e-008	0.00664063
-3.263528e-008	0.00991212
-3.261028e-008	0.0169678
-3.258528e-008	0.0248779
-3.256028e-008	0.0387695
-3.253528e-008	0.0280029
-3.251028e-008	0.0131836
-3.248528e-008	0.0272705
-3.246028e-008	0.0219971
-3.243528e-008	0.0202149
-3.241028e-008	0.030957
-3.238528e-008	0.0180664
-3.236028e-008	0.0170166
-3.233528e-008	0.0193848
-3.231028e-008	0.0195313
-3.228528e-008	0.0295899
-3.226028e-008	0.0119141
-3.223528e-008	0.00864259
-3.221028e-008	0.0289551
-3.218528e-008	0.0232422
-3.216028e-008	0.0250244
-3.213528e-008	0.0257324
-3.211028e-008	0.0220703
-3.208528e-008	0.0332275
-3.206028e-008	0.0251465
-3.203528e-008	0.0200195
-3.201028e-008	0.0227539
-3.198528e-008	0.0149414
-3.196028e-008	0.0222168
-3.193528e-008	0.0275879
-3.191028e-008	0.0291504
-3.188528e-008	0.0334961
-3.186028e-008	0.017334
-3.183528e-008	0.0138672
-3.181028e-008	0.0228027
-3.178528e-008	0.0197022
-3.176028e-008	0.0298828
-3.173528e-008	0.0257324
-3.171028e-008	0.0161621
-3.168528e-008	0.0305908
-3.166028e-008	0.0235107
-3.163528e-008	0.0159912
-3.161028e-008	0.0229492
-3.158528e-008	0.0184082
-3.156028e-008	0.0279785
-3.153528e-008	0.0344727
-3.151028e-008	0.0212647
-3.148528e-008	0.0227295
-3.146028e-008	0.0277588
-3.143528e-008	0.0228027
-3.141028e-008	0.0213867
-3.138528e-008	0.0170654
-3.136028e-008	0.0210693
-3.133528e-008	0.02771
-3.131028e-008	0.0201172
-3.128528e-008	0.0271729
-3.126028e-008	0.0358154
-3.123528e-008	0.0249024
-3.121028e-008	0.0174561
-3.118528e-008	0.0170899
-3.116028e-008	0.0161133
-3.113528e-008	0.0104248
-3.111028e-008	0.020459
-3.108528e-008	0.0408447
-3.106028e-008	0.034375
-3.103528e-008	0.0216065
-3.101028e-008	0.0145508
-3.098528e-008	0.0117188
-3.096028e-008	0.0253418
-3.093528e-008	0.0289551
-3.091028e-008	0.020752
-3.088528e-008	0.0234131
-3.086028e-008	0.023999
-3.083528e-008	0.0240234
-3.081028e-008	0.0327637
-3.078528e-008	0.0268311
-3.076028e-008	0.0138428
-3.073528e-008	0.0190918
-3.071028e-008	0.0256836
-3.068528e-008	0.0263428
-3.066028e-008	0.0249756
-3.063528e-008	0.01875
-3.061028e-008	0.0183594
-3.058528e-008	0.0217041
-3.056028e-008	0.0252686
-3.053528e-008	0.0269775
-3.051028e-008	0.0251221
-3.048528e-008	0.0281006
-3.046028e-008	0.0306397
-3.043528e-008	0.0354736
-3.041028e-008	0.0320801
-3.038528e-008	0.0125732
-3.036028e-008	0.0119141
-3.033528e-008	0.0170899
-3.031028e-008	0.0179199
-3.028528e-008	0.0277588
-3.026028e-008	0.0175781
-3.023528e-008	0.00869141
-3.021028e-008	0.0214111
-3.018528e-008	0.023877
-3.016028e-008	0.019458
-3.013528e-008	0.021582
-3.011028e-008	0.023291
-3.008528e-008	0.0191406
-3.006028e-008	0.0127686
-3.003528e-008	0.0107422
-3.001028e-008	0.0181152
-2.998528e-008	0.0287842
-2.996028e-008	0.029834
-2.993528e-008	0.0164551
-2.991028e-008	0.0111572
-2.988528e-008	0.0187988
-2.986028e-008	0.00578614
-2.983528e-008	0.00891114
-2.981028e-008	0.0342285
-2.978528e-008	0.0274658
-2.976028e-008	0.0288086
-2.973528e-008	0.0410156
-2.971028e-008	0.0235107
-2.968528e-008	0.0187988
-2.966028e-008	0.0326416
-2.963528e-008	0.0207275
-2.961028e-008	0.00705567
-2.958528e-008	0.0160889
-2.956028e-008	0.0178467
-2.953528e-008	0.0098877
-2.951028e-008	0.0149658
-2.948528e-008	0.0354248
-2.946028e-008	0.0281983
-2.943528e-008	0.00920411
-2.941028e-008	0.0303711
-2.938528e-008	0.0261231
-2.936028e-008	0.0106445
-2.933528e-008	0.0283203
-2.931028e-008	0.0239014
-2.928528e-008	0.0225586
-2.926028e-008	0.0212647
-2.923528e-008	0.00964356
-2.921028e-008	0.0243408
-2.918528e-008	0.029834
-2.916028e-008	0.0233643
-2.913528e-008	0.0179688
-2.911028e-008	0.018335
-2.908528e-008	0.0334229
-2.906028e-008	0.0179199
-2.903528e-008	-0.00344238
-2.901028e-008	0.0140137
-2.898528e-008	0.0218262
-2.896028e-008	0.00881348
-2.893528e-008	0.00700684
-2.891028e-008	0.0226318
-2.888528e-008	0.0376953
-2.886028e-008	0.033667
-2.883528e-008	0.0279541
-2.881028e-008	0.0195557
-2.878528e-008	0.0129883
-2.876028e-008	0.0306397
-2.873528e-008	0.0292725
-2.871028e-008	0.00979005
-2.868528e-008	0.0176025
-2.866028e-008	0.0229981
-2.863528e-008	0.0203369
-2.861028e-008	0.0287598
-2.858528e-008	0.0248291
-2.856028e-008	0.0141602
-2.853528e-008	0.0240234
-2.851028e-008	0.0349854
-2.848528e-008	0.0217285
-2.846028e-008	0.0115723
-2.843528e-008	0.0181397
-2.841028e-008	0.0211182
-2.838528e-008	0.0188721
-2.836028e-008	0.0176514
-2.833528e-008	0.0203369
-2.831028e-008	0.0226807
-2.828528e-008	0.0226318
-2.826028e-008	0.0188232
-2.823528e-008	0.0189941
-2.821028e-008	0.0311524
-2.818528e-008	0.0268799
-2.816028e-008	0.0193359
-2.813528e-008	0.0257813
-2.811028e-008	0.0247559
-2.808528e-008	0.0337158
-2.806028e-008	0.0328613
-2.803528e-008	0.0131836
-2.801028e-008	0.0210693
-2.798528e-008	0.0333008
-2.796028e-008	0.0238037
-2.793528e-008	0.0159424
-2.791028e-008	0.0196289
-2.788528e-008	0.0222168
-2.786028e-008	0.0160889
-2.783528e-008	0.0150879
-2.781028e-008	0.0181397
-2.778528e-008	0.0168945
-2.776028e-008	0.0151367
-2.773528e-008	0.0131592
-2.771028e-008	0.0128662
-2.768528e-008	0.0172119
-2.766028e-008	0.0196777
-2.763528e-008	0.0152588
-2.761028e-008	0.00920411
-2.758528e-008	0.00837403
-2.756028e-008	0.0165283
-2.753528e-008	0.0206299
-2.751028e-008	0.0223877
-2.748528e-008	0.0300537
-2.746028e-008	0.0209961
-2.743528e-008	0.014502
-2.741028e-008	0.0255371
-2.738528e-008	0.022583
-2.736028e-008	0.00893555
-2.733528e-008	0.00771485
-2.731028e-008	0.0211182
-2.728528e-008	0.0189941
-2.726028e-008	0.0110596
-2.723528e-008	0.0151123
-2.721028e-008	0.00424805
-2.718528e-008	0.00820313
-2.716028e-008	0.0262451
-2.713528e-008	0.0239746
-2.711028e-008	0.0292725
-2.708528e-008	0.0280762
-2.706028e-008	0.0108887
-2.703528e-008	0.0169678
-2.701028e-008	0.0232178
-2.698528e-008	0.0174805
-2.696028e-008	0.0227539
-2.693528e-008	0.0166992
-2.691028e-008	0.0143555
-2.688528e-008	0.021167
-2.686028e-008	0.0118408
-2.683528e-008	0.0171631
-2.681028e-008	0.0211182
-2.678528e-008	0.0197754
-2.676028e-008	0.0304199
-2.673528e-008	0.0164307
-2.671028e-008	0.016333
-2.668528e-008	0.035669
-2.666028e-008	0.0249512
-2.663528e-008	0.0207031
-2.661028e-008	0.0249512
-2.658528e-008	0.0183106
-2.656028e-008	0.0179443
-2.653528e-008	0.00764161
-2.651028e-008	0.00539552
-2.648528e-008	0.0154053
-2.646028e-008	0.00200196
-2.643528e-008	0.0071045
-2.641028e-008	0.0262207
-2.638528e-008	0.0244873
-2.636028e-008	0.0263428
-2.633528e-008	0.0142822
-2.631028e-008	0.0128418
-2.628528e-008	0.0314697
-2.626028e-008	0.0206055
-2.623528e-008	0.0178711
-2.621028e-008	0.0308106
-2.618528e-008	0.02146
-2.616028e-008	0.00510255
-2.613528e-008	0.00529786
-2.611028e-008	0.0217285
-2.608528e-008	0.0266846
-2.606028e-008	0.0168457
-2.603528e-008	0.00981446
-2.601028e-008	0.0101318
-2.598528e-008	0.0181397
-2.596028e-008	0.0218994
-2.593528e-008	0.0201172
-2.591028e-008	0.0195313
-2.588528e-008	0.0186035
-2.586028e-008	0.0146973
-2.583528e-008	0.0167969
-2.581028e-008	0.0276611
-2.578528e-008	0.0271729
-2.576028e-008	0.0221191
-2.573528e-008	0.0161621
-2.571028e-008	0.014624
-2.568528e-008	0.0274658
-2.566028e-008	0.0215088
-2.563528e-008	0.0177246
-2.561028e-008	0.0294434
-2.558528e-008	0.0188477
-2.556028e-008	0.0185791
-2.553528e-008	0.0297119
-2.551028e-008	0.0243652
-2.548528e-008	0.0193604
-2.546028e-008	0.00834962
-2.543528e-008	0.00517579
-2.541028e-008	0.0208252
-2.538528e-008	0.0261963
-2.536028e-008	0.0209473
-2.533528e-008	0.010376
-2.531028e-008	0.0105225
-2.528528e-008	0.021167
-2.526028e-008	0.0106201
-2.523528e-008	0.00637208
-2.521028e-008	0.0191162
-2.518528e-008	0.0226807
-2.516028e-008	0.02229
-2.513528e-008	0.0177734
-2.511028e-008	0.010376
-2.508528e-008	0.00510255
-2.506028e-008	0.0138672
-2.503528e-008	0.0211914
-2.501028e-008	0.00886231
-2.498528e-008	0.0150147
-2.496028e-008	0.0257324
-2.493528e-008	0.0193359
-2.491028e-008	0.0256104
-2.488528e-008	0.0249268
-2.486028e-008	0.00715333
-2.483528e-008	0.0129395
-2.481028e-008	0.0312744
-2.478528e-008	0.0202881
-2.476028e-008	0.00517579
-2.473528e-008	0.0149902
-2.471028e-008	0.0314453
-2.468528e-008	0.033252
-2.466028e-008	0.0185791
-2.463528e-008	0.0107422
-2.461028e-008	0.011499
-2.458528e-008	0.0189697
-2.456028e-008	0.0309082
-2.453528e-008	0.0249268
-2.451028e-008	0.020752
-2.448528e-008	0.0236816
-2.446028e-008	0.0162598
-2.443528e-008	0.0197998
-2.441028e-008	0.0251709
-2.438528e-008	0.0170899
-2.436028e-008	0.0229736
-2.433528e-008	0.0295899
-2.431028e-008	0.0240723
-2.428528e-008	0.0219238
-2.426028e-008	-0.000683586
-2.423528e-008	-0.0120361
-2.421028e-008	0.0193359
-2.418528e-008	0.0336182
-2.416028e-008	0.0178467
-2.413528e-008	0.00881348
-2.411028e-008	0.0152344
-2.408528e-008	0.0197022
-2.406028e-008	0.0270508
-2.403528e-008	0.0338867
-2.401028e-008	0.0150147
-2.398528e-008	0.0129395
-2.396028e-008	0.025293
-2.393528e-008	0.0108399
-2.391028e-008	0.0187744
-2.388528e-008	0.0299316
-2.386028e-008	0.00798341
-2.383528e-008	0.00722657
-2.381028e-008	0.0129883
-2.378528e-008	0.0111084
-2.376028e-008	0.0168457
-2.373528e-008	0.00961915
-2.371028e-008	0.0207275
-2.368528e-008	0.0311279
-2.366028e-008	0.00439454
-2.363528e-008	0.00192872
-2.361028e-008	0.0135498
-2.358528e-008	0.00429688
-2.356028e-008	0.0126709
-2.353528e-008	0.024585
-2.351028e-008	0.0112305
-2.348528e-008	0.0074463
-2.346028e-008	0.023584
-2.343528e-008	0.0231445
-2.341028e-008	0.0143799
-2.338528e-008	0.0202637
-2.336028e-008	0.0209229
-2.333528e-008	0.0176758
-2.331028e-008	0.0212158
-2.328528e-008	0.0206543
-2.326028e-008	0.0143555
-2.323528e-008	0.0119385
-2.321028e-008	0.0181885
-2.318528e-008	0.02146
-2.316028e-008	0.0196045
-2.313528e-008	0.0115967
-2.311028e-008	0.0113281
-2.308528e-008	0.0261475
-2.306028e-008	0.00974122
-2.303528e-008	-0.00395507
-2.301028e-008	0.021875
-2.298528e-008	0.023584
-2.296028e-008	0.0208984
-2.293528e-008	0.0275879
-2.291028e-008	0.0177734
-2.288528e-008	0.0301514
-2.286028e-008	0.0280762
-2.283528e-008	0.00639649
-2.281028e-008	0.0218018
-2.278528e-008	0.0203125
-2.276028e-008	0.00146485
-2.273528e-008	0.0119385
-2.271028e-008	0.0198486
-2.268528e-008	0.0185059
-2.266028e-008	0.0151367
-2.263528e-008	0.0151123
-2.261028e-008	0.023584
-2.258528e-008	0.0274414
-2.256028e-008	0.0203369
-2.253528e-008	-0.000610344
-2.251028e-008	-0.00187988
-2.248528e-008	0.0144531
-2.246028e-008	0.0186279
-2.243528e-008	0.0297608
-2.241028e-008	0.0287842
-2.238528e-008	0.017627
-2.236028e-008	0.0195801
-2.233528e-008	0.0165283
-2.231028e-008	0.0238281
-2.228528e-008	0.0203125
-2.226028e-008	0.00192872
-2.223528e-008	0.0183838
-2.221028e-008	0.0316895
-2.218528e-008	0.0231445
-2.216028e-008	0.0227295
-2.213528e-008	0.0195313
-2.211028e-008	0.0101563
-2.208528e-008	0.00737305
-2.206028e-008	0.0157227
-2.203528e-008	0.0233643
-2.201028e-008	0.0242676
-2.198528e-008	0.0137207
-2.196028e-008	0.00598145
-2.193528e-008	0.0171875
-2.191028e-008	0.0200928
-2.188528e-008	0.0259766
-2.186028e-008	0.0339844
-2.183528e-008	0.0199707
-2.181028e-008	0.0162109
-2.178528e-008	0.0205078
-2.176028e-008	0.0181397
-2.173528e-008	0.0191162
-2.171028e-008	0.0184815
-2.168528e-008	0.0177002
-2.166028e-008	0.0181152
-2.163528e-008	0.0188477
-2.161028e-008	0.0158447
-2.158528e-008	0.0132568
-2.156028e-008	0.0143066
-2.153528e-008	0.0143555
-2.151028e-008	0.0182617
-2.148528e-008	0.0166504
-2.146028e-008	0.019043
-2.143528e-008	0.0240967
-2.141028e-008	0.0143311
-2.138528e-008	0.0206543
-2.136028e-008	0.0272461
-2.133528e-008	0.0169678
-2.131028e-008	0.026001
-2.128528e-008	0.0311279
-2.126028e-008	0.0237305
-2.123528e-008	0.0202149
-2.121028e-008	0.0131348
-2.118528e-008	0.0205811
-2.116028e-008	0.0193359
-2.113528e-008	0.00134278
-2.111028e-008	0.0146729
-2.108528e-008	0.0271973
-2.106028e-008	0.0071045
-2.103528e-008	0.00576173
-2.101028e-008	0.0241943
-2.098528e-008	0.0218262
-2.096028e-008	0.016333
-2.093528e-008	0.0240967
-2.091028e-008	0.0321045
-2.088528e-008	0.0309326
-2.086028e-008	0.0206055
-2.083528e-008	0.0221436
-2.081028e-008	0.0290772
-2.078528e-008	0.019751
-2.076028e-008	0.0125488
-2.073528e-008	0.0162109
-2.071028e-008	0.0162598
-2.068528e-008	0.0197022
-2.066028e-008	0.0268555
-2.063528e-008	0.0220703
-2.061028e-008	0.019458
-2.058528e-008	0.0234863
-2.056028e-008	0.0251221
-2.053528e-008	0.0278809
-2.051028e-008	0.0308594
-2.048528e-008	0.0322022
-2.046028e-008	0.0266113
-2.043528e-008	0.0196289
-2.041028e-008	0.0104004
-2.038528e-008	0.00422364
-2.036028e-008	0.012085
-2.033528e-008	0.0128906
-2.031028e-008	0.0150879
-2.028528e-008	0.0240723
-2.026028e-008	0.019165
-2.023528e-008	0.0181152
-2.021028e-008	0.0251221
-2.018528e-008	0.0174561
-2.016028e-008	0.0160156
-2.013528e-008	0.0247559
-2.011028e-008	0.0155029
-2.008528e-008	0.0141113
-2.006028e-008	0.020044
-2.003528e-008	0.0162842
-2.001028e-008	0.0154541
-1.998528e-008	0.00908204
-1.996028e-008	0.0187012
-1.993528e-008	0.0271484
-1.991028e-008	0.01875
-1.988528e-008	0.0253174
-1.986028e-008	0.00944825
-1.983528e-008	0.000146492
-1.981028e-008	0.0292969
-1.978528e-008	0.0263184
-1.976028e-008	0.0122803
-1.973528e-008	0.0154053
-1.971028e-008	0.0124024
-1.968528e-008	0.0168457
-1.966028e-008	0.0203613
-1.963528e-008	0.0215088
-1.961028e-008	0.0202881
-1.958528e-008	0.017334
-1.956028e-008	0.0250733
-1.953528e-008	0.0139404
-1.951028e-008	0.00878907
-1.948528e-008	0.0251465
-1.946028e-008	0.0193848
-1.943528e-008	0.0148682
-1.941028e-008	0.0167236
-1.938528e-008	0.0166992
-1.936028e-008	0.0164795
-1.933528e-008	0.00808106
-1.931028e-008	0.0241699
-1.928528e-008	0.0343262
-1.926028e-008	0.0188965
-1.923528e-008	0.0197266
-1.921028e-008	0.0195313
-1.918528e-008	0.017334
-1.916028e-008	0.0203125
-1.913528e-008	0.0136963
-1.911028e-008	0.0197754
-1.908528e-008	0.0289551
-1.906028e-008	0.0185059
-1.903528e-008	0.018457
-1.901028e-008	0.0241455
-1.898528e-008	0.0206055
-1.896028e-008	0.0310303
-1.893528e-008	0.0294922
-1.891028e-008	0.0123535
-1.888528e-008	0.0118652
-1.886028e-008	0.0124268
-1.883528e-008	0.0148682
-1.881028e-008	0.0201904
-1.878528e-008	0.0186035
-1.876028e-008	0.013916
-1.873528e-008	0.0123291
-1.871028e-008	0.0241943
-1.868528e-008	0.020044
-1.866028e-008	0.00488282
-1.863528e-008	0.0183106
-1.861028e-008	0.0265869
-1.858528e-008	0.019458
-1.856028e-008	0.0197754
-1.853528e-008	0.0159912
-1.851028e-008	0.017749
-1.848528e-008	0.0148682
-1.846028e-008	0.00205079
-1.843528e-008	0.0121582
-1.841028e-008	0.0256348
-1.838528e-008	0.0227051
-1.836028e-008	0.00966798
-1.833528e-008	7.32496e-005
-1.831028e-008	0.0199707
-1.828528e-008	0.0358643
-1.826028e-008	0.0166016
-1.823528e-008	-0.000854485
-1.821028e-008	0.00551759
-1.818528e-008	0.0118408
-1.816028e-008	0.0119873
-1.813528e-008	0.0123779
-1.811028e-008	0.00893555
-1.808528e-008	0.020166
-1.806028e-008	0.0253906
-1.803528e-008	0.0147217
-1.801028e-008	0.0209229
-1.798528e-008	0.0196289
-1.796028e-008	0.0109375
-1.793528e-008	0.0083252
-1.791028e-008	0.0041504
-1.788528e-008	0.0126465
-1.786028e-008	0.0145508
-1.783528e-008	0.0167481
-1.781028e-008	0.0253906
-1.778528e-008	0.00534669
-1.776028e-008	0.000610359
-1.773528e-008	0.0224121
-1.771028e-008	0.0142334
-1.768528e-008	0.0113525
-1.766028e-008	0.0244629
-1.763528e-008	0.0187256
-1.761028e-008	0.0183838
-1.758528e-008	0.0157227
-1.756028e-008	0.0161377
-1.753528e-008	0.023584
-1.751028e-008	0.0124512
-1.748528e-008	0.0115479
-1.746028e-008	0.0139404
-1.743528e-008	0.0175293
-1.741028e-008	0.0207031
-1.738528e-008	0.0088379
-1.736028e-008	0.0205566
-1.733528e-008	0.0206299
-1.731028e-008	0.0151123
-1.728528e-008	0.0286377
-1.726028e-008	0.0125977
-1.723528e-008	0.0129639
-1.721028e-008	0.0210938
-1.718528e-008	0.00998536
-1.716028e-008	0.0214111
-1.713528e-008	0.0297119
-1.711028e-008	0.0329834
-1.708528e-008	0.0259033
-1.706028e-008	0.0129639
-1.703528e-008	0.0168457
-1.701028e-008	0.00339356
-1.698528e-008	0.0109131
-1.696028e-008	0.039624
-1.693528e-008	0.0186279
-1.691028e-008	0.0104736
-1.688528e-008	0.0343262
-1.686028e-008	0.0240967
-1.683528e-008	0.02229
-1.681028e-008	0.0379639
-1.678528e-008	0.0249268
-1.676028e-008	0.0153565
-1.673528e-008	0.0203613
-1.671028e-008	0.0224854
-1.668528e-008	0.0278565
-1.666028e-008	0.0118164
-1.663528e-008	-0.0110107
-1.661028e-008	0.00219727
-1.658528e-008	0.0204102
-1.656028e-008	0.01604
-1.653528e-008	0.00949708
-1.651028e-008	0.0227295
-1.648528e-008	0.0361816
-1.646028e-008	0.0289307
-1.643528e-008	0.0252441
-1.641028e-008	0.0172607
-1.638528e-008	0.00751954
-1.636028e-008	0.0240479
-1.633528e-008	0.0349854
-1.631028e-008	0.0241943
-1.628528e-008	0.0213623
-1.626028e-008	0.0171875
-1.623528e-008	0.00446778
-1.621028e-008	0.0112061
-1.618528e-008	0.0131592
-1.616028e-008	0.00717774
-1.613528e-008	0.0254883
-1.611028e-008	0.0359375
-1.608528e-008	0.0247803
-1.606028e-008	0.0170654
-1.603528e-008	0.0286133
-1.601028e-008	0.038208
-1.598528e-008	0.02229
-1.596028e-008	0.012085
-1.593528e-008	0.014502
-1.591028e-008	0.0228516
-1.588528e-008	0.0300781
-1.586028e-008	0.0186768
-1.583528e-008	0.0122803
-1.581028e-008	0.0167481
-1.578528e-008	0.0176758
-1.576028e-008	0.020166
-1.573528e-008	0.0181885
-1.571028e-008	0.0156494
-1.568528e-008	0.0255127
-1.566028e-008	0.0255371
-1.563528e-008	0.0174072
-1.561028e-008	0.0238281
-1.558528e-008	0.0143555
-1.556028e-008	0.00410157
-1.553528e-008	0.01875
-1.551028e-008	0.0174316
-1.548528e-008	0.00812989
-1.546028e-008	0.00798341
-1.543528e-008	0.0142334
-1.541028e-008	0.0251221
-1.538528e-008	0.018457
-1.536028e-008	0.016919
-1.533528e-008	0.0243652
-1.531028e-008	0.0212647
-1.528528e-008	0.0317139
-1.526028e-008	0.0356201
-1.523528e-008	0.0203369
-1.521028e-008	0.0209473
-1.518528e-008	0.0224365
-1.516028e-008	0.00856934
-1.513528e-008	0.00573731
-1.511028e-008	0.021582
-1.508528e-008	0.0223389
-1.506028e-008	0.00649415
-1.503528e-008	0.0136719
-1.501028e-008	0.0199219
-1.498528e-008	0.00629884
-1.496028e-008	0.00227052
-1.493528e-008	0.00458985
-1.491028e-008	0.0117432
-1.488528e-008	0.020166
-1.486028e-008	0.0237549
-1.483528e-008	0.0298096
-1.481028e-008	0.0306641
-1.478528e-008	0.0265625
-1.476028e-008	0.0212891
-1.473528e-008	0.0188965
-1.471028e-008	0.0195313
-1.468528e-008	0.013501
-1.466028e-008	0.0130615
-1.463528e-008	0.0229736
-1.461028e-008	0.0316162
-1.458528e-008	0.0335938
-1.456028e-008	0.0242188
-1.453528e-008	0.0273926
-1.451028e-008	0.0390869
-1.448528e-008	0.0255371
-1.446028e-008	0.0199463
-1.443528e-008	0.0248535
-1.441028e-008	0.0105713
-1.438528e-008	0.0126221
-1.436028e-008	0.0227783
-1.433528e-008	0.0166016
-1.431028e-008	0.0248047
-1.428528e-008	0.02854
-1.426028e-008	0.00812989
-1.423528e-008	0.00703126
-1.421028e-008	0.0232178
-1.418528e-008	0.0218018
-1.416028e-008	0.0136719
-1.413528e-008	0.0119385
-1.411028e-008	0.0201904
-1.408528e-008	0.028833
-1.406028e-008	0.0202637
-1.403528e-008	0.0197266
-1.401028e-008	0.02229
-1.398528e-008	0.00754395
-1.396028e-008	0.0132813
-1.393528e-008	0.0294678
-1.391028e-008	0.0272949
-1.388528e-008	0.0234863
-1.386028e-008	0.0239014
-1.383528e-008	0.0243897
-1.381028e-008	0.0178711
-1.378528e-008	0.019751
-1.376028e-008	0.0336914
-1.373528e-008	0.0219238
-1.371028e-008	0.0043213
-1.368528e-008	0.0185791
-1.366028e-008	0.0264404
-1.363528e-008	0.0139649
-1.361028e-008	0.0208984
-1.358528e-008	0.0261719
-1.356028e-008	0.0123535
-1.353528e-008	0.0181397
-1.351028e-008	0.0294434
-1.348528e-008	0.0292969
-1.346028e-008	0.0312012
-1.343528e-008	0.0321289
-1.341028e-008	0.0294434
-1.338528e-008	0.0161621
-1.336028e-008	0.00944825
-1.333528e-008	0.0119873
-1.331028e-008	0.0160645
-1.328528e-008	0.0341065
-1.326028e-008	0.0359131
-1.323528e-008	0.020874
-1.321028e-008	0.0172119
-1.318528e-008	0.0202637
-1.316028e-008	0.0243164
-1.313528e-008	0.0204102
-1.311028e-008	0.0140869
-1.308528e-008	0.00842286
-1.306028e-008	0.00341798
-1.303528e-008	0.00993653
-1.301028e-008	0.0185547
-1.298528e-008	0.019751
-1.296028e-008	0.0191162
-1.293528e-008	0.0190186
-1.291028e-008	0.0177734
-1.288528e-008	0.0263672
-1.286028e-008	0.0341065
-1.283528e-008	0.0237061
-1.281028e-008	0.0208496
-1.278528e-008	0.0219238
-1.276028e-008	0.0121338
-1.273528e-008	0.0102051
-1.271028e-008	0.0240479
-1.268528e-008	0.0374268
-1.266028e-008	0.0260742
-1.263528e-008	0.0134766
-1.261028e-008	0.0162598
-1.258528e-008	0.0223389
-1.256028e-008	0.0372559
-1.253528e-008	0.0338867
-1.251028e-008	0.0168457
-1.248528e-008	0.0130859
-1.246028e-008	0.00729981
-1.243528e-008	0.00532227
-1.241028e-008	0.0118408
-1.238528e-008	0.0206299
-1.236028e-008	0.0242676
-1.233528e-008	0.0173828
-1.231028e-008	0.0205078
-1.228528e-008	0.0326172
-1.226028e-008	0.0324951
-1.223528e-008	0.0225098
-1.221028e-008	0.0163086
-1.218528e-008	0.0190918
-1.216028e-008	0.0294678
-1.213528e-008	0.0296143
-1.211028e-008	0.020166
-1.208528e-008	0.0276611
-1.206028e-008	0.0304688
-1.203528e-008	0.0177002
-1.201028e-008	0.0165772
-1.198528e-008	0.0209717
-1.196028e-008	0.0194824
-1.193528e-008	0.020752
-1.191028e-008	0.0308594
-1.188528e-008	0.0263672
-1.186028e-008	0.0135498
-1.183528e-008	0.0241455
-1.181028e-008	0.0337891
-1.178528e-008	0.0288086
-1.176028e-008	0.0206055
-1.173528e-008	0.010791
-1.171028e-008	0.00942384
-1.168528e-008	0.0193848
-1.166028e-008	0.0243897
-1.163528e-008	0.016919
-1.161028e-008	0.0194092
-1.158528e-008	0.0237305
-1.156028e-008	0.0171631
-1.153528e-008	0.0255859
-1.151028e-008	0.0299072
-1.148528e-008	0.0222656
-1.146028e-008	0.0268555
-1.143528e-008	0.0153809
-1.141028e-008	0.00908204
-1.138528e-008	0.0321533
-1.136028e-008	0.0272949
-1.133528e-008	0.0131836
-1.131028e-008	0.0273682
-1.128528e-008	0.0253174
-1.126028e-008	0.00712891
-1.123528e-008	0.0169922
-1.121028e-008	0.0310303
-1.118528e-008	0.0230957
-1.116028e-008	0.0178711
-1.113528e-008	0.0143311
-1.111028e-008	0.0174316
-1.108528e-008	0.0248535
-1.106028e-008	0.0217774
-1.103528e-008	0.0247559
-1.101028e-008	0.029834
-1.098528e-008	0.0363281
-1.096028e-008	0.0293701
-1.093528e-008	0.0101318
-1.091028e-008	0.0180176
-1.088528e-008	0.0277832
-1.086028e-008	0.0208008
-1.083528e-008	0.0206543
-1.081028e-008	0.0259522
-1.078528e-008	0.0194824
-1.076028e-008	0.0110596
-1.073528e-008	0.0158203
-1.071028e-008	0.0213135
-1.068528e-008	0.0307129
-1.066028e-008	0.0238525
-1.063528e-008	0.0052002
-1.061028e-008	0.00957032
-1.058528e-008	0.0127441
-1.056028e-008	0.0238525
-1.053528e-008	0.0297363
-1.051028e-008	0.0111572
-1.048528e-008	0.0225586
-1.046028e-008	0.0307129
-1.043528e-008	0.0162109
-1.041028e-008	0.0242432
-1.038528e-008	0.0143066
-1.036028e-008	0.00197755
-1.033528e-008	0.022168
-1.031028e-008	0.0187988
-1.028528e-008	0.0088379
-1.026028e-008	0.0181885
-1.023528e-008	0.0215332
-1.021028e-008	0.0244385
-1.018528e-008	0.0223389
-1.016028e-008	0.0189941
-1.013528e-008	0.0163574
-1.011028e-008	0.0121094
-1.008528e-008	0.0155274
-1.006028e-008	0.0153809
-1.003528e-008	0.0134277
-1.001028e-008	0.0175537
-9.985276e-009	0.0234619
-9.960276e-009	0.0216065
-9.935276e-009	0.0178467
-9.910276e-009	0.021167
-9.885276e-009	0.0156494
-9.860276e-009	0.0115723
-9.835276e-009	0.0181152
-9.810276e-009	0.0186035
-9.785276e-009	0.017041
-9.760276e-009	0.0266113
-9.735276e-009	0.030249
-9.710276e-009	0.0198486
-9.685276e-009	0.0227783
-9.660276e-009	0.0168701
-9.635276e-009	0.00302735
-9.610276e-009	0.0161133
-9.585276e-009	0.0175049
-9.560276e-009	0.0143311
-9.535276e-009	0.0213379
-9.510276e-009	0.0143799
-9.485276e-009	0.0174561
-9.460276e-009	0.0175781
-9.435276e-009	0.0111084
-9.410276e-009	0.0192383
-9.385276e-009	0.0204102
-9.360276e-009	0.0196045
-9.335276e-009	0.0161377
-9.310276e-009	0.0131348
-9.285276e-009	0.021582
-9.260276e-009	0.00690919
-9.235276e-009	-0.00458984
-9.210276e-009	0.0172852
-9.185276e-009	0.0244385
-9.160276e-009	0.0118164
-9.135276e-009	0.00566407
-9.110276e-009	0.01604
-9.085276e-009	0.0263184
-9.060276e-009	0.018457
-9.035276e-009	0.02854
-9.010276e-009	0.043042
-8.985276e-009	0.0272705
-8.960276e-009	0.0132324
-8.935276e-009	0.0159668
-8.910276e-009	0.0294922
-8.885276e-009	0.0318604
-8.860276e-009	0.0175293
-8.835276e-009	0.0196777
-8.810276e-009	0.0227295
-8.785276e-009	0.0114746
-8.760276e-009	0.0189209
-8.735276e-009	0.0337891
-8.710276e-009	0.0249512
-8.685276e-009	0.0156738
-8.660276e-009	0.016333
-8.635276e-009	0.023169
-8.610276e-009	0.034375
-8.585276e-009	0.0186524
-8.560276e-009	0.0112061
-8.535276e-009	0.0305176
-8.510276e-009	0.0239502
-8.485276e-009	0.0226807
-8.460276e-009	0.0318604
-8.435276e-009	0.0204346
-8.410276e-009	0.0223145
-8.385276e-009	0.0311279
-8.360276e-009	0.0233887
-8.335276e-009	0.00834962
-8.310276e-009	0.0159668
-8.285276e-009	0.0308594
-8.260276e-009	0.0122803
-8.235276e-009	0.0121582
-8.210276e-009	0.0320801
-8.185276e-009	0.0308838
-8.160276e-009	0.0347412
-8.135276e-009	0.0241943
-8.110276e-009	0.00131837
-8.085276e-009	0.00881348
-8.060276e-009	0.0155518
-8.035276e-009	0.00610352
-8.010276e-009	0.0130127
-7.985276e-009	0.0253662
-7.960276e-009	0.0304932
-7.935276e-009	0.0379883
-7.910276e-009	0.0332031
-7.885276e-009	0.0228027
-7.860276e-009	0.0175781
-7.835276e-009	0.0149902
-7.810276e-009	0.0250977
-7.785276e-009	0.0256104
-7.760276e-009	0.0144287
-7.735276e-009	0.0160156
-7.710276e-009	0.0217529
-7.685276e-009	0.0200928
-7.660276e-009	0.0138916
-7.635276e-009	0.0159668
-7.610276e-009	0.0176514
-7.585276e-009	0.0187256
-7.560276e-009	0.0314697
-7.535276e-009	0.0299805
-7.510276e-009	0.026001
-7.485276e-009	0.0302246
-7.460276e-009	0.0140381
-7.435276e-009	0.00637208
-7.410276e-009	0.0131592
-7.385276e-009	0.0143066
-7.360276e-009	0.0258545
-7.335276e-009	0.0226563
-7.310276e-009	0.00961915
-7.285276e-009	0.0207764
-7.260276e-009	0.0262207
-7.235276e-009	0.0192627
-7.210276e-009	0.02229
-7.185276e-009	0.0279053
-7.160276e-009	0.0242188
-7.135276e-009	0.0161621
-7.110276e-009	0.0222168
-7.085276e-009	0.0300293
-7.060276e-009	0.00871583
-7.035276e-009	-0.00139159
-7.010276e-009	0.0166016
-6.985276e-009	0.0139649
-6.960276e-009	0.0212891
-6.935276e-009	0.0344238
-6.910276e-009	0.0178467
-6.885276e-009	0.0203125
-6.860276e-009	0.0243897
-6.835276e-009	0.0182617
-6.810276e-009	0.0282715
-6.785276e-009	0.0214111
-6.760276e-009	0.0165527
-6.735276e-009	0.0272949
-6.710276e-009	0.0283203
-6.685276e-009	0.0239746
-6.660276e-009	0.0124024
-6.635276e-009	0.0146484
-6.610276e-009	0.0252441
-6.585276e-009	0.0190674
-6.560276e-009	0.0134522
-6.535276e-009	0.0116211
-6.510276e-009	0.0233399
-6.485276e-009	0.0292725
-6.460276e-009	0.0137207
-6.435276e-009	0.0154053
-6.410276e-009	0.0188232
-6.385276e-009	0.0160156
-6.360276e-009	0.0238037
-6.335276e-009	0.0236328
-6.310276e-009	0.0216553
-6.285276e-009	0.0235107
-6.260276e-009	0.0192139
-6.235276e-009	0.0157471
-6.210276e-009	0.0208984
-6.185276e-009	0.0282227
-6.160276e-009	0.0239014
-6.135276e-009	0.0197022
-6.110276e-009	0.0304932
-6.085276e-009	0.0310303
-6.060276e-009	0.0178711
-6.035276e-009	0.0164551
-6.010276e-009	0.0170166
-5.985276e-009	0.0152832
-5.960276e-009	0.0211182
-5.935276e-009	0.0232666
-5.910276e-009	0.0224854
-5.885276e-009	0.0203125
-5.860276e-009	0.0111084
-5.835276e-009	0.00375977
-5.810276e-009	-0.00217284
-5.785276e-009	0.0072754
-5.760276e-009	0.0330078
-5.735276e-009	0.0257568
-5.710276e-009	0.0122803
-5.685276e-009	0.0206055
-5.660276e-009	0.00749512
-5.635276e-009	0.0088379
-5.610276e-009	0.0213379
-5.585276e-009	0.0118652
-5.560276e-009	0.0209473
-5.535276e-009	0.0224854
-5.510276e-009	0.0150635
-5.485276e-009	0.0291504
-5.460276e-009	0.0265625
-5.435276e-009	0.0183594
-5.410276e-009	0.0245361
-5.385276e-009	0.0172119
-5.360276e-009	0.00991212
-5.335276e-009	0.0182617
-5.310276e-009	0.0202881
-5.285276e-009	0.0150879
-5.260276e-009	0.00915528
-5.235276e-009	0.00996095
-5.210276e-009	0.0267822
-5.185276e-009	0.0295654
-5.160276e-009	0.017041
-5.135276e-009	0.0132813
-5.110276e-009	0.00834962
-5.085276e-009	0.0175049
-5.060276e-009	0.0314453
-5.035276e-009	0.0231445
-5.010276e-009	0.0209717
-4.985276e-009	0.0279053
-4.960276e-009	0.0245117
-4.935276e-009	0.0187012
-4.910276e-009	0.0211914
-4.885276e-009	0.0286865
-4.860276e-009	0.0213135
-4.835276e-009	0.00852052
-4.810276e-009	0.0139404
-4.785276e-009	0.0197998
-4.760276e-009	0.0155274
-4.735276e-009	0.0186524
-4.710276e-009	0.0297363
-4.685276e-009	0.0190674
-4.660276e-009	0.000292976
-4.635276e-009	0.0176514
-4.610276e-009	0.022583
-4.585276e-009	0.00231934
-4.560276e-009	0.00895997
-4.535276e-009	0.0159424
-4.510276e-009	0.0119629
-4.485276e-009	0.0162842
-4.460276e-009	0.0248779
-4.435276e-009	0.0191895
-4.410276e-009	0.00612794
-4.385276e-009	0.0187012
-4.360276e-009	0.0246094
-4.335276e-009	0.00983887
-4.310276e-009	0.00991212
-4.285276e-009	0.0180908
-4.260276e-009	0.0140381
-4.235276e-009	0.0136475
-4.210276e-009	0.0257324
-4.185276e-009	0.0267578
-4.160276e-009	0.0184326
-4.135276e-009	0.0145752
-4.110276e-009	0.0291992
-4.085276e-009	0.0355225
-4.060276e-009	0.0150635
-4.035276e-009	0.0146973
-4.010276e-009	0.0184082
-3.985276e-009	0.022168
-3.960276e-009	0.0320313
-3.935276e-009	0.0195068
-3.910276e-009	0.0188477
-3.885276e-009	0.0250733
-3.860276e-009	0.0209229
-3.835276e-009	0.0205322
-3.810276e-009	0.013794
-3.785276e-009	0.00722657
-3.760276e-009	0.0137207
-3.735276e-009	0.0237549
-3.710276e-009	0.0215088
-3.685276e-009	0.0173584
-3.660276e-009	0.0146484
-3.635276e-009	0.0147461
-3.610276e-009	0.0203369
-3.585276e-009	0.0184326
-3.560276e-009	0.0265137
-3.535276e-009	0.0278565
-3.510276e-009	0.0127686
-3.485276e-009	0.0163818
-3.460276e-009	0.0198242
-3.435276e-009	0.0170166
-3.410276e-009	0.0168457
-3.385276e-009	0.00910645
-3.360276e-009	0.00993653
-3.335276e-009	0.0171631
-3.310276e-009	0.0266602
-3.285276e-009	0.0354736
-3.260276e-009	0.0247559
-3.235276e-009	0.0204102
-3.210276e-009	0.0202393
-3.185276e-009	0.00178223
-3.160276e-009	-0.000317375
-3.135276e-009	0.0121826
-3.110276e-009	0.0248047
-3.085276e-009	0.0318848
-3.060276e-009	0.0192383
-3.035276e-009	0.0192383
-3.010276e-009	0.027124
-2.985276e-009	0.0169678
-2.960276e-009	0.012915
-2.935276e-009	0.02146
-2.910276e-009	0.0282959
-2.885276e-009	0.0209473
-2.860276e-009	0.0109375
-2.835276e-009	0.0189941
-2.810276e-009	0.0243897
-2.785276e-009	0.0200928
-2.760276e-009	0.0196533
-2.735276e-009	0.0143555
-2.710276e-009	0.0154053
-2.685276e-009	0.0205811
-2.660276e-009	0.0127197
-2.635276e-009	0.0181885
-2.610276e-009	0.0252197
-2.585276e-009	0.0177734
-2.560276e-009	0.0262207
-2.535276e-009	0.0267578
-2.510276e-009	0.0201904
-2.485276e-009	0.02854
-2.460276e-009	0.0187012
-2.435276e-009	0.0144287
-2.410276e-009	0.0296387
-2.385276e-009	0.0222412
-2.360276e-009	0.00769044
-2.335276e-009	0.00949708
-2.310276e-009	0.024707
-2.285276e-009	0.0307373
-2.260276e-009	0.0156494
-2.235276e-009	0.019165
-2.210276e-009	0.0288818
-2.185276e-009	0.0220459
-2.160276e-009	0.0285156
-2.135276e-009	0.024585
-2.110276e-009	0.00512696
-2.085276e-009	0.00888673
-2.060276e-009	0.0226807
-2.035276e-009	0.0245606
-2.010276e-009	0.0148682
-1.985276e-009	0.0165772
-1.960276e-009	0.0174316
-1.935276e-009	-0.00126952
-1.910276e-009	0.0136231
-1.885276e-009	0.0334229
-1.860276e-009	0.0139893
-1.835276e-009	0.0189697
-1.810276e-009	0.0270264
-1.785276e-009	0.00852052
-1.760276e-009	0.00791016
-1.735276e-009	0.0153809
-1.710276e-009	0.02146
-1.685276e-009	0.0220703
-1.660276e-009	0.0174072
-1.635276e-009	0.0244141
-1.610276e-009	0.0288086
-1.585276e-009	0.0223633
-1.560276e-009	0.0136231
-1.535276e-009	0.0192627
-1.510276e-009	0.030542
-1.485276e-009	0.0226318
-1.460276e-009	0.00617677
-1.435276e-009	-0.000415032
-1.410276e-009	0.00903321
-1.385276e-009	0.0205811
-1.360276e-009	0.0212158
-1.335276e-009	0.0123779
-1.310276e-009	0.0109131
-1.285276e-009	0.0188477
-1.260276e-009	0.018042
-1.235276e-009	0.0299805
-1.210276e-009	0.0414551
-1.185276e-009	0.0195068
-1.160276e-009	-0.00158691
-1.135276e-009	0.00705567
-1.110276e-009	0.0319824
-1.085276e-009	0.0351563
-1.060276e-009	0.00986329
-1.035276e-009	0.000805672
-1.010276e-009	0.0110596
-9.852764e-010	0.0114258
-9.602764e-010	0.0137695
-9.352764e-010	0.0193604
-9.102764e-010	0.0235107
-8.852764e-010	0.0369873
-8.602764e-010	0.0347168
-8.352764e-010	0.0248047
-8.102764e-010	0.0257568
-7.852764e-010	0.0154297
-7.602764e-010	0.0120117
-7.352764e-010	0.0150635
-7.102764e-010	0.00664063
-6.852764e-010	0.0135254
-6.602764e-010	0.0210205
-6.352764e-010	0.0141846
-6.102764e-010	0.0176758
-5.852764e-010	0.0171143
-5.602764e-010	0.0158691
-5.352764e-010	0.024707
-5.102764e-010	0.0240479
-4.852764e-010	0.0264649
-4.602764e-010	0.0272217
-4.352764e-010	0.0203369
-4.102764e-010	0.0168945
-3.852764e-010	0.00529786
-3.602764e-010	0.0071045
-3.352764e-010	0.0160645
-3.102764e-010	-0.00566406
-2.852764e-010	-0.0236816
-2.602764e-010	-0.0269775
-2.352764e-010	-0.0501221
-2.102764e-010	-0.0605713
-1.852764e-010	-0.0584228
-1.602764e-010	-0.10332
-1.352764e-010	-0.150049
-1.102764e-010	-0.149976
-8.527644e-011	-0.159937
-6.027644e-011	-0.197583
-3.527644e-011	-0.226221
-1.027644e-011	-0.242627
1.472356e-011	-0.263623
3.972356e-011	-0.294263
6.472356e-011	-0.319507
8.972356e-011	-0.327856
1.147236e-010	-0.338599
1.397236e-010	-0.354028
1.647236e-010	-0.371094
1.897236e-010	-0.398804
2.147236e-010	-0.397729
2.397236e-010	-0.364404
2.647236e-010	-0.35542
2.897236e-010	-0.357544
3.147236e-010	-0.341162
3.397236e-010	-0.320825
3.647236e-010	-0.308301
3.897236e-010	-0.309888
4.147236e-010	-0.300513
4.397236e-010	-0.272192
4.647236e-010	-0.254761
4.897236e-010	-0.22915
5.147236e-010	-0.204492
5.397236e-010	-0.200757
5.647236e-010	-0.172461
5.897236e-010	-0.152856
6.147236e-010	-0.16167
6.397236e-010	-0.144775
6.647236e-010	-0.130786
6.897236e-010	-0.112305
7.147236e-010	-0.086792
7.397236e-010	-0.0904541
7.647236e-010	-0.0706543
7.897236e-010	-0.0509521
8.147236e-010	-0.0575684
8.397236e-010	-0.0351318
8.647236e-010	-0.00795898
8.897236e-010	-0.00158691
9.147236e-010	0.00285645
9.397236e-010	0.00310059
9.647236e-010	-0.00395507
9.897236e-010	0.0104981
1.014724e-009	0.0396729
1.039724e-009	0.0393555
1.064724e-009	0.0324219
1.089724e-009	0.0436768
1.114724e-009	0.0476318
1.139724e-009	0.0401367
1.164724e-009	0.046875
1.189724e-009	0.0542969
1.214724e-009	0.0378174
1.239724e-009	0.0338867
1.264724e-009	0.0488037
1.289724e-009	0.0525391
1.314724e-009	0.0535156
1.339724e-009	0.0490234
1.364724e-009	0.030249
1.389724e-009	0.023877
1.414724e-009	0.0293701
1.439724e-009	0.0186035
1.464724e-009	0.0164551
1.489724e-009	0.0316406
1.514724e-009	0.0215088
1.539724e-009	0.00295411
1.564724e-009	0.0128418
1.589724e-009	0.0222168
1.614724e-009	0.00734864
1.639724e-009	-0.00180663
1.664724e-009	0.0115479
1.689724e-009	0.0168457
1.714724e-009	0.00673829
1.739724e-009	0.00566407
1.764724e-009	0.0115234
1.789724e-009	0.0111328
1.814724e-009	0.00161134
1.839724e-009	-0.000756828
1.864724e-009	0.00129395
1.889724e-009	0.00585938
1.914724e-009	0.0282715
1.939724e-009	0.0276367
1.964724e-009	0.0123535
1.989724e-009	0.0160645
2.014724e-009	0.0147705
2.039724e-009	0.0187256
2.064724e-009	0.0161865
2.089724e-009	0.0167725
2.114724e-009	0.037793
2.139724e-009	0.0226807
2.164724e-009	0.0020752
2.189724e-009	0.0210938
2.214724e-009	0.0213135
2.239724e-009	0.00439454
2.264724e-009	0.0241699
2.289724e-009	0.0441162
2.314724e-009	0.0282959
2.339724e-009	0.0147461
2.364724e-009	0.0191162
2.389724e-009	0.0274414
2.414724e-009	0.027002
2.439724e-009	0.0270508
2.464724e-009	0.0336914
2.489724e-009	0.0316895
2.514724e-009	0.0291992
2.539724e-009	0.0217529
2.564724e-009	0.0135498
2.589724e-009	0.0320068
2.614724e-009	0.0448486
2.639724e-009	0.0306885
2.664724e-009	0.0289307
2.689724e-009	0.0259277
2.714724e-009	0.0100586
2.739724e-009	0.0154297
2.764724e-009	0.0202881
2.789724e-009	0.015918
2.814724e-009	0.014624
2.839724e-009	0.00786134
2.864724e-009	0.0105225
2.889724e-009	0.0178711
2.914724e-009	0.023877
2.939724e-009	0.0230957
2.964724e-009	0.0097168
2.989724e-009	0.0115723
3.014724e-009	0.0163818
3.039724e-009	0.0105225
3.064724e-009	0.0119873
3.089724e-009	0.0115479
3.114724e-009	0.0251221
3.139724e-009	0.0428955
3.164724e-009	0.0289063
3.189724e-009	0.0228516
3.214724e-009	0.0317871
3.239724e-009	0.032666
3.264724e-009	0.0360352
3.289724e-009	0.0353272
3.314724e-009	0.033667
3.339724e-009	0.0262207
3.364724e-009	0.0185791
3.389724e-009	0.0240967
3.414724e-009	0.020459
3.439724e-009	0.0194336
3.464724e-009	0.0277832
3.489724e-009	0.0333496
3.514724e-009	0.0357178
3.539724e-009	0.0197998
3.564724e-009	0.0167236
3.589724e-009	0.0287842
3.614724e-009	0.0177734
3.639724e-009	0.0142822
3.664724e-009	0.0177002
3.689724e-009	0.0140869
3.714724e-009	0.0193359
3.739724e-009	0.00798341
3.764724e-009	-0.00961913
3.789724e-009	-0.00461425
3.814724e-009	0.00913087
3.839724e-009	0.0143311
3.864724e-009	0.00104981
3.889724e-009	-0.00585937
3.914724e-009	0.00705567
3.939724e-009	0.00888673
3.964724e-009	-0.00107421
3.989724e-009	-0.00129394
4.014724e-009	0.00336915
4.039724e-009	0.00495606
4.064724e-009	0.00500489
4.089724e-009	0.0039795
4.114724e-009	0.015918
4.139724e-009	0.0217285
4.164724e-009	0.00324708
4.189724e-009	0.0110596
4.214724e-009	0.0311524
4.239724e-009	0.0238037
4.264724e-009	0.0172119
4.289724e-009	0.015332
4.314724e-009	0.0240479
4.339724e-009	0.0344483
4.364724e-009	0.027832
4.389724e-009	0.0309815
4.414724e-009	0.0368897
4.439724e-009	0.0343018
4.464724e-009	0.0359863
4.489724e-009	0.0395264
4.514724e-009	0.0404541
4.539724e-009	0.0324463
4.564724e-009	0.0249268
4.589724e-009	0.0302979
4.614724e-009	0.0383301
4.639724e-009	0.036377
4.664724e-009	0.0205566
4.689724e-009	0.0151611
4.714724e-009	0.0302246
4.739724e-009	0.027002
4.764724e-009	0.0170654
4.789724e-009	0.0156006
4.814724e-009	0.00161134
4.839724e-009	-0.000634758
4.864724e-009	0.00585938
4.889724e-009	0.00834962
4.914724e-009	0.0088379
4.939724e-009	-0.00322265
4.964724e-009	0.00371095
4.989724e-009	0.0202637
5.014724e-009	0.00722657
5.039724e-009	-0.00305175
5.064724e-009	0.0111816
5.089724e-009	0.00722657
5.114724e-009	-0.00373534
5.139724e-009	0.0130615
5.164724e-009	0.0102295
5.189724e-009	-0.00422363
5.214724e-009	-0.00307616
5.239724e-009	-0.00280761
5.264724e-009	0.0111084
5.289724e-009	0.0133057
5.314724e-009	0.0112793
5.339724e-009	0.0202637
5.364724e-009	0.00812989
5.389724e-009	0.00927735
5.414724e-009	0.0226563
5.439724e-009	0.0182373
5.464724e-009	0.0117676
5.489724e-009	0.0186279
5.514724e-009	0.0335449
5.539724e-009	0.0132813
5.564724e-009	-0.00725097
5.589724e-009	0.0169922
5.614724e-009	0.0281006
5.639724e-009	0.0205322
5.664724e-009	0.0200928
5.689724e-009	0.0270752
5.714724e-009	0.0320313
5.739724e-009	0.0120606
5.764724e-009	0.00781251
5.789724e-009	0.0244141
5.814724e-009	0.0185547
5.839724e-009	0.0244873
5.864724e-009	0.0331055
5.889724e-009	0.0178711
5.914724e-009	0.0167969
5.939724e-009	0.0170654
5.964724e-009	0.0109619
5.989724e-009	0.0208496
6.014724e-009	0.0292236
6.039724e-009	0.0243652
6.064724e-009	0.0168701
6.089724e-009	0.0256592
6.114724e-009	0.0326172
6.139724e-009	0.0108887
6.164724e-009	0.0025879
6.189724e-009	0.0134277
6.214724e-009	0.0121094
6.239724e-009	0.0166016
6.264724e-009	0.0217774
6.289724e-009	0.0186035
6.314724e-009	0.0160889
6.339724e-009	0.0106445
6.364724e-009	0.0134766
6.389724e-009	0.0166748
6.414724e-009	0.0160156
6.439724e-009	0.0141602
6.464724e-009	-0.00249023
6.489724e-009	0.000878914
6.514724e-009	0.0187012
6.539724e-009	0.0069336
6.564724e-009	0.00559083
6.589724e-009	0.0160156
6.614724e-009	0.0038086
6.639724e-009	0.0011963
6.664724e-009	0.00954591
6.689724e-009	0.00905762
6.714724e-009	0.0101563
6.739724e-009	0.00146485
6.764724e-009	-0.00646972
6.789724e-009	0.0119873
6.814724e-009	0.0263184
6.839724e-009	0.0233643
6.864724e-009	0.0196045
6.889724e-009	0.0158691
6.914724e-009	0.0202149
6.939724e-009	0.0220703
6.964724e-009	0.0181397
6.989724e-009	0.0223389
7.014724e-009	0.0275391
7.039724e-009	0.0331299
7.064724e-009	0.0272705
7.089724e-009	0.0169678
7.114724e-009	0.0253906
7.139724e-009	0.0244873
7.164724e-009	0.0227295
7.189724e-009	0.0377686
7.214724e-009	0.0323975
7.239724e-009	0.0172852
7.264724e-009	0.00922852
7.289724e-009	0.00966798
7.314724e-009	0.0234863
7.339724e-009	0.0157227
7.364724e-009	-0.00187988
7.389724e-009	-0.00231933
7.414724e-009	0.00161134
7.439724e-009	0.0132324
7.464724e-009	0.0187988
7.489724e-009	0.0211426
7.514724e-009	0.0206543
7.539724e-009	0.00266114
7.564724e-009	0.00212403
7.589724e-009	0.00820313
7.614724e-009	0.0102295
7.639724e-009	0.0331299
7.664724e-009	0.031958
7.689724e-009	0.0121338
7.714724e-009	0.0212891
7.739724e-009	0.0335449
7.764724e-009	0.0314209
7.789724e-009	0.0227295
7.814724e-009	0.0129883
7.839724e-009	0.0136963
7.864724e-009	0.0214844
7.889724e-009	0.0245117
7.914724e-009	0.021582
7.939724e-009	0.023291
7.964724e-009	0.0346436
7.989724e-009	0.0369385
8.014724e-009	0.0244873
8.039724e-009	0.0215576
8.064724e-009	0.0231934
8.089724e-009	0.0130615
8.114724e-009	0.00952149
8.139724e-009	0.0192139
8.164724e-009	0.0260498
8.189724e-009	0.0233154
8.214724e-009	0.0179443
8.239724e-009	0.020874
8.264724e-009	0.0237061
8.289724e-009	0.0193848
8.314724e-009	0.0181885
8.339724e-009	0.0168701
8.364724e-009	0.0198486
8.389724e-009	0.0217774
8.414724e-009	0.00749512
8.439724e-009	0.00483399
8.464724e-009	0.010376
8.489724e-009	0.0123291
8.514724e-009	0.0210693
8.539724e-009	0.0159668
8.564724e-009	0.0142578
8.589724e-009	0.0219727
8.614724e-009	0.0164795
8.639724e-009	0.0157959
8.664724e-009	0.0162598
8.689724e-009	0.0142578
8.714724e-009	0.0151611
8.739724e-009	0.0119629
8.764724e-009	0.0191406
8.789724e-009	0.0258545
8.814724e-009	0.0199707
8.839724e-009	0.0221924
8.864724e-009	0.0243408
8.889724e-009	0.0265625
8.914724e-009	0.0309815
8.939724e-009	0.0185059
8.964724e-009	0.0161133
8.989724e-009	0.0231934
9.014724e-009	0.0197998
9.039724e-009	0.0298584
9.064724e-009	0.0341553
9.089724e-009	0.0263916
9.114724e-009	0.0280762
9.139724e-009	0.0142822
9.164724e-009	0.00568848
9.189724e-009	0.0203369
9.214724e-009	0.0191162
9.239724e-009	0.0214356
9.264724e-009	0.0288574
9.289724e-009	0.0255371
9.314724e-009	0.0337402
9.339724e-009	0.0166992
9.364724e-009	-0.00151366
9.389724e-009	0.0129639
9.414724e-009	0.00595704
9.439724e-009	0.0101318
9.464724e-009	0.0249512
9.489724e-009	0.0149658
9.514724e-009	0.00769044
9.539724e-009	-0.00314941
9.564724e-009	0.00310059
9.589724e-009	0.0196045
9.614724e-009	0.0176514
9.639724e-009	0.010791
9.664724e-009	-0.000512688
9.689724e-009	0.0124512
9.714724e-009	0.024585
9.739724e-009	-0.00114745
9.764724e-009	-0.0043457
9.789724e-009	0.0132568
9.814724e-009	0.00166016
9.839724e-009	-0.00207519
9.864724e-009	0.0156982
9.889724e-009	0.0245606
9.914724e-009	0.0351318
9.939724e-009	0.0297608
9.964724e-009	0.0145508
9.989724e-009	0.0157959
1.001472e-008	0.0143066
1.003972e-008	0.0258057
1.006472e-008	0.03396
1.008972e-008	0.0236572
1.011472e-008	0.0169922
1.013972e-008	0.00412598
1.016472e-008	0.00424805
1.018972e-008	0.0149414
1.021472e-008	0.0177002
1.023972e-008	0.0237549
1.026472e-008	0.0238525
1.028972e-008	0.0231934
1.031472e-008	0.025293
1.033972e-008	0.0188232
1.036472e-008	0.0196289
1.038972e-008	0.0313477
1.041472e-008	0.0340332
1.043972e-008	0.0320068
1.046472e-008	0.0273193
1.048972e-008	0.0233154
1.051472e-008	0.0330566
1.053972e-008	0.0319824
1.056472e-008	0.0258057
1.058972e-008	0.0313721
1.061472e-008	0.0265137
1.063972e-008	0.0189941
1.066472e-008	0.0195068
1.068972e-008	0.028418
1.071472e-008	0.0307617
1.073972e-008	0.0128174
1.076472e-008	0.00388184
1.078972e-008	0.00607911
1.081472e-008	0.00986329
1.083972e-008	0.019043
1.086472e-008	0.0169678
1.088972e-008	0.00893555
1.091472e-008	0.00942384
1.093972e-008	0.0100586
1.096472e-008	0.00966798
1.098972e-008	0.0174072
1.101472e-008	0.0159912
1.103972e-008	-0.00588378
1.106472e-008	-0.00222167
1.108972e-008	0.0232666
1.111472e-008	0.021875
1.113972e-008	0.00280762
1.116472e-008	-0.00310058
1.118972e-008	0.0161865
1.121472e-008	0.0216309
1.123972e-008	0.00268555
1.126472e-008	0.00161134
1.128972e-008	0.0173584
1.131472e-008	0.0247559
1.133972e-008	0.0146484
1.136472e-008	0.00688477
1.138972e-008	0.00612794
1.141472e-008	0.0164063
1.143972e-008	0.0244141
1.146472e-008	0.0038086
1.148972e-008	0.00891114
1.151472e-008	0.0296875
1.153972e-008	0.0161133
1.156472e-008	0.00368653
1.158972e-008	0.00935059
1.161472e-008	0.0175049
1.163972e-008	0.0100342
1.166472e-008	0.000878914
1.168972e-008	0.0141357
1.171472e-008	0.0234863
1.173972e-008	0.0118652
1.176472e-008	0.00244141
1.178972e-008	0.00952149
1.181472e-008	0.0174072
1.183972e-008	0.0153565
1.186472e-008	0.00886231
1.188972e-008	0.0098877
1.191472e-008	0.0162109
1.193972e-008	0.013501
1.196472e-008	0.0110352
1.198972e-008	0.0161865
1.201472e-008	0.0197754
1.203972e-008	0.0194092
1.206472e-008	0.0274658
1.208972e-008	0.0413818
1.211472e-008	0.0302734
1.213972e-008	0.0111328
1.216472e-008	0.0200684
1.218972e-008	0.0264893
1.221472e-008	0.0158447
1.223972e-008	0.0135742
1.226472e-008	0.00825196
1.228972e-008	0.0133301
1.231472e-008	0.0309326
1.233972e-008	0.00981446
1.236472e-008	0.00104981
1.238972e-008	0.0321777
1.241472e-008	0.0370606
1.243972e-008	0.028418
1.246472e-008	0.024707
1.248972e-008	0.0318848
1.251472e-008	0.0378174
1.253972e-008	0.0190674
1.256472e-008	0.0188232
1.258972e-008	0.030249
1.261472e-008	0.0251953
1.263972e-008	0.0259766
1.266472e-008	0.0261231
1.268972e-008	0.0203125
1.271472e-008	0.023584
1.273972e-008	0.0228027
1.276472e-008	0.0168457
1.278972e-008	0.0221436
1.281472e-008	0.0201416
1.283972e-008	0.00771485
1.286472e-008	0.0104736
1.288972e-008	0.0227295
1.291472e-008	0.0172852
1.293972e-008	0.00834962
1.296472e-008	0.0231201
1.298972e-008	0.0343018
1.301472e-008	0.0287354
1.303972e-008	0.0146484
1.306472e-008	-0.00444335
1.308972e-008	-0.000415032
1.311472e-008	0.0113525
1.313972e-008	0.0090088
1.316472e-008	0.0151611
1.318972e-008	0.0237305
1.321472e-008	0.0239502
1.323972e-008	0.0215088
1.326472e-008	0.0227051
1.328972e-008	0.0338623
1.331472e-008	0.0327637
1.333972e-008	0.017041
1.336472e-008	0.0164795
1.338972e-008	0.0297363
1.341472e-008	0.0346924
1.343972e-008	0.0213379
1.346472e-008	0.0134033
1.348972e-008	0.0235596
1.351472e-008	0.0302979
1.353972e-008	0.0323242
1.356472e-008	0.0343262
1.358972e-008	0.0305176
1.361472e-008	0.0215088
1.363972e-008	0.0225098
1.366472e-008	0.027124
1.368972e-008	0.0233399
1.371472e-008	0.0327149
1.373972e-008	0.0333984
1.376472e-008	0.0114746
1.378972e-008	0.0103516
1.381472e-008	0.0296387
1.383972e-008	0.0310547
1.386472e-008	0.0102539
1.388972e-008	0.00688477
1.391472e-008	0.0216065
1.393972e-008	0.0230225
1.396472e-008	0.0113281
1.398972e-008	0.00180665
1.401472e-008	0.0129395
1.403972e-008	0.0221436
1.406472e-008	0.0110107
1.408972e-008	0.00976563
1.411472e-008	0.0187012
1.413972e-008	0.0112549
1.416472e-008	0.00222169
1.418972e-008	0.015332
1.421472e-008	0.0165527
1.423972e-008	0.0010254
1.426472e-008	0.00104981
1.428972e-008	0.00996095
1.431472e-008	0.018042
1.433972e-008	0.0129395
1.436472e-008	-0.00283202
1.438972e-008	0.00261231
1.441472e-008	0.0230713
1.443972e-008	0.0124268
1.446472e-008	-0.00952148
1.448972e-008	0.00786134
1.451472e-008	0.0241455
1.453972e-008	0.0125
1.456472e-008	0.0116455
1.458972e-008	0.0183106
1.461472e-008	0.0118652
1.463972e-008	0.0138428
1.466472e-008	0.0237061
1.468972e-008	0.0191406
1.471472e-008	0.0257324
1.473972e-008	0.0374756
1.476472e-008	0.0218018
1.478972e-008	0.0146729
1.481472e-008	0.0286621
1.483972e-008	0.0263672
1.486472e-008	0.0157959
1.488972e-008	0.0236328
1.491472e-008	0.0397217
1.493972e-008	0.0372315
1.496472e-008	0.0210938
1.498972e-008	0.0202393
1.501472e-008	0.0230713
1.503972e-008	0.0168945
1.506472e-008	0.0176025
1.508972e-008	0.0174561
1.511472e-008	0.0153809
1.513972e-008	0.0177246
1.516472e-008	0.0180664
1.518972e-008	0.0231934
1.521472e-008	0.0231445
1.523972e-008	0.00673829
1.526472e-008	0.0050293
1.528972e-008	0.0210205
1.531472e-008	0.0148926
1.533972e-008	-0.00275878
1.536472e-008	0.00385743
1.538972e-008	0.0114502
1.541472e-008	0.00590821
1.543972e-008	0.0148926
1.546472e-008	0.0172852
1.548972e-008	0.00566407
1.551472e-008	0.00874024
1.553972e-008	0.00690919
1.556472e-008	0.00273438
1.558972e-008	0.0130371
1.561472e-008	0.00700684
1.563972e-008	-0.00100097
1.566472e-008	0.0160889
1.568972e-008	0.0279053
1.571472e-008	0.035376
1.573972e-008	0.0290283
1.576472e-008	0.00793458
1.578972e-008	0.0239258
1.581472e-008	0.0339111
1.583972e-008	0.0163574
1.586472e-008	0.0106201
1.588972e-008	0.00578614
1.591472e-008	0.0172607
1.593972e-008	0.0273193
1.596472e-008	0.0224121
1.598972e-008	0.0244629
1.601472e-008	0.0205322
1.603972e-008	0.029126
1.606472e-008	0.0423096
1.608972e-008	0.0279785
1.611472e-008	0.0088379
1.613972e-008	0.00954591
1.616472e-008	0.0175537
1.618972e-008	0.0169434
1.621472e-008	0.0212158
1.623972e-008	0.0276611
1.626472e-008	0.0233887
1.628972e-008	0.0192383
1.631472e-008	0.0158447
1.633972e-008	0.0126465
1.636472e-008	0.0165527
1.638972e-008	0.0233399
1.641472e-008	0.0236084
1.643972e-008	0.0186768
1.646472e-008	0.0227539
1.648972e-008	0.0191895
1.651472e-008	0.000512703
1.653972e-008	0.00656739
1.656472e-008	0.0184326
1.658972e-008	0.0118164
1.661472e-008	0.0164063
1.663972e-008	0.0296875
1.666472e-008	0.0266358
1.668972e-008	0.00722657
1.671472e-008	0.0141602
1.673972e-008	0.0250733
1.676472e-008	0.00837403
1.678972e-008	0.0201416
1.681472e-008	0.0262695
1.683972e-008	0.00920411
1.686472e-008	0.0186768
1.688972e-008	0.0224121
1.691472e-008	0.0144531
1.693972e-008	0.0156738
1.696472e-008	0.0199951
1.698972e-008	0.0245361
1.701472e-008	0.0209961
1.703972e-008	0.0140625
1.706472e-008	0.0158203
1.708972e-008	0.0276367
1.711472e-008	0.0291748
1.713972e-008	0.0130859
1.716472e-008	0.00163575
1.718972e-008	0.00559083
1.721472e-008	0.0180176
1.723972e-008	0.0181641
1.726472e-008	0.011377
1.728972e-008	0.0248535
1.731472e-008	0.035083
1.733972e-008	0.025293
1.736472e-008	0.0232666
1.738972e-008	0.0200684
1.741472e-008	0.0188721
1.743972e-008	0.0317627
1.746472e-008	0.0239258
1.748972e-008	0.0196045
1.751472e-008	0.0195313
1.753972e-008	-0.00500488
1.756472e-008	0.00236817
1.758972e-008	0.023169
1.761472e-008	0.0153076
1.763972e-008	0.00700684
1.766472e-008	0.00825196
1.768972e-008	0.015625
1.771472e-008	0.00913087
1.773972e-008	0.00664063
1.776472e-008	0.0235596
1.778972e-008	0.0285889
1.781472e-008	0.0312744
1.783972e-008	0.0293945
1.786472e-008	0.0107422
1.788972e-008	0.0137207
1.791472e-008	0.0301514
1.793972e-008	0.0199219
1.796472e-008	0.0154053
1.798972e-008	0.0243408
1.801472e-008	0.022876
1.803972e-008	0.017749
1.806472e-008	0.00185548
1.808972e-008	0.00163575
1.811472e-008	0.026001
1.813972e-008	0.0335693
1.816472e-008	0.0258545
1.818972e-008	0.0182129
1.821472e-008	0.0125732
1.823972e-008	0.0187256
1.826472e-008	0.0297608
1.828972e-008	0.0303467
1.831472e-008	0.0274658
1.833972e-008	0.0195801
1.836472e-008	0.0145264
1.838972e-008	0.0201416
1.841472e-008	0.0147461
1.843972e-008	0.011377
1.846472e-008	0.0179688
1.848972e-008	0.01875
1.851472e-008	0.0158936
1.853972e-008	0.010791
1.856472e-008	0.00969239
1.858972e-008	0.0138916
1.861472e-008	0.0130615
1.863972e-008	0.00993653
1.866472e-008	0.0098877
1.868972e-008	0.0141602
1.871472e-008	0.0199463
1.873972e-008	0.0168945
1.876472e-008	0.0174316
1.878972e-008	0.019458
1.881472e-008	0.0104492
1.883972e-008	0.0136475
1.886472e-008	0.0184815
1.888972e-008	0.0148193
1.891472e-008	0.0126465
1.893972e-008	0.0107666
1.896472e-008	0.0119873
1.898972e-008	0.00729981
1.901472e-008	0.0101807
1.903972e-008	0.0112305
1.906472e-008	-0.000122063
1.908972e-008	0.00903321
1.911472e-008	0.0186524
1.913972e-008	0.0147949
1.916472e-008	0.0199219
1.918972e-008	0.0272949
1.921472e-008	0.0241455
1.923972e-008	0.015625
1.926472e-008	0.0179199
1.928972e-008	0.0285645
1.931472e-008	0.029834
1.933972e-008	0.024585
1.936472e-008	0.0242432
1.938972e-008	0.0158203
1.941472e-008	0.00510255
1.943972e-008	0.019751
1.946472e-008	0.0300537
1.948972e-008	0.0205566
1.951472e-008	0.0288086
1.953972e-008	0.0374512
1.956472e-008	0.0218018
1.958972e-008	0.0160889
1.961472e-008	0.0243164
1.963972e-008	0.0196533
1.966472e-008	0.010376
1.968972e-008	0.0182617
1.971472e-008	0.0350586
1.973972e-008	0.0296875
1.976472e-008	0.01521
1.978972e-008	0.0166992
1.981472e-008	0.0222656
1.983972e-008	0.0239258
1.986472e-008	0.0123291
1.988972e-008	0.0129639
1.991472e-008	0.0246094
1.993972e-008	0.0107666
1.996472e-008	0.010376
1.998972e-008	0.0154053
2.001472e-008	0.0069336
2.003972e-008	0.00874024
2.006472e-008	0.00219727
2.008972e-008	0.00290528
2.011472e-008	0.0136475
2.013972e-008	0.00646973
2.016472e-008	0.000439461
2.018972e-008	0.013501
2.021472e-008	0.0177979
2.023972e-008	0.00642091
2.026472e-008	0.0144775
2.028972e-008	0.0238281
2.031472e-008	0.0204102
2.033972e-008	0.0189697
2.036472e-008	0.0149902
2.038972e-008	0.0168945
2.041472e-008	0.0261963
2.043972e-008	0.0392822
2.046472e-008	0.0349121
2.048972e-008	0.0134522
2.051472e-008	0.0140869
2.053972e-008	0.0233887
2.056472e-008	0.0234131
2.058972e-008	0.0234131
2.061472e-008	0.0229004
2.063972e-008	0.021582
2.066472e-008	0.0140869
2.068972e-008	0.0150147
2.071472e-008	0.0279053
2.073972e-008	0.0244873
2.076472e-008	0.0209229
2.078972e-008	0.0256592
2.081472e-008	0.0146973
2.083972e-008	0.0101318
2.086472e-008	0.0221436
2.088972e-008	0.0247803
2.091472e-008	0.0197022
2.093972e-008	0.0147705
2.096472e-008	0.0132568
2.098972e-008	0.0214356
2.101472e-008	0.0189941
2.103972e-008	0.0117188
2.106472e-008	0.0186768
2.108972e-008	0.0171143
2.111472e-008	0.00969239
2.113972e-008	0.00639649
2.116472e-008	0.00646973
2.118972e-008	0.00720216
2.121472e-008	0.0043213
2.123972e-008	0.0146973
2.126472e-008	0.0149902
2.128972e-008	0.00783692
2.131472e-008	0.0206055
2.133972e-008	0.0229492
2.136472e-008	0.0196045
2.138972e-008	0.0234375
2.141472e-008	0.0193359
2.143972e-008	0.00822755
2.146472e-008	-0.000903313
2.148972e-008	0.0106445
2.151472e-008	0.0262451
2.153972e-008	0.0223633
2.156472e-008	0.0162354
2.158972e-008	0.0150147
2.161472e-008	0.014917
2.163972e-008	0.0171631
2.166472e-008	0.0162109
2.168972e-008	0.0149902
2.171472e-008	0.017627
2.173972e-008	0.0152832
2.176472e-008	0.0208008
2.178972e-008	0.0352051
2.181472e-008	0.0320068
2.183972e-008	0.0232178
2.186472e-008	0.0233643
2.188972e-008	0.0270508
2.191472e-008	0.0252441
2.193972e-008	0.0143799
2.196472e-008	0.0208984
2.198972e-008	0.029419
2.201472e-008	0.0156006
2.203972e-008	0.0119141
2.206472e-008	0.0097168
2.208972e-008	0.00871583
2.211472e-008	0.028125
2.213972e-008	0.0188477
2.216472e-008	0.000878914
2.218972e-008	0.0177002
2.221472e-008	0.0183106
2.223972e-008	0.00695802
2.226472e-008	0.0214111
2.228972e-008	0.0398926
2.231472e-008	0.0311768
2.233972e-008	0.00507813
2.236472e-008	0.00366212
2.238972e-008	0.014917
2.241472e-008	0.011499
2.243972e-008	0.00656739
2.246472e-008	0.00800782
2.248972e-008	0.0158936
2.251472e-008	0.0208252
2.253972e-008	0.0218262
2.256472e-008	0.0279785
2.258972e-008	0.0306641
2.261472e-008	0.0205566
2.263972e-008	0.0109863
2.266472e-008	0.00600587
2.268972e-008	0.00229493
2.271472e-008	0.0147705
2.273972e-008	0.0220459
2.276472e-008	0.0155762
2.278972e-008	0.018457
2.281472e-008	0.0239014
2.283972e-008	0.0259766
2.286472e-008	0.0206299
2.288972e-008	0.0261719
2.291472e-008	0.0342529
2.293972e-008	0.00952149
2.296472e-008	0.00019532
2.298972e-008	0.0219971
2.301472e-008	0.0202637
2.303972e-008	0.0152832
2.306472e-008	0.0334473
2.308972e-008	0.0253662
2.311472e-008	0.00139161
2.313972e-008	0.0111328
2.316472e-008	0.0252441
2.318972e-008	0.0234131
2.321472e-008	0.0215088
2.323972e-008	0.021167
2.326472e-008	0.00834962
2.328972e-008	-0.00529784
2.331472e-008	0.00515137
2.333972e-008	0.00148927
2.336472e-008	-0.00507812
2.338972e-008	0.0180664
2.341472e-008	0.0242188
2.343972e-008	0.0191406
2.346472e-008	0.0192383
2.348972e-008	0.0182129
2.351472e-008	0.0299072
2.353972e-008	0.0311768
2.356472e-008	0.0244873
2.358972e-008	0.0267334
2.361472e-008	0.00957032
2.363972e-008	-0.0024414
2.366472e-008	0.00810548
2.368972e-008	0.00173341
2.371472e-008	0.0106201
2.373972e-008	0.0269531
2.376472e-008	0.0157471
2.378972e-008	0.0183106
2.381472e-008	0.0231201
2.383972e-008	0.0242676
2.386472e-008	0.021167
2.388972e-008	0.00764161
2.391472e-008	0.0218262
2.393972e-008	0.0243164
2.396472e-008	0.00783692
2.398972e-008	0.023999
2.401472e-008	0.0333252
2.403972e-008	0.0196533
2.406472e-008	0.0143066
2.408972e-008	0.0144775
2.411472e-008	0.0209473
2.413972e-008	0.0171387
2.416472e-008	0.010791
2.418972e-008	0.0224609
2.421472e-008	0.016626
2.423972e-008	0.0176025
2.426472e-008	0.0302979
2.428972e-008	0.0163818
2.431472e-008	0.00844727
2.433972e-008	0.00910645
2.436472e-008	0.0138428
2.438972e-008	0.0222168
2.441472e-008	0.0193604
2.443972e-008	0.0140869
2.446472e-008	0.00910645
2.448972e-008	0.00673829
2.451472e-008	0.00664063
2.453972e-008	0.011377
2.456472e-008	0.0105713
2.458972e-008	0.00751954
2.461472e-008	0.0122803
2.463972e-008	0.0137695
2.466472e-008	0.0203613
2.468972e-008	0.0225098
2.471472e-008	0.0240723
2.473972e-008	0.0264404
2.476472e-008	0.0171631
2.478972e-008	0.0239746
2.481472e-008	0.0357666
2.483972e-008	0.0348633
2.486472e-008	0.0212402
2.488972e-008	0.00830079
2.491472e-008	0.0310791
2.493972e-008	0.0387695
2.496472e-008	0.0121094
2.498972e-008	0.0137207
2.501472e-008	0.0202149
2.503972e-008	0.0109131
2.506472e-008	0.00893555
2.508972e-008	0.0164307
2.511472e-008	0.0280274
2.513972e-008	0.0171387
2.516472e-008	0.008667
2.518972e-008	0.0238525
2.521472e-008	0.0243164
2.523972e-008	0.0218018
2.526472e-008	0.0284668
2.528972e-008	0.0320801
2.531472e-008	0.0298096
2.533972e-008	0.0195313
2.536472e-008	0.0179688
2.538972e-008	0.0230225
2.541472e-008	0.0157471
2.543972e-008	0.00837403
2.546472e-008	0.00751954
2.548972e-008	0.00729981
2.551472e-008	0.0155762
2.553972e-008	0.0147461
2.556472e-008	0.0112305
2.558972e-008	0.0234131
2.561472e-008	0.0263672
2.563972e-008	0.0250488
2.566472e-008	0.0187744
2.568972e-008	0.0150391
2.571472e-008	0.0248047
2.573972e-008	0.0209961
2.576472e-008	0.0180176
2.578972e-008	0.0149658
2.581472e-008	0.0144043
2.583972e-008	0.0243897
2.586472e-008	0.0126221
2.588972e-008	0.0152344
2.591472e-008	0.0256592
2.593972e-008	0.000439461
2.596472e-008	-0.00388183
2.598972e-008	0.0143311
2.601472e-008	0.0195557
2.603972e-008	0.0229981
2.606472e-008	0.0106934
2.608972e-008	0.00205079
2.611472e-008	0.0141602
2.613972e-008	0.0173584
2.616472e-008	0.0204346
2.618972e-008	0.0230469
2.621472e-008	0.0154297
2.623972e-008	0.0151611
2.626472e-008	0.012915
2.628972e-008	0.0100586
2.631472e-008	0.0152344
2.633972e-008	0.0136475
2.636472e-008	0.0155518
2.638972e-008	0.0221924
2.641472e-008	0.0171875
2.643972e-008	0.0116699
2.646472e-008	0.00966798
2.648972e-008	0.0121582
2.651472e-008	0.0267578
2.653972e-008	0.0315186
2.656472e-008	0.0246826
2.658972e-008	0.024707
2.661472e-008	0.0177734
2.663972e-008	0.0121338
2.666472e-008	0.0152832
2.668972e-008	0.0163574
2.671472e-008	0.0252686
2.673972e-008	0.0288574
2.676472e-008	0.025708
2.678972e-008	0.0246338
2.681472e-008	0.0225098
2.683972e-008	0.0251221
2.686472e-008	0.0162354
2.688972e-008	0.00964356
2.691472e-008	0.0213135
2.693972e-008	0.023291
2.696472e-008	0.0178223
2.698972e-008	0.0166504
2.701472e-008	0.0213623
2.703972e-008	0.0290772
2.706472e-008	0.0189209
2.708972e-008	0.00734864
2.711472e-008	0.0159424
2.713972e-008	0.0183106
2.716472e-008	0.015625
2.718972e-008	0.0207764
2.721472e-008	0.0186035
2.723972e-008	0.0141602
2.726472e-008	0.0186524
2.728972e-008	0.0175781
2.731472e-008	0.00991212
2.733972e-008	0.0126953
2.736472e-008	0.0165527
2.738972e-008	0.0221924
2.741472e-008	0.0197022
2.743972e-008	0.0065918
2.746472e-008	0.0242432
2.748972e-008	0.0319092
2.751472e-008	0.0107422
2.753972e-008	0.00805665
2.756472e-008	0.0150635
2.758972e-008	0.0340332
2.761472e-008	0.0376709
2.763972e-008	0.0153565
2.766472e-008	0.0152588
2.768972e-008	0.0186768
2.771472e-008	0.0169922
2.773972e-008	0.0222168
2.776472e-008	0.0177734
2.778972e-008	0.017627
2.781472e-008	0.0310547
2.783972e-008	0.0313233
2.786472e-008	0.018457
2.788972e-008	0.0251709
2.791472e-008	0.0276367
2.793972e-008	0.0107422
2.796472e-008	0.0178223
2.798972e-008	0.0249024
2.801472e-008	0.0147705
2.803972e-008	0.0235596
2.806472e-008	0.0296143
2.808972e-008	0.026416
2.811472e-008	0.0254395
2.813972e-008	0.0140137
2.816472e-008	0.0129395
2.818972e-008	0.0137451
2.821472e-008	0.0128662
2.823972e-008	0.0298096
2.826472e-008	0.0295166
2.828972e-008	0.0279785
2.831472e-008	0.0377686
2.833972e-008	0.0169922
2.836472e-008	0.00336915
2.838972e-008	0.0214111
2.841472e-008	0.0215088
2.843972e-008	0.00810548
2.846472e-008	0.0134766
2.848972e-008	0.0179443
2.851472e-008	0.0229981
2.853972e-008	0.0283936
2.856472e-008	0.0154785
2.858972e-008	0.011499
2.861472e-008	0.0147217
2.863972e-008	0.0162598
2.866472e-008	0.0215576
2.868972e-008	0.0187744
2.871472e-008	0.0166748
2.873972e-008	0.00947266
2.876472e-008	-0.00251464
2.878972e-008	0.00476075
2.881472e-008	0.019165
2.883972e-008	0.0251465
2.886472e-008	0.0237793
2.888972e-008	0.020044
2.891472e-008	0.0301758
2.893972e-008	0.0235107
2.896472e-008	0.00576173
2.898972e-008	0.0229736
2.901472e-008	0.0283447
2.903972e-008	0.0123047
2.906472e-008	0.0129639
2.908972e-008	0.0248291
2.911472e-008	0.0285889
2.913972e-008	0.0112305
2.916472e-008	0.00627442
2.918972e-008	0.0205811
2.921472e-008	0.024707
2.923972e-008	0.0201416
2.926472e-008	0.0182129
2.928972e-008	0.0230957
2.931472e-008	0.0209717
2.933972e-008	0.0106201
2.936472e-008	0.0124512
2.938972e-008	0.0237793
2.941472e-008	0.018042
2.943972e-008	0.00739747
2.946472e-008	0.0150879
2.948972e-008	0.027124
2.951472e-008	0.032959
2.953972e-008	0.0245606
2.956472e-008	0.0225342
2.958972e-008	0.0226074
2.961472e-008	0.00820313
2.963972e-008	0.0154541
2.966472e-008	0.0178711
2.968972e-008	0.0129395
2.971472e-008	0.0241211
2.973972e-008	0.0169434
2.976472e-008	0.0202393
2.978972e-008	0.0298828
2.981472e-008	0.026416
2.983972e-008	0.037915
2.986472e-008	0.0240234
2.988972e-008	0.0123047
2.991472e-008	0.0297363
2.993972e-008	0.00749512
2.996472e-008	0.000830086
2.998972e-008	0.0321533
3.001472e-008	0.0280518
3.003972e-008	0.0264404
3.006472e-008	0.0385254
3.008972e-008	0.0343506
3.011472e-008	0.0356201
3.013972e-008	0.036377
3.016472e-008	0.0301025
3.018972e-008	0.0293945
3.021472e-008	0.0236084
3.023972e-008	0.0103027
3.026472e-008	0.0112061
3.028972e-008	0.0207275
3.031472e-008	0.0211426
3.033972e-008	0.0173584
3.036472e-008	0.0138184
3.038972e-008	0.0195068
3.041472e-008	0.0301025
3.043972e-008	0.0181641
3.046472e-008	0.000903328
3.048972e-008	0.0219971
3.051472e-008	0.0349609
3.053972e-008	0.00781251
3.056472e-008	0.0101318
3.058972e-008	0.0286865
3.061472e-008	0.0189697
3.063972e-008	0.0217774
3.066472e-008	0.0237061
3.068972e-008	0.00881348
3.071472e-008	0.0114746
3.073972e-008	0.00480958
3.076472e-008	0.00285645
3.078972e-008	0.023877
3.081472e-008	0.0178223
3.083972e-008	0.0195557
3.086472e-008	0.0261231
3.088972e-008	0.0101318
3.091472e-008	0.0135742
3.093972e-008	0.00852052
3.096472e-008	0.0118164
3.098972e-008	0.0302734
3.101472e-008	0.0125244
3.103972e-008	0.005542
3.106472e-008	0.0195068
3.108972e-008	0.0234131
3.111472e-008	0.0229492
3.113972e-008	0.0210449
3.116472e-008	0.0210693
3.118972e-008	0.0177002
3.121472e-008	0.0189697
3.123972e-008	0.0217041
3.126472e-008	0.013916
3.128972e-008	0.0130127
3.131472e-008	0.0197266
3.133972e-008	0.0114258
3.136472e-008	0.0044922
3.138972e-008	0.017041
3.141472e-008	0.0222656
3.143972e-008	0.0192627
3.146472e-008	0.0132324
3.148972e-008	0.0111572
3.151472e-008	0.0238281
3.153972e-008	0.0220947
3.156472e-008	0.0220459
3.158972e-008	0.0358643
3.161472e-008	0.0228027
3.163972e-008	0.0104248
3.166472e-008	0.0246338
3.168972e-008	0.0288574
3.171472e-008	0.0296631
3.173972e-008	0.0306397
3.176472e-008	0.0204346
3.178972e-008	0.0268555
3.181472e-008	0.0308838
3.183972e-008	0.0247559
3.186472e-008	0.0275635
3.188972e-008	0.0220947
3.191472e-008	0.019458
3.193972e-008	0.0166992
3.196472e-008	0.0156006
3.198972e-008	0.0237549
3.201472e-008	0.0189941
3.203972e-008	0.0118164
3.206472e-008	0.0116455
3.208972e-008	0.0245606
3.211472e-008	0.0276367
3.213972e-008	0.0122315
3.216472e-008	0.0280274
3.218972e-008	0.0408203
3.221472e-008	0.0282227
3.223972e-008	0.0277588
3.226472e-008	0.0189209
3.228972e-008	0.0199463
3.231472e-008	0.0337158
3.233972e-008	0.02146
3.236472e-008	0.0193359
3.238972e-008	0.0238037
3.241472e-008	0.0147217
3.243972e-008	0.0168945
3.246472e-008	0.0174072
3.248972e-008	0.020166
3.251472e-008	0.0250977
3.253972e-008	0.0127686
3.256472e-008	0.00861817
3.258972e-008	0.0176758
3.261472e-008	0.0156006
3.263972e-008	0.0105713
3.266472e-008	0.0233154
3.268972e-008	0.0435059
3.271472e-008	0.0355957
3.273972e-008	0.00568848
3.276472e-008	0.00969239
3.278972e-008	0.036792
3.281472e-008	0.0324951
3.283972e-008	0.0187256
3.286472e-008	0.0201416
3.288972e-008	0.0197266
3.291472e-008	0.0209717
3.293972e-008	0.0204102
3.296472e-008	0.0167236
3.298972e-008	0.0203613
3.301472e-008	0.016333
3.303972e-008	0.0106201
3.306472e-008	0.0121094
3.308972e-008	0.0217041
3.311472e-008	0.0417969
3.313972e-008	0.0344483
3.316472e-008	0.0197022
3.318972e-008	0.0284424
3.321472e-008	0.0211426
3.323972e-008	0.011499
3.326472e-008	0.016626
3.328972e-008	0.0196289
3.331472e-008	0.0249512
3.333972e-008	0.0233154
3.336472e-008	0.0211914
3.338972e-008	0.0266113
3.341472e-008	0.0204102
3.343972e-008	0.0196045
3.346472e-008	0.0233643
3.348972e-008	0.0219727
3.351472e-008	0.0276367
3.353972e-008	0.00556641
3.356472e-008	0.000488289
3.358972e-008	0.0366455
3.361472e-008	0.0370361
3.363972e-008	0.0266113
3.366472e-008	0.0213379
3.368972e-008	0.0205322
3.371472e-008	0.0303955
3.373972e-008	0.0190674
3.376472e-008	0.0187988
3.378972e-008	0.0227783
3.381472e-008	0.0177002
3.383972e-008	0.0220703
3.386472e-008	0.0209229
3.388972e-008	0.0298584
3.391472e-008	0.0320068
3.393972e-008	0.0121826
3.396472e-008	0.0126953
3.398972e-008	0.0267822
3.401472e-008	0.0218262
3.403972e-008	0.0116699
3.406472e-008	0.0114258
3.408972e-008	0.0203857
3.411472e-008	0.0266602
3.413972e-008	0.00776368
3.416472e-008	0.000463875
3.418972e-008	0.0213379
3.421472e-008	0.0224609
3.423972e-008	0.0147949
3.426472e-008	0.0144287
3.428972e-008	0.016919
3.431472e-008	0.024707
3.433972e-008	0.0129395
3.436472e-008	0.0083252
3.438972e-008	0.0238037
3.441472e-008	0.0162598
3.443972e-008	0.0184815
3.446472e-008	0.02854
3.448972e-008	0.0174805
3.451472e-008	0.0212647
3.453972e-008	0.0223877
3.456472e-008	0.0210938
3.458972e-008	0.0275147
3.461472e-008	0.0112549
3.463972e-008	0.0076172
3.466472e-008	0.0237549
3.468972e-008	0.0256348
3.471472e-008	0.0126465
3.473972e-008	0.00515137
3.476472e-008	0.0190918
3.478972e-008	0.0232178
3.481472e-008	0.0139893
3.483972e-008	0.0139893
3.486472e-008	0.0237549
3.488972e-008	0.0348145
3.491472e-008	0.0239746
3.493972e-008	0.0159912
3.496472e-008	0.0226074
3.498972e-008	0.0207275
3.501472e-008	0.0266358
3.503972e-008	0.0311524
3.506472e-008	0.021582
3.508972e-008	0.0148682
3.511472e-008	0.0228516
3.513972e-008	0.0365723
3.516472e-008	0.0247803
3.518972e-008	0.00964356
3.521472e-008	0.0192871
3.523972e-008	0.021875
3.526472e-008	0.0207275
3.528972e-008	0.0290283
3.531472e-008	0.0216309
3.533972e-008	0.0110352
3.536472e-008	0.0140137
3.538972e-008	0.0188477
3.541472e-008	0.0161377
3.543972e-008	0.00739747
3.546472e-008	0.0172607
3.548972e-008	0.031665
3.551472e-008	0.0221924
3.553972e-008	0.00830079
3.556472e-008	0.00854493
3.558972e-008	0.018335
3.561472e-008	0.0175293
3.563972e-008	0.014502
3.566472e-008	0.0146484
3.568972e-008	0.0104492
3.571472e-008	0.0251709
3.573972e-008	0.030542
3.576472e-008	0.014917
3.578972e-008	0.016919
3.581472e-008	0.0194092
3.583972e-008	0.0208008
3.586472e-008	0.0265137
3.588972e-008	0.0195801
3.591472e-008	0.0163086
3.593972e-008	0.0191895
3.596472e-008	0.0200195
3.598972e-008	0.0158447
3.601472e-008	0.0117188
3.603972e-008	0.0209229
3.606472e-008	0.0202393
3.608972e-008	0.0208496
3.611472e-008	0.0311279
3.613972e-008	0.0123779
3.616472e-008	0.0117676
3.618972e-008	0.032666
3.621472e-008	0.0160156
3.623972e-008	0.0160645
3.626472e-008	0.0351318
3.628972e-008	0.0244385
3.631472e-008	0.0164795
3.633972e-008	0.0171143
3.636472e-008	0.02146
3.638972e-008	0.0306641
3.641472e-008	0.0322266
3.643972e-008	0.0359131
3.646472e-008	0.0296875
3.648972e-008	0.0194824
3.651472e-008	0.0226807
3.653972e-008	0.0191406
3.656472e-008	0.0156738
3.658972e-008	0.0204346
3.661472e-008	0.0207764
3.663972e-008	0.0202149
3.666472e-008	0.0217529
3.668972e-008	0.0233399
3.671472e-008	0.019751
3.673972e-008	0.0131348
3.676472e-008	0.0165039
3.678972e-008	0.0269531
3.681472e-008	0.02146
3.683972e-008	0.0152588
3.686472e-008	0.0248779
3.688972e-008	0.0241455
3.691472e-008	0.0257813
3.693972e-008	0.02229
3.696472e-008	0.0050293
3.698972e-008	0.0246826
3.701472e-008	0.0443359
3.703972e-008	0.0184082
3.706472e-008	0.00295411
3.708972e-008	0.0234619
3.711472e-008	0.0311279
3.713972e-008	0.0124268
3.716472e-008	0.0125488
3.718972e-008	0.0147461
3.721472e-008	0.00778809
3.723972e-008	0.0215576
3.726472e-008	0.0234131
3.728972e-008	0.0194336
3.731472e-008	0.0252441
3.733972e-008	0.0175537
3.736472e-008	0.0247803
3.738972e-008	0.0365479
3.741472e-008	0.0230713
3.743972e-008	0.0120361
3.746472e-008	0.00817872
3.748972e-008	0.0155274
3.751472e-008	0.0222412
3.753972e-008	0.00270997
3.756472e-008	0.00581055
3.758972e-008	0.0296143
3.761472e-008	0.0234863
3.763972e-008	0.0122315
3.766472e-008	0.00603028
3.768972e-008	0.00942384
3.771472e-008	0.0241455
3.773972e-008	0.0229981
3.776472e-008	0.019043
3.778972e-008	0.0109619
3.781472e-008	0.00888673
3.783972e-008	0.0241699
3.786472e-008	0.0193604
3.788972e-008	0.0210693
3.791472e-008	0.0250244
3.793972e-008	0.00566407
3.796472e-008	0.0175293
3.798972e-008	0.0304443
3.801472e-008	0.0110596
3.803972e-008	0.0107422
3.806472e-008	0.018335
3.808972e-008	0.0216065
3.811472e-008	0.0307373
3.813972e-008	0.0181641
3.816472e-008	0.00720216
3.818972e-008	0.0216065
3.821472e-008	0.0215332
3.823972e-008	0.0195313
3.826472e-008	0.0326172
3.828972e-008	0.0345459
3.831472e-008	0.0248779
3.833972e-008	0.0117676
3.836472e-008	0.0153565
3.838972e-008	0.0250977
3.841472e-008	0.0185303
3.843972e-008	0.0172852
3.846472e-008	0.0173096
3.848972e-008	0.0191895
3.851472e-008	0.025
3.853972e-008	0.0179932
3.856472e-008	0.0194092
3.858972e-008	0.0253174
3.861472e-008	0.0156982
3.863972e-008	0.0113281
3.866472e-008	0.0163086
3.868972e-008	0.0250977
3.871472e-008	0.033252
3.873972e-008	0.0253418
3.876472e-008	0.0203613
3.878972e-008	0.019458
3.881472e-008	0.0114502
3.883972e-008	0.0229004
3.886472e-008	0.0304443
3.888972e-008	0.0246826
3.891472e-008	0.0274414
3.893972e-008	0.0221436
3.896472e-008	0.0240723
3.898972e-008	0.026294
3.901472e-008	0.0152588
3.903972e-008	0.0228027
3.906472e-008	0.0319092
3.908972e-008	0.0259522
3.911472e-008	0.0252686
3.913972e-008	0.0283203
3.916472e-008	0.024292
3.918972e-008	0.0203613
3.921472e-008	0.0223145
3.923972e-008	0.0208252
3.926472e-008	0.0184815
3.928972e-008	0.02854
3.931472e-008	0.0376953
3.933972e-008	0.0246582
3.936472e-008	0.014502
3.938972e-008	0.0189453
3.941472e-008	0.0100586
3.943972e-008	0.00510255
3.946472e-008	0.0121826
3.948972e-008	0.0145996
3.951472e-008	0.0240967
3.953972e-008	0.0310303
3.956472e-008	0.0253418
3.958972e-008	0.0219482
3.961472e-008	0.0262695
3.963972e-008	0.0339356
3.966472e-008	0.0264649
3.968972e-008	0.0126465
3.971472e-008	0.0151856
3.973972e-008	0.0105469
3.976472e-008	0.0107178
3.978972e-008	0.0251221
3.981472e-008	0.0119141
3.983972e-008	0.00891114
3.986472e-008	0.0293213
3.988972e-008	0.0297852
3.991472e-008	0.0241943
3.993972e-008	0.0181641
3.996472e-008	0.0230957
3.998972e-008	0.0235596
4.001472e-008	0.00668946
4.003972e-008	0.0185303
4.006472e-008	0.0283447
4.008972e-008	0.0228516
4.011472e-008	0.0369141
4.013972e-008	0.0321533
4.016472e-008	0.013794
4.018972e-008	0.0237793
4.021472e-008	0.031543
4.023972e-008	0.0176758
4.026472e-008	0.013208
4.028972e-008	0.0294678
4.031472e-008	0.0305176
4.033972e-008	0.00937501
4.036472e-008	0.0136719
4.038972e-008	0.0242188
4.041472e-008	0.0156006
4.043972e-008	0.0256836
4.046472e-008	0.0259033
4.048972e-008	0.0178467
4.051472e-008	0.0305664
4.053972e-008	0.01875
4.056472e-008	0.0204834
4.058972e-008	0.038208
4.061472e-008	0.0205322
4.063972e-008	0.0146973
4.066472e-008	0.0116943
4.068972e-008	0.0112305
4.071472e-008	0.0238525
4.073972e-008	0.00444337
4.076472e-008	-0.000976555
4.078972e-008	0.0239258
4.081472e-008	0.0302979
4.083972e-008	0.0253662
4.086472e-008	0.023999
4.088972e-008	0.0240479
4.091472e-008	0.0192871
4.093972e-008	0.0146729
4.096472e-008	0.017334
4.098972e-008	0.0213623
4.101472e-008	0.0230225
4.103972e-008	0.0210938
4.106472e-008	0.010083
4.108972e-008	0.00375977
4.111472e-008	0.0226318
4.113972e-008	0.037207
4.116472e-008	0.0284424
4.118972e-008	0.0200195
4.121472e-008	0.00869141
4.123972e-008	0.0084961
4.126472e-008	0.0285889
4.128972e-008	0.0209961
4.131472e-008	0.00461427
4.133972e-008	0.0135986
4.136472e-008	0.0192383
4.138972e-008	0.0277588
4.141472e-008	0.0310791
4.143972e-008	0.0118408
4.146472e-008	0.00524903
4.148972e-008	0.0165283
4.151472e-008	0.0234619
4.153972e-008	0.0268799
4.156472e-008	0.0327637
4.158972e-008	0.0318604
4.161472e-008	0.0276123
4.163972e-008	0.0331299
4.166472e-008	0.0203125
4.168972e-008	0.000878914
4.171472e-008	0.00979005
4.173972e-008	0.0117188
4.176472e-008	0.0101074
4.178972e-008	0.0199219
4.181472e-008	0.0175537
4.183972e-008	0.0167969
4.186472e-008	0.023584
4.188972e-008	0.0296875
4.191472e-008	0.0277588
4.193972e-008	0.0178467
4.196472e-008	0.0173828
4.198972e-008	0.0219971
4.201472e-008	0.0196533
4.203972e-008	0.0176514
4.206472e-008	0.021167
4.208972e-008	0.0199707
4.211472e-008	0.017334
4.213972e-008	0.0104736
4.216472e-008	0.0113037
4.218972e-008	0.0315918
4.221472e-008	0.0328369
4.223972e-008	0.0222412
4.226472e-008	0.0185059
4.228972e-008	0.0242432
4.231472e-008	0.0325195
4.233972e-008	0.00773927
4.236472e-008	0.00278321
4.238972e-008	0.0269775
4.241472e-008	0.023169
4.243972e-008	0.0212647
4.246472e-008	0.024707
4.248972e-008	0.0248535
4.251472e-008	0.0259033
4.253972e-008	0.0127686
4.256472e-008	0.0160889
4.258972e-008	0.0316162
4.261472e-008	0.027832
4.263972e-008	0.0258301
4.266472e-008	0.0282959
4.268972e-008	0.0208252
4.271472e-008	0.0195068
4.273972e-008	0.0302734
4.276472e-008	0.0280518
4.278972e-008	0.0189209
4.281472e-008	0.025415
4.283972e-008	0.0205566
4.286472e-008	0.00895997
4.288972e-008	0.0191406
4.291472e-008	0.0282715
4.293972e-008	0.0261231
4.296472e-008	0.0158447
4.298972e-008	0.0169434
4.301472e-008	0.0337891
4.303972e-008	0.0192627
4.306472e-008	0.00410157
4.308972e-008	0.0205322
4.311472e-008	0.0242432
4.313972e-008	0.0219238
4.316472e-008	0.0169678
4.318972e-008	0.0118408
4.321472e-008	0.0249756
4.323972e-008	0.0292725
4.326472e-008	0.0275147
4.328972e-008	0.0266113
4.331472e-008	0.0167725
4.333972e-008	0.0110596
4.336472e-008	0.0139893
4.338972e-008	0.0192383
4.341472e-008	0.0178711
4.343972e-008	0.0153565
4.346472e-008	0.0210205
4.348972e-008	0.0319336
4.351472e-008	0.0280762
4.353972e-008	0.0147461
4.356472e-008	0.0240479
4.358972e-008	0.0274902
4.361472e-008	0.0119629
4.363972e-008	0.0144531
4.366472e-008	0.0300049
4.368972e-008	0.0306641
4.371472e-008	0.0151123
4.373972e-008	0.00859376
4.376472e-008	0.0167969
4.378972e-008	0.0234863
4.381472e-008	0.0226807
4.383972e-008	0.0105713
4.386472e-008	0.00422364
4.388972e-008	0.0233154
4.391472e-008	0.030542
4.393972e-008	0.0159668
4.396472e-008	0.0141357
4.398972e-008	0.0140137
4.401472e-008	0.0121826
4.403972e-008	0.0147705
4.406472e-008	0.0201904
4.408972e-008	0.0335693
4.411472e-008	0.0288086
4.413972e-008	0.00803223
4.416472e-008	0.00720216
4.418972e-008	0.0178467
4.421472e-008	0.0194092
4.423972e-008	0.0229736
4.426472e-008	0.0251709
4.428972e-008	0.0172852
4.431472e-008	0.0172363
4.433972e-008	0.0201172
4.436472e-008	0.0187988
4.438972e-008	0.0199463
4.441472e-008	0.0143799
4.443972e-008	0.0124512
4.446472e-008	0.0223633
4.448972e-008	0.0181885
4.451472e-008	0.0090088
4.453972e-008	0.00898438
4.456472e-008	0.0067627
4.458972e-008	0.021582
4.461472e-008	0.024707
4.463972e-008	0.000488289
4.466472e-008	0.005542
4.468972e-008	0.0202393
4.471472e-008	0.0187744
4.473972e-008	0.0261475
4.476472e-008	0.0322998
4.478972e-008	0.0249024
4.481472e-008	0.022583
4.483972e-008	0.0252197
4.486472e-008	0.0187988
4.488972e-008	0.0253906
4.491472e-008	0.0288818
4.493972e-008	0.00729981
4.496472e-008	0.00441895
4.498972e-008	0.0199219
4.501472e-008	0.0314941
4.503972e-008	0.0311524
4.506472e-008	0.0186524
4.508972e-008	0.0247315
4.511472e-008	0.027417
4.513972e-008	0.0138672
4.516472e-008	0.0180664
4.518972e-008	0.0190674
4.521472e-008	0.0140137
4.523972e-008	0.0219482
4.526472e-008	0.0244385
4.528972e-008	0.0193359
4.531472e-008	0.0141602
4.533972e-008	0.0130371
4.536472e-008	0.0182373
4.538972e-008	0.0222168
4.541472e-008	0.0248535
4.543972e-008	0.0247803
4.546472e-008	0.0104981
4.548972e-008	0.00795899
4.551472e-008	0.0309326
4.553972e-008	0.0286621
4.556472e-008	0.0151367
4.558972e-008	0.0204102
4.561472e-008	0.0132324
4.563972e-008	0.00993653
4.566472e-008	0.0227539
4.568972e-008	0.029126
4.571472e-008	0.0254639
4.573972e-008	0.0142334
4.576472e-008	0.0110107
4.578972e-008	0.0171143
4.581472e-008	0.0208252
4.583972e-008	0.0208008
4.586472e-008	0.00756837
4.588972e-008	0.00439454
4.591472e-008	0.0199463
4.593972e-008	0.0121582
4.596472e-008	0.00812989
4.598972e-008	0.0302734
4.601472e-008	0.0269775
4.603972e-008	0.00451661
4.606472e-008	-0.00483398
4.608972e-008	0.000927742
4.611472e-008	0.0209961
4.613972e-008	0.0306641
4.616472e-008	0.0187988
4.618972e-008	0.0124756
4.621472e-008	0.0182861
4.623972e-008	0.0215332
4.626472e-008	0.0217285
4.628972e-008	0.0210449
4.631472e-008	0.0184815
4.633972e-008	0.0159912
4.636472e-008	0.0217529
4.638972e-008	0.0311524
4.641472e-008	0.0194092
4.643972e-008	0.00607911
4.646472e-008	0.0159912
4.648972e-008	0.024292
4.651472e-008	0.0236572
4.653972e-008	0.0186768
4.656472e-008	0.0172119
4.658972e-008	0.0223633
4.661472e-008	0.0243408
4.663972e-008	0.0253174
4.666472e-008	0.0155274
4.668972e-008	0.0178467
4.671472e-008	0.0326172
4.673972e-008	0.0128174
4.676472e-008	-0.00207519
4.678972e-008	0.012085
4.681472e-008	0.0143799
4.683972e-008	0.0129639
4.686472e-008	0.0203613
4.688972e-008	0.0215576
4.691472e-008	0.0112305
4.693972e-008	0.00791016
4.696472e-008	0.0193115
4.698972e-008	0.0223145
4.701472e-008	0.0159668
4.703972e-008	0.0146729
4.706472e-008	0.0161621
4.708972e-008	0.0262207
4.711472e-008	0.035669
4.713972e-008	0.0250244
4.716472e-008	0.0175537
4.718972e-008	0.0186035
4.721472e-008	0.0216797
4.723972e-008	0.0263428
4.726472e-008	0.0081543
4.728972e-008	0.00539552
4.731472e-008	0.0246582
4.733972e-008	0.0180664
4.736472e-008	0.0202393
4.738972e-008	0.0315674
4.741472e-008	0.0210449
4.743972e-008	0.0133301
4.746472e-008	0.0135254
4.748972e-008	0.0177734
4.751472e-008	0.023877
4.753972e-008	0.0140381
4.756472e-008	0.011377
4.758972e-008	0.0271729
4.761472e-008	0.0233154
4.763972e-008	0.0165283
4.766472e-008	0.020459
4.768972e-008	0.0218994
4.771472e-008	0.0246094
4.773972e-008	0.0131104
4.776472e-008	0.0124268
4.778972e-008	0.0241211
4.781472e-008	0.026294
4.783972e-008	0.0263672
4.786472e-008	0.0140625
4.788972e-008	0.0229492
4.791472e-008	0.0318604
4.793972e-008	0.00280762
4.796472e-008	-0.000830071
4.798972e-008	0.0197266
4.801472e-008	0.0268555
4.803972e-008	0.0296387
4.806472e-008	0.0262451
4.808972e-008	0.0179199
4.811472e-008	0.0165283
4.813972e-008	0.0210205
4.816472e-008	0.0198975
4.818972e-008	0.0209229
4.821472e-008	0.0284912
4.823972e-008	0.0173828
4.826472e-008	0.00607911
4.828972e-008	0.0196045
4.831472e-008	0.0114746
4.833972e-008	-0.00786132
4.836472e-008	0.0115234
4.838972e-008	0.0300537
4.841472e-008	0.020459
4.843972e-008	0.020874
4.846472e-008	0.0334229
4.848972e-008	0.0312012
4.851472e-008	0.0247559
4.853972e-008	0.0160645
4.856472e-008	0.0112549
4.858972e-008	0.0208984
4.861472e-008	0.020044
4.863972e-008	0.020459
4.866472e-008	0.0188477
4.868972e-008	0.0173584
4.871472e-008	0.0368408
4.873972e-008	0.0253906
4.876472e-008	0.0164795
4.878972e-008	0.038501
4.881472e-008	0.0274658
4.883972e-008	0.0187256
4.886472e-008	0.01521
4.888972e-008	0.0126221
4.891472e-008	0.0443848
4.893972e-008	0.0329346
4.896472e-008	0.00163575
4.898972e-008	0.0146484
4.901472e-008	0.0125
4.903972e-008	0.0162354
4.906472e-008	0.0358887
4.908972e-008	0.0257568
4.911472e-008	0.0165039
4.913972e-008	0.0102051
4.916472e-008	0.00261231
4.918972e-008	0.0192383
4.921472e-008	0.0365234
4.923972e-008	0.0239746
4.926472e-008	0.00302735
4.928972e-008	0.0124024
4.931472e-008	0.0257324
4.933972e-008	0.0216553
4.936472e-008	0.022876
4.938972e-008	0.0181397
4.941472e-008	0.0190186
4.943972e-008	0.0258545
4.946472e-008	0.0127686
4.948972e-008	0.0115479
4.951472e-008	0.0163086
4.953972e-008	0.00722657
4.956472e-008	0.0151611
4.958972e-008	0.0283447
4.961472e-008	0.0272217
4.963972e-008	0.0317139
4.966472e-008	0.0354981
4.968972e-008	0.0228272
4.971472e-008	0.0115234
4.973972e-008	0.00876466
4.976472e-008	0.0182129
4.978972e-008	0.033667
4.981472e-008	0.0263672
4.983972e-008	0.0152344
4.986472e-008	0.0158203
4.988972e-008	0.0224609
4.991472e-008	0.0386231
4.993972e-008	0.035791
4.996472e-008	0.0142578
4.998972e-008	0.0149902
5.001472e-008	0.0312744
