LECROYWM813Zi	51496	Waveform
Segments	1	SegmentSize	4002
Segment	TrigTime	TimeSinceSegment1
#1	30-Nov-2018 17:20:35	0                 
Time	Ampl
-5.00096e-008	0.020752
-4.99846e-008	0.016919
-4.99596e-008	0.0175537
-4.99346e-008	0.00886231
-4.99096e-008	0.00683595
-4.98846e-008	0.01521
-4.98596e-008	0.0201416
-4.98346e-008	0.0263672
-4.98096e-008	0.0268311
-4.97846e-008	0.0186768
-4.97596e-008	0.0260986
-4.97346e-008	0.0285645
-4.97096e-008	0.0147217
-4.96846e-008	0.0169922
-4.96596e-008	0.0158447
-4.96346e-008	0.00507813
-4.96096e-008	0.0138672
-4.95846e-008	0.0273438
-4.95596e-008	0.0297119
-4.95346e-008	0.0213379
-4.95096e-008	0.0131592
-4.94846e-008	0.0199463
-4.94596e-008	0.0245117
-4.94346e-008	0.023169
-4.94096e-008	0.022583
-4.93846e-008	0.019751
-4.93596e-008	0.0280762
-4.93346e-008	0.030127
-4.93096e-008	0.027417
-4.92846e-008	0.0401367
-4.92596e-008	0.0393799
-4.92346e-008	0.0259033
-4.92096e-008	0.0183594
-4.91846e-008	0.0227783
-4.91596e-008	0.0278809
-4.91346e-008	0.0207764
-4.91096e-008	0.0203369
-4.90846e-008	0.0167236
-4.90596e-008	0.0165527
-4.90346e-008	0.0250488
-4.90096e-008	0.0177002
-4.89846e-008	0.014209
-4.89596e-008	0.0208008
-4.89346e-008	0.0230713
-4.89096e-008	0.0192383
-4.88846e-008	0.0162354
-4.88596e-008	0.0229981
-4.88346e-008	0.0202637
-4.88096e-008	0.00959473
-4.87846e-008	0.0159668
-4.87596e-008	0.0241455
-4.87346e-008	0.0232178
-4.87096e-008	0.0203613
-4.86846e-008	0.0130371
-4.86596e-008	0.0194092
-4.86346e-008	0.0273926
-4.86096e-008	0.0143066
-4.85846e-008	0.00966798
-4.85596e-008	0.0161133
-4.85346e-008	0.021582
-4.85096e-008	0.0245606
-4.84846e-008	0.019458
-4.84596e-008	0.0210938
-4.84346e-008	0.0244629
-4.84096e-008	0.0198486
-4.83846e-008	0.0191162
-4.83596e-008	0.0226563
-4.83346e-008	0.0229981
-4.83096e-008	0.0179443
-4.82846e-008	0.0201172
-4.82596e-008	0.0282471
-4.82346e-008	0.0241943
-4.82096e-008	0.0177246
-4.81846e-008	0.0175293
-4.81596e-008	0.0161133
-4.81346e-008	0.0200684
-4.81096e-008	0.027832
-4.80846e-008	0.0236084
-4.80596e-008	0.0193115
-4.80346e-008	0.0297608
-4.80096e-008	0.0300781
-4.79846e-008	0.0212891
-4.79596e-008	0.027124
-4.79346e-008	0.0253662
-4.79096e-008	0.0110596
-4.78846e-008	0.0139893
-4.78596e-008	0.026416
-4.78346e-008	0.0253906
-4.78096e-008	0.0156006
-4.77846e-008	0.0083252
-4.77596e-008	0.0167481
-4.77346e-008	0.0300293
-4.77096e-008	0.0214844
-4.76846e-008	0.0145996
-4.76596e-008	0.0250488
-4.76346e-008	0.031958
-4.76096e-008	0.0286621
-4.75846e-008	0.0168945
-4.75596e-008	0.0130127
-4.75346e-008	0.0235352
-4.75096e-008	0.031665
-4.74846e-008	0.0284912
-4.74596e-008	0.0258789
-4.74346e-008	0.0266602
-4.74096e-008	0.0169678
-4.73846e-008	0.0125244
-4.73596e-008	0.0134766
-4.73346e-008	0.0165039
-4.73096e-008	0.0299316
-4.72846e-008	0.0284424
-4.72596e-008	0.0297608
-4.72346e-008	0.0320801
-4.72096e-008	0.00915528
-4.71846e-008	0.0127686
-4.71596e-008	0.0268799
-4.71346e-008	0.0134033
-4.71096e-008	0.0133789
-4.70846e-008	0.0177979
-4.70596e-008	0.0230469
-4.70346e-008	0.0327881
-4.70096e-008	0.0130615
-4.69846e-008	0.00283204
-4.69596e-008	0.0174805
-4.69346e-008	0.0155762
-4.69096e-008	0.0163086
-4.68846e-008	0.0206299
-4.68596e-008	0.0174805
-4.68346e-008	0.0192139
-4.68096e-008	0.0116699
-4.67846e-008	0.00810548
-4.67596e-008	0.0171875
-4.67346e-008	0.030249
-4.67096e-008	0.0361572
-4.66846e-008	0.0201904
-4.66596e-008	0.0271729
-4.66346e-008	0.0351318
-4.66096e-008	0.0114502
-4.65846e-008	0.0155274
-4.65596e-008	0.0273438
-4.65346e-008	0.0319824
-4.65096e-008	0.0352051
-4.64846e-008	0.0181397
-4.64596e-008	0.0233154
-4.64346e-008	0.0234863
-4.64096e-008	0.00368653
-4.63846e-008	0.0171631
-4.63596e-008	0.0236328
-4.63346e-008	0.0177246
-4.63096e-008	0.0310303
-4.62846e-008	0.0258789
-4.62596e-008	0.0189697
-4.62346e-008	0.0286377
-4.62096e-008	0.0192627
-4.61846e-008	0.015625
-4.61596e-008	0.027124
-4.61346e-008	0.0263184
-4.61096e-008	0.0257568
-4.60846e-008	0.0231934
-4.60596e-008	0.0205811
-4.60346e-008	0.022583
-4.60096e-008	0.0152588
-4.59846e-008	0.0199219
-4.59596e-008	0.0356445
-4.59346e-008	0.0333984
-4.59096e-008	0.0258301
-4.58846e-008	0.0226563
-4.58596e-008	0.0187256
-4.58346e-008	0.023584
-4.58096e-008	0.0362305
-4.57846e-008	0.0306397
-4.57596e-008	0.0108154
-4.57346e-008	0.0120606
-4.57096e-008	0.0179443
-4.56846e-008	0.0146484
-4.56596e-008	0.0227539
-4.56346e-008	0.0238525
-4.56096e-008	0.0140869
-4.55846e-008	0.0188721
-4.55596e-008	0.0209229
-4.55346e-008	0.0122559
-4.55096e-008	0.022168
-4.54846e-008	0.0305176
-4.54596e-008	0.0257568
-4.54346e-008	0.028833
-4.54096e-008	0.0209473
-4.53846e-008	0.0142822
-4.53596e-008	0.0218994
-4.53346e-008	0.0230713
-4.53096e-008	0.0221436
-4.52846e-008	0.0159424
-4.52596e-008	0.0208984
-4.52346e-008	0.0410889
-4.52096e-008	0.0334961
-4.51846e-008	0.0166992
-4.51596e-008	0.0203369
-4.51346e-008	0.0212158
-4.51096e-008	0.0231934
-4.50846e-008	0.0285645
-4.50596e-008	0.0277344
-4.50346e-008	0.0197998
-4.50096e-008	0.00104981
-4.49846e-008	0.00456544
-4.49596e-008	0.0193115
-4.49346e-008	0.0139404
-4.49096e-008	0.0208008
-4.48846e-008	0.0170899
-4.48596e-008	0.0123047
-4.48346e-008	0.0341553
-4.48096e-008	0.0193359
-4.47846e-008	0.00319825
-4.47596e-008	0.0155518
-4.47346e-008	0.016333
-4.47096e-008	0.0230469
-4.46846e-008	0.0181397
-4.46596e-008	0.0184326
-4.46346e-008	0.0284912
-4.46096e-008	0.00874024
-4.45846e-008	0.00800782
-4.45596e-008	0.017041
-4.45346e-008	0.0118897
-4.45096e-008	0.0185791
-4.44846e-008	0.0151123
-4.44596e-008	0.0229248
-4.44346e-008	0.0384522
-4.44096e-008	0.0188721
-4.43846e-008	0.00527345
-4.43596e-008	0.0134033
-4.43346e-008	0.0185547
-4.43096e-008	0.0172119
-4.42846e-008	0.00913087
-4.42596e-008	0.0150391
-4.42346e-008	0.0251709
-4.42096e-008	0.015625
-4.41846e-008	0.0129395
-4.41596e-008	0.0202881
-4.41346e-008	0.0164063
-4.41096e-008	0.0130615
-4.40846e-008	0.0149658
-4.40596e-008	0.0219727
-4.40346e-008	0.0261475
-4.40096e-008	0.0143799
-4.39846e-008	0.0131348
-4.39596e-008	0.0207764
-4.39346e-008	0.0179443
-4.39096e-008	0.0199707
-4.38846e-008	0.0232178
-4.38596e-008	0.0223389
-4.38346e-008	0.0232422
-4.38096e-008	0.0218994
-4.37846e-008	0.0208496
-4.37596e-008	0.0303955
-4.37346e-008	0.0321289
-4.37096e-008	0.0192383
-4.36846e-008	0.0205322
-4.36596e-008	0.0149902
-4.36346e-008	0.0113525
-4.36096e-008	0.0294922
-4.35846e-008	0.0235352
-4.35596e-008	0.013794
-4.35346e-008	0.0195313
-4.35096e-008	0.0171143
-4.34846e-008	0.0170654
-4.34596e-008	0.024292
-4.34346e-008	0.0260498
-4.34096e-008	0.00581055
-4.33846e-008	0.00395509
-4.33596e-008	0.0252197
-4.33346e-008	0.0215576
-4.33096e-008	0.0183594
-4.32846e-008	0.0123047
-4.32596e-008	0.00930177
-4.32346e-008	0.0362061
-4.32096e-008	0.0425293
-4.31846e-008	0.0239258
-4.31596e-008	0.0187988
-4.31346e-008	0.0288086
-4.31096e-008	0.0334961
-4.30846e-008	0.0241211
-4.30596e-008	0.0218994
-4.30346e-008	0.0210938
-4.30096e-008	0.0130127
-4.29846e-008	0.0221924
-4.29596e-008	0.0339111
-4.29346e-008	0.0239746
-4.29096e-008	0.0192627
-4.28846e-008	0.0178955
-4.28596e-008	0.0173828
-4.28346e-008	0.0346436
-4.28096e-008	0.0326416
-4.27846e-008	0.0204346
-4.27596e-008	0.0213379
-4.27346e-008	0.0152588
-4.27096e-008	0.0259766
-4.26846e-008	0.0319824
-4.26596e-008	0.0206299
-4.26346e-008	0.0257568
-4.26096e-008	0.0149902
-4.25846e-008	0.00541993
-4.25596e-008	0.0131592
-4.25346e-008	0.0142822
-4.25096e-008	0.0307373
-4.24846e-008	0.0208984
-4.24596e-008	0.0010254
-4.24346e-008	0.028125
-4.24096e-008	0.0331787
-4.23846e-008	0.0205322
-4.23596e-008	0.0286621
-4.23346e-008	0.0265137
-4.23096e-008	0.0281738
-4.22846e-008	0.0292481
-4.22596e-008	0.024292
-4.22346e-008	0.0341553
-4.22096e-008	0.0307617
-4.21846e-008	0.0153565
-4.21596e-008	0.0223145
-4.21346e-008	0.0332031
-4.21096e-008	0.0184815
-4.20846e-008	0.00708009
-4.20596e-008	0.0318848
-4.20346e-008	0.0380371
-4.20096e-008	0.0117188
-4.19846e-008	0.0140869
-4.19596e-008	0.0155029
-4.19346e-008	0.00307618
-4.19096e-008	0.0206299
-4.18846e-008	0.0238281
-4.18596e-008	0.00637208
-4.18346e-008	0.0138916
-4.18096e-008	0.0170899
-4.17846e-008	0.0208984
-4.17596e-008	0.0320068
-4.17346e-008	0.0207275
-4.17096e-008	0.0233399
-4.16846e-008	0.0272705
-4.16596e-008	0.0170166
-4.16346e-008	0.0243408
-4.16096e-008	0.00947266
-4.15846e-008	-0.000195305
-4.15596e-008	0.0255615
-4.15346e-008	0.0268311
-4.15096e-008	0.0211426
-4.14846e-008	0.0201416
-4.14596e-008	0.0186768
-4.14346e-008	0.0319824
-4.14096e-008	0.0256836
-4.13846e-008	0.0229736
-4.13596e-008	0.0319824
-4.13346e-008	0.0104981
-4.13096e-008	0.00683595
-4.12846e-008	0.0239258
-4.12596e-008	0.0181641
-4.12346e-008	0.0164307
-4.12096e-008	0.017749
-4.11846e-008	0.0162598
-4.11596e-008	0.0297852
-4.11346e-008	0.0361816
-4.11096e-008	0.0263672
-4.10846e-008	0.0208496
-4.10596e-008	0.0173828
-4.10346e-008	0.0201416
-4.10096e-008	0.024707
-4.09846e-008	0.0179199
-4.09596e-008	0.0328125
-4.09346e-008	0.0427246
-4.09096e-008	0.0252197
-4.08846e-008	0.0268066
-4.08596e-008	0.0225586
-4.08346e-008	0.00617677
-4.08096e-008	0.000878914
-4.07846e-008	0.00769044
-4.07596e-008	0.0288818
-4.07346e-008	0.0310791
-4.07096e-008	0.0223877
-4.06846e-008	0.0185791
-4.06596e-008	0.0198731
-4.06346e-008	0.0297119
-4.06096e-008	0.01875
-4.05846e-008	0.0179932
-4.05596e-008	0.0362549
-4.05346e-008	0.028418
-4.05096e-008	0.0250733
-4.04846e-008	0.0258789
-4.04596e-008	0.0118164
-4.04346e-008	0.0136475
-4.04096e-008	0.0154297
-4.03846e-008	0.019043
-4.03596e-008	0.0285156
-4.03346e-008	0.0174072
-4.03096e-008	0.0221436
-4.02846e-008	0.0302979
-4.02596e-008	0.0204834
-4.02346e-008	0.0312256
-4.02096e-008	0.0279785
-4.01846e-008	0.00854493
-4.01596e-008	0.0138916
-4.01346e-008	0.0220947
-4.01096e-008	0.0216797
-4.00846e-008	0.0175537
-4.00596e-008	0.0219482
-4.00346e-008	0.0369141
-4.00096e-008	0.0358643
-3.99846e-008	0.0172852
-3.99596e-008	0.00600587
-3.99346e-008	0.0105225
-3.99096e-008	0.0132813
-3.98846e-008	0.0104981
-3.98596e-008	0.0198731
-3.98346e-008	0.0354004
-3.98096e-008	0.027124
-3.97846e-008	0.0125
-3.97596e-008	0.0151856
-3.97346e-008	0.0097168
-3.97096e-008	0.0132324
-3.96846e-008	0.0256348
-3.96596e-008	0.0217774
-3.96346e-008	0.0262207
-3.96096e-008	0.0224609
-3.95846e-008	0.0113281
-3.95596e-008	0.0240234
-3.95346e-008	0.0349609
-3.95096e-008	0.0335938
-3.94846e-008	0.0196289
-3.94596e-008	0.0156738
-3.94346e-008	0.0390137
-3.94096e-008	0.0289063
-3.93846e-008	0.00568848
-3.93596e-008	0.0208984
-3.93346e-008	0.0246094
-3.93096e-008	0.00903321
-3.92846e-008	0.00712891
-3.92596e-008	0.0150147
-3.92346e-008	0.0213867
-3.92096e-008	0.0247803
-3.91846e-008	0.0242432
-3.91596e-008	0.017334
-3.91346e-008	0.0171143
-3.91096e-008	0.0230713
-3.90846e-008	0.0198975
-3.90596e-008	0.0212402
-3.90346e-008	0.0279541
-3.90096e-008	0.019043
-3.89846e-008	0.0146484
-3.89596e-008	0.0169922
-3.89346e-008	0.00764161
-3.89096e-008	0.0109375
-3.88846e-008	0.0191895
-3.88596e-008	0.0186768
-3.88346e-008	0.0195313
-3.88096e-008	0.0113525
-3.87846e-008	0.0164795
-3.87596e-008	0.0298584
-3.87346e-008	0.020874
-3.87096e-008	0.0272949
-3.86846e-008	0.0363037
-3.86596e-008	0.0256104
-3.86346e-008	0.03125
-3.86096e-008	0.0265381
-3.85846e-008	0.0161865
-3.85596e-008	0.0268555
-3.85346e-008	0.0242188
-3.85096e-008	0.0155274
-3.84846e-008	0.0154785
-3.84596e-008	0.0229736
-3.84346e-008	0.029834
-3.84096e-008	0.0223145
-3.83846e-008	0.0111572
-3.83596e-008	0.00541993
-3.83346e-008	0.0146729
-3.83096e-008	0.0208496
-3.82846e-008	0.0158691
-3.82596e-008	0.0261719
-3.82346e-008	0.030249
-3.82096e-008	0.0166748
-3.81846e-008	0.0184815
-3.81596e-008	0.0259277
-3.81346e-008	0.0195801
-3.81096e-008	0.0165039
-3.80846e-008	0.0176758
-3.80596e-008	0.0234375
-3.80346e-008	0.0292725
-3.80096e-008	0.0236084
-3.79846e-008	0.021167
-3.79596e-008	0.0229248
-3.79346e-008	0.0240234
-3.79096e-008	0.0130859
-3.78846e-008	0.00251466
-3.78596e-008	0.0239258
-3.78346e-008	0.0326172
-3.78096e-008	0.0107178
-3.77846e-008	0.011084
-3.77596e-008	0.0239746
-3.77346e-008	0.0166504
-3.77096e-008	0.0132324
-3.76846e-008	0.0157715
-3.76596e-008	0.0148682
-3.76346e-008	0.0265869
-3.76096e-008	0.0237793
-3.75846e-008	0.0109619
-3.75596e-008	0.0171143
-3.75346e-008	0.0198731
-3.75096e-008	0.0191406
-3.74846e-008	0.0158203
-3.74596e-008	0.0149414
-3.74346e-008	0.0266358
-3.74096e-008	0.0245361
-3.73846e-008	0.0206543
-3.73596e-008	0.0287842
-3.73346e-008	0.0250733
-3.73096e-008	0.0179443
-3.72846e-008	0.0178711
-3.72596e-008	0.0219482
-3.72346e-008	0.025
-3.72096e-008	0.0109375
-3.71846e-008	-0.000903313
-3.71596e-008	0.00239259
-3.71346e-008	0.00651856
-3.71096e-008	0.016626
-3.70846e-008	0.0244629
-3.70596e-008	0.0308106
-3.70346e-008	0.0364258
-3.70096e-008	0.0275635
-3.69846e-008	0.0217774
-3.69596e-008	0.0212158
-3.69346e-008	0.0125244
-3.69096e-008	0.013501
-3.68846e-008	0.0329102
-3.68596e-008	0.0358154
-3.68346e-008	0.0209961
-3.68096e-008	0.0211182
-3.67846e-008	0.0224609
-3.67596e-008	0.0207764
-3.67346e-008	0.0242676
-3.67096e-008	0.0215576
-3.66846e-008	0.020459
-3.66596e-008	0.0258057
-3.66346e-008	0.0203613
-3.66096e-008	0.014502
-3.65846e-008	0.025
-3.65596e-008	0.0256348
-3.65346e-008	0.0197022
-3.65096e-008	0.0214356
-3.64846e-008	0.0281006
-3.64596e-008	0.0367188
-3.64346e-008	0.0255127
-3.64096e-008	0.0251465
-3.63846e-008	0.0327149
-3.63596e-008	0.0234131
-3.63346e-008	0.0306641
-3.63096e-008	0.0256592
-3.62846e-008	0.013916
-3.62596e-008	0.0291748
-3.62346e-008	0.0314941
-3.62096e-008	0.0233399
-3.61846e-008	0.0286865
-3.61596e-008	0.0254639
-3.61346e-008	0.00781251
-3.61096e-008	0.00664063
-3.60846e-008	0.0167725
-3.60596e-008	0.0245606
-3.60346e-008	0.026294
-3.60096e-008	0.0118164
-3.59846e-008	0.01521
-3.59596e-008	0.0282471
-3.59346e-008	0.0227783
-3.59096e-008	0.030249
-3.58846e-008	0.0348389
-3.58596e-008	0.0219971
-3.58346e-008	0.0205322
-3.58096e-008	0.017627
-3.57846e-008	0.0161621
-3.57596e-008	0.0265381
-3.57346e-008	0.0235596
-3.57096e-008	0.019458
-3.56846e-008	0.0223633
-3.56596e-008	0.0207275
-3.56346e-008	0.0218506
-3.56096e-008	0.021582
-3.55846e-008	0.0235107
-3.55596e-008	0.0275879
-3.55346e-008	0.0258789
-3.55096e-008	0.0217285
-3.54846e-008	0.0275879
-3.54596e-008	0.0376465
-3.54346e-008	0.0251709
-3.54096e-008	0.019458
-3.53846e-008	0.0258301
-3.53596e-008	0.0123535
-3.53346e-008	0.00869141
-3.53096e-008	0.0160889
-3.52846e-008	0.0178467
-3.52596e-008	0.0296631
-3.52346e-008	0.0365234
-3.52096e-008	0.0168457
-3.51846e-008	0.00229493
-3.51596e-008	0.0223633
-3.51346e-008	0.0322754
-3.51096e-008	0.0210449
-3.50846e-008	0.025708
-3.50596e-008	0.0274658
-3.50346e-008	0.0197754
-3.50096e-008	0.0238037
-3.49846e-008	0.0311768
-3.49596e-008	0.0295166
-3.49346e-008	0.0150635
-3.49096e-008	0.00498048
-3.48846e-008	0.0136719
-3.48596e-008	0.021875
-3.48346e-008	0.0220459
-3.48096e-008	0.0221924
-3.47846e-008	0.0249024
-3.47596e-008	0.0322266
-3.47346e-008	0.0279297
-3.47096e-008	0.0143311
-3.46846e-008	0.0142334
-3.46596e-008	0.0209961
-3.46346e-008	0.0255371
-3.46096e-008	0.0223145
-3.45846e-008	0.0222656
-3.45596e-008	0.0305664
-3.45346e-008	0.0251465
-3.45096e-008	0.0242676
-3.44846e-008	0.0214111
-3.44596e-008	0.016626
-3.44346e-008	0.0305664
-3.44096e-008	0.0241943
-3.43846e-008	0.019751
-3.43596e-008	0.0255127
-3.43346e-008	0.0143799
-3.43096e-008	0.0199707
-3.42846e-008	0.0243652
-3.42596e-008	0.0201172
-3.42346e-008	0.0227051
-3.42096e-008	0.0199219
-3.41846e-008	0.0252441
-3.41596e-008	0.0291748
-3.41346e-008	0.0195313
-3.41096e-008	0.0149902
-3.40846e-008	0.0194092
-3.40596e-008	0.0302002
-3.40346e-008	0.0346191
-3.40096e-008	0.0189453
-3.39846e-008	0.0101563
-3.39596e-008	0.0161377
-3.39346e-008	0.020874
-3.39096e-008	0.0234863
-3.38846e-008	0.0169922
-3.38596e-008	0.026709
-3.38346e-008	0.0371582
-3.38096e-008	0.0148193
-3.37846e-008	0.00905762
-3.37596e-008	0.0137695
-3.37346e-008	0.00991212
-3.37096e-008	0.0252441
-3.36846e-008	0.0201904
-3.36596e-008	0.00837403
-3.36346e-008	0.0224365
-3.36096e-008	0.0142334
-3.35846e-008	0.0147949
-3.35596e-008	0.0331543
-3.35346e-008	0.0196777
-3.35096e-008	0.0196777
-3.34846e-008	0.0294678
-3.34596e-008	0.0167725
-3.34346e-008	0.0285156
-3.34096e-008	0.0330566
-3.33846e-008	-0.000292961
-3.33596e-008	0.00639649
-3.33346e-008	0.0353027
-3.33096e-008	0.0251709
-3.32846e-008	0.0174561
-3.32596e-008	0.0188477
-3.32346e-008	0.0145508
-3.32096e-008	0.0248779
-3.31846e-008	0.0272461
-3.31596e-008	0.0167725
-3.31346e-008	0.0222656
-3.31096e-008	0.0312256
-3.30846e-008	0.03125
-3.30596e-008	0.0347656
-3.30346e-008	0.0266358
-3.30096e-008	0.00122071
-3.29846e-008	0.00549317
-3.29596e-008	0.0348389
-3.29346e-008	0.0403809
-3.29096e-008	0.028833
-3.28846e-008	0.0142822
-3.28596e-008	0.0126221
-3.28346e-008	0.0185059
-3.28096e-008	0.0130127
-3.27846e-008	0.0291748
-3.27596e-008	0.0411377
-3.27346e-008	0.0231445
-3.27096e-008	0.0173828
-3.26846e-008	0.0101318
-3.26596e-008	0.00812989
-3.26346e-008	0.0233399
-3.26096e-008	0.0177002
-3.25846e-008	0.0144287
-3.25596e-008	0.0268311
-3.25346e-008	0.0244385
-3.25096e-008	0.0176514
-3.24846e-008	0.0213135
-3.24596e-008	0.0313965
-3.24346e-008	0.0313233
-3.24096e-008	0.0185791
-3.23846e-008	0.0154541
-3.23596e-008	0.0161621
-3.23346e-008	0.013794
-3.23096e-008	0.0239014
-3.22846e-008	0.0374512
-3.22596e-008	0.0312012
-3.22346e-008	0.0136719
-3.22096e-008	0.0106445
-3.21846e-008	0.0157715
-3.21596e-008	0.0165283
-3.21346e-008	0.0226563
-3.21096e-008	0.0245361
-3.20846e-008	0.0129883
-3.20596e-008	0.0153076
-3.20346e-008	0.0215088
-3.20096e-008	0.0115723
-3.19846e-008	0.0177734
-3.19596e-008	0.0226563
-3.19346e-008	0.0114014
-3.19096e-008	0.0199219
-3.18846e-008	0.0262451
-3.18596e-008	0.0224609
-3.18346e-008	0.0215088
-3.18096e-008	0.013208
-3.17846e-008	0.014624
-3.17596e-008	0.0197998
-3.17346e-008	0.0186768
-3.17096e-008	0.0184082
-3.16846e-008	0.0162598
-3.16596e-008	0.0266602
-3.16346e-008	0.0281983
-3.16096e-008	0.00957032
-3.15846e-008	0.0186279
-3.15596e-008	0.0320313
-3.15346e-008	0.0196777
-3.15096e-008	0.0178711
-3.14846e-008	0.0157471
-3.14596e-008	0.00871583
-3.14346e-008	0.02146
-3.14096e-008	0.0293457
-3.13846e-008	0.0197998
-3.13596e-008	0.0133789
-3.13346e-008	0.00629884
-3.13096e-008	0.00476075
-3.12846e-008	0.0185547
-3.12596e-008	0.0227051
-3.12346e-008	0.0142822
-3.12096e-008	0.0130859
-3.11846e-008	0.0161865
-3.11596e-008	0.015625
-3.11346e-008	0.0220215
-3.11096e-008	0.0289063
-3.10846e-008	0.0192139
-3.10596e-008	0.0178711
-3.10346e-008	0.0223877
-3.10096e-008	0.0058838
-3.09846e-008	0.00336915
-3.09596e-008	0.0251465
-3.09346e-008	0.0315674
-3.09096e-008	0.0275635
-3.08846e-008	0.0208252
-3.08596e-008	0.0195801
-3.08346e-008	0.0337891
-3.08096e-008	0.0197022
-3.07846e-008	0.00131837
-3.07596e-008	0.0154297
-3.07346e-008	0.0201904
-3.07096e-008	0.0248291
-3.06846e-008	0.0349365
-3.06596e-008	0.0279297
-3.06346e-008	0.0219727
-3.06096e-008	0.0253418
-3.05846e-008	0.0247559
-3.05596e-008	0.0215332
-3.05346e-008	0.0178467
-3.05096e-008	0.0170166
-3.04846e-008	0.0296387
-3.04596e-008	0.0318848
-3.04346e-008	0.0145264
-3.04096e-008	0.00559083
-3.03846e-008	0.0115967
-3.03596e-008	0.0225586
-3.03346e-008	0.0246338
-3.03096e-008	0.0183838
-3.02846e-008	0.0189209
-3.02596e-008	0.0313721
-3.02346e-008	0.030127
-3.02096e-008	0.00827637
-3.01846e-008	0.00698243
-3.01596e-008	0.0220947
-3.01346e-008	0.0165039
-3.01096e-008	0.0106201
-3.00846e-008	0.0234619
-3.00596e-008	0.0327393
-3.00346e-008	0.0342529
-3.00096e-008	0.0162842
-2.99846e-008	0.00163575
-2.99596e-008	0.0232422
-2.99346e-008	0.032251
-2.99096e-008	0.023584
-2.98846e-008	0.0179688
-2.98596e-008	0.020166
-2.98346e-008	0.0370117
-2.98096e-008	0.0271973
-2.97846e-008	0.0136963
-2.97596e-008	0.0233154
-2.97346e-008	0.0148926
-2.97096e-008	0.0050293
-2.96846e-008	0.0156982
-2.96596e-008	0.0263672
-2.96346e-008	0.0245117
-2.96096e-008	0.0184326
-2.95846e-008	0.017749
-2.95596e-008	0.018457
-2.95346e-008	0.0199951
-2.95096e-008	0.0138184
-2.94846e-008	0.00612794
-2.94596e-008	0.0152588
-2.94346e-008	0.023169
-2.94096e-008	0.0210449
-2.93846e-008	0.0261475
-2.93596e-008	0.0298584
-2.93346e-008	0.020752
-2.93096e-008	0.0171387
-2.92846e-008	0.0198486
-2.92596e-008	0.0180664
-2.92346e-008	0.0181641
-2.92096e-008	0.0126709
-2.91846e-008	0.0123047
-2.91596e-008	0.0229492
-2.91346e-008	0.0205566
-2.91096e-008	0.0175781
-2.90846e-008	0.0200195
-2.90596e-008	0.0182129
-2.90346e-008	0.0199219
-2.90096e-008	0.0165772
-2.89846e-008	0.0126709
-2.89596e-008	0.0240234
-2.89346e-008	0.0306397
-2.89096e-008	0.026416
-2.88846e-008	0.0278565
-2.88596e-008	0.0301025
-2.88346e-008	0.0196289
-2.88096e-008	0.00754395
-2.87846e-008	0.0222412
-2.87596e-008	0.0316162
-2.87346e-008	0.0199463
-2.87096e-008	0.0258057
-2.86846e-008	0.0230225
-2.86596e-008	0.0206055
-2.86346e-008	0.0383057
-2.86096e-008	0.0295166
-2.85846e-008	0.0172363
-2.85596e-008	0.0216553
-2.85346e-008	0.0163818
-2.85096e-008	0.0180908
-2.84846e-008	0.0263672
-2.84596e-008	0.0250733
-2.84346e-008	0.0292969
-2.84096e-008	0.0304932
-2.83846e-008	0.0186279
-2.83596e-008	0.0195068
-2.83346e-008	0.0238525
-2.83096e-008	0.01521
-2.82846e-008	0.0222168
-2.82596e-008	0.0388428
-2.82346e-008	0.023291
-2.82096e-008	0.00114747
-2.81846e-008	0.0126709
-2.81596e-008	0.0242676
-2.81346e-008	0.0253662
-2.81096e-008	0.0124268
-2.80846e-008	-0.0146973
-2.80596e-008	0.00688477
-2.80346e-008	0.0394043
-2.80096e-008	0.0172119
-2.79846e-008	0.00705567
-2.79596e-008	0.0258301
-2.79346e-008	0.0259033
-2.79096e-008	0.0235596
-2.78846e-008	0.0225342
-2.78596e-008	0.0186035
-2.78346e-008	0.0330078
-2.78096e-008	0.0346191
-2.77846e-008	0.0177002
-2.77596e-008	0.020166
-2.77346e-008	0.0275879
-2.77096e-008	0.0167481
-2.76846e-008	0.00695802
-2.76596e-008	0.0164307
-2.76346e-008	0.0161377
-2.76096e-008	0.00515137
-2.75846e-008	0.0114502
-2.75596e-008	0.0183106
-2.75346e-008	0.0182129
-2.75096e-008	0.0191162
-2.74846e-008	0.0229248
-2.74596e-008	0.0298096
-2.74346e-008	0.0264649
-2.74096e-008	0.0125
-2.73846e-008	0.0156738
-2.73596e-008	0.0324951
-2.73346e-008	0.0280762
-2.73096e-008	0.018457
-2.72846e-008	0.0113281
-2.72596e-008	0.00417481
-2.72346e-008	0.0157227
-2.72096e-008	0.0217774
-2.71846e-008	0.0168457
-2.71596e-008	0.0167725
-2.71346e-008	0.0240967
-2.71096e-008	0.030249
-2.70846e-008	0.0245117
-2.70596e-008	0.0268799
-2.70346e-008	0.0269775
-2.70096e-008	0.0187988
-2.69846e-008	0.0163818
-2.69596e-008	0.014502
-2.69346e-008	0.0233154
-2.69096e-008	0.0310791
-2.68846e-008	0.0305908
-2.68596e-008	0.0344483
-2.68346e-008	0.0252197
-2.68096e-008	0.00747071
-2.67846e-008	0.0166748
-2.67596e-008	0.0308594
-2.67346e-008	0.0190918
-2.67096e-008	0.0139404
-2.66846e-008	0.019165
-2.66596e-008	0.0270508
-2.66346e-008	0.0393799
-2.66096e-008	0.0266602
-2.65846e-008	0.0121338
-2.65596e-008	0.0195313
-2.65346e-008	0.0239014
-2.65096e-008	0.0177734
-2.64846e-008	0.0101563
-2.64596e-008	0.0273193
-2.64346e-008	0.0481445
-2.64096e-008	0.0381592
-2.63846e-008	0.0268555
-2.63596e-008	0.0195068
-2.63346e-008	0.0122559
-2.63096e-008	0.00480958
-2.62846e-008	-0.00546874
-2.62596e-008	0.0178711
-2.62346e-008	0.0396973
-2.62096e-008	0.0234619
-2.61846e-008	0.0203857
-2.61596e-008	0.0219727
-2.61346e-008	0.0130127
-2.61096e-008	0.0153809
-2.60846e-008	0.0137207
-2.60596e-008	0.0186768
-2.60346e-008	0.0313965
-2.60096e-008	0.0220947
-2.59846e-008	0.0162598
-2.59596e-008	0.0197266
-2.59346e-008	0.0171387
-2.59096e-008	0.0236816
-2.58846e-008	0.0185059
-2.58596e-008	0.00961915
-2.58346e-008	0.0171631
-2.58096e-008	0.0158203
-2.57846e-008	0.01875
-2.57596e-008	0.0251953
-2.57346e-008	0.0227295
-2.57096e-008	0.0226318
-2.56846e-008	0.0215088
-2.56596e-008	0.0350098
-2.56346e-008	0.040332
-2.56096e-008	0.00905762
-2.55846e-008	-0.00219726
-2.55596e-008	0.0192627
-2.55346e-008	0.0247315
-2.55096e-008	0.0178467
-2.54846e-008	0.0199219
-2.54596e-008	0.0287598
-2.54346e-008	0.0359863
-2.54096e-008	0.0299805
-2.53846e-008	0.0251709
-2.53596e-008	0.0274414
-2.53346e-008	0.020874
-2.53096e-008	0.0229004
-2.52846e-008	0.0318115
-2.52596e-008	0.026001
-2.52346e-008	0.0202149
-2.52096e-008	0.0228516
-2.51846e-008	0.020166
-2.51596e-008	0.0107666
-2.51346e-008	0.0137451
-2.51096e-008	0.0251709
-2.50846e-008	0.0223389
-2.50596e-008	0.0235107
-2.50346e-008	0.0334961
-2.50096e-008	0.0258057
-2.49846e-008	0.0164795
-2.49596e-008	0.0225342
-2.49346e-008	0.0229492
-2.49096e-008	0.0148682
-2.48846e-008	0.025415
-2.48596e-008	0.0427002
-2.48346e-008	0.0317139
-2.48096e-008	0.0142578
-2.47846e-008	0.00932618
-2.47596e-008	0.00471192
-2.47346e-008	0.00898438
-2.47096e-008	0.0236084
-2.46846e-008	0.033374
-2.46596e-008	0.0302246
-2.46346e-008	0.0115479
-2.46096e-008	0.00292969
-2.45846e-008	0.0228272
-2.45596e-008	0.0331787
-2.45346e-008	0.0240723
-2.45096e-008	0.0182129
-2.44846e-008	0.018335
-2.44596e-008	0.0257324
-2.44346e-008	0.0254639
-2.44096e-008	0.0224121
-2.43846e-008	0.0243164
-2.43596e-008	0.0163818
-2.43346e-008	0.0151123
-2.43096e-008	0.0265137
-2.42846e-008	0.0240234
-2.42596e-008	0.0172119
-2.42346e-008	0.020874
-2.42096e-008	0.0114746
-2.41846e-008	0.020752
-2.41596e-008	0.0424805
-2.41346e-008	0.026416
-2.41096e-008	0.0234619
-2.40846e-008	0.0190674
-2.40596e-008	0.00478516
-2.40346e-008	0.025415
-2.40096e-008	0.0299316
-2.39846e-008	0.0233643
-2.39596e-008	0.0280029
-2.39346e-008	0.0218994
-2.39096e-008	0.0164795
-2.38846e-008	0.0197022
-2.38596e-008	0.0310303
-2.38346e-008	0.0290283
-2.38096e-008	0.0227051
-2.37846e-008	0.0302734
-2.37596e-008	0.0267334
-2.37346e-008	0.0229981
-2.37096e-008	0.03125
-2.36846e-008	0.030835
-2.36596e-008	0.0254883
-2.36346e-008	0.0264649
-2.36096e-008	0.0163574
-2.35846e-008	0.0027588
-2.35596e-008	0.0205811
-2.35346e-008	0.0358887
-2.35096e-008	0.015332
-2.34846e-008	0.0115234
-2.34596e-008	0.028125
-2.34346e-008	0.0205322
-2.34096e-008	0.0107422
-2.33846e-008	0.0175781
-2.33596e-008	0.0219727
-2.33346e-008	0.0150147
-2.33096e-008	0.0115479
-2.32846e-008	0.0182373
-2.32596e-008	0.0171631
-2.32346e-008	0.019751
-2.32096e-008	0.0298828
-2.31846e-008	0.0287354
-2.31596e-008	0.0269531
-2.31346e-008	0.0284912
-2.31096e-008	0.0231934
-2.30846e-008	0.0198486
-2.30596e-008	0.028833
-2.30346e-008	0.0329102
-2.30096e-008	0.0268066
-2.29846e-008	0.0222168
-2.29596e-008	0.0160889
-2.29346e-008	0.0188232
-2.29096e-008	0.0203369
-2.28846e-008	0.0127686
-2.28596e-008	0.0121826
-2.28346e-008	0.00791016
-2.28096e-008	0.0136231
-2.27846e-008	0.0258789
-2.27596e-008	0.0189697
-2.27346e-008	0.0199707
-2.27096e-008	0.027417
-2.26846e-008	0.0303955
-2.26596e-008	0.0396729
-2.26346e-008	0.0293213
-2.26096e-008	0.00891114
-2.25846e-008	0.0113281
-2.25596e-008	0.017749
-2.25346e-008	0.0166016
-2.25096e-008	0.0160889
-2.24846e-008	0.0224609
-2.24596e-008	0.0363281
-2.24346e-008	0.0330566
-2.24096e-008	0.0128174
-2.23846e-008	0.00690919
-2.23596e-008	0.0122315
-2.23346e-008	0.0176758
-2.23096e-008	0.0171387
-2.22846e-008	0.00722657
-2.22596e-008	0.0124512
-2.22346e-008	0.0282227
-2.22096e-008	0.0245361
-2.21846e-008	0.0208496
-2.21596e-008	0.032251
-2.21346e-008	0.0310547
-2.21096e-008	0.021875
-2.20846e-008	0.0232178
-2.20596e-008	0.0202881
-2.20346e-008	0.022876
-2.20096e-008	0.0378662
-2.19846e-008	0.0278076
-2.19596e-008	0.0120606
-2.19346e-008	0.0241211
-2.19096e-008	0.0247803
-2.18846e-008	0.0149658
-2.18596e-008	0.0223389
-2.18346e-008	0.022583
-2.18096e-008	0.0134766
-2.17846e-008	0.017041
-2.17596e-008	0.0243897
-2.17346e-008	0.023877
-2.17096e-008	0.015625
-2.16846e-008	0.00812989
-2.16596e-008	0.0152344
-2.16346e-008	0.0202393
-2.16096e-008	0.016919
-2.15846e-008	0.0231934
-2.15596e-008	0.0251221
-2.15346e-008	0.0156494
-2.15096e-008	0.00874024
-2.14846e-008	0.0114258
-2.14596e-008	0.0217774
-2.14346e-008	0.0285889
-2.14096e-008	0.0261963
-2.13846e-008	0.0192871
-2.13596e-008	0.0206299
-2.13346e-008	0.0246338
-2.13096e-008	0.020459
-2.12846e-008	0.0174072
-2.12596e-008	0.0176025
-2.12346e-008	0.0219482
-2.12096e-008	0.0161377
-2.11846e-008	0.00466309
-2.11596e-008	0.019165
-2.11346e-008	0.0268066
-2.11096e-008	0.0148682
-2.10846e-008	0.0291748
-2.10596e-008	0.0450195
-2.10346e-008	0.0284668
-2.10096e-008	0.0171387
-2.09846e-008	0.0132813
-2.09596e-008	0.011499
-2.09346e-008	0.0288818
-2.09096e-008	0.0271729
-2.08846e-008	0.0242676
-2.08596e-008	0.0394043
-2.08346e-008	0.0228272
-2.08096e-008	0.00539552
-2.07846e-008	0.0110352
-2.07596e-008	0.0210938
-2.07346e-008	0.0318115
-2.07096e-008	0.036084
-2.06846e-008	0.0324463
-2.06596e-008	0.0217041
-2.06346e-008	0.024585
-2.06096e-008	0.0164551
-2.05846e-008	0.0044922
-2.05596e-008	0.0215088
-2.05346e-008	0.0143066
-2.05096e-008	0.0134522
-2.04846e-008	0.034082
-2.04596e-008	0.0230469
-2.04346e-008	0.0239746
-2.04096e-008	0.028418
-2.03846e-008	0.0169678
-2.03596e-008	0.0260254
-2.03346e-008	0.0238281
-2.03096e-008	0.0102295
-2.02846e-008	0.0104981
-2.02596e-008	0.0170654
-2.02346e-008	0.0352539
-2.02096e-008	0.0343018
-2.01846e-008	0.0175537
-2.01596e-008	0.0252197
-2.01346e-008	0.0259766
-2.01096e-008	0.0133789
-2.00846e-008	0.0147949
-2.00596e-008	0.0208252
-2.00346e-008	0.0289063
-2.00096e-008	0.0226563
-1.99846e-008	0.0146484
-1.99596e-008	0.0338623
-1.99346e-008	0.0343994
-1.99096e-008	0.0175537
-1.98846e-008	0.013501
-1.98596e-008	0.0140137
-1.98346e-008	0.0259766
-1.98096e-008	0.0172363
-1.97846e-008	0.00131837
-1.97596e-008	0.0146973
-1.97346e-008	0.0188965
-1.97096e-008	0.0175781
-1.96846e-008	0.0205322
-1.96596e-008	0.0226563
-1.96346e-008	0.0258057
-1.96096e-008	0.00910645
-1.95846e-008	0.00517579
-1.95596e-008	0.020752
-1.95346e-008	0.0159668
-1.95096e-008	0.00781251
-1.94846e-008	0.0161865
-1.94596e-008	0.0315918
-1.94346e-008	0.0307617
-1.94096e-008	0.0139893
-1.93846e-008	0.00585938
-1.93596e-008	0.0121582
-1.93346e-008	0.0275879
-1.93096e-008	0.03125
-1.92846e-008	0.0226074
-1.92596e-008	0.0249268
-1.92346e-008	0.03125
-1.92096e-008	0.0262695
-1.91846e-008	0.0221924
-1.91596e-008	0.0268555
-1.91346e-008	0.0271484
-1.91096e-008	0.0229248
-1.90846e-008	0.0131348
-1.90596e-008	0.0114502
-1.90346e-008	0.0290039
-1.90096e-008	0.0303223
-1.89846e-008	0.0204834
-1.89596e-008	0.0291992
-1.89346e-008	0.0336182
-1.89096e-008	0.0227783
-1.88846e-008	0.0213623
-1.88596e-008	0.0253418
-1.88346e-008	0.0116943
-1.88096e-008	-0.00532226
-1.87846e-008	-0.000390618
-1.87596e-008	0.0223145
-1.87346e-008	0.0348877
-1.87096e-008	0.0252197
-1.86846e-008	0.0214844
-1.86596e-008	0.0284668
-1.86346e-008	0.0209473
-1.86096e-008	0.0175293
-1.85846e-008	0.0300293
-1.85596e-008	0.0253418
-1.85346e-008	0.0109131
-1.85096e-008	0.0158447
-1.84846e-008	0.0197022
-1.84596e-008	0.00974122
-1.84346e-008	0.00712891
-1.84096e-008	0.0108399
-1.83846e-008	0.0170166
-1.83596e-008	0.0237305
-1.83346e-008	0.0245361
-1.83096e-008	0.0279785
-1.82846e-008	0.0210205
-1.82596e-008	0.0191162
-1.82346e-008	0.0345459
-1.82096e-008	0.0251953
-1.81846e-008	0.0152344
-1.81596e-008	0.0260986
-1.81346e-008	0.0307373
-1.81096e-008	0.0287354
-1.80846e-008	0.0192871
-1.80596e-008	0.0166504
-1.80346e-008	0.0149902
-1.80096e-008	0.0041504
-1.79846e-008	0.0117432
-1.79596e-008	0.0188232
-1.79346e-008	0.0166016
-1.79096e-008	0.0227051
-1.78846e-008	0.0162109
-1.78596e-008	0.019043
-1.78346e-008	0.0332031
-1.78096e-008	0.0176025
-1.77846e-008	0.00847169
-1.77596e-008	0.0213623
-1.77346e-008	0.0278076
-1.77096e-008	0.025415
-1.76846e-008	0.0136475
-1.76596e-008	0.0194092
-1.76346e-008	0.0297852
-1.76096e-008	0.0107178
-1.75846e-008	0.0165772
-1.75596e-008	0.0385498
-1.75346e-008	0.0263672
-1.75096e-008	0.0352295
-1.74846e-008	0.0445068
-1.74596e-008	0.0166016
-1.74346e-008	0.0171143
-1.74096e-008	0.0227539
-1.73846e-008	0.00927735
-1.73596e-008	0.0134522
-1.73346e-008	0.0205811
-1.73096e-008	0.0235596
-1.72846e-008	0.0221924
-1.72596e-008	0.029541
-1.72346e-008	0.0363525
-1.72096e-008	0.0168213
-1.71846e-008	0.0201416
-1.71596e-008	0.0314941
-1.71346e-008	0.0159912
-1.71096e-008	0.0212158
-1.70846e-008	0.0281738
-1.70596e-008	0.0272705
-1.70346e-008	0.0338623
-1.70096e-008	0.0182129
-1.69846e-008	0.0132813
-1.69596e-008	0.0236328
-1.69346e-008	0.0171143
-1.69096e-008	0.0167969
-1.68846e-008	0.0175781
-1.68596e-008	0.0156738
-1.68346e-008	0.0188232
-1.68096e-008	0.0142578
-1.67846e-008	0.0113525
-1.67596e-008	0.015918
-1.67346e-008	0.0234619
-1.67096e-008	0.0258789
-1.66846e-008	0.0127686
-1.66596e-008	0.00646973
-1.66346e-008	0.0138916
-1.66096e-008	0.0146484
-1.65846e-008	0.017749
-1.65596e-008	0.0246338
-1.65346e-008	0.0238037
-1.65096e-008	0.0199951
-1.64846e-008	0.0184326
-1.64596e-008	0.0198242
-1.64346e-008	0.0199219
-1.64096e-008	0.0162354
-1.63846e-008	0.00947266
-1.63596e-008	0.0103272
-1.63346e-008	0.0184326
-1.63096e-008	0.0182129
-1.62846e-008	0.02229
-1.62596e-008	0.0300537
-1.62346e-008	0.0212647
-1.62096e-008	0.0180664
-1.61846e-008	0.0268555
-1.61596e-008	0.0208252
-1.61346e-008	0.014209
-1.61096e-008	0.0245361
-1.60846e-008	0.0368652
-1.60596e-008	0.0328125
-1.60346e-008	0.011499
-1.60096e-008	0.00356446
-1.59846e-008	0.0136719
-1.59596e-008	0.0184326
-1.59346e-008	0.0205322
-1.59096e-008	0.0152344
-1.58846e-008	0.00559083
-1.58596e-008	0.0198486
-1.58346e-008	0.0293213
-1.58096e-008	0.0116699
-1.57846e-008	0.0188721
-1.57596e-008	0.0359863
-1.57346e-008	0.0269043
-1.57096e-008	0.0205078
-1.56846e-008	0.00698243
-1.56596e-008	0.00576173
-1.56346e-008	0.0280274
-1.56096e-008	0.019458
-1.55846e-008	0.0128662
-1.55596e-008	0.0248779
-1.55346e-008	0.0227539
-1.55096e-008	0.0166748
-1.54846e-008	0.0126709
-1.54596e-008	0.0245117
-1.54346e-008	0.0312012
-1.54096e-008	0.0207764
-1.53846e-008	0.0266846
-1.53596e-008	0.0252197
-1.53346e-008	0.0132568
-1.53096e-008	0.0169678
-1.52846e-008	0.0112305
-1.52596e-008	0.0112549
-1.52346e-008	0.0318115
-1.52096e-008	0.028833
-1.51846e-008	0.0173828
-1.51596e-008	0.0186035
-1.51346e-008	0.0167481
-1.51096e-008	0.0209717
-1.50846e-008	0.0253418
-1.50596e-008	0.0274902
-1.50346e-008	0.0210449
-1.50096e-008	0.0119629
-1.49846e-008	0.0183594
-1.49596e-008	0.01521
-1.49346e-008	0.0148438
-1.49096e-008	0.0206055
-1.48846e-008	0.0155029
-1.48596e-008	0.026709
-1.48346e-008	0.0294678
-1.48096e-008	0.00717774
-1.47846e-008	0.00576173
-1.47596e-008	0.0254883
-1.47346e-008	0.0313477
-1.47096e-008	0.0261475
-1.46846e-008	0.0157959
-1.46596e-008	0.00490723
-1.46346e-008	0.0206543
-1.46096e-008	0.0322754
-1.45846e-008	0.0235596
-1.45596e-008	0.0203613
-1.45346e-008	0.00715333
-1.45096e-008	0.0147949
-1.44846e-008	0.0375244
-1.44596e-008	0.0193848
-1.44346e-008	0.00581055
-1.44096e-008	0.0131348
-1.43846e-008	0.0116943
-1.43596e-008	0.0209229
-1.43346e-008	0.0277344
-1.43096e-008	0.0207031
-1.42846e-008	0.0253418
-1.42596e-008	0.0338379
-1.42346e-008	0.027124
-1.42096e-008	0.0182861
-1.41846e-008	0.0207764
-1.41596e-008	0.0301514
-1.41346e-008	0.0338135
-1.41096e-008	0.0205811
-1.40846e-008	0.0140137
-1.40596e-008	0.0327637
-1.40346e-008	0.0436035
-1.40096e-008	0.0238037
-1.39846e-008	0.00847169
-1.39596e-008	0.0212402
-1.39346e-008	0.028418
-1.39096e-008	0.0219482
-1.38846e-008	0.0175049
-1.38596e-008	0.0212158
-1.38346e-008	0.0309326
-1.38096e-008	0.0238525
-1.37846e-008	0.0192383
-1.37596e-008	0.0270264
-1.37346e-008	0.0213623
-1.37096e-008	0.0201172
-1.36846e-008	0.0259033
-1.36596e-008	0.0251465
-1.36346e-008	0.028833
-1.36096e-008	0.026709
-1.35846e-008	0.0240234
-1.35596e-008	0.0276123
-1.35346e-008	0.0145752
-1.35096e-008	0.014209
-1.34846e-008	0.0279541
-1.34596e-008	0.0251709
-1.34346e-008	0.0266113
-1.34096e-008	0.0193848
-1.33846e-008	0.00998536
-1.33596e-008	0.0193848
-1.33346e-008	0.0283447
-1.33096e-008	0.0366455
-1.32846e-008	0.0369873
-1.32596e-008	0.0321045
-1.32346e-008	0.0230469
-1.32096e-008	0.00974122
-1.31846e-008	0.02229
-1.31596e-008	0.0337158
-1.31346e-008	0.0208496
-1.31096e-008	0.0253662
-1.30846e-008	0.0301514
-1.30596e-008	0.0160645
-1.30346e-008	0.0115479
-1.30096e-008	0.0131104
-1.29846e-008	0.0249268
-1.29596e-008	0.0311035
-1.29346e-008	0.0179199
-1.29096e-008	0.0150879
-1.28846e-008	0.0186279
-1.28596e-008	0.0307129
-1.28346e-008	0.0361816
-1.28096e-008	0.0050293
-1.27846e-008	-0.00876464
-1.27596e-008	0.0164551
-1.27346e-008	0.0258789
-1.27096e-008	0.025
-1.26846e-008	0.0291992
-1.26596e-008	0.0260254
-1.26346e-008	0.0266358
-1.26096e-008	0.0218262
-1.25846e-008	0.0193359
-1.25596e-008	0.0224854
-1.25346e-008	0.0222412
-1.25096e-008	0.0344238
-1.24846e-008	0.0301758
-1.24596e-008	0.0224121
-1.24346e-008	0.0291504
-1.24096e-008	0.0176758
-1.23846e-008	0.0130127
-1.23596e-008	0.0185059
-1.23346e-008	0.0162842
-1.23096e-008	0.0130371
-1.22846e-008	0.0102783
-1.22596e-008	0.019458
-1.22346e-008	0.0284912
-1.22096e-008	0.0254639
-1.21846e-008	0.0209473
-1.21596e-008	0.0207275
-1.21346e-008	0.0226563
-1.21096e-008	0.0259522
-1.20846e-008	0.027417
-1.20596e-008	0.026001
-1.20346e-008	0.0299072
-1.20096e-008	0.0230469
-1.19846e-008	0.0170899
-1.19596e-008	0.0273438
-1.19346e-008	0.019043
-1.19096e-008	0.0168213
-1.18846e-008	0.0271973
-1.18596e-008	0.0205811
-1.18346e-008	0.0281494
-1.18096e-008	0.0265869
-1.17846e-008	0.00788575
-1.17596e-008	0.0151367
-1.17346e-008	0.0192139
-1.17096e-008	0.0149902
-1.16846e-008	0.0224609
-1.16596e-008	0.0269531
-1.16346e-008	0.0240967
-1.16096e-008	0.0188965
-1.15846e-008	0.0142334
-1.15596e-008	0.00869141
-1.15346e-008	0.0155762
-1.15096e-008	0.0179443
-1.14846e-008	0.00522462
-1.14596e-008	0.0212647
-1.14346e-008	0.0404541
-1.14096e-008	0.0288574
-1.13846e-008	0.0218262
-1.13596e-008	0.025
-1.13346e-008	0.0213135
-1.13096e-008	0.00681153
-1.12846e-008	0.000585945
-1.12596e-008	0.0140625
-1.12346e-008	0.0225586
-1.12096e-008	0.0229248
-1.11846e-008	0.0261719
-1.11596e-008	0.0275391
-1.11346e-008	0.0203369
-1.11096e-008	0.0201416
-1.10846e-008	0.0324707
-1.10596e-008	0.0283447
-1.10346e-008	0.0268555
-1.10096e-008	0.0374268
-1.09846e-008	0.0233154
-1.09596e-008	0.00500489
-1.09346e-008	0.0112305
-1.09096e-008	0.0289307
-1.08846e-008	0.0335938
-1.08596e-008	0.0230957
-1.08346e-008	0.0200684
-1.08096e-008	0.0196045
-1.07846e-008	0.019458
-1.07596e-008	0.0282471
-1.07346e-008	0.026294
-1.07096e-008	0.0156982
-1.06846e-008	0.0153076
-1.06596e-008	0.0213135
-1.06346e-008	0.0243897
-1.06096e-008	0.0144043
-1.05846e-008	0.00734864
-1.05596e-008	0.0185303
-1.05346e-008	0.0281983
-1.05096e-008	0.029541
-1.04846e-008	0.0205078
-1.04596e-008	0.0157715
-1.04346e-008	0.0233399
-1.04096e-008	0.0128662
-1.03846e-008	0.0110107
-1.03596e-008	0.0253662
-1.03346e-008	0.0145508
-1.03096e-008	0.013501
-1.02846e-008	0.0247559
-1.02596e-008	0.0189453
-1.02346e-008	0.0212647
-1.02096e-008	0.0181641
-1.01846e-008	0.0154053
-1.01596e-008	0.0205322
-1.01346e-008	0.0130371
-1.01096e-008	0.0240723
-1.00846e-008	0.025415
-1.00596e-008	0.0103516
-1.00346e-008	0.0183838
-1.00096e-008	0.0166504
-9.984598e-009	0.0212158
-9.959598e-009	0.0295654
-9.934598e-009	0.0155029
-9.909598e-009	0.00812989
-9.884598e-009	0.00600587
-9.859598e-009	0.0230957
-9.834598e-009	0.0398682
-9.809598e-009	0.0160156
-9.784598e-009	0.00541993
-9.759598e-009	0.0252197
-9.734598e-009	0.0284668
-9.709598e-009	0.015625
-9.684598e-009	0.0124024
-9.659598e-009	0.0239746
-9.634598e-009	0.029419
-9.609598e-009	0.0203125
-9.584598e-009	0.0210693
-9.559598e-009	0.0312012
-9.534598e-009	0.0291992
-9.509598e-009	0.0205566
-9.484598e-009	0.0165039
-9.459598e-009	0.0154053
-9.434598e-009	0.0228027
-9.409598e-009	0.0296875
-9.384598e-009	0.0234375
-9.359598e-009	0.0242432
-9.334598e-009	0.0252197
-9.309598e-009	0.0165283
-9.284598e-009	0.0172852
-9.259598e-009	0.0218994
-9.234598e-009	0.0225098
-9.209598e-009	0.0186524
-9.184598e-009	0.015918
-9.159598e-009	0.0213135
-9.134598e-009	0.022876
-9.109598e-009	0.0193359
-9.084598e-009	0.0212158
-9.059598e-009	0.0229004
-9.034598e-009	0.0215332
-9.009598e-009	0.0239746
-8.984598e-009	0.0196777
-8.959598e-009	0.0142334
-8.934598e-009	0.0250733
-8.909598e-009	0.0297119
-8.884598e-009	0.0194336
-8.859598e-009	0.0167236
-8.834598e-009	0.0178955
-8.809598e-009	0.0160645
-8.784598e-009	0.0223145
-8.759598e-009	0.024707
-8.734598e-009	0.0173096
-8.709598e-009	0.0190918
-8.684598e-009	0.0228516
-8.659598e-009	0.0266113
-8.634598e-009	0.0299316
-8.609598e-009	0.0182617
-8.584598e-009	0.0178467
-8.559598e-009	0.0248535
-8.534598e-009	0.0133057
-8.509598e-009	0.0177002
-8.484598e-009	0.0280029
-8.459598e-009	0.0218994
-8.434598e-009	0.0273193
-8.409598e-009	0.0174561
-8.384598e-009	0.00200196
-8.359598e-009	0.0162109
-8.334598e-009	0.015625
-8.309598e-009	0.0164795
-8.284598e-009	0.0333984
-8.259598e-009	0.0288574
-8.234598e-009	0.0255127
-8.209598e-009	0.0241455
-8.184598e-009	0.0235352
-8.159598e-009	0.0303223
-8.134598e-009	0.0201172
-8.109598e-009	0.0136719
-8.084598e-009	0.0200195
-8.059598e-009	0.0291504
-8.034598e-009	0.0315918
-8.009598e-009	0.0146729
-7.984598e-009	0.00952149
-7.959598e-009	0.00544434
-7.934598e-009	0.000244148
-7.909598e-009	0.0177734
-7.884598e-009	0.0108643
-7.859598e-009	0.00249024
-7.834598e-009	0.0194092
-7.809598e-009	0.0213135
-7.784598e-009	0.0259033
-7.759598e-009	0.0214844
-7.734598e-009	0.0110107
-7.709598e-009	0.0237793
-7.684598e-009	0.0213623
-7.659598e-009	0.0176514
-7.634598e-009	0.0255615
-7.609598e-009	0.0120606
-7.584598e-009	0.00974122
-7.559598e-009	0.0248047
-7.534598e-009	0.0213867
-7.509598e-009	0.0167969
-7.484598e-009	0.0193115
-7.459598e-009	0.0203613
-7.434598e-009	0.027002
-7.409598e-009	0.0322754
-7.384598e-009	0.0282959
-7.359598e-009	0.0209717
-7.334598e-009	0.0243408
-7.309598e-009	0.0316895
-7.284598e-009	0.0277344
-7.259598e-009	0.0274902
-7.234598e-009	0.0236572
-7.209598e-009	0.00817872
-7.184598e-009	0.0141602
-7.159598e-009	0.0200195
-7.134598e-009	0.0126221
-7.109598e-009	0.0313965
-7.084598e-009	0.0365234
-7.059598e-009	0.0224609
-7.034598e-009	0.0358399
-7.009598e-009	0.03479
-6.984598e-009	0.013501
-6.959598e-009	0.014502
-6.934598e-009	0.0218018
-6.909598e-009	0.0172363
-6.884598e-009	0.0148193
-6.859598e-009	0.018042
-6.834598e-009	0.0173828
-6.809598e-009	0.0124268
-6.784598e-009	0.0107666
-6.759598e-009	0.0250244
-6.734598e-009	0.0320068
-6.709598e-009	0.0189453
-6.684598e-009	0.0210449
-6.659598e-009	0.0257324
-6.634598e-009	0.015332
-6.609598e-009	0.00864259
-6.584598e-009	0.0104736
-6.559598e-009	0.0244873
-6.534598e-009	0.0286621
-6.509598e-009	0.011499
-6.484598e-009	0.00673829
-6.459598e-009	0.0135254
-6.434598e-009	0.0144043
-6.409598e-009	0.0148438
-6.384598e-009	0.017334
-6.359598e-009	0.027124
-6.334598e-009	0.0292481
-6.309598e-009	0.0101318
-6.284598e-009	0.000292976
-6.259598e-009	0.0150879
-6.234598e-009	0.0329102
-6.209598e-009	0.0268311
-6.184598e-009	0.0135986
-6.159598e-009	0.0237793
-6.134598e-009	0.0299072
-6.109598e-009	0.0235107
-6.084598e-009	0.0246582
-6.059598e-009	0.0268555
-6.034598e-009	0.0230957
-6.009598e-009	0.016626
-5.984598e-009	0.0203613
-5.959598e-009	0.0234131
-5.934598e-009	0.0171387
-5.909598e-009	0.017041
-5.884598e-009	0.0166016
-5.859598e-009	0.0223389
-5.834598e-009	0.0375488
-5.809598e-009	0.0341309
-5.784598e-009	0.0160645
-5.759598e-009	0.0101563
-5.734598e-009	0.0160889
-5.709598e-009	0.0189697
-5.684598e-009	0.0179688
-5.659598e-009	0.0184082
-5.634598e-009	0.0186035
-5.609598e-009	0.00974122
-5.584598e-009	0.00197755
-5.559598e-009	0.0125244
-5.534598e-009	0.0161865
-5.509598e-009	0.012915
-5.484598e-009	0.0241699
-5.459598e-009	0.0194092
-5.434598e-009	0.00839845
-5.409598e-009	0.0117188
-5.384598e-009	0.0109619
-5.359598e-009	0.0176514
-5.334598e-009	0.0203613
-5.309598e-009	0.0137451
-5.284598e-009	0.0102783
-5.259598e-009	0.0107666
-5.234598e-009	0.0314453
-5.209598e-009	0.0329102
-5.184598e-009	0.0137695
-5.159598e-009	0.0185059
-5.134598e-009	0.0200195
-5.109598e-009	0.0169434
-5.084598e-009	0.0203857
-5.059598e-009	0.0223145
-5.034598e-009	0.0237793
-5.009598e-009	0.0193604
-4.984598e-009	0.0196289
-4.959598e-009	0.0193848
-4.934598e-009	0.0159668
-4.909598e-009	0.0261963
-4.884598e-009	0.0298584
-4.859598e-009	0.0201904
-4.834598e-009	0.0181152
-4.809598e-009	0.0083252
-4.784598e-009	0.00429688
-4.759598e-009	0.0203369
-4.734598e-009	0.0275391
-4.709598e-009	0.0396729
-4.684598e-009	0.0327637
-4.659598e-009	0.0057129
-4.634598e-009	0.0145264
-4.609598e-009	0.0224121
-4.584598e-009	0.0164795
-4.559598e-009	0.0173096
-4.534598e-009	0.0263672
-4.509598e-009	0.0376221
-4.484598e-009	0.0218506
-4.459598e-009	0.0195313
-4.434598e-009	0.0267334
-4.409598e-009	0.0138184
-4.384598e-009	0.0242432
-4.359598e-009	0.0274658
-4.334598e-009	0.014209
-4.309598e-009	0.0202637
-4.284598e-009	0.0172607
-4.259598e-009	0.0211914
-4.234598e-009	0.0415039
-4.209598e-009	0.0350586
-4.184598e-009	0.0231445
-4.159598e-009	0.0231934
-4.134598e-009	0.0199463
-4.109598e-009	0.0209717
-4.084598e-009	0.0211182
-4.059598e-009	0.0233154
-4.034598e-009	0.0304199
-4.009598e-009	0.0271729
-3.984598e-009	0.022583
-3.959598e-009	0.0248535
-3.934598e-009	0.0229492
-3.909598e-009	0.0235596
-3.884598e-009	0.0243408
-3.859598e-009	0.0174072
-3.834598e-009	0.0155518
-3.809598e-009	0.0108399
-3.784598e-009	0.0144531
-3.759598e-009	0.0262695
-3.734598e-009	0.0163086
-3.709598e-009	0.00800782
-3.684598e-009	0.00930177
-3.659598e-009	0.0120117
-3.634598e-009	0.0158936
-3.609598e-009	0.012085
-3.584598e-009	0.018457
-3.559598e-009	0.0279297
-3.534598e-009	0.0289063
-3.509598e-009	0.0302246
-3.484598e-009	0.0248535
-3.459598e-009	0.021582
-3.434598e-009	0.0239258
-3.409598e-009	0.0194824
-3.384598e-009	0.0159424
-3.359598e-009	0.0203857
-3.334598e-009	0.0230225
-3.309598e-009	0.0178223
-3.284598e-009	0.0157715
-3.259598e-009	0.0252197
-3.234598e-009	0.0292725
-3.209598e-009	0.0253418
-3.184598e-009	0.0206787
-3.159598e-009	0.0104004
-3.134598e-009	0.0197998
-3.109598e-009	0.0390137
-3.084598e-009	0.029126
-3.059598e-009	0.0228272
-3.034598e-009	0.0355957
-3.009598e-009	0.0290772
-2.984598e-009	0.0143066
-2.959598e-009	0.024707
-2.934598e-009	0.0306152
-2.909598e-009	0.00864259
-2.884598e-009	0.005542
-2.859598e-009	0.0252686
-2.834598e-009	0.0275879
-2.809598e-009	0.0213867
-2.784598e-009	0.022583
-2.759598e-009	0.0265381
-2.734598e-009	0.0207275
-2.709598e-009	0.011377
-2.684598e-009	0.0190918
-2.659598e-009	0.0305176
-2.634598e-009	0.0317383
-2.609598e-009	0.0253662
-2.584598e-009	0.0167969
-2.559598e-009	0.0104004
-2.534598e-009	0.0163574
-2.509598e-009	0.0355713
-2.484598e-009	0.0314209
-2.459598e-009	0.0221191
-2.434598e-009	0.0323242
-2.409598e-009	0.0234863
-2.384598e-009	0.0060547
-2.359598e-009	-0.00168456
-2.334598e-009	0.00104981
-2.309598e-009	0.02229
-2.284598e-009	0.0294434
-2.259598e-009	0.0264404
-2.234598e-009	0.0330811
-2.209598e-009	0.0200684
-2.184598e-009	0.0118652
-2.159598e-009	0.0286865
-2.134598e-009	0.0310791
-2.109598e-009	0.0231445
-2.084598e-009	0.0134277
-2.059598e-009	0.0109131
-2.034598e-009	0.0286377
-2.009598e-009	0.0329102
-1.984598e-009	0.0213135
-1.959598e-009	0.0125732
-1.934598e-009	0.0140137
-1.909598e-009	0.0210205
-1.884598e-009	0.0156006
-1.859598e-009	0.0248291
-1.834598e-009	0.0243897
-1.809598e-009	0.00146485
-1.784598e-009	0.0185059
-1.759598e-009	0.0302979
-1.734598e-009	0.019043
-1.709598e-009	0.0255127
-1.684598e-009	0.0223145
-1.659598e-009	0.0183838
-1.634598e-009	0.0306885
-1.609598e-009	0.0385498
-1.584598e-009	0.023291
-1.559598e-009	0.00922852
-1.534598e-009	0.00979005
-1.509598e-009	0.00498048
-1.484598e-009	0.0149414
-1.459598e-009	0.0226807
-1.434598e-009	0.0120361
-1.409598e-009	0.0104981
-1.384598e-009	0.0190674
-1.359598e-009	0.0269287
-1.334598e-009	0.0212158
-1.309598e-009	0.0172852
-1.284598e-009	0.0270996
-1.259598e-009	0.0288086
-1.234598e-009	0.0209229
-1.209598e-009	0.0188477
-1.184598e-009	0.0196289
-1.159598e-009	0.0244873
-1.134598e-009	0.0267578
-1.109598e-009	0.0141602
-1.084598e-009	0.0170654
-1.059598e-009	0.0244141
-1.034598e-009	0.0202393
-1.009598e-009	0.0258301
-9.845982e-010	0.0220215
-9.595982e-010	0.0163574
-9.345982e-010	0.0153076
-9.095982e-010	0.0115479
-8.845982e-010	0.0177246
-8.595982e-010	0.0182617
-8.345982e-010	0.017749
-8.095982e-010	0.023584
-7.845982e-010	0.0149902
-7.595982e-010	0.0111084
-7.345982e-010	0.0192139
-7.095982e-010	0.0134033
-6.845982e-010	0.0242188
-6.595982e-010	0.0489258
-6.345982e-010	0.0417481
-6.095982e-010	0.0264893
-5.845982e-010	0.0162598
-5.595982e-010	0.0134522
-5.345982e-010	0.0229004
-5.095982e-010	0.0199951
-4.845982e-010	0.0120117
-4.595982e-010	0.0110107
-4.345982e-010	0.0108399
-4.095982e-010	0.0129395
-3.845982e-010	0.0195557
-3.595982e-010	0.0198731
-3.345982e-010	0.00644532
-3.095982e-010	-0.00776366
-2.845982e-010	-0.0236084
-2.595982e-010	-0.0344726
-2.345982e-010	-0.0410889
-2.095982e-010	-0.0665283
-1.845982e-010	-0.086792
-1.595982e-010	-0.0851318
-1.345982e-010	-0.0948486
-1.095982e-010	-0.130127
-8.459821e-011	-0.169873
-5.959821e-011	-0.186084
-3.459821e-011	-0.200659
-9.598214e-012	-0.237598
1.540179e-011	-0.262939
4.040179e-011	-0.283496
6.540179e-011	-0.31062
9.040179e-011	-0.329663
1.154018e-010	-0.351685
1.404018e-010	-0.356641
1.654018e-010	-0.366382
1.904018e-010	-0.396167
2.154018e-010	-0.397217
2.404018e-010	-0.391406
2.654018e-010	-0.391455
2.904018e-010	-0.386768
3.154018e-010	-0.382495
3.404018e-010	-0.375293
3.654018e-010	-0.372852
3.904018e-010	-0.359277
4.154018e-010	-0.347681
4.404018e-010	-0.332031
4.654018e-010	-0.297266
4.904018e-010	-0.283716
5.154018e-010	-0.277319
5.404018e-010	-0.254053
5.654018e-010	-0.230518
5.904018e-010	-0.22124
6.154018e-010	-0.196338
6.404018e-010	-0.154224
6.654018e-010	-0.14939
6.904018e-010	-0.147583
7.154018e-010	-0.119019
7.404018e-010	-0.0879639
7.654018e-010	-0.0752197
7.904018e-010	-0.0808594
8.154018e-010	-0.0620361
8.404018e-010	-0.0355713
8.654018e-010	-0.0309082
8.904018e-010	-0.0359375
9.154018e-010	-0.0312012
9.404018e-010	-0.0133301
9.654018e-010	-0.00739745
9.904018e-010	-0.00109863
1.015402e-009	0.00722657
1.040402e-009	0.0143311
1.065402e-009	0.0328125
1.090402e-009	0.0365479
1.115402e-009	0.0350586
1.140402e-009	0.0460449
1.165402e-009	0.0459229
1.190402e-009	0.042334
1.215402e-009	0.0429199
1.240402e-009	0.0408203
1.265402e-009	0.0434082
1.290402e-009	0.0344971
1.315402e-009	0.0277588
1.340402e-009	0.0440186
1.365402e-009	0.0480469
1.390402e-009	0.0368897
1.415402e-009	0.026416
1.440402e-009	0.0210938
1.465402e-009	0.0276123
1.490402e-009	0.0298096
1.515402e-009	0.0247315
1.540402e-009	0.0225586
1.565402e-009	0.0192139
1.590402e-009	0.0145508
1.615402e-009	0.0107422
1.640402e-009	0.00673829
1.665402e-009	0.00556641
1.690402e-009	-0.00253906
1.715402e-009	-0.00439452
1.740402e-009	0.0192383
1.765402e-009	0.0224365
1.790402e-009	0.00280762
1.815402e-009	0.00844727
1.840402e-009	0.024292
1.865402e-009	0.0318359
1.890402e-009	0.0268555
1.915402e-009	0.00876466
1.940402e-009	0.00234376
1.965402e-009	0.00515137
1.990402e-009	0.00458985
2.015402e-009	0.00871583
2.040402e-009	0.0163574
2.065402e-009	0.0219971
2.090402e-009	0.0235107
2.115402e-009	0.0239502
2.140402e-009	0.0249024
2.165402e-009	0.0226563
2.190402e-009	0.0224854
2.215402e-009	0.0278565
2.240402e-009	0.0273193
2.265402e-009	0.0199463
2.290402e-009	0.0254883
2.315402e-009	0.030957
2.340402e-009	0.0287598
2.365402e-009	0.0303223
2.390402e-009	0.0183594
2.415402e-009	0.019165
2.440402e-009	0.031543
2.465402e-009	0.022168
2.490402e-009	0.0280274
2.515402e-009	0.0411133
2.540402e-009	0.029541
2.565402e-009	0.015332
2.590402e-009	0.0186279
2.615402e-009	0.0213623
2.640402e-009	0.0198731
2.665402e-009	0.0335693
2.690402e-009	0.020459
2.715402e-009	0.00400391
2.740402e-009	0.03125
2.765402e-009	0.0341065
2.790402e-009	0.015918
2.815402e-009	0.0204346
2.840402e-009	0.0234375
2.865402e-009	0.0191895
2.890402e-009	0.0135986
2.915402e-009	0.0118652
2.940402e-009	0.024292
2.965402e-009	0.0268066
2.990402e-009	0.0135498
3.015402e-009	0.0168213
3.040402e-009	0.0168213
3.065402e-009	0.0011963
3.090402e-009	0.0115234
3.115402e-009	0.0349121
3.140402e-009	0.0374756
3.165402e-009	0.0361084
3.190402e-009	0.0320801
3.215402e-009	0.0185547
3.240402e-009	0.011377
3.265402e-009	0.0109863
3.290402e-009	0.0208252
3.315402e-009	0.0299072
3.340402e-009	0.0321777
3.365402e-009	0.0358643
3.390402e-009	0.0233887
3.415402e-009	0.0254639
3.440402e-009	0.0472168
3.465402e-009	0.039624
3.490402e-009	0.0250977
3.515402e-009	0.0221191
3.540402e-009	0.021167
3.565402e-009	0.0276123
3.590402e-009	0.0203125
3.615402e-009	0.011792
3.640402e-009	0.0259766
3.665402e-009	0.0287354
3.690402e-009	0.0198975
3.715402e-009	0.0189941
3.740402e-009	0.016919
3.765402e-009	0.00976563
3.790402e-009	0.00183106
3.815402e-009	0.0107666
3.840402e-009	0.0163574
3.865402e-009	0.00463868
3.890402e-009	0.00837403
3.915402e-009	0.0104736
3.940402e-009	0.000805672
3.965402e-009	-0.0106934
3.990402e-009	-0.0302978
4.015402e-009	-0.0235107
4.040402e-009	0.00715333
4.065402e-009	0.0220947
4.090402e-009	0.011084
4.115402e-009	-0.00124511
4.140402e-009	0.0161377
4.165402e-009	0.0184815
4.190402e-009	0.0106934
4.215402e-009	0.0195801
4.240402e-009	0.0102783
4.265402e-009	0.0220459
4.290402e-009	0.0381348
4.315402e-009	0.0239502
4.340402e-009	0.0243652
4.365402e-009	0.0282959
4.390402e-009	0.0258057
4.415402e-009	0.0299316
4.440402e-009	0.0428467
4.465402e-009	0.0485108
4.490402e-009	0.041626
4.515402e-009	0.0402344
4.540402e-009	0.0379883
4.565402e-009	0.0368897
4.590402e-009	0.0343018
4.615402e-009	0.0351074
4.640402e-009	0.0382568
4.665402e-009	0.0304199
4.690402e-009	0.0307129
4.715402e-009	0.0290283
4.740402e-009	0.0208984
4.765402e-009	0.0258545
4.790402e-009	0.0300537
4.815402e-009	0.0256104
4.840402e-009	0.0192871
4.865402e-009	0.0175537
4.890402e-009	0.0222412
4.915402e-009	0.0238525
4.940402e-009	0.0186768
4.965402e-009	0.00551759
4.990402e-009	0.000659187
5.015402e-009	0.00930177
5.040402e-009	0.00524903
5.065402e-009	0.00556641
5.090402e-009	0.0158936
5.115402e-009	0.0104248
5.140402e-009	0.0107178
5.165402e-009	0.0151123
5.190402e-009	0.00410157
5.215402e-009	-0.00515136
5.240402e-009	-0.00441894
5.265402e-009	0.00712891
5.290402e-009	0.0223389
5.315402e-009	0.0210693
5.340402e-009	0.00788575
5.365402e-009	0.00834962
5.390402e-009	0.023291
5.415402e-009	0.0241211
5.440402e-009	0.0100098
5.465402e-009	0.0098877
5.490402e-009	0.0102295
5.515402e-009	0.00603028
5.540402e-009	0.0312744
5.565402e-009	0.0431397
5.590402e-009	0.014209
5.615402e-009	0.0112305
5.640402e-009	0.030542
5.665402e-009	0.0267822
5.690402e-009	0.017749
5.715402e-009	0.0247315
5.740402e-009	0.0347656
5.765402e-009	0.0323731
5.790402e-009	0.0292236
5.815402e-009	0.030127
5.840402e-009	0.0290772
5.865402e-009	0.0299561
5.890402e-009	0.0287109
5.915402e-009	0.0345947
5.940402e-009	0.0485108
5.965402e-009	0.0435303
5.990402e-009	0.0209717
6.015402e-009	0.0142578
6.040402e-009	0.030127
6.065402e-009	0.0323975
6.090402e-009	0.0243652
6.115402e-009	0.0239258
6.140402e-009	0.0167481
6.165402e-009	0.0241699
6.190402e-009	0.033252
6.215402e-009	0.0142578
6.240402e-009	0.0117676
6.265402e-009	0.0233399
6.290402e-009	0.0107178
6.315402e-009	0.00358887
6.340402e-009	0.0210205
6.365402e-009	0.026294
6.390402e-009	0.00688477
6.415402e-009	0.00651856
6.440402e-009	0.0235596
6.465402e-009	0.0185547
6.490402e-009	0.0150635
6.515402e-009	0.0069336
6.540402e-009	-0.00935058
6.565402e-009	0.00991212
6.590402e-009	0.0173584
6.615402e-009	0.00424805
6.640402e-009	0.00800782
6.665402e-009	0.000805672
6.690402e-009	0.00683595
6.715402e-009	0.0253174
6.740402e-009	0.0155518
6.765402e-009	0.0107422
6.790402e-009	0.0156738
6.815402e-009	0.00546876
6.840402e-009	0.0116211
6.865402e-009	0.0247559
6.890402e-009	0.015918
6.915402e-009	0.0211182
6.940402e-009	0.0279053
6.965402e-009	0.0215088
6.990402e-009	0.0315918
7.015402e-009	0.0310791
7.040402e-009	0.0133545
7.065402e-009	0.0194824
7.090402e-009	0.0305908
7.115402e-009	0.0112549
7.140402e-009	0.0108643
7.165402e-009	0.0335449
7.190402e-009	0.0227295
7.215402e-009	0.0159912
7.240402e-009	0.0206543
7.265402e-009	0.023169
7.290402e-009	0.0336182
7.315402e-009	0.0184815
7.340402e-009	0.0165283
7.365402e-009	0.0311035
7.390402e-009	0.0197998
7.415402e-009	0.016333
7.440402e-009	0.00913087
7.465402e-009	-0.00268554
7.490402e-009	0.000366218
7.515402e-009	-0.00412597
7.540402e-009	0.00393067
7.565402e-009	0.0143311
7.590402e-009	-0.000830071
7.615402e-009	0.00351563
7.640402e-009	0.0177734
7.665402e-009	0.00456544
7.690402e-009	0.00725098
7.715402e-009	0.0282959
7.740402e-009	0.0284912
7.765402e-009	0.0185547
7.790402e-009	0.0167236
7.815402e-009	0.0206787
7.840402e-009	0.0252686
7.865402e-009	0.0236328
7.890402e-009	0.0118897
7.915402e-009	0.0135742
7.940402e-009	0.0249512
7.965402e-009	0.0200684
7.990402e-009	0.0175781
8.015402e-009	0.0226807
8.040402e-009	0.0270508
8.065402e-009	0.0265137
8.090402e-009	0.019043
8.115402e-009	0.0211182
8.140402e-009	0.0264893
8.165402e-009	0.0276367
8.190402e-009	0.0268555
8.215402e-009	0.0199463
8.240402e-009	0.0155762
8.265402e-009	0.018335
8.290402e-009	0.0181641
8.315402e-009	0.0132813
8.340402e-009	0.0210449
8.365402e-009	0.022583
8.390402e-009	0.00705567
8.415402e-009	0.0139649
8.440402e-009	0.0165772
8.465402e-009	-0.00112304
8.490402e-009	0.00263673
8.515402e-009	0.0145264
8.540402e-009	0.0205811
8.565402e-009	0.0157227
8.590402e-009	0.002417
8.615402e-009	0.0133789
8.640402e-009	0.0269531
8.665402e-009	0.020044
8.690402e-009	0.0194092
8.715402e-009	0.0170899
8.740402e-009	0.0174316
8.765402e-009	0.0226563
8.790402e-009	0.00742188
8.815402e-009	0.0144775
8.840402e-009	0.0323242
8.865402e-009	0.0270996
8.890402e-009	0.0297608
8.915402e-009	0.0217285
8.940402e-009	0.0223389
8.965402e-009	0.0295899
8.990402e-009	0.0130859
9.015402e-009	0.0132813
9.040402e-009	0.0205322
9.065402e-009	0.0286621
9.090402e-009	0.0311035
9.115402e-009	0.0195313
9.140402e-009	0.0341797
9.165402e-009	0.0375488
9.190402e-009	0.0149902
9.215402e-009	0.0224609
9.240402e-009	0.0297852
9.265402e-009	0.0125
9.290402e-009	0.0170654
9.315402e-009	0.0195068
9.340402e-009	0.0148193
9.365402e-009	0.0395264
9.390402e-009	0.0314453
9.415402e-009	0.00576173
9.440402e-009	0.0194824
9.465402e-009	0.0255371
9.490402e-009	0.0190674
9.515402e-009	0.00656739
9.540402e-009	0.00712891
9.565402e-009	0.0277344
9.590402e-009	0.0117188
9.615402e-009	0.000927742
9.640402e-009	0.00871583
9.665402e-009	0.000488289
9.690402e-009	0.0179199
9.715402e-009	0.0185303
9.740402e-009	-0.00935058
9.765402e-009	-0.00517577
9.790402e-009	0.00263673
9.815402e-009	0.00646973
9.840402e-009	0.0224121
9.865402e-009	0.0220947
9.890402e-009	0.0115723
9.915402e-009	0.0158936
9.940402e-009	0.0166992
9.965402e-009	0.0122803
9.990402e-009	0.0112549
1.00154e-008	0.00270997
1.00404e-008	0.00966798
1.00654e-008	0.0220459
1.00904e-008	0.0239746
1.01154e-008	0.0288086
1.01404e-008	0.029126
1.01654e-008	0.040332
1.01904e-008	0.0359619
1.02154e-008	0.0139649
1.02404e-008	0.019751
1.02654e-008	0.0306152
1.02904e-008	0.034668
1.03154e-008	0.0266846
1.03404e-008	0.0210938
1.03654e-008	0.0279785
1.03904e-008	0.0222656
1.04154e-008	0.0220459
1.04404e-008	0.0259033
1.04654e-008	0.0314941
1.04904e-008	0.035083
1.05154e-008	0.0214356
1.05404e-008	0.0161133
1.05654e-008	0.0196533
1.05904e-008	0.0193604
1.06154e-008	0.0203369
1.06404e-008	0.0219482
1.06654e-008	0.0185303
1.06904e-008	0.0156006
1.07154e-008	0.013208
1.07404e-008	0.0144287
1.07654e-008	0.0309815
1.07904e-008	0.0266113
1.08154e-008	0.0125732
1.08404e-008	0.0228272
1.08654e-008	0.02229
1.08904e-008	0.00925294
1.09154e-008	0.00292969
1.09404e-008	0.0182617
1.09654e-008	0.0338135
1.09904e-008	0.00805665
1.10154e-008	-0.00378417
1.10404e-008	0.0175049
1.10654e-008	0.0181885
1.10904e-008	0.0110596
1.11154e-008	0.00893555
1.11404e-008	0.0088379
1.11654e-008	0.0121338
1.11904e-008	0.00288087
1.12154e-008	0.00578614
1.12404e-008	0.0219971
1.12654e-008	0.0182373
1.12904e-008	0.0115967
1.13154e-008	0.0158447
1.13404e-008	0.0207275
1.13654e-008	0.0186279
1.13904e-008	0.0140869
1.14154e-008	0.0128174
1.14404e-008	0.0126221
1.14654e-008	0.0191162
1.14904e-008	0.0213623
1.15154e-008	0.019458
1.15404e-008	0.0250977
1.15654e-008	0.0187256
1.15904e-008	0.0105225
1.16154e-008	0.0144531
1.16404e-008	0.0179688
1.16654e-008	0.0288574
1.16904e-008	0.0217285
1.17154e-008	0.00251466
1.17404e-008	0.017334
1.17654e-008	0.0178467
1.17904e-008	-0.00170898
1.18154e-008	0.00610352
1.18404e-008	0.0145264
1.18654e-008	0.0202637
1.18904e-008	0.0178223
1.19154e-008	-0.00334472
1.19404e-008	0.00656739
1.19654e-008	0.0257324
1.19904e-008	0.002417
1.20154e-008	-0.000488274
1.20404e-008	0.0276856
1.20654e-008	0.0162109
1.20904e-008	0.00559083
1.21154e-008	0.0262207
1.21404e-008	0.030542
1.21654e-008	0.0247559
1.21904e-008	0.0277344
1.22154e-008	0.0326904
1.22404e-008	0.0295899
1.22654e-008	0.0191162
1.22904e-008	0.0212891
1.23154e-008	0.0261231
1.23404e-008	0.0215088
1.23654e-008	0.0281983
1.23904e-008	0.0287109
1.24154e-008	0.0216797
1.24404e-008	0.0266846
1.24654e-008	0.0228516
1.24904e-008	0.0265625
1.25154e-008	0.0304688
1.25404e-008	0.0230469
1.25654e-008	0.0308838
1.25904e-008	0.0251709
1.26154e-008	0.0184326
1.26404e-008	0.0268311
1.26654e-008	0.0216553
1.26904e-008	0.0224854
1.27154e-008	0.0275147
1.27404e-008	0.0257568
1.27654e-008	0.0227295
1.27904e-008	0.0174561
1.28154e-008	0.0208984
1.28404e-008	0.0224121
1.28654e-008	0.0212402
1.28904e-008	0.0247559
1.29154e-008	0.0112549
1.29404e-008	0.000415047
1.29654e-008	0.0115967
1.29904e-008	0.0148438
1.30154e-008	0.011792
1.30404e-008	0.0141846
1.30654e-008	0.0178711
1.30904e-008	0.0210205
1.31154e-008	0.0128174
1.31404e-008	0.00876466
1.31654e-008	0.0184082
1.31904e-008	0.0202881
1.32154e-008	0.0191162
1.32404e-008	0.0202149
1.32654e-008	0.018335
1.32904e-008	0.0224121
1.33154e-008	0.0227295
1.33404e-008	0.0150635
1.33654e-008	0.0128906
1.33904e-008	0.0171387
1.34154e-008	0.0232666
1.34404e-008	0.0218018
1.34654e-008	0.0177734
1.34904e-008	0.0150147
1.35154e-008	0.0158447
1.35404e-008	0.024585
1.35654e-008	0.0218262
1.35904e-008	0.0164307
1.36154e-008	0.0228516
1.36404e-008	0.0303223
1.36654e-008	0.0311035
1.36904e-008	0.0258789
1.37154e-008	0.0260498
1.37404e-008	0.0322022
1.37654e-008	0.029541
1.37904e-008	0.0116455
1.38154e-008	0.0164307
1.38404e-008	0.0337647
1.38654e-008	0.0195068
1.38904e-008	0.0178223
1.39154e-008	0.0211182
1.39404e-008	0.012915
1.39654e-008	0.0221191
1.39904e-008	0.0207031
1.40154e-008	0.0199951
1.40404e-008	0.0215332
1.40654e-008	0.0084961
1.40904e-008	0.0125977
1.41154e-008	0.0117188
1.41404e-008	0.00644532
1.41654e-008	0.0209473
1.41904e-008	0.00932618
1.42154e-008	-0.00771484
1.42404e-008	0.0165283
1.42654e-008	0.0225098
1.42904e-008	0.00527345
1.43154e-008	0.0169922
1.43404e-008	0.0292236
1.43654e-008	0.0187256
1.43904e-008	0.00144044
1.44154e-008	-0.00292968
1.44404e-008	0.00759278
1.44654e-008	0.018335
1.44904e-008	0.0286133
1.45154e-008	0.0191162
1.45404e-008	0.00959473
1.45654e-008	0.0286133
1.45904e-008	0.0243897
1.46154e-008	0.00954591
1.46404e-008	0.0297852
1.46654e-008	0.038208
1.46904e-008	0.023291
1.47154e-008	0.0186279
1.47404e-008	0.0222412
1.47654e-008	0.0233887
1.47904e-008	0.0140137
1.48154e-008	0.0141357
1.48404e-008	0.0262695
1.48654e-008	0.0226807
1.48904e-008	0.0243408
1.49154e-008	0.029126
1.49404e-008	0.0243408
1.49654e-008	0.0347168
1.49904e-008	0.0338623
1.50154e-008	0.0175537
1.50404e-008	0.0197998
1.50654e-008	0.0230469
1.50904e-008	0.0169434
1.51154e-008	0.0114502
1.51404e-008	0.017749
1.51654e-008	0.0311768
1.51904e-008	0.0249024
1.52154e-008	0.0155029
1.52404e-008	0.0187012
1.52654e-008	0.0186035
1.52904e-008	0.0105469
1.53154e-008	0.00549317
1.53404e-008	0.0246582
1.53654e-008	0.0350586
1.53904e-008	0.00395509
1.54154e-008	-0.00180663
1.54404e-008	0.0319824
1.54654e-008	0.0243897
1.54904e-008	0.00263673
1.55154e-008	0.0150147
1.55404e-008	0.0127441
1.55654e-008	0.00314942
1.55904e-008	0.00307618
1.56154e-008	0.00524903
1.56404e-008	0.0232178
1.56654e-008	0.0213135
1.56904e-008	0.00903321
1.57154e-008	0.0225586
1.57404e-008	0.0305664
1.57654e-008	0.026416
1.57904e-008	0.0249268
1.58154e-008	0.0185791
1.58404e-008	0.0110352
1.58654e-008	0.0156006
1.58904e-008	0.027124
1.59154e-008	0.0288086
1.59404e-008	0.0278809
1.59654e-008	0.0249756
1.59904e-008	0.0114014
1.60154e-008	0.0166748
1.60404e-008	0.0233154
1.60654e-008	0.00666505
1.60904e-008	0.0205811
1.61154e-008	0.0369141
1.61404e-008	0.0174561
1.61654e-008	0.0188965
1.61904e-008	0.0311279
1.62154e-008	0.0253906
1.62404e-008	0.0192139
1.62654e-008	0.0138184
1.62904e-008	0.0189941
1.63154e-008	0.0228027
1.63404e-008	0.0171387
1.63654e-008	0.0254639
1.63904e-008	0.0223145
1.64154e-008	0.0136231
1.64404e-008	0.0289307
1.64654e-008	0.0288086
1.64904e-008	0.0100098
1.65154e-008	0.00620118
1.65404e-008	0.0157227
1.65654e-008	0.0211182
1.65904e-008	0.0165527
1.66154e-008	0.00661622
1.66404e-008	0.00495606
1.66654e-008	0.0193115
1.66904e-008	0.0155762
1.67154e-008	0.00297852
1.67404e-008	0.0188232
1.67654e-008	0.0235596
1.67904e-008	0.00700684
1.68154e-008	0.0140869
1.68404e-008	0.0278809
1.68654e-008	0.0173584
1.68904e-008	0.0131836
1.69154e-008	0.0208008
1.69404e-008	0.019043
1.69654e-008	0.018457
1.69904e-008	0.0186768
1.70154e-008	0.0203369
1.70404e-008	0.0200684
1.70654e-008	0.0172363
1.70904e-008	0.0240967
1.71154e-008	0.0208252
1.71404e-008	0.0155274
1.71654e-008	0.0272217
1.71904e-008	0.0261231
1.72154e-008	0.0178467
1.72404e-008	0.0221924
1.72654e-008	0.0211426
1.72904e-008	0.0166992
1.73154e-008	0.0109375
1.73404e-008	0.0151856
1.73654e-008	0.0265137
1.73904e-008	0.00756837
1.74154e-008	0.00202637
1.74404e-008	0.0137695
1.74654e-008	0.000903328
1.74904e-008	0.00590821
1.75154e-008	0.0145752
1.75404e-008	0.0180664
1.75654e-008	0.022876
1.75904e-008	-0.00144042
1.76154e-008	-0.00354003
1.76404e-008	0.0168457
1.76654e-008	0.0205566
1.76904e-008	0.0240479
1.77154e-008	0.0180664
1.77404e-008	0.013916
1.77654e-008	0.0173584
1.77904e-008	0.0121582
1.78154e-008	0.0155518
1.78404e-008	0.0217285
1.78654e-008	0.0121826
1.78904e-008	0.0114258
1.79154e-008	0.0213379
1.79404e-008	0.0180908
1.79654e-008	0.0125244
1.79904e-008	0.00327149
1.80154e-008	-0.00166015
1.80404e-008	0.0163818
1.80654e-008	0.0290527
1.80904e-008	0.0239502
1.81154e-008	0.010791
1.81404e-008	0.0130859
1.81654e-008	0.0367188
1.81904e-008	0.0399658
1.82154e-008	0.0310791
1.82404e-008	0.0259522
1.82654e-008	0.0164551
1.82904e-008	0.0196289
1.83154e-008	0.0208984
1.83404e-008	0.0199707
1.83654e-008	0.0237549
1.83904e-008	0.0166016
1.84154e-008	0.0143799
1.84404e-008	0.0143799
1.84654e-008	0.0185791
1.84904e-008	0.0262207
1.85154e-008	0.0213867
1.85404e-008	0.0269287
1.85654e-008	0.0307129
1.85904e-008	0.0157959
1.86154e-008	0.0119385
1.86404e-008	0.021875
1.86654e-008	0.0260498
1.86904e-008	0.0170166
1.87154e-008	0.00131837
1.87404e-008	-0.00148925
1.87654e-008	0.0153565
1.87904e-008	0.0291016
1.88154e-008	0.0223633
1.88404e-008	0.014502
1.88654e-008	0.0176758
1.88904e-008	0.00185548
1.89154e-008	-0.015918
1.89404e-008	0.00612794
1.89654e-008	0.0232666
1.89904e-008	0.0180176
1.90154e-008	0.0148438
1.90404e-008	0.00908204
1.90654e-008	0.020874
1.90904e-008	0.0310547
1.91154e-008	0.0177979
1.91404e-008	0.021582
1.91654e-008	0.0310059
1.91904e-008	0.0226563
1.92154e-008	0.0130615
1.92404e-008	0.011792
1.92654e-008	0.019165
1.92904e-008	0.0276856
1.93154e-008	0.0324707
1.93404e-008	0.0259033
1.93654e-008	0.0245606
1.93904e-008	0.0233887
1.94154e-008	0.00471192
1.94404e-008	0.0123291
1.94654e-008	0.0218262
1.94904e-008	0.0158203
1.95154e-008	0.0351807
1.95404e-008	0.0416504
1.95654e-008	0.0248047
1.95904e-008	0.0132813
1.96154e-008	0.012915
1.96404e-008	0.0238525
1.96654e-008	0.0248291
1.96904e-008	0.00922852
1.97154e-008	0.0123291
1.97404e-008	0.0425537
1.97654e-008	0.0441162
1.97904e-008	0.0223145
1.98154e-008	0.0210938
1.98404e-008	0.0247803
1.98654e-008	0.0227783
1.98904e-008	0.0221924
1.99154e-008	0.021167
1.99404e-008	0.0198486
1.99654e-008	0.0218262
1.99904e-008	0.0107178
2.00154e-008	0.002417
2.00404e-008	0.0134277
2.00654e-008	0.00778809
2.00904e-008	0.00590821
2.01154e-008	0.0114502
2.01404e-008	0.0112061
2.01654e-008	0.0255127
2.01904e-008	0.0154541
2.02154e-008	0.00390626
2.02404e-008	0.021167
2.02654e-008	0.0138916
2.02904e-008	0.0104736
2.03154e-008	0.0286133
2.03404e-008	0.0282471
2.03654e-008	0.0307861
2.03904e-008	0.0346191
2.04154e-008	0.021582
2.04404e-008	0.0163818
2.04654e-008	0.0183594
2.04904e-008	0.0212158
2.05154e-008	0.0227295
2.05404e-008	0.0218506
2.05654e-008	0.0232178
2.05904e-008	0.0100342
2.06154e-008	0.0115967
2.06404e-008	0.0377441
2.06654e-008	0.0333008
2.06904e-008	0.0200684
2.07154e-008	0.0255127
2.07404e-008	0.0304443
2.07654e-008	0.0329834
2.07904e-008	0.0186279
2.08154e-008	0.0133301
2.08404e-008	0.0261475
2.08654e-008	0.0199707
2.08904e-008	0.0161133
2.09154e-008	0.0101318
2.09404e-008	0.0114502
2.09654e-008	0.0309815
2.09904e-008	0.00705567
2.10154e-008	-0.00495605
2.10404e-008	0.0238281
2.10654e-008	0.017334
2.10904e-008	0.0150879
2.11154e-008	0.0234863
2.11404e-008	0.0156982
2.11654e-008	0.0267334
2.11904e-008	0.026709
2.12154e-008	0.014624
2.12404e-008	0.0229248
2.12654e-008	0.0181397
2.12904e-008	0.00756837
2.13154e-008	0.0132568
2.13404e-008	0.0141602
2.13654e-008	0.0161377
2.13904e-008	0.0209229
2.14154e-008	0.0199707
2.14404e-008	0.0196777
2.14654e-008	0.0150147
2.14904e-008	0.0169434
2.15154e-008	0.0256348
2.15404e-008	0.0222656
2.15654e-008	0.0116943
2.15904e-008	0.00178223
2.16154e-008	0.00664063
2.16404e-008	0.0192383
2.16654e-008	0.0215088
2.16904e-008	0.0215088
2.17154e-008	0.0113037
2.17404e-008	0.0108399
2.17654e-008	0.0268066
2.17904e-008	0.0120361
2.18154e-008	0.00446778
2.18404e-008	0.0243164
2.18654e-008	0.0211914
2.18904e-008	0.0199463
2.19154e-008	0.0271973
2.19404e-008	0.0283203
2.19654e-008	0.0243897
2.19904e-008	0.00434571
2.20154e-008	0.00583497
2.20404e-008	0.0197998
2.20654e-008	0.0182861
2.20904e-008	0.0200684
2.21154e-008	0.0144043
2.21404e-008	0.0196289
2.21654e-008	0.0283203
2.21904e-008	0.0142578
2.22154e-008	0.0150879
2.22404e-008	0.0137207
2.22654e-008	0.00344239
2.22904e-008	0.021167
2.23154e-008	0.031665
2.23404e-008	0.0196533
2.23654e-008	0.0181397
2.23904e-008	0.0201416
2.24154e-008	0.0151123
2.24404e-008	0.0145752
2.24654e-008	0.0123779
2.24904e-008	0.0103516
2.25154e-008	0.0174561
2.25404e-008	0.0238037
2.25654e-008	0.0252686
2.25904e-008	0.0205566
2.26154e-008	0.0173828
2.26404e-008	0.0184082
2.26654e-008	0.0129639
2.26904e-008	-0.00109863
2.27154e-008	-0.00495605
2.27404e-008	0.0145996
2.27654e-008	0.0268555
2.27904e-008	0.0260498
2.28154e-008	0.0236572
2.28404e-008	0.0249024
2.28654e-008	0.0361328
2.28904e-008	0.0294678
2.29154e-008	0.0167725
2.29404e-008	0.0211914
2.29654e-008	0.0287354
2.29904e-008	0.0295899
2.30154e-008	0.0236816
2.30404e-008	0.0215576
2.30654e-008	0.0176758
2.30904e-008	0.0181641
2.31154e-008	0.0208984
2.31404e-008	0.0203369
2.31654e-008	0.0231201
2.31904e-008	0.0178223
2.32154e-008	0.0205322
2.32404e-008	0.0222656
2.32654e-008	0.0125
2.32904e-008	0.0145508
2.33154e-008	0.0136719
2.33404e-008	0.0128418
2.33654e-008	0.0191895
2.33904e-008	0.0120361
2.34154e-008	0.012085
2.34404e-008	0.0258301
2.34654e-008	0.0152588
2.34904e-008	0.00563966
2.35154e-008	0.0198242
2.35404e-008	0.0209961
2.35654e-008	0.014917
2.35904e-008	0.0150391
2.36154e-008	0.01604
2.36404e-008	0.0230713
2.36654e-008	0.0276123
2.36904e-008	0.0147217
2.37154e-008	0.0052002
2.37404e-008	0.0219238
2.37654e-008	0.0251221
2.37904e-008	0.00805665
2.38154e-008	0.00986329
2.38404e-008	0.0211426
2.38654e-008	0.0246582
2.38904e-008	0.0244141
2.39154e-008	0.0229736
2.39404e-008	0.0297852
2.39654e-008	0.0387451
2.39904e-008	0.0258789
2.40154e-008	0.0169922
2.40404e-008	0.0222168
2.40654e-008	0.0195068
2.40904e-008	0.0290283
2.41154e-008	0.029541
2.41404e-008	0.0217041
2.41654e-008	0.0343506
2.41904e-008	0.0269287
2.42154e-008	0.0192871
2.42404e-008	0.0279785
2.42654e-008	0.0201416
2.42904e-008	0.0275635
2.43154e-008	0.0310791
2.43404e-008	0.00964356
2.43654e-008	0.0206543
2.43904e-008	0.0274658
2.44154e-008	0.00495606
2.44404e-008	0.0160645
2.44654e-008	0.0297852
2.44904e-008	0.0203125
2.45154e-008	0.0278809
2.45404e-008	0.023584
2.45654e-008	0.00239259
2.45904e-008	0.012207
2.46154e-008	0.0213135
2.46404e-008	0.0113037
2.46654e-008	0.0195557
2.46904e-008	0.0249756
2.47154e-008	0.021582
2.47404e-008	0.0212402
2.47654e-008	0.013501
2.47904e-008	0.0220947
2.48154e-008	0.0298828
2.48404e-008	0.0188477
2.48654e-008	0.0180176
2.48904e-008	0.0182373
2.49154e-008	0.0127441
2.49404e-008	0.0149902
2.49654e-008	0.0166504
2.49904e-008	0.0067627
2.50154e-008	-0.00156249
2.50404e-008	-0.00407714
2.50654e-008	-0.0034912
2.50904e-008	0.0152832
2.51154e-008	0.0279297
2.51404e-008	0.0261475
2.51654e-008	0.028833
2.51904e-008	0.0127197
2.52154e-008	0.00827637
2.52404e-008	0.0324463
2.52654e-008	0.0229492
2.52904e-008	0.00476075
2.53154e-008	0.0188477
2.53404e-008	0.0316895
2.53654e-008	0.0348145
2.53904e-008	0.0251221
2.54154e-008	0.0121094
2.54404e-008	0.0186279
2.54654e-008	0.0236328
2.54904e-008	0.0268555
2.55154e-008	0.0289307
2.55404e-008	0.0209229
2.55654e-008	0.024585
2.55904e-008	0.0203857
2.56154e-008	0.0116943
2.56404e-008	0.0247559
2.56654e-008	0.0322998
2.56904e-008	0.031958
2.57154e-008	0.0257813
2.57404e-008	0.0155762
2.57654e-008	0.0172363
2.57904e-008	0.0147949
2.58154e-008	0.011499
2.58404e-008	0.0195557
2.58654e-008	0.0270264
2.58904e-008	0.0232666
2.59154e-008	0.0175293
2.59404e-008	0.0256836
2.59654e-008	0.026294
2.59904e-008	0.0212647
2.60154e-008	0.0194336
2.60404e-008	0.00434571
2.60654e-008	0.00793458
2.60904e-008	0.0151611
2.61154e-008	-0.00175781
2.61404e-008	0.00617677
2.61654e-008	0.0219727
2.61904e-008	0.00769044
2.62154e-008	0.00712891
2.62404e-008	0.0270264
2.62654e-008	0.021167
2.62904e-008	0.00698243
2.63154e-008	0.0181397
2.63404e-008	0.0331299
2.63654e-008	0.0320313
2.63904e-008	0.0227051
2.64154e-008	0.0195313
2.64404e-008	0.0183106
2.64654e-008	0.0166992
2.64904e-008	0.0191895
2.65154e-008	0.0220703
2.65404e-008	0.0229004
2.65654e-008	0.0174561
2.65904e-008	0.0219727
2.66154e-008	0.0277588
2.66404e-008	0.0148682
2.66654e-008	0.014502
2.66904e-008	0.0237793
2.67154e-008	0.0219971
2.67404e-008	0.0214111
2.67654e-008	0.0269043
2.67904e-008	0.0311524
2.68154e-008	0.024292
2.68404e-008	0.0219727
2.68654e-008	0.0182373
2.68904e-008	0.00395509
2.69154e-008	0.0168945
2.69404e-008	0.0361084
2.69654e-008	0.0218994
2.69904e-008	0.00737305
2.70154e-008	0.0144775
2.70404e-008	0.017627
2.70654e-008	0.0206787
2.70904e-008	0.0351318
2.71154e-008	0.0236328
2.71404e-008	0.0091797
2.71654e-008	0.0196533
2.71904e-008	0.0106445
2.72154e-008	0.00620118
2.72404e-008	0.0234863
2.72654e-008	0.0257324
2.72904e-008	0.0199219
2.73154e-008	0.00764161
2.73404e-008	0.0058838
2.73654e-008	0.019165
2.73904e-008	0.0147217
2.74154e-008	0.0186524
2.74404e-008	0.0271729
2.74654e-008	0.0180908
2.74904e-008	0.0217285
2.75154e-008	0.022876
2.75404e-008	0.0219482
2.75654e-008	0.0236084
2.75904e-008	0.00908204
2.76154e-008	0.00747071
2.76404e-008	0.0176025
2.76654e-008	0.0263428
2.76904e-008	0.0231445
2.77154e-008	0.0149414
2.77404e-008	0.0310791
2.77654e-008	0.0291748
2.77904e-008	0.0173096
2.78154e-008	0.0214844
2.78404e-008	0.0126221
2.78654e-008	0.0177246
2.78904e-008	0.0226074
2.79154e-008	0.0144043
2.79404e-008	0.0255127
2.79654e-008	0.0297363
2.79904e-008	0.0233887
2.80154e-008	0.0210449
2.80404e-008	0.0179443
2.80654e-008	0.0147217
2.80904e-008	0.0112061
2.81154e-008	0.0166504
2.81404e-008	0.0237793
2.81654e-008	0.0194336
2.81904e-008	0.0115234
2.82154e-008	0.0170654
2.82404e-008	0.0317383
2.82654e-008	0.0344483
2.82904e-008	0.0318359
2.83154e-008	0.03125
2.83404e-008	0.0359619
2.83654e-008	0.032251
2.83904e-008	0.0057129
2.84154e-008	0.0043213
2.84404e-008	0.0209473
2.84654e-008	0.0190918
2.84904e-008	0.0290039
2.85154e-008	0.0296143
2.85404e-008	0.02146
2.85654e-008	0.0363281
2.85904e-008	0.0276367
2.86154e-008	0.0128174
2.86404e-008	0.0212647
2.86654e-008	0.0173584
2.86904e-008	0.0218018
2.87154e-008	0.0235107
2.87404e-008	0.0205811
2.87654e-008	0.0443604
2.87904e-008	0.0279785
2.88154e-008	0.00422364
2.88404e-008	0.0333008
2.88654e-008	0.0359863
2.88904e-008	0.0243408
2.89154e-008	0.0241943
2.89404e-008	0.0135498
2.89654e-008	0.0230957
2.89904e-008	0.0179443
2.90154e-008	0.00283204
2.90404e-008	0.026001
2.90654e-008	0.0281006
2.90904e-008	0.0170654
2.91154e-008	0.0252197
2.91404e-008	0.019458
2.91654e-008	0.0172607
2.91904e-008	0.00812989
2.92154e-008	-9.76488e-005
2.92404e-008	0.0201172
2.92654e-008	0.0290283
2.92904e-008	0.0253418
2.93154e-008	0.0171387
2.93404e-008	0.0109619
2.93654e-008	0.0189209
2.93904e-008	0.0189453
2.94154e-008	0.0133545
2.94404e-008	0.0112305
2.94654e-008	0.014917
2.94904e-008	0.0272461
2.95154e-008	0.0240234
2.95404e-008	0.0108154
2.95654e-008	0.0125977
2.95904e-008	0.008667
2.96154e-008	0.0109619
2.96404e-008	0.0268799
2.96654e-008	0.0221191
2.96904e-008	0.0163086
2.97154e-008	0.014502
2.97404e-008	0.0240479
2.97654e-008	0.0390869
2.97904e-008	0.0162354
2.98154e-008	0.00854493
2.98404e-008	0.0269043
2.98654e-008	0.0261963
2.98904e-008	0.0304932
2.99154e-008	0.0328125
2.99404e-008	0.0323731
2.99654e-008	0.0400635
2.99904e-008	0.0334229
3.00154e-008	0.0295166
3.00404e-008	0.0272705
3.00654e-008	0.0182861
3.00904e-008	0.0275391
3.01154e-008	0.0201172
3.01404e-008	0.00825196
3.01654e-008	0.0324219
3.01904e-008	0.0313477
3.02154e-008	0.0140869
3.02404e-008	0.0232422
3.02654e-008	0.0149658
3.02904e-008	0.00368653
3.03154e-008	0.0237305
3.03404e-008	0.0270264
3.03654e-008	0.0144531
3.03904e-008	0.0233643
3.04154e-008	0.0227051
3.04404e-008	0.0185547
3.04654e-008	0.0270752
3.04904e-008	0.0206299
3.05154e-008	0.00820313
3.05404e-008	0.0098877
3.05654e-008	0.0217285
3.05904e-008	0.0206543
3.06154e-008	0.0147461
3.06404e-008	0.0216309
3.06654e-008	0.0271729
3.06904e-008	0.0299316
3.07154e-008	0.0189941
3.07404e-008	0.00886231
3.07654e-008	0.00957032
3.07904e-008	-0.00231933
3.08154e-008	0.00996095
3.08404e-008	0.0324463
3.08654e-008	0.0213623
3.08904e-008	0.0170654
3.09154e-008	0.0172607
3.09404e-008	0.0160889
3.09654e-008	0.0259522
3.09904e-008	0.0206543
3.10154e-008	0.0187988
3.10404e-008	0.023584
3.10654e-008	0.0219727
3.10904e-008	0.0248047
3.11154e-008	0.0154785
3.11404e-008	0.0146973
3.11654e-008	0.0268799
3.11904e-008	0.0111328
3.12154e-008	0.00136719
3.12404e-008	0.0319336
3.12654e-008	0.0406494
3.12904e-008	0.0144531
3.13154e-008	0.0182861
3.13404e-008	0.0303223
3.13654e-008	0.0219727
3.13904e-008	0.0214844
3.14154e-008	0.0205811
3.14404e-008	0.0180664
3.14654e-008	0.0207031
3.14904e-008	0.0263184
3.15154e-008	0.0286621
3.15404e-008	0.0227051
3.15654e-008	0.0213135
3.15904e-008	0.015625
3.16154e-008	0.0199219
3.16404e-008	0.0310791
3.16654e-008	0.0143311
3.16904e-008	0.0143799
3.17154e-008	0.0333252
3.17404e-008	0.0288086
3.17654e-008	0.0187256
3.17904e-008	0.0139404
3.18154e-008	0.0248535
3.18404e-008	0.0306397
3.18654e-008	0.0173584
3.18904e-008	0.0238037
3.19154e-008	0.0276123
3.19404e-008	0.022876
3.19654e-008	0.0319824
3.19904e-008	0.02771
3.20154e-008	0.0216309
3.20404e-008	0.0190674
3.20654e-008	0.0143555
3.20904e-008	0.0212402
3.21154e-008	0.0178711
3.21404e-008	0.0179199
3.21654e-008	0.0280762
3.21904e-008	0.0198486
3.22154e-008	0.020044
3.22404e-008	0.0320313
3.22654e-008	0.0330078
3.22904e-008	0.0273438
3.23154e-008	0.0210449
3.23404e-008	0.0272949
3.23654e-008	0.0325195
3.23904e-008	0.0292236
3.24154e-008	0.0262695
3.24404e-008	0.0147949
3.24654e-008	0.0178223
3.24904e-008	0.0245606
3.25154e-008	0.00485841
3.25404e-008	0.00620118
3.25654e-008	0.0231445
3.25904e-008	0.0190674
3.26154e-008	0.0186279
3.26404e-008	0.0163818
3.26654e-008	0.0147949
3.26904e-008	0.0204346
3.27154e-008	0.0138672
3.27404e-008	0.0185547
3.27654e-008	0.0361572
3.27904e-008	0.0378174
3.28154e-008	0.0225586
3.28404e-008	0.0175781
3.28654e-008	0.0347412
3.28904e-008	0.0316162
3.29154e-008	0.0157715
3.29404e-008	0.0244385
3.29654e-008	0.0265869
3.29904e-008	0.0200928
3.30154e-008	0.0252441
3.30404e-008	0.019165
3.30654e-008	0.00854493
3.30904e-008	0.0218506
3.31154e-008	0.0267334
3.31404e-008	0.0170654
3.31654e-008	0.02146
3.31904e-008	0.0127441
3.32154e-008	0.0081543
3.32404e-008	0.0172607
3.32654e-008	0.0118652
3.32904e-008	0.0202881
3.33154e-008	0.026001
3.33404e-008	0.0217285
3.33654e-008	0.0259766
3.33904e-008	0.0127197
3.34154e-008	0.0102539
3.34404e-008	0.0265381
3.34654e-008	0.0289307
3.34904e-008	0.0322266
3.35154e-008	0.0224365
3.35404e-008	0.00808106
3.35654e-008	0.0239746
3.35904e-008	0.0273438
3.36154e-008	0.0156006
3.36404e-008	0.0216797
3.36654e-008	0.0220459
3.36904e-008	0.0207031
3.37154e-008	0.0241211
3.37404e-008	0.0190674
3.37654e-008	0.0168457
3.37904e-008	0.0171631
3.38154e-008	0.0161133
3.38404e-008	0.0212647
3.38654e-008	0.0246826
3.38904e-008	0.0191895
3.39154e-008	0.0158936
3.39404e-008	0.0226807
3.39654e-008	0.0263916
3.39904e-008	0.00944825
3.40154e-008	-0.000268547
3.40404e-008	0.0147461
3.40654e-008	0.0229981
3.40904e-008	0.0276611
3.41154e-008	0.0256348
3.41404e-008	0.0191406
3.41654e-008	0.0354736
3.41904e-008	0.0302979
3.42154e-008	0.0101074
3.42404e-008	0.0229981
3.42654e-008	0.0285156
3.42904e-008	0.0271484
3.43154e-008	0.0308594
3.43404e-008	0.0226807
3.43654e-008	0.0175049
3.43904e-008	0.00732423
3.44154e-008	0.0111328
3.44404e-008	0.0300781
3.44654e-008	0.0162842
3.44904e-008	0.00637208
3.45154e-008	0.0282959
3.45404e-008	0.04021
3.45654e-008	0.0283936
3.45904e-008	0.00947266
3.46154e-008	0.00603028
3.46404e-008	0.0154053
3.46654e-008	0.0234375
3.46904e-008	0.0215088
3.47154e-008	0.0115479
3.47404e-008	0.0212158
3.47654e-008	0.0310059
3.47904e-008	0.0252197
3.48154e-008	0.0260986
3.48404e-008	0.0191895
3.48654e-008	0.0178955
3.48904e-008	0.0239258
3.49154e-008	0.0203125
3.49404e-008	0.0299316
3.49654e-008	0.0310303
3.49904e-008	0.0171143
3.50154e-008	0.0186768
3.50404e-008	0.0181885
3.50654e-008	0.00854493
3.50904e-008	0.018457
3.51154e-008	0.0213135
3.51404e-008	0.00927735
3.51654e-008	0.0273926
3.51904e-008	0.0285156
3.52154e-008	0.00964356
3.52404e-008	0.0196045
3.52654e-008	0.0224854
3.52904e-008	0.0205566
3.53154e-008	0.0323242
3.53404e-008	0.0361328
3.53654e-008	0.0140869
3.53904e-008	-0.00100097
3.54154e-008	0.017749
3.54404e-008	0.0286133
3.54654e-008	0.0240234
3.54904e-008	0.0181885
3.55154e-008	0.0216797
3.55404e-008	0.0330078
3.55654e-008	0.0272949
3.55904e-008	0.0127441
3.56154e-008	0.0105713
3.56404e-008	0.0278076
3.56654e-008	0.0323242
3.56904e-008	0.0175781
3.57154e-008	0.0220215
3.57404e-008	0.0312012
3.57654e-008	0.0324463
3.57904e-008	0.0221924
3.58154e-008	0.00937501
3.58404e-008	0.0259033
3.58654e-008	0.0281494
3.58904e-008	0.0129639
3.59154e-008	0.0251953
3.59404e-008	0.0288086
3.59654e-008	0.0172363
3.59904e-008	0.0134766
3.60154e-008	0.0179199
3.60404e-008	0.0339844
3.60654e-008	0.0369873
3.60904e-008	0.0208252
3.61154e-008	0.00981446
3.61404e-008	0.0177002
3.61654e-008	0.0284668
3.61904e-008	0.0178223
3.62154e-008	0.0136963
3.62404e-008	0.0288574
3.62654e-008	0.0321533
3.62904e-008	0.0250733
3.63154e-008	0.0218506
3.63404e-008	0.0204102
3.63654e-008	0.0250244
3.63904e-008	0.025708
3.64154e-008	0.014502
3.64404e-008	0.0170654
3.64654e-008	0.0207764
3.64904e-008	0.011792
3.65154e-008	0.0111084
3.65404e-008	0.0192871
3.65654e-008	0.0352295
3.65904e-008	0.0294922
3.66154e-008	0.00930177
3.66404e-008	0.0192383
3.66654e-008	0.0295654
3.66904e-008	0.0198731
3.67154e-008	0.0116211
3.67404e-008	0.0250733
3.67654e-008	0.0416504
3.67904e-008	0.0322754
3.68154e-008	0.0293457
3.68404e-008	0.0367432
3.68654e-008	0.0314453
3.68904e-008	0.0231201
3.69154e-008	0.0156738
3.69404e-008	0.0168457
3.69654e-008	0.0283447
3.69904e-008	0.0246338
3.70154e-008	0.0104248
3.70404e-008	0.015332
3.70654e-008	0.0259522
3.70904e-008	0.0294922
3.71154e-008	0.0287354
3.71404e-008	0.0286621
3.71654e-008	0.0350098
3.71904e-008	0.0297363
3.72154e-008	0.0228272
3.72404e-008	0.0199707
3.72654e-008	0.00895997
3.72904e-008	0.0122803
3.73154e-008	0.0246826
3.73404e-008	0.026294
3.73654e-008	0.0251465
3.73904e-008	0.0246826
3.74154e-008	0.0239014
3.74404e-008	0.0263428
3.74654e-008	0.0287109
3.74904e-008	0.0225342
3.75154e-008	0.0185059
3.75404e-008	0.0290772
3.75654e-008	0.0300049
3.75904e-008	0.0135986
3.76154e-008	0.0142822
3.76404e-008	0.0230225
3.76654e-008	0.0167236
3.76904e-008	0.0170899
3.77154e-008	0.0225098
3.77404e-008	0.0131104
3.77654e-008	0.0124756
3.77904e-008	0.0263184
3.78154e-008	0.0288818
3.78404e-008	0.0275635
3.78654e-008	0.0218506
3.78904e-008	0.0143799
3.79154e-008	0.0203857
3.79404e-008	0.0256348
3.79654e-008	0.0314697
3.79904e-008	0.0321777
3.80154e-008	0.0187256
3.80404e-008	0.0162598
3.80654e-008	0.0293457
3.80904e-008	0.0374756
3.81154e-008	0.025415
3.81404e-008	0.0147705
3.81654e-008	0.0199463
3.81904e-008	0.0157227
3.82154e-008	0.0162354
3.82404e-008	0.027832
3.82654e-008	0.0252686
3.82904e-008	0.024292
3.83154e-008	0.0318848
3.83404e-008	0.0232666
3.83654e-008	0.019165
3.83904e-008	0.0335693
3.84154e-008	0.0193604
3.84404e-008	0.00688477
3.84654e-008	0.0297119
3.84904e-008	0.0328613
3.85154e-008	0.023291
3.85404e-008	0.0270264
3.85654e-008	0.0329102
3.85904e-008	0.0253906
3.86154e-008	0.0237305
3.86404e-008	0.0420654
3.86654e-008	0.029419
3.86904e-008	0.020874
3.87154e-008	0.0370606
3.87404e-008	0.0303955
3.87654e-008	0.0246094
3.87904e-008	0.016626
3.88154e-008	0.0128662
3.88404e-008	0.020044
3.88654e-008	0.0183594
3.88904e-008	0.0295166
3.89154e-008	0.0248535
3.89404e-008	0.0117432
3.89654e-008	0.0295166
3.89904e-008	0.0261231
3.90154e-008	0.012085
3.90404e-008	0.0259033
3.90654e-008	0.0254639
3.90904e-008	0.0138428
3.91154e-008	0.0170654
3.91404e-008	0.0252197
3.91654e-008	0.0244141
3.91904e-008	0.0176025
3.92154e-008	0.0213623
3.92404e-008	0.0235107
3.92654e-008	0.0224854
3.92904e-008	0.0134033
3.93154e-008	0.00292969
3.93404e-008	0.0238281
3.93654e-008	0.0300537
3.93904e-008	0.00876466
3.94154e-008	0.00539552
3.94404e-008	0.0106934
3.94654e-008	0.0173828
3.94904e-008	0.021167
3.95154e-008	0.0178955
3.95404e-008	0.0239258
3.95654e-008	0.036792
3.95904e-008	0.0359131
3.96154e-008	0.0190918
3.96404e-008	0.0101318
3.96654e-008	0.0191162
3.96904e-008	0.0269531
3.97154e-008	0.0237549
3.97404e-008	0.0255615
3.97654e-008	0.0234863
3.97904e-008	0.0148682
3.98154e-008	0.020459
3.98404e-008	0.0204834
3.98654e-008	0.0191162
3.98904e-008	0.0242432
3.99154e-008	0.0165039
3.99404e-008	0.0225586
3.99654e-008	0.034668
3.99904e-008	0.0235596
4.00154e-008	0.0147217
4.00404e-008	0.0202881
4.00654e-008	0.0271973
4.00904e-008	0.0239258
4.01154e-008	0.0162842
4.01404e-008	0.0242676
4.01654e-008	0.0286377
4.01904e-008	0.0151856
4.02154e-008	0.0157227
4.02404e-008	0.0225098
4.02654e-008	0.0234375
4.02904e-008	0.0314697
4.03154e-008	0.0278809
4.03404e-008	0.0285645
4.03654e-008	0.0356445
4.03904e-008	0.0108154
4.04154e-008	0.00405274
4.04404e-008	0.0306885
4.04654e-008	0.026709
4.04904e-008	0.014502
4.05154e-008	0.0168213
4.05404e-008	0.0184326
4.05654e-008	0.0286377
4.05904e-008	0.0271973
4.06154e-008	0.0297363
4.06404e-008	0.0362061
4.06654e-008	0.0181152
4.06904e-008	0.0174072
4.07154e-008	0.0213867
4.07404e-008	0.0167481
4.07654e-008	0.0229736
4.07904e-008	0.0222168
4.08154e-008	0.0261963
4.08404e-008	0.024585
4.08654e-008	0.0169922
4.08904e-008	0.0141357
4.09154e-008	0.00974122
4.09404e-008	0.0248291
4.09654e-008	0.0273926
4.09904e-008	0.0148193
4.10154e-008	0.0241455
4.10404e-008	0.0281494
4.10654e-008	0.0267578
4.10904e-008	0.025708
4.11154e-008	0.0165527
4.11404e-008	0.0232666
4.11654e-008	0.0297119
4.11904e-008	0.0189941
4.12154e-008	0.01521
4.12404e-008	0.0185059
4.12654e-008	0.0242676
4.12904e-008	0.0315186
4.13154e-008	0.0282959
4.13404e-008	0.025415
4.13654e-008	0.0275147
4.13904e-008	0.0205566
4.14154e-008	0.0119385
4.14404e-008	0.0142334
4.14654e-008	0.0228027
4.14904e-008	0.0293701
4.15154e-008	0.0346191
4.15404e-008	0.0381348
4.15654e-008	0.0289795
4.15904e-008	0.0151856
4.16154e-008	0.019751
4.16404e-008	0.0248047
4.16654e-008	0.00859376
4.16904e-008	0.00935059
4.17154e-008	0.0266846
4.17404e-008	0.0228272
4.17654e-008	0.0168457
4.17904e-008	0.0182861
4.18154e-008	0.0196289
4.18404e-008	0.0199951
4.18654e-008	0.0178955
4.18904e-008	0.0194336
4.19154e-008	0.0171631
4.19404e-008	0.0168701
4.19654e-008	0.0193359
4.19904e-008	0.0150635
4.20154e-008	0.018335
4.20404e-008	0.0248779
4.20654e-008	0.0207764
4.20904e-008	0.0128418
4.21154e-008	0.0145752
4.21404e-008	0.0299316
4.21654e-008	0.0370117
4.21904e-008	0.023169
4.22154e-008	0.00903321
4.22404e-008	0.00551759
4.22654e-008	0.0120117
4.22904e-008	0.0196289
4.23154e-008	0.00969239
4.23404e-008	0.0162354
4.23654e-008	0.0380371
4.23904e-008	0.0229736
4.24154e-008	0.0234131
4.24404e-008	0.0406006
4.24654e-008	0.0163086
4.24904e-008	0.0108887
4.25154e-008	0.0279053
4.25404e-008	0.0295899
4.25654e-008	0.0330078
4.25904e-008	0.018042
4.26154e-008	0.0124268
4.26404e-008	0.0342285
4.26654e-008	0.0281983
4.26904e-008	0.0197754
4.27154e-008	0.0220215
4.27404e-008	0.0181885
4.27654e-008	0.0341309
4.27904e-008	0.0183106
4.28154e-008	-0.00180663
4.28404e-008	0.0290772
4.28654e-008	0.0250977
4.28904e-008	0.0129639
4.29154e-008	0.0187012
4.29404e-008	0.00820313
4.29654e-008	0.0224365
4.29904e-008	0.0274658
4.30154e-008	0.0239746
4.30404e-008	0.0317871
4.30654e-008	0.0153076
4.30904e-008	0.0107178
4.31154e-008	0.0162598
4.31404e-008	0.0121094
4.31654e-008	0.0143555
4.31904e-008	0.0130127
4.32154e-008	0.0148682
4.32404e-008	0.0260986
4.32654e-008	0.0309815
4.32904e-008	0.0224609
4.33154e-008	0.016919
4.33404e-008	0.0193359
4.33654e-008	0.0181397
4.33904e-008	0.0188232
4.34154e-008	0.0195068
4.34404e-008	0.0198975
4.34654e-008	0.0225098
4.34904e-008	0.025708
4.35154e-008	0.0280029
4.35404e-008	0.0283203
4.35654e-008	0.0279541
4.35904e-008	0.01604
4.36154e-008	0.0178955
4.36404e-008	0.0294922
4.36654e-008	0.0184326
4.36904e-008	0.0224854
4.37154e-008	0.0225098
4.37404e-008	0.0133789
4.37654e-008	0.0237305
4.37904e-008	0.0120606
4.38154e-008	0.0112305
4.38404e-008	0.02146
4.38654e-008	0.0138916
4.38904e-008	0.0316406
4.39154e-008	0.0267334
4.39404e-008	0.00209962
4.39654e-008	0.0126953
4.39904e-008	0.00771485
4.40154e-008	0.00368653
4.40404e-008	0.0210205
4.40654e-008	0.016333
4.40904e-008	0.0160156
4.41154e-008	0.0191162
4.41404e-008	0.00810548
4.41654e-008	0.0172119
4.41904e-008	0.0304932
4.42154e-008	0.0209473
4.42404e-008	0.0150635
4.42654e-008	0.0256104
4.42904e-008	0.0327637
4.43154e-008	0.0310791
4.43404e-008	0.032251
4.43654e-008	0.0394531
4.43904e-008	0.0345703
4.44154e-008	0.0208252
4.44404e-008	0.020874
4.44654e-008	0.0217285
4.44904e-008	0.0175049
4.45154e-008	0.016333
4.45404e-008	0.0261719
4.45654e-008	0.0337891
4.45904e-008	0.0228516
4.46154e-008	0.0214844
4.46404e-008	0.0202393
4.46654e-008	0.0128174
4.46904e-008	0.0205078
4.47154e-008	0.0296631
4.47404e-008	0.0317627
4.47654e-008	0.026294
4.47904e-008	0.0263184
4.48154e-008	0.0260254
4.48404e-008	0.0154541
4.48654e-008	0.0189941
4.48904e-008	0.0296387
4.49154e-008	0.0267334
4.49404e-008	0.0253906
4.49654e-008	0.0280762
4.49904e-008	0.0112061
4.50154e-008	0.00700684
4.50404e-008	0.0231445
4.50654e-008	0.0192383
4.50904e-008	0.0201172
4.51154e-008	0.0165772
4.51404e-008	0.00886231
4.51654e-008	0.0212891
4.51904e-008	0.014502
4.52154e-008	0.0240723
4.52404e-008	0.0445557
4.52654e-008	0.020874
4.52904e-008	0.0163574
4.53154e-008	0.0298096
4.53404e-008	0.025708
4.53654e-008	0.025708
4.53904e-008	0.0168457
4.54154e-008	0.00793458
4.54404e-008	0.00612794
4.54654e-008	0.00217286
4.54904e-008	0.015332
4.55154e-008	0.0205566
4.55404e-008	0.012085
4.55654e-008	0.0267578
4.55904e-008	0.0222656
4.56154e-008	-0.000756828
4.56404e-008	0.0118164
4.56654e-008	0.0264649
4.56904e-008	0.0202149
4.57154e-008	0.0145264
4.57404e-008	0.0257324
4.57654e-008	0.029541
4.57904e-008	0.00966798
4.58154e-008	0.0107422
4.58404e-008	0.0200195
4.58654e-008	0.0185547
4.58904e-008	0.0171387
4.59154e-008	0.00454102
4.59404e-008	0.0128418
4.59654e-008	0.0300537
4.59904e-008	0.0187256
4.60154e-008	0.0226074
4.60404e-008	0.0289063
4.60654e-008	0.0147705
4.60904e-008	0.0179199
4.61154e-008	0.00913087
4.61404e-008	0.0101318
4.61654e-008	0.0369385
4.61904e-008	0.0135498
4.62154e-008	-0.00334472
4.62404e-008	0.0213867
4.62654e-008	0.0288574
4.62904e-008	0.0307861
4.63154e-008	0.0190674
4.63404e-008	0.0125732
4.63654e-008	0.0318848
4.63904e-008	0.0234863
4.64154e-008	0.00908204
4.64404e-008	0.0244385
4.64654e-008	0.0326416
4.64904e-008	0.0249756
4.65154e-008	0.0185303
4.65404e-008	0.0175293
4.65654e-008	0.020459
4.65904e-008	0.01604
4.66154e-008	0.0185791
4.66404e-008	0.0287109
4.66654e-008	0.0160889
4.66904e-008	0.0120606
4.67154e-008	0.023584
4.67404e-008	0.0261475
4.67654e-008	0.0330566
4.67904e-008	0.0201416
4.68154e-008	0.0126465
4.68404e-008	0.0285645
4.68654e-008	0.0199707
4.68904e-008	0.017334
4.69154e-008	0.0273193
4.69404e-008	0.0334473
4.69654e-008	0.0364746
4.69904e-008	0.0143066
4.70154e-008	0.00891114
4.70404e-008	0.0216797
4.70654e-008	0.0207275
4.70904e-008	0.0271484
4.71154e-008	0.0209961
4.71404e-008	0.0125
4.71654e-008	0.0222412
4.71904e-008	0.0191162
4.72154e-008	0.0193115
4.72404e-008	0.0284912
4.72654e-008	0.0244629
4.72904e-008	0.0184326
4.73154e-008	0.0127441
4.73404e-008	0.0146484
4.73654e-008	0.0267578
4.73904e-008	0.024292
4.74154e-008	0.0193359
4.74404e-008	0.0269043
4.74654e-008	0.0246826
4.74904e-008	0.0181885
4.75154e-008	0.0199219
4.75404e-008	0.0112793
4.75654e-008	0.00112305
4.75904e-008	0.0101318
4.76154e-008	0.0236816
4.76404e-008	0.0293701
4.76654e-008	0.0197754
4.76904e-008	0.0060547
4.77154e-008	0.0139893
4.77404e-008	0.0339356
4.77654e-008	0.035083
4.77904e-008	0.0111816
4.78154e-008	0.00393067
4.78404e-008	0.0169434
4.78654e-008	0.0179199
4.78904e-008	0.02229
4.79154e-008	0.0272949
4.79404e-008	0.0321289
4.79654e-008	0.0435547
4.79904e-008	0.0341065
4.80154e-008	0.0186524
4.80404e-008	0.0234863
4.80654e-008	0.0282715
4.80904e-008	0.0220459
4.81154e-008	0.0155518
4.81404e-008	0.0191895
4.81654e-008	0.0248047
4.81904e-008	0.0148682
4.82154e-008	0.0180908
4.82404e-008	0.0291748
4.82654e-008	0.0212891
4.82904e-008	0.0297608
4.83154e-008	0.024292
4.83404e-008	0.0101807
4.83654e-008	0.0304688
4.83904e-008	0.0266602
4.84154e-008	0.0119873
4.84404e-008	0.0130615
4.84654e-008	0.017041
4.84904e-008	0.0283447
4.85154e-008	0.0170166
4.85404e-008	0.0137207
4.85654e-008	0.025415
4.85904e-008	0.0115967
4.86154e-008	0.013916
4.86404e-008	0.0304443
4.86654e-008	0.0167969
4.86904e-008	0.0116211
4.87154e-008	0.0273438
4.87404e-008	0.0289795
4.87654e-008	0.0271729
4.87904e-008	0.0197998
4.88154e-008	0.015625
4.88404e-008	0.0281006
4.88654e-008	0.0216553
4.88904e-008	0.0108399
4.89154e-008	0.0201172
4.89404e-008	0.0274902
4.89654e-008	0.0210938
4.89904e-008	0.0115967
4.90154e-008	0.0141357
4.90404e-008	0.0212891
4.90654e-008	0.0241455
4.90904e-008	0.020752
4.91154e-008	0.0163574
4.91404e-008	0.02229
4.91654e-008	0.0218262
4.91904e-008	0.0076172
4.92154e-008	0.00473634
4.92404e-008	0.01604
4.92654e-008	0.0282715
4.92904e-008	0.0241455
4.93154e-008	0.00903321
4.93404e-008	0.0190918
4.93654e-008	0.0246338
4.93904e-008	0.0124024
4.94154e-008	0.0186524
4.94404e-008	0.0212402
4.94654e-008	0.0136963
4.94904e-008	0.00573731
4.95154e-008	0.0118652
4.95404e-008	0.0331299
4.95654e-008	0.031665
4.95904e-008	0.023291
4.96154e-008	0.0239502
4.96404e-008	0.0252686
4.96654e-008	0.025708
4.96904e-008	0.0229981
4.97154e-008	0.023291
4.97404e-008	0.0174805
4.97654e-008	0.0150391
4.97904e-008	0.0185303
4.98154e-008	0.0170166
4.98404e-008	0.0199951
4.98654e-008	0.0119385
4.98904e-008	-0.00231933
4.99154e-008	0.0119141
4.99404e-008	0.0291992
4.99654e-008	0.0286865
4.99904e-008	0.0315918
5.00154e-008	0.0246338
