# LECROYWM813Zi	51496	Waveform
# Segments	1	SegmentSize	4002
# Segment	TrigTime	TimeSinceSegment1
# #1	30-Nov-2018 17:20:33	0                 
# Time	Ampl
-5.002024e-008	0.02854
-4.999524e-008	0.0324951
-4.997024e-008	0.0303955
-4.994524e-008	0.0365234
-4.992024e-008	0.0315918
-4.989524e-008	0.0291992
-4.987024e-008	0.0258057
-4.984524e-008	0.0144287
-4.982024e-008	0.0185791
-4.979524e-008	0.02146
-4.977024e-008	0.0186035
-4.974524e-008	0.0199951
-4.972024e-008	0.0159668
-4.969524e-008	0.0199951
-4.967024e-008	0.0199951
-4.964524e-008	0.0114258
-4.962024e-008	0.0243408
-4.959524e-008	0.0313721
-4.957024e-008	0.018335
-4.954524e-008	0.0178711
-4.952024e-008	0.0185791
-4.949524e-008	0.0119629
-4.947024e-008	0.0206055
-4.944524e-008	0.0221436
-4.942024e-008	0.0116699
-4.939524e-008	0.0199219
-4.937024e-008	0.0206543
-4.934524e-008	0.013501
-4.932024e-008	0.0232422
-4.929524e-008	0.026001
-4.927024e-008	0.0193848
-4.924524e-008	0.0101563
-4.922024e-008	0.0135498
-4.919524e-008	0.0281006
-4.917024e-008	0.0236572
-4.914524e-008	0.0198731
-4.912024e-008	0.0214356
-4.909524e-008	0.0182861
-4.907024e-008	0.00937501
-4.904524e-008	-0.00183105
-4.902024e-008	0.0110596
-4.899524e-008	0.0177246
-4.897024e-008	0.00979005
-4.894524e-008	0.0176025
-4.892024e-008	0.0180908
-4.889524e-008	0.0107178
-4.887024e-008	0.0072754
-4.884524e-008	0.0121582
-4.882024e-008	0.0258789
-4.879524e-008	0.0231445
-4.877024e-008	0.0110352
-4.874524e-008	0.0172852
-4.872024e-008	0.0319092
-4.869524e-008	0.0326172
-4.867024e-008	0.0284668
-4.864524e-008	0.0242188
-4.862024e-008	0.023999
-4.859524e-008	0.0320801
-4.857024e-008	0.0240723
-4.854524e-008	0.0219727
-4.852024e-008	0.0248779
-4.849524e-008	0.00969239
-4.847024e-008	0.0208008
-4.844524e-008	0.0312012
-4.842024e-008	0.0189209
-4.839524e-008	0.0288086
-4.837024e-008	0.031543
-4.834524e-008	0.0213623
-4.832024e-008	0.0212402
-4.829524e-008	0.0218018
-4.827024e-008	0.0306152
-4.824524e-008	0.0186035
-4.822024e-008	0.00239259
-4.819524e-008	0.0235596
-4.817024e-008	0.0229736
-4.814524e-008	0.0108887
-4.812024e-008	0.0164551
-4.809524e-008	0.00395509
-4.807024e-008	0.0104492
-4.804524e-008	0.0234619
-4.802024e-008	0.0183838
-4.799524e-008	0.0239746
-4.797024e-008	0.0142578
-4.794524e-008	0.0130371
-4.792024e-008	0.0265869
-4.789524e-008	0.02771
-4.787024e-008	0.030542
-4.784524e-008	0.0164063
-4.782024e-008	0.0172363
-4.779524e-008	0.0282471
-4.777024e-008	0.0123047
-4.774524e-008	0.0147705
-4.772024e-008	0.0154785
-4.769524e-008	0.0118652
-4.767024e-008	0.0275147
-4.764524e-008	0.021582
-4.762024e-008	0.0195557
-4.759524e-008	0.0299805
-4.757024e-008	0.0204102
-4.754524e-008	0.0170654
-4.752024e-008	0.0185059
-4.749524e-008	0.0199463
-4.747024e-008	0.0313233
-4.744524e-008	0.0216797
-4.742024e-008	0.0170166
-4.739524e-008	0.0336182
-4.737024e-008	0.0224609
-4.734524e-008	0.00964356
-4.732024e-008	0.0208984
-4.729524e-008	0.0255615
-4.727024e-008	0.0270264
-4.724524e-008	0.0293457
-4.722024e-008	0.0168945
-4.719524e-008	0.00466309
-4.717024e-008	0.010083
-4.714524e-008	0.0168457
-4.712024e-008	0.0183594
-4.709524e-008	0.0189453
-4.707024e-008	0.0171143
-4.704524e-008	0.0166748
-4.702024e-008	0.0253662
-4.699524e-008	0.0357422
-4.697024e-008	0.0268555
-4.694524e-008	0.0156738
-4.692024e-008	0.0234619
-4.689524e-008	0.0319824
-4.687024e-008	0.0321777
-4.684524e-008	0.0261475
-4.682024e-008	0.0285156
-4.679524e-008	0.0376465
-4.677024e-008	0.0152588
-4.674524e-008	-0.00263671
-4.672024e-008	0.0181641
-4.669524e-008	0.0217041
-4.667024e-008	0.0216553
-4.664524e-008	0.037915
-4.662024e-008	0.0290039
-4.659524e-008	0.0188721
-4.657024e-008	0.0237061
-4.654524e-008	0.023999
-4.652024e-008	0.0218506
-4.649524e-008	0.0185303
-4.647024e-008	0.0210205
-4.644524e-008	0.0098877
-4.642024e-008	0.00444337
-4.639524e-008	0.0337891
-4.637024e-008	0.0336914
-4.634524e-008	0.0134766
-4.632024e-008	0.0144043
-4.629524e-008	0.0147461
-4.627024e-008	0.0216309
-4.624524e-008	0.0223145
-4.622024e-008	0.0164551
-4.619524e-008	0.0171631
-4.617024e-008	0.0186279
-4.614524e-008	0.0277344
-4.612024e-008	0.0259766
-4.609524e-008	0.0213623
-4.607024e-008	0.0237549
-4.604524e-008	0.0170166
-4.602024e-008	0.0197998
-4.599524e-008	0.0286865
-4.597024e-008	0.0235352
-4.594524e-008	0.0166016
-4.592024e-008	0.0201416
-4.589524e-008	0.0229004
-4.587024e-008	0.0210693
-4.584524e-008	0.0255615
-4.582024e-008	0.0295899
-4.579524e-008	0.0246826
-4.577024e-008	0.00673829
-4.574524e-008	0.00244141
-4.572024e-008	0.0283936
-4.569524e-008	0.0332275
-4.567024e-008	0.020874
-4.564524e-008	0.0219482
-4.562024e-008	0.0257813
-4.559524e-008	0.0297119
-4.557024e-008	0.0112061
-4.554524e-008	0.00178223
-4.552024e-008	0.0250244
-4.549524e-008	0.0255127
-4.547024e-008	0.0174316
-4.544524e-008	0.0181397
-4.542024e-008	0.0181152
-4.539524e-008	0.0311524
-4.537024e-008	0.0281983
-4.534524e-008	0.0158447
-4.532024e-008	0.0240723
-4.529524e-008	0.0272949
-4.527024e-008	0.0256592
-4.524524e-008	0.0289063
-4.522024e-008	0.0229004
-4.519524e-008	0.0158936
-4.517024e-008	0.0165527
-4.514524e-008	0.0215088
-4.512024e-008	0.026416
-4.509524e-008	0.0243897
-4.507024e-008	0.017749
-4.504524e-008	0.0111572
-4.502024e-008	0.0178467
-4.499524e-008	0.0327393
-4.497024e-008	0.0270264
-4.494524e-008	0.0158447
-4.492024e-008	0.0159912
-4.489524e-008	0.0205322
-4.487024e-008	0.0241943
-4.484524e-008	0.0148438
-4.482024e-008	0.0183106
-4.479524e-008	0.0301514
-4.477024e-008	0.0139649
-4.474524e-008	0.00810548
-4.472024e-008	0.019751
-4.469524e-008	0.0137695
-4.467024e-008	0.0114258
-4.464524e-008	0.0224121
-4.462024e-008	0.025415
-4.459524e-008	0.0202149
-4.457024e-008	0.0108154
-4.454524e-008	0.00566407
-4.452024e-008	0.0147705
-4.449524e-008	0.0250244
-4.447024e-008	0.0279297
-4.444524e-008	0.0205566
-4.442024e-008	0.0233154
-4.439524e-008	0.036499
-4.437024e-008	0.0185303
-4.434524e-008	0.00781251
-4.432024e-008	0.0275391
-4.429524e-008	0.025708
-4.427024e-008	0.0140869
-4.424524e-008	0.0124268
-4.422024e-008	0.0103516
-4.419524e-008	0.0219727
-4.417024e-008	0.0317139
-4.414524e-008	0.0240723
-4.412024e-008	0.0258545
-4.409524e-008	0.0273926
-4.407024e-008	0.0144043
-4.404524e-008	0.00732423
-4.402024e-008	0.0191895
-4.399524e-008	0.0295166
-4.397024e-008	0.015918
-4.394524e-008	0.0191406
-4.392024e-008	0.0345459
-4.389524e-008	0.0229248
-4.387024e-008	0.0247315
-4.384524e-008	0.0318604
-4.382024e-008	0.0177734
-4.379524e-008	0.0149414
-4.377024e-008	0.0184326
-4.374524e-008	0.0166016
-4.372024e-008	0.013916
-4.369524e-008	0.00791016
-4.367024e-008	0.0108643
-4.364524e-008	0.0184815
-4.362024e-008	0.019165
-4.359524e-008	0.019751
-4.357024e-008	0.0195801
-4.354524e-008	0.0178467
-4.352024e-008	0.0215576
-4.349524e-008	0.0301514
-4.347024e-008	0.0275879
-4.344524e-008	0.0104248
-4.342024e-008	0.0105469
-4.339524e-008	0.0195068
-4.337024e-008	0.0109619
-4.334524e-008	0.0157959
-4.332024e-008	0.0253174
-4.329524e-008	0.0207031
-4.327024e-008	0.0273193
-4.324524e-008	0.0270508
-4.322024e-008	0.0182373
-4.319524e-008	0.0195801
-4.317024e-008	0.0124024
-4.314524e-008	0.0108887
-4.312024e-008	0.0260498
-4.309524e-008	0.0312256
-4.307024e-008	0.0193359
-4.304524e-008	0.0115234
-4.302024e-008	0.0250977
-4.299524e-008	0.0276367
-4.297024e-008	0.0166748
-4.294524e-008	0.0254883
-4.292024e-008	0.023877
-4.289524e-008	0.0215088
-4.287024e-008	0.0334229
-4.284524e-008	0.0249024
-4.282024e-008	0.0248535
-4.279524e-008	0.0226563
-4.277024e-008	0.00544434
-4.274524e-008	0.0223389
-4.272024e-008	0.0351563
-4.269524e-008	0.0270264
-4.267024e-008	0.0244629
-4.264524e-008	0.0088379
-4.262024e-008	0.0115723
-4.259524e-008	0.0264404
-4.257024e-008	0.0121582
-4.254524e-008	0.0124512
-4.252024e-008	0.0304688
-4.249524e-008	0.0337402
-4.247024e-008	0.0270508
-4.244524e-008	0.0102539
-4.242024e-008	0.0123535
-4.239524e-008	0.0274414
-4.237024e-008	0.0203125
-4.234524e-008	0.0243164
-4.232024e-008	0.0337158
-4.229524e-008	0.026294
-4.227024e-008	0.0235352
-4.224524e-008	0.0142578
-4.222024e-008	0.018042
-4.219524e-008	0.0323731
-4.217024e-008	0.00444337
-4.214524e-008	-0.0109131
-4.212024e-008	0.0152832
-4.209524e-008	0.0159912
-4.207024e-008	0.00986329
-4.204524e-008	0.0278076
-4.202024e-008	0.0349365
-4.199524e-008	0.0252441
-4.197024e-008	0.0200928
-4.194524e-008	0.0254883
-4.192024e-008	0.0244873
-4.189524e-008	0.0134277
-4.187024e-008	0.0197266
-4.184524e-008	0.0251465
-4.182024e-008	0.0124512
-4.179524e-008	0.0147461
-4.177024e-008	0.0175537
-4.174524e-008	0.0152832
-4.172024e-008	0.0238525
-4.169524e-008	0.023877
-4.167024e-008	0.0227051
-4.164524e-008	0.023169
-4.162024e-008	0.022168
-4.159524e-008	0.0255615
-4.157024e-008	0.0150391
-4.154524e-008	0.00473634
-4.152024e-008	0.0136231
-4.149524e-008	0.0217285
-4.147024e-008	0.0295166
-4.144524e-008	0.0356445
-4.142024e-008	0.0249512
-4.139524e-008	0.0165039
-4.137024e-008	0.0197022
-4.134524e-008	0.0197998
-4.132024e-008	0.0141602
-4.129524e-008	0.0149902
-4.127024e-008	0.0219238
-4.124524e-008	0.018335
-4.122024e-008	0.0167481
-4.119524e-008	0.0204102
-4.117024e-008	0.0179443
-4.114524e-008	0.0175537
-4.112024e-008	0.0212891
-4.109524e-008	0.0314697
-4.107024e-008	0.0313965
-4.104524e-008	0.0179932
-4.102024e-008	0.0164551
-4.099524e-008	0.0217529
-4.097024e-008	0.0240479
-4.094524e-008	0.0205566
-4.092024e-008	0.0199951
-4.089524e-008	0.0261231
-4.087024e-008	0.0224854
-4.084524e-008	0.0214111
-4.082024e-008	0.0241455
-4.079524e-008	0.0180664
-4.077024e-008	0.0192383
-4.074524e-008	0.0193604
-4.072024e-008	0.0115479
-4.069524e-008	0.0111328
-4.067024e-008	0.0195313
-4.064524e-008	0.0272949
-4.062024e-008	0.0260986
-4.059524e-008	0.0230957
-4.057024e-008	0.0112793
-4.054524e-008	0.0119385
-4.052024e-008	0.0316406
-4.049524e-008	0.0188721
-4.047024e-008	0.00925294
-4.044524e-008	0.0196777
-4.042024e-008	0.0126953
-4.039524e-008	0.0171875
-4.037024e-008	0.0175781
-4.034524e-008	0.00991212
-4.032024e-008	0.0219482
-4.029524e-008	0.019751
-4.027024e-008	0.0111328
-4.024524e-008	0.0149902
-4.022024e-008	0.0216553
-4.019524e-008	0.0264404
-4.017024e-008	0.0172852
-4.014524e-008	0.0171875
-4.012024e-008	0.0193848
-4.009524e-008	0.00471192
-4.007024e-008	0.00385743
-4.004524e-008	0.0131836
-4.002024e-008	0.0185547
-3.999524e-008	0.0201904
-3.997024e-008	0.0187744
-3.994524e-008	0.0250488
-3.992024e-008	0.0228272
-3.989524e-008	0.00715333
-3.987024e-008	0.0145264
-3.984524e-008	0.026001
-3.982024e-008	0.0181397
-3.979524e-008	0.0251953
-3.977024e-008	0.0252441
-3.974524e-008	0.0194336
-3.972024e-008	0.0299561
-3.969524e-008	0.0263428
-3.967024e-008	0.0224365
-3.964524e-008	0.0164795
-3.962024e-008	0.0140137
-3.959524e-008	0.021582
-3.957024e-008	0.00881348
-3.954524e-008	0.00844727
-3.952024e-008	0.0182861
-3.949524e-008	0.0161133
-3.947024e-008	0.0266113
-3.944524e-008	0.0310059
-3.942024e-008	0.0225342
-3.939524e-008	0.0267334
-3.937024e-008	0.0295654
-3.934524e-008	0.017334
-3.932024e-008	0.013501
-3.929524e-008	0.0259277
-3.927024e-008	0.0335693
-3.924524e-008	0.017041
-3.922024e-008	0.00546876
-3.919524e-008	0.0190674
-3.917024e-008	0.0156982
-3.914524e-008	0.0171631
-3.912024e-008	0.0317871
-3.909524e-008	0.0265381
-3.907024e-008	0.0253662
-3.904524e-008	0.0214844
-3.902024e-008	0.0234375
-3.899524e-008	0.0277832
-3.897024e-008	0.016333
-3.894524e-008	0.0197754
-3.892024e-008	0.025293
-3.889524e-008	0.0327881
-3.887024e-008	0.0321045
-3.884524e-008	0.0183594
-3.882024e-008	0.0300537
-3.879524e-008	0.0305176
-3.877024e-008	0.0156006
-3.874524e-008	0.0167725
-3.872024e-008	0.00791016
-3.869524e-008	0.00668946
-3.867024e-008	0.0221436
-3.864524e-008	0.0131348
-3.862024e-008	0.00795899
-3.859524e-008	0.0236572
-3.857024e-008	0.0212402
-3.854524e-008	0.0196289
-3.852024e-008	0.023169
-3.849524e-008	0.011499
-3.847024e-008	0.00708009
-3.844524e-008	0.0088379
-3.842024e-008	0.0166504
-3.839524e-008	0.0285889
-3.837024e-008	0.0200195
-3.834524e-008	0.0178711
-3.832024e-008	0.0219727
-3.829524e-008	0.0126953
-3.827024e-008	0.0246338
-3.824524e-008	0.0292969
-3.822024e-008	0.0187256
-3.819524e-008	0.0266358
-3.817024e-008	0.0271484
-3.814524e-008	0.0291504
-3.812024e-008	0.0320557
-3.809524e-008	0.0219238
-3.807024e-008	0.0177734
-3.804524e-008	0.0195801
-3.802024e-008	0.0229248
-3.799524e-008	0.0184815
-3.797024e-008	0.0146973
-3.794524e-008	0.017627
-3.792024e-008	0.0127197
-3.789524e-008	0.00737305
-3.787024e-008	0.0192383
-3.784524e-008	0.0301025
-3.782024e-008	0.020044
-3.779524e-008	0.0209717
-3.777024e-008	0.0221191
-3.774524e-008	0.0116455
-3.772024e-008	0.0144043
-3.769524e-008	0.011499
-3.767024e-008	0.0145752
-3.764524e-008	0.0167481
-3.762024e-008	0.0104004
-3.759524e-008	0.0259766
-3.757024e-008	0.0251221
-3.754524e-008	0.0214356
-3.752024e-008	0.0373047
-3.749524e-008	0.0243897
-3.747024e-008	0.0104004
-3.744524e-008	0.0164551
-3.742024e-008	0.0245117
-3.739524e-008	0.0331787
-3.737024e-008	0.0228272
-3.734524e-008	0.0187012
-3.732024e-008	0.0346191
-3.729524e-008	0.0348389
-3.727024e-008	0.0271729
-3.724524e-008	0.022876
-3.722024e-008	0.0241943
-3.719524e-008	0.0229248
-3.717024e-008	0.0125244
-3.714524e-008	0.0238037
-3.712024e-008	0.0330811
-3.709524e-008	0.0236084
-3.707024e-008	0.0304688
-3.704524e-008	0.0301025
-3.702024e-008	0.0159424
-3.699524e-008	0.0160156
-3.697024e-008	0.017334
-3.694524e-008	0.0144043
-3.692024e-008	0.0179932
-3.689524e-008	0.0264649
-3.687024e-008	0.029126
-3.684524e-008	0.0164063
-3.682024e-008	0.00742188
-3.679524e-008	0.0123535
-3.677024e-008	0.0121338
-3.674524e-008	0.0128418
-3.672024e-008	0.0170899
-3.669524e-008	0.0278076
-3.667024e-008	0.0379883
-3.664524e-008	0.0157959
-3.662024e-008	-0.000854485
-3.659524e-008	0.0155274
-3.657024e-008	0.0290283
-3.654524e-008	0.0282227
-3.652024e-008	0.0269287
-3.649524e-008	0.0277588
-3.647024e-008	0.0188965
-3.644524e-008	0.0164307
-3.642024e-008	0.0179199
-3.639524e-008	0.0121338
-3.637024e-008	0.0130859
-3.634524e-008	0.0084961
-3.632024e-008	0.00957032
-3.629524e-008	0.0190186
-3.627024e-008	0.0189697
-3.624524e-008	0.0205566
-3.622024e-008	0.0168213
-3.619524e-008	0.0119385
-3.617024e-008	0.020752
-3.614524e-008	0.0333008
-3.612024e-008	0.035083
-3.609524e-008	0.0282227
-3.607024e-008	0.0319336
-3.604524e-008	0.0241455
-3.602024e-008	-0.00046386
-3.599524e-008	0.0034668
-3.597024e-008	0.0119385
-3.594524e-008	0.0117188
-3.592024e-008	0.0233887
-3.589524e-008	0.0156738
-3.587024e-008	0.0156982
-3.584524e-008	0.0344727
-3.582024e-008	0.0287354
-3.579524e-008	0.0342774
-3.577024e-008	0.0469971
-3.574524e-008	0.0265869
-3.572024e-008	0.0130371
-3.569524e-008	0.0202881
-3.567024e-008	0.0251221
-3.564524e-008	0.0249756
-3.562024e-008	0.0214111
-3.559524e-008	0.0268555
-3.557024e-008	0.0270996
-3.554524e-008	0.020166
-3.552024e-008	0.023169
-3.549524e-008	0.0134522
-3.547024e-008	0.0196045
-3.544524e-008	0.0313233
-3.542024e-008	0.0121826
-3.539524e-008	0.0217041
-3.537024e-008	0.0236328
-3.534524e-008	0.00124512
-3.532024e-008	0.0162598
-3.529524e-008	0.0185791
-3.527024e-008	0.00808106
-3.524524e-008	0.0213379
-3.522024e-008	0.0330078
-3.519524e-008	0.0307129
-3.517024e-008	0.0165283
-3.514524e-008	0.0215576
-3.512024e-008	0.0321045
-3.509524e-008	0.0197754
-3.507024e-008	0.0139404
-3.504524e-008	0.0138672
-3.502024e-008	0.00964356
-3.499524e-008	0.0127686
-3.497024e-008	0.0224609
-3.494524e-008	0.0167969
-3.492024e-008	0.00820313
-3.489524e-008	0.0227539
-3.487024e-008	0.0239258
-3.484524e-008	0.0130615
-3.482024e-008	0.0154785
-3.479524e-008	0.0173828
-3.477024e-008	0.0188232
-3.474524e-008	0.0204102
-3.472024e-008	0.0213135
-3.469524e-008	0.0132568
-3.467024e-008	0.00314942
-3.464524e-008	0.00766602
-3.462024e-008	0.0180908
-3.459524e-008	0.0246582
-3.457024e-008	0.0189453
-3.454524e-008	0.0179688
-3.452024e-008	0.0209229
-3.449524e-008	0.0186035
-3.447024e-008	0.0251465
-3.444524e-008	0.0184815
-3.442024e-008	0.0151123
-3.439524e-008	0.0216065
-3.437024e-008	0.0105713
-3.434524e-008	0.0161133
-3.432024e-008	0.0249512
-3.429524e-008	0.0235352
-3.427024e-008	0.036499
-3.424524e-008	0.0350098
-3.422024e-008	0.0314941
-3.419524e-008	0.0338379
-3.417024e-008	0.0044922
-3.414524e-008	-0.0101318
-3.412024e-008	0.0209473
-3.409524e-008	0.0351807
-3.407024e-008	0.0239258
-3.404524e-008	0.023169
-3.402024e-008	0.0154297
-3.399524e-008	0.00451661
-3.397024e-008	0.0172363
-3.394524e-008	0.032959
-3.392024e-008	0.0311524
-3.389524e-008	0.0122315
-3.387024e-008	0.00329591
-3.384524e-008	0.0168945
-3.382024e-008	0.0213379
-3.379524e-008	0.0161865
-3.377024e-008	0.0108399
-3.374524e-008	0.0111572
-3.372024e-008	0.0115234
-3.369524e-008	0.000439461
-3.367024e-008	0.012915
-3.364524e-008	0.0274902
-3.362024e-008	0.0236328
-3.359524e-008	0.0264893
-3.357024e-008	0.0140137
-3.354524e-008	0.0177734
-3.352024e-008	0.0344238
-3.349524e-008	0.0192139
-3.347024e-008	0.0240723
-3.344524e-008	0.036792
-3.342024e-008	0.0152832
-3.339524e-008	0.00549317
-3.337024e-008	0.0183594
-3.334524e-008	0.020752
-3.332024e-008	0.0174072
-3.329524e-008	0.017334
-3.327024e-008	0.00781251
-3.324524e-008	0.00795899
-3.322024e-008	0.032251
-3.319524e-008	0.0361084
-3.317024e-008	0.0142578
-3.314524e-008	0.0132568
-3.312024e-008	0.0200928
-3.309524e-008	0.0176025
-3.307024e-008	0.0220947
-3.304524e-008	0.0172852
-3.302024e-008	0.00292969
-3.299524e-008	0.00468751
-3.297024e-008	0.0176025
-3.294524e-008	0.0253906
-3.292024e-008	0.0246826
-3.289524e-008	0.0196289
-3.287024e-008	0.0242676
-3.284524e-008	0.030249
-3.282024e-008	0.0244873
-3.279524e-008	0.0268066
-3.277024e-008	0.0267822
-3.274524e-008	0.0173828
-3.272024e-008	0.0159912
-3.269524e-008	0.0195557
-3.267024e-008	0.0301758
-3.264524e-008	0.0266602
-3.262024e-008	0.0157715
-3.259524e-008	0.0218506
-3.257024e-008	0.0178223
-3.254524e-008	0.0196777
-3.252024e-008	0.0308594
-3.249524e-008	0.015332
-3.247024e-008	0.0139893
-3.244524e-008	0.0329102
-3.242024e-008	0.0312988
-3.239524e-008	0.0187256
-3.237024e-008	0.00590821
-3.234524e-008	0.0202881
-3.232024e-008	0.0383789
-3.229524e-008	0.0256348
-3.227024e-008	0.0156982
-3.224524e-008	0.0044922
-3.222024e-008	0.0076172
-3.219524e-008	0.0148926
-3.217024e-008	0.00407716
-3.214524e-008	0.0178955
-3.212024e-008	0.0230225
-3.209524e-008	0.00903321
-3.207024e-008	0.00944825
-3.204524e-008	0.0131836
-3.202024e-008	0.027417
-3.199524e-008	0.0292236
-3.197024e-008	0.0177246
-3.194524e-008	0.0256836
-3.192024e-008	0.0248779
-3.189524e-008	0.0203125
-3.187024e-008	0.0340088
-3.184524e-008	0.0263672
-3.182024e-008	0.0127441
-3.179524e-008	0.0288574
-3.177024e-008	0.032544
-3.174524e-008	0.0184082
-3.172024e-008	0.0154541
-3.169524e-008	0.0164795
-3.167024e-008	0.023291
-3.164524e-008	0.0217774
-3.162024e-008	0.0164551
-3.159524e-008	0.0224365
-3.157024e-008	0.0119629
-3.154524e-008	0.0126221
-3.152024e-008	0.0299805
-3.149524e-008	0.0290527
-3.147024e-008	0.025415
-3.144524e-008	0.0110107
-3.142024e-008	0.0112549
-3.139524e-008	0.0301025
-3.137024e-008	0.0180908
-3.134524e-008	0.0148682
-3.132024e-008	0.0322754
-3.129524e-008	0.0292236
-3.127024e-008	0.0190918
-3.124524e-008	0.018042
-3.122024e-008	0.0181641
-3.119524e-008	0.016333
-3.117024e-008	0.0175293
-3.114524e-008	0.0179443
-3.112024e-008	0.0156006
-3.109524e-008	0.0203369
-3.107024e-008	0.0282715
-3.104524e-008	0.022583
-3.102024e-008	0.0148926
-3.099524e-008	0.0112793
-3.097024e-008	0.00112305
-3.094524e-008	0.00654298
-3.092024e-008	0.0155762
-3.089524e-008	0.015625
-3.087024e-008	0.0264893
-3.084524e-008	0.0277588
-3.082024e-008	0.0240723
-3.079524e-008	0.0188965
-3.077024e-008	0.0115723
-3.074524e-008	0.0218262
-3.072024e-008	0.0213135
-3.069524e-008	0.0193604
-3.067024e-008	0.0257813
-3.064524e-008	0.0164551
-3.062024e-008	0.0218994
-3.059524e-008	0.0281983
-3.057024e-008	0.00407716
-3.054524e-008	0.00708009
-3.052024e-008	0.0367676
-3.049524e-008	0.034668
-3.047024e-008	0.0228272
-3.044524e-008	0.00874024
-3.042024e-008	0.00451661
-3.039524e-008	0.0279541
-3.037024e-008	0.0254395
-3.034524e-008	0.015625
-3.032024e-008	0.0263672
-3.029524e-008	0.0260254
-3.027024e-008	0.0229004
-3.024524e-008	0.0256592
-3.022024e-008	0.0322998
-3.019524e-008	0.0348145
-3.017024e-008	0.0171631
-3.014524e-008	0.000146492
-3.012024e-008	0.0136719
-3.009524e-008	0.0282959
-3.007024e-008	0.0298096
-3.004524e-008	0.0299561
-3.002024e-008	0.0214356
-2.999524e-008	0.023584
-2.997024e-008	0.021582
-2.994524e-008	0.0131836
-2.992024e-008	0.0181885
-2.989524e-008	0.0197266
-2.987024e-008	0.0219971
-2.984524e-008	0.0181885
-2.982024e-008	0.0231934
-2.979524e-008	0.0326172
-2.977024e-008	0.0127441
-2.974524e-008	0.00478516
-2.972024e-008	0.0246582
-2.969524e-008	0.0355957
-2.967024e-008	0.0187988
-2.964524e-008	0.00395509
-2.962024e-008	0.0222656
-2.959524e-008	0.0330322
-2.957024e-008	0.0255859
-2.954524e-008	0.0316895
-2.952024e-008	0.0265625
-2.949524e-008	0.00888673
-2.947024e-008	0.0187256
-2.944524e-008	0.0290527
-2.942024e-008	0.0212647
-2.939524e-008	0.0258545
-2.937024e-008	0.0188477
-2.934524e-008	0.00500489
-2.932024e-008	0.0221924
-2.929524e-008	0.0322022
-2.927024e-008	0.024707
-2.924524e-008	0.0233154
-2.922024e-008	0.0263428
-2.919524e-008	0.0254639
-2.917024e-008	0.00798341
-2.914524e-008	0.00842286
-2.912024e-008	0.0270996
-2.909524e-008	0.0254639
-2.907024e-008	0.0263184
-2.904524e-008	0.0320313
-2.902024e-008	0.0257324
-2.899524e-008	0.0255859
-2.897024e-008	0.0311768
-2.894524e-008	0.0219971
-2.892024e-008	0.0214844
-2.889524e-008	0.0295899
-2.887024e-008	0.0128662
-2.884524e-008	0.0150147
-2.882024e-008	0.029126
-2.879524e-008	0.0172119
-2.877024e-008	0.0217041
-2.874524e-008	0.0284912
-2.872024e-008	0.0279297
-2.869524e-008	0.0303467
-2.867024e-008	0.0184815
-2.864524e-008	0.0216065
-2.862024e-008	0.0263184
-2.859524e-008	0.0160645
-2.857024e-008	0.0111084
-2.854524e-008	0.0110596
-2.852024e-008	0.0197266
-2.849524e-008	0.0198731
-2.847024e-008	0.0227295
-2.844524e-008	0.0267578
-2.842024e-008	0.020752
-2.839524e-008	0.024585
-2.837024e-008	0.0134277
-2.834524e-008	0.0125488
-2.832024e-008	0.0265137
-2.829524e-008	0.0175293
-2.827024e-008	0.017627
-2.824524e-008	0.01875
-2.822024e-008	0.0155029
-2.819524e-008	0.0226318
-2.817024e-008	0.0222412
-2.814524e-008	0.0214844
-2.812024e-008	0.0150879
-2.809524e-008	0.00947266
-2.807024e-008	0.0252441
-2.804524e-008	0.0270996
-2.802024e-008	0.0159424
-2.799524e-008	0.0260986
-2.797024e-008	0.025708
-2.794524e-008	0.015332
-2.792024e-008	0.0223877
-2.789524e-008	0.0244385
-2.787024e-008	0.0194336
-2.784524e-008	0.0216553
-2.782024e-008	0.0300049
-2.779524e-008	0.0289063
-2.777024e-008	0.0282471
-2.774524e-008	0.035083
-2.772024e-008	0.0161377
-2.769524e-008	0.00517579
-2.767024e-008	0.0244873
-2.764524e-008	0.0279053
-2.762024e-008	0.0215088
-2.759524e-008	0.0215088
-2.757024e-008	0.0209473
-2.754524e-008	0.0210449
-2.752024e-008	0.0219238
-2.749524e-008	0.0260254
-2.747024e-008	0.0312988
-2.744524e-008	0.0270752
-2.742024e-008	0.0214356
-2.739524e-008	0.0251221
-2.737024e-008	0.0200684
-2.734524e-008	0.0198242
-2.732024e-008	0.0323975
-2.729524e-008	0.0238281
-2.727024e-008	0.0212647
-2.724524e-008	0.0290527
-2.722024e-008	0.0181885
-2.719524e-008	0.0165772
-2.717024e-008	0.0100342
-2.714524e-008	0.00126954
-2.712024e-008	0.0169922
-2.709524e-008	0.011499
-2.707024e-008	0.00607911
-2.704524e-008	0.0359375
-2.702024e-008	0.0357178
-2.699524e-008	0.0090088
-2.697024e-008	0.0155274
-2.694524e-008	0.0337891
-2.692024e-008	0.036377
-2.689524e-008	0.0341309
-2.687024e-008	0.0353272
-2.684524e-008	0.0328369
-2.682024e-008	0.019043
-2.679524e-008	0.0069336
-2.677024e-008	0.00830079
-2.674524e-008	0.0213135
-2.672024e-008	0.0239258
-2.669524e-008	0.0158203
-2.667024e-008	0.0199951
-2.664524e-008	0.0186279
-2.662024e-008	0.0198242
-2.659524e-008	0.0270752
-2.657024e-008	0.0185791
-2.654524e-008	0.018457
-2.652024e-008	0.0235107
-2.649524e-008	0.0223877
-2.647024e-008	0.0203125
-2.644524e-008	0.0146973
-2.642024e-008	0.023877
-2.639524e-008	0.0344238
-2.637024e-008	0.0242676
-2.634524e-008	0.0144531
-2.632024e-008	0.02229
-2.629524e-008	0.0322754
-2.627024e-008	0.0285156
-2.624524e-008	0.0214844
-2.622024e-008	0.0250244
-2.619524e-008	0.027002
-2.617024e-008	0.0138428
-2.614524e-008	0.0164551
-2.612024e-008	0.0324463
-2.609524e-008	0.0275391
-2.607024e-008	0.021875
-2.604524e-008	0.0187988
-2.602024e-008	0.0140869
-2.599524e-008	0.0206299
-2.597024e-008	0.0213135
-2.594524e-008	0.0234619
-2.592024e-008	0.0349854
-2.589524e-008	0.0298096
-2.587024e-008	0.0236572
-2.584524e-008	0.0270996
-2.582024e-008	0.0256836
-2.579524e-008	0.0295166
-2.577024e-008	0.0219238
-2.574524e-008	0.0184326
-2.572024e-008	0.0328858
-2.569524e-008	0.015918
-2.567024e-008	0.00541993
-2.564524e-008	0.0261475
-2.562024e-008	0.0246826
-2.559524e-008	0.0127197
-2.557024e-008	0.00996095
-2.554524e-008	0.0153565
-2.552024e-008	0.0254639
-2.549524e-008	0.0272949
-2.547024e-008	0.0325684
-2.544524e-008	0.0340088
-2.542024e-008	0.0180664
-2.539524e-008	0.0176758
-2.537024e-008	0.0283447
-2.534524e-008	0.0226074
-2.532024e-008	0.0191406
-2.529524e-008	0.0215088
-2.527024e-008	0.0246582
-2.524524e-008	0.0196533
-2.522024e-008	0.0101563
-2.519524e-008	0.023999
-2.517024e-008	0.0255859
-2.514524e-008	0.0137207
-2.512024e-008	0.0224854
-2.509524e-008	0.0203613
-2.507024e-008	0.0146729
-2.504524e-008	0.0193848
-2.502024e-008	0.0185547
-2.499524e-008	0.0195068
-2.497024e-008	0.0131592
-2.494524e-008	0.00468751
-2.492024e-008	0.00952149
-2.489524e-008	0.0172119
-2.487024e-008	0.0306885
-2.484524e-008	0.0282959
-2.482024e-008	0.0150635
-2.479524e-008	0.0331055
-2.477024e-008	0.0363525
-2.474524e-008	0.0182861
-2.472024e-008	0.0229004
-2.469524e-008	0.0214844
-2.467024e-008	0.0213135
-2.464524e-008	0.0312988
-2.462024e-008	0.0318115
-2.459524e-008	0.0308594
-2.457024e-008	0.0212647
-2.454524e-008	0.016919
-2.452024e-008	0.0223145
-2.449524e-008	0.0200928
-2.447024e-008	0.0242432
-2.444524e-008	0.0283691
-2.442024e-008	0.0222412
-2.439524e-008	0.0139893
-2.437024e-008	0.0105713
-2.434524e-008	0.0163574
-2.432024e-008	0.0224609
-2.429524e-008	0.0234863
-2.427024e-008	0.0177734
-2.424524e-008	0.0177002
-2.422024e-008	0.0322754
-2.419524e-008	0.0312012
-2.417024e-008	0.0135986
-2.414524e-008	0.0222412
-2.412024e-008	0.0390625
-2.409524e-008	0.0266358
-2.407024e-008	0.0151856
-2.404524e-008	0.0167969
-2.402024e-008	0.0215576
-2.399524e-008	0.0280762
-2.397024e-008	0.025
-2.394524e-008	0.0211914
-2.392024e-008	0.0210205
-2.389524e-008	0.0225098
-2.387024e-008	0.0128662
-2.384524e-008	0.00285645
-2.382024e-008	0.021875
-2.379524e-008	0.0331299
-2.377024e-008	0.0330566
-2.374524e-008	0.0338379
-2.372024e-008	0.0175293
-2.369524e-008	0.0156738
-2.367024e-008	0.0295654
-2.364524e-008	0.0398438
-2.362024e-008	0.0437988
-2.359524e-008	0.0248047
-2.357024e-008	0.0119873
-2.354524e-008	0.0198242
-2.352024e-008	0.0168945
-2.349524e-008	0.0140381
-2.347024e-008	0.023291
-2.344524e-008	0.0276856
-2.342024e-008	0.0335205
-2.339524e-008	0.0384522
-2.337024e-008	0.0230225
-2.334524e-008	0.0143799
-2.332024e-008	0.0250977
-2.329524e-008	0.0262207
-2.327024e-008	0.0281494
-2.324524e-008	0.0319824
-2.322024e-008	0.0248779
-2.319524e-008	0.0206787
-2.317024e-008	0.0170166
-2.314524e-008	0.0153076
-2.312024e-008	0.015625
-2.309524e-008	0.0171143
-2.307024e-008	0.0317871
-2.304524e-008	0.037207
-2.302024e-008	0.0320068
-2.299524e-008	0.029126
-2.297024e-008	0.00959473
-2.294524e-008	0.00993653
-2.292024e-008	0.0293945
-2.289524e-008	0.0171631
-2.287024e-008	0.0215332
-2.284524e-008	0.0435791
-2.282024e-008	0.0293945
-2.279524e-008	0.0116943
-2.277024e-008	0.0168945
-2.274524e-008	0.023877
-2.272024e-008	0.0132568
-2.269524e-008	0.0119629
-2.267024e-008	0.0304443
-2.264524e-008	0.0228516
-2.262024e-008	0.0170166
-2.259524e-008	0.0366699
-2.257024e-008	0.0297608
-2.254524e-008	0.01604
-2.252024e-008	0.0224365
-2.249524e-008	0.0255127
-2.247024e-008	0.0258545
-2.244524e-008	0.0202393
-2.242024e-008	0.0148682
-2.239524e-008	0.012915
-2.237024e-008	0.0150879
-2.234524e-008	0.0258057
-2.232024e-008	0.0233399
-2.229524e-008	0.0195557
-2.227024e-008	0.0265625
-2.224524e-008	0.0263672
-2.222024e-008	0.0222412
-2.219524e-008	0.0281738
-2.217024e-008	0.03479
-2.214524e-008	0.0249756
-2.212024e-008	0.01604
-2.209524e-008	0.0148682
-2.207024e-008	0.0214111
-2.204524e-008	0.0328613
-2.202024e-008	0.0259277
-2.199524e-008	0.0121826
-2.197024e-008	0.00898438
-2.194524e-008	0.0143311
-2.192024e-008	0.0151611
-2.189524e-008	0.0101074
-2.187024e-008	0.0234619
-2.184524e-008	0.0347656
-2.182024e-008	0.0199951
-2.179524e-008	0.0148926
-2.177024e-008	0.0289795
-2.174524e-008	0.0280274
-2.172024e-008	0.0184082
-2.169524e-008	0.0183106
-2.167024e-008	0.016919
-2.164524e-008	0.0155762
-2.162024e-008	0.0174561
-2.159524e-008	0.0218018
-2.157024e-008	0.0239502
-2.154524e-008	0.0178955
-2.152024e-008	0.0189453
-2.149524e-008	0.0306397
-2.147024e-008	0.0376465
-2.144524e-008	0.0306641
-2.142024e-008	0.0183838
-2.139524e-008	0.0155029
-2.137024e-008	0.0158936
-2.134524e-008	0.0210205
-2.132024e-008	0.0246338
-2.129524e-008	0.014502
-2.127024e-008	0.0135498
-2.124524e-008	0.0111084
-2.122024e-008	0.0109131
-2.119524e-008	0.0220947
-2.117024e-008	0.00495606
-2.114524e-008	0.00144044
-2.112024e-008	0.0176758
-2.109524e-008	0.0119141
-2.107024e-008	0.0216065
-2.104524e-008	0.0328858
-2.102024e-008	0.0262451
-2.099524e-008	0.0136719
-2.097024e-008	0.00456544
-2.094524e-008	0.0192871
-2.092024e-008	0.0252197
-2.089524e-008	0.021167
-2.087024e-008	0.032251
-2.084524e-008	0.0259766
-2.082024e-008	0.0148682
-2.079524e-008	0.0256836
-2.077024e-008	0.0279541
-2.074524e-008	0.0289795
-2.072024e-008	0.0313233
-2.069524e-008	0.0130371
-2.067024e-008	0.0153809
-2.064524e-008	0.0281494
-2.062024e-008	0.0209229
-2.059524e-008	0.028833
-2.057024e-008	0.0296875
-2.054524e-008	0.0190186
-2.052024e-008	0.0201416
-2.049524e-008	0.00700684
-2.047024e-008	0.00180665
-2.044524e-008	0.0157959
-2.042024e-008	0.0296143
-2.039524e-008	0.0361084
-2.037024e-008	0.020044
-2.034524e-008	0.0124024
-2.032024e-008	0.01604
-2.029524e-008	0.0117432
-2.027024e-008	0.0172363
-2.024524e-008	0.0255371
-2.022024e-008	0.0349854
-2.019524e-008	0.0325195
-2.017024e-008	0.0171387
-2.014524e-008	0.0158447
-2.012024e-008	0.0205811
-2.009524e-008	0.0277832
-2.007024e-008	0.0265137
-2.004524e-008	0.0123291
-2.002024e-008	0.0141357
-1.999524e-008	0.0218262
-1.997024e-008	0.0164551
-1.994524e-008	0.0198975
-1.992024e-008	0.0230225
-1.989524e-008	0.00627442
-1.987024e-008	0.00170899
-1.984524e-008	0.00842286
-1.982024e-008	0.0159668
-1.979524e-008	0.029126
-1.977024e-008	0.0177002
-1.974524e-008	0.0165283
-1.972024e-008	0.0362305
-1.969524e-008	0.0250244
-1.967024e-008	0.0170654
-1.964524e-008	0.0174072
-1.962024e-008	0.0138672
-1.959524e-008	0.0238525
-1.957024e-008	0.0151367
-1.954524e-008	0.0104248
-1.952024e-008	0.0259522
-1.949524e-008	0.0277344
-1.947024e-008	0.0296387
-1.944524e-008	0.0233887
-1.942024e-008	0.0083252
-1.939524e-008	0.0120117
-1.937024e-008	0.0109375
-1.934524e-008	0.00751954
-1.932024e-008	0.0184815
-1.929524e-008	0.00800782
-1.927024e-008	0.00620118
-1.924524e-008	0.0287598
-1.922024e-008	0.0269287
-1.919524e-008	0.0312988
-1.917024e-008	0.0260254
-1.914524e-008	0.00644532
-1.912024e-008	0.0263916
-1.909524e-008	0.0257813
-1.907024e-008	0.00874024
-1.904524e-008	0.0265625
-1.902024e-008	0.0299072
-1.899524e-008	0.0144775
-1.897024e-008	0.0168213
-1.894524e-008	0.0162842
-1.892024e-008	0.000878914
-1.889524e-008	0.0105713
-1.887024e-008	0.0333252
-1.884524e-008	0.0331299
-1.882024e-008	0.0279053
-1.879524e-008	0.0274414
-1.877024e-008	0.0285645
-1.874524e-008	0.0261719
-1.872024e-008	0.0187988
-1.869524e-008	0.019043
-1.867024e-008	0.0276611
-1.864524e-008	0.0334717
-1.862024e-008	0.0376709
-1.859524e-008	0.0363281
-1.857024e-008	0.00439454
-1.854524e-008	-0.0151123
-1.852024e-008	0.00444337
-1.849524e-008	0.0126953
-1.847024e-008	0.0214111
-1.844524e-008	0.030542
-1.842024e-008	0.0295166
-1.839524e-008	0.0315186
-1.837024e-008	0.0181152
-1.834524e-008	0.0173584
-1.832024e-008	0.0252197
-1.829524e-008	0.0206299
-1.827024e-008	0.0302979
-1.824524e-008	0.0222656
-1.822024e-008	0.00783692
-1.819524e-008	0.020459
-1.817024e-008	0.0210938
-1.814524e-008	0.0168213
-1.812024e-008	0.0153809
-1.809524e-008	0.0133545
-1.807024e-008	0.0263916
-1.804524e-008	0.0229736
-1.802024e-008	0.0122803
-1.799524e-008	0.01875
-1.797024e-008	0.0148682
-1.794524e-008	0.0113281
-1.792024e-008	0.0220215
-1.789524e-008	0.0294434
-1.787024e-008	0.0246094
-1.784524e-008	0.0134033
-1.782024e-008	0.0201416
-1.779524e-008	0.0299072
-1.777024e-008	0.0179932
-1.774524e-008	0.0219727
-1.772024e-008	0.0380859
-1.769524e-008	0.0287109
-1.767024e-008	0.0243652
-1.764524e-008	0.027124
-1.762024e-008	0.0229736
-1.759524e-008	0.0376953
-1.757024e-008	0.0351807
-1.754524e-008	0.0106934
-1.752024e-008	0.0121826
-1.749524e-008	0.0166016
-1.747024e-008	0.0186279
-1.744524e-008	0.0200928
-1.742024e-008	0.0141846
-1.739524e-008	0.0267822
-1.737024e-008	0.0308594
-1.734524e-008	0.0264649
-1.732024e-008	0.0371826
-1.729524e-008	0.0313233
-1.727024e-008	0.0243164
-1.724524e-008	0.0167481
-1.722024e-008	0.00720216
-1.719524e-008	0.023584
-1.717024e-008	0.0230225
-1.714524e-008	0.00925294
-1.712024e-008	0.0154785
-1.709524e-008	0.0201416
-1.707024e-008	0.0239258
-1.704524e-008	0.0206543
-1.702024e-008	0.0128662
-1.699524e-008	0.0193115
-1.697024e-008	0.0234375
-1.694524e-008	0.0223389
-1.692024e-008	0.0217529
-1.689524e-008	0.0255859
-1.687024e-008	0.0364014
-1.684524e-008	0.0207031
-1.682024e-008	0.00805665
-1.679524e-008	0.0231934
-1.677024e-008	0.0144287
-1.674524e-008	0.0125977
-1.672024e-008	0.0217774
-1.669524e-008	0.010791
-1.667024e-008	0.0202393
-1.664524e-008	0.019043
-1.662024e-008	0.00407716
-1.659524e-008	0.0271729
-1.657024e-008	0.0405274
-1.654524e-008	0.0229736
-1.652024e-008	0.0165772
-1.649524e-008	0.0214111
-1.647024e-008	0.0261963
-1.644524e-008	0.0224854
-1.642024e-008	0.0234863
-1.639524e-008	0.043335
-1.637024e-008	0.0346191
-1.634524e-008	0.0147705
-1.632024e-008	0.0291504
-1.629524e-008	0.0324463
-1.627024e-008	0.0280518
-1.624524e-008	0.0300537
-1.622024e-008	0.0176514
-1.619524e-008	0.0090088
-1.617024e-008	0.00739747
-1.614524e-008	0.0148438
-1.612024e-008	0.0245117
-1.609524e-008	0.0196289
-1.607024e-008	0.00878907
-1.604524e-008	0.00541993
-1.602024e-008	0.0246826
-1.599524e-008	0.0308594
-1.597024e-008	0.0130615
-1.594524e-008	0.01521
-1.592024e-008	0.0175049
-1.589524e-008	0.0189453
-1.587024e-008	0.0347168
-1.584524e-008	0.0287354
-1.582024e-008	0.0135742
-1.579524e-008	0.00874024
-1.577024e-008	0.00349122
-1.574524e-008	0.0143799
-1.572024e-008	0.0256104
-1.569524e-008	0.0227051
-1.567024e-008	0.0231201
-1.564524e-008	0.0178223
-1.562024e-008	0.0241211
-1.559524e-008	0.0363281
-1.557024e-008	0.0225586
-1.554524e-008	0.0201416
-1.552024e-008	0.0237305
-1.549524e-008	0.0185791
-1.547024e-008	0.030127
-1.544524e-008	0.0257324
-1.542024e-008	0.0201416
-1.539524e-008	0.0365723
-1.537024e-008	0.030542
-1.534524e-008	0.0203613
-1.532024e-008	0.0263184
-1.529524e-008	0.0233399
-1.527024e-008	0.0148193
-1.524524e-008	0.0144287
-1.522024e-008	0.0287842
-1.519524e-008	0.0309326
-1.517024e-008	0.0124268
-1.514524e-008	0.0122559
-1.512024e-008	0.0174561
-1.509524e-008	0.0184815
-1.507024e-008	0.027417
-1.504524e-008	0.0279053
-1.502024e-008	0.0286133
-1.499524e-008	0.0273682
-1.497024e-008	0.0312256
-1.494524e-008	0.0387451
-1.492024e-008	0.0197998
-1.489524e-008	0.014624
-1.487024e-008	0.0268066
-1.484524e-008	0.0235352
-1.482024e-008	0.0269531
-1.479524e-008	0.0255371
-1.477024e-008	0.00476075
-1.474524e-008	-0.000781243
-1.472024e-008	0.0154053
-1.469524e-008	0.0158936
-1.467024e-008	0.0175293
-1.464524e-008	0.0304443
-1.462024e-008	0.0197266
-1.459524e-008	0.0151367
-1.457024e-008	0.0228027
-1.454524e-008	0.019751
-1.452024e-008	0.0188721
-1.449524e-008	0.0180664
-1.447024e-008	0.0207764
-1.444524e-008	0.0219727
-1.442024e-008	0.0252197
-1.439524e-008	0.0336182
-1.437024e-008	0.0237549
-1.434524e-008	0.0188965
-1.432024e-008	0.0217041
-1.429524e-008	0.00915528
-1.427024e-008	0.00915528
-1.424524e-008	0.014624
-1.422024e-008	0.0157959
-1.419524e-008	0.0207031
-1.417024e-008	0.010083
-1.414524e-008	0.0084961
-1.412024e-008	0.0193359
-1.409524e-008	0.0185791
-1.407024e-008	0.0268066
-1.404524e-008	0.0314697
-1.402024e-008	0.0229004
-1.399524e-008	0.0223389
-1.397024e-008	0.0250977
-1.394524e-008	0.0261719
-1.392024e-008	0.0237549
-1.389524e-008	0.0173584
-1.387024e-008	0.0202881
-1.384524e-008	0.0221191
-1.382024e-008	0.0154541
-1.379524e-008	0.0266113
-1.377024e-008	0.0358399
-1.374524e-008	0.0224854
-1.372024e-008	0.016333
-1.369524e-008	0.0203613
-1.367024e-008	0.0262695
-1.364524e-008	0.0252441
-1.362024e-008	0.0171875
-1.359524e-008	0.0167481
-1.357024e-008	0.0171143
-1.354524e-008	0.0130615
-1.352024e-008	0.0121338
-1.349524e-008	0.0201172
-1.347024e-008	0.0239258
-1.344524e-008	0.0221191
-1.342024e-008	0.0245117
-1.339524e-008	0.0198486
-1.337024e-008	0.0171631
-1.334524e-008	0.0218506
-1.332024e-008	0.0211182
-1.329524e-008	0.00778809
-1.327024e-008	-0.000512688
-1.324524e-008	0.0150391
-1.322024e-008	0.02146
-1.319524e-008	0.0175293
-1.317024e-008	0.0206299
-1.314524e-008	0.0184815
-1.312024e-008	0.0179443
-1.309524e-008	0.0196533
-1.307024e-008	0.02771
-1.304524e-008	0.0278565
-1.302024e-008	0.0135498
-1.299524e-008	0.0156982
-1.297024e-008	0.0178955
-1.294524e-008	0.0182861
-1.292024e-008	0.0242676
-1.289524e-008	0.0223877
-1.287024e-008	0.0299316
-1.284524e-008	0.0231445
-1.282024e-008	0.0136475
-1.279524e-008	0.027417
-1.277024e-008	0.0210205
-1.274524e-008	0.0234131
-1.272024e-008	0.0364014
-1.269524e-008	0.0217285
-1.267024e-008	0.0240723
-1.264524e-008	0.0296631
-1.262024e-008	0.0155518
-1.259524e-008	0.0229981
-1.257024e-008	0.0298096
-1.254524e-008	0.0161865
-1.252024e-008	0.0178223
-1.249524e-008	0.0247559
-1.247024e-008	0.0181885
-1.244524e-008	0.0114502
-1.242024e-008	0.0150147
-1.239524e-008	0.0301025
-1.237024e-008	0.0253662
-1.234524e-008	0.0134033
-1.232024e-008	0.0223389
-1.229524e-008	0.0191895
-1.227024e-008	0.0180908
-1.224524e-008	0.0253174
-1.222024e-008	0.0244873
-1.219524e-008	0.031543
-1.217024e-008	0.0267822
-1.214524e-008	0.0170654
-1.212024e-008	0.0206787
-1.209524e-008	0.02146
-1.207024e-008	0.0256836
-1.204524e-008	0.0248047
-1.202024e-008	0.017334
-1.199524e-008	0.0155274
-1.197024e-008	0.0119141
-1.194524e-008	0.0233154
-1.192024e-008	0.0321533
-1.189524e-008	0.0209473
-1.187024e-008	0.0244141
-1.184524e-008	0.0289063
-1.182024e-008	0.0267334
-1.179524e-008	0.0220947
-1.177024e-008	0.00844727
-1.174524e-008	0.0151123
-1.172024e-008	0.022876
-1.169524e-008	0.0166748
-1.167024e-008	0.0248047
-1.164524e-008	0.0247803
-1.162024e-008	0.0203369
-1.159524e-008	0.0240479
-1.157024e-008	0.015332
-1.154524e-008	0.0178955
-1.152024e-008	0.0213867
-1.149524e-008	0.0175781
-1.147024e-008	0.0284668
-1.144524e-008	0.0237793
-1.142024e-008	0.0185059
-1.139524e-008	0.0280274
-1.137024e-008	0.0243408
-1.134524e-008	0.023999
-1.132024e-008	0.027002
-1.129524e-008	0.0212402
-1.127024e-008	0.0253418
-1.124524e-008	0.0359131
-1.122024e-008	0.0373535
-1.119524e-008	0.0288818
-1.117024e-008	0.0150391
-1.114524e-008	0.0144287
-1.112024e-008	0.02146
-1.109524e-008	0.020874
-1.107024e-008	0.0222656
-1.104524e-008	0.014624
-1.102024e-008	0.0183838
-1.099524e-008	0.0460693
-1.097024e-008	0.0344727
-1.094524e-008	0.00739747
-1.092024e-008	0.0260254
-1.089524e-008	0.0338135
-1.087024e-008	0.0112549
-1.084524e-008	0.00905762
-1.082024e-008	0.0269043
-1.079524e-008	0.0367188
-1.077024e-008	0.0223389
-1.074524e-008	0.0104736
-1.072024e-008	0.0114014
-1.069524e-008	0.0120606
-1.067024e-008	0.0256104
-1.064524e-008	0.0294922
-1.062024e-008	0.0277344
-1.059524e-008	0.0370117
-1.057024e-008	0.0253174
-1.054524e-008	0.0159424
-1.052024e-008	0.0235596
-1.049524e-008	0.0145264
-1.047024e-008	0.0118408
-1.044524e-008	0.0219238
-1.042024e-008	0.0197754
-1.039524e-008	0.0270264
-1.037024e-008	0.033374
-1.034524e-008	0.0215332
-1.032024e-008	0.0117432
-1.029524e-008	0.0126709
-1.027024e-008	0.0327149
-1.024524e-008	0.0370361
-1.022024e-008	0.0198975
-1.019524e-008	0.0273682
-1.017024e-008	0.0305664
-1.014524e-008	0.0180908
-1.012024e-008	0.0179932
-1.009524e-008	0.0177002
-1.007024e-008	0.0144043
-1.004524e-008	0.0146729
-1.002024e-008	0.023291
-9.995241e-009	0.0362061
-9.970241e-009	0.0315674
-9.945241e-009	0.0202393
-9.920241e-009	0.0180908
-9.895241e-009	0.0148438
-9.870241e-009	0.0129883
-9.845241e-009	0.0044922
-9.820241e-009	0.00559083
-9.795241e-009	0.0331543
-9.770241e-009	0.0336426
-9.745241e-009	0.0163574
-9.720241e-009	0.0195068
-9.695241e-009	0.0187256
-9.670241e-009	0.0170899
-9.645241e-009	0.019043
-9.620241e-009	0.0257568
-9.595241e-009	0.0293945
-9.570241e-009	0.0167725
-9.545241e-009	0.0143311
-9.520241e-009	0.0120606
-9.495241e-009	0.00966798
-9.470241e-009	0.0152832
-9.445241e-009	0.0138916
-9.420241e-009	0.0208496
-9.395241e-009	0.0171143
-9.370241e-009	0.0198731
-9.345241e-009	0.0363525
-9.320241e-009	0.0212647
-9.295241e-009	0.0195557
-9.270241e-009	0.027124
-9.245241e-009	0.0151123
-9.220241e-009	0.0245606
-9.195241e-009	0.0333984
-9.170241e-009	0.0260742
-9.145241e-009	0.0258301
-9.120241e-009	0.0224121
-9.095241e-009	0.0197266
-9.070241e-009	0.029834
-9.045241e-009	0.026416
-9.020241e-009	0.0146973
-8.995241e-009	0.0193604
-8.970241e-009	0.0205811
-8.945241e-009	0.0223389
-8.920241e-009	0.0253174
-8.895241e-009	0.0216553
-8.870241e-009	0.0182373
-8.845241e-009	0.0112305
-8.820241e-009	0.0218994
-8.795241e-009	0.0348633
-8.770241e-009	0.030249
-8.745241e-009	0.0223389
-8.720241e-009	0.0107422
-8.695241e-009	0.0179688
-8.670241e-009	0.0260986
-8.645241e-009	0.0124024
-8.620241e-009	0.0181152
-8.595241e-009	0.0321533
-8.570241e-009	0.0239502
-8.545241e-009	0.016919
-8.520241e-009	0.0139893
-8.495241e-009	0.014624
-8.470241e-009	0.0260986
-8.445241e-009	0.0186524
-8.420241e-009	0.013794
-8.395241e-009	0.0232178
-8.370241e-009	0.0154541
-8.345241e-009	0.0224854
-8.320241e-009	0.0243408
-8.295241e-009	0.0122315
-8.270241e-009	0.030249
-8.245241e-009	0.0313233
-8.220241e-009	0.0193115
-8.195241e-009	0.0307373
-8.170241e-009	0.0264649
-8.145241e-009	0.0199463
-8.120241e-009	0.0274414
-8.095241e-009	0.025708
-8.070241e-009	0.0273193
-8.045241e-009	0.0330566
-8.020241e-009	0.0270508
-7.995241e-009	0.0178223
-7.970241e-009	0.0185547
-7.945241e-009	0.0181152
-7.920241e-009	0.0131104
-7.895241e-009	0.0198486
-7.870241e-009	0.0270996
-7.845241e-009	0.0212158
-7.820241e-009	0.0165039
-7.795241e-009	0.0284424
-7.770241e-009	0.0288086
-7.745241e-009	0.0118408
-7.720241e-009	0.0144775
-7.695241e-009	0.0222656
-7.670241e-009	0.0281983
-7.645241e-009	0.0223145
-7.620241e-009	0.0168213
-7.595241e-009	0.0354492
-7.570241e-009	0.0243164
-7.545241e-009	0.0178955
-7.520241e-009	0.0361572
-7.495241e-009	0.0224609
-7.470241e-009	0.0172363
-7.445241e-009	0.0272217
-7.420241e-009	0.0257568
-7.395241e-009	0.0227539
-7.370241e-009	0.0162842
-7.345241e-009	0.0178955
-7.320241e-009	0.0294922
-7.295241e-009	0.0302979
-7.270241e-009	0.0176514
-7.245241e-009	0.0177246
-7.220241e-009	0.0312256
-7.195241e-009	0.0261963
-7.170241e-009	0.0127441
-7.145241e-009	0.0144043
-7.120241e-009	0.0191406
-7.095241e-009	0.0244141
-7.070241e-009	0.0292969
-7.045241e-009	0.0233399
-7.020241e-009	0.0195557
-6.995241e-009	0.0228027
-6.970241e-009	0.0228272
-6.945241e-009	0.0135254
-6.920241e-009	0.0091797
-6.895241e-009	0.0174072
-6.870241e-009	0.0149658
-6.845241e-009	0.0106445
-6.820241e-009	0.0185303
-6.795241e-009	0.0224121
-6.770241e-009	0.0177246
-6.745241e-009	0.0191895
-6.720241e-009	0.0241211
-6.695241e-009	0.0236572
-6.670241e-009	0.028833
-6.645241e-009	0.0142822
-6.620241e-009	0.00559083
-6.595241e-009	0.0321289
-6.570241e-009	0.0212158
-6.545241e-009	0.00759278
-6.520241e-009	0.030957
-6.495241e-009	0.0195557
-6.470241e-009	-0.00334472
-6.445241e-009	0.00947266
-6.420241e-009	0.0272949
-6.395241e-009	0.029126
-6.370241e-009	0.026294
-6.345241e-009	0.0220703
-6.320241e-009	0.0161133
-6.295241e-009	0.0187988
-6.270241e-009	0.0207275
-6.245241e-009	0.0141846
-6.220241e-009	0.0198731
-6.195241e-009	0.025415
-6.170241e-009	0.0125732
-6.145241e-009	0.0117676
-6.120241e-009	0.0191895
-6.095241e-009	0.023999
-6.070241e-009	0.0304199
-6.045241e-009	0.025415
-6.020241e-009	0.0225098
-5.995241e-009	0.0165283
-5.970241e-009	0.0120361
-5.945241e-009	0.0170899
-5.920241e-009	0.0121338
-5.895241e-009	0.0149414
-5.870241e-009	0.0239502
-5.845241e-009	0.0246094
-5.820241e-009	0.0149902
-5.795241e-009	-0.000366203
-5.770241e-009	0.000683601
-5.745241e-009	0.0104248
-5.720241e-009	0.0150635
-5.695241e-009	0.0191162
-5.670241e-009	0.0233154
-5.645241e-009	0.025
-5.620241e-009	0.0262451
-5.595241e-009	0.0200684
-5.570241e-009	0.00822755
-5.545241e-009	0.0151123
-5.520241e-009	0.0247803
-5.495241e-009	0.0207275
-5.470241e-009	0.0172607
-5.445241e-009	0.0124756
-5.420241e-009	0.0232422
-5.395241e-009	0.037207
-5.370241e-009	0.0220947
-5.345241e-009	0.0188477
-5.320241e-009	0.0264404
-5.295241e-009	0.0131836
-5.270241e-009	0.014917
-5.245241e-009	0.0236328
-5.220241e-009	0.0197754
-5.195241e-009	0.029541
-5.170241e-009	0.0337891
-5.145241e-009	0.0214111
-5.120241e-009	0.0206055
-5.095241e-009	0.0207275
-5.070241e-009	0.0157471
-5.045241e-009	0.016919
-5.020241e-009	0.0208984
-4.995241e-009	0.0266113
-4.970241e-009	0.0207031
-4.945241e-009	0.0148682
-4.920241e-009	0.0221436
-4.895241e-009	0.0223877
-4.870241e-009	0.0255127
-4.845241e-009	0.0291748
-4.820241e-009	0.0266113
-4.795241e-009	0.0243897
-4.770241e-009	0.0125977
-4.745241e-009	0.0120606
-4.720241e-009	0.0268311
-4.695241e-009	0.0246826
-4.670241e-009	0.0165527
-4.645241e-009	0.0240967
-4.620241e-009	0.0285645
-4.595241e-009	0.0217041
-4.570241e-009	0.0211426
-4.545241e-009	0.0258301
-4.520241e-009	0.0233887
-4.495241e-009	0.0181641
-4.470241e-009	0.017334
-4.445241e-009	0.0128174
-4.420241e-009	0.017334
-4.395241e-009	0.0291016
-4.370241e-009	0.0233154
-4.345241e-009	0.0199219
-4.320241e-009	0.0277832
-4.295241e-009	0.025
-4.270241e-009	0.0149902
-4.245241e-009	0.0141113
-4.220241e-009	0.0218506
-4.195241e-009	0.0269043
-4.170241e-009	0.0187012
-4.145241e-009	0.00769044
-4.120241e-009	0.0135254
-4.095241e-009	0.0214844
-4.070241e-009	0.0299805
-4.045241e-009	0.035376
-4.020241e-009	0.0276611
-3.995241e-009	0.0253418
-3.970241e-009	0.0192871
-3.945241e-009	0.0256104
-3.920241e-009	0.0295166
-3.895241e-009	0.00234376
-3.870241e-009	0.0119629
-3.845241e-009	0.0303711
-3.820241e-009	0.0185303
-3.795241e-009	0.0300293
-3.770241e-009	0.0317871
-3.745241e-009	0.018042
-3.720241e-009	0.0239746
-3.695241e-009	0.0328125
-3.670241e-009	0.0376953
-3.645241e-009	0.0168213
-3.620241e-009	0.00839845
-3.595241e-009	0.0346924
-3.570241e-009	0.0235352
-3.545241e-009	0.0125977
-3.520241e-009	0.024707
-3.495241e-009	0.0178711
-3.470241e-009	0.0259766
-3.445241e-009	0.0250488
-3.420241e-009	-0.00258788
-3.395241e-009	0.00314942
-3.370241e-009	0.0300537
-3.345241e-009	0.035791
-3.320241e-009	0.029126
-3.295241e-009	0.0242188
-3.270241e-009	0.0200928
-3.245241e-009	0.0179688
-3.220241e-009	0.0229248
-3.195241e-009	0.0251221
-3.170241e-009	0.0170654
-3.145241e-009	0.0140137
-3.120241e-009	0.0155762
-3.095241e-009	0.0242676
-3.070241e-009	0.0312988
-3.045241e-009	0.011792
-3.020241e-009	0.0072754
-2.995241e-009	0.0267822
-2.970241e-009	0.0249024
-2.945241e-009	0.0219727
-2.920241e-009	0.0306152
-2.895241e-009	0.0314209
-2.870241e-009	0.0335205
-2.845241e-009	0.030249
-2.820241e-009	0.0249756
-2.795241e-009	0.0296387
-2.770241e-009	0.0223389
-2.745241e-009	0.0198486
-2.720241e-009	0.0303955
-2.695241e-009	0.0288086
-2.670241e-009	0.0290039
-2.645241e-009	0.0270752
-2.620241e-009	0.0247559
-2.595241e-009	0.0223877
-2.570241e-009	0.0122803
-2.545241e-009	0.0213135
-2.520241e-009	0.0187012
-2.495241e-009	-0.000976555
-2.470241e-009	0.00781251
-2.445241e-009	0.017334
-2.420241e-009	0.0238525
-2.395241e-009	0.0319824
-2.370241e-009	0.0194092
-2.345241e-009	0.0144775
-2.320241e-009	0.0158447
-2.295241e-009	0.0123779
-2.270241e-009	0.0188721
-2.245241e-009	0.019043
-2.220241e-009	0.0165283
-2.195241e-009	0.0190674
-2.170241e-009	0.0130859
-2.145241e-009	0.0156494
-2.120241e-009	0.029419
-2.095241e-009	0.0208496
-2.070241e-009	0.00637208
-2.045241e-009	0.0115479
-2.020241e-009	0.0209961
-1.995241e-009	0.028418
-1.970241e-009	0.0229248
-1.945241e-009	0.0159424
-1.920241e-009	0.0183594
-1.895241e-009	0.0166992
-1.870241e-009	0.0263184
-1.845241e-009	0.0302979
-1.820241e-009	0.0244141
-1.795241e-009	0.0315674
-1.770241e-009	0.0253418
-1.745241e-009	0.0143066
-1.720241e-009	0.0205566
-1.695241e-009	0.026416
-1.670241e-009	0.027002
-1.645241e-009	0.021167
-1.620241e-009	0.0225342
-1.595241e-009	0.0356934
-1.570241e-009	0.0247559
-1.545241e-009	0.0115479
-1.520241e-009	0.0286133
-1.495241e-009	0.0303467
-1.470241e-009	0.0195557
-1.445241e-009	0.0226074
-1.420241e-009	0.0218262
-1.395241e-009	0.017627
-1.370241e-009	0.00773927
-1.345241e-009	0.00600587
-1.320241e-009	0.0208008
-1.295241e-009	0.023877
-1.270241e-009	0.0193604
-1.245241e-009	0.0181885
-1.220241e-009	0.0182129
-1.195241e-009	0.0188477
-1.170241e-009	0.0125
-1.145241e-009	0.0145996
-1.120241e-009	0.019751
-1.095241e-009	0.0119629
-1.070241e-009	0.0226563
-1.045241e-009	0.0320313
-1.020241e-009	0.0219238
-9.952415e-010	0.0272217
-9.702415e-010	0.0209229
-9.452415e-010	0.0115479
-9.202415e-010	0.0221436
-8.952415e-010	0.0223145
-8.702415e-010	0.0276367
-8.452415e-010	0.0304199
-8.202415e-010	0.0266602
-7.952415e-010	0.0207764
-7.702415e-010	0.0025879
-7.452415e-010	0.0256592
-7.202415e-010	0.0465332
-6.952415e-010	0.01875
-6.702415e-010	0.0148193
-6.452415e-010	0.0180176
-6.202415e-010	0.0128662
-5.952415e-010	0.0228272
-5.702415e-010	0.0190186
-5.452415e-010	0.0207275
-5.202415e-010	0.0313965
-4.952415e-010	0.028833
-4.702415e-010	0.0278809
-4.452415e-010	0.0153076
-4.202415e-010	0.0138184
-3.952415e-010	0.0366455
-3.702415e-010	0.0317139
-3.452415e-010	0.017334
-3.202415e-010	0.0145996
-2.952415e-010	0.0038086
-2.702415e-010	0.000781257
-2.452415e-010	-0.00351562
-2.202415e-010	-0.0193115
-1.952415e-010	-0.0179687
-1.702415e-010	-0.0270508
-1.452415e-010	-0.0743896
-1.202415e-010	-0.106006
-9.524148e-011	-0.123096
-7.024148e-011	-0.155078
-4.524148e-011	-0.177759
-2.024148e-011	-0.211475
4.758523e-012	-0.25769
2.975852e-011	-0.285376
5.475852e-011	-0.318042
7.975852e-011	-0.377612
1.047585e-010	-0.443799
1.297585e-010	-0.485693
1.547585e-010	-0.529834
1.797585e-010	-0.590967
2.047585e-010	-0.636694
2.297585e-010	-0.689038
2.547585e-010	-0.73584
2.797585e-010	-0.770239
3.047585e-010	-0.823657
3.297585e-010	-0.859375
3.547585e-010	-0.888867
3.797585e-010	-0.924731
4.047585e-010	-0.945435
4.297585e-010	-0.967261
4.547585e-010	-0.971558
4.797585e-010	-0.970728
5.047585e-010	-0.972656
5.297585e-010	-0.962427
5.547585e-010	-0.942993
5.797585e-010	-0.903271
6.047585e-010	-0.88252
6.297585e-010	-0.858618
6.547585e-010	-0.799585
6.797585e-010	-0.760205
7.047585e-010	-0.713452
7.297585e-010	-0.642456
7.547585e-010	-0.59458
7.797585e-010	-0.547437
8.047585e-010	-0.482715
8.297585e-010	-0.426978
8.547585e-010	-0.372559
8.797585e-010	-0.319897
9.047585e-010	-0.269751
9.297585e-010	-0.228223
9.547585e-010	-0.211523
9.797585e-010	-0.164941
1.004759e-009	-0.115454
1.029759e-009	-0.102905
1.054759e-009	-0.0726562
1.079759e-009	-0.0541504
1.104759e-009	-0.0381592
1.129759e-009	-0.000219719
1.154759e-009	0.00769044
1.179759e-009	0.0209229
1.204759e-009	0.0444824
1.229759e-009	0.035791
1.254759e-009	0.0488281
1.279759e-009	0.077832
1.304759e-009	0.0622559
1.329759e-009	0.0543945
1.354759e-009	0.072876
1.379759e-009	0.075415
1.404759e-009	0.0738525
1.429759e-009	0.0698975
1.454759e-009	0.0670166
1.479759e-009	0.0671875
1.504759e-009	0.061084
1.529759e-009	0.0578125
1.554759e-009	0.0560547
1.579759e-009	0.064209
1.604759e-009	0.0611328
1.629759e-009	0.0308594
1.654759e-009	0.0274414
1.679759e-009	0.0446045
1.704759e-009	0.0338867
1.729759e-009	0.0194336
1.754759e-009	0.0158936
1.779759e-009	0.00915528
1.804759e-009	0.00646973
1.829759e-009	0.000415047
1.854759e-009	-0.0083496
1.879759e-009	-0.0145264
1.904759e-009	-0.0228516
1.929759e-009	-0.0222412
1.954759e-009	-0.0245605
1.979759e-009	-0.0220215
2.004759e-009	-0.00749511
2.029759e-009	-0.0200439
2.054759e-009	-0.0275635
2.079759e-009	-0.0215332
2.104759e-009	-0.0383301
2.129759e-009	-0.0317139
2.154759e-009	-0.0194336
2.179759e-009	-0.0248291
2.204759e-009	-0.00837402
2.229759e-009	-0.00100097
2.254759e-009	-0.00214843
2.279759e-009	0.00939942
2.304759e-009	0.019043
2.329759e-009	0.0287109
2.354759e-009	0.020874
2.379759e-009	0.0130371
2.404759e-009	0.0215088
2.429759e-009	0.0178955
2.454759e-009	0.0220459
2.479759e-009	0.0340576
2.504759e-009	0.0358643
2.529759e-009	0.0412109
2.554759e-009	0.0261475
2.579759e-009	0.0187988
2.604759e-009	0.037793
2.629759e-009	0.0295654
2.654759e-009	0.0256104
2.679759e-009	0.0267578
2.704759e-009	0.02229
2.729759e-009	0.042749
2.754759e-009	0.044165
2.779759e-009	0.0415527
2.804759e-009	0.0447754
2.829759e-009	0.0244141
2.854759e-009	0.0175781
2.879759e-009	0.0195801
2.904759e-009	0.0212158
2.929759e-009	0.025
2.954759e-009	0.0145508
2.979759e-009	0.012207
3.004759e-009	0.0194824
3.029759e-009	0.0109619
3.054759e-009	0.00756837
3.079759e-009	0.0134277
3.104759e-009	0.0019043
3.129759e-009	0.00336915
3.154759e-009	0.0220703
3.179759e-009	0.0226074
3.204759e-009	0.0128906
3.229759e-009	0.00505372
3.254759e-009	0.010669
3.279759e-009	0.0174316
3.304759e-009	0.0138916
3.329759e-009	0.0166504
3.354759e-009	0.0243164
3.379759e-009	0.0352051
3.404759e-009	0.0345215
3.429759e-009	0.0252686
3.454759e-009	0.0330078
3.479759e-009	0.0389893
3.504759e-009	0.0381592
3.529759e-009	0.0416992
3.554759e-009	0.0322266
3.579759e-009	0.0319092
3.604759e-009	0.0518555
3.629759e-009	0.0552246
3.654759e-009	0.0472656
3.679759e-009	0.0397217
3.704759e-009	0.0386475
3.729759e-009	0.0435059
3.754759e-009	0.0386719
3.779759e-009	0.0381104
3.804759e-009	0.0318115
3.829759e-009	0.0175293
3.854759e-009	0.0202637
3.879759e-009	0.022583
3.904759e-009	0.0105713
3.929759e-009	0.00742188
3.954759e-009	0.00773927
3.979759e-009	-0.00593261
4.004759e-009	-0.00422363
4.029759e-009	-0.0043457
4.054759e-009	-0.0196777
4.079759e-009	-0.0226318
4.104759e-009	-0.0359619
4.129759e-009	-0.0331787
4.154759e-009	-0.0157715
4.179759e-009	-0.0253906
4.204759e-009	-0.0280029
4.229759e-009	-0.0279053
4.254759e-009	-0.0234619
4.279759e-009	-0.0101074
4.304759e-009	-0.020166
4.329759e-009	-0.0240478
4.354759e-009	-0.00788573
4.379759e-009	0.00556641
4.404759e-009	0.0129883
4.429759e-009	0.0219727
4.454759e-009	0.033667
4.479759e-009	0.0344971
4.504759e-009	0.0308594
4.529759e-009	0.0319336
4.554759e-009	0.0435059
4.579759e-009	0.0623047
4.604759e-009	0.0638916
4.629759e-009	0.0481201
4.654759e-009	0.0421143
4.679759e-009	0.053833
4.704759e-009	0.0528809
4.729759e-009	0.0526611
4.754759e-009	0.070166
4.779759e-009	0.0669922
4.804759e-009	0.0588867
4.829759e-009	0.0537354
4.854759e-009	0.0381592
4.879759e-009	0.0411377
4.904759e-009	0.0479492
4.929759e-009	0.0423096
4.954759e-009	0.0295654
4.979759e-009	0.0164795
5.004759e-009	0.017334
5.029759e-009	0.0113525
5.054759e-009	0.00771485
5.079759e-009	0.0147217
5.104759e-009	0.00471192
5.129759e-009	0.00871583
5.154759e-009	0.0116211
5.179759e-009	-0.0200928
5.204759e-009	-0.0278076
5.229759e-009	-0.0173096
5.254759e-009	-0.0196289
5.279759e-009	-0.0173096
5.304759e-009	-0.0210937
5.329759e-009	-0.0189697
5.354759e-009	-0.0128906
5.379759e-009	-0.0168701
5.404759e-009	-0.0116943
5.429759e-009	-0.0173096
5.454759e-009	-0.0202393
5.479759e-009	0.000708015
5.504759e-009	0.00031739
5.529759e-009	-0.000146477
5.554759e-009	0.0160645
5.579759e-009	0.0162354
5.604759e-009	0.0147461
5.629759e-009	0.00463868
5.654759e-009	0.00688477
5.679759e-009	0.0337891
5.704759e-009	0.0332764
5.729759e-009	0.029419
5.754759e-009	0.0292969
5.779759e-009	0.0266602
5.804759e-009	0.0364502
5.829759e-009	0.0207031
5.854759e-009	0.0221191
5.879759e-009	0.0457275
5.904759e-009	0.0304443
5.929759e-009	0.0230225
5.954759e-009	0.026709
5.979759e-009	0.0304443
6.004759e-009	0.0418945
6.029759e-009	0.0221191
6.054759e-009	0.0255615
6.079759e-009	0.059082
6.104759e-009	0.0523193
6.129759e-009	0.0380371
6.154759e-009	0.0378174
6.179759e-009	0.0382813
6.204759e-009	0.0344483
6.229759e-009	0.0274414
6.254759e-009	0.0270752
6.279759e-009	0.0230957
6.304759e-009	0.0278809
6.329759e-009	0.03125
6.354759e-009	0.021582
6.379759e-009	0.0270508
6.404759e-009	0.0272461
6.429759e-009	0.0134033
6.454759e-009	0.0108887
6.479759e-009	0.0118897
6.504759e-009	0.0136719
6.529759e-009	0.00512696
6.554759e-009	-0.0185791
6.579759e-009	-0.00969238
6.604759e-009	0.00678712
6.629759e-009	-0.0155029
6.654759e-009	-0.0134277
6.679759e-009	0.00031739
6.704759e-009	-0.0145264
6.729759e-009	-0.00961913
6.754759e-009	-0.00195312
6.779759e-009	-0.00783691
6.804759e-009	-0.0050537
6.829759e-009	-0.00605468
6.854759e-009	-0.00378417
6.879759e-009	0.00703126
6.904759e-009	0.00983887
6.929759e-009	0.00598145
6.954759e-009	0.0134277
6.979759e-009	0.0276856
7.004759e-009	0.0206543
7.029759e-009	0.00454102
7.054759e-009	0.0103027
7.079759e-009	0.0188721
7.104759e-009	0.0173096
7.129759e-009	0.0206299
7.154759e-009	0.0216553
7.179759e-009	0.026416
7.204759e-009	0.0323731
7.229759e-009	0.0270996
7.254759e-009	0.0293213
7.279759e-009	0.0335205
7.304759e-009	0.0323731
7.329759e-009	0.0331055
7.354759e-009	0.0267334
7.379759e-009	0.0244629
7.404759e-009	0.0301025
7.429759e-009	0.0262207
7.454759e-009	0.0243164
7.479759e-009	0.0240479
7.504759e-009	0.0111084
7.529759e-009	0.0173096
7.554759e-009	0.0291992
7.579759e-009	0.0148926
7.604759e-009	0.0155518
7.629759e-009	0.0104492
7.654759e-009	-0.00686034
7.679759e-009	0.0134277
7.704759e-009	0.0282227
7.729759e-009	0.0227539
7.754759e-009	0.022168
7.779759e-009	0.0179199
7.804759e-009	0.0204834
7.829759e-009	0.0224609
7.854759e-009	0.0076172
7.879759e-009	0.0022461
7.904759e-009	0.0147461
7.929759e-009	0.00124512
7.954759e-009	-0.00778808
7.979759e-009	0.0237061
8.004759e-009	0.0289063
8.029759e-009	0.014209
8.054759e-009	0.0299316
8.079759e-009	0.0426514
8.104759e-009	0.0291992
8.129759e-009	0.0185059
8.154759e-009	0.0182617
8.179759e-009	0.0218262
8.204759e-009	0.0346924
8.229759e-009	0.0346924
8.254759e-009	0.0282715
8.279759e-009	0.0374756
8.304759e-009	0.0375
8.329759e-009	0.0301025
8.354759e-009	0.0287109
8.379759e-009	0.032666
8.404759e-009	0.0383789
8.429759e-009	0.0267578
8.454759e-009	0.0175293
8.479759e-009	0.0106201
8.504759e-009	-0.00988769
8.529759e-009	0.000952156
8.554759e-009	0.0152344
8.579759e-009	-0.00139159
8.604759e-009	-0.00241698
8.629759e-009	0.010376
8.654759e-009	0.0138672
8.679759e-009	0.0038086
8.704759e-009	-0.00402831
8.729759e-009	-0.00981445
8.754759e-009	-0.0226318
8.779759e-009	-0.00937499
8.804759e-009	0.0118408
8.829759e-009	0.0104248
8.854759e-009	0.00566407
8.879759e-009	0.00534669
8.904759e-009	0.00839845
8.929759e-009	0.00871583
8.954759e-009	-0.00300292
8.979759e-009	0.00419923
9.004759e-009	0.0327393
9.029759e-009	0.0156006
9.054759e-009	0.00273438
9.079759e-009	0.0338623
9.104759e-009	0.0278076
9.129759e-009	0.0167969
9.154759e-009	0.0276367
9.179759e-009	0.0339844
9.204759e-009	0.0436279
9.229759e-009	0.0371826
9.254759e-009	0.0313233
9.279759e-009	0.0344238
9.304759e-009	0.0379395
9.329759e-009	0.0422363
9.354759e-009	0.0295899
9.379759e-009	0.0310059
9.404759e-009	0.0507813
9.429759e-009	0.0468506
9.454759e-009	0.0350342
9.479759e-009	0.0361816
9.504759e-009	0.0317627
9.529759e-009	0.0299316
9.554759e-009	0.0345215
9.579759e-009	0.0195313
9.604759e-009	0.0152588
9.629759e-009	0.0303955
9.654759e-009	0.0242676
9.679759e-009	0.0149414
9.704759e-009	0.00998536
9.729759e-009	0.000146492
9.754759e-009	0.000732429
9.779759e-009	0.0129395
9.804759e-009	0.017627
9.829759e-009	-9.76488e-005
9.854759e-009	-0.00822753
9.879759e-009	-0.00524902
9.904759e-009	-0.00461425
9.929759e-009	0.00214844
9.954759e-009	-0.00715331
9.979759e-009	-0.00546874
1.000476e-008	0.00830079
1.002976e-008	0.0008545
1.005476e-008	0.00256348
1.007976e-008	-0.000659172
1.010476e-008	-0.0125488
1.012976e-008	0.0128174
1.015476e-008	0.0276611
1.017976e-008	0.00639649
1.020476e-008	0.00927735
1.022976e-008	0.0200928
1.025476e-008	0.019751
1.027976e-008	0.0251709
1.030476e-008	0.0259277
1.032976e-008	0.0328125
1.035476e-008	0.03479
1.037976e-008	0.0319824
1.040476e-008	0.0375
1.042976e-008	0.0321777
1.045476e-008	0.0381592
1.047976e-008	0.0478272
1.050476e-008	0.0388428
1.052976e-008	0.0401611
1.055476e-008	0.0417969
1.057976e-008	0.0413574
1.060476e-008	0.0549561
1.062976e-008	0.0498535
1.065476e-008	0.0321533
1.067976e-008	0.0358154
1.070476e-008	0.0449707
1.072976e-008	0.0408691
1.075476e-008	0.028833
1.077976e-008	0.0349121
1.080476e-008	0.0465576
1.082976e-008	0.0256592
1.085476e-008	0.0175781
1.087976e-008	0.0353027
1.090476e-008	0.0288086
1.092976e-008	0.0237305
1.095476e-008	0.0265869
1.097976e-008	0.0186035
1.100476e-008	0.0155029
1.102976e-008	0.00136719
1.105476e-008	-0.00246581
1.107976e-008	0.0090088
1.110476e-008	-0.000634758
1.112976e-008	0.00231934
1.115476e-008	0.00595704
1.117976e-008	-0.010376
1.120476e-008	0.000146492
1.122976e-008	0.0124268
1.125476e-008	-0.00954589
1.127976e-008	-0.0134277
1.130476e-008	0.0121826
1.132976e-008	0.0147217
1.135476e-008	0.0060547
1.137976e-008	0.00168458
1.140476e-008	-0.0117676
1.142976e-008	-0.00717773
1.145476e-008	0.0144287
1.147976e-008	0.0088379
1.150476e-008	-0.0106445
1.152976e-008	-0.000537102
1.155476e-008	0.00915528
1.157976e-008	0.00891114
1.160476e-008	0.0163574
1.162976e-008	0.00393067
1.165476e-008	-0.00529784
1.167976e-008	0.00368653
1.170476e-008	0.014917
1.172976e-008	0.019165
1.175476e-008	0.00202637
1.177976e-008	0.00522462
1.180476e-008	0.018042
1.182976e-008	0.00480958
1.185476e-008	0.0076172
1.187976e-008	0.00668946
1.190476e-008	-0.00832519
1.192976e-008	0.00180665
1.195476e-008	0.00666505
1.197976e-008	0.00998536
1.200476e-008	0.0273193
1.202976e-008	0.0175049
1.205476e-008	-0.00354003
1.207976e-008	-0.00185546
1.210476e-008	0.00581055
1.212976e-008	0.00524903
1.215476e-008	0.00720216
1.217976e-008	0.0170899
1.220476e-008	0.0217774
1.222976e-008	0.0228272
1.225476e-008	0.0295654
1.227976e-008	0.0302246
1.230476e-008	0.0219971
1.232976e-008	0.0240967
1.235476e-008	0.0269531
1.237976e-008	0.0184815
1.240476e-008	0.020044
1.242976e-008	0.0273193
1.245476e-008	0.0300293
1.247976e-008	0.0349854
1.250476e-008	0.0408447
1.252976e-008	0.0436279
1.255476e-008	0.0390137
1.257976e-008	0.0490479
1.260476e-008	0.0567627
1.262976e-008	0.0360352
1.265476e-008	0.0389404
1.267976e-008	0.0494141
1.270476e-008	0.0342041
1.272976e-008	0.0383301
1.275476e-008	0.0382813
1.277976e-008	0.0212158
1.280476e-008	0.0336182
1.282976e-008	0.0432373
1.285476e-008	0.0289307
1.287976e-008	0.0279297
1.290476e-008	0.0345703
1.292976e-008	0.034668
1.295476e-008	0.0360108
1.297976e-008	0.0372315
1.300476e-008	0.0335938
1.302976e-008	0.0250733
1.305476e-008	0.0121826
1.307976e-008	-0.00131835
1.310476e-008	-0.000537102
1.312976e-008	0.013501
1.315476e-008	0.0181397
1.317976e-008	0.0091797
1.320476e-008	0.00666505
1.322976e-008	0.0116211
1.325476e-008	0.00620118
1.327976e-008	-0.0067871
1.330476e-008	-0.00996093
1.332976e-008	0.00515137
1.335476e-008	0.0135742
1.337976e-008	0.0142334
1.340476e-008	0.0258789
1.342976e-008	0.0228272
1.345476e-008	0.0217285
1.347976e-008	0.0296143
1.350476e-008	0.0236572
1.352976e-008	0.0300781
1.355476e-008	0.0376953
1.357976e-008	0.0351563
1.360476e-008	0.0376465
1.362976e-008	0.0303223
1.365476e-008	0.0176514
1.367976e-008	0.0167481
1.370476e-008	0.0260498
1.372976e-008	0.0394287
1.375476e-008	0.0476074
1.377976e-008	0.0472412
1.380476e-008	0.0458252
1.382976e-008	0.0446045
1.385476e-008	0.0409668
1.387976e-008	0.0312988
1.390476e-008	0.0233643
1.392976e-008	0.0289063
1.395476e-008	0.03479
1.397976e-008	0.0313721
1.400476e-008	0.0267578
1.402976e-008	0.0262451
1.405476e-008	0.0237793
1.407976e-008	0.0216065
1.410476e-008	0.025
1.412976e-008	0.0239258
1.415476e-008	0.0187012
1.417976e-008	0.0200195
1.420476e-008	0.0230469
1.422976e-008	0.00478516
1.425476e-008	-0.00937499
1.427976e-008	0.00297852
1.430476e-008	0.00183106
1.432976e-008	-0.00217284
1.435476e-008	0.00427247
1.437976e-008	0.00131837
1.440476e-008	-0.00178222
1.442976e-008	0.00407716
1.445476e-008	0.0125244
1.447976e-008	0.0090088
1.450476e-008	-0.00134277
1.452976e-008	-0.015332
1.455476e-008	-0.0192139
1.457976e-008	0.000170906
1.460476e-008	0.00456544
1.462976e-008	-0.00263671
1.465476e-008	0.00651856
1.467976e-008	0.0123047
1.470476e-008	0.00800782
1.472976e-008	0.00725098
1.475476e-008	0.00961915
1.477976e-008	0.01604
1.480476e-008	0.0270264
1.482976e-008	0.0286621
1.485476e-008	0.0310791
1.487976e-008	0.0337647
1.490476e-008	0.0185059
1.492976e-008	0.0194092
1.495476e-008	0.0303711
1.497976e-008	0.0258301
1.500476e-008	0.0329346
1.502976e-008	0.0370606
1.505476e-008	0.0368652
1.507976e-008	0.0392822
1.510476e-008	0.0270752
1.512976e-008	0.0272949
1.515476e-008	0.0309815
1.517976e-008	0.0302246
1.520476e-008	0.0377686
1.522976e-008	0.0345703
1.525476e-008	0.0409668
1.527976e-008	0.0463867
1.530476e-008	0.0340576
1.532976e-008	0.0342529
1.535476e-008	0.02229
1.537976e-008	0.0090088
1.540476e-008	0.0266602
1.542976e-008	0.0221191
1.545476e-008	0.00393067
1.547976e-008	0.0145264
1.550476e-008	0.0119385
1.552976e-008	-0.00283202
1.555476e-008	0.00300294
1.557976e-008	0.0107178
1.560476e-008	0.00935059
1.562976e-008	0.00668946
1.565476e-008	0.0147217
1.567976e-008	0.0168945
1.570476e-008	0.00361329
1.572976e-008	-0.00202636
1.575476e-008	0.0022461
1.577976e-008	0.0128174
1.580476e-008	0.00639649
1.582976e-008	-0.0110596
1.585476e-008	0.00183106
1.587976e-008	0.0216309
1.590476e-008	0.0177979
1.592976e-008	0.0111084
1.595476e-008	0.0204102
1.597976e-008	0.0275391
1.600476e-008	0.0217041
1.602976e-008	0.023169
1.605476e-008	0.0306397
1.607976e-008	0.0293213
1.610476e-008	0.0288818
1.612976e-008	0.0259277
1.615476e-008	0.0149902
1.617976e-008	0.0303467
1.620476e-008	0.0459229
1.622976e-008	0.0269043
1.625476e-008	0.0261963
1.627976e-008	0.0331055
1.630476e-008	0.0194092
1.632976e-008	0.0270752
1.635476e-008	0.0346191
1.637976e-008	0.0193359
1.640476e-008	0.021167
1.642976e-008	0.0270752
1.645476e-008	0.0235352
1.647976e-008	0.0321045
1.650476e-008	0.0220947
1.652976e-008	0.00310059
1.655476e-008	0.0239014
1.657976e-008	0.0374024
1.660476e-008	0.0192139
1.662976e-008	0.0111572
1.665476e-008	0.010791
1.667976e-008	0.00908204
1.670476e-008	0.0128418
1.672976e-008	0.0253418
1.675476e-008	0.0260742
1.677976e-008	0.0200684
1.680476e-008	0.0299072
1.682976e-008	0.0134033
1.685476e-008	-0.00146484
1.687976e-008	0.0186279
1.690476e-008	0.0202149
1.692976e-008	0.0181397
1.695476e-008	0.0171143
1.697976e-008	0.00678712
1.700476e-008	0.017041
1.702976e-008	0.0191162
1.705476e-008	0.00861817
1.707976e-008	0.0243408
1.710476e-008	0.0337891
1.712976e-008	0.0193359
1.715476e-008	0.0184815
1.717976e-008	0.0212647
1.720476e-008	0.0122559
1.722976e-008	0.0151123
1.725476e-008	0.0310791
1.727976e-008	0.0302734
1.730476e-008	0.0244873
1.732976e-008	0.0322266
1.735476e-008	0.0228272
1.737976e-008	0.0147461
1.740476e-008	0.0147461
1.742976e-008	0.0148438
1.745476e-008	0.0391113
1.747976e-008	0.0358154
1.750476e-008	0.00888673
1.752976e-008	0.0171387
1.755476e-008	0.0306397
1.757976e-008	0.0289795
1.760476e-008	0.0238281
1.762976e-008	0.0197266
1.765476e-008	0.0170166
1.767976e-008	0.016919
1.770476e-008	0.019165
1.772976e-008	0.0100098
1.775476e-008	0.0121582
1.777976e-008	0.0303467
1.780476e-008	0.0164551
1.782976e-008	-0.00200195
1.785476e-008	0.00983887
1.787976e-008	0.0120606
1.790476e-008	0.00561524
1.792976e-008	0.00620118
1.795476e-008	0.0083252
1.797976e-008	0.0189697
1.800476e-008	0.0213135
1.802976e-008	0.00764161
1.805476e-008	0.00622559
1.807976e-008	0.0231201
1.810476e-008	0.0273193
1.812976e-008	0.0128906
1.815476e-008	0.00778809
1.817976e-008	0.0223145
1.820476e-008	0.0291016
1.822976e-008	0.00886231
1.825476e-008	0.00295411
1.827976e-008	0.0133301
1.830476e-008	0.0157471
1.832976e-008	0.0314453
1.835476e-008	0.0324951
1.837976e-008	0.0306885
1.840476e-008	0.0489014
1.842976e-008	0.0343506
1.845476e-008	0.0201172
1.847976e-008	0.0281738
1.850476e-008	0.0197022
1.852976e-008	0.0254639
1.855476e-008	0.036792
1.857976e-008	0.0253418
1.860476e-008	0.0254395
1.862976e-008	0.0263184
1.865476e-008	0.0210938
1.867976e-008	0.0267334
1.870476e-008	0.0232178
1.872976e-008	0.0200684
1.875476e-008	0.014624
1.877976e-008	0.00695802
1.880476e-008	0.0228272
1.882976e-008	0.0302734
1.885476e-008	0.0248779
1.887976e-008	0.0214844
1.890476e-008	0.00678712
1.892976e-008	0.000927742
1.895476e-008	0.000927742
1.897976e-008	0.0083252
1.900476e-008	0.0197266
1.902976e-008	-0.00673827
1.905476e-008	-0.0158935
1.907976e-008	0.00939942
1.910476e-008	0.000756843
1.912976e-008	-0.00646972
1.915476e-008	-0.00957031
1.917976e-008	-0.0115478
1.920476e-008	0.0146973
1.922976e-008	0.00664063
1.925476e-008	-0.00297851
1.927976e-008	0.0180664
1.930476e-008	0.00925294
1.932976e-008	0.00314942
1.935476e-008	0.0113281
1.937976e-008	0.0159668
1.940476e-008	0.0269531
1.942976e-008	0.025415
1.945476e-008	0.0223633
1.947976e-008	0.0149658
1.950476e-008	0.00627442
1.952976e-008	0.0261719
1.955476e-008	0.0360596
1.957976e-008	0.034375
1.960476e-008	0.0480225
1.962976e-008	0.0373291
1.965476e-008	0.0184326
1.967976e-008	0.0289307
1.970476e-008	0.0393555
1.972976e-008	0.0286621
1.975476e-008	0.0145996
1.977976e-008	0.0252686
1.980476e-008	0.033252
1.982976e-008	0.0155029
1.985476e-008	0.0166992
1.987976e-008	0.0237061
1.990476e-008	0.01604
1.992976e-008	0.0182861
1.995476e-008	0.00998536
1.997976e-008	0.0097168
2.000476e-008	0.0351074
2.002976e-008	0.0332031
2.005476e-008	0.0175781
2.007976e-008	0.0156006
2.010476e-008	0.0102051
2.012976e-008	0.00581055
2.015476e-008	-0.000366203
2.017976e-008	-0.00351562
2.020476e-008	-0.0067871
2.022976e-008	-0.0146728
2.025476e-008	-9.76488e-005
2.027976e-008	0.0124268
2.030476e-008	0.00498048
2.032976e-008	0.0067627
2.035476e-008	0.00490723
2.037976e-008	-0.00830077
2.040476e-008	-0.00788573
2.042976e-008	0.0116699
2.045476e-008	0.0263428
2.047976e-008	0.0194092
2.050476e-008	0.00869141
2.052976e-008	-0.00263671
2.055476e-008	-0.012085
2.057976e-008	0.00534669
2.060476e-008	0.0210693
2.062976e-008	0.0194824
2.065476e-008	0.0298584
2.067976e-008	0.0219482
2.070476e-008	0.0110352
2.072976e-008	0.034375
2.075476e-008	0.0351807
2.077976e-008	0.0260742
2.080476e-008	0.038794
2.082976e-008	0.0270996
2.085476e-008	0.0215332
2.087976e-008	0.0413086
2.090476e-008	0.0400391
2.092976e-008	0.0327393
2.095476e-008	0.0281738
2.097976e-008	0.0277588
2.100476e-008	0.028418
2.102976e-008	0.0145752
2.105476e-008	0.0201416
2.107976e-008	0.0206543
2.110476e-008	0.00517579
2.112976e-008	0.0225098
2.115476e-008	0.0343506
2.117976e-008	0.0230469
2.120476e-008	0.018335
2.122976e-008	0.0169922
2.125476e-008	0.016333
2.127976e-008	0.0140869
2.130476e-008	0.0157715
2.132976e-008	0.0117432
2.135476e-008	-0.00549316
2.137976e-008	0.00505372
2.140476e-008	0.0203369
2.142976e-008	-0.00161132
2.145476e-008	0.00305177
2.147976e-008	0.0237305
2.150476e-008	0.015332
2.152976e-008	0.0240723
2.155476e-008	0.0234375
2.157976e-008	0.00712891
2.160476e-008	0.0188965
2.162976e-008	0.020166
2.165476e-008	0.0140137
2.167976e-008	0.0202149
2.170476e-008	0.0155274
2.172976e-008	0.0165772
2.175476e-008	0.0217774
2.177976e-008	0.0155518
2.180476e-008	0.017334
2.182976e-008	0.0213379
2.185476e-008	0.0197266
2.187976e-008	0.0195068
2.190476e-008	0.0174316
2.192976e-008	0.0246826
2.195476e-008	0.0328613
2.197976e-008	0.0328369
2.200476e-008	0.0334961
2.202976e-008	0.0224121
2.205476e-008	0.0214111
2.207976e-008	0.0337402
2.210476e-008	0.0196533
2.212976e-008	0.0182373
2.215476e-008	0.0368408
2.217976e-008	0.0297608
2.220476e-008	0.0174316
2.222976e-008	0.00524903
2.225476e-008	0.0101318
2.227976e-008	0.033667
2.230476e-008	0.0208984
2.232976e-008	0.00603028
2.235476e-008	0.00947266
2.237976e-008	0.00568848
2.240476e-008	0.014624
2.242976e-008	0.0167236
2.245476e-008	0.00471192
2.247976e-008	0.010083
2.250476e-008	0.0216065
2.252976e-008	0.018457
2.255476e-008	0.0102783
2.257976e-008	0.020459
2.260476e-008	0.0218018
2.262976e-008	-0.00725097
2.265476e-008	-0.00485839
2.267976e-008	0.022876
2.270476e-008	0.0186279
2.272976e-008	0.00698243
2.275476e-008	0.0129639
2.277976e-008	0.0267334
2.280476e-008	0.0294922
2.282976e-008	0.0242432
2.285476e-008	0.0188721
2.287976e-008	0.0113037
2.290476e-008	0.0225586
2.292976e-008	0.0209473
2.295476e-008	0.00600587
2.297976e-008	0.0244385
2.300476e-008	0.0286865
2.302976e-008	0.0172363
2.305476e-008	0.0211914
2.307976e-008	0.018335
2.310476e-008	0.0233399
2.312976e-008	0.0278076
2.315476e-008	0.0258789
2.317976e-008	0.0237793
2.320476e-008	0.0196533
2.322976e-008	0.0310791
2.325476e-008	0.0205566
2.327976e-008	0.00285645
2.330476e-008	0.0127197
2.332976e-008	0.0172363
2.335476e-008	0.0190674
2.337976e-008	0.00957032
2.340476e-008	0.00312501
2.342976e-008	0.0097168
2.345476e-008	0.0164551
2.347976e-008	0.0333252
2.350476e-008	0.021582
2.352976e-008	0.0083252
2.355476e-008	0.0259033
2.357976e-008	0.0246338
2.360476e-008	0.00539552
2.362976e-008	-0.00456542
2.365476e-008	0.00585938
2.367976e-008	0.0161377
2.370476e-008	0.0171875
2.372976e-008	0.0127197
2.375476e-008	-0.00476073
2.377976e-008	-0.000439446
2.380476e-008	0.0267334
2.382976e-008	0.0300049
2.385476e-008	0.008667
2.387976e-008	-0.000488274
2.390476e-008	0.00473634
2.392976e-008	0.00810548
2.395476e-008	0.0245606
2.397976e-008	0.0361084
2.400476e-008	0.0189453
2.402976e-008	0.00803223
2.405476e-008	0.0204102
2.407976e-008	0.0237305
2.410476e-008	0.0114014
2.412976e-008	0.0179199
2.415476e-008	0.0330078
2.417976e-008	0.0328858
2.420476e-008	0.0306885
2.422976e-008	0.0233154
2.425476e-008	0.0177002
2.427976e-008	0.0211182
2.430476e-008	0.0212647
2.432976e-008	0.0326172
2.435476e-008	0.0385986
2.437976e-008	0.0266846
2.440476e-008	0.0255127
2.442976e-008	0.0179932
2.445476e-008	0.0140381
2.447976e-008	0.0313477
2.450476e-008	0.0306885
2.452976e-008	0.0214844
2.455476e-008	0.0141113
2.457976e-008	0.00939942
2.460476e-008	0.0171387
2.462976e-008	0.0129639
2.465476e-008	0.0135742
2.467976e-008	0.0138428
2.470476e-008	-0.00214843
2.472976e-008	0.00637208
2.475476e-008	0.0152832
2.477976e-008	0.0081543
2.480476e-008	0.000683601
2.482976e-008	-0.0113281
2.485476e-008	0.00336915
2.487976e-008	0.0166992
2.490476e-008	0.00168458
2.492976e-008	-0.00844726
2.495476e-008	-0.00524902
2.497976e-008	0.0120117
2.500476e-008	0.0151856
2.502976e-008	0.0104248
2.505476e-008	0.018335
2.507976e-008	0.0126709
2.510476e-008	0.015625
2.512976e-008	0.0253906
2.515476e-008	0.0186279
2.517976e-008	0.0202881
2.520476e-008	0.0187012
2.522976e-008	0.012793
2.525476e-008	0.0247315
2.527976e-008	0.0209717
2.530476e-008	0.00349122
2.532976e-008	0.0147461
2.535476e-008	0.0269775
2.537976e-008	0.0201172
2.540476e-008	0.0189453
2.542976e-008	0.025
2.545476e-008	0.0280762
2.547976e-008	0.0119873
2.550476e-008	-0.00600585
2.552976e-008	0.00498048
2.555476e-008	0.0182373
2.557976e-008	0.0229736
2.560476e-008	0.0305908
2.562976e-008	0.024585
2.565476e-008	0.0184815
2.567976e-008	0.0291504
2.570476e-008	0.0333496
2.572976e-008	0.0209473
2.575476e-008	0.0155762
2.577976e-008	0.0252441
2.580476e-008	0.0244629
2.582976e-008	0.0219971
2.585476e-008	0.026709
2.587976e-008	0.0180176
2.590476e-008	0.0143799
2.592976e-008	0.0243897
2.595476e-008	0.0222168
2.597976e-008	0.00302735
2.600476e-008	-0.0050537
2.602976e-008	0.00466309
2.605476e-008	0.0155762
2.607976e-008	0.0265869
2.610476e-008	0.0175049
2.612976e-008	0.00720216
2.615476e-008	0.0125977
2.617976e-008	0.0083252
2.620476e-008	0.011084
2.622976e-008	0.00805665
2.625476e-008	0.00310059
2.627976e-008	0.0116943
2.630476e-008	0.0108643
2.632976e-008	0.0185303
2.635476e-008	0.0206055
2.637976e-008	0.0186279
2.640476e-008	0.026001
2.642976e-008	0.0100098
2.645476e-008	0.00256348
2.647976e-008	0.0119629
2.650476e-008	0.00961915
2.652976e-008	0.0125732
2.655476e-008	0.0230225
2.657976e-008	0.0337647
2.660476e-008	0.0341309
2.662976e-008	0.0201416
2.665476e-008	0.0110352
2.667976e-008	0.0128662
2.670476e-008	0.0184815
2.672976e-008	0.019458
2.675476e-008	0.0212891
2.677976e-008	0.0280274
2.680476e-008	0.0245117
2.682976e-008	0.0182861
2.685476e-008	0.0248291
2.687976e-008	0.0245361
2.690476e-008	0.0171631
2.692976e-008	0.0301758
2.695476e-008	0.0251221
2.697976e-008	-2.44066e-005
2.700476e-008	0.0156982
2.702976e-008	0.0264649
2.705476e-008	0.0169678
2.707976e-008	0.0284912
2.710476e-008	0.0301758
2.712976e-008	0.0218994
2.715476e-008	0.0183838
2.717976e-008	0.025293
2.720476e-008	0.0331055
2.722976e-008	0.0132324
2.725476e-008	-0.00346679
2.727976e-008	0.00361329
2.730476e-008	0.0166016
2.732976e-008	0.0212158
2.735476e-008	0.0109131
2.737976e-008	0.0147949
2.740476e-008	0.0299072
2.742976e-008	0.0199707
2.745476e-008	0.0100586
2.747976e-008	0.0165772
2.750476e-008	0.011084
2.752976e-008	0.00773927
2.755476e-008	0.014209
2.757976e-008	0.0193604
2.760476e-008	0.0251709
2.762976e-008	0.0100586
2.765476e-008	0.00351563
2.767976e-008	0.0249268
2.770476e-008	0.0256836
2.772976e-008	0.0125244
2.775476e-008	0.00310059
2.777976e-008	0.00541993
2.780476e-008	0.0164307
2.782976e-008	0.0102783
2.785476e-008	0.0147461
2.787976e-008	0.0256592
2.790476e-008	0.0240723
2.792976e-008	0.0260986
2.795476e-008	0.0182617
2.797976e-008	0.0204346
2.800476e-008	0.0271484
2.802976e-008	0.0171387
2.805476e-008	0.0256104
2.807976e-008	0.0281006
2.810476e-008	0.0130371
2.812976e-008	0.0142822
2.815476e-008	0.00949708
2.817976e-008	0.0083252
2.820476e-008	0.0303711
2.822976e-008	0.0310547
2.825476e-008	0.0198242
2.827976e-008	0.0272705
2.830476e-008	0.0212402
2.832976e-008	0.020752
2.835476e-008	0.0280274
2.837976e-008	0.00563966
2.840476e-008	0.00773927
2.842976e-008	0.027124
2.845476e-008	0.0242676
2.847976e-008	0.025415
2.850476e-008	0.0164551
2.852976e-008	0.0121582
2.855476e-008	0.0238525
2.857976e-008	0.0283203
2.860476e-008	0.0267334
2.862976e-008	0.0163818
2.865476e-008	0.0183594
2.867976e-008	0.0219727
2.870476e-008	0.00898438
2.872976e-008	0.0104248
2.875476e-008	0.0225098
2.877976e-008	0.0245117
2.880476e-008	0.0164551
2.882976e-008	0.0124512
2.885476e-008	0.016919
2.887976e-008	0.0226563
2.890476e-008	0.0282471
2.892976e-008	0.0148193
2.895476e-008	0.000439461
2.897976e-008	0.0157959
2.900476e-008	0.0230713
2.902976e-008	0.0133545
2.905476e-008	0.0165283
2.907976e-008	0.0228516
2.910476e-008	0.0237793
2.912976e-008	0.0233643
2.915476e-008	0.0164795
2.917976e-008	0.00473634
2.920476e-008	0.00930177
2.922976e-008	0.0208008
2.925476e-008	0.0148193
2.927976e-008	0.016333
2.930476e-008	0.0224365
2.932976e-008	0.0150391
2.935476e-008	0.0121338
2.937976e-008	0.0125977
2.940476e-008	0.00847169
2.942976e-008	0.00195313
2.945476e-008	0.000366218
2.947976e-008	0.00246583
2.950476e-008	0.00192872
2.952976e-008	0.00253907
2.955476e-008	0.00629884
2.957976e-008	0.0172852
2.960476e-008	0.0207275
2.962976e-008	0.0111084
2.965476e-008	0.0166748
2.967976e-008	0.0288574
2.970476e-008	0.0250977
2.972976e-008	0.0135254
2.975476e-008	0.00937501
2.977976e-008	0.020874
2.980476e-008	0.026416
2.982976e-008	0.0258545
2.985476e-008	0.0297119
2.987976e-008	0.0113281
2.990476e-008	0.00568848
2.992976e-008	0.0312256
2.995476e-008	0.0312012
2.997976e-008	0.0289551
3.000476e-008	0.0390137
3.002976e-008	0.0259522
3.005476e-008	0.025
3.007976e-008	0.0387451
3.010476e-008	0.0315918
3.012976e-008	0.0317627
3.015476e-008	0.0395264
3.017976e-008	0.029419
3.020476e-008	0.0295899
3.022976e-008	0.0342041
3.025476e-008	0.0296387
3.027976e-008	0.0443359
3.030476e-008	0.0444824
3.032976e-008	0.0253906
3.035476e-008	0.0328613
3.037976e-008	0.038208
3.040476e-008	0.0348145
3.042976e-008	0.0351074
3.045476e-008	0.0263428
3.047976e-008	0.0243164
3.050476e-008	0.0287598
3.052976e-008	0.0239014
3.055476e-008	0.013916
3.057976e-008	0.0232422
3.060476e-008	0.0325195
3.062976e-008	0.0178711
3.065476e-008	0.0240723
3.067976e-008	0.0337402
3.070476e-008	0.0202637
3.072976e-008	0.0190674
3.075476e-008	0.0224365
3.077976e-008	0.0211182
3.080476e-008	0.0147461
3.082976e-008	0.0060547
3.085476e-008	0.00959473
3.087976e-008	0.0132324
3.090476e-008	0.0105713
3.092976e-008	0.0038086
3.095476e-008	-0.00297851
3.097976e-008	0.00292969
3.100476e-008	0.0188965
3.102976e-008	0.0203125
3.105476e-008	0.00651856
3.107976e-008	0.00488282
3.110476e-008	0.00881348
3.112976e-008	0.00688477
3.115476e-008	0.00422364
3.117976e-008	0.0143799
3.120476e-008	0.0222656
3.122976e-008	-0.00222167
3.125476e-008	-0.0036621
3.127976e-008	0.0224609
3.130476e-008	0.0203857
3.132976e-008	0.0174561
3.135476e-008	0.0124756
3.137976e-008	0.00412598
3.140476e-008	0.0117432
3.142976e-008	0.00808106
3.145476e-008	0.0110352
3.147976e-008	0.0249756
3.150476e-008	0.0156738
3.152976e-008	-0.00144042
3.155476e-008	0.00300294
3.157976e-008	0.0222412
3.160476e-008	0.017749
3.162976e-008	0.00402833
3.165476e-008	0.0139649
3.167976e-008	0.0137451
3.170476e-008	0.00576173
3.172976e-008	0.014917
3.175476e-008	0.0206787
3.177976e-008	0.0308838
3.180476e-008	0.039917
3.182976e-008	0.0234619
3.185476e-008	0.0143555
3.187976e-008	0.0268555
3.190476e-008	0.0354492
3.192976e-008	0.0243408
3.195476e-008	0.0091797
3.197976e-008	0.0213623
3.200476e-008	0.0365723
3.202976e-008	0.027417
3.205476e-008	0.0239746
3.207976e-008	0.0282715
3.210476e-008	0.0183106
3.212976e-008	0.014502
3.215476e-008	0.0225342
3.217976e-008	0.0255615
3.220476e-008	0.0263916
3.222976e-008	0.0215088
3.225476e-008	0.0231445
3.227976e-008	0.0284668
3.230476e-008	0.0192871
3.232976e-008	0.0203369
3.235476e-008	0.0210205
3.237976e-008	0.0105225
3.240476e-008	0.0156006
3.242976e-008	0.0198975
3.245476e-008	0.0179688
3.247976e-008	0.019165
3.250476e-008	0.0137695
3.252976e-008	0.0167236
3.255476e-008	0.0218262
3.257976e-008	0.00705567
3.260476e-008	0.00441895
3.262976e-008	0.0195068
3.265476e-008	0.0210693
3.267976e-008	0.0220215
3.270476e-008	0.0250244
3.272976e-008	0.0265869
3.275476e-008	0.029419
3.277976e-008	0.0201904
3.280476e-008	0.0226074
3.282976e-008	0.0346191
3.285476e-008	0.0305664
3.287976e-008	0.0191406
3.290476e-008	0.00969239
3.292976e-008	0.0233399
3.295476e-008	0.0337647
3.297976e-008	0.0289795
3.300476e-008	0.0398682
3.302976e-008	0.0324219
3.305476e-008	0.0248291
3.307976e-008	0.0307373
3.310476e-008	0.0159912
3.312976e-008	0.0234131
3.315476e-008	0.032959
3.317976e-008	0.0223877
3.320476e-008	0.0328125
3.322976e-008	0.0273438
3.325476e-008	0.0166992
3.327976e-008	0.0331299
3.330476e-008	0.0373047
3.332976e-008	0.0335693
3.335476e-008	0.0278076
3.337976e-008	0.0218262
3.340476e-008	0.0253906
3.342976e-008	0.0216797
3.345476e-008	0.0200195
3.347976e-008	0.0259766
3.350476e-008	0.0222412
3.352976e-008	0.00788575
3.355476e-008	0.0102051
3.357976e-008	0.0273438
3.360476e-008	0.0252441
3.362976e-008	0.0144043
3.365476e-008	0.00754395
3.367976e-008	0.0150635
3.370476e-008	0.0302246
3.372976e-008	0.0257324
3.375476e-008	0.0177002
3.377976e-008	0.0204346
3.380476e-008	0.0261475
3.382976e-008	0.021167
3.385476e-008	0.0157715
3.387976e-008	0.0179199
3.390476e-008	0.0145264
3.392976e-008	0.0233399
3.395476e-008	0.0302246
3.397976e-008	0.0264404
3.400476e-008	0.0250977
3.402976e-008	0.0130615
3.405476e-008	0.00688477
3.407976e-008	0.0119629
3.410476e-008	0.023584
3.412976e-008	0.0276856
3.415476e-008	0.0172852
3.417976e-008	0.0214356
3.420476e-008	0.0178711
3.422976e-008	0.00915528
3.425476e-008	0.0179688
3.427976e-008	0.0220947
3.430476e-008	0.0252686
3.432976e-008	0.0271729
3.435476e-008	0.0339844
3.437976e-008	0.0367432
3.440476e-008	0.0192139
3.442976e-008	0.0142334
3.445476e-008	0.0201172
3.447976e-008	0.0259277
3.450476e-008	0.0354981
3.452976e-008	0.0405029
3.455476e-008	0.0327881
3.457976e-008	0.0139893
3.460476e-008	0.0229981
3.462976e-008	0.0401123
3.465476e-008	0.0278565
3.467976e-008	0.0222412
3.470476e-008	0.0279053
3.472976e-008	0.0314697
3.475476e-008	0.0270996
3.477976e-008	0.023877
3.480476e-008	0.0306152
3.482976e-008	0.0179688
3.485476e-008	0.0155762
3.487976e-008	0.0295654
3.490476e-008	0.0175293
3.492976e-008	0.0119385
3.495476e-008	0.020752
3.497976e-008	0.0254883
3.500476e-008	0.0255615
3.502976e-008	0.0115723
3.505476e-008	0.010669
3.507976e-008	0.0217774
3.510476e-008	0.0184082
3.512976e-008	0.0213135
3.515476e-008	0.0239502
3.517976e-008	0.0157959
3.520476e-008	0.0243652
3.522976e-008	0.027002
3.525476e-008	0.0158936
3.527976e-008	0.0237549
3.530476e-008	0.0296875
3.532976e-008	0.0253174
3.535476e-008	0.0185791
3.537976e-008	0.0207031
3.540476e-008	0.0391113
3.542976e-008	0.036084
3.545476e-008	0.0264893
3.547976e-008	0.0238281
3.550476e-008	0.0128418
3.552976e-008	0.0218506
3.555476e-008	0.0280762
3.557976e-008	0.0228516
3.560476e-008	0.033252
3.562976e-008	0.0261475
3.565476e-008	0.018042
3.567976e-008	0.0345459
3.570476e-008	0.0335693
3.572976e-008	0.0279785
3.575476e-008	0.0322998
3.577976e-008	0.0207275
3.580476e-008	0.0162598
3.582976e-008	0.0268311
3.585476e-008	0.0235352
3.587976e-008	0.0171631
3.590476e-008	0.0264893
3.592976e-008	0.0311524
3.595476e-008	0.02771
3.597976e-008	0.0343506
3.600476e-008	0.0372315
3.602976e-008	0.0259033
3.605476e-008	0.0184815
3.607976e-008	0.0265381
3.610476e-008	0.0318848
3.612976e-008	0.0247559
3.615476e-008	0.0204102
3.617976e-008	0.0207275
3.620476e-008	0.0172363
3.622976e-008	0.00507813
3.625476e-008	0.00703126
3.627976e-008	0.0285645
3.630476e-008	0.0347656
3.632976e-008	0.025708
3.635476e-008	0.00944825
3.637976e-008	0.00573731
3.640476e-008	0.0292969
3.642976e-008	0.0341309
3.645476e-008	0.0181641
3.647976e-008	0.0223145
3.650476e-008	0.0316162
3.652976e-008	0.0237305
3.655476e-008	0.0162598
3.657976e-008	0.0243164
3.660476e-008	0.0307617
3.662976e-008	0.0254395
3.665476e-008	0.025
3.667976e-008	0.0272705
3.670476e-008	0.0198731
3.672976e-008	0.0179688
3.675476e-008	0.0321045
3.677976e-008	0.0420654
3.680476e-008	0.0328858
3.682976e-008	0.0192383
3.685476e-008	0.0175781
3.687976e-008	0.0127686
3.690476e-008	0.0043213
3.692976e-008	0.0165772
3.695476e-008	0.026416
3.697976e-008	0.0271484
3.700476e-008	0.0378418
3.702976e-008	0.0274658
3.705476e-008	0.00942384
3.707976e-008	0.0152588
3.710476e-008	0.0230713
3.712976e-008	0.023169
3.715476e-008	0.013916
3.717976e-008	0.0134277
3.720476e-008	0.0226563
3.722976e-008	0.0122559
3.725476e-008	0.011084
3.727976e-008	0.023291
3.730476e-008	0.0252197
3.732976e-008	0.0315918
3.735476e-008	0.030542
3.737976e-008	0.0248047
3.740476e-008	0.0276611
3.742976e-008	0.0248779
3.745476e-008	0.0188477
3.747976e-008	0.0150635
3.750476e-008	0.0230469
3.752976e-008	0.0282959
3.755476e-008	0.0171387
3.757976e-008	0.0181397
3.760476e-008	0.0258057
3.762976e-008	0.0310791
3.765476e-008	0.0360596
3.767976e-008	0.0322266
3.770476e-008	0.0310303
3.772976e-008	0.023877
3.775476e-008	0.0135986
3.777976e-008	0.0185059
3.780476e-008	0.027002
3.782976e-008	0.03479
3.785476e-008	0.0349854
3.787976e-008	0.0198486
3.790476e-008	0.00493165
3.792976e-008	0.0065918
3.795476e-008	0.0239746
3.797976e-008	0.0338623
3.800476e-008	0.0237305
3.802976e-008	0.0176514
3.805476e-008	0.0247559
3.807976e-008	0.0207031
3.810476e-008	0.0129883
3.812976e-008	0.0169922
3.815476e-008	0.0169922
3.817976e-008	0.0198486
3.820476e-008	0.0244629
3.822976e-008	0.018042
3.825476e-008	0.0165772
3.827976e-008	0.0110596
3.830476e-008	0.00517579
3.832976e-008	0.0189453
3.835476e-008	0.0277832
3.837976e-008	0.0354981
3.840476e-008	0.0380859
3.842976e-008	0.0172607
3.845476e-008	0.0156738
3.847976e-008	0.0260742
3.850476e-008	0.0181885
3.852976e-008	0.0173584
3.855476e-008	0.022583
3.857976e-008	0.0133057
3.860476e-008	0.005542
3.862976e-008	0.017749
3.865476e-008	0.0223145
3.867976e-008	0.0196045
3.870476e-008	0.029419
3.872976e-008	0.0250733
3.875476e-008	0.0187012
3.877976e-008	0.0304199
3.880476e-008	0.0370361
3.882976e-008	0.0348389
3.885476e-008	0.0309082
3.887976e-008	0.0188477
3.890476e-008	0.00803223
3.892976e-008	0.0196045
3.895476e-008	0.0324707
3.897976e-008	0.0302979
3.900476e-008	0.0259766
3.902976e-008	0.0230713
3.905476e-008	0.0320801
3.907976e-008	0.039502
3.910476e-008	0.0296631
3.912976e-008	0.0179932
3.915476e-008	0.0120606
3.917976e-008	0.0158447
3.920476e-008	0.0313965
3.922976e-008	0.0389893
3.925476e-008	0.0283203
3.927976e-008	0.0219727
3.930476e-008	0.0235596
3.932976e-008	0.0307129
3.935476e-008	0.0410645
3.937976e-008	0.035669
3.940476e-008	0.0318359
3.942976e-008	0.0329346
3.945476e-008	0.0224365
3.947976e-008	0.0189209
3.950476e-008	0.0209961
3.952976e-008	0.0150147
3.955476e-008	0.0129395
3.957976e-008	0.0200928
3.960476e-008	0.0215088
3.962976e-008	0.0149414
3.965476e-008	0.0179443
3.967976e-008	0.0241455
3.970476e-008	0.0208008
3.972976e-008	0.0100586
3.975476e-008	0.00229493
3.977976e-008	0.017627
3.980476e-008	0.0271729
3.982976e-008	0.0189453
3.985476e-008	0.024707
3.987976e-008	0.0200195
3.990476e-008	0.0135742
3.992976e-008	0.0282471
3.995476e-008	0.0254395
3.997976e-008	0.0191895
4.000476e-008	0.0311524
4.002976e-008	0.0287109
4.005476e-008	0.0104492
4.007976e-008	0.00529786
4.010476e-008	0.0149658
4.012976e-008	0.0220215
4.015476e-008	0.0219482
4.017976e-008	0.0276611
4.020476e-008	0.0304199
4.022976e-008	0.0074463
4.025476e-008	0.00146485
4.027976e-008	0.0269287
4.030476e-008	0.0300781
4.032976e-008	0.0256348
4.035476e-008	0.0290039
4.037976e-008	0.0252686
4.040476e-008	0.0260498
4.042976e-008	0.0255615
4.045476e-008	0.0236328
4.047976e-008	0.0177246
4.050476e-008	0.0139404
4.052976e-008	0.0250244
4.055476e-008	0.0167481
4.057976e-008	0.0111328
4.060476e-008	0.0271729
4.062976e-008	0.0232422
4.065476e-008	0.0236572
4.067976e-008	0.0307129
4.070476e-008	0.0255615
4.072976e-008	0.0267578
4.075476e-008	0.0237061
4.077976e-008	0.0216309
4.080476e-008	0.0196533
4.082976e-008	0.0104492
4.085476e-008	0.015332
4.087976e-008	0.0229248
4.090476e-008	0.0135742
4.092976e-008	0.0145752
4.095476e-008	0.0285889
4.097976e-008	0.0129639
4.100476e-008	0.00546876
4.102976e-008	0.0302734
4.105476e-008	0.0282471
4.107976e-008	0.0157227
4.110476e-008	0.0216553
4.112976e-008	0.0321533
4.115476e-008	0.0271484
4.117976e-008	0.00351563
4.120476e-008	0.0144531
4.122976e-008	0.0365234
4.125476e-008	0.0213623
4.127976e-008	0.019043
4.130476e-008	0.0298096
4.132976e-008	0.0213379
4.135476e-008	0.0138672
4.137976e-008	0.0183106
4.140476e-008	0.0193848
4.142976e-008	0.0121338
4.145476e-008	0.0158691
4.147976e-008	0.0197022
4.150476e-008	0.0153076
4.152976e-008	0.0249512
4.155476e-008	0.0296387
4.157976e-008	0.027124
4.160476e-008	0.0298096
4.162976e-008	0.0196045
4.165476e-008	0.0141602
4.167976e-008	0.0219727
4.170476e-008	0.0215088
4.172976e-008	0.0242676
4.175476e-008	0.0308838
4.177976e-008	0.0278809
4.180476e-008	0.0265137
4.182976e-008	0.0183838
4.185476e-008	0.0108887
4.187976e-008	0.0275391
4.190476e-008	0.0348633
4.192976e-008	0.0259033
4.195476e-008	0.0225342
4.197976e-008	0.0199463
4.200476e-008	0.0213135
4.202976e-008	0.02146
4.205476e-008	0.0164063
4.207976e-008	0.00827637
4.210476e-008	0.00371095
4.212976e-008	0.0161377
4.215476e-008	0.0212402
4.217976e-008	0.00908204
4.220476e-008	0.0141113
4.222976e-008	0.0261475
4.225476e-008	0.0228027
4.227976e-008	0.0177734
4.230476e-008	0.00781251
4.232976e-008	0.00395509
4.235476e-008	0.0181397
4.237976e-008	0.0263184
4.240476e-008	0.0173584
4.242976e-008	0.00986329
4.245476e-008	0.023169
4.247976e-008	0.0295899
4.250476e-008	0.0168457
4.252976e-008	0.0111572
4.255476e-008	0.0116455
4.257976e-008	0.0172119
4.260476e-008	0.0206299
4.262976e-008	0.0176025
4.265476e-008	0.0213379
4.267976e-008	0.0233154
4.270476e-008	0.0204346
4.272976e-008	0.0224121
4.275476e-008	0.0198242
4.277976e-008	0.0237793
4.280476e-008	0.0353516
4.282976e-008	0.0216309
4.285476e-008	0.0116455
4.287976e-008	0.0259766
4.290476e-008	0.0283447
4.292976e-008	0.0227051
4.295476e-008	0.0249268
4.297976e-008	0.0311279
4.300476e-008	0.0287842
4.302976e-008	0.0172607
4.305476e-008	0.0148682
4.307976e-008	0.0175049
4.310476e-008	0.0126709
4.312976e-008	0.0114014
4.315476e-008	0.0204102
4.317976e-008	0.0229492
4.320476e-008	0.0225342
4.322976e-008	0.0224854
4.325476e-008	0.0122803
4.327976e-008	0.0081543
4.330476e-008	0.00622559
4.332976e-008	0.00534669
4.335476e-008	0.0208008
4.337976e-008	0.0305176
4.340476e-008	0.0255127
4.342976e-008	0.0148438
4.345476e-008	0.0141113
4.347976e-008	0.0279053
4.350476e-008	0.0281738
4.352976e-008	0.0227783
4.355476e-008	0.0191895
4.357976e-008	0.0185547
4.360476e-008	0.0276611
4.362976e-008	0.0196533
4.365476e-008	0.0162842
4.367976e-008	0.0275879
4.370476e-008	0.0251465
4.372976e-008	0.0313721
4.375476e-008	0.0317383
4.377976e-008	0.0115479
4.380476e-008	0.0162354
4.382976e-008	0.0305908
4.385476e-008	0.0227051
4.387976e-008	0.0210449
4.390476e-008	0.0161621
4.392976e-008	0.00654298
4.395476e-008	0.0241699
4.397976e-008	0.032544
4.400476e-008	0.018042
4.402976e-008	0.0162354
4.405476e-008	0.0218262
4.407976e-008	0.0122315
4.410476e-008	0.00551759
4.412976e-008	0.0174072
4.415476e-008	0.0190918
4.417976e-008	0.0210693
4.420476e-008	0.0223633
4.422976e-008	0.0123291
4.425476e-008	0.0259766
4.427976e-008	0.0295654
4.430476e-008	0.0161865
4.432976e-008	0.0250488
4.435476e-008	0.027832
4.437976e-008	0.0301514
4.440476e-008	0.032959
4.442976e-008	0.0120117
4.445476e-008	0.00969239
4.447976e-008	0.024292
4.450476e-008	0.0125244
4.452976e-008	0.00441895
4.455476e-008	0.0163086
4.457976e-008	0.0226563
4.460476e-008	0.0203613
4.462976e-008	0.0155762
4.465476e-008	0.0173584
4.467976e-008	0.0203369
4.470476e-008	0.0155518
4.472976e-008	0.0147217
4.475476e-008	0.0180664
4.477976e-008	0.018457
4.480476e-008	0.0186279
4.482976e-008	0.0198242
4.485476e-008	0.0206787
4.487976e-008	0.0166992
4.490476e-008	0.00632325
4.492976e-008	0.00534669
4.495476e-008	0.0170654
4.497976e-008	0.0272461
4.500476e-008	0.0302734
4.502976e-008	0.0259033
4.505476e-008	0.0229248
4.507976e-008	0.0237549
4.510476e-008	0.0248535
4.512976e-008	0.0219482
4.515476e-008	0.0113281
4.517976e-008	0.0179199
4.520476e-008	0.0331543
4.522976e-008	0.0181885
4.525476e-008	0.0102295
4.527976e-008	0.0251953
4.530476e-008	0.0125
4.532976e-008	0.00268555
4.535476e-008	0.0261475
4.537976e-008	0.0332764
4.540476e-008	0.0268555
4.542976e-008	0.032251
4.545476e-008	0.0243408
4.547976e-008	0.0138428
4.550476e-008	0.0258789
4.552976e-008	0.0286621
4.555476e-008	0.0169434
4.557976e-008	0.010083
4.560476e-008	0.00610352
4.562976e-008	0.00461427
4.565476e-008	0.00871583
4.567976e-008	0.0221191
4.570476e-008	0.0241943
4.572976e-008	0.0164307
4.575476e-008	0.0127686
4.577976e-008	0.0172119
4.580476e-008	0.0241455
4.582976e-008	0.00729981
4.585476e-008	0.0060547
4.587976e-008	0.0225342
4.590476e-008	0.0150879
4.592976e-008	0.00920411
4.595476e-008	0.0169678
4.597976e-008	0.033374
4.600476e-008	0.0261719
4.602976e-008	0.00981446
4.605476e-008	0.025415
4.607976e-008	0.0227783
4.610476e-008	0.0142578
4.612976e-008	0.026294
4.615476e-008	0.0192871
4.617976e-008	0.0135254
4.620476e-008	0.0266602
4.622976e-008	0.0303955
4.625476e-008	0.0242188
4.627976e-008	0.0261475
4.630476e-008	0.0264404
4.632976e-008	0.0166504
4.635476e-008	0.0121094
4.637976e-008	0.0212402
4.640476e-008	0.0249024
4.642976e-008	0.0108643
4.645476e-008	0.0185059
4.647976e-008	0.044165
4.650476e-008	0.0307129
4.652976e-008	0.00629884
4.655476e-008	0.0172607
4.657976e-008	0.0359863
4.660476e-008	0.0309082
4.662976e-008	0.0182373
4.665476e-008	0.0185791
4.667976e-008	0.0166504
4.670476e-008	0.014624
4.672976e-008	0.0197266
4.675476e-008	0.0207031
4.677976e-008	0.0245606
4.680476e-008	0.028418
4.682976e-008	0.0243652
4.685476e-008	0.0184326
4.687976e-008	0.0234375
4.690476e-008	0.0312012
4.692976e-008	0.0206055
4.695476e-008	0.00776368
4.697976e-008	0.0109619
4.700476e-008	0.0167969
4.702976e-008	0.0115967
4.705476e-008	0.0163574
4.707976e-008	0.0298584
4.710476e-008	0.0213135
4.712976e-008	0.014209
4.715476e-008	0.0149902
4.717976e-008	0.0110107
4.720476e-008	0.0242432
4.722976e-008	0.0326904
4.725476e-008	0.0201904
4.727976e-008	0.0114258
4.730476e-008	0.0143066
4.732976e-008	0.0298096
4.735476e-008	0.0319824
4.737976e-008	0.02146
4.740476e-008	0.0303467
4.742976e-008	0.0251221
4.745476e-008	0.0131348
4.747976e-008	0.0315186
4.750476e-008	0.029126
4.752976e-008	0.00915528
4.755476e-008	0.0150147
4.757976e-008	0.0223389
4.760476e-008	0.0217285
4.762976e-008	0.0203369
4.765476e-008	0.019043
4.767976e-008	0.0210938
4.770476e-008	0.0183838
4.772976e-008	0.0225342
4.775476e-008	0.0212647
4.777976e-008	0.00649415
4.780476e-008	0.0202393
4.782976e-008	0.0313233
4.785476e-008	0.0199463
4.787976e-008	0.0241211
4.790476e-008	0.0202393
4.792976e-008	0.0125488
4.795476e-008	0.0257324
4.797976e-008	0.0386475
4.800476e-008	0.0286377
4.802976e-008	0.00949708
4.805476e-008	0.0178467
4.807976e-008	0.0284668
4.810476e-008	0.0187744
4.812976e-008	0.0209717
4.815476e-008	0.0240967
4.817976e-008	0.0129883
4.820476e-008	0.012085
4.822976e-008	0.0118408
4.825476e-008	0.00539552
4.827976e-008	0.0123047
4.830476e-008	0.0155274
4.832976e-008	0.0123291
4.835476e-008	0.0217529
4.837976e-008	0.0298096
4.840476e-008	0.0265869
4.842976e-008	0.0210449
4.845476e-008	0.020166
4.847976e-008	0.0261963
4.850476e-008	0.0269531
4.852976e-008	0.0186768
4.855476e-008	0.0155029
4.857976e-008	0.0201904
4.860476e-008	0.0260254
4.862976e-008	0.0232178
4.865476e-008	0.0224365
4.867976e-008	0.031543
4.870476e-008	0.0284424
4.872976e-008	0.0258545
4.875476e-008	0.0266602
4.877976e-008	0.0255615
4.880476e-008	0.0322022
4.882976e-008	0.0113037
4.885476e-008	0.00136719
4.887976e-008	0.0272217
4.890476e-008	0.0179932
4.892976e-008	0.00742188
4.895476e-008	0.0185059
4.897976e-008	0.0214844
4.900476e-008	0.0364746
4.902976e-008	0.0377197
4.905476e-008	0.017749
4.907976e-008	0.0136231
4.910476e-008	0.0210938
4.912976e-008	0.0246582
4.915476e-008	0.0181885
4.917976e-008	0.0150879
4.920476e-008	0.0236328
4.922976e-008	0.021582
4.925476e-008	0.0188965
4.927976e-008	0.0259277
4.930476e-008	0.0154785
4.932976e-008	0.00854493
4.935476e-008	0.0227051
4.937976e-008	0.0253662
4.940476e-008	0.0148926
4.942976e-008	0.0114502
4.945476e-008	0.015918
4.947976e-008	0.0172363
4.950476e-008	0.0230713
4.952976e-008	0.0276856
4.955476e-008	0.0109131
4.957976e-008	0.0088379
4.960476e-008	0.0240234
4.962976e-008	0.0177002
4.965476e-008	0.0174316
4.967976e-008	0.0265869
4.970476e-008	0.0182373
4.972976e-008	0.0141846
4.975476e-008	0.029541
4.977976e-008	0.0449463
4.980476e-008	0.0298828
4.982976e-008	0.00664063
4.985476e-008	0.0194336
4.987976e-008	0.0288818
4.990476e-008	0.0162842
4.992976e-008	0.0271729
4.995476e-008	0.0386719
4.997976e-008	0.0229492
5.000476e-008	0.015332
