# LECROYWM813Zi	51496	Waveform
# Segments	1	SegmentSize	4002
# Segment	TrigTime	TimeSinceSegment1
# #1	30-Nov-2018 17:24:38	0                 
# Time	Ampl
-5.001211e-008	0.0213623
-4.998711e-008	0.0266846
-4.996211e-008	0.0212158
-4.993711e-008	0.0200684
-4.991211e-008	0.0160156
-4.988711e-008	0.0169434
-4.986211e-008	0.034375
-4.983711e-008	0.0304443
-4.981211e-008	0.0226318
-4.978711e-008	0.0245361
-4.976211e-008	0.0216553
-4.973711e-008	0.0261963
-4.971211e-008	0.0198486
-4.968711e-008	0.0193604
-4.966211e-008	0.0317383
-4.963711e-008	0.0303711
-4.961211e-008	0.0278809
-4.958711e-008	0.0165772
-4.956211e-008	0.012793
-4.953711e-008	0.0221924
-4.951211e-008	0.0215088
-4.948711e-008	0.0218262
-4.946211e-008	0.0171875
-4.943711e-008	0.0219971
-4.941211e-008	0.0270752
-4.938711e-008	0.0158691
-4.936211e-008	0.020044
-4.933711e-008	0.0282715
-4.931211e-008	0.0246338
-4.928711e-008	0.012207
-4.926211e-008	0.00800782
-4.923711e-008	0.0189453
-4.921211e-008	0.016626
-4.918711e-008	0.00253907
-4.916211e-008	-0.00429687
-4.913711e-008	0.00854493
-4.911211e-008	0.025708
-4.908711e-008	0.0195068
-4.906211e-008	0.0131592
-4.903711e-008	0.0220215
-4.901211e-008	0.0254883
-4.898711e-008	0.0260742
-4.896211e-008	0.0246582
-4.893711e-008	0.0170654
-4.891211e-008	0.0195801
-4.888711e-008	0.0272705
-4.886211e-008	0.0283691
-4.883711e-008	0.0246826
-4.881211e-008	0.0170899
-4.878711e-008	0.0130127
-4.876211e-008	0.0208496
-4.873711e-008	0.0314941
-4.871211e-008	0.0318848
-4.868711e-008	0.0344483
-4.866211e-008	0.0334229
-4.863711e-008	0.0254883
-4.861211e-008	0.0262451
-4.858711e-008	0.0204346
-4.856211e-008	0.0212402
-4.853711e-008	0.0241943
-4.851211e-008	0.00939942
-4.848711e-008	0.0180908
-4.846211e-008	0.0324951
-4.843711e-008	0.0299805
-4.841211e-008	0.0337647
-4.838711e-008	0.0195068
-4.836211e-008	0.00949708
-4.833711e-008	0.025293
-4.831211e-008	0.0243408
-4.828711e-008	0.0230469
-4.826211e-008	0.0264649
-4.823711e-008	0.0229492
-4.821211e-008	0.0334473
-4.818711e-008	0.0293213
-4.816211e-008	0.0206055
-4.813711e-008	0.0274414
-4.811211e-008	0.0209473
-4.808711e-008	0.0225098
-4.806211e-008	0.0256348
-4.803711e-008	0.0141357
-4.801211e-008	0.0140625
-4.798711e-008	0.0262451
-4.796211e-008	0.0321777
-4.793711e-008	0.0184815
-4.791211e-008	0.0163818
-4.788711e-008	0.0311279
-4.786211e-008	0.0277588
-4.783711e-008	0.0220947
-4.781211e-008	0.02229
-4.778711e-008	0.0194336
-4.776211e-008	0.0193604
-4.773711e-008	0.0206299
-4.771211e-008	0.0251709
-4.768711e-008	0.0318604
-4.766211e-008	0.0246338
-4.763711e-008	0.0123047
-4.761211e-008	0.0148926
-4.758711e-008	0.0154297
-4.756211e-008	0.011792
-4.753711e-008	0.0109619
-4.751211e-008	0.00986329
-4.748711e-008	0.0114502
-4.746211e-008	0.0207764
-4.743711e-008	0.0350342
-4.741211e-008	0.022168
-4.738711e-008	0.00878907
-4.736211e-008	0.0192383
-4.733711e-008	0.0216797
-4.731211e-008	0.0278076
-4.728711e-008	0.0256348
-4.726211e-008	0.0213379
-4.723711e-008	0.0372315
-4.721211e-008	0.0326172
-4.718711e-008	0.0110352
-4.716211e-008	0.00908204
-4.713711e-008	0.0233154
-4.711211e-008	0.0318604
-4.708711e-008	0.0285645
-4.706211e-008	0.0222168
-4.703711e-008	0.0194824
-4.701211e-008	0.020752
-4.698711e-008	0.0216065
-4.696211e-008	0.0271729
-4.693711e-008	0.0237793
-4.691211e-008	0.0133789
-4.688711e-008	0.0255371
-4.686211e-008	0.0362549
-4.683711e-008	0.0244629
-4.681211e-008	0.00957032
-4.678711e-008	0.00952149
-4.676211e-008	0.0217774
-4.673711e-008	0.0201172
-4.671211e-008	0.0149658
-4.668711e-008	0.0218994
-4.666211e-008	0.0252441
-4.663711e-008	0.0231445
-4.661211e-008	0.0223633
-4.658711e-008	0.0265625
-4.656211e-008	0.0282715
-4.653711e-008	0.0277344
-4.651211e-008	0.021167
-4.648711e-008	0.0105225
-4.646211e-008	0.0178223
-4.643711e-008	0.0238281
-4.641211e-008	0.0207275
-4.638711e-008	0.0203369
-4.636211e-008	0.0211914
-4.633711e-008	0.0267822
-4.631211e-008	0.0249268
-4.628711e-008	0.0205078
-4.626211e-008	0.0219971
-4.623711e-008	0.0289063
-4.621211e-008	0.0311768
-4.618711e-008	0.0186035
-4.616211e-008	0.0147461
-4.613711e-008	0.0164307
-4.611211e-008	0.0193848
-4.608711e-008	0.0239258
-4.606211e-008	0.0176514
-4.603711e-008	0.020874
-4.601211e-008	0.0206787
-4.598711e-008	0.00979005
-4.596211e-008	0.0184326
-4.593711e-008	0.0258301
-4.591211e-008	0.0195313
-4.588711e-008	0.0137451
-4.586211e-008	0.0112793
-4.583711e-008	0.0239502
-4.581211e-008	0.0311035
-4.578711e-008	0.0243652
-4.576211e-008	0.0251953
-4.573711e-008	0.0148438
-4.571211e-008	0.00732423
-4.568711e-008	0.0248291
-4.566211e-008	0.0327637
-4.563711e-008	0.0312256
-4.561211e-008	0.0325195
-4.558711e-008	0.0217529
-4.556211e-008	0.0164063
-4.553711e-008	0.0228516
-4.551211e-008	0.0229004
-4.548711e-008	0.0213379
-4.546211e-008	0.0161865
-4.543711e-008	0.0206299
-4.541211e-008	0.0361084
-4.538711e-008	0.0298096
-4.536211e-008	0.0206543
-4.533711e-008	0.0173828
-4.531211e-008	0.0162842
-4.528711e-008	0.0322754
-4.526211e-008	0.0344971
-4.523711e-008	0.0319824
-4.521211e-008	0.0380127
-4.518711e-008	0.0238525
-4.516211e-008	0.0146484
-4.513711e-008	0.0216797
-4.511211e-008	0.0212402
-4.508711e-008	0.0154785
-4.506211e-008	0.0192627
-4.503711e-008	0.0239014
-4.501211e-008	0.00981446
-4.498711e-008	0.00566407
-4.496211e-008	0.01604
-4.493711e-008	0.0132568
-4.491211e-008	0.0114258
-4.488711e-008	0.0211914
-4.486211e-008	0.0311279
-4.483711e-008	0.0312256
-4.481211e-008	0.0258057
-4.478711e-008	0.0104736
-4.476211e-008	-0.00168456
-4.473711e-008	0.0179688
-4.471211e-008	0.0360596
-4.468711e-008	0.0257813
-4.466211e-008	0.0129883
-4.463711e-008	0.018335
-4.461211e-008	0.0250488
-4.458711e-008	0.0205811
-4.456211e-008	0.0206299
-4.453711e-008	0.0178711
-4.451211e-008	0.0187256
-4.448711e-008	0.0240479
-4.446211e-008	0.0184082
-4.443711e-008	0.0207275
-4.441211e-008	0.0235596
-4.438711e-008	0.0223389
-4.436211e-008	0.0261475
-4.433711e-008	0.0157959
-4.431211e-008	0.0081543
-4.428711e-008	0.0237061
-4.426211e-008	0.0328613
-4.423711e-008	0.0285645
-4.421211e-008	0.0279785
-4.418711e-008	0.0187988
-4.416211e-008	0.00825196
-4.413711e-008	0.00895997
-4.411211e-008	0.0119873
-4.408711e-008	0.0155029
-4.406211e-008	0.0171631
-4.403711e-008	0.0300049
-4.401211e-008	0.0311768
-4.398711e-008	0.00729981
-4.396211e-008	0.0126221
-4.393711e-008	0.035669
-4.391211e-008	0.026416
-4.388711e-008	0.00100098
-4.386211e-008	0.00236817
-4.383711e-008	0.02229
-4.381211e-008	0.0208496
-4.378711e-008	0.0133057
-4.376211e-008	0.0224609
-4.373711e-008	0.018335
-4.371211e-008	0.000244148
-4.368711e-008	0.00729981
-4.366211e-008	0.0176025
-4.363711e-008	0.0124024
-4.361211e-008	0.0188721
-4.358711e-008	0.0218262
-4.356211e-008	0.017041
-4.353711e-008	0.023169
-4.351211e-008	0.0307861
-4.348711e-008	0.0273193
-4.346211e-008	0.0177002
-4.343711e-008	0.0212402
-4.341211e-008	0.0288818
-4.338711e-008	0.0190918
-4.336211e-008	0.0133301
-4.333711e-008	0.0244385
-4.331211e-008	0.028418
-4.328711e-008	0.0265137
-4.326211e-008	0.0249756
-4.323711e-008	0.0209473
-4.321211e-008	0.0223145
-4.318711e-008	0.0201416
-4.316211e-008	0.0167236
-4.313711e-008	0.0216065
-4.311211e-008	0.0235596
-4.308711e-008	0.0149902
-4.306211e-008	0.0101074
-4.303711e-008	0.0216553
-4.301211e-008	0.0246826
-4.298711e-008	0.0154785
-4.296211e-008	0.0238281
-4.293711e-008	0.0332275
-4.291211e-008	0.0247315
-4.288711e-008	0.0242188
-4.286211e-008	0.0237061
-4.283711e-008	0.0264649
-4.281211e-008	0.0421143
-4.278711e-008	0.0260742
-4.276211e-008	0.0134277
-4.273711e-008	0.0193848
-4.271211e-008	0.00820313
-4.268711e-008	0.0208496
-4.266211e-008	0.0306885
-4.263711e-008	0.0228516
-4.261211e-008	0.031543
-4.258711e-008	0.0250733
-4.256211e-008	0.0156982
-4.253711e-008	0.0178711
-4.251211e-008	0.0170166
-4.248711e-008	0.0224121
-4.246211e-008	0.0150635
-4.243711e-008	0.00852052
-4.241211e-008	0.0244629
-4.238711e-008	0.0233399
-4.236211e-008	0.0168457
-4.233711e-008	0.0214356
-4.231211e-008	0.0175537
-4.228711e-008	0.0178223
-4.226211e-008	0.0160645
-4.223711e-008	0.0158203
-4.221211e-008	0.0200195
-4.218711e-008	0.0171875
-4.216211e-008	0.0190674
-4.213711e-008	0.018042
-4.211211e-008	0.0217285
-4.208711e-008	0.026001
-4.206211e-008	0.013208
-4.203711e-008	0.0180176
-4.201211e-008	0.0369873
-4.198711e-008	0.030542
-4.196211e-008	0.0213867
-4.193711e-008	0.0232422
-4.191211e-008	0.0169434
-4.188711e-008	0.0229004
-4.186211e-008	0.0256592
-4.183711e-008	0.0188232
-4.181211e-008	0.0324463
-4.178711e-008	0.0265381
-4.176211e-008	0.0203369
-4.173711e-008	0.0308838
-4.171211e-008	0.0225586
-4.168711e-008	0.0207764
-4.166211e-008	0.012207
-4.163711e-008	0.00974122
-4.161211e-008	0.0251465
-4.158711e-008	0.0186768
-4.156211e-008	0.0156494
-4.153711e-008	0.0291016
-4.151211e-008	0.0385498
-4.148711e-008	0.0234863
-4.146211e-008	0.0119141
-4.143711e-008	0.0315918
-4.141211e-008	0.0301514
-4.138711e-008	0.013794
-4.136211e-008	0.0221436
-4.133711e-008	0.0354736
-4.131211e-008	0.0263672
-4.128711e-008	0.0104248
-4.126211e-008	0.0182617
-4.123711e-008	0.0303223
-4.121211e-008	0.0275879
-4.118711e-008	0.0226807
-4.116211e-008	0.0248047
-4.113711e-008	0.0231201
-4.111211e-008	0.0127441
-4.108711e-008	0.0122803
-4.106211e-008	0.0164795
-4.103711e-008	0.0174316
-4.101211e-008	0.019165
-4.098711e-008	0.00788575
-4.096211e-008	0.0034668
-4.093711e-008	0.0243164
-4.091211e-008	0.0328369
-4.088711e-008	0.0237305
-4.086211e-008	0.0195801
-4.083711e-008	0.0249512
-4.081211e-008	0.0268066
-4.078711e-008	0.0162109
-4.076211e-008	0.0161377
-4.073711e-008	0.0226318
-4.071211e-008	0.0229736
-4.068711e-008	0.0125488
-4.066211e-008	0.00410157
-4.063711e-008	0.0237793
-4.061211e-008	0.0282959
-4.058711e-008	0.0177002
-4.056211e-008	0.024292
-4.053711e-008	0.0264404
-4.051211e-008	0.0282715
-4.048711e-008	0.0224365
-4.046211e-008	0.014502
-4.043711e-008	0.0255859
-4.041211e-008	0.0289307
-4.038711e-008	0.0182129
-4.036211e-008	0.0148926
-4.033711e-008	0.0177734
-4.031211e-008	0.0131592
-4.028711e-008	0.0108643
-4.026211e-008	0.0211182
-4.023711e-008	0.0280274
-4.021211e-008	0.0243652
-4.018711e-008	0.0189941
-4.016211e-008	0.0183106
-4.013711e-008	0.0188721
-4.011211e-008	0.0154053
-4.008711e-008	0.0126221
-4.006211e-008	0.0155518
-4.003711e-008	0.0261231
-4.001211e-008	0.0301514
-3.998711e-008	0.0161621
-3.996211e-008	0.0185547
-3.993711e-008	0.0348145
-3.991211e-008	0.0267334
-3.988711e-008	0.0176758
-3.986211e-008	0.0178223
-3.983711e-008	0.0185547
-3.981211e-008	0.0265869
-3.978711e-008	0.024292
-3.976211e-008	0.0203857
-3.973711e-008	0.0251709
-3.971211e-008	0.0230713
-3.968711e-008	0.0266846
-3.966211e-008	0.0221191
-3.963711e-008	0.00581055
-3.961211e-008	0.0164551
-3.958711e-008	0.0242432
-3.956211e-008	0.0184082
-3.953711e-008	0.0231445
-3.951211e-008	0.0209473
-3.948711e-008	0.0286377
-3.946211e-008	0.0336914
-3.943711e-008	0.0134033
-3.941211e-008	0.0130127
-3.938711e-008	0.0317627
-3.936211e-008	0.0228516
-3.933711e-008	-0.000122063
-3.931211e-008	0.0137695
-3.928711e-008	0.0372559
-3.926211e-008	0.0260742
-3.923711e-008	0.0175537
-3.921211e-008	0.0227295
-3.918711e-008	0.0203613
-3.916211e-008	0.0208984
-3.913711e-008	0.0262451
-3.911211e-008	0.0245361
-3.908711e-008	0.00915528
-3.906211e-008	0.00668946
-3.903711e-008	0.0273926
-3.901211e-008	0.0270264
-3.898711e-008	0.0145752
-3.896211e-008	0.0210205
-3.893711e-008	0.0227051
-3.891211e-008	0.0171631
-3.888711e-008	0.0251465
-3.886211e-008	0.0301514
-3.883711e-008	0.02229
-3.881211e-008	0.0217529
-3.878711e-008	0.0193848
-3.876211e-008	0.0150635
-3.873711e-008	0.0222412
-3.871211e-008	0.0190918
-3.868711e-008	0.019165
-3.866211e-008	0.0261475
-3.863711e-008	0.0227051
-3.861211e-008	0.0314453
-3.858711e-008	0.0183106
-3.856211e-008	-0.0066162
-3.853711e-008	0.0120606
-3.851211e-008	0.024292
-3.848711e-008	0.0291016
-3.846211e-008	0.0341309
-3.843711e-008	0.012085
-3.841211e-008	0.0155518
-3.838711e-008	0.0321777
-3.836211e-008	0.0267334
-3.833711e-008	0.0244385
-3.831211e-008	0.0179199
-3.828711e-008	0.012793
-3.826211e-008	0.0239746
-3.823711e-008	0.0337647
-3.821211e-008	0.0257568
-3.818711e-008	0.0137207
-3.816211e-008	0.0213135
-3.813711e-008	0.0317139
-3.811211e-008	0.0288086
-3.808711e-008	0.0255127
-3.806211e-008	0.026001
-3.803711e-008	0.0303711
-3.801211e-008	0.0226318
-3.798711e-008	0.00610352
-3.796211e-008	0.0115479
-3.793711e-008	0.0214844
-3.791211e-008	0.0212158
-3.788711e-008	0.0203857
-3.786211e-008	0.0158447
-3.783711e-008	0.0152832
-3.781211e-008	0.0249268
-3.778711e-008	0.0323242
-3.776211e-008	0.0222168
-3.773711e-008	0.0110352
-3.771211e-008	0.018335
-3.768711e-008	0.0157227
-3.766211e-008	-0.00146484
-3.763711e-008	0.0153809
-3.761211e-008	0.0373779
-3.758711e-008	0.0204834
-3.756211e-008	0.0150391
-3.753711e-008	0.0205811
-3.751211e-008	0.0196289
-3.748711e-008	0.0252197
-3.746211e-008	0.0195313
-3.743711e-008	0.0217285
-3.741211e-008	0.0359131
-3.738711e-008	0.0394775
-3.736211e-008	0.0241943
-3.733711e-008	0.00551759
-3.731211e-008	0.0130859
-3.728711e-008	0.0183594
-3.726211e-008	0.0186768
-3.723711e-008	0.0290772
-3.721211e-008	0.0244385
-3.718711e-008	0.0116211
-3.716211e-008	0.00991212
-3.713711e-008	0.0319824
-3.711211e-008	0.0431397
-3.708711e-008	0.0274658
-3.706211e-008	0.0292725
-3.703711e-008	0.0297363
-3.701211e-008	0.0187988
-3.698711e-008	0.0152832
-3.696211e-008	0.019751
-3.693711e-008	0.0298828
-3.691211e-008	0.0259033
-3.688711e-008	0.0283691
-3.686211e-008	0.0296875
-3.683711e-008	0.0147217
-3.681211e-008	0.023999
-3.678711e-008	0.0215332
-3.676211e-008	0.00737305
-3.673711e-008	0.0201904
-3.671211e-008	0.014502
-3.668711e-008	0.017334
-3.666211e-008	0.0363525
-3.663711e-008	0.0240967
-3.661211e-008	0.020044
-3.658711e-008	0.0227295
-3.656211e-008	0.0161865
-3.653711e-008	0.0211426
-3.651211e-008	0.0264404
-3.648711e-008	0.027124
-3.646211e-008	0.0214844
-3.643711e-008	0.0238525
-3.641211e-008	0.0290039
-3.638711e-008	0.0199219
-3.636211e-008	0.0272949
-3.633711e-008	0.0388428
-3.631211e-008	0.0239014
-3.628711e-008	0.0164795
-3.626211e-008	0.0282715
-3.623711e-008	0.0315674
-3.621211e-008	0.0272949
-3.618711e-008	0.0184326
-3.616211e-008	0.0110596
-3.613711e-008	0.0216309
-3.611211e-008	0.0274902
-3.608711e-008	0.0248535
-3.606211e-008	0.0339111
-3.603711e-008	0.0346436
-3.601211e-008	0.0185303
-3.598711e-008	0.00871583
-3.596211e-008	0.0160156
-3.593711e-008	0.0262207
-3.591211e-008	0.0241455
-3.588711e-008	0.016333
-3.586211e-008	0.0150391
-3.583711e-008	0.0245361
-3.581211e-008	0.0230225
-3.578711e-008	0.0111328
-3.576211e-008	0.0174316
-3.573711e-008	0.0269043
-3.571211e-008	0.0274414
-3.568711e-008	0.0214356
-3.566211e-008	0.0171631
-3.563711e-008	0.03125
-3.561211e-008	0.0327149
-3.558711e-008	0.00441895
-3.556211e-008	0.00156251
-3.553711e-008	0.0318115
-3.551211e-008	0.0358643
-3.548711e-008	0.0291992
-3.546211e-008	0.0332275
-3.543711e-008	0.0285156
-3.541211e-008	0.0302246
-3.538711e-008	0.0255371
-3.536211e-008	0.0181641
-3.533711e-008	0.0200195
-3.531211e-008	0.0172852
-3.528711e-008	0.0278076
-3.526211e-008	0.0291992
-3.523711e-008	0.0205078
-3.521211e-008	0.0213623
-3.518711e-008	0.00961915
-3.516211e-008	0.0218506
-3.513711e-008	0.0341065
-3.511211e-008	0.0161377
-3.508711e-008	0.0238037
-3.506211e-008	0.0151856
-3.503711e-008	0.00288087
-3.501211e-008	0.0283691
-3.498711e-008	0.0260498
-3.496211e-008	0.0210693
-3.493711e-008	0.0259766
-3.491211e-008	0.00712891
-3.488711e-008	0.0141113
-3.486211e-008	0.0389649
-3.483711e-008	0.0301514
-3.481211e-008	0.00825196
-3.478711e-008	0.00302735
-3.476211e-008	0.0147461
-3.473711e-008	0.0249024
-3.471211e-008	0.0198731
-3.468711e-008	0.0206055
-3.466211e-008	0.027417
-3.463711e-008	0.023169
-3.461211e-008	0.019165
-3.458711e-008	0.0219727
-3.456211e-008	0.0265137
-3.453711e-008	0.02771
-3.451211e-008	0.0241455
-3.448711e-008	0.0180176
-3.446211e-008	0.0154053
-3.443711e-008	0.017627
-3.441211e-008	0.0180908
-3.438711e-008	0.0176758
-3.436211e-008	0.0161865
-3.433711e-008	0.0188965
-3.431211e-008	0.0272949
-3.428711e-008	0.0317627
-3.426211e-008	0.0275635
-3.423711e-008	0.0296875
-3.421211e-008	0.0379883
-3.418711e-008	0.0231934
-3.416211e-008	0.0143555
-3.413711e-008	0.0236084
-3.411211e-008	0.0165039
-3.408711e-008	0.0140381
-3.406211e-008	0.0207031
-3.403711e-008	0.0230713
-3.401211e-008	0.0289795
-3.398711e-008	0.0354248
-3.396211e-008	0.0400879
-3.393711e-008	0.0307129
-3.391211e-008	0.0113037
-3.388711e-008	0.0174316
-3.386211e-008	0.028833
-3.383711e-008	0.0102295
-3.381211e-008	0.00720216
-3.378711e-008	0.0127686
-3.376211e-008	-0.000341789
-3.373711e-008	0.0168701
-3.371211e-008	0.0350586
-3.368711e-008	0.0168457
-3.366211e-008	0.00756837
-3.363711e-008	0.0165772
-3.361211e-008	0.0236084
-3.358711e-008	0.027124
-3.356211e-008	0.0270264
-3.353711e-008	0.014917
-3.351211e-008	0.00483399
-3.348711e-008	0.0191162
-3.346211e-008	0.0275879
-3.343711e-008	0.0151367
-3.341211e-008	0.0152832
-3.338711e-008	0.0176758
-3.336211e-008	0.0184082
-3.333711e-008	0.0269775
-3.331211e-008	0.016919
-3.328711e-008	0.0134277
-3.326211e-008	0.0268311
-3.323711e-008	0.0277832
-3.321211e-008	0.0317383
-3.318711e-008	0.0303711
-3.316211e-008	0.0218262
-3.313711e-008	0.0226563
-3.311211e-008	0.0152588
-3.308711e-008	0.0133057
-3.306211e-008	0.0195068
-3.303711e-008	0.0274414
-3.301211e-008	0.0460205
-3.298711e-008	0.0274414
-3.296211e-008	0.00603028
-3.293711e-008	0.0262695
-3.291211e-008	0.0218506
-3.288711e-008	0.0165527
-3.286211e-008	0.0253662
-3.283711e-008	0.0213867
-3.281211e-008	0.0291504
-3.278711e-008	0.0306152
-3.276211e-008	0.0283691
-3.273711e-008	0.0248535
-3.271211e-008	0.0147217
-3.268711e-008	0.0203125
-3.266211e-008	0.0225586
-3.263711e-008	0.0198486
-3.261211e-008	0.0216065
-3.258711e-008	0.0214111
-3.256211e-008	0.0215332
-3.253711e-008	0.0238525
-3.251211e-008	0.0342774
-3.248711e-008	0.0371826
-3.246211e-008	0.0330322
-3.243711e-008	0.0411377
-3.241211e-008	0.035669
-3.238711e-008	0.00935059
-3.236211e-008	0.00681153
-3.233711e-008	0.0238525
-3.231211e-008	0.0220703
-3.228711e-008	0.0177734
-3.226211e-008	0.0244629
-3.223711e-008	0.0291016
-3.221211e-008	0.0283447
-3.218711e-008	0.0185791
-3.216211e-008	0.0174316
-3.213711e-008	0.0301514
-3.211211e-008	0.029541
-3.208711e-008	0.0185059
-3.206211e-008	0.014209
-3.203711e-008	0.0178223
-3.201211e-008	0.0289795
-3.198711e-008	0.0313477
-3.196211e-008	0.0183594
-3.193711e-008	0.0175537
-3.191211e-008	0.0259766
-3.188711e-008	0.0226074
-3.186211e-008	0.0220459
-3.183711e-008	0.0222656
-3.181211e-008	0.0159912
-3.178711e-008	0.0226318
-3.176211e-008	0.023584
-3.173711e-008	0.0186279
-3.171211e-008	0.030127
-3.168711e-008	0.0253418
-3.166211e-008	0.0208252
-3.163711e-008	0.0332764
-3.161211e-008	0.0278565
-3.158711e-008	0.0204102
-3.156211e-008	0.020874
-3.153711e-008	0.0276367
-3.151211e-008	0.0306641
-3.148711e-008	0.0167725
-3.146211e-008	0.013794
-3.143711e-008	0.0241943
-3.141211e-008	0.0278809
-3.138711e-008	0.0195068
-3.136211e-008	0.0141357
-3.133711e-008	0.0217529
-3.131211e-008	0.0192139
-3.128711e-008	0.0072754
-3.126211e-008	0.0167725
-3.123711e-008	0.0368164
-3.121211e-008	0.031665
-3.118711e-008	0.0196533
-3.116211e-008	0.0161133
-3.113711e-008	0.0102783
-3.111211e-008	0.0154297
-3.108711e-008	0.0233399
-3.106211e-008	0.0220947
-3.103711e-008	0.0260986
-3.101211e-008	0.0237793
-3.098711e-008	0.0130371
-3.096211e-008	0.0246094
-3.093711e-008	0.0289551
-3.091211e-008	0.0148682
-3.088711e-008	0.023999
-3.086211e-008	0.0276611
-3.083711e-008	0.0266602
-3.081211e-008	0.0383301
-3.078711e-008	0.0259277
-3.076211e-008	0.0218506
-3.073711e-008	0.0431152
-3.071211e-008	0.0420654
-3.068711e-008	0.0270508
-3.066211e-008	0.0130859
-3.063711e-008	0.00629884
-3.061211e-008	0.0180176
-3.058711e-008	0.0174805
-3.056211e-008	0.0144775
-3.053711e-008	0.0300049
-3.051211e-008	0.0282715
-3.048711e-008	0.0175537
-3.046211e-008	0.0213867
-3.043711e-008	0.0230225
-3.041211e-008	0.0211914
-3.038711e-008	0.0221191
-3.036211e-008	0.0222656
-3.033711e-008	0.0239502
-3.031211e-008	0.022583
-3.028711e-008	0.0241943
-3.026211e-008	0.0276123
-3.023711e-008	0.0209229
-3.021211e-008	0.0288574
-3.018711e-008	0.0296631
-3.016211e-008	0.0065918
-3.013711e-008	0.0138672
-3.011211e-008	0.0315186
-3.008711e-008	0.0313721
-3.006211e-008	0.0281983
-3.003711e-008	0.0178223
-3.001211e-008	0.0213135
-2.998711e-008	0.0244873
-2.996211e-008	0.0158936
-2.993711e-008	0.0216553
-2.991211e-008	0.0193604
-2.988711e-008	0.013794
-2.986211e-008	0.0155518
-2.983711e-008	0.0113037
-2.981211e-008	0.0167481
-2.978711e-008	0.0206299
-2.976211e-008	0.0179688
-2.973711e-008	0.025293
-2.971211e-008	0.0317383
-2.968711e-008	0.0328613
-2.966211e-008	0.0328858
-2.963711e-008	0.025708
-2.961211e-008	0.0162598
-2.958711e-008	0.0145996
-2.956211e-008	0.0181885
-2.953711e-008	0.0287354
-2.951211e-008	0.0339356
-2.948711e-008	0.0226074
-2.946211e-008	0.0160645
-2.943711e-008	0.018042
-2.941211e-008	0.0131836
-2.938711e-008	0.0112061
-2.936211e-008	0.0302734
-2.933711e-008	0.0450195
-2.931211e-008	0.0272949
-2.928711e-008	0.0101074
-2.926211e-008	0.0177734
-2.923711e-008	0.0309082
-2.921211e-008	0.0298828
-2.918711e-008	0.0198731
-2.916211e-008	0.0237061
-2.913711e-008	0.0311524
-2.911211e-008	0.0231201
-2.908711e-008	0.0162842
-2.906211e-008	0.0236816
-2.903711e-008	0.0307861
-2.901211e-008	0.0236084
-2.898711e-008	0.0202393
-2.896211e-008	0.0266358
-2.893711e-008	0.0216797
-2.891211e-008	0.0172852
-2.888711e-008	0.0172363
-2.886211e-008	0.0114014
-2.883711e-008	0.0239258
-2.881211e-008	0.0258057
-2.878711e-008	0.000341804
-2.876211e-008	0.00639649
-2.873711e-008	0.0244385
-2.871211e-008	0.0226074
-2.868711e-008	0.0217285
-2.866211e-008	0.0208008
-2.863711e-008	0.0258789
-2.861211e-008	0.030127
-2.858711e-008	0.0192383
-2.856211e-008	0.012915
-2.853711e-008	0.0233643
-2.851211e-008	0.0294922
-2.848711e-008	0.0220947
-2.846211e-008	0.0217774
-2.843711e-008	0.0264893
-2.841211e-008	0.0188477
-2.838711e-008	0.0156006
-2.836211e-008	0.0265381
-2.833711e-008	0.0279053
-2.831211e-008	0.0243408
-2.828711e-008	0.0259766
-2.826211e-008	0.028833
-2.823711e-008	0.0371826
-2.821211e-008	0.0263916
-2.818711e-008	0.0109863
-2.816211e-008	0.0257568
-2.813711e-008	0.0294434
-2.811211e-008	0.0147949
-2.808711e-008	0.0218994
-2.806211e-008	0.0311524
-2.803711e-008	0.023877
-2.801211e-008	0.0286621
-2.798711e-008	0.0364014
-2.796211e-008	0.0245361
-2.793711e-008	0.0225586
-2.791211e-008	0.0287354
-2.788711e-008	0.0181885
-2.786211e-008	0.0128418
-2.783711e-008	0.0166504
-2.781211e-008	0.0198731
-2.778711e-008	0.0188721
-2.776211e-008	0.0114258
-2.773711e-008	0.0217774
-2.771211e-008	0.0299805
-2.768711e-008	0.0253662
-2.766211e-008	0.0291748
-2.763711e-008	0.0204346
-2.761211e-008	0.0148438
-2.758711e-008	0.0158936
-2.756211e-008	0.0106445
-2.753711e-008	0.0228027
-2.751211e-008	0.0287354
-2.748711e-008	0.0288574
-2.746211e-008	0.0302246
-2.743711e-008	0.0182861
-2.741211e-008	0.0207031
-2.738711e-008	0.0164307
-2.736211e-008	0.00683595
-2.733711e-008	0.0249512
-2.731211e-008	0.0250244
-2.728711e-008	0.0177246
-2.726211e-008	0.0311035
-2.723711e-008	0.0301514
-2.721211e-008	0.0219727
-2.718711e-008	0.0155518
-2.716211e-008	0.0180908
-2.713711e-008	0.0356445
-2.711211e-008	0.0347412
-2.708711e-008	0.0215088
-2.706211e-008	0.0220703
-2.703711e-008	0.0324219
-2.701211e-008	0.0385986
-2.698711e-008	0.0265869
-2.696211e-008	0.0114014
-2.693711e-008	0.0107666
-2.691211e-008	0.0180176
-2.688711e-008	0.0280274
-2.686211e-008	0.0297363
-2.683711e-008	0.0257568
-2.681211e-008	0.0186768
-2.678711e-008	0.0104492
-2.676211e-008	0.019165
-2.673711e-008	0.0213867
-2.671211e-008	0.016333
-2.668711e-008	0.0260742
-2.666211e-008	0.035083
-2.663711e-008	0.0305176
-2.661211e-008	0.0136963
-2.658711e-008	0.0175049
-2.656211e-008	0.0321289
-2.653711e-008	0.0240479
-2.651211e-008	0.0105469
-2.648711e-008	0.00742188
-2.646211e-008	0.0181885
-2.643711e-008	0.0250244
-2.641211e-008	0.0215332
-2.638711e-008	0.00720216
-2.636211e-008	-0.00344238
-2.633711e-008	0.0108643
-2.631211e-008	0.0165772
-2.628711e-008	0.0212891
-2.626211e-008	0.0269043
-2.623711e-008	0.0181641
-2.621211e-008	0.0230469
-2.618711e-008	0.0172119
-2.616211e-008	0.0119385
-2.613711e-008	0.0289795
-2.611211e-008	0.0264649
-2.608711e-008	0.0215332
-2.606211e-008	0.0194824
-2.603711e-008	0.0140137
-2.601211e-008	0.0301025
-2.598711e-008	0.0280029
-2.596211e-008	0.0136231
-2.593711e-008	0.0240723
-2.591211e-008	0.0268311
-2.588711e-008	0.0322754
-2.586211e-008	0.0358154
-2.583711e-008	0.0240723
-2.581211e-008	0.0328613
-2.578711e-008	0.0327149
-2.576211e-008	0.0173828
-2.573711e-008	0.0197022
-2.571211e-008	0.0204834
-2.568711e-008	0.021582
-2.566211e-008	0.0246338
-2.563711e-008	0.0311768
-2.561211e-008	0.0446289
-2.558711e-008	0.0344238
-2.556211e-008	0.0236084
-2.553711e-008	0.0279785
-2.551211e-008	0.0162598
-2.548711e-008	0.0165527
-2.546211e-008	0.0269043
-2.543711e-008	0.0177979
-2.541211e-008	0.0132813
-2.538711e-008	0.00627442
-2.536211e-008	0.0123535
-2.533711e-008	0.0368164
-2.531211e-008	0.031665
-2.528711e-008	0.0279297
-2.526211e-008	0.0272705
-2.523711e-008	0.0174805
-2.521211e-008	0.0265869
-2.518711e-008	0.0233643
-2.516211e-008	0.0208252
-2.513711e-008	0.0284668
-2.511211e-008	0.0204346
-2.508711e-008	0.016919
-2.506211e-008	0.0185547
-2.503711e-008	0.0235107
-2.501211e-008	0.0347168
-2.498711e-008	0.0338135
-2.496211e-008	0.0224609
-2.493711e-008	0.0181397
-2.491211e-008	0.0207031
-2.488711e-008	0.0279541
-2.486211e-008	0.0285889
-2.483711e-008	0.0230225
-2.481211e-008	0.0328858
-2.478711e-008	0.0299072
-2.476211e-008	0.0202149
-2.473711e-008	0.0228272
-2.471211e-008	0.0101318
-2.468711e-008	0.0218018
-2.466211e-008	0.0409424
-2.463711e-008	0.0192871
-2.461211e-008	0.0111816
-2.458711e-008	0.020752
-2.456211e-008	0.0224609
-2.453711e-008	0.0217529
-2.451211e-008	0.0283936
-2.448711e-008	0.0420166
-2.446211e-008	0.021875
-2.443711e-008	0.00979005
-2.441211e-008	0.0321777
-2.438711e-008	0.0203857
-2.436211e-008	0.0152832
-2.433711e-008	0.0371338
-2.431211e-008	0.0311279
-2.428711e-008	0.0266602
-2.426211e-008	0.0324951
-2.423711e-008	0.0268311
-2.421211e-008	0.0213135
-2.418711e-008	0.0166748
-2.416211e-008	0.0138916
-2.413711e-008	0.0176758
-2.411211e-008	0.0231934
-2.408711e-008	0.0291504
-2.406211e-008	0.0354492
-2.403711e-008	0.0298828
-2.401211e-008	0.0172607
-2.398711e-008	0.0159912
-2.396211e-008	0.0167236
-2.393711e-008	0.0189209
-2.391211e-008	0.0256104
-2.388711e-008	0.0243164
-2.386211e-008	0.0272705
-2.383711e-008	0.0375244
-2.381211e-008	0.0301514
-2.378711e-008	0.013794
-2.376211e-008	0.0191162
-2.373711e-008	0.0231445
-2.371211e-008	0.0178711
-2.368711e-008	0.0290527
-2.366211e-008	0.0261963
-2.363711e-008	0.012793
-2.361211e-008	0.0175049
-2.358711e-008	0.0212647
-2.356211e-008	0.0173096
-2.353711e-008	0.0117676
-2.351211e-008	0.0156982
-2.348711e-008	0.0176514
-2.346211e-008	0.0142334
-2.343711e-008	0.0304688
-2.341211e-008	0.0371582
-2.338711e-008	0.0204346
-2.336211e-008	0.0161621
-2.333711e-008	0.0244629
-2.331211e-008	0.0319092
-2.328711e-008	0.03479
-2.326211e-008	0.0160889
-2.323711e-008	0.00541993
-2.321211e-008	0.0273193
-2.318711e-008	0.0255859
-2.316211e-008	0.0155274
-2.313711e-008	0.0314941
-2.311211e-008	0.02854
-2.308711e-008	0.0190186
-2.306211e-008	0.0231445
-2.303711e-008	0.0265625
-2.301211e-008	0.0242676
-2.298711e-008	0.0132568
-2.296211e-008	0.00993653
-2.293711e-008	0.0115723
-2.291211e-008	0.0139404
-2.288711e-008	0.0219238
-2.286211e-008	0.0266113
-2.283711e-008	0.0339844
-2.281211e-008	0.0238525
-2.278711e-008	0.00109864
-2.276211e-008	0.0155029
-2.273711e-008	0.0317627
-2.271211e-008	0.0230469
-2.268711e-008	0.0224365
-2.266211e-008	0.018042
-2.263711e-008	0.0212647
-2.261211e-008	0.031665
-2.258711e-008	0.0198731
-2.256211e-008	0.0140625
-2.253711e-008	0.0208008
-2.251211e-008	0.0220459
-2.248711e-008	0.0186768
-2.246211e-008	0.019751
-2.243711e-008	0.0272705
-2.241211e-008	0.0230225
-2.238711e-008	0.0201172
-2.236211e-008	0.0266602
-2.233711e-008	0.0219727
-2.231211e-008	0.0241943
-2.228711e-008	0.0333984
-2.226211e-008	0.0186279
-2.223711e-008	0.020044
-2.221211e-008	0.0392578
-2.218711e-008	0.0168213
-2.216211e-008	0.00793458
-2.213711e-008	0.028418
-2.211211e-008	0.0224609
-2.208711e-008	0.018335
-2.206211e-008	0.0232178
-2.203711e-008	0.0287842
-2.201211e-008	0.0272461
-2.198711e-008	0.0129395
-2.196211e-008	0.0157959
-2.193711e-008	0.0217529
-2.191211e-008	0.0215576
-2.188711e-008	0.0196777
-2.186211e-008	0.0148193
-2.183711e-008	0.0245117
-2.181211e-008	0.0287842
-2.178711e-008	0.0217285
-2.176211e-008	0.0263428
-2.173711e-008	0.0287598
-2.171211e-008	0.0186524
-2.168711e-008	0.0170166
-2.166211e-008	0.018042
-2.163711e-008	0.0113037
-2.161211e-008	0.0191406
-2.158711e-008	0.0186035
-2.156211e-008	0.0100342
-2.153711e-008	0.0268311
-2.151211e-008	0.023584
-2.148711e-008	0.00864259
-2.146211e-008	0.0296387
-2.143711e-008	0.037207
-2.141211e-008	0.0195068
-2.138711e-008	0.0185059
-2.136211e-008	0.0220703
-2.133711e-008	0.0203613
-2.131211e-008	0.0156494
-2.128711e-008	0.0157959
-2.126211e-008	0.0220215
-2.123711e-008	0.013794
-2.121211e-008	0.0173828
-2.118711e-008	0.0250733
-2.116211e-008	0.0189697
-2.113711e-008	0.0207275
-2.111211e-008	0.0111572
-2.108711e-008	0.0136231
-2.106211e-008	0.0220947
-2.103711e-008	0.0111816
-2.101211e-008	0.0250488
-2.098711e-008	0.0300537
-2.096211e-008	0.00888673
-2.093711e-008	0.00637208
-2.091211e-008	0.0176514
-2.088711e-008	0.0236328
-2.086211e-008	0.0152588
-2.083711e-008	0.0235107
-2.081211e-008	0.036792
-2.078711e-008	0.0175781
-2.076211e-008	0.0149902
-2.073711e-008	0.0301514
-2.071211e-008	0.0314453
-2.068711e-008	0.024707
-2.066211e-008	0.0184815
-2.063711e-008	0.0362793
-2.061211e-008	0.0419922
-2.058711e-008	0.0228272
-2.056211e-008	0.0190186
-2.053711e-008	0.011377
-2.051211e-008	0.00771485
-2.048711e-008	0.0207764
-2.046211e-008	0.0186524
-2.043711e-008	0.0202881
-2.041211e-008	0.0256104
-2.038711e-008	0.000830086
-2.036211e-008	0.00283204
-2.033711e-008	0.0316406
-2.031211e-008	0.0208496
-2.028711e-008	0.0206055
-2.026211e-008	0.0395264
-2.023711e-008	0.0374756
-2.021211e-008	0.0276123
-2.018711e-008	0.0106445
-2.016211e-008	0.00764161
-2.013711e-008	0.0187988
-2.011211e-008	0.0249756
-2.008711e-008	0.0318359
-2.006211e-008	0.0280762
-2.003711e-008	0.0210938
-2.001211e-008	0.0184326
-1.998711e-008	0.0130127
-1.996211e-008	0.0140869
-1.993711e-008	0.0158691
-1.991211e-008	0.0252197
-1.988711e-008	0.0416016
-1.986211e-008	0.0349609
-1.983711e-008	0.0258057
-1.981211e-008	0.0246582
-1.978711e-008	0.0151856
-1.976211e-008	0.0184815
-1.973711e-008	0.0240967
-1.971211e-008	0.0169678
-1.968711e-008	0.0143799
-1.966211e-008	0.0154297
-1.963711e-008	0.0209229
-1.961211e-008	0.0243164
-1.958711e-008	0.0159424
-1.956211e-008	0.0205566
-1.953711e-008	0.0338623
-1.951211e-008	0.0258545
-1.948711e-008	0.0168701
-1.946211e-008	0.0208252
-1.943711e-008	0.0203857
-1.941211e-008	0.0252197
-1.938711e-008	0.0316895
-1.936211e-008	0.0217529
-1.933711e-008	0.0187256
-1.931211e-008	0.020166
-1.928711e-008	0.010791
-1.926211e-008	0.0182373
-1.923711e-008	0.0296143
-1.921211e-008	0.0227783
-1.918711e-008	0.0167236
-1.916211e-008	0.0191895
-1.913711e-008	0.0226318
-1.911211e-008	0.0230225
-1.908711e-008	0.0232422
-1.906211e-008	0.0185059
-1.903711e-008	0.0197022
-1.901211e-008	0.0262695
-1.898711e-008	0.0112793
-1.896211e-008	0.00444337
-1.893711e-008	0.0243652
-1.891211e-008	0.0233643
-1.888711e-008	0.0151611
-1.886211e-008	0.0220703
-1.883711e-008	0.0216797
-1.881211e-008	0.034375
-1.878711e-008	0.0300781
-1.876211e-008	0.00263673
-1.873711e-008	0.0134522
-1.871211e-008	0.0168213
-1.868711e-008	0.0125488
-1.866211e-008	0.0278076
-1.863711e-008	0.0268066
-1.861211e-008	0.033374
-1.858711e-008	0.0282959
-1.856211e-008	0.0127197
-1.853711e-008	0.0222656
-1.851211e-008	0.0228516
-1.848711e-008	0.0243897
-1.846211e-008	0.0246094
-1.843711e-008	0.0209229
-1.841211e-008	0.0359375
-1.838711e-008	0.0297608
-1.836211e-008	0.00957032
-1.833711e-008	0.0106445
-1.831211e-008	0.0155274
-1.828711e-008	0.015918
-1.826211e-008	0.020044
-1.823711e-008	0.0290772
-1.821211e-008	0.0353027
-1.818711e-008	0.0366455
-1.816211e-008	0.0312988
-1.813711e-008	0.0223389
-1.811211e-008	0.0169922
-1.808711e-008	0.0189941
-1.806211e-008	0.0257324
-1.803711e-008	0.0226074
-1.801211e-008	0.019043
-1.798711e-008	0.0188477
-1.796211e-008	0.0105713
-1.793711e-008	0.0110107
-1.791211e-008	0.0235596
-1.788711e-008	0.0186279
-1.786211e-008	-0.00117187
-1.783711e-008	0.00754395
-1.781211e-008	0.0256348
-1.778711e-008	0.0200684
-1.776211e-008	0.0218262
-1.773711e-008	0.0278809
-1.771211e-008	0.00891114
-1.768711e-008	-0.0010498
-1.766211e-008	0.0202149
-1.763711e-008	0.0312256
-1.761211e-008	0.0278809
-1.758711e-008	0.0221191
-1.756211e-008	0.00957032
-1.753711e-008	0.0105225
-1.751211e-008	0.0232422
-1.748711e-008	0.027124
-1.746211e-008	0.0180664
-1.743711e-008	0.023169
-1.741211e-008	0.0362305
-1.738711e-008	0.0169678
-1.736211e-008	-9.76488e-005
-1.733711e-008	0.00278321
-1.731211e-008	0.00974122
-1.728711e-008	0.0236816
-1.726211e-008	0.0147217
-1.723711e-008	0.00822755
-1.721211e-008	0.0276856
-1.718711e-008	0.0224121
-1.716211e-008	0.0165527
-1.713711e-008	0.0269531
-1.711211e-008	0.0188965
-1.708711e-008	0.0240479
-1.706211e-008	0.0323242
-1.703711e-008	0.017334
-1.701211e-008	0.0213379
-1.698711e-008	0.0348877
-1.696211e-008	0.0313965
-1.693711e-008	0.0202393
-1.691211e-008	0.0108643
-1.688711e-008	0.0178223
-1.686211e-008	0.0240234
-1.683711e-008	0.0179199
-1.681211e-008	0.017627
-1.678711e-008	0.015918
-1.676211e-008	0.0168945
-1.673711e-008	0.0388672
-1.671211e-008	0.0487061
-1.668711e-008	0.0254395
-1.666211e-008	0.0167481
-1.663711e-008	0.0309082
-1.661211e-008	0.0292236
-1.658711e-008	0.0182861
-1.656211e-008	0.014917
-1.653711e-008	0.0214111
-1.651211e-008	0.0268066
-1.648711e-008	0.0181885
-1.646211e-008	0.0177002
-1.643711e-008	0.0287842
-1.641211e-008	0.0349609
-1.638711e-008	0.0362305
-1.636211e-008	0.0260742
-1.633711e-008	0.0212647
-1.631211e-008	0.0308594
-1.628711e-008	0.0284668
-1.626211e-008	0.0161621
-1.623711e-008	0.0182861
-1.621211e-008	0.0254639
-1.618711e-008	0.0167236
-1.616211e-008	0.0111084
-1.613711e-008	0.0159424
-1.611211e-008	0.0232422
-1.608711e-008	0.0281983
-1.606211e-008	0.0189941
-1.603711e-008	0.0270508
-1.601211e-008	0.0328613
-1.598711e-008	0.0142334
-1.596211e-008	0.0217285
-1.593711e-008	0.0293701
-1.591211e-008	0.0228516
-1.588711e-008	0.0273682
-1.586211e-008	0.0256836
-1.583711e-008	0.0243652
-1.581211e-008	0.0266358
-1.578711e-008	0.0226563
-1.576211e-008	0.0157715
-1.573711e-008	0.0196289
-1.571211e-008	0.0345459
-1.568711e-008	0.0376221
-1.566211e-008	0.0263672
-1.563711e-008	0.0233399
-1.561211e-008	0.0339111
-1.558711e-008	0.022583
-1.556211e-008	0.0113281
-1.553711e-008	0.0321777
-1.551211e-008	0.0371826
-1.548711e-008	0.0280029
-1.546211e-008	0.0229981
-1.543711e-008	0.0222412
-1.541211e-008	0.0256104
-1.538711e-008	0.0177979
-1.536211e-008	0.0286133
-1.533711e-008	0.0353027
-1.531211e-008	0.0172852
-1.528711e-008	0.0252197
-1.526211e-008	0.0329346
-1.523711e-008	0.0286133
-1.521211e-008	0.0290039
-1.518711e-008	0.0157471
-1.516211e-008	0.0154053
-1.513711e-008	0.0222412
-1.511211e-008	0.0115723
-1.508711e-008	0.0180664
-1.506211e-008	0.023291
-1.503711e-008	0.00808106
-1.501211e-008	0.0284912
-1.498711e-008	0.0472412
-1.496211e-008	0.0233887
-1.493711e-008	0.0265625
-1.491211e-008	0.0293457
-1.488711e-008	0.0128174
-1.486211e-008	0.0200195
-1.483711e-008	0.0178223
-1.481211e-008	0.0235107
-1.478711e-008	0.0312744
-1.476211e-008	0.0147949
-1.473711e-008	0.0187988
-1.471211e-008	0.0224121
-1.468711e-008	0.0236084
-1.466211e-008	0.0330811
-1.463711e-008	0.0222412
-1.461211e-008	0.0251953
-1.458711e-008	0.0324707
-1.456211e-008	0.024707
-1.453711e-008	0.0302002
-1.451211e-008	0.0248535
-1.448711e-008	0.0190674
-1.446211e-008	0.0293945
-1.443711e-008	0.0327393
-1.441211e-008	0.0400635
-1.438711e-008	0.0327881
-1.436211e-008	0.0106201
-1.433711e-008	0.0159668
-1.431211e-008	0.0268066
-1.428711e-008	0.0179932
-1.426211e-008	0.0161133
-1.423711e-008	0.029126
-1.421211e-008	0.0322022
-1.418711e-008	0.0179443
-1.416211e-008	0.00732423
-1.413711e-008	0.0198242
-1.411211e-008	0.0402588
-1.408711e-008	0.0360108
-1.406211e-008	0.0206055
-1.403711e-008	0.0256592
-1.401211e-008	0.0352783
-1.398711e-008	0.0289307
-1.396211e-008	0.0241943
-1.393711e-008	0.025
-1.391211e-008	0.0162842
-1.388711e-008	0.0168457
-1.386211e-008	0.0182129
-1.383711e-008	0.0135498
-1.381211e-008	0.0279297
-1.378711e-008	0.0202637
-1.376211e-008	0.00644532
-1.373711e-008	0.0235596
-1.371211e-008	0.020874
-1.368711e-008	0.0107422
-1.366211e-008	0.0172852
-1.363711e-008	0.0287598
-1.361211e-008	0.0307617
-1.358711e-008	0.0218018
-1.356211e-008	0.02771
-1.353711e-008	0.0240723
-1.351211e-008	0.017041
-1.348711e-008	0.0303467
-1.346211e-008	0.0323486
-1.343711e-008	0.0306397
-1.341211e-008	0.0250488
-1.338711e-008	0.00834962
-1.336211e-008	0.0126221
-1.333711e-008	0.0228027
-1.331211e-008	0.0215088
-1.328711e-008	0.0222656
-1.326211e-008	0.017627
-1.323711e-008	0.0183594
-1.321211e-008	0.0249512
-1.318711e-008	0.0225342
-1.316211e-008	0.013208
-1.313711e-008	0.00109864
-1.311211e-008	0.012207
-1.308711e-008	0.0252686
-1.306211e-008	0.0175781
-1.303711e-008	0.0270996
-1.301211e-008	0.0279297
-1.298711e-008	0.00974122
-1.296211e-008	0.0181397
-1.293711e-008	0.0227051
-1.291211e-008	0.0143555
-1.288711e-008	0.0292236
-1.286211e-008	0.0324463
-1.283711e-008	0.0162354
-1.281211e-008	0.0163818
-1.278711e-008	0.0221191
-1.276211e-008	0.0261963
-1.273711e-008	0.0324951
-1.271211e-008	0.0310547
-1.268711e-008	0.01875
-1.266211e-008	0.00861817
-1.263711e-008	0.0177246
-1.261211e-008	0.0350098
-1.258711e-008	0.0340088
-1.256211e-008	0.0238525
-1.253711e-008	0.0291504
-1.251211e-008	0.0335938
-1.248711e-008	0.0190918
-1.246211e-008	0.0124024
-1.243711e-008	0.0308838
-1.241211e-008	0.0426025
-1.238711e-008	0.028833
-1.236211e-008	0.0143066
-1.233711e-008	0.0199707
-1.231211e-008	0.0350098
-1.228711e-008	0.0259766
-1.226211e-008	0.0140625
-1.223711e-008	0.0296875
-1.221211e-008	0.0216553
-1.218711e-008	0.00122071
-1.216211e-008	0.0164795
-1.213711e-008	0.0233643
-1.211211e-008	0.0197266
-1.208711e-008	0.0251465
-1.206211e-008	0.00959473
-1.203711e-008	0.0126953
-1.201211e-008	0.0424561
-1.198711e-008	0.0342774
-1.196211e-008	0.0155274
-1.193711e-008	0.0166016
-1.191211e-008	0.0175781
-1.188711e-008	0.0236084
-1.186211e-008	0.0356201
-1.183711e-008	0.0428223
-1.181211e-008	0.0296143
-1.178711e-008	0.012207
-1.176211e-008	0.0234131
-1.173711e-008	0.034082
-1.171211e-008	0.0155762
-1.168711e-008	0.0105225
-1.166211e-008	0.0248291
-1.163711e-008	0.0214111
-1.161211e-008	0.0199219
-1.158711e-008	0.0180908
-1.156211e-008	0.0172852
-1.153711e-008	0.0391113
-1.151211e-008	0.0376465
-1.148711e-008	0.0249268
-1.146211e-008	0.0313233
-1.143711e-008	0.0233154
-1.141211e-008	0.0135254
-1.138711e-008	0.0187256
-1.136211e-008	0.0282227
-1.133711e-008	0.0236084
-1.131211e-008	0.0100098
-1.128711e-008	0.0223633
-1.126211e-008	0.0219971
-1.123711e-008	0.00795899
-1.121211e-008	0.025708
-1.118711e-008	0.0249512
-1.116211e-008	0.0147949
-1.113711e-008	0.0279541
-1.111211e-008	0.0237549
-1.108711e-008	0.0233887
-1.106211e-008	0.0332764
-1.103711e-008	0.023584
-1.101211e-008	0.0200684
-1.098711e-008	0.0241211
-1.096211e-008	0.0174072
-1.093711e-008	0.0224365
-1.091211e-008	0.0303955
-1.088711e-008	0.0177246
-1.086211e-008	0.0128906
-1.083711e-008	0.0258789
-1.081211e-008	0.0293701
-1.078711e-008	0.0186035
-1.076211e-008	0.0142578
-1.073711e-008	0.0206543
-1.071211e-008	0.0218262
-1.068711e-008	0.0223633
-1.066211e-008	0.0238525
-1.063711e-008	0.0177979
-1.061211e-008	0.0147705
-1.058711e-008	0.0201904
-1.056211e-008	0.0259522
-1.053711e-008	0.0261963
-1.051211e-008	0.0292969
-1.048711e-008	0.0369385
-1.046211e-008	0.0277588
-1.043711e-008	0.0212402
-1.041211e-008	0.0418945
-1.038711e-008	0.04104
-1.036211e-008	0.0189209
-1.033711e-008	0.0210449
-1.031211e-008	0.0284912
-1.028711e-008	0.0307373
-1.026211e-008	0.0280274
-1.023711e-008	0.028418
-1.021211e-008	0.0278809
-1.018711e-008	0.00756837
-1.016211e-008	0.0106445
-1.013711e-008	0.0202393
-1.011211e-008	0.0156006
-1.008711e-008	0.0262207
-1.006211e-008	0.022583
-1.003711e-008	0.0249756
-1.001211e-008	0.0394287
-9.987109e-009	0.0290039
-9.962109e-009	0.0237061
-9.937109e-009	0.0239502
-9.912109e-009	0.00881348
-9.887109e-009	0.00593262
-9.862109e-009	0.0193359
-9.837109e-009	0.0256348
-9.812109e-009	0.0296387
-9.787109e-009	0.024707
-9.762109e-009	0.0182617
-9.737109e-009	0.0230957
-9.712109e-009	0.0176758
-9.687109e-009	0.0231445
-9.662109e-009	0.033252
-9.637109e-009	0.0243408
-9.612109e-009	0.0287842
-9.587109e-009	0.0316406
-9.562109e-009	0.0188721
-9.537109e-009	0.0188965
-9.512109e-009	0.0222656
-9.487109e-009	0.0232178
-9.462109e-009	0.0268555
-9.437109e-009	0.0219238
-9.412109e-009	0.0190674
-9.387109e-009	0.0225586
-9.362109e-009	0.0209717
-9.337109e-009	0.0250244
-9.312109e-009	0.0324707
-9.287109e-009	0.0241211
-9.262109e-009	0.0178223
-9.237109e-009	0.0308106
-9.212109e-009	0.0258545
-9.187109e-009	0.0114502
-9.162109e-009	0.0229981
-9.137109e-009	0.016626
-9.112109e-009	0.00148927
-9.087109e-009	0.0227295
-9.062109e-009	0.0304688
-9.037109e-009	0.0187988
-9.012109e-009	0.0296143
-8.987109e-009	0.0340332
-8.962109e-009	0.0252441
-8.937109e-009	0.0283447
-8.912109e-009	0.0258545
-8.887109e-009	0.0119141
-8.862109e-009	0.011792
-8.837109e-009	0.0251953
-8.812109e-009	0.0278565
-8.787109e-009	0.0205078
-8.762109e-009	0.0202393
-8.737109e-009	0.0204834
-8.712109e-009	0.0192627
-8.687109e-009	0.0324463
-8.662109e-009	0.0392822
-8.637109e-009	0.0307373
-8.612109e-009	0.030127
-8.587109e-009	0.0228272
-8.562109e-009	0.0175293
-8.537109e-009	0.0188477
-8.512109e-009	0.0097168
-8.487109e-009	0.0195801
-8.462109e-009	0.028418
-8.437109e-009	0.0239746
-8.412109e-009	0.028418
-8.387109e-009	0.0189209
-8.362109e-009	0.0134277
-8.337109e-009	0.0191162
-8.312109e-009	0.0162842
-8.287109e-009	0.0202637
-8.262109e-009	0.0250977
-8.237109e-009	0.0301025
-8.212109e-009	0.0342285
-8.187109e-009	0.0185303
-8.162109e-009	0.0119873
-8.137109e-009	0.0230469
-8.112109e-009	0.0150391
-8.087109e-009	0.0119385
-8.062109e-009	0.0267578
-8.037109e-009	0.0266113
-8.012109e-009	0.0213867
-7.987109e-009	0.0260498
-7.962109e-009	0.0229492
-7.937109e-009	0.00473634
-7.912109e-009	0.00708009
-7.887109e-009	0.0235107
-7.862109e-009	0.0177734
-7.837109e-009	0.0251709
-7.812109e-009	0.0285645
-7.787109e-009	0.00695802
-7.762109e-009	0.0187988
-7.737109e-009	0.0304932
-7.712109e-009	0.0138672
-7.687109e-009	0.0157227
-7.662109e-009	0.0203613
-7.637109e-009	0.0163574
-7.612109e-009	0.0145508
-7.587109e-009	0.0151367
-7.562109e-009	0.0293213
-7.537109e-009	0.0388428
-7.512109e-009	0.0312256
-7.487109e-009	0.0218262
-7.462109e-009	0.0231934
-7.437109e-009	0.0358887
-7.412109e-009	0.0316895
-7.387109e-009	0.0165039
-7.362109e-009	0.0171143
-7.337109e-009	0.0179443
-7.312109e-009	0.0262451
-7.287109e-009	0.0391113
-7.262109e-009	0.0244629
-7.237109e-009	0.016919
-7.212109e-009	0.0273926
-7.187109e-009	0.0177246
-7.162109e-009	0.0116943
-7.137109e-009	0.0206055
-7.112109e-009	0.0234619
-7.087109e-009	0.0289063
-7.062109e-009	0.0329346
-7.037109e-009	0.0275879
-7.012109e-009	0.021582
-6.987109e-009	0.0208984
-6.962109e-009	0.0217041
-6.937109e-009	0.0203369
-6.912109e-009	0.0239258
-6.887109e-009	0.0279297
-6.862109e-009	0.020874
-6.837109e-009	0.0143799
-6.812109e-009	0.0268555
-6.787109e-009	0.0336182
-6.762109e-009	0.0203613
-6.737109e-009	0.0230225
-6.712109e-009	0.0331787
-6.687109e-009	0.0224609
-6.662109e-009	0.0127686
-6.637109e-009	0.0208252
-6.612109e-009	0.0165039
-6.587109e-009	0.00354005
-6.562109e-009	0.0138916
-6.537109e-009	0.0155762
-6.512109e-009	0.0125977
-6.487109e-009	0.0231445
-6.462109e-009	0.0227783
-6.437109e-009	0.0306397
-6.412109e-009	0.0336426
-6.387109e-009	0.0185303
-6.362109e-009	0.0165283
-6.337109e-009	0.0253662
-6.312109e-009	0.0290039
-6.287109e-009	0.0189453
-6.262109e-009	0.0165527
-6.237109e-009	0.0292236
-6.212109e-009	0.0355713
-6.187109e-009	0.0325928
-6.162109e-009	0.0172852
-6.137109e-009	0.00168458
-6.112109e-009	0.00407716
-6.087109e-009	0.0106201
-6.062109e-009	0.0155274
-6.037109e-009	0.0348389
-6.012109e-009	0.0344971
-5.987109e-009	0.0101807
-5.962109e-009	0.0172119
-5.937109e-009	0.0217041
-5.912109e-009	0.0183106
-5.887109e-009	0.0386963
-5.862109e-009	0.0246338
-5.837109e-009	0.00541993
-5.812109e-009	0.025415
-5.787109e-009	0.0222412
-5.762109e-009	0.00905762
-5.737109e-009	0.0160156
-5.712109e-009	0.0236084
-5.687109e-009	0.0341309
-5.662109e-009	0.0318115
-5.637109e-009	0.0249512
-5.612109e-009	0.0279297
-5.587109e-009	0.0251709
-5.562109e-009	0.0206299
-5.537109e-009	0.0202149
-5.512109e-009	0.0293945
-5.487109e-009	0.0262451
-5.462109e-009	0.00891114
-5.437109e-009	0.0191406
-5.412109e-009	0.0285889
-5.387109e-009	0.0133057
-5.362109e-009	0.0184326
-5.337109e-009	0.0306641
-5.312109e-009	0.0192871
-5.287109e-009	0.0145508
-5.262109e-009	0.0146973
-5.237109e-009	0.0212158
-5.212109e-009	0.0346191
-5.187109e-009	0.0236572
-5.162109e-009	0.0217041
-5.137109e-009	0.0332764
-5.112109e-009	0.025293
-5.087109e-009	0.0152344
-5.062109e-009	0.00576173
-5.037109e-009	0.011792
-5.012109e-009	0.0345947
-4.987109e-009	0.0246338
-4.962109e-009	0.00937501
-4.937109e-009	0.013916
-4.912109e-009	0.0067627
-4.887109e-009	0.0178467
-4.862109e-009	0.0304688
-4.837109e-009	0.0186768
-4.812109e-009	0.0145996
-4.787109e-009	0.00461427
-4.762109e-009	0.0135498
-4.737109e-009	0.0331787
-4.712109e-009	0.0166992
-4.687109e-009	0.0171631
-4.662109e-009	0.0332031
-4.637109e-009	0.0270264
-4.612109e-009	0.0308106
-4.587109e-009	0.0338867
-4.562109e-009	0.0191406
-4.537109e-009	0.0141846
-4.512109e-009	0.016333
-4.487109e-009	0.0233643
-4.462109e-009	0.0314697
-4.437109e-009	0.0258057
-4.412109e-009	0.0289795
-4.387109e-009	0.0307129
-4.362109e-009	0.0173828
-4.337109e-009	0.0269775
-4.312109e-009	0.0375488
-4.287109e-009	0.0186768
-4.262109e-009	0.00715333
-4.237109e-009	0.0235596
-4.212109e-009	0.0324219
-4.187109e-009	0.0108399
-4.162109e-009	0.0196533
-4.137109e-009	0.0419678
-4.112109e-009	0.0182129
-4.087109e-009	0.0209961
-4.062109e-009	0.0331543
-4.037109e-009	0.0127197
-4.012109e-009	0.022168
-3.987109e-009	0.029834
-3.962109e-009	0.0174805
-3.937109e-009	0.0187988
-3.912109e-009	0.0250733
-3.887109e-009	0.0307129
-3.862109e-009	0.0246338
-3.837109e-009	0.0224854
-3.812109e-009	0.017749
-3.787109e-009	-0.00512695
-3.762109e-009	0.00800782
-3.737109e-009	0.0349854
-3.712109e-009	0.0244873
-3.687109e-009	0.020166
-3.662109e-009	0.0280274
-3.637109e-009	0.0236084
-3.612109e-009	0.0192627
-3.587109e-009	0.0135498
-3.562109e-009	0.0127686
-3.537109e-009	0.0122315
-3.512109e-009	0.0101318
-3.487109e-009	0.0252197
-3.462109e-009	0.021875
-3.437109e-009	0.0154785
-3.412109e-009	0.04104
-3.387109e-009	0.0392334
-3.362109e-009	0.0209717
-3.337109e-009	0.0223389
-3.312109e-009	0.0242432
-3.287109e-009	0.0296387
-3.262109e-009	0.0249512
-3.237109e-009	0.0182617
-3.212109e-009	0.0242188
-3.187109e-009	0.0268799
-3.162109e-009	0.0255371
-3.137109e-009	0.0141846
-3.112109e-009	0.0121826
-3.087109e-009	0.0214356
-3.062109e-009	0.0168457
-3.037109e-009	0.0246338
-3.012109e-009	0.0311279
-2.987109e-009	0.0147461
-2.962109e-009	0.0170654
-2.937109e-009	0.0251709
-2.912109e-009	0.0167236
-2.887109e-009	0.0242676
-2.862109e-009	0.0299561
-2.837109e-009	0.0176514
-2.812109e-009	0.0193359
-2.787109e-009	0.0167236
-2.762109e-009	0.0131348
-2.737109e-009	0.0273682
-2.712109e-009	0.0258789
-2.687109e-009	0.0199463
-2.662109e-009	0.0191162
-2.637109e-009	0.0199219
-2.612109e-009	0.0254395
-2.587109e-009	0.0116943
-2.562109e-009	0.0131836
-2.537109e-009	0.0366455
-2.512109e-009	0.0309082
-2.487109e-009	0.0206787
-2.462109e-009	0.0257813
-2.437109e-009	0.0255127
-2.412109e-009	0.0291016
-2.387109e-009	0.0305908
-2.362109e-009	0.0216065
-2.337109e-009	0.0153565
-2.312109e-009	0.014917
-2.287109e-009	0.0205811
-2.262109e-009	0.018335
-2.237109e-009	0.0174316
-2.212109e-009	0.0306641
-2.187109e-009	0.0279053
-2.162109e-009	0.0242676
-2.137109e-009	0.0333008
-2.112109e-009	0.0251953
-2.087109e-009	0.0147461
-2.062109e-009	0.0196777
-2.037109e-009	0.0255127
-2.012109e-009	0.0262695
-1.987109e-009	0.0214111
-1.962109e-009	0.0236084
-1.937109e-009	0.0349365
-1.912109e-009	0.0260254
-1.887109e-009	0.0188477
-1.862109e-009	0.0266846
-1.837109e-009	0.0171143
-1.812109e-009	0.0205566
-1.787109e-009	0.0263184
-1.762109e-009	0.0132568
-1.737109e-009	0.0181641
-1.712109e-009	0.0233154
-1.687109e-009	0.0240234
-1.662109e-009	0.0218018
-1.637109e-009	0.0188232
-1.612109e-009	0.0236816
-1.587109e-009	0.016919
-1.562109e-009	0.0217529
-1.537109e-009	0.0279785
-1.512109e-009	0.030542
-1.487109e-009	0.0434082
-1.462109e-009	0.0289063
-1.437109e-009	0.0224365
-1.412109e-009	0.0336426
-1.387109e-009	0.0145996
-1.362109e-009	0.0107666
-1.337109e-009	0.0342529
-1.312109e-009	0.0310059
-1.287109e-009	0.0156982
-1.262109e-009	0.00715333
-1.237109e-009	0.0101563
-1.212109e-009	0.0342285
-1.187109e-009	0.0305908
-1.162109e-009	0.00869141
-1.137109e-009	0.0182373
-1.112109e-009	0.0283447
-1.087109e-009	0.016919
-1.062109e-009	0.00734864
-1.037109e-009	0.0184815
-1.012109e-009	0.0280274
-9.871094e-010	0.0244141
-9.621094e-010	0.0229248
-9.371094e-010	0.0178223
-9.121094e-010	0.0156006
-8.871094e-010	0.0176025
-8.621094e-010	0.0181641
-8.371094e-010	0.0224121
-8.121094e-010	0.0227295
-7.871094e-010	0.0188721
-7.621094e-010	0.0183838
-7.371094e-010	0.018335
-7.121094e-010	0.0179932
-6.871094e-010	0.0191895
-6.621094e-010	0.014917
-6.371094e-010	0.0120606
-6.121094e-010	0.0171143
-5.871094e-010	0.018042
-5.621094e-010	0.0212402
-5.371094e-010	0.0276123
-5.121094e-010	0.02771
-4.871094e-010	0.0311035
-4.621094e-010	0.0295654
-4.371094e-010	0.0253418
-4.121094e-010	0.0315186
-3.871094e-010	0.0242676
-3.621094e-010	0.0161621
-3.371094e-010	0.0286377
-3.121094e-010	0.0323486
-2.871094e-010	0.0256836
-2.621094e-010	0.0220703
-2.371094e-010	0.0209717
-2.121094e-010	0.0181885
-1.871094e-010	0.0113525
-1.621094e-010	0.0155762
-1.371094e-010	0.0208252
-1.121094e-010	0.00769044
-8.710937e-011	-0.00437011
-6.210937e-011	-0.00356445
-3.710937e-011	-0.0026123
-1.210937e-011	-0.0135254
1.289063e-011	-0.0381592
3.789063e-011	-0.0480713
6.289063e-011	-0.038916
8.789063e-011	-0.0361816
1.128906e-010	-0.0472412
1.378906e-010	-0.076831
1.628906e-010	-0.095874
1.878906e-010	-0.102979
2.128906e-010	-0.123193
2.378906e-010	-0.137866
2.628906e-010	-0.166699
2.878906e-010	-0.199487
3.128906e-010	-0.196655
3.378906e-010	-0.199976
3.628906e-010	-0.217432
3.878906e-010	-0.220654
4.128906e-010	-0.225342
4.378906e-010	-0.237183
4.628906e-010	-0.238379
4.878906e-010	-0.219629
5.128906e-010	-0.204834
5.378906e-010	-0.204712
5.628906e-010	-0.198511
5.878906e-010	-0.190771
6.128906e-010	-0.182324
6.378906e-010	-0.178931
6.628906e-010	-0.176245
6.878906e-010	-0.15293
7.128906e-010	-0.132788
7.378906e-010	-0.12334
7.628906e-010	-0.108057
7.878906e-010	-0.0895264
8.128906e-010	-0.086206
8.378906e-010	-0.0851318
8.628906e-010	-0.0700439
8.878906e-010	-0.0721435
9.128906e-010	-0.0579834
9.378906e-010	-0.0253906
9.628906e-010	-0.0305176
9.878906e-010	-0.0346191
1.012891e-009	-0.0164795
1.037891e-009	-0.00561523
1.062891e-009	-0.000634758
1.087891e-009	0.00292969
1.112891e-009	-0.00253906
1.137891e-009	-0.00939941
1.162891e-009	0.00202637
1.187891e-009	0.0248535
1.212891e-009	0.0302002
1.237891e-009	0.0238525
1.262891e-009	0.03396
1.287891e-009	0.0411865
1.312891e-009	0.0298828
1.337891e-009	0.0305664
1.362891e-009	0.0469483
1.387891e-009	0.0409912
1.412891e-009	0.0339844
1.437891e-009	0.0488037
1.462891e-009	0.0367188
1.487891e-009	0.0305664
1.512891e-009	0.0447266
1.537891e-009	0.0309815
1.562891e-009	0.0318115
1.587891e-009	0.0342529
1.612891e-009	0.011499
1.637891e-009	0.0250488
1.662891e-009	0.0476563
1.687891e-009	0.0287598
1.712891e-009	0.0207275
1.737891e-009	0.026416
1.762891e-009	0.0137695
1.787891e-009	0.0160645
1.812891e-009	0.0207031
1.837891e-009	0.0181885
1.862891e-009	0.0288574
1.887891e-009	0.0203125
1.912891e-009	0.00720216
1.937891e-009	0.0171875
1.962891e-009	0.029834
1.987891e-009	0.0284668
2.012891e-009	0.0132568
2.037891e-009	0.0161621
2.062891e-009	0.0231201
2.087891e-009	0.010376
2.112891e-009	0.0132813
2.137891e-009	0.0206299
2.162891e-009	0.0216065
2.187891e-009	0.0275147
2.212891e-009	0.0168457
2.237891e-009	0.0100342
2.262891e-009	0.0241699
2.287891e-009	0.0209473
2.312891e-009	0.0065918
2.337891e-009	0.0105957
2.362891e-009	0.0192627
2.387891e-009	0.0287354
2.412891e-009	0.0197754
2.437891e-009	0.00288087
2.462891e-009	0.0271484
2.487891e-009	0.0369629
2.512891e-009	0.0236816
2.537891e-009	0.0282959
2.562891e-009	0.0123779
2.587891e-009	0.00327149
2.612891e-009	0.0146973
2.637891e-009	0.0223389
2.662891e-009	0.0327881
2.687891e-009	0.0246338
2.712891e-009	0.0299561
2.737891e-009	0.0453125
2.762891e-009	0.032251
2.787891e-009	0.0387207
2.812891e-009	0.0398682
2.837891e-009	0.0188721
2.862891e-009	0.0344238
2.887891e-009	0.0414795
2.912891e-009	0.0236084
2.937891e-009	0.0227295
2.962891e-009	0.0254395
2.987891e-009	0.0280274
3.012891e-009	0.0162842
3.037891e-009	0.0108643
3.062891e-009	0.023169
3.087891e-009	0.0135986
3.112891e-009	0.00905762
3.137891e-009	0.0106201
3.162891e-009	0.0164063
3.187891e-009	0.0274902
3.212891e-009	0.0145264
3.237891e-009	0.0145752
3.262891e-009	0.020459
3.287891e-009	0.0158203
3.312891e-009	0.0186279
3.337891e-009	0.0186768
3.362891e-009	0.0362061
3.387891e-009	0.048999
3.412891e-009	0.0335693
3.437891e-009	0.0254883
3.462891e-009	0.0172363
3.487891e-009	0.0137207
3.512891e-009	0.0313477
3.537891e-009	0.0400879
3.562891e-009	0.0368652
3.587891e-009	0.0344971
3.612891e-009	0.0299072
3.637891e-009	0.027002
3.662891e-009	0.0326172
3.687891e-009	0.0330078
3.712891e-009	0.0181397
3.737891e-009	0.0208008
3.762891e-009	0.0375244
3.787891e-009	0.0388428
3.812891e-009	0.0277344
3.837891e-009	0.0156982
3.862891e-009	0.0270264
3.887891e-009	0.0427246
3.912891e-009	0.0295654
3.937891e-009	0.010376
3.962891e-009	0.015332
3.987891e-009	0.0234131
4.012891e-009	0.00239259
4.037891e-009	-0.00146484
4.062891e-009	0.0193604
4.087891e-009	0.00754395
4.112891e-009	-0.00859374
4.137891e-009	0.00583497
4.162891e-009	0.0231201
4.187891e-009	0.0253174
4.212891e-009	0.0221191
4.237891e-009	0.0259033
4.262891e-009	0.0229492
4.287891e-009	0.00773927
4.312891e-009	0.00734864
4.337891e-009	0.0154053
4.362891e-009	0.0178223
4.387891e-009	0.0169922
4.412891e-009	0.00859376
4.437891e-009	0.0126221
4.462891e-009	0.0272217
4.487891e-009	0.0333252
4.512891e-009	0.0350586
4.537891e-009	0.0311279
4.562891e-009	0.0338379
4.587891e-009	0.0413574
4.612891e-009	0.0327393
4.637891e-009	0.0268311
4.662891e-009	0.0339111
4.687891e-009	0.0300537
4.712891e-009	0.0268066
4.737891e-009	0.0335205
4.762891e-009	0.02771
4.787891e-009	0.0285156
4.812891e-009	0.0420899
4.837891e-009	0.035791
4.862891e-009	0.0256348
4.887891e-009	0.0281494
4.912891e-009	0.0319336
4.937891e-009	0.029126
4.962891e-009	0.0229981
4.987891e-009	0.0308106
5.012891e-009	0.0273926
5.037891e-009	0.0112305
5.062891e-009	0.0194336
5.087891e-009	0.0198486
5.112891e-009	0.00458985
5.137891e-009	0.0088379
5.162891e-009	0.02146
5.187891e-009	0.0197998
5.212891e-009	0.0109863
5.237891e-009	0.0149414
5.262891e-009	0.0171387
5.287891e-009	0.00949708
5.312891e-009	0.00666505
5.337891e-009	0.0090088
5.362891e-009	0.0106445
5.387891e-009	0.00742188
5.412891e-009	0.00666505
5.437891e-009	0.00427247
5.462891e-009	0.00720216
5.487891e-009	0.0141113
5.512891e-009	0.0109863
5.537891e-009	0.0184082
5.562891e-009	0.0244385
5.587891e-009	0.0209473
5.612891e-009	0.0143799
5.637891e-009	0.00776368
5.662891e-009	0.0190674
5.687891e-009	0.0200195
5.712891e-009	0.0129883
5.737891e-009	0.0159668
5.762891e-009	0.0180176
5.787891e-009	0.02146
5.812891e-009	0.0111816
5.837891e-009	0.0125488
5.862891e-009	0.0297119
5.887891e-009	0.0250733
5.912891e-009	0.0255859
5.937891e-009	0.0338379
5.962891e-009	0.0322266
5.987891e-009	0.0295166
6.012891e-009	0.0190918
6.037891e-009	0.017041
6.062891e-009	0.0291016
6.087891e-009	0.0318359
6.112891e-009	0.0296143
6.137891e-009	0.0297608
6.162891e-009	0.0343018
6.187891e-009	0.0308106
6.212891e-009	0.0117676
6.237891e-009	0.00969239
6.262891e-009	0.0243164
6.287891e-009	0.0269775
6.312891e-009	0.0183838
6.337891e-009	0.0172852
6.362891e-009	0.029541
6.387891e-009	0.0297852
6.412891e-009	0.0176025
6.437891e-009	0.014209
6.462891e-009	0.0122803
6.487891e-009	0.0156494
6.512891e-009	0.0161377
6.537891e-009	0.00637208
6.562891e-009	0.0221924
6.587891e-009	0.0350342
6.612891e-009	0.0101074
6.637891e-009	0.00310059
6.662891e-009	0.0183106
6.687891e-009	0.0176025
6.712891e-009	0.0121094
6.737891e-009	0.0025879
6.762891e-009	0.000390632
6.787891e-009	0.0177002
6.812891e-009	0.014624
6.837891e-009	0.00527345
6.862891e-009	0.0161133
6.887891e-009	0.0177979
6.912891e-009	0.0118897
6.937891e-009	0.00820313
6.962891e-009	0.0172119
6.987891e-009	0.0249756
7.012891e-009	0.0127197
7.037891e-009	0.0113525
7.062891e-009	0.0112549
7.087891e-009	0.0106934
7.112891e-009	0.0255615
7.137891e-009	0.0223389
7.162891e-009	0.0154297
7.187891e-009	0.0350342
7.212891e-009	0.0366699
7.237891e-009	0.0163818
7.262891e-009	0.0214844
7.287891e-009	0.0226074
7.312891e-009	0.0135254
7.337891e-009	0.0232666
7.362891e-009	0.0250733
7.387891e-009	0.0163574
7.412891e-009	0.0151123
7.437891e-009	0.0235596
7.462891e-009	0.0255859
7.487891e-009	0.0250244
7.512891e-009	0.0302734
7.537891e-009	0.0196045
7.562891e-009	0.0185547
7.587891e-009	0.0251709
7.612891e-009	0.0209229
7.637891e-009	0.0238037
7.662891e-009	0.0141357
7.687891e-009	0.0125732
7.712891e-009	0.0292969
7.737891e-009	0.0128418
7.762891e-009	0.00390626
7.787891e-009	0.0273682
7.812891e-009	0.0131592
7.837891e-009	0.00385743
7.862891e-009	0.0274658
7.887891e-009	0.0188965
7.912891e-009	0.0114502
7.937891e-009	0.0101807
7.962891e-009	0.00393067
7.987891e-009	0.0222656
8.012891e-009	0.0279053
8.037891e-009	0.0229981
8.062891e-009	0.0309815
8.087891e-009	0.037085
8.112891e-009	0.0345703
8.137891e-009	0.028418
8.162891e-009	0.027417
8.187891e-009	0.0225342
8.212891e-009	0.0226074
8.237891e-009	0.0224854
8.262891e-009	0.0144775
8.287891e-009	0.019043
8.312891e-009	0.0190186
8.337891e-009	0.0149414
8.362891e-009	0.0191895
8.387891e-009	0.0172607
8.412891e-009	0.0160156
8.437891e-009	0.0211182
8.462891e-009	0.0237549
8.487891e-009	0.0207031
8.512891e-009	0.0168213
8.537891e-009	0.0135986
8.562891e-009	0.0241699
8.587891e-009	0.032959
8.612891e-009	0.0148438
8.637891e-009	0.0126221
8.662891e-009	0.0217774
8.687891e-009	0.010376
8.712891e-009	0.00402833
8.737891e-009	0.0069336
8.762891e-009	0.020459
8.787891e-009	0.0273682
8.812891e-009	0.0140625
8.837891e-009	0.014624
8.862891e-009	0.0131104
8.887891e-009	0.00705567
8.912891e-009	0.0187744
8.937891e-009	0.0205078
8.962891e-009	0.0293213
8.987891e-009	0.0354004
9.012891e-009	0.0115234
9.037891e-009	0.0142334
9.062891e-009	0.0275879
9.087891e-009	0.0187012
9.112891e-009	0.0183594
9.137891e-009	0.0202881
9.162891e-009	0.0277588
9.187891e-009	0.0378174
9.212891e-009	0.0284912
9.237891e-009	0.023291
9.262891e-009	0.0264404
9.287891e-009	0.02146
9.312891e-009	0.0263184
9.337891e-009	0.0360108
9.362891e-009	0.0375244
9.387891e-009	0.0357178
9.412891e-009	0.0293701
9.437891e-009	0.0317871
9.462891e-009	0.0352539
9.487891e-009	0.0335205
9.512891e-009	0.0325928
9.537891e-009	0.0191406
9.562891e-009	0.014624
9.587891e-009	0.0275391
9.612891e-009	0.0260254
9.637891e-009	0.0168457
9.662891e-009	0.0225586
9.687891e-009	0.0292236
9.712891e-009	0.0149414
9.737891e-009	-0.00307616
9.762891e-009	0.0111572
9.787891e-009	0.029834
9.812891e-009	0.0153809
9.837891e-009	0.0108399
9.862891e-009	0.0161377
9.887891e-009	0.00288087
9.912891e-009	0.0097168
9.937891e-009	0.0239014
9.962891e-009	0.0175293
9.987891e-009	0.00722657
1.001289e-008	-0.00295409
1.003789e-008	0.00656739
1.006289e-008	0.0236084
1.008789e-008	0.0140869
1.011289e-008	0.00844727
1.013789e-008	0.0218506
1.016289e-008	0.0260254
1.018789e-008	0.0255371
1.021289e-008	0.0231934
1.023789e-008	0.0136475
1.026289e-008	0.0161621
1.028789e-008	0.0206055
1.031289e-008	0.0185791
1.033789e-008	0.0230713
1.036289e-008	0.0188965
1.038789e-008	0.0189209
1.041289e-008	0.0296387
1.043789e-008	0.0303223
1.046289e-008	0.0388672
1.048789e-008	0.0387207
1.051289e-008	0.024292
1.053789e-008	0.0239746
1.056289e-008	0.02854
1.058789e-008	0.0384522
1.061289e-008	0.03125
1.063789e-008	0.0154297
1.066289e-008	0.0257813
1.068789e-008	0.029834
1.071289e-008	0.0323731
1.073789e-008	0.0334961
1.076289e-008	0.0229736
1.078789e-008	0.0268799
1.081289e-008	0.0248779
1.083789e-008	0.0259766
1.086289e-008	0.0318359
1.088789e-008	0.008667
1.091289e-008	0.000268562
1.093789e-008	0.0194824
1.096289e-008	0.0229981
1.098789e-008	0.0179932
1.101289e-008	0.0178955
1.103789e-008	0.0168213
1.106289e-008	0.0203857
1.108789e-008	0.0228516
1.111289e-008	0.0160889
1.113789e-008	0.0081543
1.116289e-008	0.0105225
1.118789e-008	0.0219727
1.121289e-008	0.0207764
1.123789e-008	0.0156006
1.126289e-008	0.0187744
1.128789e-008	0.0189697
1.131289e-008	0.0210449
1.133789e-008	0.00837403
1.136289e-008	0.00368653
1.138789e-008	0.0280029
1.141289e-008	0.0180664
1.143789e-008	0.00153809
1.146289e-008	0.0189453
1.148789e-008	0.0179932
1.151289e-008	0.0120117
1.153789e-008	0.0178467
1.156289e-008	0.0200928
1.158789e-008	0.0178223
1.161289e-008	0.00378419
1.163789e-008	0.0071045
1.166289e-008	0.0223877
1.168789e-008	0.0174561
1.171289e-008	0.0081543
1.173789e-008	0.00781251
1.176289e-008	0.0181397
1.178789e-008	0.0231201
1.181289e-008	0.0156006
1.183789e-008	0.0129883
1.186289e-008	0.0184326
1.188789e-008	0.0218018
1.191289e-008	0.0131836
1.193789e-008	0.0131836
1.196289e-008	0.0195801
1.198789e-008	0.0140137
1.201289e-008	0.0256592
1.203789e-008	0.0299072
1.206289e-008	0.0120361
1.208789e-008	0.0213135
1.211289e-008	0.0248535
1.213789e-008	0.00776368
1.216289e-008	0.0154297
1.218789e-008	0.0289795
1.221289e-008	0.026294
1.223789e-008	0.0161865
1.226289e-008	0.0153565
1.228789e-008	0.0270996
1.231289e-008	0.0260986
1.233789e-008	0.0177734
1.236289e-008	0.020752
1.238789e-008	0.0300537
1.241289e-008	0.0310059
1.243789e-008	0.0210693
1.246289e-008	0.0201416
1.248789e-008	0.0217041
1.251289e-008	0.0239014
1.253789e-008	0.0323975
1.256289e-008	0.0240479
1.258789e-008	0.02146
1.261289e-008	0.0299561
1.263789e-008	0.0193848
1.266289e-008	0.0150147
1.268789e-008	0.0221191
1.271289e-008	0.0197022
1.273789e-008	0.0194092
1.276289e-008	0.0342529
1.278789e-008	0.0369873
1.281289e-008	0.0164063
1.283789e-008	0.0165039
1.286289e-008	0.0323242
1.288789e-008	0.0292481
1.291289e-008	0.016626
1.293789e-008	0.016333
1.296289e-008	0.0365723
1.298789e-008	0.0412109
1.301289e-008	0.0193359
1.303789e-008	0.0133057
1.306289e-008	0.0203369
1.308789e-008	0.0179932
1.311289e-008	0.013501
1.313789e-008	0.0109863
1.316289e-008	0.0176758
1.318789e-008	0.0273438
1.321289e-008	0.0199463
1.323789e-008	0.0153076
1.326289e-008	0.0194336
1.328789e-008	0.0145996
1.331289e-008	0.0134033
1.333789e-008	0.0136963
1.336289e-008	0.019458
1.338789e-008	0.0293945
1.341289e-008	0.0178711
1.343789e-008	0.0150635
1.346289e-008	0.0289307
1.348789e-008	0.0258057
1.351289e-008	0.0189453
1.353789e-008	0.0173828
1.356289e-008	0.0240723
1.358789e-008	0.0285645
1.361289e-008	0.0169922
1.363789e-008	0.0257568
1.366289e-008	0.0397217
1.368789e-008	0.0283203
1.371289e-008	0.0209961
1.373789e-008	0.0235107
1.376289e-008	0.0365479
1.378789e-008	0.0397461
1.381289e-008	0.019751
1.383789e-008	0.0274902
1.386289e-008	0.0421631
1.388789e-008	0.0279785
1.391289e-008	0.0206055
1.393789e-008	0.0166748
1.396289e-008	0.0159668
1.398789e-008	0.021875
1.401289e-008	0.0133301
1.403789e-008	0.0173828
1.406289e-008	0.0276367
1.408789e-008	0.0179199
1.411289e-008	0.0156006
1.413789e-008	0.0219727
1.416289e-008	0.0260742
1.418789e-008	0.0252686
1.421289e-008	0.0177979
1.423789e-008	0.0158691
1.426289e-008	0.0129639
1.428789e-008	0.0118652
1.431289e-008	0.0161377
1.433789e-008	0.00881348
1.436289e-008	0.00429688
1.438789e-008	0.0241943
1.441289e-008	0.0344238
1.443789e-008	0.0181885
1.446289e-008	0.020166
1.448789e-008	0.0240479
1.451289e-008	0.0117432
1.453789e-008	0.0177246
1.456289e-008	0.0212891
1.458789e-008	0.0179932
1.461289e-008	0.0140137
1.463789e-008	-0.00100097
1.466289e-008	0.00793458
1.468789e-008	0.0266113
1.471289e-008	0.0176025
1.473789e-008	0.0109131
1.476289e-008	0.0267334
1.478789e-008	0.0354981
1.481289e-008	0.0194336
1.483789e-008	0.0178955
1.486289e-008	0.03396
1.488789e-008	0.0245117
1.491289e-008	0.0214111
1.493789e-008	0.0369873
1.496289e-008	0.036377
1.498789e-008	0.0307129
1.501289e-008	0.0201416
1.503789e-008	0.021875
1.506289e-008	0.0360596
1.508789e-008	0.0272949
1.511289e-008	0.0263672
1.513789e-008	0.0309326
1.516289e-008	0.0261719
1.518789e-008	0.0332764
1.521289e-008	0.0304688
1.523789e-008	0.0303467
1.526289e-008	0.0325928
1.528789e-008	0.0187988
1.531289e-008	0.025
1.533789e-008	0.0281494
1.536289e-008	0.0208496
1.538789e-008	0.0302246
1.541289e-008	0.0226807
1.543789e-008	0.0166748
1.546289e-008	0.0236816
1.548789e-008	0.00935059
1.551289e-008	0.00622559
1.553789e-008	0.0203857
1.556289e-008	0.027124
1.558789e-008	0.0271729
1.561289e-008	0.00642091
1.563789e-008	-0.00615234
1.566289e-008	0.0151123
1.568789e-008	0.0247315
1.571289e-008	0.00942384
1.573789e-008	0.00200196
1.576289e-008	0.0126465
1.578789e-008	0.0175293
1.581289e-008	0.00461427
1.583789e-008	0.00764161
1.586289e-008	0.0260742
1.588789e-008	0.0201172
1.591289e-008	0.00532227
1.593789e-008	0.0124512
1.596289e-008	0.026416
1.598789e-008	0.0302979
1.601289e-008	0.0336182
1.603789e-008	0.0321289
1.606289e-008	0.0217774
1.608789e-008	0.0176514
1.611289e-008	0.0222412
1.613789e-008	0.0264893
1.616289e-008	0.0231445
1.618789e-008	0.0234375
1.621289e-008	0.0221436
1.623789e-008	0.0166016
1.626289e-008	0.0220215
1.628789e-008	0.0230225
1.631289e-008	0.0242432
1.633789e-008	0.0276611
1.636289e-008	0.0290772
1.638789e-008	0.0333984
1.641289e-008	0.0225342
1.643789e-008	0.0163818
1.646289e-008	0.0204102
1.648789e-008	0.0267334
1.651289e-008	0.0377686
1.653789e-008	0.0259033
1.656289e-008	0.0126953
1.658789e-008	0.0192871
1.661289e-008	0.0273926
1.663789e-008	0.0274902
1.666289e-008	0.0172363
1.668789e-008	0.0188965
1.671289e-008	0.0222168
1.673789e-008	0.0117676
1.676289e-008	0.0209717
1.678789e-008	0.0275391
1.681289e-008	0.00466309
1.683789e-008	0.00720216
1.686289e-008	0.028833
1.688789e-008	0.0239014
1.691289e-008	0.0248535
1.693789e-008	0.0312256
1.696289e-008	0.0184326
1.698789e-008	0.0157471
1.701289e-008	0.0216065
1.703789e-008	0.0148682
1.706289e-008	0.0116455
1.708789e-008	0.0164795
1.711289e-008	0.0135254
1.713789e-008	0.0182129
1.716289e-008	0.0296875
1.718789e-008	0.0249268
1.721289e-008	0.0217285
1.723789e-008	0.0245117
1.726289e-008	0.0267822
1.728789e-008	0.0272217
1.731289e-008	0.0137695
1.733789e-008	0.00812989
1.736289e-008	0.027124
1.738789e-008	0.0393066
1.741289e-008	0.0256104
1.743789e-008	0.0191406
1.746289e-008	0.0234863
1.748789e-008	0.0142822
1.751289e-008	0.0113037
1.753789e-008	0.0137207
1.756289e-008	0.017627
1.758789e-008	0.0271484
1.761289e-008	0.024707
1.763789e-008	0.02229
1.766289e-008	0.0234131
1.768789e-008	0.0218994
1.771289e-008	0.0243897
1.773789e-008	0.0219727
1.776289e-008	0.0199219
1.778789e-008	0.0292969
1.781289e-008	0.029541
1.783789e-008	0.0166748
1.786289e-008	0.0192627
1.788789e-008	0.0241699
1.791289e-008	0.0164307
1.793789e-008	0.0192871
1.796289e-008	0.0321533
1.798789e-008	0.0309815
1.801289e-008	0.00671387
1.803789e-008	0.000415047
1.806289e-008	0.0246582
1.808789e-008	0.0326172
1.811289e-008	0.0174072
1.813789e-008	0.00280762
1.816289e-008	0.0155274
1.818789e-008	0.0317871
1.821289e-008	0.0159668
1.823789e-008	0.0136231
1.826289e-008	0.0278565
1.828789e-008	0.0234375
1.831289e-008	0.0179688
1.833789e-008	0.0230225
1.836289e-008	0.0279053
1.838789e-008	0.0204346
1.841289e-008	0.0127197
1.843789e-008	0.0187012
1.846289e-008	0.0213135
1.848789e-008	0.0156006
1.851289e-008	0.0278076
1.853789e-008	0.0428223
1.856289e-008	0.0255371
1.858789e-008	0.0208496
1.861289e-008	0.0295899
1.863789e-008	0.0188477
1.866289e-008	0.0201416
1.868789e-008	0.021875
1.871289e-008	0.0248535
1.873789e-008	0.0371094
1.876289e-008	0.0293701
1.878789e-008	0.0170654
1.881289e-008	0.0127686
1.883789e-008	0.0209961
1.886289e-008	0.0259766
1.888789e-008	0.0134033
1.891289e-008	0.0132324
1.893789e-008	0.0175537
1.896289e-008	0.0213867
1.898789e-008	0.0201172
1.901289e-008	0.00249024
1.903789e-008	0.00603028
1.906289e-008	0.0166016
1.908789e-008	0.010791
1.911289e-008	0.00937501
1.913789e-008	0.0117676
1.916289e-008	0.0268066
1.918789e-008	0.0312744
1.921289e-008	0.00935059
1.923789e-008	0.0113525
1.926289e-008	0.0245606
1.928789e-008	0.0248047
1.931289e-008	0.026294
1.933789e-008	0.0119385
1.936289e-008	0.0111328
1.938789e-008	0.029541
1.941289e-008	0.0207764
1.943789e-008	0.0178955
1.946289e-008	0.0283447
1.948789e-008	0.0262695
1.951289e-008	0.0276856
1.953789e-008	0.0249756
1.956289e-008	0.0208252
1.958789e-008	0.0222168
1.961289e-008	0.0209229
1.963789e-008	0.0254639
1.966289e-008	0.0348145
1.968789e-008	0.0345947
1.971289e-008	0.0225342
1.973789e-008	0.0180176
1.976289e-008	0.0309326
1.978789e-008	0.0301025
1.981289e-008	0.00524903
1.983789e-008	0.0122559
1.986289e-008	0.0412842
1.988789e-008	0.0346436
1.991289e-008	0.0231201
1.993789e-008	0.0189209
1.996289e-008	0.0138916
1.998789e-008	0.0186768
2.001289e-008	0.0071045
2.003789e-008	0.00229493
2.006289e-008	0.0195068
2.008789e-008	0.0191895
2.011289e-008	0.0176514
2.013789e-008	0.021875
2.016289e-008	0.0117188
2.018789e-008	0.00903321
2.021289e-008	0.00539552
2.023789e-008	0.00197755
2.026289e-008	0.0219727
2.028789e-008	0.0256592
2.031289e-008	0.00981446
2.033789e-008	0.00949708
2.036289e-008	0.0181152
2.038789e-008	0.0237305
2.041289e-008	0.0170899
2.043789e-008	0.00712891
2.046289e-008	0.0174805
2.048789e-008	0.0313477
2.051289e-008	0.023291
2.053789e-008	0.0133057
2.056289e-008	0.0181397
2.058789e-008	0.0235107
2.061289e-008	0.0162354
2.063789e-008	0.0136475
2.066289e-008	0.0302734
2.068789e-008	0.0342529
2.071289e-008	0.0262695
2.073789e-008	0.0320313
2.076289e-008	0.0331543
2.078789e-008	0.0229492
2.081289e-008	0.0213135
2.083789e-008	0.026416
2.086289e-008	0.0312988
2.088789e-008	0.0387695
2.091289e-008	0.0368408
2.093789e-008	0.03125
2.096289e-008	0.0342529
2.098789e-008	0.0350098
2.101289e-008	0.0249268
2.103789e-008	0.0200195
2.106289e-008	0.0359619
2.108789e-008	0.0303711
2.111289e-008	0.0155518
2.113789e-008	0.0244873
2.116289e-008	0.0160645
2.118789e-008	0.0182129
2.121289e-008	0.0312012
2.123789e-008	0.0167725
2.126289e-008	0.00891114
2.128789e-008	0.0153809
2.131289e-008	0.0223145
2.133789e-008	0.0107178
2.136289e-008	0.0105957
2.138789e-008	0.0373047
2.141289e-008	0.0237061
2.143789e-008	0.013208
2.146289e-008	0.0311279
2.148789e-008	0.0176514
2.151289e-008	0.0195068
2.153789e-008	0.0397461
2.156289e-008	0.0280518
2.158789e-008	0.0227295
2.161289e-008	0.0291748
2.163789e-008	0.0232422
2.166289e-008	0.0228516
2.168789e-008	0.0271973
2.171289e-008	0.0281006
2.173789e-008	0.0254639
2.176289e-008	0.0286865
2.178789e-008	0.0321289
2.181289e-008	0.0188965
2.183789e-008	0.0219482
2.186289e-008	0.0280762
2.188789e-008	0.0252686
2.191289e-008	0.0399414
2.193789e-008	0.0254639
2.196289e-008	0.0166504
2.198789e-008	0.0416992
2.201289e-008	0.0240723
2.203789e-008	0.0072754
2.206289e-008	0.020459
2.208789e-008	0.0192627
2.211289e-008	0.0223633
2.213789e-008	0.0247315
2.216289e-008	0.0207275
2.218789e-008	0.0180176
2.221289e-008	0.0116211
2.223789e-008	0.0159424
2.226289e-008	0.0136719
2.228789e-008	0.0151611
2.231289e-008	0.0363037
2.233789e-008	0.0323975
2.236289e-008	0.0177734
2.238789e-008	0.0147217
2.241289e-008	0.00922852
2.243789e-008	0.0178223
2.246289e-008	0.0293457
2.248789e-008	0.0239258
2.251289e-008	0.0190918
2.253789e-008	0.0237549
2.256289e-008	0.031543
2.258789e-008	0.0340576
2.261289e-008	0.0235596
2.263789e-008	0.0163818
2.266289e-008	0.0244141
2.268789e-008	0.027002
2.271289e-008	0.0232422
2.273789e-008	0.0219727
2.276289e-008	0.011792
2.278789e-008	0.011499
2.281289e-008	0.0280274
2.283789e-008	0.0286377
2.286289e-008	0.020459
2.288789e-008	0.0176514
2.291289e-008	0.0218994
2.293789e-008	0.0284424
2.296289e-008	0.0232666
2.298789e-008	0.0251221
2.301289e-008	0.0242188
2.303789e-008	0.0179932
2.306289e-008	0.0267578
2.308789e-008	0.024707
2.311289e-008	0.0186524
2.313789e-008	0.0205811
2.316289e-008	0.0285889
2.318789e-008	0.034668
2.321289e-008	0.0157959
2.323789e-008	0.0159912
2.326289e-008	0.0329346
2.328789e-008	0.0223633
2.331289e-008	0.0230713
2.333789e-008	0.0307861
2.336289e-008	0.0286865
2.338789e-008	0.0361572
2.341289e-008	0.0192383
2.343789e-008	0.00603028
2.346289e-008	0.0208008
2.348789e-008	0.0132813
2.351289e-008	0.0186524
2.353789e-008	0.030957
2.356289e-008	0.0242676
2.358789e-008	0.0280029
2.361289e-008	0.0114014
2.363789e-008	0.0177734
2.366289e-008	0.0468994
2.368789e-008	0.0246094
2.371289e-008	0.0133057
2.373789e-008	0.0124512
2.376289e-008	0.00170899
2.378789e-008	0.0167236
2.381289e-008	0.0151611
2.383789e-008	0.0140625
2.386289e-008	0.0286865
2.388789e-008	0.0241211
2.391289e-008	0.0196289
2.393789e-008	0.0176514
2.396289e-008	0.0249756
2.398789e-008	0.0345215
2.401289e-008	0.019165
2.403789e-008	0.0263428
2.406289e-008	0.0492676
2.408789e-008	0.0254395
2.411289e-008	0.00788575
2.413789e-008	0.0166992
2.416289e-008	0.0135254
2.418789e-008	0.0280762
2.421289e-008	0.0244873
2.423789e-008	0.00217286
2.426289e-008	0.0237549
2.428789e-008	0.0365234
2.431289e-008	0.0269043
2.433789e-008	0.0263672
2.436289e-008	0.0227051
2.438789e-008	0.013208
2.441289e-008	0.00983887
2.443789e-008	0.0249268
2.446289e-008	0.0241943
2.448789e-008	0.0212647
2.451289e-008	0.0354248
2.453789e-008	0.0138916
2.456289e-008	0.00158692
2.458789e-008	0.0232422
2.461289e-008	0.0197266
2.463789e-008	0.0137207
2.466289e-008	0.0214111
2.468789e-008	0.0263672
2.471289e-008	0.0287109
2.473789e-008	0.0168457
2.476289e-008	0.0172363
2.478789e-008	0.0212402
2.481289e-008	0.0010254
2.483789e-008	0.0175537
2.486289e-008	0.0406738
2.488789e-008	0.0158203
2.491289e-008	0.00852052
2.493789e-008	0.0189453
2.496289e-008	0.0253662
2.498789e-008	0.027832
2.501289e-008	0.017041
2.503789e-008	0.0231445
2.506289e-008	0.02229
2.508789e-008	0.00715333
2.511289e-008	0.0131104
2.513789e-008	0.0155029
2.516289e-008	0.0114014
2.518789e-008	0.0146484
2.521289e-008	0.0201172
2.523789e-008	0.0157959
2.526289e-008	0.0141357
2.528789e-008	0.037793
2.531289e-008	0.0295654
2.533789e-008	0.00461427
2.536289e-008	0.0222412
2.538789e-008	0.0228516
2.541289e-008	0.012793
2.543789e-008	0.0224609
2.546289e-008	0.0212402
2.548789e-008	0.0287354
2.551289e-008	0.032666
2.553789e-008	0.0177246
2.556289e-008	0.0203125
2.558789e-008	0.0285645
2.561289e-008	0.0150879
2.563789e-008	0.0121094
2.566289e-008	0.0319336
2.568789e-008	0.0283447
2.571289e-008	0.0058838
2.573789e-008	0.0123047
2.576289e-008	0.0402344
2.578789e-008	0.0365479
2.581289e-008	0.00720216
2.583789e-008	0.00983887
2.586289e-008	0.0256592
2.588789e-008	0.0225586
2.591289e-008	0.0227295
2.593789e-008	0.0272461
2.596289e-008	0.0257324
2.598789e-008	0.0224854
2.601289e-008	0.0200928
2.603789e-008	0.0180664
2.606289e-008	0.0198731
2.608789e-008	0.023291
2.611289e-008	0.0205811
2.613789e-008	0.00886231
2.616289e-008	0.00356446
2.618789e-008	0.0237061
2.621289e-008	0.0302734
2.623789e-008	0.00976563
2.626289e-008	0.0138428
2.628789e-008	0.0260986
2.631289e-008	0.0150391
2.633789e-008	0.0117432
2.636289e-008	0.0274658
2.638789e-008	0.0313721
2.641289e-008	0.014209
2.643789e-008	0.00964356
2.646289e-008	0.0181885
2.648789e-008	0.0183594
2.651289e-008	0.0196533
2.653789e-008	0.0153565
2.656289e-008	0.0141602
2.658789e-008	0.0266602
2.661289e-008	0.0231201
2.663789e-008	0.021582
2.666289e-008	0.0339111
2.668789e-008	0.0301514
2.671289e-008	0.0226074
2.673789e-008	0.0186768
2.676289e-008	0.0190918
2.678789e-008	0.0269043
2.681289e-008	0.0238525
2.683789e-008	0.0168213
2.686289e-008	0.014209
2.688789e-008	0.0216309
2.691289e-008	0.036377
2.693789e-008	0.0305908
2.696289e-008	0.0251953
2.698789e-008	0.0283691
2.701289e-008	0.0147217
2.703789e-008	0.0148438
2.706289e-008	0.0208496
2.708789e-008	0.0134522
2.711289e-008	0.0218506
2.713789e-008	0.0300537
2.716289e-008	0.0378418
2.718789e-008	0.045874
2.721289e-008	0.0239258
2.723789e-008	0.00871583
2.726289e-008	0.0210693
2.728789e-008	0.0264893
2.731289e-008	0.00351563
2.733789e-008	-0.0125732
2.736289e-008	0.0156982
2.738789e-008	0.0251465
2.741289e-008	0.008667
2.743789e-008	0.0164551
2.746289e-008	0.0177979
2.748789e-008	0.0163086
2.751289e-008	0.0293213
2.753789e-008	0.0259277
2.756289e-008	0.0233643
2.758789e-008	0.0390869
2.761289e-008	0.0357666
2.763789e-008	0.0267578
2.766289e-008	0.0328125
2.768789e-008	0.0315186
2.771289e-008	0.0260498
2.773789e-008	0.0171143
2.776289e-008	0.0209473
2.778789e-008	0.0284424
2.781289e-008	0.0141357
2.783789e-008	0.0156738
2.786289e-008	0.0226074
2.788789e-008	0.0190674
2.791289e-008	0.0216797
2.793789e-008	0.0219482
2.796289e-008	0.0299316
2.798789e-008	0.0277344
2.801289e-008	0.012085
2.803789e-008	0.0148438
2.806289e-008	0.0246826
2.808789e-008	0.0268799
2.811289e-008	0.0270996
2.813789e-008	0.029541
2.816289e-008	0.0278076
2.818789e-008	0.0244141
2.821289e-008	0.0207275
2.823789e-008	0.0206787
2.826289e-008	0.0272217
2.828789e-008	0.0194092
2.831289e-008	0.0135254
2.833789e-008	0.0182617
2.836289e-008	0.0167236
2.838789e-008	0.013916
2.841289e-008	0.00893555
2.843789e-008	0.0202393
2.846289e-008	0.0303955
2.848789e-008	0.0188232
2.851289e-008	0.0251709
2.853789e-008	0.026001
2.856289e-008	0.0144043
2.858789e-008	0.0297119
2.861289e-008	0.0313965
2.863789e-008	0.017749
2.866289e-008	0.0182617
2.868789e-008	0.0160156
2.871289e-008	0.0179688
2.873789e-008	0.0247315
2.876289e-008	0.0375244
2.878789e-008	0.0452881
2.881289e-008	0.0270996
2.883789e-008	0.0217285
2.886289e-008	0.0343994
2.888789e-008	0.0331055
2.891289e-008	0.0258789
2.893789e-008	0.0198731
2.896289e-008	0.0207275
2.898789e-008	0.0279785
2.901289e-008	0.0273438
2.903789e-008	0.024707
2.906289e-008	0.0216065
2.908789e-008	0.0183838
2.911289e-008	0.0206787
2.913789e-008	0.0225342
2.916289e-008	0.0230957
2.918789e-008	0.0112793
2.921289e-008	0.00429688
2.923789e-008	0.0134277
2.926289e-008	0.00825196
2.928789e-008	0.0137207
2.931289e-008	0.0264404
2.933789e-008	0.0154297
2.936289e-008	0.0143066
2.938789e-008	0.0136719
2.941289e-008	0.000756843
2.943789e-008	0.0121338
2.946289e-008	0.028125
2.948789e-008	0.0182373
2.951289e-008	0.00808106
2.953789e-008	0.0140869
2.956289e-008	0.020166
2.958789e-008	0.0141357
2.961289e-008	0.0114258
2.963789e-008	0.0159424
2.966289e-008	0.0204346
2.968789e-008	0.0287354
2.971289e-008	0.0261231
2.973789e-008	0.0275391
2.976289e-008	0.0406738
2.978789e-008	0.0322022
2.981289e-008	0.0125732
2.983789e-008	0.0113525
2.986289e-008	0.0247803
2.988789e-008	0.0245606
2.991289e-008	0.0188232
2.993789e-008	0.0258301
2.996289e-008	0.029834
2.998789e-008	0.0287109
3.001289e-008	0.0218262
3.003789e-008	0.0171875
3.006289e-008	0.016626
3.008789e-008	0.0161377
3.011289e-008	0.0225098
3.013789e-008	0.0143066
3.016289e-008	0.0114502
3.018789e-008	0.0313233
3.021289e-008	0.0273193
3.023789e-008	0.0157715
3.026289e-008	0.0237061
3.028789e-008	0.0190918
3.031289e-008	0.0133545
3.033789e-008	0.0286865
3.036289e-008	0.0423584
3.038789e-008	0.034375
3.041289e-008	0.0198731
3.043789e-008	0.0213623
3.046289e-008	0.0222656
3.048789e-008	0.023584
3.051289e-008	0.0286377
3.053789e-008	0.0203857
3.056289e-008	0.0258545
3.058789e-008	0.0307373
3.061289e-008	0.0157959
3.063789e-008	0.0133301
3.066289e-008	0.0145508
3.068789e-008	0.025293
3.071289e-008	0.039624
3.073789e-008	0.0252197
3.076289e-008	0.0148438
3.078789e-008	0.022168
3.081289e-008	0.0147461
3.083789e-008	0.00625001
3.086289e-008	0.0187988
3.088789e-008	0.0237793
3.091289e-008	0.0224121
3.093789e-008	0.0290527
3.096289e-008	0.0258057
3.098789e-008	0.0180908
3.101289e-008	0.00861817
3.103789e-008	0.0119385
3.106289e-008	0.0161377
3.108789e-008	0.00937501
3.111289e-008	0.0277588
3.113789e-008	0.0259033
3.116289e-008	0.0127686
3.118789e-008	0.0254395
3.121289e-008	0.0184082
3.123789e-008	0.0218018
3.126289e-008	0.0291992
3.128789e-008	0.0195068
3.131289e-008	0.022168
3.133789e-008	0.0213867
3.136289e-008	0.0259277
3.138789e-008	0.0267334
3.141289e-008	0.0151611
3.143789e-008	0.0195313
3.146289e-008	0.0297363
3.148789e-008	0.0286865
3.151289e-008	0.025293
3.153789e-008	0.0297363
3.156289e-008	0.0276611
3.158789e-008	0.0246338
3.161289e-008	0.0237061
3.163789e-008	0.0185547
3.166289e-008	0.0291992
3.168789e-008	0.0268066
3.171289e-008	0.00908204
3.173789e-008	0.0209473
3.176289e-008	0.0334961
3.178789e-008	0.0236328
3.181289e-008	0.0162842
3.183789e-008	0.0185791
3.186289e-008	0.0251465
3.188789e-008	0.0245117
3.191289e-008	0.0174805
3.193789e-008	0.0195801
3.196289e-008	0.024707
3.198789e-008	0.0260498
3.201289e-008	0.0288818
3.203789e-008	0.0285645
3.206289e-008	0.0280762
3.208789e-008	0.0312256
3.211289e-008	0.0311524
3.213789e-008	0.0259766
3.216289e-008	0.024707
3.218789e-008	0.0261963
3.221289e-008	0.0156006
3.223789e-008	0.0140625
3.226289e-008	0.0290772
3.228789e-008	0.0276856
3.231289e-008	0.0250733
3.233789e-008	0.0230713
3.236289e-008	0.0139649
3.238789e-008	0.0272217
3.241289e-008	0.0264404
3.243789e-008	0.0115723
3.246289e-008	0.0201416
3.248789e-008	0.0174072
3.251289e-008	0.0210449
3.253789e-008	0.0308106
3.256289e-008	0.0202149
3.258789e-008	0.0280762
3.261289e-008	0.0326904
3.263789e-008	0.019165
3.266289e-008	0.0169434
3.268789e-008	0.0162109
3.271289e-008	0.0184082
3.273789e-008	0.0216797
3.276289e-008	0.0256836
3.278789e-008	0.029541
3.281289e-008	0.0140137
3.283789e-008	0.00700684
3.286289e-008	0.0235596
3.288789e-008	0.0317383
3.291289e-008	0.0355469
3.293789e-008	0.0336426
3.296289e-008	0.0235107
3.298789e-008	0.0313965
3.301289e-008	0.0365967
3.303789e-008	0.0230957
3.306289e-008	0.0184326
3.308789e-008	0.0264649
3.311289e-008	0.0295654
3.313789e-008	0.0236084
3.316289e-008	0.0310303
3.318789e-008	0.0407227
3.321289e-008	0.0286621
3.323789e-008	0.0252441
3.326289e-008	0.0355225
3.328789e-008	0.0330322
3.331289e-008	0.0165772
3.333789e-008	0.00715333
3.336289e-008	0.0242432
3.338789e-008	0.0331055
3.341289e-008	0.0193115
3.343789e-008	0.0208008
3.346289e-008	0.0291504
3.348789e-008	0.0303467
3.351289e-008	0.0254639
3.353789e-008	0.0150147
3.356289e-008	0.0214111
3.358789e-008	0.0306152
3.361289e-008	0.0232422
3.363789e-008	0.0238525
3.366289e-008	0.0353027
3.368789e-008	0.0334961
3.371289e-008	0.0144531
3.373789e-008	0.0122559
3.376289e-008	0.0258057
3.378789e-008	0.0178223
3.381289e-008	0.0173096
3.383789e-008	0.028833
3.386289e-008	0.0196533
3.388789e-008	0.0198486
3.391289e-008	0.0260498
3.393789e-008	0.0100098
3.396289e-008	0.00847169
3.398789e-008	0.0223633
3.401289e-008	0.0156006
3.403789e-008	0.0180664
3.406289e-008	0.0302246
3.408789e-008	0.023169
3.411289e-008	0.0212891
3.413789e-008	0.020752
3.416289e-008	0.0195313
3.418789e-008	0.0239258
3.421289e-008	0.0233887
3.423789e-008	0.0244141
3.426289e-008	0.0172852
3.428789e-008	0.0158203
3.431289e-008	0.0294678
3.433789e-008	0.039917
3.436289e-008	0.0399658
3.438789e-008	0.0249512
3.441289e-008	0.016919
3.443789e-008	0.0135254
3.446289e-008	0.0126465
3.448789e-008	0.0258057
3.451289e-008	0.02229
3.453789e-008	0.0201416
3.456289e-008	0.0350342
3.458789e-008	0.0337158
3.461289e-008	0.0291504
3.463789e-008	0.0266602
3.466289e-008	0.0243652
3.468789e-008	0.0273926
3.471289e-008	0.0173828
3.473789e-008	0.0160889
3.476289e-008	0.0264649
3.478789e-008	0.0205811
3.481289e-008	0.0193359
3.483789e-008	0.0267822
3.486289e-008	0.0232422
3.488789e-008	0.0161377
3.491289e-008	0.0194824
3.493789e-008	0.0257813
3.496289e-008	0.0248535
3.498789e-008	0.0303223
3.501289e-008	0.0317871
3.503789e-008	0.0198975
3.506289e-008	0.0229248
3.508789e-008	0.025293
3.511289e-008	0.0183106
3.513789e-008	0.0243408
3.516289e-008	0.0272217
3.518789e-008	0.025
3.521289e-008	0.0194336
3.523789e-008	0.0138428
3.526289e-008	0.0205322
3.528789e-008	0.0214844
3.531289e-008	0.024707
3.533789e-008	0.0275879
3.536289e-008	0.0231934
3.538789e-008	0.0341065
3.541289e-008	0.0324951
3.543789e-008	0.0168457
3.546289e-008	0.0192871
3.548789e-008	0.0211182
3.551289e-008	0.0219727
3.553789e-008	0.0294434
3.556289e-008	0.0359375
3.558789e-008	0.03479
3.561289e-008	0.00910645
3.563789e-008	-0.00139159
3.566289e-008	0.0164307
3.568789e-008	0.0134766
3.571289e-008	0.0165039
3.573789e-008	0.0292969
3.576289e-008	0.0260498
3.578789e-008	0.0226318
3.581289e-008	0.0168213
3.583789e-008	0.0267334
3.586289e-008	0.0321533
3.588789e-008	0.0199951
3.591289e-008	0.030249
3.593789e-008	0.0258789
3.596289e-008	0.012915
3.598789e-008	0.0222656
3.601289e-008	0.0149902
3.603789e-008	0.0165283
3.606289e-008	0.0327393
3.608789e-008	0.0281983
3.611289e-008	0.0246582
3.613789e-008	0.0230957
3.616289e-008	0.0234619
3.618789e-008	0.0295166
3.621289e-008	0.0217285
3.623789e-008	0.0132568
3.626289e-008	0.0183106
3.628789e-008	0.021167
3.631289e-008	0.0208252
3.633789e-008	0.030127
3.636289e-008	0.0255615
3.638789e-008	0.0132568
3.641289e-008	0.0284912
3.643789e-008	0.0302979
3.646289e-008	0.0188721
3.648789e-008	0.0272949
3.651289e-008	0.0241211
3.653789e-008	0.0135498
3.656289e-008	0.0214356
3.658789e-008	0.0286133
3.661289e-008	0.0102295
3.663789e-008	0.00270997
3.666289e-008	0.0244141
3.668789e-008	0.0338867
3.671289e-008	0.0296631
3.673789e-008	0.0129883
3.676289e-008	0.00986329
3.678789e-008	0.0277832
3.681289e-008	0.0242432
3.683789e-008	0.0219727
3.686289e-008	0.0205811
3.688789e-008	0.0118164
3.691289e-008	0.0218018
3.693789e-008	0.0282715
3.696289e-008	0.0196289
3.698789e-008	0.0196289
3.701289e-008	0.0214844
3.703789e-008	0.0153565
3.706289e-008	0.0254639
3.708789e-008	0.0256592
3.711289e-008	0.00632325
3.713789e-008	0.0108887
3.716289e-008	0.0175781
3.718789e-008	0.0209717
3.721289e-008	0.0291504
3.723789e-008	0.0195557
3.726289e-008	0.0150635
3.728789e-008	0.0200195
3.731289e-008	0.013794
3.733789e-008	0.0148438
3.736289e-008	0.0311768
3.738789e-008	0.0345459
3.741289e-008	0.0230957
3.743789e-008	0.0206055
3.746289e-008	0.0184326
3.748789e-008	0.018042
3.751289e-008	0.0323486
3.753789e-008	0.0292969
3.756289e-008	0.0181641
3.758789e-008	0.0327393
3.761289e-008	0.0280029
3.763789e-008	0.0146729
3.766289e-008	0.0315918
3.768789e-008	0.0242432
3.771289e-008	0.0065918
3.773789e-008	0.0159424
3.776289e-008	0.025
3.778789e-008	0.0277588
3.781289e-008	0.018335
3.783789e-008	0.0170899
3.786289e-008	0.0235107
3.788789e-008	0.0163818
3.791289e-008	0.0263428
3.793789e-008	0.0275635
3.796289e-008	0.0098877
3.798789e-008	0.0188721
3.801289e-008	0.0249268
3.803789e-008	0.0149902
3.806289e-008	0.0219238
3.808789e-008	0.0262695
3.811289e-008	0.0098877
3.813789e-008	0.00930177
3.816289e-008	0.0255859
3.818789e-008	0.0135986
3.821289e-008	0.000244148
3.823789e-008	0.0213867
3.826289e-008	0.0344483
3.828789e-008	0.0253906
3.831289e-008	0.0238525
3.833789e-008	0.0230957
3.836289e-008	0.0198486
3.838789e-008	0.030835
3.841289e-008	0.0316895
3.843789e-008	0.0202393
3.846289e-008	0.0214844
3.848789e-008	0.0152344
3.851289e-008	0.00888673
3.853789e-008	0.0172607
3.856289e-008	0.0230957
3.858789e-008	0.0197754
3.861289e-008	0.0102783
3.863789e-008	0.0171387
3.866289e-008	0.0230957
3.868789e-008	0.00966798
3.871289e-008	0.0109375
3.873789e-008	0.0217041
3.876289e-008	0.0312012
3.878789e-008	0.0316162
3.881289e-008	0.0190186
3.883789e-008	0.0292481
3.886289e-008	0.0358643
3.888789e-008	0.0223633
3.891289e-008	0.0287598
3.893789e-008	0.0286621
3.896289e-008	0.0257324
3.898789e-008	0.0335205
3.901289e-008	0.0206055
3.903789e-008	0.0178223
3.906289e-008	0.0236084
3.908789e-008	0.0183838
3.911289e-008	0.0211182
3.913789e-008	0.0243652
3.916289e-008	0.0304443
3.918789e-008	0.0257813
3.921289e-008	0.0121094
3.923789e-008	0.0213135
3.926289e-008	0.0364014
3.928789e-008	0.0286377
3.931289e-008	0.0117188
3.933789e-008	0.0128174
3.936289e-008	0.0244629
3.938789e-008	0.0280518
3.941289e-008	0.0198731
3.943789e-008	0.0124512
3.946289e-008	0.0147705
3.948789e-008	0.0201904
3.951289e-008	0.0240479
3.953789e-008	0.0212158
3.956289e-008	0.027832
3.958789e-008	0.0376465
3.961289e-008	0.0267578
3.963789e-008	0.0237793
3.966289e-008	0.0252441
3.968789e-008	0.0123291
3.971289e-008	0.0130859
3.973789e-008	0.0186035
3.976289e-008	0.0179443
3.978789e-008	0.0262207
3.981289e-008	0.0275635
3.983789e-008	0.0159912
3.986289e-008	0.0106201
3.988789e-008	0.0200684
3.991289e-008	0.0244385
3.993789e-008	0.0204834
3.996289e-008	0.0311524
3.998789e-008	0.0318848
4.001289e-008	0.0115967
4.003789e-008	0.0126709
4.006289e-008	0.0349854
4.008789e-008	0.0327149
4.011289e-008	0.0192627
4.013789e-008	0.0247559
4.016289e-008	0.0257813
4.018789e-008	0.0279053
4.021289e-008	0.0275147
4.023789e-008	0.0141113
4.026289e-008	0.0165283
4.028789e-008	0.0289551
4.031289e-008	0.0328369
4.033789e-008	0.0235352
4.036289e-008	0.0227051
4.038789e-008	0.0286621
4.041289e-008	0.0149902
4.043789e-008	0.0157715
4.046289e-008	0.0285645
4.048789e-008	0.02229
4.051289e-008	0.0150879
4.053789e-008	0.0190186
4.056289e-008	0.0304443
4.058789e-008	0.030249
4.061289e-008	0.0159424
4.063789e-008	0.0164307
4.066289e-008	0.0264404
4.068789e-008	0.0232422
4.071289e-008	0.01875
4.073789e-008	0.0206299
4.076289e-008	0.0166748
4.078789e-008	0.0198731
4.081289e-008	0.0205078
4.083789e-008	0.00898438
4.086289e-008	0.0234375
4.088789e-008	0.0412109
4.091289e-008	0.0329834
4.093789e-008	0.0207275
4.096289e-008	0.0137207
4.098789e-008	0.0240723
4.101289e-008	0.0312744
4.103789e-008	0.0142822
4.106289e-008	0.0111572
4.108789e-008	0.0282959
4.111289e-008	0.0257324
4.113789e-008	0.0144043
4.116289e-008	0.0244873
4.118789e-008	0.0348389
4.121289e-008	0.032544
4.123789e-008	0.0287109
4.126289e-008	0.026294
4.128789e-008	0.0249268
4.131289e-008	0.0236816
4.133789e-008	0.0259277
4.136289e-008	0.0307861
4.138789e-008	0.0234375
4.141289e-008	0.0117676
4.143789e-008	0.0198486
4.146289e-008	0.0275879
4.148789e-008	0.0251953
4.151289e-008	0.0229492
4.153789e-008	0.0180908
4.156289e-008	0.0267578
4.158789e-008	0.0380127
4.161289e-008	0.0297119
4.163789e-008	0.0170899
4.166289e-008	0.0201904
4.168789e-008	0.030249
4.171289e-008	0.0312256
4.173789e-008	0.0267334
4.176289e-008	0.0210205
4.178789e-008	0.0227295
4.181289e-008	0.0170899
4.183789e-008	0.0113037
4.186289e-008	0.0187256
4.188789e-008	0.00856934
4.191289e-008	0.00998536
4.193789e-008	0.0237549
4.196289e-008	0.0246582
4.198789e-008	0.0330078
4.201289e-008	0.0252441
4.203789e-008	0.0166992
4.206289e-008	0.0241211
4.208789e-008	0.0220459
4.211289e-008	0.0211914
4.213789e-008	0.0254639
4.216289e-008	0.0302246
4.218789e-008	0.0243897
4.221289e-008	0.0188721
4.223789e-008	0.0263916
4.226289e-008	0.025415
4.228789e-008	0.0284424
4.231289e-008	0.0348389
4.233789e-008	0.0236328
4.236289e-008	0.00695802
4.238789e-008	0.00729981
4.241289e-008	0.0223389
4.243789e-008	0.0213623
4.246289e-008	0.0145508
4.248789e-008	0.0220947
4.251289e-008	0.0224365
4.253789e-008	0.0129395
4.256289e-008	0.0188477
4.258789e-008	0.036084
4.261289e-008	0.0343994
4.263789e-008	0.0300049
4.266289e-008	0.036499
4.268789e-008	0.033667
4.271289e-008	0.027417
4.273789e-008	0.0103272
4.276289e-008	0.00598145
4.278789e-008	0.0256836
4.281289e-008	0.0121094
4.283789e-008	0.00319825
4.286289e-008	0.026416
4.288789e-008	0.0286377
4.291289e-008	0.0188232
4.293789e-008	0.0140137
4.296289e-008	0.023877
4.298789e-008	0.0316162
4.301289e-008	0.0178467
4.303789e-008	0.0209229
4.306289e-008	0.0292236
4.308789e-008	0.0138916
4.311289e-008	0.00976563
4.313789e-008	0.0254639
4.316289e-008	0.0252197
4.318789e-008	0.0190674
4.321289e-008	0.0217529
4.323789e-008	0.0231445
4.326289e-008	0.0271973
4.328789e-008	0.0221191
4.331289e-008	0.016333
4.333789e-008	0.0131104
4.336289e-008	0.0159912
4.338789e-008	0.0371826
4.341289e-008	0.0279785
4.343789e-008	0.0109131
4.346289e-008	0.0293457
4.348789e-008	0.0309815
4.351289e-008	0.0171143
4.353789e-008	0.0219727
4.356289e-008	0.0225586
4.358789e-008	0.013794
4.361289e-008	0.0259033
4.363789e-008	0.0395752
4.366289e-008	0.0234131
4.368789e-008	0.0131104
4.371289e-008	0.0290772
4.373789e-008	0.0300049
4.376289e-008	0.0169678
4.378789e-008	0.0204834
4.381289e-008	0.0143066
4.383789e-008	0.0140625
4.386289e-008	0.0369385
4.388789e-008	0.0314209
4.391289e-008	0.0221191
4.393789e-008	0.0303955
4.396289e-008	0.0294678
4.398789e-008	0.0352295
4.401289e-008	0.032251
4.403789e-008	0.0165039
4.406289e-008	0.017749
4.408789e-008	0.0163574
4.411289e-008	0.0169434
4.413789e-008	0.0303467
4.416289e-008	0.0239258
4.418789e-008	0.0177734
4.421289e-008	0.0238525
4.423789e-008	0.0181152
4.426289e-008	0.0207764
4.428789e-008	0.0217285
4.431289e-008	0.0113037
4.433789e-008	0.0145264
4.436289e-008	0.0209717
4.438789e-008	0.0258301
4.441289e-008	0.0297119
4.443789e-008	0.0237061
4.446289e-008	0.020752
4.448789e-008	0.0265869
4.451289e-008	0.0253418
4.453789e-008	0.0171631
4.456289e-008	0.0172852
4.458789e-008	0.0167481
4.461289e-008	0.0106445
4.463789e-008	0.0241699
4.466289e-008	0.0393799
4.468789e-008	0.0254883
4.471289e-008	0.0220459
4.473789e-008	0.0284424
4.476289e-008	0.0234131
4.478789e-008	0.0347412
4.481289e-008	0.0323486
4.483789e-008	0.0169678
4.486289e-008	0.0275879
4.488789e-008	0.0287354
4.491289e-008	0.01875
4.493789e-008	0.0244385
4.496289e-008	0.0314453
4.498789e-008	0.022876
4.501289e-008	0.0136963
4.503789e-008	0.0236816
4.506289e-008	0.0240723
4.508789e-008	0.0145996
4.511289e-008	0.0210938
4.513789e-008	0.0182861
4.516289e-008	0.0165283
4.518789e-008	0.0312012
4.521289e-008	0.0291016
4.523789e-008	0.0238525
4.526289e-008	0.0307373
4.528789e-008	0.0282959
4.531289e-008	0.0256104
4.533789e-008	0.0223877
4.536289e-008	0.020166
4.538789e-008	0.0261963
4.541289e-008	0.0114014
4.543789e-008	0.00556641
4.546289e-008	0.0229004
4.548789e-008	0.0157227
4.551289e-008	0.0115479
4.553789e-008	0.0123047
4.556289e-008	0.00529786
4.558789e-008	0.0173584
4.561289e-008	0.0172607
4.563789e-008	0.00966798
4.566289e-008	0.0143311
4.568789e-008	0.0175537
4.571289e-008	0.0226807
4.573789e-008	0.0230957
4.576289e-008	0.0391602
4.578789e-008	0.0467285
4.581289e-008	0.0138916
4.583789e-008	0.00913087
4.586289e-008	0.0314941
4.588789e-008	0.0279785
4.591289e-008	0.0242432
4.593789e-008	0.0316406
4.596289e-008	0.0271729
4.598789e-008	0.0165772
4.601289e-008	0.0128662
4.603789e-008	0.0154297
4.606289e-008	0.0246582
4.608789e-008	0.0255859
4.611289e-008	0.0130127
4.613789e-008	0.0149658
4.616289e-008	0.0338867
4.618789e-008	0.0432861
4.621289e-008	0.0303955
4.623789e-008	0.0177734
4.626289e-008	0.0202149
4.628789e-008	0.0213867
4.631289e-008	0.0216553
4.633789e-008	0.0186524
4.636289e-008	0.0179199
4.638789e-008	0.0218506
4.641289e-008	0.0142822
4.643789e-008	0.0203857
4.646289e-008	0.0345947
4.648789e-008	0.0244629
4.651289e-008	0.0151367
4.653789e-008	0.025708
4.656289e-008	0.0274414
4.658789e-008	0.0148926
4.661289e-008	0.0352539
4.663789e-008	0.0498291
4.666289e-008	0.0177979
4.668789e-008	0.0161865
4.671289e-008	0.0260742
4.673789e-008	0.00922852
4.676289e-008	0.0175293
4.678789e-008	0.0265625
4.681289e-008	0.0281983
4.683789e-008	0.0444824
4.686289e-008	0.0332764
4.688789e-008	0.0167481
4.691289e-008	0.0277832
4.693789e-008	0.0307373
4.696289e-008	0.0337647
4.698789e-008	0.0342774
4.701289e-008	0.0158447
4.703789e-008	0.0156494
4.706289e-008	0.0224365
4.708789e-008	0.0172852
4.711289e-008	0.0172607
4.713789e-008	0.00747071
4.716289e-008	0.0111572
4.718789e-008	0.0283936
4.721289e-008	0.0150879
4.723789e-008	0.0151123
4.726289e-008	0.0261719
4.728789e-008	0.0198486
4.731289e-008	0.0304199
4.733789e-008	0.0281006
4.736289e-008	0.0224609
4.738789e-008	0.0306397
4.741289e-008	0.0174316
4.743789e-008	0.0142822
4.746289e-008	0.0147949
4.748789e-008	0.00830079
4.751289e-008	0.0211914
4.753789e-008	0.0218506
4.756289e-008	0.00773927
4.758789e-008	0.00993653
4.761289e-008	0.02146
4.763789e-008	0.0281983
4.766289e-008	0.0351563
4.768789e-008	0.0307373
4.771289e-008	0.00593262
4.773789e-008	0.000732429
4.776289e-008	0.0248047
4.778789e-008	0.0385254
4.781289e-008	0.0279541
4.783789e-008	0.0219238
4.786289e-008	0.0301758
4.788789e-008	0.0247559
4.791289e-008	0.0206055
4.793789e-008	0.0247315
4.796289e-008	0.0193604
4.798789e-008	0.0227051
4.801289e-008	0.026294
4.803789e-008	0.0278076
4.806289e-008	0.0359619
4.808789e-008	0.0288086
4.811289e-008	0.0238037
4.813789e-008	0.0261231
4.816289e-008	0.0247559
4.818789e-008	0.0297363
4.821289e-008	0.0194824
4.823789e-008	0.0151367
4.826289e-008	0.0273682
4.828789e-008	0.0173828
4.831289e-008	0.0161133
4.833789e-008	0.0307861
4.836289e-008	0.0358399
4.838789e-008	0.0298584
4.841289e-008	0.0119629
4.843789e-008	0.0189941
4.846289e-008	0.0291748
4.848789e-008	0.0205078
4.851289e-008	0.0246582
4.853789e-008	0.021875
4.856289e-008	0.0295166
4.858789e-008	0.0338379
4.861289e-008	0.0127686
4.863789e-008	0.0235596
4.866289e-008	0.0305176
4.868789e-008	0.0168457
4.871289e-008	0.0252197
4.873789e-008	0.0332764
4.876289e-008	0.0299805
4.878789e-008	0.0301758
4.881289e-008	0.0300293
4.883789e-008	0.0197754
4.886289e-008	0.0241211
4.888789e-008	0.0287354
4.891289e-008	0.013794
4.893789e-008	0.00910645
4.896289e-008	0.0160156
4.898789e-008	0.0367432
4.901289e-008	0.0367432
4.903789e-008	0.0167969
4.906289e-008	0.0256348
4.908789e-008	0.0206543
4.911289e-008	0.00937501
4.913789e-008	0.0219971
4.916289e-008	0.0187012
4.918789e-008	0.0126709
4.921289e-008	0.0220947
4.923789e-008	0.0238281
4.926289e-008	0.021875
4.928789e-008	0.023877
4.931289e-008	0.0193359
4.933789e-008	0.014624
4.936289e-008	0.0244141
4.938789e-008	0.0374756
4.941289e-008	0.0248291
4.943789e-008	0.0108399
4.946289e-008	0.023584
4.948789e-008	0.0287109
4.951289e-008	0.0261475
4.953789e-008	0.0215088
4.956289e-008	0.0140869
4.958789e-008	0.0209961
4.961289e-008	0.0171875
4.963789e-008	0.00817872
4.966289e-008	0.0157471
4.968789e-008	0.0169922
4.971289e-008	0.0206299
4.973789e-008	0.0287109
4.976289e-008	0.0200195
4.978789e-008	0.0230469
4.981289e-008	0.0281738
4.983789e-008	0.0130615
4.986289e-008	0.0181885
4.988789e-008	0.0293945
4.991289e-008	0.0253906
4.993789e-008	0.0240479
4.996289e-008	0.023877
4.998789e-008	0.0161865
5.001289e-008	-0.000317375
