# LECROYWM813Zi	51496	Waveform
# Segments	1	SegmentSize	4002
# Segment	TrigTime	TimeSinceSegment1
# #1	30-Nov-2018 17:24:54	0                 
# Time	Ampl
-5.001025e-008	0.0272217
-4.998525e-008	0.0136963
-4.996025e-008	0.0244873
-4.993525e-008	0.0362793
-4.991025e-008	0.0339111
-4.988525e-008	0.0276367
-4.986025e-008	0.0217774
-4.983525e-008	0.0155762
-4.981025e-008	0.014209
-4.978525e-008	0.0241455
-4.976025e-008	0.0269775
-4.973525e-008	0.0246582
-4.971025e-008	0.0312744
-4.968525e-008	0.0210938
-4.966025e-008	0.0101807
-4.963525e-008	0.0153809
-4.961025e-008	0.00493165
-4.958525e-008	0.00566407
-4.956025e-008	0.0216309
-4.953525e-008	0.0295166
-4.951025e-008	0.0390625
-4.948525e-008	0.0243408
-4.946025e-008	0.0081543
-4.943525e-008	0.0173096
-4.941025e-008	0.0234131
-4.938525e-008	0.0248291
-4.936025e-008	0.0145508
-4.933525e-008	0.0164795
-4.931025e-008	0.029541
-4.928525e-008	0.0138916
-4.926025e-008	0.0117676
-4.923525e-008	0.0242676
-4.921025e-008	0.0212158
-4.918525e-008	0.0257813
-4.916025e-008	0.0258301
-4.913525e-008	0.0251465
-4.911025e-008	0.0254883
-4.908525e-008	0.0120361
-4.906025e-008	0.0174561
-4.903525e-008	0.0246094
-4.901025e-008	0.0198975
-4.898525e-008	0.027832
-4.896025e-008	0.0214844
-4.893525e-008	0.0101563
-4.891025e-008	0.0169922
-4.888525e-008	0.0200684
-4.886025e-008	0.0198486
-4.883525e-008	0.0228272
-4.881025e-008	0.0196289
-4.878525e-008	0.0149902
-4.876025e-008	0.0213135
-4.873525e-008	0.0301758
-4.871025e-008	0.0225098
-4.868525e-008	0.00725098
-4.866025e-008	0.0108154
-4.863525e-008	0.0267334
-4.861025e-008	0.0299316
-4.858525e-008	0.0217041
-4.856025e-008	0.0159424
-4.853525e-008	0.0151367
-4.851025e-008	0.0248535
-4.848525e-008	0.0343506
-4.846025e-008	0.0200195
-4.843525e-008	0.015332
-4.841025e-008	0.0273682
-4.838525e-008	0.0265625
-4.836025e-008	0.0265869
-4.833525e-008	0.023169
-4.831025e-008	0.0264893
-4.828525e-008	0.0309082
-4.826025e-008	0.0169922
-4.823525e-008	0.0233887
-4.821025e-008	0.0305664
-4.818525e-008	0.0163086
-4.816025e-008	0.0143311
-4.813525e-008	0.0252686
-4.811025e-008	0.0283203
-4.808525e-008	0.0158203
-4.806025e-008	0.0156494
-4.803525e-008	0.0244141
-4.801025e-008	0.0167481
-4.798525e-008	0.015625
-4.796025e-008	0.0267334
-4.793525e-008	0.0280029
-4.791025e-008	0.0193604
-4.788525e-008	0.0174072
-4.786025e-008	0.0194092
-4.783525e-008	0.024707
-4.781025e-008	0.0265381
-4.778525e-008	0.0140137
-4.776025e-008	0.0182617
-4.773525e-008	0.0224609
-4.771025e-008	0.00747071
-4.768525e-008	0.00991212
-4.766025e-008	0.0212402
-4.763525e-008	0.0276611
-4.761025e-008	0.0227295
-4.758525e-008	0.0118164
-4.756025e-008	0.0200928
-4.753525e-008	0.0286621
-4.751025e-008	0.0251709
-4.748525e-008	0.0206787
-4.746025e-008	0.0177734
-4.743525e-008	0.0204346
-4.741025e-008	0.0201172
-4.738525e-008	0.0179688
-4.736025e-008	0.017749
-4.733525e-008	0.0167481
-4.731025e-008	0.0218506
-4.728525e-008	0.0205566
-4.726025e-008	0.0160645
-4.723525e-008	0.0158936
-4.721025e-008	0.00937501
-4.718525e-008	0.0114746
-4.716025e-008	0.0161133
-4.713525e-008	0.0179932
-4.711025e-008	0.0171143
-4.708525e-008	0.00979005
-4.706025e-008	0.0222168
-4.703525e-008	0.0293457
-4.701025e-008	0.021167
-4.698525e-008	0.0145996
-4.696025e-008	-0.00168456
-4.693525e-008	0.011499
-4.691025e-008	0.033374
-4.688525e-008	0.0196777
-4.686025e-008	0.0150391
-4.683525e-008	0.0169678
-4.681025e-008	0.00854493
-4.678525e-008	0.0102051
-4.676025e-008	0.0163818
-4.673525e-008	0.0158691
-4.671025e-008	0.00993653
-4.668525e-008	0.0125732
-4.666025e-008	0.0199951
-4.663525e-008	0.0224609
-4.661025e-008	0.0310547
-4.658525e-008	0.0290527
-4.656025e-008	0.0113281
-4.653525e-008	0.0125732
-4.651025e-008	0.0172119
-4.648525e-008	0.0071045
-4.646025e-008	0.0130371
-4.643525e-008	0.0210205
-4.641025e-008	0.0174561
-4.638525e-008	0.0198486
-4.636025e-008	0.0166016
-4.633525e-008	0.0179199
-4.631025e-008	0.0221924
-4.628525e-008	0.0134033
-4.626025e-008	0.0155762
-4.623525e-008	0.019751
-4.621025e-008	0.0167236
-4.618525e-008	0.0264649
-4.616025e-008	0.0298828
-4.613525e-008	0.0264893
-4.611025e-008	0.0330566
-4.608525e-008	0.0254395
-4.606025e-008	0.0125244
-4.603525e-008	0.0193848
-4.601025e-008	0.0315186
-4.598525e-008	0.0302002
-4.596025e-008	0.0131592
-4.593525e-008	0.0173584
-4.591025e-008	0.0301514
-4.588525e-008	0.008667
-4.586025e-008	0.00854493
-4.583525e-008	0.0304932
-4.581025e-008	0.0240234
-4.578525e-008	0.0135254
-4.576025e-008	0.0136231
-4.573525e-008	0.021582
-4.571025e-008	0.0186768
-4.568525e-008	0.00559083
-4.566025e-008	0.0149902
-4.563525e-008	0.0207275
-4.561025e-008	0.0105469
-4.558525e-008	0.00913087
-4.556025e-008	0.0127686
-4.553525e-008	0.02229
-4.551025e-008	0.0272705
-4.548525e-008	0.0138672
-4.546025e-008	0.0151611
-4.543525e-008	0.0294678
-4.541025e-008	0.0255127
-4.538525e-008	0.0214844
-4.536025e-008	0.0271729
-4.533525e-008	0.0348389
-4.531025e-008	0.0323731
-4.528525e-008	0.020044
-4.526025e-008	0.019165
-4.523525e-008	0.0219727
-4.521025e-008	0.014209
-4.518525e-008	0.00700684
-4.516025e-008	0.017627
-4.513525e-008	0.0236572
-4.511025e-008	0.0205566
-4.508525e-008	0.0294434
-4.506025e-008	0.0164063
-4.503525e-008	0.00244141
-4.501025e-008	0.0219727
-4.498525e-008	0.0281006
-4.496025e-008	0.0142822
-4.493525e-008	0.0131592
-4.491025e-008	0.0189209
-4.488525e-008	0.00756837
-4.486025e-008	0.00610352
-4.483525e-008	0.0249756
-4.481025e-008	0.0227783
-4.478525e-008	0.01604
-4.476025e-008	0.0164551
-4.473525e-008	0.0198486
-4.471025e-008	0.0301758
-4.468525e-008	0.0247315
-4.466025e-008	0.0147705
-4.463525e-008	0.00610352
-4.461025e-008	0.0084961
-4.458525e-008	0.0170899
-4.456025e-008	0.0081543
-4.453525e-008	0.0235352
-4.451025e-008	0.035791
-4.448525e-008	0.0141357
-4.446025e-008	0.0139893
-4.443525e-008	0.0212647
-4.441025e-008	0.0133789
-4.438525e-008	0.0191895
-4.436025e-008	0.0334717
-4.433525e-008	0.030542
-4.431025e-008	0.0224609
-4.428525e-008	0.0180908
-4.426025e-008	0.0091797
-4.423525e-008	0.00759278
-4.421025e-008	0.0125732
-4.418525e-008	0.0167236
-4.416025e-008	0.0214844
-4.413525e-008	0.0278076
-4.411025e-008	0.0281494
-4.408525e-008	0.0121826
-4.406025e-008	0.00637208
-4.403525e-008	0.0295654
-4.401025e-008	0.0351318
-4.398525e-008	0.0178955
-4.396025e-008	0.0213867
-4.393525e-008	0.0207031
-4.391025e-008	0.0105957
-4.388525e-008	0.0164795
-4.386025e-008	0.0219971
-4.383525e-008	0.0234131
-4.381025e-008	0.0121582
-4.378525e-008	0.00981446
-4.376025e-008	0.0215332
-4.373525e-008	0.00688477
-4.371025e-008	0.00300294
-4.368525e-008	0.0244629
-4.366025e-008	0.0306885
-4.363525e-008	0.0227051
-4.361025e-008	0.0146729
-4.358525e-008	0.0181641
-4.356025e-008	0.0200684
-4.353525e-008	0.0144287
-4.351025e-008	0.0179932
-4.348525e-008	0.0215088
-4.346025e-008	0.0202149
-4.343525e-008	0.020044
-4.341025e-008	0.0184082
-4.338525e-008	0.0185791
-4.336025e-008	0.0235107
-4.333525e-008	0.0217774
-4.331025e-008	0.0120606
-4.328525e-008	0.0102295
-4.326025e-008	0.00261231
-4.323525e-008	0.00019532
-4.321025e-008	0.0155518
-4.318525e-008	0.0101563
-4.316025e-008	0.010083
-4.313525e-008	0.0197754
-4.311025e-008	0.011377
-4.308525e-008	0.0177979
-4.306025e-008	0.0151123
-4.303525e-008	0.00390626
-4.301025e-008	0.0132324
-4.298525e-008	0.00742188
-4.296025e-008	0.00563966
-4.293525e-008	0.0291992
-4.291025e-008	0.0348633
-4.288525e-008	0.0154297
-4.286025e-008	0.0147461
-4.283525e-008	0.0273682
-4.281025e-008	0.0185059
-4.278525e-008	0.0128662
-4.276025e-008	0.0150635
-4.273525e-008	0.0191406
-4.271025e-008	0.0290527
-4.268525e-008	0.0207275
-4.266025e-008	0.0186768
-4.263525e-008	0.0257813
-4.261025e-008	0.0182861
-4.258525e-008	0.0220947
-4.256025e-008	0.0254639
-4.253525e-008	0.0212402
-4.251025e-008	0.0246826
-4.248525e-008	0.0159912
-4.246025e-008	0.00751954
-4.243525e-008	0.0133301
-4.241025e-008	0.00986329
-4.238525e-008	0.0114502
-4.236025e-008	0.0229004
-4.233525e-008	0.0197998
-4.231025e-008	0.0251709
-4.228525e-008	0.0231934
-4.226025e-008	0.00732423
-4.223525e-008	0.0243408
-4.221025e-008	0.0339844
-4.218525e-008	0.0219971
-4.216025e-008	0.0236816
-4.213525e-008	0.0261719
-4.211025e-008	0.0237793
-4.208525e-008	0.0198242
-4.206025e-008	0.0185303
-4.203525e-008	0.0174561
-4.201025e-008	0.0211426
-4.198525e-008	0.0177734
-4.196025e-008	0.00263673
-4.193525e-008	0.0138916
-4.191025e-008	0.0227539
-4.188525e-008	0.0143799
-4.186025e-008	0.0176025
-4.183525e-008	0.0113525
-4.181025e-008	0.00563966
-4.178525e-008	0.0186035
-4.176025e-008	0.0248291
-4.173525e-008	0.0184815
-4.171025e-008	0.0282227
-4.168525e-008	0.0394043
-4.166025e-008	0.0231201
-4.163525e-008	0.019458
-4.161025e-008	0.0307373
-4.158525e-008	0.0230713
-4.156025e-008	0.0125
-4.153525e-008	0.0196533
-4.151025e-008	0.0276367
-4.148525e-008	0.018457
-4.146025e-008	0.0166748
-4.143525e-008	0.0121338
-4.141025e-008	0.00200196
-4.138525e-008	0.0225098
-4.136025e-008	0.0333008
-4.133525e-008	0.0230469
-4.131025e-008	0.0206787
-4.128525e-008	0.0126953
-4.126025e-008	0.013916
-4.123525e-008	0.0283447
-4.121025e-008	0.029419
-4.118525e-008	0.0259277
-4.116025e-008	0.0344238
-4.113525e-008	0.0314941
-4.111025e-008	0.0161621
-4.108525e-008	0.0193604
-4.106025e-008	0.0279053
-4.103525e-008	0.0282471
-4.101025e-008	0.0164551
-4.098525e-008	0.00517579
-4.096025e-008	0.0151123
-4.093525e-008	0.0121826
-4.091025e-008	0.00168458
-4.088525e-008	0.0101563
-4.086025e-008	0.0184815
-4.083525e-008	0.0311279
-4.081025e-008	0.0349121
-4.078525e-008	0.0197998
-4.076025e-008	0.0194336
-4.073525e-008	0.0325928
-4.071025e-008	0.0319092
-4.068525e-008	0.0178223
-4.066025e-008	0.0160645
-4.063525e-008	0.0241211
-4.061025e-008	0.0254395
-4.058525e-008	0.0306885
-4.056025e-008	0.0287109
-4.053525e-008	0.023999
-4.051025e-008	0.0276367
-4.048525e-008	0.0150635
-4.046025e-008	0.0156982
-4.043525e-008	0.033374
-4.041025e-008	0.0240723
-4.038525e-008	0.0150147
-4.036025e-008	0.0214111
-4.033525e-008	0.0213867
-4.031025e-008	0.0184082
-4.028525e-008	0.0178467
-4.026025e-008	0.0173096
-4.023525e-008	0.0188477
-4.021025e-008	0.0227539
-4.018525e-008	0.0237793
-4.016025e-008	0.0213135
-4.013525e-008	0.0210938
-4.011025e-008	0.0292725
-4.008525e-008	0.0290283
-4.006025e-008	0.0198486
-4.003525e-008	0.0155029
-4.001025e-008	0.00812989
-3.998525e-008	0.0058838
-3.996025e-008	0.00681153
-3.993525e-008	0.0199463
-3.991025e-008	0.043042
-3.988525e-008	0.0366455
-3.986025e-008	0.0237305
-3.983525e-008	0.0237549
-3.981025e-008	0.0187988
-3.978525e-008	0.0174805
-3.976025e-008	0.0186524
-3.973525e-008	0.0175781
-3.971025e-008	0.0161865
-3.968525e-008	0.00925294
-3.966025e-008	0.0157715
-3.963525e-008	0.0296387
-3.961025e-008	0.0211914
-3.958525e-008	0.019165
-3.956025e-008	0.0244629
-3.953525e-008	0.0246582
-3.951025e-008	0.0341065
-3.948525e-008	0.0219238
-3.946025e-008	0.0115479
-3.943525e-008	0.0270752
-3.941025e-008	0.0216309
-3.938525e-008	0.0111572
-3.936025e-008	0.0175537
-3.933525e-008	0.0184326
-3.931025e-008	0.0137695
-3.928525e-008	0.00939942
-3.926025e-008	0.0104248
-3.923525e-008	0.0209473
-3.921025e-008	0.0257324
-3.918525e-008	0.0210449
-3.916025e-008	0.0179199
-3.913525e-008	0.0170654
-3.911025e-008	0.0262207
-3.908525e-008	0.0296387
-3.906025e-008	0.0162842
-3.903525e-008	0.0231445
-3.901025e-008	0.0279297
-3.898525e-008	0.0110107
-3.896025e-008	0.0181641
-3.893525e-008	0.0350098
-3.891025e-008	0.025708
-3.888525e-008	0.00610352
-3.886025e-008	0.0142334
-3.883525e-008	0.0262451
-3.881025e-008	0.00913087
-3.878525e-008	0.0163086
-3.876025e-008	0.0313477
-3.873525e-008	0.0241699
-3.871025e-008	0.0292236
-3.868525e-008	0.0249512
-3.866025e-008	0.0125488
-3.863525e-008	0.0160889
-3.861025e-008	0.0223877
-3.858525e-008	0.0193848
-3.856025e-008	0.0179688
-3.853525e-008	0.0312012
-3.851025e-008	0.0308594
-3.848525e-008	0.016333
-3.846025e-008	0.019751
-3.843525e-008	0.0320068
-3.841025e-008	0.0259766
-3.838525e-008	0.0167481
-3.836025e-008	0.0219971
-3.833525e-008	0.014209
-3.831025e-008	0.00820313
-3.828525e-008	0.0190918
-3.826025e-008	0.0187012
-3.823525e-008	0.0161865
-3.821025e-008	0.0182861
-3.818525e-008	0.0217529
-3.816025e-008	0.0234619
-3.813525e-008	0.0213379
-3.811025e-008	0.0310303
-3.808525e-008	0.0325684
-3.806025e-008	0.0186035
-3.803525e-008	0.0198975
-3.801025e-008	0.0266846
-3.798525e-008	0.0254883
-3.796025e-008	0.0275391
-3.793525e-008	0.0243408
-3.791025e-008	0.0129883
-3.788525e-008	0.0124024
-3.786025e-008	0.0170654
-3.783525e-008	0.0170166
-3.781025e-008	0.0135986
-3.778525e-008	0.0145508
-3.776025e-008	0.0255859
-3.773525e-008	0.0260742
-3.771025e-008	0.0223389
-3.768525e-008	0.0218262
-3.766025e-008	0.0135254
-3.763525e-008	0.0140381
-3.761025e-008	0.0116455
-3.758525e-008	0.00673829
-3.756025e-008	0.0164063
-3.753525e-008	0.0202149
-3.751025e-008	0.0179199
-3.748525e-008	0.0155029
-3.746025e-008	0.0209961
-3.743525e-008	0.0299072
-3.741025e-008	0.0289307
-3.738525e-008	0.0319824
-3.736025e-008	0.0262207
-3.733525e-008	0.0239746
-3.731025e-008	0.028125
-3.728525e-008	0.00791016
-3.726025e-008	0.00563966
-3.723525e-008	0.0197754
-3.721025e-008	0.00944825
-3.718525e-008	0.00610352
-3.716025e-008	0.0171143
-3.713525e-008	0.0192871
-3.711025e-008	0.0186768
-3.708525e-008	0.0196045
-3.706025e-008	0.0221191
-3.703525e-008	0.0292481
-3.701025e-008	0.0254883
-3.698525e-008	0.0106445
-3.696025e-008	0.00603028
-3.693525e-008	0.0197998
-3.691025e-008	0.0301025
-3.688525e-008	0.0167725
-3.686025e-008	0.0195068
-3.683525e-008	0.02771
-3.681025e-008	0.00878907
-3.678525e-008	0.0141357
-3.676025e-008	0.0265381
-3.673525e-008	0.0199707
-3.671025e-008	0.0272705
-3.668525e-008	0.0264893
-3.666025e-008	0.0161621
-3.663525e-008	0.0175537
-3.661025e-008	0.0188232
-3.658525e-008	0.0189453
-3.656025e-008	0.0192627
-3.653525e-008	0.0151856
-3.651025e-008	0.00825196
-3.648525e-008	0.008667
-3.646025e-008	0.0198242
-3.643525e-008	0.0261475
-3.641025e-008	0.022168
-3.638525e-008	0.0117676
-3.636025e-008	0.00644532
-3.633525e-008	0.0213135
-3.631025e-008	0.0289551
-3.628525e-008	0.0138428
-3.626025e-008	0.0136475
-3.623525e-008	0.0205078
-3.621025e-008	0.0108154
-3.618525e-008	0.0104004
-3.616025e-008	0.0229248
-3.613525e-008	0.0333496
-3.611025e-008	0.0291504
-3.608525e-008	0.0103027
-3.606025e-008	0.00756837
-3.603525e-008	0.0169678
-3.601025e-008	0.0276123
-3.598525e-008	0.0289063
-3.596025e-008	0.00961915
-3.593525e-008	0.0156006
-3.591025e-008	0.0307617
-3.588525e-008	0.0236816
-3.586025e-008	0.0295166
-3.583525e-008	0.0311279
-3.581025e-008	0.0183838
-3.578525e-008	0.0143311
-3.576025e-008	0.00751954
-3.573525e-008	0.00927735
-3.571025e-008	0.0303467
-3.568525e-008	0.0218994
-3.566025e-008	0.0039795
-3.563525e-008	0.0257324
-3.561025e-008	0.0249268
-3.558525e-008	0.00974122
-3.556025e-008	0.028833
-3.553525e-008	0.0273682
-3.551025e-008	0.0111084
-3.548525e-008	0.0184082
-3.546025e-008	0.0261231
-3.543525e-008	0.0311035
-3.541025e-008	0.0278076
-3.538525e-008	0.0128906
-3.536025e-008	0.0173828
-3.533525e-008	0.0288574
-3.531025e-008	0.0247559
-3.528525e-008	0.0157959
-3.526025e-008	0.0102051
-3.523525e-008	0.0180908
-3.521025e-008	0.0246338
-3.518525e-008	0.0217529
-3.516025e-008	0.0224365
-3.513525e-008	0.0293213
-3.511025e-008	0.0349121
-3.508525e-008	0.0222168
-3.506025e-008	0.0151856
-3.503525e-008	0.0309815
-3.501025e-008	0.0271973
-3.498525e-008	0.00891114
-3.496025e-008	0.0127197
-3.493525e-008	0.0165527
-3.491025e-008	0.0217774
-3.488525e-008	0.0336914
-3.486025e-008	0.020044
-3.483525e-008	0.0135498
-3.481025e-008	0.0145508
-3.478525e-008	0.0124756
-3.476025e-008	0.0385986
-3.473525e-008	0.0380859
-3.471025e-008	0.0229736
-3.468525e-008	0.0331787
-3.466025e-008	0.0156982
-3.463525e-008	0.00585938
-3.461025e-008	0.0227539
-3.458525e-008	0.0225586
-3.456025e-008	0.0243897
-3.453525e-008	0.0219971
-3.451025e-008	0.0105225
-3.448525e-008	0.00834962
-3.446025e-008	0.0165772
-3.443525e-008	0.0298828
-3.441025e-008	0.023584
-3.438525e-008	0.0148193
-3.436025e-008	0.0145264
-3.433525e-008	0.0180908
-3.431025e-008	0.0303711
-3.428525e-008	0.0226074
-3.426025e-008	0.0130615
-3.423525e-008	0.0200928
-3.421025e-008	0.0329346
-3.418525e-008	0.0371338
-3.416025e-008	0.0232666
-3.413525e-008	0.0239258
-3.411025e-008	0.0246582
-3.408525e-008	0.0223145
-3.406025e-008	0.0259033
-3.403525e-008	0.0191162
-3.401025e-008	0.0232422
-3.398525e-008	0.0264649
-3.396025e-008	0.0234131
-3.393525e-008	0.0287598
-3.391025e-008	0.0285156
-3.388525e-008	0.00927735
-3.386025e-008	-0.00151366
-3.383525e-008	0.0206055
-3.381025e-008	0.0194336
-3.378525e-008	0.00412598
-3.376025e-008	0.0159424
-3.373525e-008	0.025293
-3.371025e-008	0.0324951
-3.368525e-008	0.0300537
-3.366025e-008	0.0180664
-3.363525e-008	0.0235596
-3.361025e-008	0.032544
-3.358525e-008	0.0294922
-3.356025e-008	0.0218018
-3.353525e-008	0.0237305
-3.351025e-008	0.0272217
-3.348525e-008	0.017041
-3.346025e-008	0.0123779
-3.343525e-008	0.0254395
-3.341025e-008	0.0294434
-3.338525e-008	0.00991212
-3.336025e-008	0.0101563
-3.333525e-008	0.0354004
-3.331025e-008	0.0323975
-3.328525e-008	0.0177734
-3.326025e-008	0.0203125
-3.323525e-008	0.0216065
-3.321025e-008	0.0112549
-3.318525e-008	0.00585938
-3.316025e-008	0.0184326
-3.313525e-008	0.0261231
-3.311025e-008	0.0332764
-3.308525e-008	0.031958
-3.306025e-008	0.0176025
-3.303525e-008	0.0253174
-3.301025e-008	0.0273682
-3.298525e-008	0.016919
-3.296025e-008	0.015625
-3.293525e-008	0.0257568
-3.291025e-008	0.0379395
-3.288525e-008	0.0208984
-3.286025e-008	0.0158203
-3.283525e-008	0.0324219
-3.281025e-008	0.0273926
-3.278525e-008	0.0220459
-3.276025e-008	0.0220459
-3.273525e-008	0.0239258
-3.271025e-008	0.0240479
-3.268525e-008	0.010669
-3.266025e-008	0.0116699
-3.263525e-008	0.0220947
-3.261025e-008	0.0148193
-3.258525e-008	0.0139893
-3.256025e-008	0.0229004
-3.253525e-008	0.0272949
-3.251025e-008	0.0252686
-3.248525e-008	0.0122559
-3.246025e-008	0.01604
-3.243525e-008	0.0146484
-3.241025e-008	0.000292976
-3.238525e-008	0.0162598
-3.236025e-008	0.0174561
-3.233525e-008	0.0133301
-3.231025e-008	0.0288086
-3.228525e-008	0.0116455
-3.226025e-008	0.00246583
-3.223525e-008	0.0209229
-3.221025e-008	0.0146729
-3.218525e-008	0.00668946
-3.216025e-008	0.0176514
-3.213525e-008	0.0244873
-3.211025e-008	0.0261719
-3.208525e-008	0.0153809
-3.206025e-008	0.00253907
-3.203525e-008	0.0121582
-3.201025e-008	0.0171631
-3.198525e-008	0.0146484
-3.196025e-008	0.020459
-3.193525e-008	0.0169434
-3.191025e-008	0.0104248
-3.188525e-008	0.00722657
-3.186025e-008	0.00585938
-3.183525e-008	0.00632325
-3.181025e-008	0.00375977
-3.178525e-008	0.0196533
-3.176025e-008	0.0333496
-3.173525e-008	0.021582
-3.171025e-008	0.0241211
-3.168525e-008	0.0219482
-3.166025e-008	0.00583497
-3.163525e-008	0.0104736
-3.161025e-008	0.00683595
-3.158525e-008	0.0116943
-3.156025e-008	0.0348145
-3.153525e-008	0.0248291
-3.151025e-008	0.0130371
-3.148525e-008	0.0136231
-3.146025e-008	0.00437012
-3.143525e-008	0.0041504
-3.141025e-008	0.0141846
-3.138525e-008	0.0242676
-3.136025e-008	0.0171387
-3.133525e-008	0.0138672
-3.131025e-008	0.034375
-3.128525e-008	0.0311524
-3.126025e-008	0.0154541
-3.123525e-008	0.0226318
-3.121025e-008	0.029541
-3.118525e-008	0.0244141
-3.116025e-008	0.0143066
-3.113525e-008	0.0148926
-3.111025e-008	0.024585
-3.108525e-008	0.0266846
-3.106025e-008	0.0319824
-3.103525e-008	0.0310303
-3.101025e-008	0.0220459
-3.098525e-008	0.0238525
-3.096025e-008	0.00861817
-3.093525e-008	-0.00268554
-3.091025e-008	0.0192871
-3.088525e-008	0.0240967
-3.086025e-008	0.0207031
-3.083525e-008	0.0293457
-3.081025e-008	0.0198486
-3.078525e-008	0.0171143
-3.076025e-008	0.0320313
-3.073525e-008	0.0380127
-3.071025e-008	0.0371582
-3.068525e-008	0.0283936
-3.066025e-008	0.0231201
-3.063525e-008	0.026294
-3.061025e-008	0.020874
-3.058525e-008	0.0229248
-3.056025e-008	0.0299072
-3.053525e-008	0.0276123
-3.051025e-008	0.0331299
-3.048525e-008	0.0355225
-3.046025e-008	0.0195313
-3.043525e-008	0.00864259
-3.041025e-008	0.0178223
-3.038525e-008	0.0235352
-3.036025e-008	0.0154053
-3.033525e-008	0.0185303
-3.031025e-008	0.0294922
-3.028525e-008	0.0251465
-3.026025e-008	0.0234619
-3.023525e-008	0.0285156
-3.021025e-008	0.0220459
-3.018525e-008	0.0269043
-3.016025e-008	0.0320068
-3.013525e-008	0.0173828
-3.011025e-008	0.0101318
-3.008525e-008	0.0138428
-3.006025e-008	0.0238281
-3.003525e-008	0.0210205
-3.001025e-008	0.0136963
-2.998525e-008	0.0251709
-2.996025e-008	0.0243897
-2.993525e-008	0.0225586
-2.991025e-008	0.0190918
-2.988525e-008	0.00266114
-2.986025e-008	0.0141113
-2.983525e-008	0.0231201
-2.981025e-008	0.0124024
-2.978525e-008	0.0159424
-2.976025e-008	0.0223633
-2.973525e-008	0.0277588
-2.971025e-008	0.0231445
-2.968525e-008	0.0144043
-2.966025e-008	0.027832
-2.963525e-008	0.0386963
-2.961025e-008	0.0313233
-2.958525e-008	0.0195068
-2.956025e-008	0.013794
-2.953525e-008	0.020459
-2.951025e-008	0.023291
-2.948525e-008	0.0150391
-2.946025e-008	0.0196777
-2.943525e-008	0.0272461
-2.941025e-008	0.0175537
-2.938525e-008	0.0232666
-2.936025e-008	0.0314209
-2.933525e-008	0.0193848
-2.931025e-008	0.0145264
-2.928525e-008	0.00305177
-2.926025e-008	0.00163575
-2.923525e-008	0.0179443
-2.921025e-008	0.0198731
-2.918525e-008	0.0223145
-2.916025e-008	0.0140869
-2.913525e-008	0.0134277
-2.911025e-008	0.0238525
-2.908525e-008	0.014209
-2.906025e-008	0.0252686
-2.903525e-008	0.0338379
-2.901025e-008	0.0183838
-2.898525e-008	0.0145264
-2.896025e-008	0.0119141
-2.893525e-008	0.0208496
-2.891025e-008	0.0270752
-2.888525e-008	0.0110596
-2.886025e-008	0.0141357
-2.883525e-008	0.0242676
-2.881025e-008	0.0179443
-2.878525e-008	0.0224609
-2.876025e-008	0.0250733
-2.873525e-008	0.0213135
-2.871025e-008	0.0286377
-2.868525e-008	0.015918
-2.866025e-008	0.00505372
-2.863525e-008	0.0214356
-2.861025e-008	0.0215088
-2.858525e-008	0.0150147
-2.856025e-008	0.0178955
-2.853525e-008	0.0290039
-2.851025e-008	0.0380371
-2.848525e-008	0.0127686
-2.846025e-008	0.00566407
-2.843525e-008	0.028125
-2.841025e-008	0.0174316
-2.838525e-008	0.0128174
-2.836025e-008	0.0253418
-2.833525e-008	0.0225098
-2.831025e-008	0.0198731
-2.828525e-008	0.00754395
-2.826025e-008	0.00161134
-2.823525e-008	0.0136719
-2.821025e-008	0.0184326
-2.818525e-008	0.0167725
-2.816025e-008	0.0168213
-2.813525e-008	0.0275635
-2.811025e-008	0.0253418
-2.808525e-008	0.00861817
-2.806025e-008	0.0108154
-2.803525e-008	0.0216553
-2.801025e-008	0.0296387
-2.798525e-008	0.0231201
-2.796025e-008	0.0118897
-2.793525e-008	0.0214111
-2.791025e-008	0.0227295
-2.788525e-008	0.00964356
-2.786025e-008	0.0125488
-2.783525e-008	0.0198242
-2.781025e-008	0.0109375
-2.778525e-008	0.00690919
-2.776025e-008	0.0174805
-2.773525e-008	0.0243164
-2.771025e-008	0.0254395
-2.768525e-008	0.0162598
-2.766025e-008	0.0142578
-2.763525e-008	0.0289551
-2.761025e-008	0.0195313
-2.758525e-008	0.0142334
-2.756025e-008	0.0291992
-2.753525e-008	0.0206787
-2.751025e-008	0.0158447
-2.748525e-008	0.0148438
-2.746025e-008	0.0105713
-2.743525e-008	0.0220215
-2.741025e-008	0.0231445
-2.738525e-008	0.0290772
-2.736025e-008	0.0367188
-2.733525e-008	0.023584
-2.731025e-008	0.0168945
-2.728525e-008	0.0213867
-2.726025e-008	0.028833
-2.723525e-008	0.0192871
-2.721025e-008	0.000830086
-2.718525e-008	0.00759278
-2.716025e-008	0.0215088
-2.713525e-008	0.0251953
-2.711025e-008	0.0178955
-2.708525e-008	0.0100586
-2.706025e-008	0.0192627
-2.703525e-008	0.0252197
-2.701025e-008	0.0213867
-2.698525e-008	0.0243408
-2.696025e-008	0.0164307
-2.693525e-008	0.00632325
-2.691025e-008	0.0167481
-2.688525e-008	0.0180176
-2.686025e-008	0.0217041
-2.683525e-008	0.0358887
-2.681025e-008	0.021875
-2.678525e-008	0.0172852
-2.676025e-008	0.0303711
-2.673525e-008	0.0200928
-2.671025e-008	0.0155274
-2.668525e-008	0.0239014
-2.666025e-008	0.0238037
-2.663525e-008	0.0197754
-2.661025e-008	0.010376
-2.658525e-008	0.00639649
-2.656025e-008	0.0144775
-2.653525e-008	0.0237061
-2.651025e-008	0.0303955
-2.648525e-008	0.0164795
-2.646025e-008	0.00180665
-2.643525e-008	0.0162842
-2.641025e-008	0.0197022
-2.638525e-008	0.0126953
-2.636025e-008	0.0147217
-2.633525e-008	0.0210693
-2.631025e-008	0.0304932
-2.628525e-008	0.0123779
-2.626025e-008	0.00476075
-2.623525e-008	0.0176025
-2.621025e-008	0.00895997
-2.618525e-008	0.0151123
-2.616025e-008	0.0228272
-2.613525e-008	0.0246094
-2.611025e-008	0.0287109
-2.608525e-008	0.0140137
-2.606025e-008	0.0192139
-2.603525e-008	0.0313965
-2.601025e-008	0.0241211
-2.598525e-008	0.0195068
-2.596025e-008	0.0204834
-2.593525e-008	0.0276611
-2.591025e-008	0.0209717
-2.588525e-008	0.00864259
-2.586025e-008	0.0213867
-2.583525e-008	0.0299316
-2.581025e-008	0.0193359
-2.578525e-008	0.0162598
-2.576025e-008	0.0221191
-2.573525e-008	0.0252441
-2.571025e-008	0.0248047
-2.568525e-008	0.0286621
-2.566025e-008	0.022876
-2.563525e-008	0.00759278
-2.561025e-008	0.00847169
-2.558525e-008	0.00214844
-2.556025e-008	0.00161134
-2.553525e-008	0.0244385
-2.551025e-008	0.0224854
-2.548525e-008	0.0125977
-2.546025e-008	0.0198731
-2.543525e-008	0.0215332
-2.541025e-008	0.0130859
-2.538525e-008	0.0117432
-2.536025e-008	0.0219727
-2.533525e-008	0.0320801
-2.531025e-008	0.0362549
-2.528525e-008	0.0179199
-2.526025e-008	0.00612794
-2.523525e-008	0.0181152
-2.521025e-008	0.0164307
-2.518525e-008	0.0167236
-2.516025e-008	0.0156006
-2.513525e-008	0.0166504
-2.511025e-008	0.0327393
-2.508525e-008	0.0251465
-2.506025e-008	0.0222412
-2.503525e-008	0.0316162
-2.501025e-008	0.0229736
-2.498525e-008	0.0223389
-2.496025e-008	0.0226807
-2.493525e-008	0.0245606
-2.491025e-008	0.0298096
-2.488525e-008	0.0114746
-2.486025e-008	0.00354005
-2.483525e-008	0.013501
-2.481025e-008	0.0116211
-2.478525e-008	0.015918
-2.476025e-008	0.0279297
-2.473525e-008	0.0293945
-2.471025e-008	0.0199219
-2.468525e-008	0.014502
-2.466025e-008	0.0264649
-2.463525e-008	0.0280762
-2.461025e-008	0.00981446
-2.458525e-008	0.0138428
-2.456025e-008	0.0251465
-2.453525e-008	0.00834962
-2.451025e-008	0.0119629
-2.448525e-008	0.0349365
-2.446025e-008	0.0231201
-2.443525e-008	0.010083
-2.441025e-008	0.015625
-2.438525e-008	0.0212402
-2.436025e-008	0.0167725
-2.433525e-008	0.00942384
-2.431025e-008	0.0217041
-2.428525e-008	0.0100586
-2.426025e-008	0.000634773
-2.423525e-008	0.0268799
-2.421025e-008	0.0176758
-2.418525e-008	0.0161133
-2.416025e-008	0.0374268
-2.413525e-008	0.0251709
-2.411025e-008	0.0210693
-2.408525e-008	0.0272461
-2.406025e-008	0.0217529
-2.403525e-008	0.0125732
-2.401025e-008	-0.00119628
-2.398525e-008	0.00278321
-2.396025e-008	0.0226318
-2.393525e-008	0.0237061
-2.391025e-008	0.00651856
-2.388525e-008	0.00795899
-2.386025e-008	0.0279785
-2.383525e-008	0.0293213
-2.381025e-008	0.0170166
-2.378525e-008	0.0186768
-2.376025e-008	0.0220215
-2.373525e-008	0.0179688
-2.371025e-008	0.0268799
-2.368525e-008	0.0264404
-2.366025e-008	0.0140381
-2.363525e-008	0.0215576
-2.361025e-008	0.0181152
-2.358525e-008	0.0134522
-2.356025e-008	0.0245117
-2.353525e-008	0.018335
-2.351025e-008	0.0193848
-2.348525e-008	0.027417
-2.346025e-008	0.0204102
-2.343525e-008	0.0166016
-2.341025e-008	0.020752
-2.338525e-008	0.0310547
-2.336025e-008	0.0301514
-2.333525e-008	0.0224854
-2.331025e-008	0.0238037
-2.328525e-008	0.0138672
-2.326025e-008	0.00812989
-2.323525e-008	0.0166992
-2.321025e-008	0.020752
-2.318525e-008	0.0288086
-2.316025e-008	0.0302246
-2.313525e-008	0.0269531
-2.311025e-008	0.025415
-2.308525e-008	0.013794
-2.306025e-008	0.0157715
-2.303525e-008	0.0129883
-2.301025e-008	0.00288087
-2.298525e-008	0.0195801
-2.296025e-008	0.0230225
-2.293525e-008	0.0126465
-2.291025e-008	0.010791
-2.288525e-008	0.0114746
-2.286025e-008	0.0237549
-2.283525e-008	0.0233643
-2.281025e-008	0.0159912
-2.278525e-008	0.0263916
-2.276025e-008	0.0330811
-2.273525e-008	0.0262695
-2.271025e-008	0.0188232
-2.268525e-008	0.0173828
-2.266025e-008	0.0157227
-2.263525e-008	0.0200195
-2.261025e-008	0.0286377
-2.258525e-008	0.023877
-2.256025e-008	0.0169922
-2.253525e-008	0.0170899
-2.251025e-008	0.017334
-2.248525e-008	0.023584
-2.246025e-008	0.026416
-2.243525e-008	0.02146
-2.241025e-008	0.0279785
-2.238525e-008	0.0231934
-2.236025e-008	-0.000927727
-2.233525e-008	0.0076172
-2.231025e-008	0.0262207
-2.228525e-008	0.0147461
-2.226025e-008	0.0102539
-2.223525e-008	0.0146729
-2.221025e-008	0.0156006
-2.218525e-008	0.0203613
-2.216025e-008	0.0202393
-2.213525e-008	0.023291
-2.211025e-008	0.0251709
-2.208525e-008	0.019043
-2.206025e-008	0.0192139
-2.203525e-008	0.0195557
-2.201025e-008	0.0155029
-2.198525e-008	0.0131104
-2.196025e-008	0.00812989
-2.193525e-008	0.0187256
-2.191025e-008	0.0361084
-2.188525e-008	0.0171875
-2.186025e-008	0.00510255
-2.183525e-008	0.0226563
-2.181025e-008	0.0234863
-2.178525e-008	0.0276367
-2.176025e-008	0.0293457
-2.173525e-008	0.0125977
-2.171025e-008	0.0140381
-2.168525e-008	0.0179688
-2.166025e-008	0.0193359
-2.163525e-008	0.0293213
-2.161025e-008	0.0222656
-2.158525e-008	0.0115723
-2.156025e-008	0.0123779
-2.153525e-008	0.0229736
-2.151025e-008	0.0250977
-2.148525e-008	-0.00429687
-2.146025e-008	-0.00393066
-2.143525e-008	0.0243164
-2.141025e-008	0.0193604
-2.138525e-008	0.0258057
-2.136025e-008	0.0380615
-2.133525e-008	0.0253418
-2.131025e-008	0.0166992
-2.128525e-008	0.00327149
-2.126025e-008	0.00368653
-2.123525e-008	0.0193604
-2.121025e-008	0.0150879
-2.118525e-008	0.0161133
-2.116025e-008	0.0202149
-2.113525e-008	0.0151123
-2.111025e-008	0.0264649
-2.108525e-008	0.0377197
-2.106025e-008	0.0336914
-2.103525e-008	0.0301514
-2.101025e-008	0.0171143
-2.098525e-008	0.00412598
-2.096025e-008	0.0209229
-2.093525e-008	0.035376
-2.091025e-008	0.0243164
-2.088525e-008	0.0142334
-2.086025e-008	0.0164307
-2.083525e-008	0.0265625
-2.081025e-008	0.0216553
-2.078525e-008	0.0138916
-2.076025e-008	0.0345459
-2.073525e-008	0.0479736
-2.071025e-008	0.039917
-2.068525e-008	0.0214844
-2.066025e-008	0.00251466
-2.063525e-008	0.0109375
-2.061025e-008	0.0200928
-2.058525e-008	0.0154541
-2.056025e-008	0.0201416
-2.053525e-008	0.0250733
-2.051025e-008	0.0237549
-2.048525e-008	0.0158203
-2.046025e-008	0.0119629
-2.043525e-008	0.018042
-2.041025e-008	0.0184815
-2.038525e-008	0.0164307
-2.036025e-008	0.0246338
-2.033525e-008	0.0377441
-2.031025e-008	0.0284424
-2.028525e-008	0.0100586
-2.026025e-008	0.0181152
-2.023525e-008	0.0248291
-2.021025e-008	0.0181152
-2.018525e-008	0.018042
-2.016025e-008	0.0179688
-2.013525e-008	0.0170166
-2.011025e-008	0.0101807
-2.008525e-008	0.00825196
-2.006025e-008	0.0239258
-2.003525e-008	0.0263916
-2.001025e-008	0.0223877
-1.998525e-008	0.0226807
-1.996025e-008	0.0123291
-1.993525e-008	0.0144531
-1.991025e-008	0.0281006
-1.988525e-008	0.0287109
-1.986025e-008	0.0233154
-1.983525e-008	0.0219971
-1.981025e-008	0.0188477
-1.978525e-008	0.0165527
-1.976025e-008	0.0199219
-1.973525e-008	0.0148926
-1.971025e-008	0.0117432
-1.968525e-008	0.0156982
-1.966025e-008	0.0109131
-1.963525e-008	0.0117432
-1.961025e-008	0.0162109
-1.958525e-008	0.0141113
-1.956025e-008	0.0134766
-1.953525e-008	0.0170899
-1.951025e-008	0.0300293
-1.948525e-008	0.0367432
-1.946025e-008	0.0313477
-1.943525e-008	0.0219971
-1.941025e-008	0.010669
-1.938525e-008	0.0227051
-1.936025e-008	0.0328125
-1.933525e-008	0.0140137
-1.931025e-008	0.0129883
-1.928525e-008	0.0231445
-1.926025e-008	0.0182617
-1.923525e-008	0.0189453
-1.921025e-008	0.0176514
-1.918525e-008	0.00673829
-1.916025e-008	0.00839845
-1.913525e-008	0.0297608
-1.911025e-008	0.0417236
-1.908525e-008	0.0277588
-1.906025e-008	0.0149414
-1.903525e-008	0.0097168
-1.901025e-008	0.005542
-1.898525e-008	0.0164795
-1.896025e-008	0.0271729
-1.893525e-008	0.0246582
-1.891025e-008	0.036377
-1.888525e-008	0.044043
-1.886025e-008	0.0233154
-1.883525e-008	0.014624
-1.881025e-008	0.0230713
-1.878525e-008	0.0251221
-1.876025e-008	0.0198242
-1.873525e-008	0.0156982
-1.871025e-008	0.0156982
-1.868525e-008	0.0130615
-1.866025e-008	0.0236816
-1.863525e-008	0.0291992
-1.861025e-008	0.0138672
-1.858525e-008	0.0124512
-1.856025e-008	0.0140625
-1.853525e-008	0.0121582
-1.851025e-008	0.0184082
-1.848525e-008	0.0161133
-1.846025e-008	0.0168945
-1.843525e-008	0.0280762
-1.841025e-008	0.0269775
-1.838525e-008	0.0187256
-1.836025e-008	0.0203125
-1.833525e-008	0.0299316
-1.831025e-008	0.0377686
-1.828525e-008	0.0291748
-1.826025e-008	0.0195068
-1.823525e-008	0.0223633
-1.821025e-008	0.0135986
-1.818525e-008	0.00876466
-1.816025e-008	0.0245361
-1.813525e-008	0.0282715
-1.811025e-008	0.022168
-1.808525e-008	0.019165
-1.806025e-008	0.0129639
-1.803525e-008	0.0156982
-1.801025e-008	0.0171631
-1.798525e-008	0.0121582
-1.796025e-008	0.0166504
-1.793525e-008	0.0228027
-1.791025e-008	0.0244141
-1.788525e-008	0.015918
-1.786025e-008	0.0104248
-1.783525e-008	0.0109131
-1.781025e-008	0.00764161
-1.778525e-008	0.0178711
-1.776025e-008	0.0186279
-1.773525e-008	0.0107422
-1.771025e-008	0.0191895
-1.768525e-008	0.0206543
-1.766025e-008	0.0201172
-1.763525e-008	0.0217285
-1.761025e-008	0.0152588
-1.758525e-008	0.0169434
-1.756025e-008	0.0226318
-1.753525e-008	0.0251709
-1.751025e-008	0.0255859
-1.748525e-008	0.00776368
-1.746025e-008	0.000830086
-1.743525e-008	0.0176758
-1.741025e-008	0.023999
-1.738525e-008	0.0281006
-1.736025e-008	0.023169
-1.733525e-008	0.0187744
-1.731025e-008	0.0258545
-1.728525e-008	0.0186279
-1.726025e-008	0.0214356
-1.723525e-008	0.0231445
-1.721025e-008	0.0128174
-1.718525e-008	0.008667
-1.716025e-008	0.00478516
-1.713525e-008	0.0264649
-1.711025e-008	0.0423828
-1.708525e-008	0.027832
-1.706025e-008	0.0263672
-1.703525e-008	0.0224854
-1.701025e-008	0.0121094
-1.698525e-008	0.0123535
-1.696025e-008	0.00969239
-1.693525e-008	0.00273438
-1.691025e-008	0.00410157
-1.688525e-008	0.0209473
-1.686025e-008	0.0287354
-1.683525e-008	0.0235107
-1.681025e-008	0.0221924
-1.678525e-008	0.0208984
-1.676025e-008	0.0151123
-1.673525e-008	-0.00620116
-1.671025e-008	-0.00778808
-1.668525e-008	0.0215088
-1.666025e-008	0.0229248
-1.663525e-008	0.0124756
-1.661025e-008	0.0199219
-1.658525e-008	0.0247559
-1.656025e-008	0.0176758
-1.653525e-008	0.014917
-1.651025e-008	0.0287598
-1.648525e-008	0.0228027
-1.646025e-008	0.00874024
-1.643525e-008	0.017627
-1.641025e-008	0.0218994
-1.638525e-008	0.0296631
-1.636025e-008	0.0338135
-1.633525e-008	0.0193848
-1.631025e-008	0.0155274
-1.628525e-008	0.0210693
-1.626025e-008	0.0280762
-1.623525e-008	0.0264649
-1.621025e-008	0.0150147
-1.618525e-008	0.0219482
-1.616025e-008	0.0334717
-1.613525e-008	0.0359375
-1.611025e-008	0.0465088
-1.608525e-008	0.0324951
-1.606025e-008	0.00498048
-1.603525e-008	0.0152832
-1.601025e-008	0.0293457
-1.598525e-008	0.0255859
-1.596025e-008	0.0113525
-1.593525e-008	0.00895997
-1.591025e-008	0.026416
-1.588525e-008	0.0209961
-1.586025e-008	0.0161133
-1.583525e-008	0.0243408
-1.581025e-008	0.0234863
-1.578525e-008	0.0239258
-1.576025e-008	0.0253906
-1.573525e-008	0.0274658
-1.571025e-008	0.0266846
-1.568525e-008	0.024292
-1.566025e-008	0.0166992
-1.563525e-008	0.0118897
-1.561025e-008	0.0203857
-1.558525e-008	0.029419
-1.556025e-008	0.0309082
-1.553525e-008	0.0147705
-1.551025e-008	0.00812989
-1.548525e-008	0.0198731
-1.546025e-008	0.0209961
-1.543525e-008	0.0212647
-1.541025e-008	0.0260742
-1.538525e-008	0.0297363
-1.536025e-008	0.0277588
-1.533525e-008	0.0269287
-1.531025e-008	0.0289063
-1.528525e-008	0.0171387
-1.526025e-008	0.0156006
-1.523525e-008	0.02771
-1.521025e-008	0.0235596
-1.518525e-008	0.0160156
-1.516025e-008	0.0161133
-1.513525e-008	0.0202881
-1.511025e-008	0.0234619
-1.508525e-008	0.0174316
-1.506025e-008	0.0193359
-1.503525e-008	0.0231934
-1.501025e-008	0.0160645
-1.498525e-008	0.0247559
-1.496025e-008	0.0316162
-1.493525e-008	0.0145508
-1.491025e-008	0.00986329
-1.488525e-008	0.0180664
-1.486025e-008	0.0164795
-1.483525e-008	0.0161377
-1.481025e-008	0.0261231
-1.478525e-008	0.0293945
-1.476025e-008	0.0192627
-1.473525e-008	0.0184326
-1.471025e-008	0.016626
-1.468525e-008	0.00783692
-1.466025e-008	0.02146
-1.463525e-008	0.0320557
-1.461025e-008	0.021167
-1.458525e-008	0.00964356
-1.456025e-008	0.00270997
-1.453525e-008	0.0146484
-1.451025e-008	0.0235107
-1.448525e-008	0.0151856
-1.446025e-008	0.0167969
-1.443525e-008	0.0165283
-1.441025e-008	0.0242432
-1.438525e-008	0.036792
-1.436025e-008	0.0224854
-1.433525e-008	0.0208496
-1.431025e-008	0.0233643
-1.428525e-008	0.00463868
-1.426025e-008	0.0133789
-1.423525e-008	0.033667
-1.421025e-008	0.0323731
-1.418525e-008	0.0241699
-1.416025e-008	0.0203369
-1.413525e-008	0.0266846
-1.411025e-008	0.0249268
-1.408525e-008	0.0165039
-1.406025e-008	0.0200684
-1.403525e-008	0.021875
-1.401025e-008	0.0167725
-1.398525e-008	0.0160156
-1.396025e-008	0.0211426
-1.393525e-008	0.0273682
-1.391025e-008	0.0264404
-1.388525e-008	0.0110352
-1.386025e-008	0.00305177
-1.383525e-008	0.01875
-1.381025e-008	0.0265137
-1.378525e-008	0.0182373
-1.376025e-008	0.0171875
-1.373525e-008	0.0245361
-1.371025e-008	0.028418
-1.368525e-008	0.0289551
-1.366025e-008	0.0253662
-1.363525e-008	0.0130371
-1.361025e-008	0.012793
-1.358525e-008	0.0227539
-1.356025e-008	0.021582
-1.353525e-008	0.0263428
-1.351025e-008	0.0298584
-1.348525e-008	0.0129883
-1.346025e-008	0.0067627
-1.343525e-008	0.0148193
-1.341025e-008	0.0155274
-1.338525e-008	0.0107422
-1.336025e-008	-0.00046386
-1.333525e-008	0.0116455
-1.331025e-008	0.0334961
-1.328525e-008	0.0141846
-1.326025e-008	0.00456544
-1.323525e-008	0.0191406
-1.321025e-008	0.0184815
-1.318525e-008	0.0264649
-1.316025e-008	0.032251
-1.313525e-008	0.0276123
-1.311025e-008	0.0297119
-1.308525e-008	0.0132324
-1.306025e-008	0.00280762
-1.303525e-008	0.017334
-1.301025e-008	0.0202149
-1.298525e-008	0.0174072
-1.296025e-008	0.0115234
-1.293525e-008	0.0131592
-1.291025e-008	0.0247559
-1.288525e-008	0.02146
-1.286025e-008	0.0256104
-1.283525e-008	0.0247803
-1.281025e-008	0.00878907
-1.278525e-008	0.00922852
-1.276025e-008	0.0084961
-1.273525e-008	0.0134766
-1.271025e-008	0.0361572
-1.268525e-008	0.034668
-1.266025e-008	0.0144775
-1.263525e-008	0.00947266
-1.261025e-008	0.0098877
-1.258525e-008	0.0102051
-1.256025e-008	0.0116211
-1.253525e-008	0.00893555
-1.251025e-008	0.0118652
-1.248525e-008	0.0182373
-1.246025e-008	0.0207764
-1.243525e-008	0.0267822
-1.241025e-008	0.0220215
-1.238525e-008	0.00197755
-1.236025e-008	0.00424805
-1.233525e-008	0.0245117
-1.231025e-008	0.0264893
-1.228525e-008	0.0188965
-1.226025e-008	0.0156006
-1.223525e-008	0.0179199
-1.221025e-008	0.0257813
-1.218525e-008	0.0167236
-1.216025e-008	0.00388184
-1.213525e-008	0.0164063
-1.211025e-008	0.0179932
-1.208525e-008	0.011792
-1.206025e-008	0.0226318
-1.203525e-008	0.0132813
-1.201025e-008	0.00288087
-1.198525e-008	0.0140625
-1.196025e-008	0.0115479
-1.193525e-008	0.0194824
-1.191025e-008	0.0373047
-1.188525e-008	0.0225586
-1.186025e-008	0.0137695
-1.183525e-008	0.0182617
-1.181025e-008	0.0131836
-1.178525e-008	0.018457
-1.176025e-008	0.0212158
-1.173525e-008	0.0226807
-1.171025e-008	0.0183594
-1.168525e-008	0.00517579
-1.166025e-008	0.0150147
-1.163525e-008	0.017627
-1.161025e-008	0.0109375
-1.158525e-008	0.0242676
-1.156025e-008	0.0260986
-1.153525e-008	0.0157715
-1.151025e-008	0.0150879
-1.148525e-008	0.00854493
-1.146025e-008	0.00678712
-1.143525e-008	0.0199219
-1.141025e-008	0.0182373
-1.138525e-008	0.0153809
-1.136025e-008	0.022168
-1.133525e-008	0.0204346
-1.131025e-008	0.0132568
-1.128525e-008	0.00827637
-1.126025e-008	0.0218262
-1.123525e-008	0.0330322
-1.121025e-008	0.0184815
-1.118525e-008	0.00944825
-1.116025e-008	0.0132568
-1.113525e-008	0.00991212
-1.111025e-008	0.0113281
-1.108525e-008	0.026001
-1.106025e-008	0.0276856
-1.103525e-008	0.0168213
-1.101025e-008	0.0211914
-1.098525e-008	0.0372559
-1.096025e-008	0.0289063
-1.093525e-008	0.0164795
-1.091025e-008	0.0286133
-1.088525e-008	0.0148682
-1.086025e-008	0.00266114
-1.083525e-008	0.020044
-1.081025e-008	0.0144531
-1.078525e-008	0.0131592
-1.076025e-008	0.0234131
-1.073525e-008	0.0279541
-1.071025e-008	0.031958
-1.068525e-008	0.00798341
-1.066025e-008	0.00422364
-1.063525e-008	0.0267822
-1.061025e-008	0.013501
-1.058525e-008	0.00878907
-1.056025e-008	0.0213867
-1.053525e-008	0.0217041
-1.051025e-008	0.017334
-1.048525e-008	0.0111572
-1.046025e-008	0.0240234
-1.043525e-008	0.0250244
-1.041025e-008	0.0117432
-1.038525e-008	0.0173096
-1.036025e-008	0.0145264
-1.033525e-008	0.00915528
-1.031025e-008	0.0104004
-1.028525e-008	0.00910645
-1.026025e-008	0.0187744
-1.023525e-008	0.0303223
-1.021025e-008	0.0208496
-1.018525e-008	0.0114502
-1.016025e-008	0.0195068
-1.013525e-008	0.0201904
-1.011025e-008	0.0196533
-1.008525e-008	0.0179688
-1.006025e-008	0.0111328
-1.003525e-008	0.0203613
-1.001025e-008	0.0259522
-9.985254e-009	0.0185303
-9.960254e-009	0.0243897
-9.935254e-009	0.0380615
-9.910254e-009	0.0324707
-9.885254e-009	0.0191895
-9.860254e-009	0.0189697
-9.835254e-009	0.0187988
-9.810254e-009	0.00937501
-9.785254e-009	0.00561524
-9.760254e-009	0.0184082
-9.735254e-009	0.0287354
-9.710254e-009	0.0247803
-9.685254e-009	0.0133789
-9.660254e-009	0.0114502
-9.635254e-009	0.0198975
-9.610254e-009	0.016919
-9.585254e-009	0.0139893
-9.560254e-009	0.0152588
-9.535254e-009	0.0153076
-9.510254e-009	0.0198975
-9.485254e-009	0.0227051
-9.460254e-009	0.0201172
-9.435254e-009	0.0106934
-9.410254e-009	0.00874024
-9.385254e-009	0.0109619
-9.360254e-009	0.00793458
-9.335254e-009	0.0177979
-9.310254e-009	0.025293
-9.285254e-009	0.0181641
-9.260254e-009	0.0211914
-9.235254e-009	0.0233643
-9.210254e-009	0.0151856
-9.185254e-009	0.0173828
-9.160254e-009	0.0188232
-9.135254e-009	0.0293457
-9.110254e-009	0.038501
-9.085254e-009	0.010669
-9.060254e-009	0.0135498
-9.035254e-009	0.0390137
-9.010254e-009	0.0142822
-8.985254e-009	0.00270997
-8.960254e-009	0.0224854
-8.935254e-009	0.0229981
-8.910254e-009	0.0186768
-8.885254e-009	0.0156738
-8.860254e-009	0.0167481
-8.835254e-009	0.0279297
-8.810254e-009	0.0163818
-8.785254e-009	0.00510255
-8.760254e-009	0.0209229
-8.735254e-009	0.025
-8.710254e-009	0.0229981
-8.685254e-009	0.0166748
-8.660254e-009	0.0116699
-8.635254e-009	0.0270508
-8.610254e-009	0.0226074
-8.585254e-009	0.0191162
-8.560254e-009	0.032959
-8.535254e-009	0.028125
-8.510254e-009	0.0263916
-8.485254e-009	0.0197998
-8.460254e-009	0.0157227
-8.435254e-009	0.0326904
-8.410254e-009	0.0198486
-8.385254e-009	0.00620118
-8.360254e-009	0.0210205
-8.335254e-009	0.0255127
-8.310254e-009	0.0278809
-8.285254e-009	0.0242676
-8.260254e-009	0.0138672
-8.235254e-009	0.0128662
-8.210254e-009	0.00827637
-8.185254e-009	0.0129395
-8.160254e-009	0.0243164
-8.135254e-009	0.0121582
-8.110254e-009	0.00439454
-8.085254e-009	0.0182861
-8.060254e-009	0.0212647
-8.035254e-009	0.0186768
-8.010254e-009	0.020874
-7.985254e-009	0.0222656
-7.960254e-009	0.0246338
-7.935254e-009	0.0198975
-7.910254e-009	0.0177979
-7.885254e-009	0.0232178
-7.860254e-009	0.0232666
-7.835254e-009	0.0270752
-7.810254e-009	0.0309815
-7.785254e-009	0.0165039
-7.760254e-009	0.00820313
-7.735254e-009	0.0226074
-7.710254e-009	0.0248291
-7.685254e-009	0.0128906
-7.660254e-009	0.0194336
-7.635254e-009	0.0311035
-7.610254e-009	0.0205566
-7.585254e-009	-0.00297851
-7.560254e-009	-0.0106445
-7.535254e-009	0.0196289
-7.510254e-009	0.043457
-7.485254e-009	0.0260986
-7.460254e-009	0.0195068
-7.435254e-009	0.0244873
-7.410254e-009	0.0186768
-7.385254e-009	0.0166504
-7.360254e-009	0.0134766
-7.335254e-009	0.0215332
-7.310254e-009	0.0365723
-7.285254e-009	0.0338135
-7.260254e-009	0.0200195
-7.235254e-009	0.00725098
-7.210254e-009	0.00590821
-7.185254e-009	0.0155029
-7.160254e-009	0.019165
-7.135254e-009	0.0251709
-7.110254e-009	0.0333984
-7.085254e-009	0.0195557
-7.060254e-009	0.0121094
-7.035254e-009	0.0203613
-7.010254e-009	0.0219727
-6.985254e-009	0.0247803
-6.960254e-009	0.019751
-6.935254e-009	0.0189941
-6.910254e-009	0.024292
-6.885254e-009	0.0172852
-6.860254e-009	0.0171143
-6.835254e-009	0.0233154
-6.810254e-009	0.0195557
-6.785254e-009	0.0143311
-6.760254e-009	0.0175781
-6.735254e-009	0.0125488
-6.710254e-009	0.00607911
-6.685254e-009	0.00690919
-6.660254e-009	0.00700684
-6.635254e-009	0.0211182
-6.610254e-009	0.0280518
-6.585254e-009	0.0222656
-6.560254e-009	0.0237305
-6.535254e-009	0.0313233
-6.510254e-009	0.0378418
-6.485254e-009	0.0177002
-6.460254e-009	0.00585938
-6.435254e-009	0.0256592
-6.410254e-009	0.0264649
-6.385254e-009	0.0118408
-6.360254e-009	0.0142822
-6.335254e-009	0.0298096
-6.310254e-009	0.0305664
-6.285254e-009	0.019458
-6.260254e-009	0.0243652
-6.235254e-009	0.0172607
-6.210254e-009	-0.000634758
-6.185254e-009	0.0173828
-6.160254e-009	0.0314209
-6.135254e-009	0.0174316
-6.110254e-009	0.0211914
-6.085254e-009	0.0230713
-6.060254e-009	0.0135742
-6.035254e-009	0.0189209
-6.010254e-009	0.0142578
-5.985254e-009	0.0100098
-5.960254e-009	0.0144287
-5.935254e-009	0.0130371
-5.910254e-009	0.0222412
-5.885254e-009	0.0167725
-5.860254e-009	0.0111572
-5.835254e-009	0.0254883
-5.810254e-009	0.0224121
-5.785254e-009	0.0217529
-5.760254e-009	0.00798341
-5.735254e-009	-0.0147949
-5.710254e-009	0.00898438
-5.685254e-009	0.0201904
-5.660254e-009	0.00820313
-5.635254e-009	0.0193848
-5.610254e-009	0.0180908
-5.585254e-009	0.0148438
-5.560254e-009	0.0276856
-5.535254e-009	0.0298096
-5.510254e-009	0.0187744
-5.485254e-009	0.00263673
-5.460254e-009	0.0114746
-5.435254e-009	0.0288574
-5.410254e-009	0.0133789
-5.385254e-009	0.00541993
-5.360254e-009	0.0203613
-5.335254e-009	0.032959
-5.310254e-009	0.0336426
-5.285254e-009	0.0167236
-5.260254e-009	0.0131592
-5.235254e-009	0.0239014
-5.210254e-009	0.0172363
-5.185254e-009	0.0119629
-5.160254e-009	0.0173828
-5.135254e-009	0.024585
-5.110254e-009	0.029834
-5.085254e-009	0.023169
-5.060254e-009	0.0194336
-5.035254e-009	0.0193604
-5.010254e-009	0.0133789
-4.985254e-009	0.01604
-4.960254e-009	0.0229248
-4.935254e-009	0.02771
-4.910254e-009	0.0212647
-4.885254e-009	0.0105469
-4.860254e-009	0.0229248
-4.835254e-009	0.0307617
-4.810254e-009	0.0241455
-4.785254e-009	0.0234375
-4.760254e-009	0.0176025
-4.735254e-009	0.0247315
-4.710254e-009	0.0252441
-4.685254e-009	0.000634773
-4.660254e-009	0.00668946
-4.635254e-009	0.0202149
-4.610254e-009	0.017041
-4.585254e-009	0.0217041
-4.560254e-009	0.0119629
-4.535254e-009	0.0102539
-4.510254e-009	0.018042
-4.485254e-009	0.00803223
-4.460254e-009	0.0134277
-4.435254e-009	0.0213379
-4.410254e-009	0.018335
-4.385254e-009	0.0213623
-4.360254e-009	0.0143555
-4.335254e-009	0.0187988
-4.310254e-009	0.0392822
-4.285254e-009	0.0275147
-4.260254e-009	0.0134766
-4.235254e-009	0.0277832
-4.210254e-009	0.0198975
-4.185254e-009	0.00463868
-4.160254e-009	0.0119873
-4.135254e-009	0.024707
-4.110254e-009	0.0344971
-4.085254e-009	0.0171387
-4.060254e-009	0.00544434
-4.035254e-009	0.0191162
-4.010254e-009	0.0156494
-3.985254e-009	0.0140137
-3.960254e-009	0.0160889
-3.935254e-009	0.0155274
-3.910254e-009	0.0230469
-3.885254e-009	0.0162354
-3.860254e-009	0.0205566
-3.835254e-009	0.0335693
-3.810254e-009	0.0178955
-3.785254e-009	0.00737305
-3.760254e-009	0.0160645
-3.735254e-009	0.026416
-3.710254e-009	0.0315186
-3.685254e-009	0.0146973
-3.660254e-009	0.00500489
-3.635254e-009	0.0199951
-3.610254e-009	0.0228516
-3.585254e-009	0.0196777
-3.560254e-009	0.0132813
-3.535254e-009	0.0057129
-3.510254e-009	0.0164551
-3.485254e-009	0.0146973
-3.460254e-009	0.0173828
-3.435254e-009	0.0313233
-3.410254e-009	0.020166
-3.385254e-009	0.0240723
-3.360254e-009	0.0292725
-3.335254e-009	0.0187012
-3.310254e-009	0.0208008
-3.285254e-009	0.00256348
-3.260254e-009	0.00324708
-3.235254e-009	0.0259277
-3.210254e-009	0.0145996
-3.185254e-009	0.0210693
-3.160254e-009	0.0320801
-3.135254e-009	0.0304688
-3.110254e-009	0.0354004
-3.085254e-009	0.00852052
-3.060254e-009	-0.00151366
-3.035254e-009	0.0164795
-3.010254e-009	0.0206787
-2.985254e-009	0.0325928
-2.960254e-009	0.0234375
-2.935254e-009	0.0118408
-2.910254e-009	0.0290039
-2.885254e-009	0.0218262
-2.860254e-009	0.00446778
-2.835254e-009	0.00749512
-2.810254e-009	0.0155029
-2.785254e-009	0.0187012
-2.760254e-009	0.0168457
-2.735254e-009	0.0274658
-2.710254e-009	0.0319824
-2.685254e-009	0.0131836
-2.660254e-009	0.0129395
-2.635254e-009	0.0256348
-2.610254e-009	0.0189209
-2.585254e-009	0.0195068
-2.560254e-009	0.0293213
-2.535254e-009	0.024585
-2.510254e-009	0.0147949
-2.485254e-009	0.00759278
-2.460254e-009	0.0140869
-2.435254e-009	0.0280274
-2.410254e-009	0.0232422
-2.385254e-009	0.0164307
-2.360254e-009	0.013916
-2.335254e-009	0.0157959
-2.310254e-009	0.0247803
-2.285254e-009	0.0134766
-2.260254e-009	0.0178467
-2.235254e-009	0.0378662
-2.210254e-009	0.0165772
-2.185254e-009	0.0110352
-2.160254e-009	0.0368408
-2.135254e-009	0.0352539
-2.110254e-009	0.0233643
-2.085254e-009	0.0171387
-2.060254e-009	0.0163574
-2.035254e-009	0.0226318
-2.010254e-009	0.0167236
-1.985254e-009	0.00747071
-1.960254e-009	0.012793
-1.935254e-009	0.0242188
-1.910254e-009	0.0329102
-1.885254e-009	0.0315918
-1.860254e-009	0.0247559
-1.835254e-009	0.0243164
-1.810254e-009	0.0240479
-1.785254e-009	0.0308594
-1.760254e-009	0.0244385
-1.735254e-009	0.000634773
-1.710254e-009	0.0105225
-1.685254e-009	0.0204346
-1.660254e-009	0.0125977
-1.635254e-009	0.0230469
-1.610254e-009	0.0245361
-1.585254e-009	0.0168457
-1.560254e-009	0.0218994
-1.535254e-009	0.029834
-1.510254e-009	0.0228272
-1.485254e-009	0.00927735
-1.460254e-009	0.0164063
-1.435254e-009	0.0303955
-1.410254e-009	0.0347656
-1.385254e-009	0.0264649
-1.360254e-009	0.0118897
-1.335254e-009	0.0185547
-1.310254e-009	0.0258301
-1.285254e-009	0.0126221
-1.260254e-009	0.0120117
-1.235254e-009	0.0186279
-1.210254e-009	0.0148193
-1.185254e-009	0.017334
-1.160254e-009	0.0250977
-1.135254e-009	0.0314697
-1.110254e-009	0.0375244
-1.085254e-009	0.0294678
-1.060254e-009	0.0206543
-1.035254e-009	0.0344727
-1.010254e-009	0.0258545
-9.852543e-010	0.00708009
-9.602543e-010	0.020044
-9.352543e-010	0.0168213
-9.102543e-010	0.020166
-8.852543e-010	0.033374
-8.602543e-010	0.00942384
-8.352543e-010	0.0010254
-8.102543e-010	0.0161621
-7.852543e-010	0.0253174
-7.602543e-010	0.0297363
-7.352543e-010	0.0290039
-7.102543e-010	0.0241455
-6.852543e-010	0.0102783
-6.602543e-010	0.0148438
-6.352543e-010	0.0259033
-6.102543e-010	0.0233399
-5.852543e-010	0.0336182
-5.602543e-010	0.0376709
-5.352543e-010	0.0347168
-5.102543e-010	0.0320068
-4.852543e-010	0.014624
-4.602543e-010	0.00515137
-4.352543e-010	0.00947266
-4.102543e-010	0.0156494
-3.852543e-010	0.0188477
-3.602543e-010	0.0145264
-3.352543e-010	0.00610352
-3.102543e-010	-0.000244133
-2.852543e-010	0.00117188
-2.602543e-010	0.00400391
-2.352543e-010	0.00334473
-2.102543e-010	-7.32347e-005
-1.852543e-010	-0.00212402
-1.602543e-010	-0.00410156
-1.352543e-010	-0.00332031
-1.102543e-010	-0.00124511
-8.525433e-011	-0.0144043
-6.025433e-011	-0.0107422
-3.525433e-011	-0.00966796
-1.025433e-011	-0.039917
1.474567e-011	-0.038501
3.974567e-011	-0.0435547
6.474567e-011	-0.0673584
8.974567e-011	-0.0487793
1.147457e-010	-0.0304443
1.397457e-010	-0.0375488
1.647457e-010	-0.0626953
1.897457e-010	-0.0733398
2.147457e-010	-0.0556885
2.397457e-010	-0.0562012
2.647457e-010	-0.0578369
2.897457e-010	-0.0515869
3.147457e-010	-0.0495361
3.397457e-010	-0.0351318
3.647457e-010	-0.0250732
3.897457e-010	-0.0340088
4.147457e-010	-0.0343506
4.397457e-010	-0.0185059
4.647457e-010	-0.0127441
4.897457e-010	-0.00351562
5.147457e-010	0.00878907
5.397457e-010	0.0043213
5.647457e-010	0.00498048
5.897457e-010	0.0057129
6.147457e-010	0.00375977
6.397457e-010	0.0162354
6.647457e-010	0.0284424
6.897457e-010	0.024707
7.147457e-010	0.0123047
7.397457e-010	0.0088379
7.647457e-010	0.0170899
7.897457e-010	0.0196533
8.147457e-010	0.0160156
8.397457e-010	0.0216553
8.647457e-010	0.0289795
8.897457e-010	0.0288086
9.147457e-010	0.0213135
9.397457e-010	0.0157227
9.647457e-010	0.0248779
9.897457e-010	0.0299561
1.014746e-009	0.0226074
1.039746e-009	0.0146973
1.064746e-009	0.0232178
1.089746e-009	0.0398193
1.114746e-009	0.0296143
1.139746e-009	0.0183838
1.164746e-009	0.0190918
1.189746e-009	0.0161377
1.214746e-009	0.0273926
1.239746e-009	0.0231934
1.264746e-009	0.0127686
1.289746e-009	0.0333496
1.314746e-009	0.0302734
1.339746e-009	0.0202881
1.364746e-009	0.0395264
1.389746e-009	0.0301514
1.414746e-009	0.0108399
1.439746e-009	0.0126709
1.464746e-009	0.0196045
1.489746e-009	0.0285645
1.514746e-009	0.0150391
1.539746e-009	0.00524903
1.564746e-009	0.0181885
1.589746e-009	0.0162354
1.614746e-009	0.00698243
1.639746e-009	0.0084961
1.664746e-009	0.0177002
1.689746e-009	0.0213867
1.714746e-009	0.0152832
1.739746e-009	0.0148438
1.764746e-009	0.0150147
1.789746e-009	0.0138916
1.814746e-009	0.0214111
1.839746e-009	0.0192383
1.864746e-009	0.00405274
1.889746e-009	0.0134033
1.914746e-009	0.0281494
1.939746e-009	0.0220947
1.964746e-009	0.0266602
1.989746e-009	0.0278565
2.014746e-009	0.0230469
2.039746e-009	0.0290772
2.064746e-009	0.0330566
2.089746e-009	0.0342285
2.114746e-009	0.0199463
2.139746e-009	0.0171143
2.164746e-009	0.0307861
2.189746e-009	0.0120361
2.214746e-009	0.00261231
2.239746e-009	0.0200928
2.264746e-009	0.0222168
2.289746e-009	0.0265625
2.314746e-009	0.0234619
2.339746e-009	0.00983887
2.364746e-009	0.0232422
2.389746e-009	0.0287842
2.414746e-009	0.0212647
2.439746e-009	0.0271729
2.464746e-009	0.0266113
2.489746e-009	0.0296631
2.514746e-009	0.0268311
2.539746e-009	0.0138672
2.564746e-009	0.0164063
2.589746e-009	0.0228516
2.614746e-009	0.0174072
2.639746e-009	-0.000903313
2.664746e-009	0.00529786
2.689746e-009	0.0285889
2.714746e-009	0.0233399
2.739746e-009	0.0217285
2.764746e-009	0.0320557
2.789746e-009	0.0190674
2.814746e-009	-0.000732414
2.839746e-009	0.00991212
2.864746e-009	0.0262695
2.889746e-009	0.0152588
2.914746e-009	0.0120361
2.939746e-009	0.020459
2.964746e-009	0.00966798
2.989746e-009	0.00788575
3.014746e-009	0.0214356
3.039746e-009	0.00937501
3.064746e-009	0.00810548
3.089746e-009	0.0271973
3.114746e-009	0.015625
3.139746e-009	0.0133301
3.164746e-009	0.0243652
3.189746e-009	0.0143066
3.214746e-009	0.0138916
3.239746e-009	0.0196289
3.264746e-009	0.0187744
3.289746e-009	0.0217774
3.314746e-009	0.0234863
3.339746e-009	0.0225586
3.364746e-009	0.0191162
3.389746e-009	0.0182861
3.414746e-009	0.0237061
3.439746e-009	0.0175781
3.464746e-009	0.0112793
3.489746e-009	0.019458
3.514746e-009	0.0155274
3.539746e-009	0.0116943
3.564746e-009	0.0235107
3.589746e-009	0.0226318
3.614746e-009	0.0131104
3.639746e-009	0.0139404
3.664746e-009	0.020166
3.689746e-009	0.0165283
3.714746e-009	0.00903321
3.739746e-009	0.0174805
3.764746e-009	0.0174316
3.789746e-009	0.00766602
3.814746e-009	0.0217529
3.839746e-009	0.0231445
3.864746e-009	0.0164795
3.889746e-009	0.0311035
3.914746e-009	0.013794
3.939746e-009	-0.00180663
3.964746e-009	0.0150879
3.989746e-009	0.0159424
4.014746e-009	0.0173828
4.039746e-009	0.0130371
4.064746e-009	0.0168945
4.089746e-009	0.0365479
4.114746e-009	0.0221924
4.139746e-009	0.0194824
4.164746e-009	0.0292725
4.189746e-009	0.0131592
4.214746e-009	0.0145996
4.239746e-009	0.0272217
4.264746e-009	0.0317383
4.289746e-009	0.0300049
4.314746e-009	0.0157959
4.339746e-009	0.0198975
4.364746e-009	0.0373779
4.389746e-009	0.0278565
4.414746e-009	0.0190186
4.439746e-009	0.0243897
4.464746e-009	0.026001
4.489746e-009	0.0426025
4.514746e-009	0.0405518
4.539746e-009	0.0148438
4.564746e-009	0.0239014
4.589746e-009	0.0330811
4.614746e-009	0.0243408
4.639746e-009	0.0299561
4.664746e-009	0.0282959
4.689746e-009	0.0156982
4.714746e-009	0.00634766
4.739746e-009	0.00334473
4.764746e-009	0.00964356
4.789746e-009	0.0146729
4.814746e-009	0.0250488
4.839746e-009	0.0337647
4.864746e-009	0.0253662
4.889746e-009	0.0193115
4.914746e-009	0.0100098
4.939746e-009	0.000585945
4.964746e-009	0.0170166
4.989746e-009	0.0385986
5.014746e-009	0.0355957
5.039746e-009	0.0141113
5.064746e-009	0.0202637
5.089746e-009	0.0365723
5.114746e-009	0.0188721
5.139746e-009	0.0184815
5.164746e-009	0.0270752
5.189746e-009	0.0107178
5.214746e-009	0.00954591
5.239746e-009	0.0175049
5.264746e-009	0.021167
5.289746e-009	0.0236328
5.314746e-009	0.0169678
5.339746e-009	0.0181152
5.364746e-009	0.024292
5.389746e-009	0.0206787
5.414746e-009	0.0151611
5.439746e-009	0.0116455
5.464746e-009	0.0177246
5.489746e-009	0.0327149
5.514746e-009	0.0334961
5.539746e-009	0.0172363
5.564746e-009	0.0147461
5.589746e-009	0.0227783
5.614746e-009	0.0136963
5.639746e-009	0.020874
5.664746e-009	0.0396484
5.689746e-009	0.028418
5.714746e-009	0.0202149
5.739746e-009	0.0235352
5.764746e-009	0.0236816
5.789746e-009	0.0284668
5.814746e-009	0.0279053
5.839746e-009	0.0174316
5.864746e-009	0.0180664
5.889746e-009	0.0273193
5.914746e-009	0.0118164
5.939746e-009	0.0105957
5.964746e-009	0.0248535
5.989746e-009	0.0144775
6.014746e-009	0.0298096
6.039746e-009	0.0404541
6.064746e-009	0.0211182
6.089746e-009	0.0184815
6.114746e-009	0.0136963
6.139746e-009	0.0140137
6.164746e-009	0.020044
6.189746e-009	0.0161377
6.214746e-009	0.0153809
6.239746e-009	0.0228272
6.264746e-009	0.0373535
6.289746e-009	0.0292236
6.314746e-009	0.0160889
6.339746e-009	0.0226318
6.364746e-009	0.0227539
6.389746e-009	0.0228516
6.414746e-009	0.0156982
6.439746e-009	0.010791
6.464746e-009	0.0294434
6.489746e-009	0.0314697
6.514746e-009	0.018042
6.539746e-009	0.0178711
6.564746e-009	0.0182373
6.589746e-009	0.00935059
6.614746e-009	0.0101074
6.639746e-009	0.0224609
6.664746e-009	0.0196045
6.689746e-009	0.0156738
6.714746e-009	0.0198242
6.739746e-009	0.0178467
6.764746e-009	0.0189209
6.789746e-009	0.0161621
6.814746e-009	0.0166748
6.839746e-009	0.0223145
6.864746e-009	0.0201904
6.889746e-009	0.0328858
6.914746e-009	0.0409912
6.939746e-009	0.0286865
6.964746e-009	0.0247315
6.989746e-009	0.0158203
7.014746e-009	0.00556641
7.039746e-009	0.013916
7.064746e-009	0.0206055
7.089746e-009	0.0280762
7.114746e-009	0.0341797
7.139746e-009	0.0250733
7.164746e-009	0.020752
7.189746e-009	0.0216553
7.214746e-009	0.0189209
7.239746e-009	0.00703126
7.264746e-009	0.00329591
7.289746e-009	0.0221924
7.314746e-009	0.0136475
7.339746e-009	-0.00258788
7.364746e-009	0.0130615
7.389746e-009	0.0205811
7.414746e-009	0.0152832
7.439746e-009	0.0150879
7.464746e-009	0.0279785
7.489746e-009	0.0297852
7.514746e-009	0.0098877
7.539746e-009	0.0120117
7.564746e-009	0.0208496
7.589746e-009	0.0145996
7.614746e-009	0.0140625
7.639746e-009	0.0140625
7.664746e-009	0.0201172
7.689746e-009	0.029541
7.714746e-009	0.0220459
7.739746e-009	0.0172607
7.764746e-009	0.0158447
7.789746e-009	0.0110352
7.814746e-009	0.0220459
7.839746e-009	0.0267334
7.864746e-009	0.0197022
7.889746e-009	0.0151367
7.914746e-009	0.00461427
7.939746e-009	0.01521
7.964746e-009	0.0311524
7.989746e-009	0.0217774
8.014746e-009	0.0251953
8.039746e-009	0.0194824
8.064746e-009	0.00795899
8.089746e-009	0.0273193
8.114746e-009	0.0225098
8.139746e-009	0.0147949
8.164746e-009	0.0260498
8.189746e-009	0.0187012
8.214746e-009	0.0179199
8.239746e-009	0.0120361
8.264746e-009	0.013501
8.289746e-009	0.0268066
8.314746e-009	0.0114258
8.339746e-009	0.0152344
8.364746e-009	0.025415
8.389746e-009	0.00500489
8.414746e-009	0.00595704
8.439746e-009	0.0198731
8.464746e-009	0.0194092
8.489746e-009	0.0195801
8.514746e-009	0.0181885
8.539746e-009	0.0199463
8.564746e-009	0.0255371
8.589746e-009	0.0181885
8.614746e-009	0.0137695
8.639746e-009	0.0185791
8.664746e-009	0.0157227
8.689746e-009	0.0154541
8.714746e-009	0.00598145
8.739746e-009	-0.00319823
8.764746e-009	0.0192627
8.789746e-009	0.025708
8.814746e-009	0.0161865
8.839746e-009	0.0285645
8.864746e-009	0.0312988
8.889746e-009	0.0248535
8.914746e-009	0.0185547
8.939746e-009	0.0117676
8.964746e-009	0.0160889
8.989746e-009	0.0217041
9.014746e-009	0.0281006
9.039746e-009	0.0242676
9.064746e-009	0.0193359
9.089746e-009	0.0313233
9.114746e-009	0.0252686
9.139746e-009	0.0185303
9.164746e-009	0.0283691
9.189746e-009	0.0193115
9.214746e-009	0.0211182
9.239746e-009	0.0276367
9.264746e-009	0.0120606
9.289746e-009	0.0140869
9.314746e-009	0.0193604
9.339746e-009	0.0207031
9.364746e-009	0.0259522
9.389746e-009	0.0134522
9.414746e-009	0.0162109
9.439746e-009	0.0331787
9.464746e-009	0.0307129
9.489746e-009	0.0207031
9.514746e-009	0.0125488
9.539746e-009	0.0143555
9.564746e-009	0.022583
9.589746e-009	0.0213379
9.614746e-009	0.0152588
9.639746e-009	0.00686036
9.664746e-009	0.00808106
9.689746e-009	0.0296387
9.714746e-009	0.0339844
9.739746e-009	0.0191895
9.764746e-009	0.0150879
9.789746e-009	0.00876466
9.814746e-009	0.0105713
9.839746e-009	0.0204346
9.864746e-009	0.0188965
9.889746e-009	0.0221191
9.914746e-009	0.0207031
9.939746e-009	0.0133057
9.964746e-009	0.0174316
9.989746e-009	0.0210693
1.001475e-008	0.0229981
1.003975e-008	0.016626
1.006475e-008	0.0145752
1.008975e-008	0.0278076
1.011475e-008	0.0216309
1.013975e-008	0.0144043
1.016475e-008	0.01521
1.018975e-008	0.0165527
1.021475e-008	0.0357666
1.023975e-008	0.034375
1.026475e-008	0.0213135
1.028975e-008	0.0195801
1.031475e-008	0.0150147
1.033975e-008	0.0221436
1.036475e-008	0.0217041
1.038975e-008	0.0155029
1.041475e-008	0.0163086
1.043975e-008	0.0190918
1.046475e-008	0.033252
1.048975e-008	0.0247803
1.051475e-008	0.00842286
1.053975e-008	0.0196777
1.056475e-008	0.0212158
1.058975e-008	0.0129395
1.061475e-008	0.0133789
1.063975e-008	0.0181152
1.066475e-008	0.0317871
1.068975e-008	0.0326416
1.071475e-008	0.0112061
1.073975e-008	0.00756837
1.076475e-008	0.0185791
1.078975e-008	0.0177734
1.081475e-008	0.0226318
1.083975e-008	0.0253906
1.086475e-008	0.0152832
1.088975e-008	0.0196045
1.091475e-008	0.0322022
1.093975e-008	0.0272949
1.096475e-008	0.00991212
1.098975e-008	0.000878914
1.101475e-008	0.0148926
1.103975e-008	0.0324219
1.106475e-008	0.034375
1.108975e-008	0.0310303
1.111475e-008	0.0164551
1.113975e-008	0.00375977
1.116475e-008	0.0164063
1.118975e-008	0.025708
1.121475e-008	0.0193604
1.123975e-008	0.0199951
1.126475e-008	0.0230957
1.128975e-008	0.0188721
1.131475e-008	0.014502
1.133975e-008	0.0128418
1.136475e-008	0.0197266
1.138975e-008	0.0291016
1.141475e-008	0.0237793
1.143975e-008	0.0206055
1.146475e-008	0.0303955
1.148975e-008	0.0300049
1.151475e-008	0.0238281
1.153975e-008	0.0249512
1.156475e-008	0.0234863
1.158975e-008	0.0168701
1.161475e-008	0.0127197
1.163975e-008	0.0190186
1.166475e-008	0.020752
1.168975e-008	0.0130859
1.171475e-008	0.00766602
1.173975e-008	0.00407716
1.176475e-008	0.0181397
1.178975e-008	0.0279541
1.181475e-008	0.0217285
1.183975e-008	0.0288818
1.186475e-008	0.028125
1.188975e-008	0.0126465
1.191475e-008	-0.000366203
1.193975e-008	0.00334473
1.196475e-008	0.022876
1.198975e-008	0.0195313
1.201475e-008	0.00905762
1.203975e-008	0.00939942
1.206475e-008	0.0083252
1.208975e-008	0.019458
1.211475e-008	0.0156982
1.213975e-008	0.00495606
1.216475e-008	0.018042
1.218975e-008	0.0166504
1.221475e-008	0.0206299
1.223975e-008	0.0331299
1.226475e-008	0.0198731
1.228975e-008	0.0253662
1.231475e-008	0.026001
1.233975e-008	0.00610352
1.236475e-008	0.0195068
1.238975e-008	0.0274658
1.241475e-008	0.0171875
1.243975e-008	0.0182617
1.246475e-008	0.0163086
1.248975e-008	0.0242676
1.251475e-008	0.0340332
1.253975e-008	0.0250733
1.256475e-008	0.0249512
1.258975e-008	0.0247559
1.261475e-008	0.019751
1.263975e-008	0.0275635
1.266475e-008	0.0208252
1.268975e-008	0.0126953
1.271475e-008	0.021875
1.273975e-008	0.0230469
1.276475e-008	0.0181152
1.278975e-008	0.0156006
1.281475e-008	0.0252686
1.283975e-008	0.031665
1.286475e-008	0.0129639
1.288975e-008	0.00236817
1.291475e-008	0.00629884
1.293975e-008	0.00495606
1.296475e-008	0.0110596
1.298975e-008	0.0242188
1.301475e-008	0.0260742
1.303975e-008	0.0154541
1.306475e-008	0.0129395
1.308975e-008	0.0234619
1.311475e-008	0.0238525
1.313975e-008	0.0199707
1.316475e-008	0.024292
1.318975e-008	0.0281006
1.321475e-008	0.0213867
1.323975e-008	0.00895997
1.326475e-008	0.0158691
1.328975e-008	0.021167
1.331475e-008	0.0131104
1.333975e-008	0.0242432
1.336475e-008	0.0260254
1.338975e-008	0.0158447
1.341475e-008	0.0263428
1.343975e-008	0.0236084
1.346475e-008	0.011792
1.348975e-008	0.0177979
1.351475e-008	0.0179688
1.353975e-008	0.0194824
1.356475e-008	0.0252441
1.358975e-008	0.0193115
1.361475e-008	0.0162842
1.363975e-008	0.0172852
1.366475e-008	0.026294
1.368975e-008	0.0326172
1.371475e-008	0.0136231
1.373975e-008	0.011377
1.376475e-008	0.0282715
1.378975e-008	0.0164551
1.381475e-008	0.0135254
1.383975e-008	0.0290772
1.386475e-008	0.0189453
1.388975e-008	0.0178711
1.391475e-008	0.0275147
1.393975e-008	0.0178223
1.396475e-008	0.01604
1.398975e-008	0.0199463
1.401475e-008	0.0194824
1.403975e-008	0.0112549
1.406475e-008	0.00642091
1.408975e-008	0.0177734
1.411475e-008	0.0124024
1.413975e-008	0.0117432
1.416475e-008	0.0161133
1.418975e-008	-0.000805657
1.421475e-008	0.00881348
1.423975e-008	0.0241211
1.426475e-008	0.0205811
1.428975e-008	0.0195801
1.431475e-008	0.00356446
1.433975e-008	0.00339356
1.436475e-008	0.021875
1.438975e-008	0.0229736
1.441475e-008	0.0167725
1.443975e-008	0.0134766
1.446475e-008	0.0249268
1.448975e-008	0.029834
1.451475e-008	0.0232666
1.453975e-008	0.0213379
1.456475e-008	0.0114746
1.458975e-008	0.0181641
1.461475e-008	0.0310303
1.463975e-008	0.0238037
1.466475e-008	0.0193848
1.468975e-008	0.0188965
1.471475e-008	0.00986329
1.473975e-008	0.00388184
1.476475e-008	0.0205322
1.478975e-008	0.0425049
1.481475e-008	0.0481934
1.483975e-008	0.0302002
1.486475e-008	0.0101074
1.488975e-008	0.0181641
1.491475e-008	0.024292
1.493975e-008	0.0266846
1.496475e-008	0.0296631
1.498975e-008	0.0188477
1.501475e-008	0.022168
1.503975e-008	0.023584
1.506475e-008	0.0208496
1.508975e-008	0.0293945
1.511475e-008	0.0128662
1.513975e-008	0.00126954
1.516475e-008	0.0208252
1.518975e-008	0.0244629
1.521475e-008	0.017749
1.523975e-008	0.0206299
1.526475e-008	0.026294
1.528975e-008	0.0342041
1.531475e-008	0.0183106
1.533975e-008	-0.00205077
1.536475e-008	0.00847169
1.538975e-008	0.0184815
1.541475e-008	0.0214356
1.543975e-008	0.0172363
1.546475e-008	0.0172119
1.548975e-008	0.0335205
1.551475e-008	0.0244385
1.553975e-008	0.0121094
1.556475e-008	0.0190918
1.558975e-008	0.020752
1.561475e-008	0.0232666
1.563975e-008	0.0205322
1.566475e-008	0.0182373
1.568975e-008	0.0150879
1.571475e-008	0.00339356
1.573975e-008	0.0162354
1.576475e-008	0.0318115
1.578975e-008	0.0183838
1.581475e-008	0.0119385
1.583975e-008	0.0105225
1.586475e-008	0.0137451
1.588975e-008	0.0295899
1.591475e-008	0.0212647
1.593975e-008	0.0157471
1.596475e-008	0.0177002
1.598975e-008	0.00961915
1.601475e-008	0.0222412
1.603975e-008	0.0259033
1.606475e-008	0.0237061
1.608975e-008	0.0338135
1.611475e-008	0.0287109
1.613975e-008	0.0241455
1.616475e-008	0.0196289
1.618975e-008	0.0117188
1.621475e-008	0.0187256
1.623975e-008	0.0238037
1.626475e-008	0.0214844
1.628975e-008	0.0226318
1.631475e-008	0.0182373
1.633975e-008	0.014917
1.636475e-008	0.0192627
1.638975e-008	0.0179932
1.641475e-008	0.0178955
1.643975e-008	0.026416
1.646475e-008	0.0213379
1.648975e-008	0.011377
1.651475e-008	0.0225098
1.653975e-008	0.0236816
1.656475e-008	0.0200928
1.658975e-008	0.028125
1.661475e-008	0.0119385
1.663975e-008	0.00349122
1.666475e-008	0.018457
1.668975e-008	0.0194824
1.671475e-008	0.0190918
1.673975e-008	0.0212891
1.676475e-008	0.0141357
1.678975e-008	0.0117676
1.681475e-008	0.0226074
1.683975e-008	0.023291
1.686475e-008	0.0141846
1.688975e-008	0.0139404
1.691475e-008	0.0129639
1.693975e-008	0.016333
1.696475e-008	0.0175781
1.698975e-008	0.0116699
1.701475e-008	0.0197998
1.703975e-008	0.032251
1.706475e-008	0.0358643
1.708975e-008	0.0281006
1.711475e-008	0.0135498
1.713975e-008	0.0113037
1.716475e-008	0.00954591
1.718975e-008	0.0058838
1.721475e-008	0.0225342
1.723975e-008	0.0300781
1.726475e-008	0.0259766
1.728975e-008	0.0306885
1.731475e-008	0.0152344
1.733975e-008	0.00979005
1.736475e-008	0.0246826
1.738975e-008	0.0221924
1.741475e-008	0.0298096
1.743975e-008	0.0311524
1.746475e-008	0.0145752
1.748975e-008	0.0229004
1.751475e-008	0.0306152
1.753975e-008	0.0229004
1.756475e-008	0.0220459
1.758975e-008	0.0221436
1.761475e-008	0.0203857
1.763975e-008	0.0176514
1.766475e-008	0.0205078
1.768975e-008	0.0238037
1.771475e-008	0.0179443
1.773975e-008	0.0178467
1.776475e-008	0.0153565
1.778975e-008	0.0106201
1.781475e-008	0.0172363
1.783975e-008	0.0195801
1.786475e-008	0.0185059
1.788975e-008	0.0157715
1.791475e-008	0.0125244
1.793975e-008	0.0180176
1.796475e-008	0.0236084
1.798975e-008	0.0240479
1.801475e-008	0.0220215
1.803975e-008	0.0296631
1.806475e-008	0.0364014
1.808975e-008	0.0214844
1.811475e-008	0.00991212
1.813975e-008	0.0175049
1.816475e-008	0.0253662
1.818975e-008	0.0276856
1.821475e-008	0.0271484
1.823975e-008	0.020752
1.826475e-008	0.026416
1.828975e-008	0.0388916
1.831475e-008	0.0265137
1.833975e-008	0.0136963
1.836475e-008	0.0141113
1.838975e-008	0.0214111
1.841475e-008	0.0372315
1.843975e-008	0.0224365
1.846475e-008	0.0110352
1.848975e-008	0.0314941
1.851475e-008	0.0139649
1.853975e-008	-9.76488e-005
1.856475e-008	0.0243897
1.858975e-008	0.021582
1.861475e-008	0.00700684
1.863975e-008	0.0090088
1.866475e-008	0.0182861
1.868975e-008	0.0150147
1.871475e-008	-0.00344238
1.873975e-008	0.00668946
1.876475e-008	0.024585
1.878975e-008	0.0196045
1.881475e-008	0.0244141
1.883975e-008	0.0290039
1.886475e-008	0.0123047
1.888975e-008	0.0034668
1.891475e-008	0.0121338
1.893975e-008	0.0126953
1.896475e-008	0.00375977
1.898975e-008	0.0104981
1.901475e-008	0.0232666
1.903975e-008	0.0202881
1.906475e-008	0.0271484
1.908975e-008	0.0345215
1.911475e-008	0.0193359
1.913975e-008	0.0197754
1.916475e-008	0.030127
1.918975e-008	0.0270264
1.921475e-008	0.0270508
1.923975e-008	0.0277588
1.926475e-008	0.022583
1.928975e-008	0.0170899
1.931475e-008	0.0174072
1.933975e-008	0.0177246
1.936475e-008	0.0156982
1.938975e-008	0.020874
1.941475e-008	0.0229248
1.943975e-008	0.0203125
1.946475e-008	0.0257324
1.948975e-008	0.0327393
1.951475e-008	0.0293945
1.953975e-008	0.0230225
1.956475e-008	0.026001
1.958975e-008	0.0254395
1.961475e-008	0.0163574
1.963975e-008	0.011084
1.966475e-008	0.0191406
1.968975e-008	0.0273193
1.971475e-008	0.0138184
1.973975e-008	0.0203857
1.976475e-008	0.0378906
1.978975e-008	0.0166748
1.981475e-008	0.00927735
1.983975e-008	0.018457
1.986475e-008	0.0201904
1.988975e-008	0.0298584
1.991475e-008	0.0098877
1.993975e-008	-0.00141601
1.996475e-008	0.0208984
1.998975e-008	0.021875
2.001475e-008	0.0219482
2.003975e-008	0.0153809
2.006475e-008	0.0105225
2.008975e-008	0.0283936
2.011475e-008	0.0274414
2.013975e-008	0.0285156
2.016475e-008	0.0258545
2.018975e-008	0.0204346
2.021475e-008	0.0390137
2.023975e-008	0.0239746
2.026475e-008	0.00820313
2.028975e-008	0.026416
2.031475e-008	0.0131836
2.033975e-008	0.00329591
2.036475e-008	0.0149658
2.038975e-008	0.0076172
2.041475e-008	0.0162842
2.043975e-008	0.0249756
2.046475e-008	0.0178711
2.048975e-008	0.0213135
2.051475e-008	0.0106934
2.053975e-008	0.0131104
2.056475e-008	0.0269287
2.058975e-008	0.0184815
2.061475e-008	0.0243164
2.063975e-008	0.0299561
2.066475e-008	0.0279541
2.068975e-008	0.0256836
2.071475e-008	0.00898438
2.073975e-008	0.0215576
2.076475e-008	0.0270752
2.078975e-008	0.00214844
2.081475e-008	0.0123291
2.083975e-008	0.0142822
2.086475e-008	0.011377
2.088975e-008	0.0256836
2.091475e-008	0.0102295
2.093975e-008	0.0109619
2.096475e-008	0.0299316
2.098975e-008	0.0301514
2.101475e-008	0.0239258
2.103975e-008	0.0161865
2.106475e-008	0.0182861
2.108975e-008	0.0234131
2.111475e-008	0.0181885
2.113975e-008	0.00495606
2.116475e-008	0.00583497
2.118975e-008	0.0217285
2.121475e-008	0.0322998
2.123975e-008	0.0277832
2.126475e-008	0.0159668
2.128975e-008	0.0280762
2.131475e-008	0.0336914
2.133975e-008	0.02229
2.136475e-008	0.0278565
2.138975e-008	0.0279541
2.141475e-008	0.0209229
2.143975e-008	0.0192871
2.146475e-008	0.0148438
2.148975e-008	0.00417481
2.151475e-008	0.00244141
2.153975e-008	0.0208984
2.156475e-008	0.029541
2.158975e-008	0.0197754
2.161475e-008	0.0211426
2.163975e-008	0.0254639
2.166475e-008	0.0157227
2.168975e-008	0.017041
2.171475e-008	0.0171875
2.173975e-008	0.00908204
2.176475e-008	0.0177246
2.178975e-008	0.0162598
2.181475e-008	0.011499
2.183975e-008	0.0196533
2.186475e-008	0.0162598
2.188975e-008	0.013794
2.191475e-008	0.01521
2.193975e-008	0.018457
2.196475e-008	0.0291016
2.198975e-008	0.0208008
2.201475e-008	0.0109131
2.203975e-008	0.0142822
2.206475e-008	0.0175781
2.208975e-008	0.0296875
2.211475e-008	0.0160156
2.213975e-008	0.000341804
2.216475e-008	0.0172607
2.218975e-008	0.0179932
2.221475e-008	0.0188721
2.223975e-008	0.0083252
2.226475e-008	-0.00258788
2.228975e-008	0.0230225
2.231475e-008	0.0189453
2.233975e-008	0.0126953
2.236475e-008	0.0207764
2.238975e-008	0.0117432
2.241475e-008	0.0213623
2.243975e-008	0.0164551
2.246475e-008	0.00327149
2.248975e-008	0.0153565
2.251475e-008	0.0098877
2.253975e-008	0.00412598
2.256475e-008	0.023169
2.258975e-008	0.0252197
2.261475e-008	0.0155762
2.263975e-008	0.0176025
2.266475e-008	0.010083
2.268975e-008	0.00388184
2.271475e-008	0.00305177
2.273975e-008	0.0110107
2.276475e-008	0.0348877
2.278975e-008	0.0273438
2.281475e-008	0.0106934
2.283975e-008	0.0229981
2.286475e-008	0.0337891
2.288975e-008	0.0326172
2.291475e-008	0.0218018
2.293975e-008	0.0201172
2.296475e-008	0.0274658
2.298975e-008	0.0206299
2.301475e-008	0.0138672
2.303975e-008	0.0124756
2.306475e-008	0.0151856
2.308975e-008	0.0226563
2.311475e-008	0.0191406
2.313975e-008	0.0196045
2.316475e-008	0.0281006
2.318975e-008	0.0207764
2.321475e-008	0.0205322
2.323975e-008	0.024707
2.326475e-008	0.0222412
2.328975e-008	0.0290283
2.331475e-008	0.00983887
2.333975e-008	-0.000976555
2.336475e-008	0.0185059
2.338975e-008	0.0137207
2.341475e-008	0.0221191
2.343975e-008	0.0328613
2.346475e-008	0.0240967
2.348975e-008	0.0330078
2.351475e-008	0.0283691
2.353975e-008	0.0173584
2.356475e-008	0.0151611
2.358975e-008	0.0108154
2.361475e-008	0.0161377
2.363975e-008	0.0170654
2.366475e-008	0.0252441
2.368975e-008	0.0275147
2.371475e-008	0.00791016
2.373975e-008	0.0174072
2.376475e-008	0.0322022
2.378975e-008	0.023877
2.381475e-008	0.0231445
2.383975e-008	0.0186035
2.386475e-008	0.0220703
2.388975e-008	0.0310547
2.391475e-008	0.0193848
2.393975e-008	0.0159424
2.396475e-008	0.0173096
2.398975e-008	0.013916
2.401475e-008	0.0249268
2.403975e-008	0.0325195
2.406475e-008	0.028125
2.408975e-008	0.0266846
2.411475e-008	0.0197022
2.413975e-008	0.0112549
2.416475e-008	0.00874024
2.418975e-008	0.00585938
2.421475e-008	0.0219971
2.423975e-008	0.0296143
2.426475e-008	0.0098877
2.428975e-008	0.00754395
2.431475e-008	0.00954591
2.433975e-008	0.0116211
2.436475e-008	0.0180908
2.438975e-008	0.0101074
2.441475e-008	0.0184326
2.443975e-008	0.0272461
2.446475e-008	0.0201416
2.448975e-008	0.0208008
2.451475e-008	0.0131592
2.453975e-008	0.0141846
2.456475e-008	0.0272949
2.458975e-008	0.0256348
2.461475e-008	0.0154785
2.463975e-008	0.0112305
2.466475e-008	0.0261963
2.468975e-008	0.022583
2.471475e-008	0.00512696
2.473975e-008	0.0176514
2.476475e-008	0.0246338
2.478975e-008	0.0150391
2.481475e-008	0.0141846
2.483975e-008	0.0212647
2.486475e-008	0.0214356
2.488975e-008	0.0189453
2.491475e-008	0.0145996
2.493975e-008	-0.00231933
2.496475e-008	-0.00402831
2.498975e-008	0.00976563
2.501475e-008	0.0148438
2.503975e-008	0.0159424
2.506475e-008	0.0263916
2.508975e-008	0.0204102
2.511475e-008	-0.0136475
2.513975e-008	-0.00478515
2.516475e-008	0.0250244
2.518975e-008	0.0191406
2.521475e-008	0.0134522
2.523975e-008	0.00720216
2.526475e-008	0.00913087
2.528975e-008	0.0265869
2.531475e-008	0.0238281
2.533975e-008	0.0231445
2.536475e-008	0.034668
2.538975e-008	0.0236084
2.541475e-008	0.0166748
2.543975e-008	0.0260742
2.546475e-008	0.0162842
2.548975e-008	0.0116943
2.551475e-008	0.0136475
2.553975e-008	0.00166016
2.556475e-008	0.0107422
2.558975e-008	0.0345703
2.561475e-008	0.033667
2.563975e-008	0.0118408
2.566475e-008	0.012915
2.568975e-008	0.0333496
2.571475e-008	0.0285889
2.573975e-008	0.0200195
2.576475e-008	0.0171875
2.578975e-008	0.00954591
2.581475e-008	0.0121826
2.583975e-008	0.0153076
2.586475e-008	0.0172363
2.588975e-008	0.0198242
2.591475e-008	0.0213379
2.593975e-008	0.0149902
2.596475e-008	0.00981446
2.598975e-008	0.0263672
2.601475e-008	0.0287842
2.603975e-008	0.0201904
2.606475e-008	0.0247803
2.608975e-008	0.0256104
2.611475e-008	0.0260498
2.613975e-008	0.0287598
2.616475e-008	0.0332764
2.618975e-008	0.0224609
2.621475e-008	0.0113525
2.623975e-008	0.0220459
2.626475e-008	0.0242432
2.628975e-008	0.0182617
2.631475e-008	0.00559083
2.633975e-008	0.00981446
2.636475e-008	0.0294678
2.638975e-008	0.0211426
2.641475e-008	0.0193848
2.643975e-008	0.024292
2.646475e-008	0.0279297
2.648975e-008	0.0371338
2.651475e-008	0.0199219
2.653975e-008	0.0146973
2.656475e-008	0.029541
2.658975e-008	0.0206299
2.661475e-008	0.00527345
2.663975e-008	0.00944825
2.666475e-008	0.0141846
2.668975e-008	0.00720216
2.671475e-008	0.0165039
2.673975e-008	0.0288086
2.676475e-008	0.0224365
2.678975e-008	0.0165283
2.681475e-008	0.0212647
2.683975e-008	0.0215332
2.686475e-008	0.017627
2.688975e-008	0.0239502
2.691475e-008	0.0161621
2.693975e-008	0.0102539
2.696475e-008	0.015332
2.698975e-008	0.0138428
2.701475e-008	0.0303955
2.703975e-008	0.0324707
2.706475e-008	0.0249756
2.708975e-008	0.0319092
2.711475e-008	0.0156494
2.713975e-008	0.00356446
2.716475e-008	0.0129639
2.718975e-008	0.0172363
2.721475e-008	0.0137451
2.723975e-008	0.0188965
2.726475e-008	0.0283936
2.728975e-008	0.0240234
2.731475e-008	0.0263428
2.733975e-008	0.0230957
2.736475e-008	0.0060547
2.738975e-008	0.013208
2.741475e-008	0.0315918
2.743975e-008	0.0306641
2.746475e-008	0.0195557
2.748975e-008	0.01604
2.751475e-008	0.01604
2.753975e-008	0.0210205
2.756475e-008	0.0240723
2.758975e-008	0.0106201
2.761475e-008	0.0084961
2.763975e-008	0.0150635
2.766475e-008	0.0132568
2.768975e-008	0.0151367
2.771475e-008	0.0157227
2.773975e-008	0.014502
2.776475e-008	0.0111084
2.778975e-008	0.0123291
2.781475e-008	0.0197022
2.783975e-008	0.0226074
2.786475e-008	0.0295654
2.788975e-008	0.0273682
2.791475e-008	0.0165772
2.793975e-008	0.0218994
2.796475e-008	0.0216065
2.798975e-008	0.0119385
2.801475e-008	0.0232178
2.803975e-008	0.0311768
2.806475e-008	0.0192383
2.808975e-008	0.0134033
2.811475e-008	0.0112549
2.813975e-008	0.018335
2.816475e-008	0.0266602
2.818975e-008	0.014917
2.821475e-008	0.0185547
2.823975e-008	0.0291992
2.826475e-008	0.0191406
2.828975e-008	0.0204102
2.831475e-008	0.0246582
2.833975e-008	0.0207275
2.836475e-008	0.0159668
2.838975e-008	0.0058838
2.841475e-008	0.0198731
2.843975e-008	0.0400635
2.846475e-008	0.0299316
2.848975e-008	0.0184082
2.851475e-008	0.0226563
2.853975e-008	0.0261963
2.856475e-008	0.0191406
2.858975e-008	0.0171631
2.861475e-008	0.0208496
2.863975e-008	0.0182861
2.866475e-008	0.0296875
2.868975e-008	0.0359375
2.871475e-008	0.0136963
2.873975e-008	0.0182861
2.876475e-008	0.0368897
2.878975e-008	0.0209961
2.881475e-008	0.0137695
2.883975e-008	0.0184326
2.886475e-008	0.022168
2.888975e-008	0.0254883
2.891475e-008	0.0164551
2.893975e-008	0.0229248
2.896475e-008	0.0240479
2.898975e-008	0.0179443
2.901475e-008	0.031958
2.903975e-008	0.0286621
2.906475e-008	0.0248047
2.908975e-008	0.0298828
2.911475e-008	0.0110107
2.913975e-008	0.00827637
2.916475e-008	0.0198242
2.918975e-008	0.00905762
2.921475e-008	0.0139404
2.923975e-008	0.0176025
2.926475e-008	0.0067627
2.928975e-008	0.0174805
2.931475e-008	0.00822755
2.933975e-008	0.00844727
2.936475e-008	0.0336426
2.938975e-008	0.0188232
2.941475e-008	0.0142578
2.943975e-008	0.0248779
2.946475e-008	0.0136963
2.948975e-008	0.0101318
2.951475e-008	0.0140137
2.953975e-008	0.0230225
2.956475e-008	0.0289795
2.958975e-008	0.0247315
2.961475e-008	0.0191162
2.963975e-008	0.0200684
2.966475e-008	0.0286621
2.968975e-008	0.0257813
2.971475e-008	0.0198242
2.973975e-008	0.0200684
2.976475e-008	0.0160645
2.978975e-008	0.0154297
2.981475e-008	0.023999
2.983975e-008	0.0323486
2.986475e-008	0.0335449
2.988975e-008	0.0257324
2.991475e-008	0.0136231
2.993975e-008	0.0144287
2.996475e-008	0.0232178
2.998975e-008	0.0203125
3.001475e-008	0.0131104
3.003975e-008	0.0108643
3.006475e-008	0.0155274
3.008975e-008	0.0220947
3.011475e-008	0.0231445
3.013975e-008	0.0261231
3.016475e-008	0.0257813
3.018975e-008	0.0177246
3.021475e-008	0.0166504
3.023975e-008	0.0249268
3.026475e-008	0.0339844
3.028975e-008	0.0276611
3.031475e-008	0.00468751
3.033975e-008	0.00698243
3.036475e-008	0.0280762
3.038975e-008	0.0192871
3.041475e-008	0.0090088
3.043975e-008	0.0189941
3.046475e-008	0.0218506
3.048975e-008	0.0157715
3.051475e-008	0.0162109
3.053975e-008	0.0268066
3.056475e-008	0.0258057
3.058975e-008	0.0133789
3.061475e-008	0.0170899
3.063975e-008	0.0266113
3.066475e-008	0.0212158
3.068975e-008	0.0164795
3.071475e-008	0.0158936
3.073975e-008	0.0198486
3.076475e-008	0.0407959
3.078975e-008	0.0364014
3.081475e-008	0.0163818
3.083975e-008	0.0217041
3.086475e-008	0.0140381
3.088975e-008	0.0112305
3.091475e-008	0.0280029
3.093975e-008	0.0307373
3.096475e-008	0.0333984
3.098975e-008	0.0346191
3.101475e-008	0.026416
3.103975e-008	0.0180176
3.106475e-008	0.0240967
3.108975e-008	0.0266358
3.111475e-008	0.0101074
3.113975e-008	0.0145508
3.116475e-008	0.0187256
3.118975e-008	0.0150147
3.121475e-008	0.0315186
3.123975e-008	0.0310791
3.126475e-008	0.0233154
3.128975e-008	0.0167236
3.131475e-008	0.000756843
3.133975e-008	0.0156494
3.136475e-008	0.0316895
3.138975e-008	0.0197754
3.141475e-008	0.0165527
3.143975e-008	0.0128906
3.146475e-008	0.0171387
3.148975e-008	0.0348877
3.151475e-008	0.0261963
3.153975e-008	0.0175293
3.156475e-008	0.0270996
3.158975e-008	0.0236328
3.161475e-008	0.0172119
3.163975e-008	0.020459
3.166475e-008	0.0253662
3.168975e-008	0.0311035
3.171475e-008	0.0273682
3.173975e-008	0.0147705
3.176475e-008	0.0170166
3.178975e-008	0.0245117
3.181475e-008	0.021582
3.183975e-008	0.0138916
3.186475e-008	0.0166504
3.188975e-008	0.0350586
3.191475e-008	0.0308594
3.193975e-008	0.0145996
3.196475e-008	0.0171631
3.198975e-008	0.015918
3.201475e-008	0.020459
3.203975e-008	0.0258301
3.206475e-008	0.0140381
3.208975e-008	0.012207
3.211475e-008	0.0207031
3.213975e-008	0.0270752
3.216475e-008	0.0258789
3.218975e-008	0.0175049
3.221475e-008	0.0239258
3.223975e-008	0.0251465
3.226475e-008	0.0196045
3.228975e-008	0.0317627
3.231475e-008	0.0250488
3.233975e-008	0.0120117
3.236475e-008	0.018042
3.238975e-008	0.0166016
3.241475e-008	0.0200195
3.243975e-008	0.023877
3.246475e-008	0.020752
3.248975e-008	0.0260986
3.251475e-008	0.0245606
3.253975e-008	0.0188721
3.256475e-008	0.0154541
3.258975e-008	0.00844727
3.261475e-008	0.0110352
3.263975e-008	0.014624
3.266475e-008	0.0131348
3.268975e-008	0.0186279
3.271475e-008	0.0154785
3.273975e-008	0.0120606
3.276475e-008	0.0207275
3.278975e-008	0.0151123
3.281475e-008	0.00891114
3.283975e-008	0.00812989
3.286475e-008	0.00322266
3.288975e-008	0.0130371
3.291475e-008	0.0199219
3.293975e-008	0.0115479
3.296475e-008	0.00983887
3.298975e-008	0.0188477
3.301475e-008	0.019751
3.303975e-008	0.0142578
3.306475e-008	0.020459
3.308975e-008	0.0225586
3.311475e-008	0.0150635
3.313975e-008	0.0112793
3.316475e-008	0.0136475
3.318975e-008	0.0160889
3.321475e-008	0.0142822
3.323975e-008	0.0187988
3.326475e-008	0.0212891
3.328975e-008	0.0192139
3.331475e-008	0.0165283
3.333975e-008	0.0135742
3.336475e-008	0.0205566
3.338975e-008	0.0150147
3.341475e-008	0.00327149
3.343975e-008	0.0127441
3.346475e-008	0.0209229
3.348975e-008	0.0161133
3.351475e-008	0.0130127
3.353975e-008	0.0222656
3.356475e-008	0.0270508
3.358975e-008	0.0156494
3.361475e-008	0.0214111
3.363975e-008	0.030957
3.366475e-008	0.0179932
3.368975e-008	0.0235107
3.371475e-008	0.0335938
3.373975e-008	0.0191406
3.376475e-008	0.0151611
3.378975e-008	0.0226074
3.381475e-008	0.0256348
3.383975e-008	0.0234131
3.386475e-008	0.0256348
3.388975e-008	0.029541
3.391475e-008	0.0167969
3.393975e-008	0.0175781
3.396475e-008	0.0300537
3.398975e-008	0.0192627
3.401475e-008	0.0155762
3.403975e-008	0.0240967
3.406475e-008	0.0107422
3.408975e-008	0.00278321
3.411475e-008	0.0201172
3.413975e-008	0.032666
3.416475e-008	0.0379883
3.418975e-008	0.0303711
3.421475e-008	0.0117188
3.423975e-008	0.0138672
3.426475e-008	0.0276123
3.428975e-008	0.0272217
3.431475e-008	0.0149658
3.433975e-008	0.00922852
3.436475e-008	0.0152832
3.438975e-008	0.0185303
3.441475e-008	0.0149658
3.443975e-008	0.0171631
3.446475e-008	0.0239746
3.448975e-008	0.016333
3.451475e-008	0.0127197
3.453975e-008	0.0209717
3.456475e-008	0.0153076
3.458975e-008	0.0118897
3.461475e-008	0.0202881
3.463975e-008	0.0192871
3.466475e-008	0.014624
3.468975e-008	0.0176025
3.471475e-008	0.0150391
3.473975e-008	0.0195801
3.476475e-008	0.0309326
3.478975e-008	0.0210693
3.481475e-008	0.023999
3.483975e-008	0.0286133
3.486475e-008	0.0130127
3.488975e-008	0.0169434
3.491475e-008	0.0132568
3.493975e-008	0.00834962
3.496475e-008	0.0191162
3.498975e-008	0.0171143
3.501475e-008	0.0252441
3.503975e-008	0.0273926
3.506475e-008	0.0201416
3.508975e-008	0.0289063
3.511475e-008	0.0280029
3.513975e-008	0.0172363
3.516475e-008	0.0044922
3.518975e-008	0.00739747
3.521475e-008	0.0241943
3.523975e-008	0.0131836
3.526475e-008	0.00427247
3.528975e-008	0.0196533
3.531475e-008	0.0324707
3.533975e-008	0.0386963
3.536475e-008	0.0261231
3.538975e-008	0.0114258
3.541475e-008	0.0156006
3.543975e-008	0.0180176
3.546475e-008	0.0230469
3.548975e-008	0.0261475
3.551475e-008	0.0136963
3.553975e-008	0.00769044
3.556475e-008	0.00483399
3.558975e-008	0.000537117
3.561475e-008	0.0208984
3.563975e-008	0.0404297
3.566475e-008	0.0353027
3.568975e-008	0.030249
3.571475e-008	0.0173828
3.573975e-008	0.0101563
3.576475e-008	0.0245117
3.578975e-008	0.0182617
3.581475e-008	0.012085
3.583975e-008	0.0253174
3.586475e-008	0.027417
3.588975e-008	0.0281006
3.591475e-008	0.0174316
3.593975e-008	0.00712891
3.596475e-008	0.021582
3.598975e-008	0.0230225
3.601475e-008	0.0154053
3.603975e-008	0.00778809
3.606475e-008	-0.00356445
3.608975e-008	0.0043213
3.611475e-008	0.0165527
3.613975e-008	0.0299316
3.616475e-008	0.0378662
3.618975e-008	0.025415
3.621475e-008	0.0249512
3.623975e-008	0.0296631
3.626475e-008	0.0319824
3.628975e-008	0.0328369
3.631475e-008	0.0116943
3.633975e-008	0.0060547
3.636475e-008	0.020044
3.638975e-008	0.0249512
3.641475e-008	0.0292969
3.643975e-008	0.023291
3.646475e-008	0.0199463
3.648975e-008	0.0244385
3.651475e-008	0.0119141
3.653975e-008	0.00974122
3.656475e-008	0.0261963
3.658975e-008	0.0253418
3.661475e-008	0.0171875
3.663975e-008	0.0188965
3.666475e-008	0.0196045
3.668975e-008	0.0119629
3.671475e-008	0.00175782
3.673975e-008	0.00715333
3.676475e-008	0.0171143
3.678975e-008	0.0202149
3.681475e-008	0.0324219
3.683975e-008	0.0362061
3.686475e-008	0.0250977
3.688975e-008	0.019751
3.691475e-008	0.012793
3.693975e-008	0.0117432
3.696475e-008	0.0257324
3.698975e-008	0.0299072
3.701475e-008	0.0219238
3.703975e-008	0.0171387
3.706475e-008	0.0201416
3.708975e-008	0.0248291
3.711475e-008	0.0198242
3.713975e-008	0.0165039
3.716475e-008	0.0262451
3.718975e-008	0.0258789
3.721475e-008	0.00903321
3.723975e-008	0.0141846
3.726475e-008	0.0369385
3.728975e-008	0.0382324
3.731475e-008	0.0253662
3.733975e-008	0.0247315
3.736475e-008	0.0305664
3.738975e-008	0.0279785
3.741475e-008	0.0253906
3.743975e-008	0.019751
3.746475e-008	0.0214356
3.748975e-008	0.020752
3.751475e-008	0.00622559
3.753975e-008	0.0231445
3.756475e-008	0.0317627
3.758975e-008	0.0170899
3.761475e-008	0.0294434
3.763975e-008	0.0330078
3.766475e-008	0.0294678
3.768975e-008	0.0306397
3.771475e-008	0.0173584
3.773975e-008	0.0118408
3.776475e-008	0.0184326
3.778975e-008	0.0263916
3.781475e-008	0.0236816
3.783975e-008	0.015332
3.786475e-008	0.0243897
3.788975e-008	0.0263916
3.791475e-008	0.0116699
3.793975e-008	0.0128906
3.796475e-008	0.0223633
3.798975e-008	0.0240479
3.801475e-008	0.0147705
3.803975e-008	-0.00268554
3.806475e-008	0.00234376
3.808975e-008	0.027002
3.811475e-008	0.0239502
3.813975e-008	0.00661622
3.816475e-008	0.0231201
3.818975e-008	0.0301025
3.821475e-008	0.0123779
3.823975e-008	0.0207031
3.826475e-008	0.0335938
3.828975e-008	0.0359131
3.831475e-008	0.0270508
3.833975e-008	0.0150879
3.836475e-008	0.0205566
3.838975e-008	0.0184815
3.841475e-008	0.020752
3.843975e-008	0.0185303
3.846475e-008	0.00356446
3.848975e-008	0.0162354
3.851475e-008	0.0269531
3.853975e-008	0.0292725
3.856475e-008	0.0298828
3.858975e-008	0.0133545
3.861475e-008	0.010669
3.863975e-008	0.0180908
3.866475e-008	0.0235596
3.868975e-008	0.0232178
3.871475e-008	0.00434571
3.873975e-008	0.00678712
3.876475e-008	0.0356934
3.878975e-008	0.0325195
3.881475e-008	0.0128662
3.883975e-008	0.0166504
3.886475e-008	0.0220459
3.888975e-008	0.022583
3.891475e-008	0.0210693
3.893975e-008	0.019751
3.896475e-008	0.0297608
3.898975e-008	0.0302002
3.901475e-008	0.0190674
3.903975e-008	0.0197022
3.906475e-008	0.0273438
3.908975e-008	0.0260498
3.911475e-008	0.0108643
3.913975e-008	-0.000415032
3.916475e-008	0.0105713
3.918975e-008	0.0230957
3.921475e-008	0.0282471
3.923975e-008	0.0261719
3.926475e-008	0.0136231
3.928975e-008	0.0198242
3.931475e-008	0.0190918
3.933975e-008	0.00395509
3.936475e-008	0.0156738
3.938975e-008	0.0231445
3.941475e-008	0.0249268
3.943975e-008	0.0301514
3.946475e-008	0.0226807
3.948975e-008	0.0259277
3.951475e-008	0.0259277
3.953975e-008	0.0175049
3.956475e-008	0.0215576
3.958975e-008	0.0225586
3.961475e-008	0.0202637
3.963975e-008	0.0223389
3.966475e-008	0.0213135
3.968975e-008	0.0218994
3.971475e-008	0.025415
3.973975e-008	0.0214356
3.976475e-008	0.0235352
3.978975e-008	0.0327637
3.981475e-008	0.0244629
3.983975e-008	0.0194824
3.986475e-008	0.023877
3.988975e-008	0.0169434
3.991475e-008	0.0172363
3.993975e-008	0.0206055
3.996475e-008	0.0156006
3.998975e-008	0.0197266
4.001475e-008	0.0259522
4.003975e-008	0.0228272
4.006475e-008	0.0256592
4.008975e-008	0.0299805
4.011475e-008	0.0198731
4.013975e-008	0.0162354
4.016475e-008	0.0232422
4.018975e-008	0.0181885
4.021475e-008	0.0144531
4.023975e-008	0.0243164
4.026475e-008	0.0280518
4.028975e-008	0.0261231
4.031475e-008	0.0255127
4.033975e-008	0.0188477
4.036475e-008	0.0182617
4.038975e-008	0.0266113
4.041475e-008	0.0317871
4.043975e-008	0.0249024
4.046475e-008	0.0151367
4.048975e-008	0.020459
4.051475e-008	0.0193848
4.053975e-008	0.0148926
4.056475e-008	0.0266358
4.058975e-008	0.0250733
4.061475e-008	0.0152344
4.063975e-008	0.0198486
4.066475e-008	0.0275391
4.068975e-008	0.0281006
4.071475e-008	0.0168945
4.073975e-008	0.0144287
4.076475e-008	0.0236816
4.078975e-008	0.0202637
4.081475e-008	0.0102783
4.083975e-008	0.00634766
4.086475e-008	0.018335
4.088975e-008	0.026294
4.091475e-008	0.0154297
4.093975e-008	0.0227295
4.096475e-008	0.0303711
4.098975e-008	0.0188477
4.101475e-008	0.0222656
4.103975e-008	0.0206543
4.106475e-008	0.0137695
4.108975e-008	0.0299316
4.111475e-008	0.0256104
4.113975e-008	0.0150147
4.116475e-008	0.0306397
4.118975e-008	0.0259522
4.121475e-008	0.0241699
4.123975e-008	0.0259766
4.126475e-008	-0.00146484
4.128975e-008	-0.000854485
4.131475e-008	0.0229736
4.133975e-008	0.0294678
4.136475e-008	0.0220459
4.138975e-008	0.0124268
4.141475e-008	0.0163818
4.143975e-008	0.0157227
4.146475e-008	0.018335
4.148975e-008	0.0245361
4.151475e-008	0.00793458
4.153975e-008	0.00581055
4.156475e-008	0.023584
4.158975e-008	0.0228516
4.161475e-008	0.0149414
4.163975e-008	0.0148193
4.166475e-008	0.0159668
4.168975e-008	0.0105713
4.171475e-008	0.00644532
4.173975e-008	0.0187012
4.176475e-008	0.0182861
4.178975e-008	0.011377
4.181475e-008	0.025
4.183975e-008	0.016333
4.186475e-008	0.00725098
4.188975e-008	0.0151611
4.191475e-008	0.00168458
4.193975e-008	0.00895997
4.196475e-008	0.0315674
4.198975e-008	0.0270996
4.201475e-008	0.0200928
4.203975e-008	0.0196533
4.206475e-008	0.020874
4.208975e-008	0.0173584
4.211475e-008	0.00859376
4.213975e-008	0.0137207
4.216475e-008	0.0218994
4.218975e-008	0.0222168
4.221475e-008	0.0305664
4.223975e-008	0.0317871
4.226475e-008	0.0266358
4.228975e-008	0.0266602
4.231475e-008	0.0169434
4.233975e-008	0.0112061
4.236475e-008	0.0112061
4.238975e-008	0.0212647
4.241475e-008	0.0351074
4.243975e-008	0.0217529
4.246475e-008	0.0123779
4.248975e-008	0.0111572
4.251475e-008	0.00512696
4.253975e-008	0.0148926
4.256475e-008	0.0229248
4.258975e-008	0.0285889
4.261475e-008	0.0376709
4.263975e-008	0.0336182
4.266475e-008	0.0281738
4.268975e-008	0.0288574
4.271475e-008	0.0197022
4.273975e-008	0.0106201
4.276475e-008	0.0158936
4.278975e-008	0.0128906
4.281475e-008	0.0116943
4.283975e-008	0.0249756
4.286475e-008	0.0275147
4.288975e-008	0.0310059
4.291475e-008	0.0285156
4.293975e-008	0.0117432
4.296475e-008	0.0143311
4.298975e-008	0.026709
4.301475e-008	0.0274902
4.303975e-008	0.0240723
4.306475e-008	0.0220215
4.308975e-008	0.0146484
4.311475e-008	0.0124512
4.313975e-008	0.0170166
4.316475e-008	0.00979005
4.318975e-008	0.0137451
4.321475e-008	0.0166748
4.323975e-008	0.0106201
4.326475e-008	0.0226807
4.328975e-008	0.0229736
4.331475e-008	0.0204834
4.333975e-008	0.0220947
4.336475e-008	0.0160645
4.338975e-008	0.0243164
4.341475e-008	0.0219482
4.343975e-008	0.0115723
4.346475e-008	0.0191162
4.348975e-008	0.0199219
4.351475e-008	0.0058838
4.353975e-008	0.0128662
4.356475e-008	0.0350586
4.358975e-008	0.0279297
4.361475e-008	0.0169434
4.363975e-008	0.0205811
4.366475e-008	0.0179688
4.368975e-008	0.0148682
4.371475e-008	0.0140137
4.373975e-008	0.0212647
4.376475e-008	0.0318359
4.378975e-008	0.027417
4.381475e-008	0.0145264
4.383975e-008	0.010791
4.386475e-008	0.0217529
4.388975e-008	0.0261719
4.391475e-008	0.0131836
4.393975e-008	0.0153809
4.396475e-008	0.0292236
4.398975e-008	0.0203857
4.401475e-008	0.0128174
4.403975e-008	0.0224854
4.406475e-008	0.0238281
4.408975e-008	0.0182617
4.411475e-008	0.018042
4.413975e-008	0.0218506
4.416475e-008	0.0268555
4.418975e-008	0.0218018
4.421475e-008	0.0122803
4.423975e-008	0.0190186
4.426475e-008	0.0273682
4.428975e-008	0.0279297
4.431475e-008	0.0275147
4.433975e-008	0.0220459
4.436475e-008	0.0179932
4.438975e-008	0.0071045
4.441475e-008	0.00351563
4.443975e-008	0.0180664
4.446475e-008	0.0201904
4.448975e-008	0.0142822
4.451475e-008	0.0104248
4.453975e-008	0.0105957
4.456475e-008	0.0148438
4.458975e-008	0.0170166
4.461475e-008	0.0288086
4.463975e-008	0.0356934
4.466475e-008	0.0218994
4.468975e-008	0.0124512
4.471475e-008	0.0164795
4.473975e-008	0.0231934
4.476475e-008	0.0292969
4.478975e-008	0.018335
4.481475e-008	0.0114502
4.483975e-008	0.0258301
4.486475e-008	0.0252686
4.488975e-008	0.0220459
4.491475e-008	0.0206299
4.493975e-008	0.0134766
4.496475e-008	0.0188965
4.498975e-008	0.0153076
4.501475e-008	0.0108643
4.503975e-008	0.0252441
4.506475e-008	0.0301025
4.508975e-008	0.0202881
4.511475e-008	0.0181885
4.513975e-008	0.02146
4.516475e-008	0.0191895
4.518975e-008	0.0126953
4.521475e-008	0.00673829
4.523975e-008	0.0108399
4.526475e-008	0.0230469
4.528975e-008	0.0228027
4.531475e-008	0.00864259
4.533975e-008	0.0125
4.536475e-008	0.0229004
4.538975e-008	0.0112549
4.541475e-008	0.0126465
4.543975e-008	0.024585
4.546475e-008	0.0195801
4.548975e-008	0.0181885
4.551475e-008	0.0195801
4.553975e-008	0.0166748
4.556475e-008	0.0184326
4.558975e-008	0.0202881
4.561475e-008	0.0195557
4.563975e-008	0.0178223
4.566475e-008	0.0226318
4.568975e-008	0.0271484
4.571475e-008	0.00844727
4.573975e-008	0.00378419
4.576475e-008	0.0286377
4.578975e-008	0.0211914
4.581475e-008	0.00615235
4.583975e-008	0.0187012
4.586475e-008	0.0190918
4.588975e-008	0.0169922
4.591475e-008	0.0222656
4.593975e-008	0.0190674
4.596475e-008	0.0183594
4.598975e-008	0.0205811
4.601475e-008	0.0133301
4.603975e-008	0.00729981
4.606475e-008	0.0158203
4.608975e-008	0.0244873
4.611475e-008	0.0251465
4.613975e-008	0.0220459
4.616475e-008	0.0259522
4.618975e-008	0.0273926
4.621475e-008	0.0143555
4.623975e-008	0.0186768
4.626475e-008	0.0294922
4.628975e-008	0.0260986
4.631475e-008	0.0229981
4.633975e-008	0.019165
4.636475e-008	0.0248291
4.638975e-008	0.0311279
4.641475e-008	0.0162354
4.643975e-008	0.00595704
4.646475e-008	0.0227051
4.648975e-008	0.027124
4.651475e-008	0.0165283
4.653975e-008	0.0231934
4.656475e-008	0.0185303
4.658975e-008	0.0173584
4.661475e-008	0.0304688
4.663975e-008	0.0187256
4.666475e-008	0.0209473
4.668975e-008	0.0409912
4.671475e-008	0.0317139
4.673975e-008	0.0263428
4.676475e-008	0.0304199
4.678975e-008	0.0155762
4.681475e-008	0.0205322
4.683975e-008	0.0338379
4.686475e-008	0.0211426
4.688975e-008	0.02146
4.691475e-008	0.0267334
4.693975e-008	0.0189697
4.696475e-008	0.020459
4.698975e-008	0.0227783
4.701475e-008	0.0202881
4.703975e-008	0.0194336
4.706475e-008	0.0283936
4.708975e-008	0.0394531
4.711475e-008	0.0222656
4.713975e-008	0.0053711
4.716475e-008	0.0159912
4.718975e-008	0.0122315
4.721475e-008	0.0039795
4.723975e-008	0.0121582
4.726475e-008	0.0181885
4.728975e-008	0.0328858
4.731475e-008	0.0405274
4.733975e-008	0.0283691
4.736475e-008	0.0193848
4.738975e-008	0.0171143
4.741475e-008	0.0193115
4.743975e-008	0.0144287
4.746475e-008	0.00881348
4.748975e-008	0.021582
4.751475e-008	0.0338867
4.753975e-008	0.0283203
4.756475e-008	0.0185547
4.758975e-008	0.0168945
4.761475e-008	0.0205078
4.763975e-008	0.0220947
4.766475e-008	0.0255371
4.768975e-008	0.0354736
4.771475e-008	0.0303223
4.773975e-008	0.015918
4.776475e-008	0.0208252
4.778975e-008	0.0242432
4.781475e-008	0.0174072
4.783975e-008	0.0171875
4.786475e-008	0.0172119
4.788975e-008	0.0144531
4.791475e-008	0.0183106
4.793975e-008	0.0301514
4.796475e-008	0.0302979
4.798975e-008	0.0217285
4.801475e-008	0.0245606
4.803975e-008	0.0275391
4.806475e-008	0.0313233
4.808975e-008	0.027417
4.811475e-008	0.0108399
4.813975e-008	0.0125732
4.816475e-008	0.0172852
4.818975e-008	0.0143066
4.821475e-008	0.0250977
4.823975e-008	0.0283447
4.826475e-008	0.0224121
4.828975e-008	0.0231201
4.831475e-008	0.0138916
4.833975e-008	0.0115723
4.836475e-008	0.0216797
4.838975e-008	0.0234375
4.841475e-008	0.0303711
4.843975e-008	0.0184082
4.846475e-008	0.010083
4.848975e-008	0.033252
4.851475e-008	0.0210205
4.853975e-008	0.011084
4.856475e-008	0.0336182
4.858975e-008	0.0328613
4.861475e-008	0.0198242
4.863975e-008	0.0147461
4.866475e-008	0.0246582
4.868975e-008	0.0293701
4.871475e-008	0.0155518
4.873975e-008	0.0192871
4.876475e-008	0.0241943
4.878975e-008	0.00437012
4.881475e-008	0.00905762
4.883975e-008	0.0303711
4.886475e-008	0.0232178
4.888975e-008	0.020874
4.891475e-008	0.0212647
4.893975e-008	0.018457
4.896475e-008	0.0247315
4.898975e-008	0.019458
4.901475e-008	0.0204102
4.903975e-008	0.0240479
4.906475e-008	0.0215576
4.908975e-008	0.0191162
4.911475e-008	0.0156982
4.913975e-008	0.0262207
4.916475e-008	0.0174561
4.918975e-008	0.00695802
4.921475e-008	0.0299561
4.923975e-008	0.0239502
4.926475e-008	0.0125
4.928975e-008	0.0292969
4.931475e-008	0.0208496
4.933975e-008	0.0138428
4.936475e-008	0.0211426
4.938975e-008	0.0127441
4.941475e-008	0.0182129
4.943975e-008	0.0287598
4.946475e-008	0.0240234
4.948975e-008	0.0224365
4.951475e-008	0.0195313
4.953975e-008	0.0175049
4.956475e-008	0.0191406
4.958975e-008	0.013794
4.961475e-008	0.0181152
4.963975e-008	0.027417
4.966475e-008	0.0273438
4.968975e-008	0.0286133
4.971475e-008	0.0202637
4.973975e-008	0.0150879
4.976475e-008	0.0203857
4.978975e-008	0.00952149
4.981475e-008	0.0121826
4.983975e-008	0.0275635
4.986475e-008	0.0236328
4.988975e-008	0.0218994
4.991475e-008	0.0179688
4.993975e-008	0.0157227
4.996475e-008	0.0286621
4.998975e-008	0.0269531
5.001475e-008	0.0173584
