# LECROYWM813Zi	51496	Waveform
# Segments	1	SegmentSize	4002
# Segment	TrigTime	TimeSinceSegment1
# #1	30-Nov-2018 17:16:00	0                 
# Time	Ampl
-5.001941e-008	0.0177246
-4.999441e-008	0.0191406
-4.996941e-008	0.023584
-4.994441e-008	0.0297852
-4.991941e-008	0.0242188
-4.989441e-008	0.019165
-4.986941e-008	0.0304932
-4.984441e-008	0.0339111
-4.981941e-008	0.0186279
-4.979441e-008	0.011377
-4.976941e-008	0.0119873
-4.974441e-008	0.0167481
-4.971941e-008	0.0271729
-4.969441e-008	0.0236328
-4.966941e-008	0.027417
-4.964441e-008	0.0310547
-4.961941e-008	0.0200684
-4.959441e-008	0.0272949
-4.956941e-008	0.0305176
-4.954441e-008	0.018457
-4.951941e-008	0.0114258
-4.949441e-008	0.012915
-4.946941e-008	0.0247803
-4.944441e-008	0.0277832
-4.941941e-008	0.0210449
-4.939441e-008	0.0222412
-4.936941e-008	0.0250488
-4.934441e-008	0.0295899
-4.931941e-008	0.0375733
-4.929441e-008	0.0292236
-4.926941e-008	0.0231934
-4.924441e-008	0.0278565
-4.921941e-008	0.0143555
-4.919441e-008	0.0125244
-4.916941e-008	0.0263184
-4.914441e-008	0.026294
-4.911941e-008	0.0225342
-4.909441e-008	0.0133789
-4.906941e-008	0.0131836
-4.904441e-008	0.022876
-4.901941e-008	0.0167236
-4.899441e-008	0.0160156
-4.896941e-008	0.030249
-4.894441e-008	0.0335449
-4.891941e-008	0.024292
-4.889441e-008	0.0208496
-4.886941e-008	0.0268066
-4.884441e-008	0.0250977
-4.881941e-008	0.0139404
-4.879441e-008	0.00629884
-4.876941e-008	0.00407716
-4.874441e-008	0.0136231
-4.871941e-008	0.0240234
-4.869441e-008	0.0160645
-4.866941e-008	0.0151611
-4.864441e-008	0.024292
-4.861941e-008	0.0198242
-4.859441e-008	0.0173584
-4.856941e-008	0.0189209
-4.854441e-008	0.0250977
-4.851941e-008	0.0306641
-4.849441e-008	0.014917
-4.846941e-008	0.0171631
-4.844441e-008	0.0328125
-4.841941e-008	0.0234131
-4.839441e-008	0.0292725
-4.836941e-008	0.0373779
-4.834441e-008	0.0225098
-4.831941e-008	0.0157227
-4.829441e-008	0.0126465
-4.826941e-008	0.022583
-4.824441e-008	0.0278076
-4.821941e-008	0.00869141
-4.819441e-008	0.0124512
-4.816941e-008	0.0273682
-4.814441e-008	0.02854
-4.811941e-008	0.0168945
-4.809441e-008	0.0118652
-4.806941e-008	0.0389404
-4.804441e-008	0.0354981
-4.801941e-008	0.0134033
-4.799441e-008	0.0240723
-4.796941e-008	0.0143799
-4.794441e-008	0.0150879
-4.791941e-008	0.0286133
-4.789441e-008	0.00510255
-4.786941e-008	0.0132813
-4.784441e-008	0.0290772
-4.781941e-008	0.0146729
-4.779441e-008	0.0264649
-4.776941e-008	0.0318604
-4.774441e-008	0.0175293
-4.771941e-008	0.0168213
-4.769441e-008	0.0219238
-4.766941e-008	0.0238281
-4.764441e-008	0.0181397
-4.761941e-008	0.0157471
-4.759441e-008	0.0177002
-4.756941e-008	0.0249024
-4.754441e-008	0.0345215
-4.751941e-008	0.0201172
-4.749441e-008	0.0129395
-4.746941e-008	0.0203125
-4.744441e-008	0.00798341
-4.741941e-008	0.0135986
-4.739441e-008	0.0368652
-4.736941e-008	0.0378906
-4.734441e-008	0.0255615
-4.731941e-008	0.0204102
-4.729441e-008	0.021167
-4.726941e-008	0.0187988
-4.724441e-008	0.0360108
-4.721941e-008	0.0424561
-4.719441e-008	0.023291
-4.716941e-008	0.0242188
-4.714441e-008	0.019165
-4.711941e-008	0.0158203
-4.709441e-008	0.0240234
-4.706941e-008	0.0187744
-4.704441e-008	0.027832
-4.701941e-008	0.0320313
-4.699441e-008	0.0203613
-4.696941e-008	0.0201172
-4.694441e-008	0.0175293
-4.691941e-008	0.0221924
-4.689441e-008	0.0281006
-4.686941e-008	0.0215332
-4.684441e-008	0.0280518
-4.681941e-008	0.0220703
-4.679441e-008	0.0157715
-4.676941e-008	0.0373535
-4.674441e-008	0.0314697
-4.671941e-008	0.0184082
-4.669441e-008	0.0252686
-4.666941e-008	0.0244385
-4.664441e-008	0.0298096
-4.661941e-008	0.0243897
-4.659441e-008	0.0123535
-4.656941e-008	0.0220215
-4.654441e-008	0.0229248
-4.651941e-008	0.0220459
-4.649441e-008	0.0312012
-4.646941e-008	0.0310547
-4.644441e-008	0.0310303
-4.641941e-008	0.0192627
-4.639441e-008	0.00983887
-4.636941e-008	0.0255859
-4.634441e-008	0.0254639
-4.631941e-008	0.0115479
-4.629441e-008	0.0140869
-4.626941e-008	0.0231201
-4.624441e-008	0.0268555
-4.621941e-008	0.0300049
-4.619441e-008	0.0298096
-4.616941e-008	0.0179199
-4.614441e-008	0.00895997
-4.611941e-008	0.0171875
-4.609441e-008	0.0380127
-4.606941e-008	0.0403809
-4.604441e-008	0.0251953
-4.601941e-008	0.0266846
-4.599441e-008	0.0246582
-4.596941e-008	0.0145752
-4.594441e-008	0.0206543
-4.591941e-008	0.0285645
-4.589441e-008	0.0147461
-4.586941e-008	-0.00195312
-4.584441e-008	0.0151856
-4.581941e-008	0.0311279
-4.579441e-008	0.0210693
-4.576941e-008	0.0174805
-4.574441e-008	0.0171631
-4.571941e-008	0.0228272
-4.569441e-008	0.029834
-4.566941e-008	0.0230225
-4.564441e-008	0.0288086
-4.561941e-008	0.0310547
-4.559441e-008	0.0188477
-4.556941e-008	0.0190186
-4.554441e-008	0.00998536
-4.551941e-008	0.00639649
-4.549441e-008	0.0252197
-4.546941e-008	0.0251953
-4.544441e-008	0.0200195
-4.541941e-008	0.0227539
-4.539441e-008	0.0203369
-4.536941e-008	0.0259033
-4.534441e-008	0.0293457
-4.531941e-008	0.0308106
-4.529441e-008	0.0293457
-4.526941e-008	0.0165527
-4.524441e-008	0.0185059
-4.521941e-008	0.022876
-4.519441e-008	0.0182617
-4.516941e-008	0.0280518
-4.514441e-008	0.0367188
-4.511941e-008	0.0308838
-4.509441e-008	0.0263916
-4.506941e-008	0.0275391
-4.504441e-008	0.019751
-4.501941e-008	0.0102783
-4.499441e-008	0.0157715
-4.496941e-008	0.0179199
-4.494441e-008	0.011377
-4.491941e-008	0.0103272
-4.489441e-008	0.0184326
-4.486941e-008	0.0318359
-4.484441e-008	0.031543
-4.481941e-008	0.0184326
-4.479441e-008	0.0187988
-4.476941e-008	0.0269531
-4.474441e-008	0.0235352
-4.471941e-008	0.0255127
-4.469441e-008	0.0287842
-4.466941e-008	0.0161865
-4.464441e-008	0.0179932
-4.461941e-008	0.0259766
-4.459441e-008	0.0188232
-4.456941e-008	0.0235596
-4.454441e-008	0.0235107
-4.451941e-008	0.0206299
-4.449441e-008	0.0391602
-4.446941e-008	0.0369141
-4.444441e-008	0.0186279
-4.441941e-008	0.0206055
-4.439441e-008	0.0349854
-4.436941e-008	0.0397705
-4.434441e-008	0.022168
-4.431941e-008	0.019751
-4.429441e-008	0.0365723
-4.426941e-008	0.0337402
-4.424441e-008	0.0330078
-4.421941e-008	0.0375
-4.419441e-008	0.0253662
-4.416941e-008	0.0235596
-4.414441e-008	0.0311524
-4.411941e-008	0.0292481
-4.409441e-008	0.0240234
-4.406941e-008	0.0179688
-4.404441e-008	0.0255127
-4.401941e-008	0.0288574
-4.399441e-008	0.0159912
-4.396941e-008	0.0158447
-4.394441e-008	0.0126465
-4.391941e-008	0.0091797
-4.389441e-008	0.0172363
-4.386941e-008	0.0124268
-4.384441e-008	0.0174805
-4.381941e-008	0.030957
-4.379441e-008	0.0226074
-4.376941e-008	0.0198486
-4.374441e-008	0.0253906
-4.371941e-008	0.0224121
-4.369441e-008	0.018457
-4.366941e-008	0.0164551
-4.364441e-008	0.0245606
-4.361941e-008	0.0248535
-4.359441e-008	0.0156494
-4.356941e-008	0.0227051
-4.354441e-008	0.0210449
-4.351941e-008	0.00668946
-4.349441e-008	0.0132324
-4.346941e-008	0.030835
-4.344441e-008	0.0335693
-4.341941e-008	0.0287598
-4.339441e-008	0.0253662
-4.336941e-008	0.0178955
-4.334441e-008	0.0158203
-4.331941e-008	0.0183594
-4.329441e-008	0.0203125
-4.326941e-008	0.0257324
-4.324441e-008	0.0256592
-4.321941e-008	0.0236328
-4.319441e-008	0.0296875
-4.316941e-008	0.0322754
-4.314441e-008	0.0271973
-4.311941e-008	0.0289551
-4.309441e-008	0.0271484
-4.306941e-008	0.0266358
-4.304441e-008	0.0362549
-4.301941e-008	0.0237549
-4.299441e-008	0.010083
-4.296941e-008	0.0148682
-4.294441e-008	0.0178711
-4.291941e-008	0.0247315
-4.289441e-008	0.0266113
-4.286941e-008	0.029541
-4.284441e-008	0.0290527
-4.281941e-008	0.0129395
-4.279441e-008	0.0186035
-4.276941e-008	0.0250733
-4.274441e-008	0.0184082
-4.271941e-008	0.0299072
-4.269441e-008	0.0255615
-4.266941e-008	0.0163818
-4.264441e-008	0.0281738
-4.261941e-008	0.0210205
-4.259441e-008	0.0101563
-4.256941e-008	0.0183838
-4.254441e-008	0.0256104
-4.251941e-008	0.0294678
-4.249441e-008	0.0282715
-4.246941e-008	0.0269775
-4.244441e-008	0.0236816
-4.241941e-008	0.0111328
-4.239441e-008	0.0155518
-4.236941e-008	0.02771
-4.234441e-008	0.0259277
-4.231941e-008	0.0272217
-4.229441e-008	0.0202637
-4.226941e-008	0.00961915
-4.224441e-008	0.0154785
-4.221941e-008	0.0215088
-4.219441e-008	0.0261231
-4.216941e-008	0.0280762
-4.214441e-008	0.0226807
-4.211941e-008	0.0216553
-4.209441e-008	0.017749
-4.206941e-008	0.018042
-4.204441e-008	0.0253418
-4.201941e-008	0.0025879
-4.199441e-008	-0.00798339
-4.196941e-008	0.0188232
-4.194441e-008	0.0145996
-4.191941e-008	0.00200196
-4.189441e-008	0.0106934
-4.186941e-008	0.0156006
-4.184441e-008	0.0247315
-4.181941e-008	0.0308106
-4.179441e-008	0.0254639
-4.176941e-008	0.0258789
-4.174441e-008	0.0306641
-4.171941e-008	0.0208008
-4.169441e-008	0.017041
-4.166941e-008	0.0362793
-4.164441e-008	0.0397705
-4.161941e-008	0.017041
-4.159441e-008	0.0136963
-4.156941e-008	0.03125
-4.154441e-008	0.0231445
-4.151941e-008	0.00998536
-4.149441e-008	0.00937501
-4.146941e-008	0.0155762
-4.144441e-008	0.0293457
-4.141941e-008	0.0190186
-4.139441e-008	0.0098877
-4.136941e-008	0.0182617
-4.134441e-008	0.0174805
-4.131941e-008	0.0157471
-4.129441e-008	0.0213135
-4.126941e-008	0.0288818
-4.124441e-008	0.0203613
-4.121941e-008	0.0146973
-4.119441e-008	0.0214844
-4.116941e-008	0.024707
-4.114441e-008	0.0361084
-4.111941e-008	0.0335938
-4.109441e-008	0.0202637
-4.106941e-008	0.0208008
-4.104441e-008	0.0204834
-4.101941e-008	0.0239014
-4.099441e-008	0.0287598
-4.096941e-008	0.0181885
-4.094441e-008	0.00803223
-4.091941e-008	0.0226318
-4.089441e-008	0.0316895
-4.086941e-008	0.00944825
-4.084441e-008	0.0107178
-4.081941e-008	0.029834
-4.079441e-008	0.0196533
-4.076941e-008	0.0192139
-4.074441e-008	0.029834
-4.071941e-008	0.0256104
-4.069441e-008	0.0267334
-4.066941e-008	0.0255615
-4.064441e-008	0.0180176
-4.061941e-008	0.0161865
-4.059441e-008	0.0158936
-4.056941e-008	0.021582
-4.054441e-008	0.025293
-4.051941e-008	0.0104248
-4.049441e-008	0.00344239
-4.046941e-008	0.0206543
-4.044441e-008	0.0266602
-4.041941e-008	0.0183106
-4.039441e-008	0.0168213
-4.036941e-008	0.0208984
-4.034441e-008	0.0271484
-4.031941e-008	0.0248291
-4.029441e-008	0.0255127
-4.026941e-008	0.0359619
-4.024441e-008	0.0203613
-4.021941e-008	-0.00739745
-4.019441e-008	0.000683601
-4.016941e-008	0.0217041
-4.014441e-008	0.0236816
-4.011941e-008	0.0231201
-4.009441e-008	0.0234863
-4.006941e-008	0.0211182
-4.004441e-008	0.023291
-4.001941e-008	0.0248047
-3.999441e-008	0.0286133
-3.996941e-008	0.0322998
-3.994441e-008	0.0230469
-3.991941e-008	0.0225586
-3.989441e-008	0.0324463
-3.986941e-008	0.0241699
-3.984441e-008	0.0165283
-3.981941e-008	0.0146729
-3.979441e-008	0.00961915
-3.976941e-008	0.0191406
-3.974441e-008	0.020874
-3.971941e-008	0.014209
-3.969441e-008	0.0255859
-3.966941e-008	0.0312744
-3.964441e-008	0.0167725
-3.961941e-008	0.00581055
-3.959441e-008	0.0168213
-3.956941e-008	0.025415
-3.954441e-008	0.0187744
-3.951941e-008	0.0181885
-3.949441e-008	0.0178955
-3.946941e-008	0.0207275
-3.944441e-008	0.0223145
-3.941941e-008	0.0134277
-3.939441e-008	0.0162109
-3.936941e-008	0.0156982
-3.934441e-008	0.00705567
-3.931941e-008	0.0165527
-3.929441e-008	0.021875
-3.926941e-008	0.0236572
-3.924441e-008	0.0455566
-3.921941e-008	0.0399414
-3.919441e-008	0.0144531
-3.916941e-008	0.0212402
-3.914441e-008	0.0212402
-3.911941e-008	0.0135254
-3.909441e-008	0.0227539
-3.906941e-008	0.0223145
-3.904441e-008	0.0170899
-3.901941e-008	0.0121582
-3.899441e-008	0.0146729
-3.896941e-008	0.0329102
-3.894441e-008	0.0264893
-3.891941e-008	0.00319825
-3.889441e-008	0.0112549
-3.886941e-008	0.0269775
-3.884441e-008	0.0311035
-3.881941e-008	0.0323486
-3.879441e-008	0.0243408
-3.876941e-008	0.0223389
-3.874441e-008	0.0266846
-3.871941e-008	0.0343994
-3.869441e-008	0.0361328
-3.866941e-008	0.0213867
-3.864441e-008	0.017627
-3.861941e-008	0.0202393
-3.859441e-008	0.0229736
-3.856941e-008	0.0240967
-3.854441e-008	0.0186279
-3.851941e-008	0.0247559
-3.849441e-008	0.0239258
-3.846941e-008	0.0164551
-3.844441e-008	0.0178711
-3.841941e-008	0.0148926
-3.839441e-008	0.017334
-3.836941e-008	0.0264649
-3.834441e-008	0.0287109
-3.831941e-008	0.0237061
-3.829441e-008	0.0165772
-3.826941e-008	0.0192383
-3.824441e-008	0.0311768
-3.821941e-008	0.0316895
-3.819441e-008	0.0208496
-3.816941e-008	0.0164551
-3.814441e-008	0.0128906
-3.811941e-008	0.00974122
-3.809441e-008	0.0156738
-3.806941e-008	0.0266113
-3.804441e-008	0.0299316
-3.801941e-008	0.0143311
-3.799441e-008	0.00625001
-3.796941e-008	0.0196045
-3.794441e-008	0.0302246
-3.791941e-008	0.0375
-3.789441e-008	0.0388428
-3.786941e-008	0.027002
-3.784441e-008	0.0231934
-3.781941e-008	0.0287598
-3.779441e-008	0.0253662
-3.776941e-008	0.0202149
-3.774441e-008	0.0209229
-3.771941e-008	0.018335
-3.769441e-008	0.0145996
-3.766941e-008	0.0275147
-3.764441e-008	0.035669
-3.761941e-008	0.0181885
-3.759441e-008	0.0165039
-3.756941e-008	0.0272217
-3.754441e-008	0.0261475
-3.751941e-008	0.0262207
-3.749441e-008	0.0224609
-3.746941e-008	0.0292481
-3.744441e-008	0.0241699
-3.741941e-008	-0.00205077
-3.739441e-008	0.010083
-3.736941e-008	0.0324951
-3.734441e-008	0.0316406
-3.731941e-008	0.0252686
-3.729441e-008	0.0191406
-3.726941e-008	0.0282715
-3.724441e-008	0.0311768
-3.721941e-008	0.0208252
-3.719441e-008	0.0139649
-3.716941e-008	0.0118897
-3.714441e-008	0.0235107
-3.711941e-008	0.0245606
-3.709441e-008	0.0177979
-3.706941e-008	0.031958
-3.704441e-008	0.0418945
-3.701941e-008	0.0359863
-3.699441e-008	0.0255127
-3.696941e-008	0.021582
-3.694441e-008	0.0323731
-3.691941e-008	0.0365479
-3.689441e-008	0.0253662
-3.686941e-008	0.0249756
-3.684441e-008	0.0365723
-3.681941e-008	0.033252
-3.679441e-008	0.0205322
-3.676941e-008	0.0157959
-3.674441e-008	0.0178467
-3.671941e-008	0.0150635
-3.669441e-008	0.0130127
-3.666941e-008	0.0313233
-3.664441e-008	0.0348389
-3.661941e-008	0.0228516
-3.659441e-008	0.0313233
-3.656941e-008	0.0333252
-3.654441e-008	0.0267334
-3.651941e-008	0.0196045
-3.649441e-008	0.0123535
-3.646941e-008	0.0233399
-3.644441e-008	0.0274414
-3.641941e-008	0.0134033
-3.639441e-008	0.0122315
-3.636941e-008	0.0202149
-3.634441e-008	0.0249024
-3.631941e-008	0.0289551
-3.629441e-008	0.0209961
-3.626941e-008	0.0144287
-3.624441e-008	0.0178711
-3.621941e-008	0.0157959
-3.619441e-008	0.0204102
-3.616941e-008	0.0279053
-3.614441e-008	0.0239258
-3.611941e-008	0.0168945
-3.609441e-008	0.0151856
-3.606941e-008	0.0236328
-3.604441e-008	0.0349121
-3.601941e-008	0.0394531
-3.599441e-008	0.0358399
-3.596941e-008	0.0244141
-3.594441e-008	0.0118164
-3.591941e-008	0.00888673
-3.589441e-008	0.0185791
-3.586941e-008	0.030249
-3.584441e-008	0.0275391
-3.581941e-008	0.0227051
-3.579441e-008	0.0302979
-3.576941e-008	0.0259522
-3.574441e-008	0.0119629
-3.571941e-008	0.0154541
-3.569441e-008	0.0250733
-3.566941e-008	0.0224854
-3.564441e-008	0.0204102
-3.561941e-008	0.0225342
-3.559441e-008	0.0157959
-3.556941e-008	0.0143311
-3.554441e-008	0.023999
-3.551941e-008	0.0241943
-3.549441e-008	0.0131348
-3.546941e-008	0.0186524
-3.544441e-008	0.0293213
-3.541941e-008	0.013794
-3.539441e-008	0.0198731
-3.536941e-008	0.0408203
-3.534441e-008	0.02854
-3.531941e-008	0.0229248
-3.529441e-008	0.0305908
-3.526941e-008	0.0384033
-3.524441e-008	0.0375977
-3.521941e-008	0.0122315
-3.519441e-008	0.00700684
-3.516941e-008	0.0301758
-3.514441e-008	0.0340576
-3.511941e-008	0.0261719
-3.509441e-008	0.0241943
-3.506941e-008	0.0225342
-3.504441e-008	0.0328125
-3.501941e-008	0.0293945
-3.499441e-008	0.0091797
-3.496941e-008	0.0206055
-3.494441e-008	0.0300049
-3.491941e-008	0.0130371
-3.489441e-008	0.0111328
-3.486941e-008	0.0179688
-3.484441e-008	0.00930177
-3.481941e-008	0.00388184
-3.479441e-008	0.0184326
-3.476941e-008	0.0313965
-3.474441e-008	0.0325928
-3.471941e-008	0.0295899
-3.469441e-008	0.0270264
-3.466941e-008	0.027124
-3.464441e-008	0.0231445
-3.461941e-008	0.0227051
-3.459441e-008	0.0233399
-3.456941e-008	0.0183106
-3.454441e-008	0.0226807
-3.451941e-008	0.0307617
-3.449441e-008	0.0277344
-3.446941e-008	0.0227295
-3.444441e-008	0.0171631
-3.441941e-008	0.0107422
-3.439441e-008	0.0231445
-3.436941e-008	0.0305908
-3.434441e-008	0.0196533
-3.431941e-008	0.0272949
-3.429441e-008	0.032251
-3.426941e-008	0.0294922
-3.424441e-008	0.0348145
-3.421941e-008	0.0158203
-3.419441e-008	0.00737305
-3.416941e-008	0.0286133
-3.414441e-008	0.0328613
-3.411941e-008	0.0254639
-3.409441e-008	0.0208984
-3.406941e-008	0.0269043
-3.404441e-008	0.0301025
-3.401941e-008	0.0168945
-3.399441e-008	0.0194092
-3.396941e-008	0.0226318
-3.394441e-008	0.0133545
-3.391941e-008	0.0223389
-3.389441e-008	0.0319092
-3.386941e-008	0.0261231
-3.384441e-008	0.0248291
-3.381941e-008	0.0273193
-3.379441e-008	0.0254395
-3.376941e-008	0.0248291
-3.374441e-008	0.0299561
-3.371941e-008	0.0324463
-3.369441e-008	0.0220215
-3.366941e-008	0.0133301
-3.364441e-008	0.0227295
-3.361941e-008	0.0295654
-3.359441e-008	0.0204102
-3.356941e-008	0.013794
-3.354441e-008	0.0184326
-3.351941e-008	0.0268799
-3.349441e-008	0.0280029
-3.346941e-008	0.0300049
-3.344441e-008	0.0338379
-3.341941e-008	0.0207031
-3.339441e-008	0.0109375
-3.336941e-008	0.0159912
-3.334441e-008	0.0194336
-3.331941e-008	0.0262451
-3.329441e-008	0.0244141
-3.326941e-008	0.012207
-3.324441e-008	0.0139893
-3.321941e-008	0.018042
-3.319441e-008	0.0156738
-3.316941e-008	0.0213379
-3.314441e-008	0.0275879
-3.311941e-008	0.0262207
-3.309441e-008	0.0228516
-3.306941e-008	0.0273193
-3.304441e-008	0.0250977
-3.301941e-008	0.0116211
-3.299441e-008	0.0243164
-3.296941e-008	0.0288574
-3.294441e-008	0.00869141
-3.291941e-008	0.0218994
-3.289441e-008	0.029834
-3.286941e-008	0.0190918
-3.284441e-008	0.032251
-3.281941e-008	0.0208984
-3.279441e-008	0.00273438
-3.276941e-008	0.0244629
-3.274441e-008	0.0252686
-3.271941e-008	0.0105713
-3.269441e-008	0.013794
-3.266941e-008	0.0121338
-3.264441e-008	0.0153809
-3.261941e-008	0.0181397
-3.259441e-008	0.0230713
-3.256941e-008	0.0347168
-3.254441e-008	0.026416
-3.251941e-008	0.0175293
-3.249441e-008	0.0186768
-3.246941e-008	0.021582
-3.244441e-008	0.0215088
-3.241941e-008	0.0121094
-3.239441e-008	0.0127197
-3.236941e-008	0.021167
-3.234441e-008	0.0239258
-3.231941e-008	0.0176514
-3.229441e-008	0.0104004
-3.226941e-008	0.0204102
-3.224441e-008	0.0308838
-3.221941e-008	0.0171143
-3.219441e-008	0.00261231
-3.216941e-008	0.0196777
-3.214441e-008	0.0405029
-3.211941e-008	0.0321777
-3.209441e-008	0.01521
-3.206941e-008	0.0192383
-3.204441e-008	0.0256104
-3.201941e-008	0.00952149
-3.199441e-008	0.0074463
-3.196941e-008	0.0221924
-3.194441e-008	0.0212158
-3.191941e-008	0.0196045
-3.189441e-008	0.0207275
-3.186941e-008	0.0105225
-3.184441e-008	0.00563966
-3.181941e-008	0.0165527
-3.179441e-008	0.023877
-3.176941e-008	0.0276367
-3.174441e-008	0.0259277
-3.171941e-008	0.0174072
-3.169441e-008	0.0268311
-3.166941e-008	0.0253662
-3.164441e-008	0.00527345
-3.161941e-008	0.00595704
-3.159441e-008	0.0113525
-3.156941e-008	0.0218506
-3.154441e-008	0.0361084
-3.151941e-008	0.0257813
-3.149441e-008	0.0196289
-3.146941e-008	0.0286133
-3.144441e-008	0.0256592
-3.141941e-008	0.0179932
-3.139441e-008	0.0195557
-3.136941e-008	0.0253662
-3.134441e-008	0.0268066
-3.131941e-008	0.0225586
-3.129441e-008	0.0192871
-3.126941e-008	0.0269287
-3.124441e-008	0.04021
-3.121941e-008	0.0387451
-3.119441e-008	0.031543
-3.116941e-008	0.0309815
-3.114441e-008	0.0221924
-3.111941e-008	0.0170166
-3.109441e-008	0.0237305
-3.106941e-008	0.0281738
-3.104441e-008	0.0327149
-3.101941e-008	0.030127
-3.099441e-008	0.0270996
-3.096941e-008	0.0266113
-3.094441e-008	0.0192139
-3.091941e-008	0.0275635
-3.089441e-008	0.0299561
-3.086941e-008	0.0140381
-3.084441e-008	0.0179443
-3.081941e-008	0.0226563
-3.079441e-008	0.015332
-3.076941e-008	0.0154541
-3.074441e-008	0.0199707
-3.071941e-008	0.0250244
-3.069441e-008	0.0267334
-3.066941e-008	0.0284424
-3.064441e-008	0.0248779
-3.061941e-008	0.00861817
-3.059441e-008	0.0122315
-3.056941e-008	0.029541
-3.054441e-008	0.0222412
-3.051941e-008	0.00791016
-3.049441e-008	0.00461427
-3.046941e-008	0.0207764
-3.044441e-008	0.0408936
-3.041941e-008	0.0242676
-3.039441e-008	0.00825196
-3.036941e-008	0.0194824
-3.034441e-008	0.0238037
-3.031941e-008	0.0223877
-3.029441e-008	0.0197266
-3.026941e-008	0.0241699
-3.024441e-008	0.0291504
-3.021941e-008	0.0140869
-3.019441e-008	0.017334
-3.016941e-008	0.0327393
-3.014441e-008	0.0283691
-3.011941e-008	0.0263184
-3.009441e-008	0.0161621
-3.006941e-008	0.0156494
-3.004441e-008	0.0287598
-3.001941e-008	0.0193115
-2.999441e-008	0.0241699
-2.996941e-008	0.0270996
-2.994441e-008	0.00891114
-2.991941e-008	0.0193604
-2.989441e-008	0.0265381
-2.986941e-008	0.0125977
-2.984441e-008	0.014209
-2.981941e-008	0.0220215
-2.979441e-008	0.0270996
-2.976941e-008	0.0255127
-2.974441e-008	0.0141846
-2.971941e-008	0.0186035
-2.969441e-008	0.024707
-2.966941e-008	0.0179443
-2.964441e-008	0.0220703
-2.961941e-008	0.0180176
-2.959441e-008	0.0133545
-2.956941e-008	0.030835
-2.954441e-008	0.035669
-2.951941e-008	0.0234619
-2.949441e-008	0.0197266
-2.946941e-008	0.0299072
-2.944441e-008	0.0305908
-2.941941e-008	0.0167481
-2.939441e-008	0.0185547
-2.936941e-008	0.0251465
-2.934441e-008	0.0210693
-2.931941e-008	0.0241699
-2.929441e-008	0.0273193
-2.926941e-008	0.0255127
-2.924441e-008	0.0272461
-2.921941e-008	0.0197998
-2.919441e-008	0.0137451
-2.916941e-008	0.0171631
-2.914441e-008	0.0163086
-2.911941e-008	0.0199707
-2.909441e-008	0.0224609
-2.906941e-008	0.0259033
-2.904441e-008	0.027002
-2.901941e-008	0.0101318
-2.899441e-008	0.00297852
-2.896941e-008	0.00939942
-2.894441e-008	0.0273682
-2.891941e-008	0.0420899
-2.889441e-008	0.0181885
-2.886941e-008	0.0110107
-2.884441e-008	0.028833
-2.881941e-008	0.0189941
-2.879441e-008	0.0193115
-2.876941e-008	0.0271484
-2.874441e-008	0.0163818
-2.871941e-008	0.0138916
-2.869441e-008	0.0174805
-2.866941e-008	0.0304932
-2.864441e-008	0.0300537
-2.861941e-008	0.00678712
-2.859441e-008	0.0116699
-2.856941e-008	0.0244873
-2.854441e-008	0.0190918
-2.851941e-008	0.0149414
-2.849441e-008	0.0161865
-2.846941e-008	0.0233887
-2.844441e-008	0.0171387
-2.841941e-008	0.0050293
-2.839441e-008	0.0164795
-2.836941e-008	0.0278809
-2.834441e-008	0.0273682
-2.831941e-008	0.0336914
-2.829441e-008	0.0274902
-2.826941e-008	0.0116699
-2.824441e-008	0.0160645
-2.821941e-008	0.0181152
-2.819441e-008	0.0169678
-2.816941e-008	0.0309326
-2.814441e-008	0.0310303
-2.811941e-008	0.0171631
-2.809441e-008	0.0155274
-2.806941e-008	0.0256348
-2.804441e-008	0.0303711
-2.801941e-008	0.020752
-2.799441e-008	0.00957032
-2.796941e-008	0.0138184
-2.794441e-008	0.0287109
-2.791941e-008	0.0125244
-2.789441e-008	-0.00710448
-2.786941e-008	0.0231445
-2.784441e-008	0.030835
-2.781941e-008	0.00817872
-2.779441e-008	0.0232666
-2.776941e-008	0.0348145
-2.774441e-008	0.0232178
-2.771941e-008	0.0259033
-2.769441e-008	0.0290039
-2.766941e-008	0.029419
-2.764441e-008	0.033252
-2.761941e-008	0.0185303
-2.759441e-008	0.0131592
-2.756941e-008	0.0189209
-2.754441e-008	0.0098877
-2.751941e-008	0.0177734
-2.749441e-008	0.0279053
-2.746941e-008	0.0285156
-2.744441e-008	0.0340088
-2.741941e-008	0.0249512
-2.739441e-008	0.0161377
-2.736941e-008	0.0165772
-2.734441e-008	0.0211426
-2.731941e-008	0.0244873
-2.729441e-008	0.0135742
-2.726941e-008	0.0133789
-2.724441e-008	0.0216309
-2.721941e-008	0.0207031
-2.719441e-008	0.0263428
-2.716941e-008	0.0223633
-2.714441e-008	0.0144531
-2.711941e-008	0.0219971
-2.709441e-008	0.0197022
-2.706941e-008	0.0199219
-2.704441e-008	0.0256836
-2.701941e-008	0.0174805
-2.699441e-008	0.0155274
-2.696941e-008	0.0257568
-2.694441e-008	0.0300537
-2.691941e-008	0.0191162
-2.689441e-008	0.0187012
-2.686941e-008	0.0290039
-2.684441e-008	0.0192383
-2.681941e-008	0.0156738
-2.679441e-008	0.0239746
-2.676941e-008	0.0214844
-2.674441e-008	0.0204346
-2.671941e-008	0.0257568
-2.669441e-008	0.0299805
-2.666941e-008	0.0317871
-2.664441e-008	0.0325195
-2.661941e-008	0.0220703
-2.659441e-008	0.0153076
-2.656941e-008	0.0265137
-2.654441e-008	0.02146
-2.651941e-008	0.00961915
-2.649441e-008	0.0135254
-2.646941e-008	0.0230469
-2.644441e-008	0.0362305
-2.641941e-008	0.0248047
-2.639441e-008	0.0136963
-2.636941e-008	0.030127
-2.634441e-008	0.026001
-2.631941e-008	0.0234131
-2.629441e-008	0.0259277
-2.626941e-008	0.0175537
-2.624441e-008	0.0293701
-2.621941e-008	0.0205078
-2.619441e-008	0.00842286
-2.616941e-008	0.0221191
-2.614441e-008	0.0166016
-2.611941e-008	0.0226563
-2.609441e-008	0.0317871
-2.606941e-008	0.0177246
-2.604441e-008	0.0155029
-2.601941e-008	0.0133789
-2.599441e-008	0.0226807
-2.596941e-008	0.038794
-2.594441e-008	0.0284912
-2.591941e-008	0.0317383
-2.589441e-008	0.0342774
-2.586941e-008	0.0228027
-2.584441e-008	0.0341553
-2.581941e-008	0.0278565
-2.579441e-008	0.0154053
-2.576941e-008	0.0254639
-2.574441e-008	0.023877
-2.571941e-008	0.0222656
-2.569441e-008	0.0296875
-2.566941e-008	0.0348389
-2.564441e-008	0.0262695
-2.561941e-008	0.0151611
-2.559441e-008	0.0183594
-2.556941e-008	0.0241211
-2.554441e-008	0.023169
-2.551941e-008	0.0104981
-2.549441e-008	0.0258057
-2.546941e-008	0.0459229
-2.544441e-008	0.0238281
-2.541941e-008	0.0195557
-2.539441e-008	0.0286133
-2.536941e-008	0.0262451
-2.534441e-008	0.0321045
-2.531941e-008	0.0314697
-2.529441e-008	0.0229736
-2.526941e-008	0.0253906
-2.524441e-008	0.0388672
-2.521941e-008	0.0282715
-2.519441e-008	0.0174561
-2.516941e-008	0.0307129
-2.514441e-008	0.0186524
-2.511941e-008	0.0137207
-2.509441e-008	0.0275879
-2.506941e-008	0.0204346
-2.504441e-008	0.0192627
-2.501941e-008	0.0183838
-2.499441e-008	0.0125977
-2.496941e-008	0.0172363
-2.494441e-008	0.0173584
-2.491941e-008	0.0164063
-2.489441e-008	0.0235107
-2.486941e-008	0.0350098
-2.484441e-008	0.0350098
-2.481941e-008	0.0258789
-2.479441e-008	0.0255859
-2.476941e-008	0.0296387
-2.474441e-008	0.0308838
-2.471941e-008	0.0270264
-2.469441e-008	0.026416
-2.466941e-008	0.0285889
-2.464441e-008	0.0317627
-2.461941e-008	0.0325684
-2.459441e-008	0.0209961
-2.456941e-008	0.0172119
-2.454441e-008	0.0214111
-2.451941e-008	0.019043
-2.449441e-008	0.0162354
-2.446941e-008	0.0219238
-2.444441e-008	0.0305176
-2.441941e-008	0.0254639
-2.439441e-008	0.0293457
-2.436941e-008	0.0365234
-2.434441e-008	0.0161377
-2.431941e-008	0.00400391
-2.429441e-008	0.0129639
-2.426941e-008	0.0232178
-2.424441e-008	0.03479
-2.421941e-008	0.0277588
-2.419441e-008	0.0181397
-2.416941e-008	0.0298096
-2.414441e-008	0.0300537
-2.411941e-008	0.0215088
-2.409441e-008	0.022168
-2.406941e-008	0.0242432
-2.404441e-008	0.0223145
-2.401941e-008	0.0157471
-2.399441e-008	0.0191406
-2.396941e-008	0.0247559
-2.394441e-008	0.0247803
-2.391941e-008	0.0290039
-2.389441e-008	0.0303223
-2.386941e-008	0.0381592
-2.384441e-008	0.0408936
-2.381941e-008	0.0192627
-2.379441e-008	0.011499
-2.376941e-008	0.0251953
-2.374441e-008	0.020459
-2.371941e-008	0.00585938
-2.369441e-008	0.010669
-2.366941e-008	0.02854
-2.364441e-008	0.0334229
-2.361941e-008	0.0173828
-2.359441e-008	0.0137451
-2.356941e-008	0.0222168
-2.354441e-008	0.0216797
-2.351941e-008	0.0245361
-2.349441e-008	0.0191895
-2.346941e-008	0.0168945
-2.344441e-008	0.029126
-2.341941e-008	0.0171143
-2.339441e-008	-0.00144042
-2.336941e-008	0.0123291
-2.334441e-008	0.0293945
-2.331941e-008	0.0174561
-2.329441e-008	0.00952149
-2.326941e-008	0.0244873
-2.324441e-008	0.0324707
-2.321941e-008	0.0324219
-2.319441e-008	0.0256348
-2.316941e-008	0.0227295
-2.314441e-008	0.0322022
-2.311941e-008	0.0253906
-2.309441e-008	0.0161133
-2.306941e-008	0.0193359
-2.304441e-008	0.0235107
-2.301941e-008	0.0316895
-2.299441e-008	0.0213623
-2.296941e-008	0.00766602
-2.294441e-008	0.0228272
-2.291941e-008	0.0258545
-2.289441e-008	0.0157959
-2.286941e-008	0.0225098
-2.284441e-008	0.022168
-2.281941e-008	0.0179199
-2.279441e-008	0.0257324
-2.276941e-008	0.0285889
-2.274441e-008	0.0253174
-2.271941e-008	0.0302979
-2.269441e-008	0.0296143
-2.266941e-008	0.0157715
-2.264441e-008	0.0210693
-2.261941e-008	0.0336426
-2.259441e-008	0.0234863
-2.256941e-008	0.0186279
-2.254441e-008	0.0263672
-2.251941e-008	0.0233643
-2.249441e-008	0.0124512
-2.246941e-008	0.0111084
-2.244441e-008	0.020044
-2.241941e-008	0.0197754
-2.239441e-008	0.0179199
-2.236941e-008	0.0234863
-2.234441e-008	0.0221924
-2.231941e-008	0.0211182
-2.229441e-008	0.0240723
-2.226941e-008	0.023291
-2.224441e-008	0.0193359
-2.221941e-008	0.0167481
-2.219441e-008	0.0173584
-2.216941e-008	0.0165772
-2.214441e-008	0.0209961
-2.211941e-008	0.0242432
-2.209441e-008	0.0180908
-2.206941e-008	0.0160645
-2.204441e-008	0.0213867
-2.201941e-008	0.030542
-2.199441e-008	0.0253662
-2.196941e-008	0.0114502
-2.194441e-008	0.0187988
-2.191941e-008	0.0238281
-2.189441e-008	0.0201904
-2.186941e-008	0.027417
-2.184441e-008	0.0286133
-2.181941e-008	0.0223633
-2.179441e-008	0.0187256
-2.176941e-008	0.0172363
-2.174441e-008	0.0168457
-2.171941e-008	0.0197754
-2.169441e-008	0.0273682
-2.166941e-008	0.0240967
-2.164441e-008	0.0169678
-2.161941e-008	0.019751
-2.159441e-008	0.0153565
-2.156941e-008	0.0141113
-2.154441e-008	0.0277588
-2.151941e-008	0.0265137
-2.149441e-008	0.0121826
-2.146941e-008	0.0156494
-2.144441e-008	0.0224609
-2.141941e-008	0.0186768
-2.139441e-008	0.0261475
-2.136941e-008	0.0300781
-2.134441e-008	0.0286133
-2.131941e-008	0.0353027
-2.129441e-008	0.0184326
-2.126941e-008	0.00104981
-2.124441e-008	0.0213135
-2.121941e-008	0.0405518
-2.119441e-008	0.030542
-2.116941e-008	0.0195313
-2.114441e-008	0.0219727
-2.111941e-008	0.0161133
-2.109441e-008	0.0129639
-2.106941e-008	0.0302734
-2.104441e-008	0.0417481
-2.101941e-008	0.0267334
-2.099441e-008	0.019751
-2.096941e-008	0.0320801
-2.094441e-008	0.0232666
-2.091941e-008	0.0198975
-2.089441e-008	0.0363037
-2.086941e-008	0.0355713
-2.084441e-008	0.0271729
-2.081941e-008	0.0192139
-2.079441e-008	0.0115723
-2.076941e-008	0.0122803
-2.074441e-008	0.0190674
-2.071941e-008	0.0263916
-2.069441e-008	0.0248047
-2.066941e-008	0.0239746
-2.064441e-008	0.0338623
-2.061941e-008	0.0276367
-2.059441e-008	0.0176514
-2.056941e-008	0.0345215
-2.054441e-008	0.0411133
-2.051941e-008	0.0182617
-2.049441e-008	0.00793458
-2.046941e-008	0.030957
-2.044441e-008	0.0302002
-2.041941e-008	0.00185548
-2.039441e-008	0.0126953
-2.036941e-008	0.0297119
-2.034441e-008	0.0292725
-2.031941e-008	0.0310303
-2.029441e-008	0.0212158
-2.026941e-008	0.0210693
-2.024441e-008	0.0336426
-2.021941e-008	0.0320801
-2.019441e-008	0.0274658
-2.016941e-008	0.0264649
-2.014441e-008	0.0201416
-2.011941e-008	0.019043
-2.009441e-008	0.0209717
-2.006941e-008	0.0238281
-2.004441e-008	0.0279541
-2.001941e-008	0.0138428
-1.999441e-008	0.0112549
-1.996941e-008	0.03125
-1.994441e-008	0.0274658
-1.991941e-008	0.00874024
-1.989441e-008	0.00969239
-1.986941e-008	0.0198486
-1.984441e-008	0.0224365
-1.981941e-008	0.0258057
-1.979441e-008	0.0234619
-1.976941e-008	0.0147217
-1.974441e-008	0.0172119
-1.971941e-008	0.0201172
-1.969441e-008	0.0134766
-1.966941e-008	0.0142578
-1.964441e-008	0.0293457
-1.961941e-008	0.0322022
-1.959441e-008	0.0188965
-1.956941e-008	0.0121094
-1.954441e-008	0.0196777
-1.951941e-008	0.0280518
-1.949441e-008	0.0155518
-1.946941e-008	0.0209717
-1.944441e-008	0.0392578
-1.941941e-008	0.0211914
-1.939441e-008	0.0197266
-1.936941e-008	0.0311279
-1.934441e-008	0.0203857
-1.931941e-008	0.0251709
-1.929441e-008	0.0226563
-1.926941e-008	0.00952149
-1.924441e-008	0.0154297
-1.921941e-008	0.0165283
-1.919441e-008	0.0179199
-1.916941e-008	0.0318359
-1.914441e-008	0.0318604
-1.911941e-008	0.0157471
-1.909441e-008	0.00944825
-1.906941e-008	0.0171631
-1.904441e-008	0.0270508
-1.901941e-008	0.0209961
-1.899441e-008	0.0108399
-1.896941e-008	0.0207031
-1.894441e-008	0.0144775
-1.891941e-008	0.00371095
-1.889441e-008	0.0144531
-1.886941e-008	0.0205811
-1.884441e-008	0.0311035
-1.881941e-008	0.0293945
-1.879441e-008	0.0196289
-1.876941e-008	0.0310059
-1.874441e-008	0.0353272
-1.871941e-008	0.0247803
-1.869441e-008	0.0159668
-1.866941e-008	0.0271973
-1.864441e-008	0.0348877
-1.861941e-008	0.0165527
-1.859441e-008	0.0167236
-1.856941e-008	0.0261475
-1.854441e-008	0.0201172
-1.851941e-008	0.0257324
-1.849441e-008	0.0252441
-1.846941e-008	0.0144287
-1.844441e-008	0.0241455
-1.841941e-008	0.0203857
-1.839441e-008	0.0105957
-1.836941e-008	0.0296875
-1.834441e-008	0.0268799
-1.831941e-008	0.0179688
-1.829441e-008	0.0319336
-1.826941e-008	0.025
-1.824441e-008	0.0190918
-1.821941e-008	0.019458
-1.819441e-008	0.0128418
-1.816941e-008	0.0236328
-1.814441e-008	0.0257324
-1.811941e-008	0.0192139
-1.809441e-008	0.0221436
-1.806941e-008	0.0252441
-1.804441e-008	0.0284424
-1.801941e-008	0.0185303
-1.799441e-008	0.0159912
-1.796941e-008	0.0218018
-1.794441e-008	0.0226807
-1.791941e-008	0.0362793
-1.789441e-008	0.0266602
-1.786941e-008	0.0161621
-1.784441e-008	0.0326172
-1.781941e-008	0.0172607
-1.779441e-008	0.00976563
-1.776941e-008	0.0351807
-1.774441e-008	0.033667
-1.771941e-008	0.0272461
-1.769441e-008	0.0313233
-1.766941e-008	0.0311279
-1.764441e-008	0.0293213
-1.761941e-008	0.00573731
-1.759441e-008	0.000390632
-1.756941e-008	0.0315674
-1.754441e-008	0.0386963
-1.751941e-008	0.0274414
-1.749441e-008	0.0210938
-1.746941e-008	0.021582
-1.744441e-008	0.0303711
-1.741941e-008	0.0293701
-1.739441e-008	0.0273438
-1.736941e-008	0.025293
-1.734441e-008	0.0177734
-1.731941e-008	0.0251953
-1.729441e-008	0.0325195
-1.726941e-008	0.0298584
-1.724441e-008	0.0278076
-1.721941e-008	0.0166016
-1.719441e-008	0.0156738
-1.716941e-008	0.0298828
-1.714441e-008	0.0273438
-1.711941e-008	0.0222656
-1.709441e-008	0.0321777
-1.706941e-008	0.0368164
-1.704441e-008	0.0278565
-1.701941e-008	0.0156006
-1.699441e-008	0.0139404
-1.696941e-008	0.0266113
-1.694441e-008	0.0353272
-1.691941e-008	0.0277832
-1.689441e-008	0.0253174
-1.686941e-008	0.0340088
-1.684441e-008	0.033252
-1.681941e-008	0.0189697
-1.679441e-008	0.00949708
-1.676941e-008	0.0197266
-1.674441e-008	0.0230957
-1.671941e-008	0.0216065
-1.669441e-008	0.028418
-1.666941e-008	0.0164307
-1.664441e-008	0.0152588
-1.661941e-008	0.0313477
-1.659441e-008	0.0299561
-1.656941e-008	0.033374
-1.654441e-008	0.038501
-1.651941e-008	0.0269287
-1.649441e-008	0.0173096
-1.646941e-008	0.0264893
-1.644441e-008	0.0403565
-1.641941e-008	0.0286133
-1.639441e-008	0.0162109
-1.636941e-008	0.027124
-1.634441e-008	0.0258301
-1.631941e-008	0.0217041
-1.629441e-008	0.0306397
-1.626941e-008	0.0259277
-1.624441e-008	0.0216065
-1.621941e-008	0.0253906
-1.619441e-008	0.0292481
-1.616941e-008	0.0359131
-1.614441e-008	0.0246094
-1.611941e-008	0.016333
-1.609441e-008	0.0240234
-1.606941e-008	0.026001
-1.604441e-008	0.026709
-1.601941e-008	0.0103272
-1.599441e-008	0.0067627
-1.596941e-008	0.0254883
-1.594441e-008	0.0227051
-1.591941e-008	0.0287354
-1.589441e-008	0.0241943
-1.586941e-008	0.0105713
-1.584441e-008	0.0269531
-1.581941e-008	0.02146
-1.579441e-008	0.0112305
-1.576941e-008	0.0180664
-1.574441e-008	0.0229248
-1.571941e-008	0.0243164
-1.569441e-008	0.0166992
-1.566941e-008	0.030249
-1.564441e-008	0.0268066
-1.561941e-008	0.00173341
-1.559441e-008	0.0167725
-1.556941e-008	0.0328125
-1.554441e-008	0.027832
-1.551941e-008	0.0231201
-1.549441e-008	0.0244629
-1.546941e-008	0.0282471
-1.544441e-008	0.0193604
-1.541941e-008	0.0125488
-1.539441e-008	0.0152832
-1.536941e-008	0.0111328
-1.534441e-008	0.0121582
-1.531941e-008	0.0291504
-1.529441e-008	0.0345947
-1.526941e-008	0.0272461
-1.524441e-008	0.0244873
-1.521941e-008	0.018457
-1.519441e-008	0.0153809
-1.516941e-008	0.0226074
-1.514441e-008	0.025415
-1.511941e-008	0.00937501
-1.509441e-008	0.00568848
-1.506941e-008	0.0303223
-1.504441e-008	0.0283447
-1.501941e-008	0.0144775
-1.499441e-008	0.0254883
-1.496941e-008	0.0242676
-1.494441e-008	0.0198975
-1.491941e-008	0.0248779
-1.489441e-008	0.0202393
-1.486941e-008	0.0271729
-1.484441e-008	0.0378418
-1.481941e-008	0.0272705
-1.479441e-008	0.0227051
-1.476941e-008	0.0262451
-1.474441e-008	0.021167
-1.471941e-008	0.026294
-1.469441e-008	0.0284912
-1.466941e-008	0.0259033
-1.464441e-008	0.0351318
-1.461941e-008	0.0302979
-1.459441e-008	0.0202393
-1.456941e-008	0.0208496
-1.454441e-008	0.023584
-1.451941e-008	0.023999
-1.449441e-008	0.0157959
-1.446941e-008	0.0130127
-1.444441e-008	0.0224121
-1.441941e-008	0.0329102
-1.439441e-008	0.0273926
-1.436941e-008	0.021875
-1.434441e-008	0.0346436
-1.431941e-008	0.0328125
-1.429441e-008	0.0241943
-1.426941e-008	0.0307617
-1.424441e-008	0.030835
-1.421941e-008	0.0199707
-1.419441e-008	0.0168945
-1.416941e-008	0.020874
-1.414441e-008	0.019751
-1.411941e-008	0.0189209
-1.409441e-008	0.0202393
-1.406941e-008	0.0278565
-1.404441e-008	0.0333984
-1.401941e-008	0.0235596
-1.399441e-008	0.0220459
-1.396941e-008	0.0271729
-1.394441e-008	0.0176758
-1.391941e-008	0.0163818
-1.389441e-008	0.0296631
-1.386941e-008	0.0323731
-1.384441e-008	0.0260986
-1.381941e-008	0.0179443
-1.379441e-008	0.0171387
-1.376941e-008	0.0214356
-1.374441e-008	0.0201416
-1.371941e-008	0.0283447
-1.369441e-008	0.0278565
-1.366941e-008	0.0244385
-1.364441e-008	0.0402588
-1.361941e-008	0.0383545
-1.359441e-008	0.0246094
-1.356941e-008	0.0240479
-1.354441e-008	0.0251465
-1.351941e-008	0.0241211
-1.349441e-008	0.0185791
-1.346941e-008	0.0245361
-1.344441e-008	0.0434082
-1.341941e-008	0.0319092
-1.339441e-008	0.0121094
-1.336941e-008	0.0305664
-1.334441e-008	0.035669
-1.331941e-008	0.0208984
-1.329441e-008	0.020044
-1.326941e-008	0.014624
-1.324441e-008	0.022583
-1.321941e-008	0.0273193
-1.319441e-008	0.0205566
-1.316941e-008	0.0315186
-1.314441e-008	0.0204834
-1.311941e-008	0.0102295
-1.309441e-008	0.027417
-1.306941e-008	0.0281006
-1.304441e-008	0.0172119
-1.301941e-008	0.014209
-1.299441e-008	0.0240967
-1.296941e-008	0.0212647
-1.294441e-008	0.0057129
-1.291941e-008	0.0190186
-1.289441e-008	0.0250488
-1.286941e-008	0.0146973
-1.284441e-008	0.0263184
-1.281941e-008	0.026001
-1.279441e-008	0.0138916
-1.276941e-008	0.0226563
-1.274441e-008	0.0217774
-1.271941e-008	0.0100342
-1.269441e-008	0.0222656
-1.266941e-008	0.0382324
-1.264441e-008	0.0298584
-1.261941e-008	0.0202637
-1.259441e-008	0.0249512
-1.256941e-008	0.0293945
-1.254441e-008	0.0310059
-1.251941e-008	0.0322754
-1.249441e-008	0.030127
-1.246941e-008	0.0254883
-1.244441e-008	0.0212891
-1.241941e-008	0.0160889
-1.239441e-008	0.0119141
-1.236941e-008	0.0192627
-1.234441e-008	0.025
-1.231941e-008	0.0100342
-1.229441e-008	0.00219727
-1.226941e-008	0.0229981
-1.224441e-008	0.0352295
-1.221941e-008	0.0240723
-1.219441e-008	0.0213379
-1.216941e-008	0.0230957
-1.214441e-008	0.018457
-1.211941e-008	0.0191162
-1.209441e-008	0.0125732
-1.206941e-008	0.00634766
-1.204441e-008	0.00827637
-1.201941e-008	0.00515137
-1.199441e-008	0.0167481
-1.196941e-008	0.0259277
-1.194441e-008	0.0211914
-1.191941e-008	0.0312012
-1.189441e-008	0.0313477
-1.186941e-008	0.0297608
-1.184441e-008	0.0359863
-1.181941e-008	0.0241699
-1.179441e-008	0.019165
-1.176941e-008	0.0180908
-1.174441e-008	0.0179932
-1.171941e-008	0.0237061
-1.169441e-008	0.0127441
-1.166941e-008	0.0169922
-1.164441e-008	0.0285645
-1.161941e-008	0.0199951
-1.159441e-008	0.0242676
-1.156941e-008	0.0196045
-1.154441e-008	0.00532227
-1.151941e-008	0.0116699
-1.149441e-008	0.0134277
-1.146941e-008	0.0239258
-1.144441e-008	0.0338867
-1.141941e-008	0.0141846
-1.139441e-008	0.0083252
-1.136941e-008	0.0196289
-1.134441e-008	0.0181885
-1.131941e-008	0.00656739
-1.129441e-008	0.00256348
-1.126941e-008	0.0165772
-1.124441e-008	0.0171387
-1.121941e-008	0.0129395
-1.119441e-008	0.0264649
-1.116941e-008	0.0186768
-1.114441e-008	0.00908204
-1.111941e-008	0.0281006
-1.109441e-008	0.0328613
-1.106941e-008	0.0193115
-1.104441e-008	0.0169678
-1.101941e-008	0.0243408
-1.099441e-008	0.0214111
-1.096941e-008	0.0124024
-1.094441e-008	0.0213135
-1.091941e-008	0.0256836
-1.089441e-008	0.0129639
-1.086941e-008	0.0162354
-1.084441e-008	0.0247315
-1.081941e-008	0.0183594
-1.079441e-008	0.0157959
-1.076941e-008	0.0224121
-1.074441e-008	0.0279785
-1.071941e-008	0.0247559
-1.069441e-008	0.0184326
-1.066941e-008	0.0221924
-1.064441e-008	0.020874
-1.061941e-008	0.0122559
-1.059441e-008	0.0161133
-1.056941e-008	0.0267822
-1.054441e-008	0.0260986
-1.051941e-008	0.0142334
-1.049441e-008	0.0138916
-1.046941e-008	0.0270264
-1.044441e-008	0.0298096
-1.041941e-008	0.0196533
-1.039441e-008	0.0140137
-1.036941e-008	0.0164307
-1.034441e-008	0.0210449
-1.031941e-008	0.0242188
-1.029441e-008	0.0193115
-1.026941e-008	0.0203857
-1.024441e-008	0.023999
-1.021941e-008	0.0149902
-1.019441e-008	0.0225586
-1.016941e-008	0.0344971
-1.014441e-008	0.0235596
-1.011941e-008	0.0233643
-1.009441e-008	0.0282471
-1.006941e-008	0.0245117
-1.004441e-008	0.0311035
-1.001941e-008	0.0252441
-9.99441e-009	0.0157715
-9.96941e-009	0.0277344
-9.94441e-009	0.0319092
-9.91941e-009	0.0303711
-9.89441e-009	0.0292481
-9.86941e-009	0.017334
-9.84441e-009	0.0097168
-9.81941e-009	0.013794
-9.79441e-009	0.0242432
-9.76941e-009	0.0271973
-9.74441e-009	0.0252441
-9.71941e-009	0.0260742
-9.69441e-009	0.0213135
-9.66941e-009	0.0279541
-9.64441e-009	0.0359131
-9.61941e-009	0.0246094
-9.59441e-009	0.0156006
-9.56941e-009	0.0187012
-9.54441e-009	0.0254883
-9.51941e-009	0.0206787
-9.49441e-009	0.0130859
-9.46941e-009	0.019043
-9.44441e-009	0.0293457
-9.41941e-009	0.0310547
-9.39441e-009	0.0151367
-9.36941e-009	0.0153565
-9.34441e-009	0.032666
-9.31941e-009	0.0240234
-9.29441e-009	0.0188965
-9.26941e-009	0.0316162
-9.24441e-009	0.0274414
-9.21941e-009	0.0178955
-9.19441e-009	0.0238281
-9.16941e-009	0.0250244
-9.14441e-009	0.0148438
-9.11941e-009	0.0155274
-9.09441e-009	0.0253662
-9.06941e-009	0.0234131
-9.04441e-009	0.0163086
-9.01941e-009	0.018457
-8.99441e-009	0.0246094
-8.96941e-009	0.0351563
-8.94441e-009	0.0296631
-8.91941e-009	0.0152832
-8.89441e-009	0.0201172
-8.86941e-009	0.0174805
-8.84441e-009	0.0211914
-8.81941e-009	0.0304688
-8.79441e-009	0.0198975
-8.76941e-009	0.0164307
-8.74441e-009	0.018335
-8.71941e-009	0.0131592
-8.69441e-009	0.00893555
-8.66941e-009	0.0199951
-8.64441e-009	0.0203613
-8.61941e-009	0.00576173
-8.59441e-009	0.0166748
-8.56941e-009	0.0196045
-8.54441e-009	0.0188721
-8.51941e-009	0.0345947
-8.49441e-009	0.0260254
-8.46941e-009	0.0191162
-8.44441e-009	0.0314209
-8.41941e-009	0.0295166
-8.39441e-009	0.024292
-8.36941e-009	0.03125
-8.34441e-009	0.0327637
-8.31941e-009	0.0214844
-8.29441e-009	0.0175537
-8.26941e-009	0.0336182
-8.24441e-009	0.0357178
-8.21941e-009	0.0149414
-8.19441e-009	0.0139404
-8.16941e-009	0.0269287
-8.14441e-009	0.03479
-8.11941e-009	0.0359131
-8.09441e-009	0.0165772
-8.06941e-009	0.00217286
-8.04441e-009	0.0125244
-8.01941e-009	0.0234375
-7.99441e-009	0.0239258
-7.96941e-009	0.0213623
-7.94441e-009	0.024707
-7.91941e-009	0.0254395
-7.89441e-009	0.0120606
-7.86941e-009	0.00378419
-7.84441e-009	0.00734864
-7.81941e-009	0.0105713
-7.79441e-009	0.0151611
-7.76941e-009	0.0223389
-7.74441e-009	0.0278809
-7.71941e-009	0.0239014
-7.69441e-009	0.0219238
-7.66941e-009	0.0341309
-7.64441e-009	0.0290527
-7.61941e-009	0.0119629
-7.59441e-009	0.0146484
-7.56941e-009	0.016626
-7.54441e-009	0.0187012
-7.51941e-009	0.0272949
-7.49441e-009	0.0221924
-7.46941e-009	0.0285645
-7.44441e-009	0.0382568
-7.41941e-009	0.0112305
-7.39441e-009	-0.0024414
-7.36941e-009	0.0229248
-7.34441e-009	0.0348877
-7.31941e-009	0.0238281
-7.29441e-009	0.0160156
-7.26941e-009	0.0272217
-7.24441e-009	0.034668
-7.21941e-009	0.0214111
-7.19441e-009	0.0175293
-7.16941e-009	0.0166992
-7.14441e-009	0.0158447
-7.11941e-009	0.0305176
-7.09441e-009	0.0295899
-7.06941e-009	0.0219727
-7.04441e-009	0.0335205
-7.01941e-009	0.0359375
-6.99441e-009	0.0239746
-6.96941e-009	0.0241455
-6.94441e-009	0.031665
-6.91941e-009	0.0227295
-6.89441e-009	0.0133301
-6.86941e-009	0.0233399
-6.84441e-009	0.0267822
-6.81941e-009	0.0206543
-6.79441e-009	0.0221191
-6.76941e-009	0.0211426
-6.74441e-009	0.019165
-6.71941e-009	0.0254639
-6.69441e-009	0.0273193
-6.66941e-009	0.0257568
-6.64441e-009	0.0270508
-6.61941e-009	0.0184326
-6.59441e-009	0.00764161
-6.56941e-009	0.0060547
-6.54441e-009	0.0168945
-6.51941e-009	0.0296143
-6.49441e-009	0.0210693
-6.46941e-009	0.0117432
-6.44441e-009	0.0142822
-6.41941e-009	0.0116943
-6.39441e-009	0.0126221
-6.36941e-009	0.0259766
-6.34441e-009	0.0298584
-6.31941e-009	0.0246094
-6.29441e-009	0.0351807
-6.26941e-009	0.0341309
-6.24441e-009	0.0176025
-6.21941e-009	0.0100586
-6.19441e-009	0.0130859
-6.16941e-009	0.0345459
-6.14441e-009	0.0359863
-6.11941e-009	0.00805665
-6.09441e-009	0.00219727
-6.06941e-009	0.0269775
-6.04441e-009	0.0344971
-6.01941e-009	0.0136231
-5.99441e-009	0.0154541
-5.96941e-009	0.0185791
-5.94441e-009	0.0170166
-5.91941e-009	0.0292969
-5.89441e-009	0.0211426
-5.86941e-009	0.0272949
-5.84441e-009	0.0267578
-5.81941e-009	0.00366212
-5.79441e-009	0.0177979
-5.76941e-009	0.0225586
-5.74441e-009	0.014502
-5.71941e-009	0.0169922
-5.69441e-009	0.00954591
-5.66941e-009	0.0234375
-5.64441e-009	0.0331543
-5.61941e-009	0.0182861
-5.59441e-009	0.0137695
-5.56941e-009	0.020459
-5.54441e-009	0.029126
-5.51941e-009	0.0192139
-5.49441e-009	0.0088379
-5.46941e-009	0.0244141
-5.44441e-009	0.0303467
-5.41941e-009	0.0195068
-5.39441e-009	0.0142334
-5.36941e-009	0.0163086
-5.34441e-009	0.0143799
-5.31941e-009	0.011499
-5.29441e-009	0.0212158
-5.26941e-009	0.0269287
-5.24441e-009	0.029834
-5.21941e-009	0.0333496
-5.19441e-009	0.0215332
-5.16941e-009	0.0156494
-5.14441e-009	0.0234619
-5.11941e-009	0.0192139
-5.09441e-009	0.0105225
-5.06941e-009	0.0270264
-5.04441e-009	0.0362793
-5.01941e-009	0.0152344
-4.99441e-009	0.020459
-4.96941e-009	0.0362549
-4.94441e-009	0.0213623
-4.91941e-009	0.012207
-4.89441e-009	0.00859376
-4.86941e-009	0.0111572
-4.84441e-009	0.0303223
-4.81941e-009	0.0260498
-4.79441e-009	0.0170166
-4.76941e-009	0.0270752
-4.74441e-009	0.02229
-4.71941e-009	0.0234619
-4.69441e-009	0.0422852
-4.66941e-009	0.0363037
-4.64441e-009	0.0169922
-4.61941e-009	0.0158447
-4.59441e-009	0.0174805
-4.56941e-009	0.0187744
-4.54441e-009	0.0240479
-4.51941e-009	0.0177002
-4.49441e-009	0.0139649
-4.46941e-009	0.0223389
-4.44441e-009	0.0193115
-4.41941e-009	0.0134277
-4.39441e-009	0.0269531
-4.36941e-009	0.0320068
-4.34441e-009	0.0184326
-4.31941e-009	0.0171387
-4.29441e-009	0.0187988
-4.26941e-009	0.0173584
-4.24441e-009	0.0163818
-4.21941e-009	0.00617677
-4.19441e-009	0.00939942
-4.16941e-009	0.0219727
-4.14441e-009	0.0245606
-4.11941e-009	0.0238037
-4.09441e-009	0.0188721
-4.06941e-009	0.0243164
-4.04441e-009	0.0311035
-4.01941e-009	0.024707
-3.99441e-009	0.0286377
-3.96941e-009	0.0331299
-3.94441e-009	0.022876
-3.91941e-009	0.0193848
-3.89441e-009	0.0249756
-3.86941e-009	0.026416
-3.84441e-009	0.0244873
-3.81941e-009	0.0236816
-3.79441e-009	0.0306152
-3.76941e-009	0.0338135
-3.74441e-009	0.022168
-3.71941e-009	0.019458
-3.69441e-009	0.0250244
-3.66941e-009	0.0249756
-3.64441e-009	0.0266846
-3.61941e-009	0.0228027
-3.59441e-009	0.0153076
-3.56941e-009	0.010791
-3.54441e-009	0.0106934
-3.51941e-009	0.0196045
-3.49441e-009	0.0201904
-3.46941e-009	0.0195801
-3.44441e-009	0.0233643
-3.41941e-009	0.0219482
-3.39441e-009	0.0280029
-3.36941e-009	0.0198731
-3.34441e-009	0.00888673
-3.31941e-009	0.0171631
-3.29441e-009	0.0203125
-3.26941e-009	0.0313233
-3.24441e-009	0.0295654
-3.21941e-009	0.00700684
-3.19441e-009	0.0130371
-3.16941e-009	0.0286133
-3.14441e-009	0.0253662
-3.11941e-009	0.017627
-3.09441e-009	0.0222168
-3.06941e-009	0.0341065
-3.04441e-009	0.0367432
-3.01941e-009	0.0359619
-2.99441e-009	0.0273438
-2.96941e-009	0.0138428
-2.94441e-009	0.0171143
-2.91941e-009	0.029126
-2.89441e-009	0.0305664
-2.86941e-009	0.0280762
-2.84441e-009	0.0328858
-2.81941e-009	0.0318848
-2.79441e-009	0.0259277
-2.76941e-009	0.026709
-2.74441e-009	0.022583
-2.71941e-009	0.0179443
-2.69441e-009	0.0195557
-2.66941e-009	0.0240479
-2.64441e-009	0.0266846
-2.61941e-009	0.0154785
-2.59441e-009	0.0147461
-2.56941e-009	0.0280762
-2.54441e-009	0.0204834
-2.51941e-009	0.0127441
-2.49441e-009	0.0138428
-2.46941e-009	0.00612794
-2.44441e-009	0.0128418
-2.41941e-009	0.0257568
-2.39441e-009	0.019751
-2.36941e-009	0.0161377
-2.34441e-009	0.0239502
-2.31941e-009	0.0212647
-2.29441e-009	0.00979005
-2.26941e-009	0.0154297
-2.24441e-009	0.0238281
-2.21941e-009	0.0212402
-2.19441e-009	0.0281983
-2.16941e-009	0.0233154
-2.14441e-009	0.0104981
-2.11941e-009	0.0178223
-2.09441e-009	0.0162354
-2.06941e-009	0.0119873
-2.04441e-009	0.0202637
-2.01941e-009	0.0104492
-1.99441e-009	0.00310059
-1.96941e-009	0.0249268
-1.94441e-009	0.0316162
-1.91941e-009	0.0147217
-1.89441e-009	0.0084961
-1.86941e-009	0.0196777
-1.84441e-009	0.0329834
-1.81941e-009	0.027002
-1.79441e-009	0.023584
-1.76941e-009	0.032959
-1.74441e-009	0.0328125
-1.71941e-009	0.0217285
-1.69441e-009	0.0104736
-1.66941e-009	0.0259277
-1.64441e-009	0.0353272
-1.61941e-009	0.0190918
-1.59441e-009	0.0221191
-1.56941e-009	0.0233154
-1.54441e-009	0.0176514
-1.51941e-009	0.0219238
-1.49441e-009	0.0254395
-1.46941e-009	0.0344971
-1.44441e-009	0.0300049
-1.41941e-009	0.0210693
-1.39441e-009	0.0241943
-1.36941e-009	0.0192627
-1.34441e-009	0.02229
-1.31941e-009	0.035791
-1.29441e-009	0.0325684
-1.26941e-009	0.0214111
-1.24441e-009	0.0197266
-1.21941e-009	0.0148926
-1.19441e-009	0.0138184
-1.16941e-009	0.0309815
-1.14441e-009	0.0301025
-1.11941e-009	0.013916
-1.09441e-009	0.0257568
-1.06941e-009	0.0384522
-1.04441e-009	0.0252197
-1.01941e-009	0.0166504
-9.944097e-010	0.0167725
-9.694097e-010	0.0180664
-9.444097e-010	0.0223389
-9.194097e-010	0.0185303
-8.944097e-010	0.0188965
-8.694097e-010	0.0227783
-8.444097e-010	0.0172607
-8.194097e-010	0.0165039
-7.944097e-010	0.0206787
-7.694097e-010	0.0223877
-7.444097e-010	0.024292
-7.194097e-010	0.0187744
-6.944097e-010	0.00705567
-6.694097e-010	0.0206543
-6.444097e-010	0.0373535
-6.194097e-010	0.0209717
-5.944097e-010	0.0155274
-5.694097e-010	0.0229492
-5.444097e-010	0.0164551
-5.194097e-010	0.0204102
-4.944097e-010	0.027002
-4.694097e-010	0.025
-4.444097e-010	0.0335449
-4.194097e-010	0.0321533
-3.944097e-010	0.0165527
-3.694097e-010	0.0185547
-3.444097e-010	0.0151123
-3.194097e-010	-0.00654296
-2.944097e-010	-0.0156006
-2.694097e-010	-0.0182129
-2.444097e-010	-0.0332031
-2.194097e-010	-0.044165
-1.944097e-010	-0.0504639
-1.694097e-010	-0.073999
-1.444097e-010	-0.0995605
-1.194097e-010	-0.122437
-9.440972e-011	-0.152026
-6.940972e-011	-0.174097
-4.440972e-011	-0.193457
-1.940972e-011	-0.222583
5.590278e-012	-0.257593
3.059028e-011	-0.286816
5.559028e-011	-0.319702
8.059028e-011	-0.357275
1.055903e-010	-0.379663
1.305903e-010	-0.402881
1.555903e-010	-0.428125
1.805903e-010	-0.450537
2.055903e-010	-0.479028
2.305903e-010	-0.488013
2.555903e-010	-0.482422
2.805903e-010	-0.48894
3.055903e-010	-0.498291
3.305903e-010	-0.502734
3.555903e-010	-0.502759
3.805903e-010	-0.487158
4.055903e-010	-0.465601
4.305903e-010	-0.451782
4.555903e-010	-0.422754
4.805903e-010	-0.399048
5.055903e-010	-0.391821
5.305903e-010	-0.366553
5.555903e-010	-0.341113
5.805903e-010	-0.300562
6.055903e-010	-0.246484
6.305903e-010	-0.219434
6.555903e-010	-0.19519
6.805903e-010	-0.174243
7.055903e-010	-0.149707
7.305903e-010	-0.115991
7.555903e-010	-0.0990234
7.805903e-010	-0.083374
8.055903e-010	-0.0658935
8.305903e-010	-0.050293
8.555903e-010	-0.033081
8.805903e-010	-0.0172119
9.055903e-010	-0.00620116
9.305903e-010	0.00632325
9.555903e-010	0.0221191
9.805903e-010	0.0215332
1.00559e-009	0.0279053
1.03059e-009	0.0393066
1.05559e-009	0.0327149
1.08059e-009	0.0342774
1.10559e-009	0.0412109
1.13059e-009	0.0491211
1.15559e-009	0.0583984
1.18059e-009	0.0565674
1.20559e-009	0.0584961
1.23059e-009	0.0660645
1.25559e-009	0.0609131
1.28059e-009	0.0482666
1.30559e-009	0.0516358
1.33059e-009	0.0617676
1.35559e-009	0.0560547
1.38059e-009	0.053418
1.40559e-009	0.061377
1.43059e-009	0.0522949
1.45559e-009	0.0347412
1.48059e-009	0.0307129
1.50559e-009	0.0302246
1.53059e-009	0.0424805
1.55559e-009	0.0491455
1.58059e-009	0.0220215
1.60559e-009	0.00705567
1.63059e-009	0.0132324
1.65559e-009	0.0146973
1.68059e-009	0.0175781
1.70559e-009	0.014209
1.73059e-009	0.0107178
1.75559e-009	0.0105713
1.78059e-009	0.0041504
1.80559e-009	-0.00668945
1.83059e-009	-0.0129883
1.85559e-009	0.00515137
1.88059e-009	0.018335
1.90559e-009	0.00126954
1.93059e-009	-0.0105957
1.95559e-009	-0.00883788
1.98059e-009	-0.00461425
2.00559e-009	0.00222169
2.03059e-009	0.00439454
2.05559e-009	0.00903321
2.08059e-009	0.0237793
2.10559e-009	0.0259277
2.13059e-009	0.0207764
2.15559e-009	0.0255127
2.18059e-009	0.025293
2.20559e-009	0.0287598
2.23059e-009	0.0304688
2.25559e-009	0.0247315
2.28059e-009	0.0316895
2.30559e-009	0.0315674
2.33059e-009	0.0320313
2.35559e-009	0.0367676
2.38059e-009	0.0225586
2.40559e-009	0.0260986
2.43059e-009	0.0401856
2.45559e-009	0.033252
2.48059e-009	0.0310303
2.50559e-009	0.0270508
2.53059e-009	0.0272217
2.55559e-009	0.0415039
2.58059e-009	0.029126
2.60559e-009	0.018457
2.63059e-009	0.0344238
2.65559e-009	0.0330811
2.68059e-009	0.0291748
2.70559e-009	0.0284424
2.73059e-009	0.0227295
2.75559e-009	0.0329346
2.78059e-009	0.0283936
2.80559e-009	0.0197998
2.83059e-009	0.0303223
2.85559e-009	0.0272217
2.88059e-009	0.0228516
2.90559e-009	0.0225586
2.93059e-009	0.0272217
2.95559e-009	0.0304688
2.98059e-009	0.00974122
3.00559e-009	0.0104981
3.03059e-009	0.0310547
3.05559e-009	0.0285889
3.08059e-009	0.01521
3.10559e-009	0.00747071
3.13059e-009	0.0199219
3.15559e-009	0.0354981
3.18059e-009	0.0289551
3.20559e-009	0.0188232
3.23059e-009	0.0163574
3.25559e-009	0.0246338
3.28059e-009	0.0398193
3.30559e-009	0.033667
3.33059e-009	0.0248535
3.35559e-009	0.0360596
3.38059e-009	0.0280029
3.40559e-009	0.0247315
3.43059e-009	0.0509033
3.45559e-009	0.0479981
3.48059e-009	0.0302246
3.50559e-009	0.0269775
3.53059e-009	0.0216553
3.55559e-009	0.0388428
3.58059e-009	0.0532959
3.60559e-009	0.0259277
3.63059e-009	0.00993653
3.65559e-009	0.0265625
3.68059e-009	0.0323731
3.70559e-009	0.0286865
3.73059e-009	0.0331299
3.75559e-009	0.0270264
3.78059e-009	0.0181641
3.80559e-009	0.0107178
3.83059e-009	0.00356446
3.85559e-009	0.0114258
3.88059e-009	0.00593262
3.90559e-009	-0.00598144
3.93059e-009	0.00720216
3.95559e-009	0.0192383
3.98059e-009	0.0084961
4.00559e-009	-0.00217284
4.03059e-009	-0.000732414
4.05559e-009	-0.00339355
4.08059e-009	0.00178223
4.10559e-009	0.00661622
4.13059e-009	-0.000195305
4.15559e-009	0.0142334
4.18059e-009	0.0262695
4.20559e-009	0.00786134
4.23059e-009	0.00344239
4.25559e-009	0.0175537
4.28059e-009	0.0204834
4.30559e-009	0.0236084
4.33059e-009	0.0306152
4.35559e-009	0.0367188
4.38059e-009	0.0321777
4.40559e-009	0.0195068
4.43059e-009	0.032544
4.45559e-009	0.0538818
4.48059e-009	0.0497803
4.50559e-009	0.0492188
4.53059e-009	0.067041
4.55559e-009	0.0509033
4.58059e-009	0.01521
4.60559e-009	0.0314941
4.63059e-009	0.0572754
4.65559e-009	0.039624
4.68059e-009	0.0210938
4.70559e-009	0.0332764
4.73059e-009	0.0470459
4.75559e-009	0.0423096
4.78059e-009	0.0375244
4.80559e-009	0.0315918
4.83059e-009	0.0269531
4.85559e-009	0.0259033
4.88059e-009	0.0166748
4.90559e-009	0.00327149
4.93059e-009	0.000244148
4.95559e-009	0.0158447
4.98059e-009	0.0149414
5.00559e-009	0.00236817
5.03059e-009	0.00512696
5.05559e-009	-4.88207e-005
5.08059e-009	-0.000292961
5.10559e-009	0.00139161
5.13059e-009	-0.00502929
5.15559e-009	0.00227052
5.18059e-009	0.00742188
5.20559e-009	-0.00148925
5.23059e-009	-0.0067871
5.25559e-009	-0.00109863
5.28059e-009	0.00317384
5.30559e-009	0.00031739
5.33059e-009	-0.00344238
5.35559e-009	0.0052002
5.38059e-009	0.0151611
5.40559e-009	0.0145264
5.43059e-009	0.0250244
5.45559e-009	0.0171631
5.48059e-009	0.00231934
5.50559e-009	0.0210205
5.53059e-009	0.029541
5.55559e-009	0.0224121
5.58059e-009	0.0156982
5.60559e-009	0.017749
5.63059e-009	0.0362793
5.65559e-009	0.0418701
5.68059e-009	0.0361572
5.70559e-009	0.0271729
5.73059e-009	0.0239746
5.75559e-009	0.0342041
5.78059e-009	0.0241699
5.80559e-009	0.0214111
5.83059e-009	0.0428467
5.85559e-009	0.045044
5.88059e-009	0.0431885
5.90559e-009	0.030127
5.93059e-009	0.0192383
5.95559e-009	0.0441406
5.98059e-009	0.0503906
6.00559e-009	0.0348145
6.03059e-009	0.020044
6.05559e-009	0.00720216
6.08059e-009	0.0218506
6.10559e-009	0.0358643
6.13059e-009	0.0265137
6.15559e-009	0.0204834
6.18059e-009	0.0246338
6.20559e-009	0.0321045
6.23059e-009	0.0290527
6.25559e-009	0.0195801
6.28059e-009	0.0283936
6.30559e-009	0.0264649
6.33059e-009	0.00153809
6.35559e-009	0.00263673
6.38059e-009	0.0170166
6.40559e-009	0.0132568
6.43059e-009	0.0120606
6.45559e-009	0.0140381
6.48059e-009	0.0121826
6.50559e-009	0.017627
6.53059e-009	0.0197754
6.55559e-009	0.0127441
6.58059e-009	0.00146485
6.60559e-009	-0.00847167
6.63059e-009	-0.00288085
6.65559e-009	0.00859376
6.68059e-009	0.0233399
6.70559e-009	0.0303711
6.73059e-009	0.0141602
6.75559e-009	0.00952149
6.78059e-009	0.0131104
6.80559e-009	0.0104248
6.83059e-009	0.0166504
6.85559e-009	0.0180176
6.88059e-009	0.0135254
6.90559e-009	0.00966798
6.93059e-009	0.0162842
6.95559e-009	0.0314941
6.98059e-009	0.0233887
7.00559e-009	0.0157959
7.03059e-009	0.0280762
7.05559e-009	0.0304443
7.08059e-009	0.0239502
7.10559e-009	0.0188232
7.13059e-009	0.0243164
7.15559e-009	0.0286377
7.18059e-009	0.0211914
7.20559e-009	0.0291504
7.23059e-009	0.0302002
7.25559e-009	0.0196777
7.28059e-009	0.0268066
7.30559e-009	0.0207275
7.33059e-009	0.0133789
7.35559e-009	0.0228027
7.38059e-009	0.0178223
7.40559e-009	0.0145752
7.43059e-009	0.0161865
7.45559e-009	0.00627442
7.48059e-009	0.00927735
7.50559e-009	0.0318604
7.53059e-009	0.0311524
7.55559e-009	0.00534669
7.58059e-009	0.00895997
7.60559e-009	0.0256348
7.63059e-009	0.0236084
7.65559e-009	0.0219971
7.68059e-009	0.0184815
7.70559e-009	0.0164551
7.73059e-009	0.0236328
7.75559e-009	0.0188721
7.78059e-009	0.00690919
7.80559e-009	0.016333
7.83059e-009	0.0324707
7.85559e-009	0.0308594
7.88059e-009	0.0234863
7.90559e-009	0.0192383
7.93059e-009	0.0310547
7.95559e-009	0.0484619
7.98059e-009	0.0330566
8.00559e-009	0.0156738
8.03059e-009	0.027124
8.05559e-009	0.0322022
8.08059e-009	0.0218018
8.10559e-009	0.0182861
8.13059e-009	0.0303955
8.15559e-009	0.0373779
8.18059e-009	0.0246338
8.20559e-009	0.0165527
8.23059e-009	0.0223145
8.25559e-009	0.0252197
8.28059e-009	0.0253418
8.30559e-009	0.0259277
8.33059e-009	0.0250488
8.35559e-009	0.0240479
8.38059e-009	0.0207275
8.40559e-009	0.0222412
8.43059e-009	0.026001
8.45559e-009	0.0164551
8.48059e-009	-0.00483398
8.50559e-009	-0.00781249
8.53059e-009	0.0234131
8.55559e-009	0.0275391
8.58059e-009	0.00712891
8.60559e-009	0.014624
8.63059e-009	0.00808106
8.65559e-009	-0.00307616
8.68059e-009	0.0129639
8.70559e-009	0.01521
8.73059e-009	0.00114747
8.75559e-009	0.00202637
8.78059e-009	0.0146729
8.80559e-009	0.021167
8.83059e-009	0.0275391
8.85559e-009	0.0220703
8.88059e-009	0.00954591
8.90559e-009	0.0172119
8.93059e-009	0.0210449
8.95559e-009	0.0250244
8.98059e-009	0.0353516
9.00559e-009	0.0292725
9.03059e-009	0.0272461
9.05559e-009	0.0256592
9.08059e-009	0.0152588
9.10559e-009	0.026416
9.13059e-009	0.045874
9.15559e-009	0.0391602
9.18059e-009	0.0277832
9.20559e-009	0.0330322
9.23059e-009	0.0349854
9.25559e-009	0.0306641
9.28059e-009	0.0294434
9.30559e-009	0.0278565
9.33059e-009	0.0314697
9.35559e-009	0.0306885
9.38059e-009	0.0215088
9.40559e-009	0.0244629
9.43059e-009	0.0233887
9.45559e-009	0.0133301
9.48059e-009	0.0176514
9.50559e-009	0.017749
9.53059e-009	0.00344239
9.55559e-009	0.00422364
9.58059e-009	0.0101318
9.60559e-009	0.00788575
9.63059e-009	0.0212158
9.65559e-009	0.023291
9.68059e-009	0.00493165
9.70559e-009	0.0019043
9.73059e-009	0.00590821
9.75559e-009	0.0060547
9.78059e-009	0.00954591
9.80559e-009	0.0193604
9.83059e-009	0.00935059
9.85559e-009	-0.00551757
9.88059e-009	-0.00119628
9.90559e-009	-0.00327148
9.93059e-009	0.016333
9.95559e-009	0.0311768
9.98059e-009	0.0126709
1.000559e-008	0.0115479
1.003059e-008	0.0123779
1.005559e-008	0.0143799
1.008059e-008	0.0237549
1.010559e-008	0.0201172
1.013059e-008	0.0240479
1.015559e-008	0.031543
1.018059e-008	0.0136475
1.020559e-008	0.00295411
1.023059e-008	0.0279297
1.025559e-008	0.0364014
1.028059e-008	0.0359863
1.030559e-008	0.0459961
1.033059e-008	0.0366211
1.035559e-008	0.0301514
1.038059e-008	0.0274658
1.040559e-008	0.0223877
1.043059e-008	0.0244629
1.045559e-008	0.0256592
1.048059e-008	0.0320313
1.050559e-008	0.0378906
1.053059e-008	0.0364502
1.055559e-008	0.0262207
1.058059e-008	0.0160645
1.060559e-008	0.0244385
1.063059e-008	0.03125
1.065559e-008	0.0239746
1.068059e-008	0.0302246
1.070559e-008	0.0352295
1.073059e-008	0.0272217
1.075559e-008	0.0336182
1.078059e-008	0.0293457
1.080559e-008	0.0155518
1.083059e-008	0.0226318
1.085559e-008	0.0271729
1.088059e-008	0.0212647
1.090559e-008	0.0084961
1.093059e-008	0.00583497
1.095559e-008	0.0200684
1.098059e-008	0.0266602
1.100559e-008	0.0202149
1.103059e-008	0.000537117
1.105559e-008	0.000537117
1.108059e-008	0.0204102
1.110559e-008	0.0127686
1.113059e-008	0.00825196
1.115559e-008	0.0195801
1.118059e-008	0.0114502
1.120559e-008	0.012207
1.123059e-008	0.0249512
1.125559e-008	0.0159668
1.128059e-008	0.00378419
1.130559e-008	0.000463875
1.133059e-008	0.0139649
1.135559e-008	0.032544
1.138059e-008	0.023584
1.140559e-008	0.0184082
1.143059e-008	0.0262207
1.145559e-008	0.0195313
1.148059e-008	0.00354005
1.150559e-008	-0.00217284
1.153059e-008	0.0174316
1.155559e-008	0.0199951
1.158059e-008	-0.000830071
1.160559e-008	0.0131836
1.163059e-008	0.0331299
1.165559e-008	0.0248535
1.168059e-008	0.0115967
1.170559e-008	9.76637e-005
1.173059e-008	0.0125732
1.175559e-008	0.0321289
1.178059e-008	0.0212891
1.180559e-008	0.0125977
1.183059e-008	0.0172607
1.185559e-008	0.0264893
1.188059e-008	0.0263672
1.190559e-008	0.0115967
1.193059e-008	0.0175781
1.195559e-008	0.0137207
1.198059e-008	-0.000219719
1.200559e-008	0.021875
1.203059e-008	0.0283691
1.205559e-008	0.0168457
1.208059e-008	0.0239014
1.210559e-008	0.0212158
1.213059e-008	0.0210205
1.215559e-008	0.0269775
1.218059e-008	0.0169434
1.220559e-008	0.0211914
1.223059e-008	0.0333496
1.225559e-008	0.0238281
1.228059e-008	0.0230713
1.230559e-008	0.0352539
1.233059e-008	0.0355225
1.235559e-008	0.0350342
1.238059e-008	0.0325928
1.240559e-008	0.0272949
1.243059e-008	0.0321777
1.245559e-008	0.0330322
1.248059e-008	0.0338379
1.250559e-008	0.0498779
1.253059e-008	0.0503418
1.255559e-008	0.0330322
1.258059e-008	0.0336914
1.260559e-008	0.0335449
1.263059e-008	0.0247315
1.265559e-008	0.0270996
1.268059e-008	0.0265381
1.270559e-008	0.0251465
1.273059e-008	0.025708
1.275559e-008	0.0159424
1.278059e-008	0.00664063
1.280559e-008	0.0125
1.283059e-008	0.0246582
1.285559e-008	0.027002
1.288059e-008	0.025415
1.290559e-008	0.0213623
1.293059e-008	0.0233154
1.295559e-008	0.0295899
1.298059e-008	0.0193115
1.300559e-008	0.014502
1.303059e-008	0.0179199
1.305559e-008	0.0121338
1.308059e-008	0.0117188
1.310559e-008	0.0120117
1.313059e-008	0.014624
1.315559e-008	0.0274414
1.318059e-008	0.0240723
1.320559e-008	0.00930177
1.323059e-008	0.0118652
1.325559e-008	0.0159912
1.328059e-008	0.0126221
1.330559e-008	0.0131348
1.333059e-008	0.0249268
1.335559e-008	0.0353516
1.338059e-008	0.0212402
1.340559e-008	0.0144775
1.343059e-008	0.0273438
1.345559e-008	0.0279053
1.348059e-008	0.0276367
1.350559e-008	0.0272705
1.353059e-008	0.0241211
1.355559e-008	0.0330078
1.358059e-008	0.0268555
1.360559e-008	0.0180908
1.363059e-008	0.0339356
1.365559e-008	0.0339111
1.368059e-008	0.023877
1.370559e-008	0.0252441
1.373059e-008	0.0271484
1.375559e-008	0.0326904
1.378059e-008	0.0269043
1.380559e-008	0.0306152
1.383059e-008	0.0445068
1.385559e-008	0.0350586
1.388059e-008	0.0358887
1.390559e-008	0.0338867
1.393059e-008	0.0220703
1.395559e-008	0.0251953
1.398059e-008	0.00595704
1.400559e-008	0.00817872
1.403059e-008	0.0292481
1.405559e-008	0.00751954
1.408059e-008	0.0137695
1.410559e-008	0.0242676
1.413059e-008	0.00512696
1.415559e-008	0.0180176
1.418059e-008	0.00893555
1.420559e-008	-0.0067871
1.423059e-008	0.0105957
1.425559e-008	0.00356446
1.428059e-008	0.00546876
1.430559e-008	0.0148193
1.433059e-008	0.00844727
1.435559e-008	0.0201904
1.438059e-008	0.0196289
1.440559e-008	0.0124024
1.443059e-008	0.019043
1.445559e-008	0.0141602
1.448059e-008	0.00251466
1.450559e-008	0.00187989
1.453059e-008	0.021582
1.455559e-008	0.0293701
1.458059e-008	0.0169434
1.460559e-008	0.0245361
1.463059e-008	0.0342774
1.465559e-008	0.0305664
1.468059e-008	0.0295899
1.470559e-008	0.0239014
1.473059e-008	0.0235107
1.475559e-008	0.030957
1.478059e-008	0.0260986
1.480559e-008	0.0258545
1.483059e-008	0.0310547
1.485559e-008	0.0280518
1.488059e-008	0.0328369
1.490559e-008	0.0394287
1.493059e-008	0.0392334
1.495559e-008	0.0353516
1.498059e-008	0.0281006
1.500559e-008	0.0280029
1.503059e-008	0.0297363
1.505559e-008	0.0223389
1.508059e-008	0.0136475
1.510559e-008	0.0121338
1.513059e-008	0.0210938
1.515559e-008	0.0314941
1.518059e-008	0.022583
1.520559e-008	0.0145996
1.523059e-008	0.0360596
1.525559e-008	0.0427002
1.528059e-008	0.0205566
1.530559e-008	0.0141846
1.533059e-008	0.0177246
1.535559e-008	0.0155274
1.538059e-008	0.00610352
1.540559e-008	0.0036377
1.543059e-008	0.0168701
1.545559e-008	0.012207
1.548059e-008	0.00187989
1.550559e-008	0.00913087
1.553059e-008	0.0208008
1.555559e-008	0.0272217
1.558059e-008	0.022876
1.560559e-008	0.0211426
1.563059e-008	0.0192871
1.565559e-008	0.0168457
1.568059e-008	0.0244385
1.570559e-008	0.0251221
1.573059e-008	0.0183838
1.575559e-008	0.0171631
1.578059e-008	0.0179199
1.580559e-008	0.0164795
1.583059e-008	0.024292
1.585559e-008	0.0347168
1.588059e-008	0.0259766
1.590559e-008	0.0143066
1.593059e-008	0.0229736
1.595559e-008	0.0409668
1.598059e-008	0.0317627
1.600559e-008	0.0141357
1.603059e-008	0.0241455
1.605559e-008	0.0187988
1.608059e-008	0.0136719
1.610559e-008	0.0385254
1.613059e-008	0.0431641
1.615559e-008	0.0345215
1.618059e-008	0.024292
1.620559e-008	0.012207
1.623059e-008	0.0148438
1.625559e-008	0.0161865
1.628059e-008	0.0229248
1.630559e-008	0.0247315
1.633059e-008	0.0187744
1.635559e-008	0.0190674
1.638059e-008	0.010083
1.640559e-008	0.0154541
1.643059e-008	0.025415
1.645559e-008	0.024292
1.648059e-008	0.0293701
1.650559e-008	0.0230957
1.653059e-008	0.0160889
1.655559e-008	0.0214111
1.658059e-008	0.0224121
1.660559e-008	0.0228027
1.663059e-008	0.0244629
1.665559e-008	0.0230957
1.668059e-008	0.0333984
1.670559e-008	0.0223633
1.673059e-008	-0.00593261
1.675559e-008	0.015625
1.678059e-008	0.0270264
1.680559e-008	0.00715333
1.683059e-008	0.0125732
1.685559e-008	0.0173096
1.688059e-008	0.0196289
1.690559e-008	0.0207275
1.693059e-008	0.0271484
1.695559e-008	0.0331055
1.698059e-008	0.0130127
1.700559e-008	0.0115723
1.703059e-008	0.0208008
1.705559e-008	0.0196533
1.708059e-008	0.0245606
1.710559e-008	0.0176025
1.713059e-008	0.0214356
1.715559e-008	0.0391846
1.718059e-008	0.0299805
1.720559e-008	0.00495606
1.723059e-008	0.00200196
1.725559e-008	0.0235107
1.728059e-008	0.0263916
1.730559e-008	0.0163086
1.733059e-008	0.0269531
1.735559e-008	0.025708
1.738059e-008	0.00983887
1.740559e-008	0.0155518
1.743059e-008	0.0300049
1.745559e-008	0.0234375
1.748059e-008	0.00522462
1.750559e-008	0.00551759
1.753059e-008	0.012793
1.755559e-008	0.016626
1.758059e-008	0.0223877
1.760559e-008	0.016333
1.763059e-008	0.0113525
1.765559e-008	0.0198975
1.768059e-008	0.019458
1.770559e-008	0.00512696
1.773059e-008	-0.000219719
1.775559e-008	0.00214844
1.778059e-008	0.00100098
1.780559e-008	0.0072754
1.783059e-008	0.0118652
1.785559e-008	0.0106934
1.788059e-008	0.0192383
1.790559e-008	0.0205566
1.793059e-008	0.0173584
1.795559e-008	0.0205078
1.798059e-008	0.00661622
1.800559e-008	-0.00397948
1.803059e-008	0.00908204
1.805559e-008	0.0195801
1.808059e-008	0.0216797
1.810559e-008	0.0235596
1.813059e-008	0.0292481
1.815559e-008	0.0307617
1.818059e-008	0.0239014
1.820559e-008	0.0271484
1.823059e-008	0.0315918
1.825559e-008	0.0195068
1.828059e-008	0.0133301
1.830559e-008	0.0280029
1.833059e-008	0.0374024
1.835559e-008	0.0307861
1.838059e-008	0.0193115
1.840559e-008	0.0133301
1.843059e-008	0.0366699
1.845559e-008	0.0543457
1.848059e-008	0.0301025
1.850559e-008	0.0177734
1.853059e-008	0.0255615
1.855559e-008	0.017041
1.858059e-008	0.0110107
1.860559e-008	0.0185059
1.863059e-008	0.0205811
1.865559e-008	0.0227783
1.868059e-008	0.022876
1.870559e-008	0.013501
1.873059e-008	0.00747071
1.875559e-008	0.00786134
1.878059e-008	0.0195313
1.880559e-008	0.0164551
1.883059e-008	0.000561531
1.885559e-008	0.0159912
1.888059e-008	0.0200684
1.890559e-008	0.00378419
1.893059e-008	0.0144775
1.895559e-008	0.0233887
1.898059e-008	0.0102295
1.900559e-008	0.00712891
1.903059e-008	0.0166504
1.905559e-008	0.0122315
1.908059e-008	0.00844727
1.910559e-008	0.0176025
1.913059e-008	0.0123779
1.915559e-008	0.00756837
1.918059e-008	0.022876
1.920559e-008	0.0282715
1.923059e-008	0.0191406
1.925559e-008	0.0194336
1.928059e-008	0.0279541
1.930559e-008	0.0227051
1.933059e-008	0.0138916
1.935559e-008	0.0219238
1.938059e-008	0.0195313
1.940559e-008	0.0166748
1.943059e-008	0.0293457
1.945559e-008	0.0296631
1.948059e-008	0.0229248
1.950559e-008	0.0131348
1.953059e-008	0.0251709
1.955559e-008	0.0459473
1.958059e-008	0.0255859
1.960559e-008	0.0164307
1.963059e-008	0.0229004
1.965559e-008	0.0179443
1.968059e-008	0.0294434
1.970559e-008	0.0274902
1.973059e-008	0.0196533
1.975559e-008	0.0198486
1.978059e-008	0.00573731
1.980559e-008	0.0105469
1.983059e-008	0.0197022
1.985559e-008	0.0192383
1.988059e-008	0.0300781
1.990559e-008	0.0178955
1.993059e-008	0.00578614
1.995559e-008	0.0181641
1.998059e-008	0.0136719
2.000559e-008	0.0137695
2.003059e-008	0.0147705
2.005559e-008	-0.000976555
2.008059e-008	0.00930177
2.010559e-008	0.0131348
2.013059e-008	0.00300294
2.015559e-008	0.0120606
2.018059e-008	0.0125244
2.020559e-008	0.0144775
2.023059e-008	0.0127441
2.025559e-008	0.0052002
2.028059e-008	0.00822755
2.030559e-008	0.00556641
2.033059e-008	0.0192871
2.035559e-008	0.0241699
2.038059e-008	0.00549317
2.040559e-008	0.00839845
2.043059e-008	0.0155762
2.045559e-008	0.018335
2.048059e-008	0.0279297
2.050559e-008	0.038501
2.053059e-008	0.042627
2.055559e-008	0.0244873
2.058059e-008	0.00544434
2.060559e-008	0.0158691
2.063059e-008	0.0342774
2.065559e-008	0.0270996
2.068059e-008	0.00979005
2.070559e-008	0.0265381
2.073059e-008	0.0530274
2.075559e-008	0.03479
2.078059e-008	0.0130371
2.080559e-008	0.0242432
2.083059e-008	0.0327149
2.085559e-008	0.0353272
2.088059e-008	0.0378418
2.090559e-008	0.029419
2.093059e-008	0.0263428
2.095559e-008	0.0272949
2.098059e-008	0.0156738
2.100559e-008	0.0139649
2.103059e-008	0.0250488
2.105559e-008	0.0218506
2.108059e-008	0.0149414
2.110559e-008	0.0195557
2.113059e-008	0.0250244
2.115559e-008	0.024292
2.118059e-008	0.0226074
2.120559e-008	0.0139893
2.123059e-008	0.00566407
2.125559e-008	0.0107178
2.128059e-008	0.0041504
2.130559e-008	-0.00842284
2.133059e-008	0.00637208
2.135559e-008	0.0223145
2.138059e-008	0.00737305
2.140559e-008	-0.000805657
2.143059e-008	0.011792
2.145559e-008	0.0109619
2.148059e-008	0.0183594
2.150559e-008	0.030127
2.153059e-008	0.0215576
2.155559e-008	0.0201904
2.158059e-008	0.0124024
2.160559e-008	0.00354005
2.163059e-008	0.0209717
2.165559e-008	0.0308594
2.168059e-008	0.0280029
2.170559e-008	0.0283203
2.173059e-008	0.0273193
2.175559e-008	0.0287842
2.178059e-008	0.0215332
2.180559e-008	0.0111572
2.183059e-008	0.0216065
2.185559e-008	0.0355225
2.188059e-008	0.0363037
2.190559e-008	0.0306885
2.193059e-008	0.0335938
2.195559e-008	0.0423584
2.198059e-008	0.0197266
2.200559e-008	0.00114747
2.203059e-008	0.0230713
2.205559e-008	0.0300781
2.208059e-008	0.0130371
2.210559e-008	0.0019043
2.213059e-008	0.0149414
2.215559e-008	0.0282471
2.218059e-008	0.019165
2.220559e-008	0.0319824
2.223059e-008	0.0323486
2.225559e-008	0.00620118
2.228059e-008	0.00805665
2.230559e-008	0.0108399
2.233059e-008	0.0126465
2.235559e-008	0.0114258
2.238059e-008	-0.00920409
2.240559e-008	-0.00537109
2.243059e-008	0.0132324
2.245559e-008	0.0170899
2.248059e-008	0.0209229
2.250559e-008	0.0223877
2.253059e-008	0.0206299
2.255559e-008	0.0223877
2.258059e-008	0.0142822
2.260559e-008	0.0111328
2.263059e-008	0.0259522
2.265559e-008	0.0313721
2.268059e-008	0.0278809
2.270559e-008	0.0198242
2.273059e-008	0.0236328
2.275559e-008	0.0367432
2.278059e-008	0.0128418
2.280559e-008	0.00163575
2.283059e-008	0.0259522
2.285559e-008	0.0280029
2.288059e-008	0.0220947
2.290559e-008	0.0238037
2.293059e-008	0.0250488
2.295559e-008	0.0244385
2.298059e-008	0.0232666
2.300559e-008	0.0216065
2.303059e-008	0.0150147
2.305559e-008	0.015918
2.308059e-008	0.0226563
2.310559e-008	0.0183594
2.313059e-008	0.0104248
2.315559e-008	0.0266602
2.318059e-008	0.0373779
2.320559e-008	0.0129395
2.323059e-008	0.0127441
2.325559e-008	0.0295654
2.328059e-008	0.0197022
2.330559e-008	0.01521
2.333059e-008	0.0245117
2.335559e-008	0.0242432
2.338059e-008	0.00595704
2.340559e-008	0.00227052
2.343059e-008	0.0270996
2.345559e-008	0.0294434
2.348059e-008	0.00954591
2.350559e-008	0.00798341
2.353059e-008	0.0207275
2.355559e-008	0.0212647
2.358059e-008	0.0194336
2.360559e-008	0.0276611
2.363059e-008	0.016626
2.365559e-008	0.00817872
2.368059e-008	0.0226074
2.370559e-008	0.0272949
2.373059e-008	0.0326904
2.375559e-008	0.0337402
2.378059e-008	0.00861817
2.380559e-008	-0.000854485
2.383059e-008	0.0200195
2.385559e-008	0.0263672
2.388059e-008	0.0204102
2.390559e-008	0.0266846
2.393059e-008	0.0320313
2.395559e-008	0.0257324
2.398059e-008	0.0150147
2.400559e-008	0.0152588
2.403059e-008	0.0258301
2.405559e-008	0.0284912
2.408059e-008	0.0199463
2.410559e-008	0.017749
2.413059e-008	0.0268311
2.415559e-008	0.0239014
2.418059e-008	0.012207
2.420559e-008	0.0233887
2.423059e-008	0.0342041
2.425559e-008	0.0191406
2.428059e-008	0.021582
2.430559e-008	0.0295899
2.433059e-008	0.0226807
2.435559e-008	0.0304932
2.438059e-008	0.0272461
2.440559e-008	0.0221436
2.443059e-008	0.0283203
2.445559e-008	0.0250977
2.448059e-008	0.0219482
2.450559e-008	0.0188965
2.453059e-008	0.0320313
2.455559e-008	0.0342529
2.458059e-008	0.0106934
2.460559e-008	0.00920411
2.463059e-008	0.0160156
2.465559e-008	0.0128906
2.468059e-008	0.0126709
2.470559e-008	0.0167969
2.473059e-008	0.0178467
2.475559e-008	0.0170899
2.478059e-008	0.0206543
2.480559e-008	0.0190674
2.483059e-008	0.0173096
2.485559e-008	0.0230225
2.488059e-008	0.0251953
2.490559e-008	0.0190918
2.493059e-008	0.0178711
2.495559e-008	0.0195801
2.498059e-008	0.0113281
2.500559e-008	0.0130127
2.503059e-008	0.0239746
2.505559e-008	0.0200684
2.508059e-008	0.0155762
2.510559e-008	0.0220703
2.513059e-008	0.0270996
2.515559e-008	0.0285889
2.518059e-008	0.027002
2.520559e-008	0.0204834
2.523059e-008	0.015918
2.525559e-008	0.02146
2.528059e-008	0.0230713
2.530559e-008	0.0151856
2.533059e-008	0.0305908
2.535559e-008	0.0458984
2.538059e-008	0.0256348
2.540559e-008	0.0134766
2.543059e-008	0.0201172
2.545559e-008	0.0286377
2.548059e-008	0.0299316
2.550559e-008	0.0170899
2.553059e-008	0.0216797
2.555559e-008	0.0282959
2.558059e-008	0.0168945
2.560559e-008	0.0155762
2.563059e-008	0.0164063
2.565559e-008	0.0224121
2.568059e-008	0.0293457
2.570559e-008	0.0177002
2.573059e-008	0.0214844
2.575559e-008	0.0368652
2.578059e-008	0.030835
2.580559e-008	0.0198242
2.583059e-008	0.0162598
2.585559e-008	0.0192139
2.588059e-008	0.0216309
2.590559e-008	0.0170166
2.593059e-008	0.022876
2.595559e-008	0.0329834
2.598059e-008	0.0240234
2.600559e-008	0.0069336
2.603059e-008	0.00476075
2.605559e-008	0.0154541
2.608059e-008	0.0189697
2.610559e-008	0.0185303
2.613059e-008	0.019751
2.615559e-008	0.0134766
2.618059e-008	0.0128662
2.620559e-008	0.0204834
2.623059e-008	0.0243652
2.625559e-008	0.0269043
2.628059e-008	0.0176514
2.630559e-008	-0.000805657
2.633059e-008	0.00874024
2.635559e-008	0.026001
2.638059e-008	0.0133789
2.640559e-008	0.0152832
2.643059e-008	0.0284912
2.645559e-008	0.0169434
2.648059e-008	0.00603028
2.650559e-008	0.00393067
2.653059e-008	0.0187988
2.655559e-008	0.0317627
2.658059e-008	0.0216065
2.660559e-008	0.0280762
2.663059e-008	0.038794
2.665559e-008	0.0297608
2.668059e-008	0.0290772
2.670559e-008	0.0244385
2.673059e-008	0.0144287
2.675559e-008	0.0286133
2.678059e-008	0.0205322
2.680559e-008	-0.000122063
2.683059e-008	0.0258301
2.685559e-008	0.0335205
2.688059e-008	0.0158203
2.690559e-008	0.0208252
2.693059e-008	0.025293
2.695559e-008	0.0349854
2.698059e-008	0.0291504
2.700559e-008	0.0105225
2.703059e-008	0.0261475
2.705559e-008	0.0263184
2.708059e-008	0.0149658
2.710559e-008	0.0384277
2.713059e-008	0.0447266
2.715559e-008	0.0276611
2.718059e-008	0.0148193
2.720559e-008	0.00646973
2.723059e-008	0.0207031
2.725559e-008	0.0354248
2.728059e-008	0.0181641
2.730559e-008	0.00280762
2.733059e-008	0.017041
2.735559e-008	0.0245361
2.738059e-008	0.0191406
2.740559e-008	0.0211426
2.743059e-008	0.00976563
2.745559e-008	0.00654298
2.748059e-008	0.0227539
2.750559e-008	0.0216553
2.753059e-008	0.0217285
2.755559e-008	0.0218506
2.758059e-008	0.0125244
2.760559e-008	0.0180908
2.763059e-008	0.0127686
2.765559e-008	0.00842286
2.768059e-008	0.026294
2.770559e-008	0.0251953
2.773059e-008	0.0235352
2.775559e-008	0.0334473
2.778059e-008	0.0335693
2.780559e-008	0.0354981
2.783059e-008	0.0296143
2.785559e-008	0.0241943
2.788059e-008	0.0294922
2.790559e-008	0.0259766
2.793059e-008	0.0256104
2.795559e-008	0.0226807
2.798059e-008	0.010083
2.800559e-008	0.0203369
2.803059e-008	0.0342529
2.805559e-008	0.0271973
2.808059e-008	0.0213135
2.810559e-008	0.0215576
2.813059e-008	0.0225098
2.815559e-008	0.0125732
2.818059e-008	0.00463868
2.820559e-008	0.0161133
2.823059e-008	0.0257813
2.825559e-008	0.0206299
2.828059e-008	0.0161865
2.830559e-008	0.0258057
2.833059e-008	0.0227295
2.835559e-008	0.0110352
2.838059e-008	0.0180908
2.840559e-008	0.0210449
2.843059e-008	0.0173828
2.845559e-008	0.0218994
2.848059e-008	0.022876
2.850559e-008	0.0201904
2.853059e-008	0.0351318
2.855559e-008	0.0361084
2.858059e-008	0.00771485
2.860559e-008	0.0148438
2.863059e-008	0.0342285
2.865559e-008	0.0234619
2.868059e-008	0.0210205
2.870559e-008	0.0213867
2.873059e-008	0.0211182
2.875559e-008	0.0353272
2.878059e-008	0.031665
2.880559e-008	0.0177979
2.883059e-008	0.0247559
2.885559e-008	0.0259766
2.888059e-008	0.0105469
2.890559e-008	0.00173341
2.893059e-008	0.00810548
2.895559e-008	0.0206299
2.898059e-008	0.0236084
2.900559e-008	0.0244873
2.903059e-008	0.0318604
2.905559e-008	0.0237305
2.908059e-008	0.0128418
2.910559e-008	0.015332
2.913059e-008	0.0118652
2.915559e-008	0.00805665
2.918059e-008	-0.00354003
2.920559e-008	-0.00214843
2.923059e-008	0.0247559
2.925559e-008	0.0218994
2.928059e-008	0.00695802
2.930559e-008	0.002417
2.933059e-008	0.0100098
2.935559e-008	0.0291748
2.938059e-008	0.015332
2.940559e-008	0.00473634
2.943059e-008	0.0203125
2.945559e-008	0.014917
2.948059e-008	0.00148927
2.950559e-008	0.00629884
2.953059e-008	0.0305908
2.955559e-008	0.0441162
2.958059e-008	0.0189697
2.960559e-008	0.00534669
2.963059e-008	0.0241943
2.965559e-008	0.035376
2.968059e-008	0.0321533
2.970559e-008	0.0168457
2.973059e-008	0.0193604
2.975559e-008	0.0343018
2.978059e-008	0.0197022
2.980559e-008	0.0186279
2.983059e-008	0.02771
2.985559e-008	0.0221436
2.988059e-008	0.03396
2.990559e-008	0.0340576
2.993059e-008	0.0276123
2.995559e-008	0.0403076
2.998059e-008	0.0233887
3.000559e-008	0.00986329
3.003059e-008	0.0338379
3.005559e-008	0.0288086
3.008059e-008	0.0234131
3.010559e-008	0.041919
3.013059e-008	0.0279297
3.015559e-008	0.0152832
3.018059e-008	0.0259766
3.020559e-008	0.0251221
3.023059e-008	0.0187988
3.025559e-008	0.0264893
3.028059e-008	0.030835
3.030559e-008	0.0239746
3.033059e-008	0.0334229
3.035559e-008	0.028418
3.038059e-008	0.011792
3.040559e-008	0.0206055
3.043059e-008	0.017627
3.045559e-008	0.014624
3.048059e-008	0.0293945
3.050559e-008	0.0337158
3.053059e-008	0.0316162
3.055559e-008	0.0312744
3.058059e-008	0.0242432
3.060559e-008	0.00991212
3.063059e-008	0.00810548
3.065559e-008	0.0203369
3.068059e-008	0.0255859
3.070559e-008	0.0181641
3.073059e-008	0.0190674
3.075559e-008	0.0251221
3.078059e-008	0.0127197
3.080559e-008	0.0132324
3.083059e-008	0.0291016
3.085559e-008	0.0250244
3.088059e-008	0.0167969
3.090559e-008	0.0173584
3.093059e-008	0.0174805
3.095559e-008	0.0174561
3.098059e-008	0.0200684
3.100559e-008	0.0198975
3.103059e-008	0.0163086
3.105559e-008	0.0219238
3.108059e-008	0.025293
3.110559e-008	0.0105225
3.113059e-008	0.0131592
3.115559e-008	0.0293457
3.118059e-008	0.0186524
3.120559e-008	0.0172607
3.123059e-008	0.0265625
3.125559e-008	0.0177979
3.128059e-008	0.0164551
3.130559e-008	0.0182861
3.133059e-008	0.023877
3.135559e-008	0.0341309
3.138059e-008	0.0256836
3.140559e-008	0.016333
3.143059e-008	0.0244385
3.145559e-008	0.0289063
3.148059e-008	0.0186524
3.150559e-008	0.0212402
3.153059e-008	0.0355713
3.155559e-008	0.0361328
3.158059e-008	0.0279785
3.160559e-008	0.0213135
3.163059e-008	0.0204834
3.165559e-008	0.0171631
3.168059e-008	0.0149902
3.170559e-008	0.0210938
3.173059e-008	0.0209473
3.175559e-008	0.0206787
3.178059e-008	0.0187256
3.180559e-008	0.0154053
3.183059e-008	0.0252441
3.185559e-008	0.0262695
3.188059e-008	0.0192871
3.190559e-008	0.0250488
3.193059e-008	0.0354492
3.195559e-008	0.034668
3.198059e-008	0.0190674
3.200559e-008	0.0166504
3.203059e-008	0.0255371
3.205559e-008	0.025708
3.208059e-008	0.026294
3.210559e-008	0.0212891
3.213059e-008	0.0269287
3.215559e-008	0.0308838
3.218059e-008	0.00927735
3.220559e-008	0.0162354
3.223059e-008	0.0318848
3.225559e-008	0.0148438
3.228059e-008	0.00595704
3.230559e-008	0.0102783
3.233059e-008	0.0235107
3.235559e-008	0.0279297
3.238059e-008	0.0111084
3.240559e-008	0.0177734
3.243059e-008	0.0352295
3.245559e-008	0.0371826
3.248059e-008	0.0385986
3.250559e-008	0.0313965
3.253059e-008	0.0308594
3.255559e-008	0.0408447
3.258059e-008	0.0285156
3.260559e-008	0.0197754
3.263059e-008	0.0313233
3.265559e-008	0.0300537
3.268059e-008	0.0266846
3.270559e-008	0.0260254
3.273059e-008	0.0216065
3.275559e-008	0.0272949
3.278059e-008	0.0277344
3.280559e-008	0.0244385
3.283059e-008	0.0237305
3.285559e-008	0.0241455
3.288059e-008	0.0410645
3.290559e-008	0.0431885
3.293059e-008	0.0272461
3.295559e-008	0.0348389
3.298059e-008	0.0385498
3.300559e-008	0.0255615
3.303059e-008	0.0276367
3.305559e-008	0.0252686
3.308059e-008	0.017334
3.310559e-008	0.0307617
3.313059e-008	0.0362305
3.315559e-008	0.0230469
3.318059e-008	0.0284668
3.320559e-008	0.0362793
3.323059e-008	0.019165
3.325559e-008	0.00837403
3.328059e-008	0.0108643
3.330559e-008	0.0120361
3.333059e-008	0.0203125
3.335559e-008	0.022583
3.338059e-008	0.0164551
3.340559e-008	0.0249756
3.343059e-008	0.0352051
3.345559e-008	0.0235352
3.348059e-008	0.0104248
3.350559e-008	0.0151611
3.353059e-008	0.0269531
3.355559e-008	0.02229
3.358059e-008	0.00268555
3.360559e-008	0.0141357
3.363059e-008	0.0335205
3.365559e-008	0.0242676
3.368059e-008	0.0261231
3.370559e-008	0.0244873
3.373059e-008	0.0204346
3.375559e-008	0.0366699
3.378059e-008	0.0304443
3.380559e-008	0.0196533
3.383059e-008	0.0330078
3.385559e-008	0.0379639
3.388059e-008	0.0247559
3.390559e-008	0.0136719
3.393059e-008	0.0216309
3.395559e-008	0.0300049
3.398059e-008	0.0249756
3.400559e-008	0.025293
3.403059e-008	0.0222656
3.405559e-008	0.00927735
3.408059e-008	0.0164551
3.410559e-008	0.0309326
3.413059e-008	0.0301758
3.415559e-008	0.0353272
3.418059e-008	0.0263672
3.420559e-008	0.00639649
3.423059e-008	0.0162109
3.425559e-008	0.0275391
3.428059e-008	0.028125
3.430559e-008	0.0301025
3.433059e-008	0.0367432
3.435559e-008	0.0424072
3.438059e-008	0.0214111
3.440559e-008	0.0162109
3.443059e-008	0.0367188
3.445559e-008	0.0283936
3.448059e-008	0.0143066
3.450559e-008	0.0174316
3.453059e-008	0.0248535
3.455559e-008	0.034668
3.458059e-008	0.031958
3.460559e-008	0.0136963
3.463059e-008	0.00905762
3.465559e-008	0.0284424
3.468059e-008	0.0316895
3.470559e-008	0.0111572
3.473059e-008	0.0182617
3.475559e-008	0.0432861
3.478059e-008	0.0347656
3.480559e-008	0.019458
3.483059e-008	0.0213867
3.485559e-008	0.0236816
3.488059e-008	0.0244141
3.490559e-008	0.0173096
3.493059e-008	0.0294922
3.495559e-008	0.0402588
3.498059e-008	0.0131836
3.500559e-008	0.0160889
3.503059e-008	0.0309815
3.505559e-008	0.0164307
3.508059e-008	0.0162598
3.510559e-008	0.0126221
3.513059e-008	0.0133789
3.515559e-008	0.0394287
3.518059e-008	0.0349121
3.520559e-008	0.0130371
3.523059e-008	0.0148438
3.525559e-008	0.0128662
3.528059e-008	0.0171387
3.530559e-008	0.0299316
3.533059e-008	0.0223633
3.535559e-008	0.0218018
3.538059e-008	0.0280762
3.540559e-008	0.0261231
3.543059e-008	0.0316162
3.545559e-008	0.0332764
3.548059e-008	0.0269287
3.550559e-008	0.020044
3.553059e-008	0.021875
3.555559e-008	0.032251
3.558059e-008	0.0342529
3.560559e-008	0.0345459
3.563059e-008	0.0255127
3.565559e-008	0.0090088
3.568059e-008	0.0118408
3.570559e-008	0.0205566
3.573059e-008	0.0283936
3.575559e-008	0.0299072
3.578059e-008	0.0200928
3.580559e-008	0.0190918
3.583059e-008	0.0208252
3.585559e-008	0.0258057
3.588059e-008	0.0293945
3.590559e-008	0.020166
3.593059e-008	0.0246338
3.595559e-008	0.0281006
3.598059e-008	0.0112549
3.600559e-008	0.0193359
3.603059e-008	0.0343994
3.605559e-008	0.0218506
3.608059e-008	0.0258545
3.610559e-008	0.0308594
3.613059e-008	0.0230469
3.615559e-008	0.0238037
3.618059e-008	0.0152588
3.620559e-008	0.0191406
3.623059e-008	0.0240479
3.625559e-008	0.0167481
3.628059e-008	0.0275635
3.630559e-008	0.0385742
3.633059e-008	0.0423828
3.635559e-008	0.0316162
3.638059e-008	0.0115723
3.640559e-008	0.0172607
3.643059e-008	0.0301025
3.645559e-008	0.0288086
3.648059e-008	0.0208252
3.650559e-008	0.0121094
3.653059e-008	0.0274658
3.655559e-008	0.0446777
3.658059e-008	0.0236816
3.660559e-008	0.016626
3.663059e-008	0.0293457
3.665559e-008	0.028125
3.668059e-008	0.035669
3.670559e-008	0.0253174
3.673059e-008	0.0120606
3.675559e-008	0.0355469
3.678059e-008	0.0378418
3.680559e-008	0.0177734
3.683059e-008	0.0182373
3.685559e-008	0.0187012
3.688059e-008	0.021167
3.690559e-008	0.0321533
3.693059e-008	0.0237793
3.695559e-008	0.01604
3.698059e-008	0.0252686
3.700559e-008	0.0275147
3.703059e-008	0.0304688
3.705559e-008	0.0303955
3.708059e-008	0.0165527
3.710559e-008	0.0124756
3.713059e-008	0.024707
3.715559e-008	0.0286621
3.718059e-008	0.0154297
3.720559e-008	0.0147705
3.723059e-008	0.0225342
3.725559e-008	0.0162598
3.728059e-008	0.0189453
3.730559e-008	0.0274658
3.733059e-008	0.0292236
3.735559e-008	0.0318848
3.738059e-008	0.028125
3.740559e-008	0.0253174
3.743059e-008	0.0304199
3.745559e-008	0.0293701
3.748059e-008	0.0175049
3.750559e-008	0.0121826
3.753059e-008	0.0269287
3.755559e-008	0.0332031
3.758059e-008	0.0210205
3.760559e-008	0.017627
3.763059e-008	0.0165527
3.765559e-008	0.0179688
3.768059e-008	0.0237305
3.770559e-008	0.0206055
3.773059e-008	0.0280029
3.775559e-008	0.0331543
3.778059e-008	0.0227295
3.780559e-008	0.0267578
3.783059e-008	0.0289307
3.785559e-008	0.021582
3.788059e-008	0.0223633
3.790559e-008	0.012915
3.793059e-008	0.011499
3.795559e-008	0.0267578
3.798059e-008	0.0158691
3.800559e-008	0.0108887
3.803059e-008	0.0308594
3.805559e-008	0.0290283
3.808059e-008	0.0253174
3.810559e-008	0.0297363
3.813059e-008	0.0203125
3.815559e-008	0.0222412
3.818059e-008	0.0341309
3.820559e-008	0.0315918
3.823059e-008	0.0248779
3.825559e-008	0.0214844
3.828059e-008	0.019165
3.830559e-008	0.0195068
3.833059e-008	0.0250733
3.835559e-008	0.0310303
3.838059e-008	0.0215332
3.840559e-008	0.0151123
3.843059e-008	0.0184082
3.845559e-008	0.0153809
3.848059e-008	0.0207031
3.850559e-008	0.0208008
3.853059e-008	0.0151856
3.855559e-008	0.0180908
3.858059e-008	0.0151367
3.860559e-008	0.0225342
3.863059e-008	0.0367676
3.865559e-008	0.036792
3.868059e-008	0.0258057
3.870559e-008	0.00422364
3.873059e-008	0.0065918
3.875559e-008	0.0273926
3.878059e-008	0.017041
3.880559e-008	0.015918
3.883059e-008	0.0317871
3.885559e-008	0.0291504
3.888059e-008	0.035791
3.890559e-008	0.031665
3.893059e-008	0.0228027
3.895559e-008	0.0367676
3.898059e-008	0.0206299
3.900559e-008	0.00351563
3.903059e-008	0.018042
3.905559e-008	0.0203613
3.908059e-008	0.0252441
3.910559e-008	0.0300781
3.913059e-008	0.0284912
3.915559e-008	0.033252
3.918059e-008	0.0216065
3.920559e-008	0.0162354
3.923059e-008	0.0196289
3.925559e-008	0.0103516
3.928059e-008	0.0140381
3.930559e-008	0.0203369
3.933059e-008	0.0245117
3.935559e-008	0.0342041
3.938059e-008	0.0187012
3.940559e-008	-2.44066e-005
3.943059e-008	0.0100586
3.945559e-008	0.014917
3.948059e-008	0.0147461
3.950559e-008	0.026416
3.953059e-008	0.031958
3.955559e-008	0.0330078
3.958059e-008	0.0229492
3.960559e-008	0.0113281
3.963059e-008	0.0212402
3.965559e-008	0.0249756
3.968059e-008	0.0187012
3.970559e-008	0.0164551
3.973059e-008	0.0151123
3.975559e-008	0.0235352
3.978059e-008	0.0227539
3.980559e-008	0.0212402
3.983059e-008	0.0364014
3.985559e-008	0.0335693
3.988059e-008	0.0223633
3.990559e-008	0.00695802
3.993059e-008	0.00361329
3.995559e-008	0.0343506
3.998059e-008	0.0280762
4.000559e-008	0.0143555
4.003059e-008	0.0335205
4.005559e-008	0.0216065
4.008059e-008	0.00844727
4.010559e-008	0.0180664
4.013059e-008	0.0286865
4.015559e-008	0.0338623
4.018059e-008	0.025415
4.020559e-008	0.0225342
4.023059e-008	0.0207031
4.025559e-008	0.0224609
4.028059e-008	0.0337402
4.030559e-008	0.0292236
4.033059e-008	0.019458
4.035559e-008	0.00881348
4.038059e-008	-0.00624999
4.040559e-008	0.0121582
4.043059e-008	0.0398193
4.045559e-008	0.0262451
4.048059e-008	0.0195068
4.050559e-008	0.0374512
4.053059e-008	0.040332
4.055559e-008	0.0208008
4.058059e-008	0.000659187
4.060559e-008	0.0139649
4.063059e-008	0.0283936
4.065559e-008	0.0136963
4.068059e-008	0.0138672
4.070559e-008	0.0285645
4.073059e-008	0.0282715
4.075559e-008	0.0236816
4.078059e-008	0.0194336
4.080559e-008	0.0183838
4.083059e-008	0.0261475
4.085559e-008	0.0212402
4.088059e-008	0.0181885
4.090559e-008	0.0262451
4.093059e-008	0.0258301
4.095559e-008	0.0276367
4.098059e-008	0.0188965
4.100559e-008	0.0143799
4.103059e-008	0.024707
4.105559e-008	0.0147949
4.108059e-008	0.00947266
4.110559e-008	0.0203613
4.113059e-008	0.0262207
4.115559e-008	0.0253662
4.118059e-008	0.0175293
4.120559e-008	0.0184815
4.123059e-008	0.0303223
4.125559e-008	0.0311524
4.128059e-008	0.0225098
4.130559e-008	0.0238525
4.133059e-008	0.030957
4.135559e-008	0.0272217
4.138059e-008	0.0189941
4.140559e-008	0.0251709
4.143059e-008	0.0280518
4.145559e-008	0.0198975
4.148059e-008	0.0253174
4.150559e-008	0.0223145
4.153059e-008	0.0194336
4.155559e-008	0.0393555
4.158059e-008	0.0358399
4.160559e-008	0.0205078
4.163059e-008	0.0216797
4.165559e-008	0.0129883
4.168059e-008	0.0114746
4.170559e-008	0.0225098
4.173059e-008	0.0219971
4.175559e-008	0.0204346
4.178059e-008	0.0167725
4.180559e-008	0.0181397
4.183059e-008	0.0277588
4.185559e-008	0.0238037
4.188059e-008	0.0251953
4.190559e-008	0.0284912
4.193059e-008	0.0199219
4.195559e-008	0.0283447
4.198059e-008	0.0332764
4.200559e-008	0.0148438
4.203059e-008	0.00844727
4.205559e-008	0.0196289
4.208059e-008	0.0221191
4.210559e-008	0.0165772
4.213059e-008	0.0251953
4.215559e-008	0.0294922
4.218059e-008	0.0157471
4.220559e-008	0.0190186
4.223059e-008	0.0257324
4.225559e-008	0.0171143
4.228059e-008	0.0209229
4.230559e-008	0.0198486
4.233059e-008	0.0129395
4.235559e-008	0.028833
4.238059e-008	0.0331787
4.240559e-008	0.0192139
4.243059e-008	0.0200928
4.245559e-008	0.0225342
4.248059e-008	0.0237305
4.250559e-008	0.0276611
4.253059e-008	0.0276856
4.255559e-008	0.0260742
4.258059e-008	0.014624
4.260559e-008	0.0183838
4.263059e-008	0.0258545
4.265559e-008	0.0162842
4.268059e-008	0.0237793
4.270559e-008	0.0165527
4.273059e-008	0.0174316
4.275559e-008	0.0414795
4.278059e-008	0.0200684
4.280559e-008	0.0116699
4.283059e-008	0.0286621
4.285559e-008	0.0256348
4.288059e-008	0.0286621
4.290559e-008	0.0161865
4.293059e-008	0.0101074
4.295559e-008	0.0302002
4.298059e-008	0.0259522
4.300559e-008	0.0156494
4.303059e-008	0.0210205
4.305559e-008	0.0226318
4.308059e-008	0.0191406
4.310559e-008	0.0102783
4.313059e-008	0.0108399
4.315559e-008	0.0182617
4.318059e-008	0.0121582
4.320559e-008	0.0126465
4.323059e-008	0.0199707
4.325559e-008	0.0229248
4.328059e-008	0.0178955
4.330559e-008	0.00898438
4.333059e-008	0.0218994
4.335559e-008	0.0210693
4.338059e-008	0.00717774
4.340559e-008	0.015332
4.343059e-008	0.0136231
4.345559e-008	0.0153809
4.348059e-008	0.0255371
4.350559e-008	0.0187744
4.353059e-008	0.0239502
4.355559e-008	0.0375244
4.358059e-008	0.034082
4.360559e-008	0.0302979
4.363059e-008	0.032959
4.365559e-008	0.0308594
4.368059e-008	0.0260498
4.370559e-008	0.0277832
4.373059e-008	0.0360108
4.375559e-008	0.0285156
4.378059e-008	0.00942384
4.380559e-008	0.0145508
4.383059e-008	0.0252686
4.385559e-008	0.0258301
4.388059e-008	0.0287109
4.390559e-008	0.0115234
4.393059e-008	0.00341798
4.395559e-008	0.0254639
4.398059e-008	0.0287109
4.400559e-008	0.0241699
4.403059e-008	0.031665
4.405559e-008	0.0318604
4.408059e-008	0.0248779
4.410559e-008	0.0162354
4.413059e-008	0.013916
4.415559e-008	0.0301025
4.418059e-008	0.0409912
4.420559e-008	0.0219482
4.423059e-008	0.0112061
4.425559e-008	0.0210938
4.428059e-008	0.0216553
4.430559e-008	0.0142334
4.433059e-008	0.0160889
4.435559e-008	0.0234863
4.438059e-008	0.00734864
4.440559e-008	0.00129395
4.443059e-008	0.029419
4.445559e-008	0.0393555
4.448059e-008	0.0319092
4.450559e-008	0.029126
4.453059e-008	0.0312256
4.455559e-008	0.0248047
4.458059e-008	0.0139649
4.460559e-008	0.0264404
4.463059e-008	0.0314453
4.465559e-008	0.0302246
4.468059e-008	0.0376221
4.470559e-008	0.023999
4.473059e-008	0.0179443
4.475559e-008	0.019165
4.478059e-008	0.0111328
4.480559e-008	0.0245361
4.483059e-008	0.0362061
4.485559e-008	0.0312256
4.488059e-008	0.0267822
4.490559e-008	0.0168701
4.493059e-008	0.0181152
4.495559e-008	0.0272949
4.498059e-008	0.0212402
4.500559e-008	0.0199219
4.503059e-008	0.0295166
4.505559e-008	0.0321045
4.508059e-008	0.0205811
4.510559e-008	0.00898438
4.513059e-008	0.0218262
4.515559e-008	0.0339356
4.518059e-008	0.0234131
4.520559e-008	0.0153565
4.523059e-008	0.0138916
4.525559e-008	0.0181152
4.528059e-008	0.02771
4.530559e-008	0.0220215
4.533059e-008	0.011084
4.535559e-008	0.0144287
4.538059e-008	0.0203857
4.540559e-008	0.0257324
4.543059e-008	0.029541
4.545559e-008	0.0240234
4.548059e-008	0.017749
4.550559e-008	0.016919
4.553059e-008	0.0198731
4.555559e-008	0.0156982
4.558059e-008	0.0019043
4.560559e-008	0.00935059
4.563059e-008	0.0271973
4.565559e-008	0.0288818
4.568059e-008	0.0285889
4.570559e-008	0.0205811
4.573059e-008	0.0229248
4.575559e-008	0.0329346
4.578059e-008	0.0147949
4.580559e-008	0.0116699
4.583059e-008	0.0226563
4.585559e-008	0.0155762
4.588059e-008	0.0230713
4.590559e-008	0.0283203
4.593059e-008	0.02771
4.595559e-008	0.0411133
4.598059e-008	0.0305664
4.600559e-008	0.0194336
4.603059e-008	0.0313721
4.605559e-008	0.0289063
4.608059e-008	0.0207031
4.610559e-008	0.0129395
4.613059e-008	0.0152344
4.615559e-008	0.0264893
4.618059e-008	0.0210205
4.620559e-008	0.0231934
4.623059e-008	0.0240723
4.625559e-008	0.0187012
4.628059e-008	0.0231201
4.630559e-008	0.0165283
4.633059e-008	0.0261475
4.635559e-008	0.04021
4.638059e-008	0.0217774
4.640559e-008	0.0137695
4.643059e-008	0.0240479
4.645559e-008	0.0339844
4.648059e-008	0.0342774
4.650559e-008	0.0218262
4.653059e-008	0.0268066
4.655559e-008	0.0292236
4.658059e-008	0.0162354
4.660559e-008	0.0175537
4.663059e-008	0.0116211
4.665559e-008	0.00949708
4.668059e-008	0.0287598
4.670559e-008	0.029419
4.673059e-008	0.0253174
4.675559e-008	0.028418
4.678059e-008	0.0150391
4.680559e-008	0.0181641
4.683059e-008	0.035376
4.685559e-008	0.0255127
4.688059e-008	0.0139404
4.690559e-008	0.0190918
4.693059e-008	0.0289307
4.695559e-008	0.0301758
4.698059e-008	0.017334
4.700559e-008	0.0160156
4.703059e-008	0.0284912
4.705559e-008	0.0326416
4.708059e-008	0.0249268
4.710559e-008	0.0197998
4.713059e-008	0.0213379
4.715559e-008	0.0178467
4.718059e-008	0.0135254
4.720559e-008	0.0126465
4.723059e-008	0.0177002
4.725559e-008	0.0226563
4.728059e-008	0.0244385
4.730559e-008	0.0279053
4.733059e-008	0.0272217
4.735559e-008	0.0277832
4.738059e-008	0.0215332
4.740559e-008	0.0150879
4.743059e-008	0.0256592
4.745559e-008	0.0249512
4.748059e-008	0.0157227
4.750559e-008	0.0191406
4.753059e-008	0.0261719
4.755559e-008	0.0277588
4.758059e-008	0.0168945
4.760559e-008	0.0154785
4.763059e-008	0.0243408
4.765559e-008	0.0144531
4.768059e-008	0.0114746
4.770559e-008	0.0202393
4.773059e-008	0.0101563
4.775559e-008	0.0020752
4.778059e-008	0.0119873
4.780559e-008	0.01875
4.783059e-008	0.0187744
4.785559e-008	0.0216797
4.788059e-008	0.0172119
4.790559e-008	0.0071045
4.793059e-008	0.0199707
4.795559e-008	0.0361328
4.798059e-008	0.0235352
4.800559e-008	0.0219238
4.803059e-008	0.0302246
4.805559e-008	0.018457
4.808059e-008	0.0231201
4.810559e-008	0.027832
4.813059e-008	0.0198486
4.815559e-008	0.023584
4.818059e-008	0.0125732
4.820559e-008	0.00937501
4.823059e-008	0.0207275
4.825559e-008	0.0129395
4.828059e-008	0.011792
4.830559e-008	0.0246094
4.833059e-008	0.0284424
4.835559e-008	0.0276123
4.838059e-008	0.0294678
4.840559e-008	0.0209717
4.843059e-008	0.0144043
4.845559e-008	0.0215088
4.848059e-008	0.0252686
4.850559e-008	0.0332764
4.853059e-008	0.0378174
4.855559e-008	0.030835
4.858059e-008	0.0250488
4.860559e-008	0.0243897
4.863059e-008	0.0273682
4.865559e-008	0.0194824
4.868059e-008	0.0122559
4.870559e-008	0.0172607
4.873059e-008	0.0306152
4.875559e-008	0.0443359
4.878059e-008	0.025293
4.880559e-008	-0.00131835
4.883059e-008	0.00539552
4.885559e-008	0.0243164
4.888059e-008	0.0331543
4.890559e-008	0.0249756
4.893059e-008	0.0216309
4.895559e-008	0.0309326
4.898059e-008	0.02771
4.900559e-008	0.0182861
4.903059e-008	0.0181885
4.905559e-008	0.0185303
4.908059e-008	0.0050293
4.910559e-008	0.000537117
4.913059e-008	0.0237793
4.915559e-008	0.0390869
4.918059e-008	0.0224609
4.920559e-008	0.00534669
4.923059e-008	0.0149414
4.925559e-008	0.0204834
4.928059e-008	0.0161133
4.930559e-008	0.0267334
4.933059e-008	0.0345215
4.935559e-008	0.0350586
4.938059e-008	0.037793
4.940559e-008	0.0298096
4.943059e-008	0.0239258
4.945559e-008	0.0305176
4.948059e-008	0.0230469
4.950559e-008	0.020166
4.953059e-008	0.0352295
4.955559e-008	0.0273438
4.958059e-008	0.0173096
4.960559e-008	0.0261963
4.963059e-008	0.022876
4.965559e-008	0.0161865
4.968059e-008	0.0171631
4.970559e-008	0.0114258
4.973059e-008	0.0160156
4.975559e-008	0.0320313
4.978059e-008	0.0246582
4.980559e-008	0.017334
4.983059e-008	0.0304443
4.985559e-008	0.0294678
4.988059e-008	0.0251221
4.990559e-008	0.0275879
4.993059e-008	0.0246826
4.995559e-008	0.0281983
4.998059e-008	0.0287109
5.000559e-008	0.0206299
