# LECROYWM813Zi	51496	Waveform
# Segments	1	SegmentSize	4002
# Segment	TrigTime	TimeSinceSegment1
# #1	30-Nov-2018 17:24:51	0                 
# Time	Ampl
-5.001362e-008	0.0289551
-4.998862e-008	0.0211914
-4.996362e-008	0.0249268
-4.993862e-008	0.0249756
-4.991362e-008	0.0185303
-4.988862e-008	0.0212402
-4.986362e-008	0.021582
-4.983862e-008	0.0212402
-4.981362e-008	0.0172607
-4.978862e-008	0.0217774
-4.976362e-008	0.0286133
-4.973862e-008	0.0248779
-4.971362e-008	0.031665
-4.968862e-008	0.0257324
-4.966362e-008	0.0122803
-4.963862e-008	0.020459
-4.961362e-008	0.0281494
-4.958862e-008	0.0208008
-4.956362e-008	0.00668946
-4.953862e-008	0.0134522
-4.951362e-008	0.0256348
-4.948862e-008	0.00895997
-4.946362e-008	0.0010254
-4.943862e-008	0.0198242
-4.941362e-008	0.0312256
-4.938862e-008	0.0181641
-4.936362e-008	0.00317384
-4.933862e-008	0.0216309
-4.931362e-008	0.0374268
-4.928862e-008	0.0219238
-4.926362e-008	0.0177979
-4.923862e-008	0.0181152
-4.921362e-008	0.0175049
-4.918862e-008	0.0284668
-4.916362e-008	0.0251709
-4.913862e-008	0.0243652
-4.911362e-008	0.0267578
-4.908862e-008	0.0203857
-4.906362e-008	0.0334717
-4.903862e-008	0.0416016
-4.901362e-008	0.0317383
-4.898862e-008	0.0196777
-4.896362e-008	0.0131592
-4.893862e-008	0.0238281
-4.891362e-008	0.0201904
-4.888862e-008	0.0149414
-4.886362e-008	0.0296631
-4.883862e-008	0.0296631
-4.881362e-008	0.025708
-4.878862e-008	0.0270508
-4.876362e-008	0.0244629
-4.873862e-008	0.0285889
-4.871362e-008	0.0358399
-4.868862e-008	0.0310303
-4.866362e-008	0.0162354
-4.863862e-008	0.0127686
-4.861362e-008	0.0195557
-4.858862e-008	0.0202881
-4.856362e-008	0.0205811
-4.853862e-008	0.0286377
-4.851362e-008	0.02854
-4.848862e-008	0.0235596
-4.846362e-008	0.0214844
-4.843862e-008	0.0122315
-4.841362e-008	0.0166016
-4.838862e-008	0.0227783
-4.836362e-008	0.0256348
-4.833862e-008	0.0411865
-4.831362e-008	0.0360108
-4.828862e-008	0.0222412
-4.826362e-008	0.0195801
-4.823862e-008	0.0233154
-4.821362e-008	0.0254639
-4.818862e-008	0.0153809
-4.816362e-008	0.0181152
-4.813862e-008	0.0224121
-4.811362e-008	0.0152588
-4.808862e-008	0.017041
-4.806362e-008	0.0201172
-4.803862e-008	0.0220215
-4.801362e-008	0.0271729
-4.798862e-008	0.0216797
-4.796362e-008	0.0140137
-4.793862e-008	0.0243897
-4.791362e-008	0.0297119
-4.788862e-008	0.0209961
-4.786362e-008	0.0205566
-4.783862e-008	0.0257568
-4.781362e-008	0.0243897
-4.778862e-008	0.0169434
-4.776362e-008	0.0154785
-4.773862e-008	0.0253662
-4.771362e-008	0.029126
-4.768862e-008	0.0130127
-4.766362e-008	0.00957032
-4.763862e-008	0.0193359
-4.761362e-008	0.0127686
-4.758862e-008	0.0147949
-4.756362e-008	0.023291
-4.753862e-008	0.0297608
-4.751362e-008	0.0315186
-4.748862e-008	0.0170654
-4.746362e-008	0.0230957
-4.743862e-008	0.0317871
-4.741362e-008	0.0140869
-4.738862e-008	0.0134522
-4.736362e-008	0.0272217
-4.733862e-008	0.0223145
-4.731362e-008	0.0160645
-4.728862e-008	0.0243164
-4.726362e-008	0.0253662
-4.723862e-008	0.0245117
-4.721362e-008	0.029834
-4.718862e-008	0.0196289
-4.716362e-008	0.0161865
-4.713862e-008	0.0316895
-4.711362e-008	0.0299805
-4.708862e-008	0.0156982
-4.706362e-008	0.0178711
-4.703862e-008	0.025415
-4.701362e-008	0.0197754
-4.698862e-008	0.0306885
-4.696362e-008	0.0479004
-4.693862e-008	0.0294678
-4.691362e-008	0.0221436
-4.688862e-008	0.0230225
-4.686362e-008	0.00441895
-4.683862e-008	0.0116699
-4.681362e-008	0.0199951
-4.678862e-008	0.01521
-4.676362e-008	0.0261719
-4.673862e-008	0.0338379
-4.671362e-008	0.0193359
-4.668862e-008	0.00261231
-4.666362e-008	0.0143311
-4.663862e-008	0.0235596
-4.661362e-008	0.0251465
-4.658862e-008	0.0351563
-4.656362e-008	0.0159668
-4.653862e-008	0.0108154
-4.651362e-008	0.0302002
-4.648862e-008	0.0155029
-4.646362e-008	0.0109375
-4.643862e-008	0.0179932
-4.641362e-008	0.00627442
-4.638862e-008	0.0119873
-4.636362e-008	0.0125977
-4.633862e-008	0.00512696
-4.631362e-008	0.0213379
-4.628862e-008	0.0276611
-4.626362e-008	0.0199707
-4.623862e-008	0.0254639
-4.621362e-008	0.0333496
-4.618862e-008	0.0365234
-4.616362e-008	0.0344727
-4.613862e-008	0.0283936
-4.611362e-008	0.0261719
-4.608862e-008	0.0175293
-4.606362e-008	0.0110596
-4.603862e-008	0.0190918
-4.601362e-008	0.0295166
-4.598862e-008	0.0294678
-4.596362e-008	0.0100586
-4.593862e-008	0.010376
-4.591362e-008	0.0293213
-4.588862e-008	0.020752
-4.586362e-008	0.0122559
-4.583862e-008	0.0170166
-4.581362e-008	0.0197022
-4.578862e-008	0.0227295
-4.576362e-008	0.0239014
-4.573862e-008	0.0243897
-4.571362e-008	0.0180908
-4.568862e-008	0.0146973
-4.566362e-008	0.020459
-4.563862e-008	0.0227539
-4.561362e-008	0.0261963
-4.558862e-008	0.026001
-4.556362e-008	0.0168945
-4.553862e-008	0.0151856
-4.551362e-008	0.0243652
-4.548862e-008	0.0297608
-4.546362e-008	0.0298584
-4.543862e-008	0.0317627
-4.541362e-008	0.0284912
-4.538862e-008	0.0209229
-4.536362e-008	0.0171143
-4.533862e-008	0.0204834
-4.531362e-008	0.0228516
-4.528862e-008	0.0129395
-4.526362e-008	0.0161621
-4.523862e-008	0.0307373
-4.521362e-008	0.0314209
-4.518862e-008	0.0314941
-4.516362e-008	0.0291748
-4.513862e-008	0.0259522
-4.511362e-008	0.0208008
-4.508862e-008	0.008667
-4.506362e-008	0.0138184
-4.503862e-008	0.0294922
-4.501362e-008	0.0337647
-4.498862e-008	0.0170166
-4.496362e-008	0.00671387
-4.493862e-008	0.0244629
-4.491362e-008	0.0268066
-4.488862e-008	0.0179688
-4.486362e-008	0.0178711
-4.483862e-008	0.0168701
-4.481362e-008	0.0295166
-4.478862e-008	0.0314941
-4.476362e-008	0.0161621
-4.473862e-008	0.0280518
-4.471362e-008	0.0369629
-4.468862e-008	0.0109619
-4.466362e-008	0.011084
-4.463862e-008	0.0356445
-4.461362e-008	0.0291992
-4.458862e-008	0.0236328
-4.456362e-008	0.0244385
-4.453862e-008	0.0185303
-4.451362e-008	0.0259277
-4.448862e-008	0.0150391
-4.446362e-008	0.00681153
-4.443862e-008	0.0209473
-4.441362e-008	0.0195801
-4.438862e-008	0.0282715
-4.436362e-008	0.0366211
-4.433862e-008	0.0226074
-4.431362e-008	0.0172607
-4.428862e-008	0.0177246
-4.426362e-008	0.0174316
-4.423862e-008	0.0167481
-4.421362e-008	0.0190918
-4.418862e-008	0.0268066
-4.416362e-008	0.0233399
-4.413862e-008	0.0168213
-4.411362e-008	0.0212402
-4.408862e-008	0.0224365
-4.406362e-008	0.0200195
-4.403862e-008	0.0229981
-4.401362e-008	0.0238281
-4.398862e-008	0.0173584
-4.396362e-008	0.0111572
-4.393862e-008	0.0228027
-4.391362e-008	0.0351318
-4.388862e-008	0.0251953
-4.386362e-008	0.017749
-4.383862e-008	0.0177002
-4.381362e-008	0.0160156
-4.378862e-008	0.0171387
-4.376362e-008	0.0219971
-4.373862e-008	0.0245117
-4.371362e-008	0.013501
-4.368862e-008	0.0131592
-4.366362e-008	0.0270752
-4.363862e-008	0.0273682
-4.361362e-008	0.0297363
-4.358862e-008	0.0371582
-4.356362e-008	0.0325928
-4.353862e-008	0.0263428
-4.351362e-008	0.0227295
-4.348862e-008	0.0207764
-4.346362e-008	0.0195313
-4.343862e-008	0.0225586
-4.341362e-008	0.0352051
-4.338862e-008	0.0266602
-4.336362e-008	0.0074463
-4.333862e-008	0.0208984
-4.331362e-008	0.0375488
-4.328862e-008	0.0315674
-4.326362e-008	0.015918
-4.323862e-008	0.0113525
-4.321362e-008	0.0240723
-4.318862e-008	0.0243408
-4.316362e-008	0.0168701
-4.313862e-008	0.0213867
-4.311362e-008	0.0216553
-4.308862e-008	0.015332
-4.306362e-008	0.0199951
-4.303862e-008	0.0277344
-4.301362e-008	0.0226318
-4.298862e-008	0.0248047
-4.296362e-008	0.0248779
-4.293862e-008	0.014502
-4.291362e-008	0.0273438
-4.288862e-008	0.0305176
-4.286362e-008	0.0172607
-4.283862e-008	0.029419
-4.281362e-008	0.0307617
-4.278862e-008	0.0164063
-4.276362e-008	0.0154297
-4.273862e-008	0.0199951
-4.271362e-008	0.0295166
-4.268862e-008	0.0225098
-4.266362e-008	0.0160889
-4.263862e-008	0.0284668
-4.261362e-008	0.0134522
-4.258862e-008	0.00317384
-4.256362e-008	0.0142822
-4.253862e-008	0.0137207
-4.251362e-008	0.0284912
-4.248862e-008	0.0345947
-4.246362e-008	0.0177246
-4.243862e-008	0.0162354
-4.241362e-008	0.0218018
-4.238862e-008	0.0226563
-4.236362e-008	0.0261475
-4.233862e-008	0.0359863
-4.231362e-008	0.031543
-4.228862e-008	0.0171875
-4.226362e-008	0.0134766
-4.223862e-008	0.0120361
-4.221362e-008	0.0178467
-4.218862e-008	0.00878907
-4.216362e-008	-0.00354003
-4.213862e-008	0.0210205
-4.211362e-008	0.039624
-4.208862e-008	0.0323731
-4.206362e-008	0.0221191
-4.203862e-008	0.0194336
-4.201362e-008	0.0270264
-4.198862e-008	0.02854
-4.196362e-008	0.0267822
-4.193862e-008	0.0310791
-4.191362e-008	0.0283447
-4.188862e-008	0.0126709
-4.186362e-008	0.00805665
-4.183862e-008	0.0253906
-4.181362e-008	0.0228516
-4.178862e-008	0.00590821
-4.176362e-008	0.0170654
-4.173862e-008	0.0290772
-4.171362e-008	0.0234619
-4.168862e-008	0.0135742
-4.166362e-008	0.0112061
-4.163862e-008	0.0258545
-4.161362e-008	0.02771
-4.158862e-008	0.0145752
-4.156362e-008	0.0157227
-4.153862e-008	0.0243164
-4.151362e-008	0.02854
-4.148862e-008	0.0261475
-4.146362e-008	0.0200684
-4.143862e-008	0.0196533
-4.141362e-008	0.0229004
-4.138862e-008	0.0207275
-4.136362e-008	0.0128906
-4.133862e-008	0.0101807
-4.131362e-008	0.0232666
-4.128862e-008	0.0272461
-4.126362e-008	0.0141357
-4.123862e-008	0.0117188
-4.121362e-008	0.0133789
-4.118862e-008	0.019751
-4.116362e-008	0.0205566
-4.113862e-008	0.0219727
-4.111362e-008	0.0460938
-4.108862e-008	0.0345215
-4.106362e-008	0.0117676
-4.103862e-008	0.0274414
-4.101362e-008	0.0255859
-4.098862e-008	0.0141357
-4.096362e-008	0.0209717
-4.093862e-008	0.0295166
-4.091362e-008	0.0272949
-4.088862e-008	0.0199707
-4.086362e-008	0.0246826
-4.083862e-008	0.0231201
-4.081362e-008	0.0226807
-4.078862e-008	0.0290772
-4.076362e-008	0.0218994
-4.073862e-008	0.0240967
-4.071362e-008	0.0248047
-4.068862e-008	0.0137451
-4.066362e-008	0.0191406
-4.063862e-008	0.0232422
-4.061362e-008	0.0179932
-4.058862e-008	0.0173828
-4.056362e-008	0.0116455
-4.053862e-008	0.0175293
-4.051362e-008	0.0376709
-4.048862e-008	0.0233399
-4.046362e-008	0.00590821
-4.043862e-008	0.0205811
-4.041362e-008	0.0197754
-4.038862e-008	0.0217529
-4.036362e-008	0.0304199
-4.033862e-008	0.0272949
-4.031362e-008	0.0395508
-4.028862e-008	0.0364258
-4.026362e-008	0.0140869
-4.023862e-008	0.00847169
-4.021362e-008	0.0253662
-4.018862e-008	0.0354248
-4.016362e-008	0.0145752
-4.013862e-008	0.0161133
-4.011362e-008	0.0256592
-4.008862e-008	0.0100342
-4.006362e-008	0.0153076
-4.003862e-008	0.0215576
-4.001362e-008	0.0151856
-3.998862e-008	0.0164551
-3.996362e-008	0.020752
-3.993862e-008	0.0323242
-3.991362e-008	0.0281738
-3.988862e-008	0.011792
-3.986362e-008	0.0136231
-3.983862e-008	0.0248535
-3.981362e-008	0.0328613
-3.978862e-008	0.0271973
-3.976362e-008	0.0192139
-3.973862e-008	0.0204102
-3.971362e-008	0.023999
-3.968862e-008	0.0300293
-3.966362e-008	0.0226318
-3.963862e-008	0.00996095
-3.961362e-008	0.0143799
-3.958862e-008	0.020459
-3.956362e-008	0.0178711
-3.953862e-008	0.0240234
-3.951362e-008	0.0334717
-3.948862e-008	0.0237549
-3.946362e-008	0.0199463
-3.943862e-008	0.0263672
-3.941362e-008	0.0158936
-3.938862e-008	0.00615235
-3.936362e-008	0.0100098
-3.933862e-008	0.0244141
-3.931362e-008	0.03125
-3.928862e-008	0.0157227
-3.926362e-008	0.00913087
-3.923862e-008	0.0171143
-3.921362e-008	0.0191895
-3.918862e-008	0.0183594
-3.916362e-008	0.0220703
-3.913862e-008	0.0313477
-3.911362e-008	0.027417
-3.908862e-008	0.0154785
-3.906362e-008	0.0151123
-3.903862e-008	0.0132324
-3.901362e-008	0.0157715
-3.898862e-008	0.0202149
-3.896362e-008	0.0167236
-3.893862e-008	0.0222412
-3.891362e-008	0.0210693
-3.888862e-008	0.0115234
-3.886362e-008	0.0196777
-3.883862e-008	0.0290039
-3.881362e-008	0.0257568
-3.878862e-008	0.0220703
-3.876362e-008	0.017627
-3.873862e-008	0.0275391
-3.871362e-008	0.0365234
-3.868862e-008	0.0173828
-3.866362e-008	0.0172363
-3.863862e-008	0.0302979
-3.861362e-008	0.0223145
-3.858862e-008	0.0142822
-3.856362e-008	0.0137451
-3.853862e-008	0.0277832
-3.851362e-008	0.0307617
-3.848862e-008	0.019165
-3.846362e-008	0.0235596
-3.843862e-008	0.0248535
-3.841362e-008	0.0290527
-3.838862e-008	0.0354492
-3.836362e-008	0.0219971
-3.833862e-008	0.0208984
-3.831362e-008	0.0351563
-3.828862e-008	0.0260498
-3.826362e-008	0.0179199
-3.823862e-008	0.0307373
-3.821362e-008	0.0294922
-3.818862e-008	0.0127197
-3.816362e-008	0.00563966
-3.813862e-008	0.0178223
-3.811362e-008	0.0241211
-3.808862e-008	0.014502
-3.806362e-008	0.0230225
-3.803862e-008	0.0322754
-3.801362e-008	0.0229981
-3.798862e-008	0.0244385
-3.796362e-008	0.028418
-3.793862e-008	0.029419
-3.791362e-008	0.0334229
-3.788862e-008	0.0194824
-3.786362e-008	0.00871583
-3.783862e-008	0.0197022
-3.781362e-008	0.0284668
-3.778862e-008	0.0157227
-3.776362e-008	-0.00788573
-3.773862e-008	0.000610359
-3.771362e-008	0.0224609
-3.768862e-008	0.0214111
-3.766362e-008	0.026709
-3.763862e-008	0.034082
-3.761362e-008	0.0232178
-3.758862e-008	0.024292
-3.756362e-008	0.0357178
-3.753862e-008	0.0253906
-3.751362e-008	0.018457
-3.748862e-008	0.0226563
-3.746362e-008	0.0190186
-3.743862e-008	0.0230713
-3.741362e-008	0.0269531
-3.738862e-008	0.0297608
-3.736362e-008	0.0287354
-3.733862e-008	0.0176514
-3.731362e-008	0.0208008
-3.728862e-008	0.0138428
-3.726362e-008	0.00461427
-3.723862e-008	0.0207764
-3.721362e-008	0.0211426
-3.718862e-008	0.0147705
-3.716362e-008	0.0151367
-3.713862e-008	0.0131592
-3.711362e-008	0.029541
-3.708862e-008	0.0403076
-3.706362e-008	0.0287598
-3.703862e-008	0.0217774
-3.701362e-008	0.0248291
-3.698862e-008	0.022583
-3.696362e-008	0.0253662
-3.693862e-008	0.0311035
-3.691362e-008	0.0104736
-3.688862e-008	0.00568848
-3.686362e-008	0.0250977
-3.683862e-008	0.0184082
-3.681362e-008	0.014502
-3.678862e-008	0.0256104
-3.676362e-008	0.0252441
-3.673862e-008	0.0297119
-3.671362e-008	0.0382813
-3.668862e-008	0.0275147
-3.666362e-008	0.0225098
-3.663862e-008	0.0361816
-3.661362e-008	0.0390137
-3.658862e-008	0.023999
-3.656362e-008	0.00986329
-3.653862e-008	0.0218018
-3.651362e-008	0.0229248
-3.648862e-008	0.00200196
-3.646362e-008	0.013794
-3.643862e-008	0.0274414
-3.641362e-008	0.0214844
-3.638862e-008	0.0191895
-3.636362e-008	0.0163574
-3.633862e-008	0.0242432
-3.631362e-008	0.030542
-3.628862e-008	0.0206055
-3.626362e-008	0.0158447
-3.623862e-008	0.0233887
-3.621362e-008	0.0274658
-3.618862e-008	0.027002
-3.616362e-008	0.0261231
-3.613862e-008	0.0246338
-3.611362e-008	0.0328125
-3.608862e-008	0.0287598
-3.606362e-008	0.0203613
-3.603862e-008	0.0343018
-3.601362e-008	0.0302979
-3.598862e-008	0.0177246
-3.596362e-008	0.0210449
-3.593862e-008	0.0233643
-3.591362e-008	0.0267334
-3.588862e-008	0.0174561
-3.586362e-008	0.0136719
-3.583862e-008	0.0362061
-3.581362e-008	0.0398193
-3.578862e-008	0.0263916
-3.576362e-008	0.0282715
-3.573862e-008	0.0316895
-3.571362e-008	0.0269043
-3.568862e-008	0.0108154
-3.566362e-008	0.00505372
-3.563862e-008	0.0280274
-3.561362e-008	0.0278076
-3.558862e-008	0.00236817
-3.556362e-008	0.0098877
-3.553862e-008	0.0335449
-3.551362e-008	0.0343262
-3.548862e-008	0.0283447
-3.546362e-008	0.0272461
-3.543862e-008	0.0232422
-3.541362e-008	0.0294922
-3.538862e-008	0.0310059
-3.536362e-008	0.0163818
-3.533862e-008	0.022583
-3.531362e-008	0.0250733
-3.528862e-008	0.00549317
-3.526362e-008	0.01521
-3.523862e-008	0.0295166
-3.521362e-008	0.0208984
-3.518862e-008	0.0206055
-3.516362e-008	0.02229
-3.513862e-008	0.0279297
-3.511362e-008	0.0308594
-3.508862e-008	0.0213379
-3.506362e-008	0.0240479
-3.503862e-008	0.0291992
-3.501362e-008	0.0297119
-3.498862e-008	0.0335693
-3.496362e-008	0.0271729
-3.493862e-008	0.0109619
-3.491362e-008	0.0148682
-3.488862e-008	0.0280762
-3.486362e-008	0.0168213
-3.483862e-008	0.0191162
-3.481362e-008	0.0361328
-3.478862e-008	0.0318359
-3.476362e-008	0.0262207
-3.473862e-008	0.0227783
-3.471362e-008	0.0241455
-3.468862e-008	0.0237549
-3.466362e-008	0.0119873
-3.463862e-008	0.0140137
-3.461362e-008	0.0173828
-3.458862e-008	0.0142822
-3.456362e-008	0.016626
-3.453862e-008	0.0205566
-3.451362e-008	0.0312256
-3.448862e-008	0.0260498
-3.446362e-008	0.0150391
-3.443862e-008	0.027124
-3.441362e-008	0.0228272
-3.438862e-008	0.0103516
-3.436362e-008	0.0161621
-3.433862e-008	0.0202393
-3.431362e-008	0.029834
-3.428862e-008	0.0261475
-3.426362e-008	0.0119629
-3.423862e-008	0.0248779
-3.421362e-008	0.0324951
-3.418862e-008	0.0110596
-3.416362e-008	0.00256348
-3.413862e-008	0.030957
-3.411362e-008	0.0431152
-3.408862e-008	0.0192383
-3.406362e-008	0.013916
-3.403862e-008	0.0248779
-3.401362e-008	0.0274902
-3.398862e-008	0.0210693
-3.396362e-008	0.0121094
-3.393862e-008	0.0221191
-3.391362e-008	0.0282227
-3.388862e-008	0.0184326
-3.386362e-008	0.0220215
-3.383862e-008	0.0187256
-3.381362e-008	0.0124756
-3.378862e-008	0.0291504
-3.376362e-008	0.0315674
-3.373862e-008	0.0254639
-3.371362e-008	0.0252197
-3.368862e-008	0.0113525
-3.366362e-008	0.0158936
-3.363862e-008	0.0301758
-3.361362e-008	0.0202149
-3.358862e-008	0.0115234
-3.356362e-008	0.0150147
-3.353862e-008	0.0209229
-3.351362e-008	0.0237305
-3.348862e-008	0.0208252
-3.346362e-008	0.0179932
-3.343862e-008	0.0200684
-3.341362e-008	0.0235352
-3.338862e-008	0.022876
-3.336362e-008	0.0224121
-3.333862e-008	0.0276367
-3.331362e-008	0.022168
-3.328862e-008	0.00490723
-3.326362e-008	0.0124756
-3.323862e-008	0.0365723
-3.321362e-008	0.0368897
-3.318862e-008	0.0201172
-3.316362e-008	0.0140137
-3.313862e-008	0.0251953
-3.311362e-008	0.0250977
-3.308862e-008	0.0136231
-3.306362e-008	0.0233887
-3.303862e-008	0.0277832
-3.301362e-008	0.0229736
-3.298862e-008	0.0328125
-3.296362e-008	0.025415
-3.293862e-008	0.0171143
-3.291362e-008	0.0266846
-3.288862e-008	0.0247559
-3.286362e-008	0.0271973
-3.283862e-008	0.028833
-3.281362e-008	0.0197266
-3.278862e-008	0.0224609
-3.276362e-008	0.0263672
-3.273862e-008	0.0296875
-3.271362e-008	0.030127
-3.268862e-008	0.0195313
-3.266362e-008	0.0131836
-3.263862e-008	0.0104736
-3.261362e-008	0.0114258
-3.258862e-008	0.0174072
-3.256362e-008	0.0125977
-3.253862e-008	0.013794
-3.251362e-008	0.0318115
-3.248862e-008	0.0233399
-3.246362e-008	0.00810548
-3.243862e-008	0.0263184
-3.241362e-008	0.0282227
-3.238862e-008	0.0154541
-3.236362e-008	0.0221924
-3.233862e-008	0.0269775
-3.231362e-008	0.026001
-3.228862e-008	0.0234131
-3.226362e-008	0.0212647
-3.223862e-008	0.0176758
-3.221362e-008	0.0181641
-3.218862e-008	0.02771
-3.216362e-008	0.0229981
-3.213862e-008	0.0230469
-3.211362e-008	0.0330078
-3.208862e-008	0.0206055
-3.206362e-008	0.0155762
-3.203862e-008	0.0244873
-3.201362e-008	0.0179688
-3.198862e-008	0.0148926
-3.196362e-008	0.0223389
-3.193862e-008	0.0236816
-3.191362e-008	0.0154541
-3.188862e-008	0.00458985
-3.186362e-008	0.0112549
-3.183862e-008	0.0264404
-3.181362e-008	0.0253906
-3.178862e-008	0.0260498
-3.176362e-008	0.0292969
-3.173862e-008	0.02229
-3.171362e-008	0.0215332
-3.168862e-008	0.0223877
-3.166362e-008	0.0231445
-3.163862e-008	0.0249268
-3.161362e-008	0.0185547
-3.158862e-008	0.00957032
-3.156362e-008	0.00451661
-3.153862e-008	0.0181885
-3.151362e-008	0.0315918
-3.148862e-008	0.0177246
-3.146362e-008	0.0117188
-3.143862e-008	0.0255371
-3.141362e-008	0.0272949
-3.138862e-008	0.0186035
-3.136362e-008	0.0177734
-3.133862e-008	0.0260986
-3.131362e-008	0.025708
-3.128862e-008	0.0112305
-3.126362e-008	0.0133789
-3.123862e-008	0.0266113
-3.121362e-008	0.0302979
-3.118862e-008	0.0302002
-3.116362e-008	0.0256592
-3.113862e-008	0.0284424
-3.111362e-008	0.0329346
-3.108862e-008	0.0267578
-3.106362e-008	0.0199951
-3.103862e-008	0.0224609
-3.101362e-008	0.0312988
-3.098862e-008	0.0186035
-3.096362e-008	0.014917
-3.093862e-008	0.0404297
-3.091362e-008	0.0291992
-3.088862e-008	0.00717774
-3.086362e-008	0.0193115
-3.083862e-008	0.0202149
-3.081362e-008	0.0215088
-3.078862e-008	0.0366455
-3.076362e-008	0.0271729
-3.073862e-008	0.0288574
-3.071362e-008	0.0468018
-3.068862e-008	0.0258057
-3.066362e-008	0.0239746
-3.063862e-008	0.0422363
-3.061362e-008	0.0103272
-3.058862e-008	0.00427247
-3.056362e-008	0.0270752
-3.053862e-008	0.0225098
-3.051362e-008	0.0276123
-3.048862e-008	0.0253906
-3.046362e-008	0.0258789
-3.043862e-008	0.0307617
-3.041362e-008	0.0148438
-3.038862e-008	0.0279541
-3.036362e-008	0.0335693
-3.033862e-008	0.00546876
-3.031362e-008	0.00644532
-3.028862e-008	0.0249024
-3.026362e-008	0.0286621
-3.023862e-008	0.022168
-3.021362e-008	0.0205566
-3.018862e-008	0.0282959
-3.016362e-008	0.0272705
-3.013862e-008	0.0260986
-3.011362e-008	0.0328369
-3.008862e-008	0.0236084
-3.006362e-008	0.0129395
-3.003862e-008	0.0133057
-3.001362e-008	0.0111816
-2.998862e-008	0.0146484
-2.996362e-008	0.0166748
-2.993862e-008	0.0261231
-2.991362e-008	0.0291992
-2.988862e-008	-0.00214843
-2.986362e-008	0.00371095
-2.983862e-008	0.0439453
-2.981362e-008	0.0358887
-2.978862e-008	0.0167969
-2.976362e-008	0.0201172
-2.973862e-008	0.0272461
-2.971362e-008	0.0377197
-2.968862e-008	0.028833
-2.966362e-008	0.0139649
-2.963862e-008	0.0212647
-2.961362e-008	0.0261963
-2.958862e-008	0.0245361
-2.956362e-008	0.027124
-2.953862e-008	0.0301025
-2.951362e-008	0.023169
-2.948862e-008	0.0159668
-2.946362e-008	0.0218506
-2.943862e-008	0.0138184
-2.941362e-008	0.014917
-2.938862e-008	0.0291504
-2.936362e-008	0.0167236
-2.933862e-008	0.0262207
-2.931362e-008	0.0388184
-2.928862e-008	0.00932618
-2.926362e-008	0.00961915
-2.923862e-008	0.0293945
-2.921362e-008	0.0226074
-2.918862e-008	0.0205566
-2.916362e-008	0.0229004
-2.913862e-008	0.023999
-2.911362e-008	0.0240234
-2.908862e-008	0.017749
-2.906362e-008	0.020166
-2.903862e-008	0.0248047
-2.901362e-008	0.0287598
-2.898862e-008	0.0308838
-2.896362e-008	0.0324707
-2.893862e-008	0.0451172
-2.891362e-008	0.0368408
-2.888862e-008	0.0147705
-2.886362e-008	0.0167481
-2.883862e-008	0.0186035
-2.881362e-008	0.0238037
-2.878862e-008	0.0393066
-2.876362e-008	0.0334229
-2.873862e-008	0.0224121
-2.871362e-008	0.0210938
-2.868862e-008	0.0227539
-2.866362e-008	0.0251953
-2.863862e-008	0.0208496
-2.861362e-008	0.0240967
-2.858862e-008	0.0211182
-2.856362e-008	0.0117188
-2.853862e-008	0.0324707
-2.851362e-008	0.0380127
-2.848862e-008	0.0163818
-2.846362e-008	0.0183594
-2.843862e-008	0.0228516
-2.841362e-008	0.0203369
-2.838862e-008	0.0183838
-2.836362e-008	0.0129639
-2.833862e-008	0.0302979
-2.831362e-008	0.0406006
-2.828862e-008	0.0212158
-2.826362e-008	0.0207031
-2.823862e-008	0.0280274
-2.821362e-008	0.0199219
-2.818862e-008	0.0241211
-2.816362e-008	0.0313965
-2.813862e-008	0.0253174
-2.811362e-008	0.0240234
-2.808862e-008	0.020874
-2.806362e-008	0.0158936
-2.803862e-008	0.0296631
-2.801362e-008	0.028418
-2.798862e-008	0.00573731
-2.796362e-008	0.013916
-2.793862e-008	0.0368652
-2.791362e-008	0.0305664
-2.788862e-008	0.013501
-2.786362e-008	0.01875
-2.783862e-008	0.0268311
-2.781362e-008	0.0211182
-2.778862e-008	0.0264649
-2.776362e-008	0.0287109
-2.773862e-008	0.0182861
-2.771362e-008	0.0234619
-2.768862e-008	0.0289551
-2.766362e-008	0.0222656
-2.763862e-008	0.020044
-2.761362e-008	0.0208008
-2.758862e-008	0.0234131
-2.756362e-008	0.0258545
-2.753862e-008	0.0287354
-2.751362e-008	0.0358154
-2.748862e-008	0.0312988
-2.746362e-008	0.0186524
-2.743862e-008	0.0144531
-2.741362e-008	0.0204834
-2.738862e-008	0.0237549
-2.736362e-008	0.00527345
-2.733862e-008	0.00390626
-2.731362e-008	0.0292236
-2.728862e-008	0.0293457
-2.726362e-008	0.0256592
-2.723862e-008	0.0309082
-2.721362e-008	0.0228027
-2.718862e-008	0.0165283
-2.716362e-008	0.0171143
-2.713862e-008	0.0261963
-2.711362e-008	0.0248535
-2.708862e-008	0.0125244
-2.706362e-008	0.0211914
-2.703862e-008	0.0228027
-2.701362e-008	0.0225586
-2.698862e-008	0.0385986
-2.696362e-008	0.0226318
-2.693862e-008	0.0116455
-2.691362e-008	0.0289307
-2.688862e-008	0.0117188
-2.686362e-008	0.00427247
-2.683862e-008	0.031665
-2.681362e-008	0.0296143
-2.678862e-008	0.0199219
-2.676362e-008	0.0260254
-2.673862e-008	0.0275391
-2.671362e-008	0.0317871
-2.668862e-008	0.0165772
-2.666362e-008	-0.00100097
-2.663862e-008	0.0126953
-2.661362e-008	0.0195313
-2.658862e-008	0.0193604
-2.656362e-008	0.016919
-2.653862e-008	0.0202393
-2.651362e-008	0.0348389
-2.648862e-008	0.0279053
-2.646362e-008	0.0252197
-2.643862e-008	0.0216553
-2.641362e-008	0.0117188
-2.638862e-008	0.0266113
-2.636362e-008	0.0244141
-2.633862e-008	0.014209
-2.631362e-008	0.0287354
-2.628862e-008	0.0217285
-2.626362e-008	0.0115967
-2.623862e-008	0.0322266
-2.621362e-008	0.0294434
-2.618862e-008	0.0102051
-2.616362e-008	0.0164795
-2.613862e-008	0.0236572
-2.611362e-008	0.0166992
-2.608862e-008	0.00332032
-2.606362e-008	0.00253907
-2.603862e-008	0.0147217
-2.601362e-008	0.0226318
-2.598862e-008	0.026416
-2.596362e-008	0.0204834
-2.593862e-008	0.0154785
-2.591362e-008	0.0258057
-2.588862e-008	0.0326172
-2.586362e-008	0.0271729
-2.583862e-008	0.0266846
-2.581362e-008	0.0250977
-2.578862e-008	0.0159912
-2.576362e-008	0.0161865
-2.573862e-008	0.0221436
-2.571362e-008	0.0225098
-2.568862e-008	0.0170654
-2.566362e-008	0.0178467
-2.563862e-008	0.0248535
-2.561362e-008	0.030249
-2.558862e-008	0.037085
-2.556362e-008	0.0294678
-2.553862e-008	0.0250733
-2.551362e-008	0.030249
-2.548862e-008	0.00803223
-2.546362e-008	0.0025879
-2.543862e-008	0.0234375
-2.541362e-008	0.0108887
-2.538862e-008	0.00568848
-2.536362e-008	0.0233399
-2.533862e-008	0.0227783
-2.531362e-008	0.0227783
-2.528862e-008	0.0231201
-2.526362e-008	0.0182373
-2.523862e-008	0.0151123
-2.521362e-008	0.0124024
-2.518862e-008	0.018335
-2.516362e-008	0.0182129
-2.513862e-008	0.0199951
-2.511362e-008	0.0299805
-2.508862e-008	0.0212158
-2.506362e-008	0.0112549
-2.503862e-008	0.020044
-2.501362e-008	0.0286133
-2.498862e-008	0.0272217
-2.496362e-008	0.0235352
-2.493862e-008	0.0276367
-2.491362e-008	0.0222168
-2.488862e-008	0.00231934
-2.486362e-008	0.00644532
-2.483862e-008	0.01604
-2.481362e-008	0.0112305
-2.478862e-008	0.0172607
-2.476362e-008	0.0188965
-2.473862e-008	0.0242188
-2.471362e-008	0.0324951
-2.468862e-008	0.0217041
-2.466362e-008	0.0181641
-2.463862e-008	0.0194092
-2.461362e-008	0.0177246
-2.458862e-008	0.0186524
-2.456362e-008	0.0153565
-2.453862e-008	0.0279053
-2.451362e-008	0.0395508
-2.448862e-008	0.0225342
-2.446362e-008	0.0214844
-2.443862e-008	0.032251
-2.441362e-008	0.0110107
-2.438862e-008	0.00581055
-2.436362e-008	0.0262451
-2.433862e-008	0.0263428
-2.431362e-008	0.0253418
-2.428862e-008	0.0246338
-2.426362e-008	0.0194336
-2.423862e-008	0.0301025
-2.421362e-008	0.0279785
-2.418862e-008	0.0166016
-2.416362e-008	0.0242676
-2.413862e-008	0.0235352
-2.411362e-008	0.0196045
-2.408862e-008	0.0203369
-2.406362e-008	0.0116699
-2.403862e-008	0.0136231
-2.401362e-008	0.0192627
-2.398862e-008	0.020874
-2.396362e-008	0.0198731
-2.393862e-008	0.0196533
-2.391362e-008	0.0274414
-2.388862e-008	0.0221191
-2.386362e-008	0.0258301
-2.383862e-008	0.035669
-2.381362e-008	0.0258057
-2.378862e-008	0.0290283
-2.376362e-008	0.0332764
-2.373862e-008	0.0258057
-2.371362e-008	0.0226318
-2.368862e-008	0.0160889
-2.366362e-008	0.0130859
-2.363862e-008	0.0192383
-2.361362e-008	0.0224854
-2.358862e-008	0.0173584
-2.356362e-008	0.0184326
-2.353862e-008	0.0275635
-2.351362e-008	0.0246582
-2.348862e-008	0.0163574
-2.346362e-008	0.0197754
-2.343862e-008	0.0234619
-2.341362e-008	0.0188232
-2.338862e-008	0.0162354
-2.336362e-008	0.0172607
-2.333862e-008	0.0247315
-2.331362e-008	0.0259522
-2.328862e-008	0.0174561
-2.326362e-008	0.0195801
-2.323862e-008	0.0180908
-2.321362e-008	0.0252441
-2.318862e-008	0.025293
-2.316362e-008	-0.00295409
-2.313862e-008	0.0165772
-2.311362e-008	0.0424805
-2.308862e-008	0.0236084
-2.306362e-008	0.0308838
-2.303862e-008	0.0327149
-2.301362e-008	0.0214844
-2.298862e-008	0.0290039
-2.296362e-008	0.0192627
-2.293862e-008	0.0200684
-2.291362e-008	0.0322266
-2.288862e-008	0.0260254
-2.286362e-008	0.0214844
-2.283862e-008	0.0194336
-2.281362e-008	0.0233399
-2.278862e-008	0.0277344
-2.276362e-008	0.0251465
-2.273862e-008	0.0268066
-2.271362e-008	0.0266358
-2.268862e-008	0.0173584
-2.266362e-008	0.00893555
-2.263862e-008	0.0140869
-2.261362e-008	0.0221436
-2.258862e-008	0.0208984
-2.256362e-008	0.0184326
-2.253862e-008	0.0245606
-2.251362e-008	0.0253906
-2.248862e-008	0.0175049
-2.246362e-008	0.0213867
-2.243862e-008	0.0272705
-2.241362e-008	0.0303711
-2.238862e-008	0.0271484
-2.236362e-008	0.0157959
-2.233862e-008	0.0154785
-2.231362e-008	0.0193359
-2.228862e-008	0.0247559
-2.226362e-008	0.027124
-2.223862e-008	0.0206787
-2.221362e-008	0.024707
-2.218862e-008	0.028833
-2.216362e-008	0.0146484
-2.213862e-008	0.0122315
-2.211362e-008	0.0305176
-2.208862e-008	0.0287842
-2.206362e-008	0.0191895
-2.203862e-008	0.0291992
-2.201362e-008	0.0330566
-2.198862e-008	0.0268799
-2.196362e-008	0.020166
-2.193862e-008	0.0128418
-2.191362e-008	0.0105957
-2.188862e-008	0.0105957
-2.186362e-008	0.013208
-2.183862e-008	0.0159424
-2.181362e-008	0.0241943
-2.178862e-008	0.0307861
-2.176362e-008	0.0148438
-2.173862e-008	0.0168457
-2.171362e-008	0.0398926
-2.168862e-008	0.0270752
-2.166362e-008	0.00935059
-2.163862e-008	0.0203613
-2.161362e-008	0.0229981
-2.158862e-008	0.0146729
-2.156362e-008	0.0225586
-2.153862e-008	0.0416504
-2.151362e-008	0.040918
-2.148862e-008	0.0122803
-2.146362e-008	0.00690919
-2.143862e-008	0.0263184
-2.141362e-008	0.02146
-2.138862e-008	0.0156982
-2.136362e-008	0.0101563
-2.133862e-008	0.0124512
-2.131362e-008	0.0365479
-2.128862e-008	0.0266358
-2.126362e-008	0.0193848
-2.123862e-008	0.0308106
-2.121362e-008	0.020874
-2.118862e-008	0.021167
-2.116362e-008	0.022876
-2.113862e-008	0.0261719
-2.111362e-008	0.0360108
-2.108862e-008	0.03125
-2.106362e-008	0.0311768
-2.103862e-008	0.0260986
-2.101362e-008	0.0226563
-2.098862e-008	0.0352051
-2.096362e-008	0.0221924
-2.093862e-008	0.0109131
-2.091362e-008	0.021875
-2.088862e-008	0.0112061
-2.086362e-008	0.0083252
-2.083862e-008	0.0190918
-2.081362e-008	0.0187744
-2.078862e-008	0.0221191
-2.076362e-008	0.0259277
-2.073862e-008	0.0329346
-2.071362e-008	0.0290527
-2.068862e-008	0.00979005
-2.066362e-008	0.000805672
-2.063862e-008	0.0100342
-2.061362e-008	0.032251
-2.058862e-008	0.032959
-2.056362e-008	0.0100342
-2.053862e-008	0.00874024
-2.051362e-008	0.0215576
-2.048862e-008	0.0184815
-2.046362e-008	0.024707
-2.043862e-008	0.0322022
-2.041362e-008	0.0164307
-2.038862e-008	0.021167
-2.036362e-008	0.0314209
-2.033862e-008	0.0223389
-2.031362e-008	0.0225098
-2.028862e-008	0.0190674
-2.026362e-008	0.0142822
-2.023862e-008	0.016626
-2.021362e-008	0.0189453
-2.018862e-008	0.0288574
-2.016362e-008	0.0365234
-2.013862e-008	0.0341797
-2.011362e-008	0.0245117
-2.008862e-008	0.0155029
-2.006362e-008	0.0204834
-2.003862e-008	0.0241455
-2.001362e-008	0.0126953
-1.998862e-008	0.016333
-1.996362e-008	0.0274658
-1.993862e-008	0.0185303
-1.991362e-008	0.0166504
-1.988862e-008	0.0154785
-1.986362e-008	0.00739747
-1.983862e-008	0.0156738
-1.981362e-008	0.024585
-1.978862e-008	0.0232666
-1.976362e-008	0.0178467
-1.973862e-008	0.0246094
-1.971362e-008	0.031665
-1.968862e-008	0.0180176
-1.966362e-008	0.0178711
-1.963862e-008	0.023584
-1.961362e-008	0.0231934
-1.958862e-008	0.0326172
-1.956362e-008	0.026001
-1.953862e-008	0.0156494
-1.951362e-008	0.0177979
-1.948862e-008	0.0131104
-1.946362e-008	0.0114014
-1.943862e-008	0.00905762
-1.941362e-008	0.00969239
-1.938862e-008	0.0218506
-1.936362e-008	0.0178955
-1.933862e-008	0.0126709
-1.931362e-008	0.0162598
-1.928862e-008	0.0131836
-1.926362e-008	0.0234131
-1.923862e-008	0.0243652
-1.921362e-008	0.0113281
-1.918862e-008	0.0223877
-1.916362e-008	0.0333984
-1.913862e-008	0.0370117
-1.911362e-008	0.0370606
-1.908862e-008	0.0189941
-1.906362e-008	0.0160156
-1.903862e-008	0.0274902
-1.901362e-008	0.0245117
-1.898862e-008	0.017749
-1.896362e-008	0.0105957
-1.893862e-008	0.0170654
-1.891362e-008	0.0304199
-1.888862e-008	0.0124512
-1.886362e-008	0.000634773
-1.883862e-008	0.0233399
-1.881362e-008	0.0308594
-1.878862e-008	0.0231445
-1.876362e-008	0.0241211
-1.873862e-008	0.0224609
-1.871362e-008	0.0215332
-1.868862e-008	0.021875
-1.866362e-008	0.0192139
-1.863862e-008	0.0245361
-1.861362e-008	0.0292481
-1.858862e-008	0.0210449
-1.856362e-008	0.00871583
-1.853862e-008	0.00600587
-1.851362e-008	0.0140625
-1.848862e-008	0.0221924
-1.846362e-008	0.0281738
-1.843862e-008	0.0185303
-1.841362e-008	0.005542
-1.838862e-008	0.0156494
-1.836362e-008	0.0173828
-1.833862e-008	0.0193115
-1.831362e-008	0.0311279
-1.828862e-008	0.024292
-1.826362e-008	0.0218994
-1.823862e-008	0.0213379
-1.821362e-008	0.0166504
-1.818862e-008	0.018457
-1.816362e-008	0.0200928
-1.813862e-008	0.0312744
-1.811362e-008	0.0302002
-1.808862e-008	0.0198486
-1.806362e-008	0.0259033
-1.803862e-008	0.0235107
-1.801362e-008	0.01875
-1.798862e-008	0.0297608
-1.796362e-008	0.0331299
-1.793862e-008	0.026294
-1.791362e-008	0.0224121
-1.788862e-008	0.0175293
-1.786362e-008	0.0143311
-1.783862e-008	0.0197266
-1.781362e-008	0.0275147
-1.778862e-008	0.0216553
-1.776362e-008	0.0173828
-1.773862e-008	0.0384277
-1.771362e-008	0.0391113
-1.768862e-008	0.0170899
-1.766362e-008	0.0199951
-1.763862e-008	0.0263428
-1.761362e-008	0.0251221
-1.758862e-008	0.0236084
-1.756362e-008	0.0188477
-1.753862e-008	0.0232178
-1.751362e-008	0.0262207
-1.748862e-008	0.0221924
-1.746362e-008	0.0203857
-1.743862e-008	0.020044
-1.741362e-008	0.0230957
-1.738862e-008	0.0299805
-1.736362e-008	0.0365479
-1.733862e-008	0.0303467
-1.731362e-008	0.0121826
-1.728862e-008	0.00925294
-1.726362e-008	0.0250733
-1.723862e-008	0.0366943
-1.721362e-008	0.0338135
-1.718862e-008	0.020874
-1.716362e-008	0.0208496
-1.713862e-008	0.0357666
-1.711362e-008	0.0279785
-1.708862e-008	0.00908204
-1.706362e-008	0.015332
-1.703862e-008	0.0206055
-1.701362e-008	0.0147461
-1.698862e-008	0.0240234
-1.696362e-008	0.0278565
-1.693862e-008	0.0235596
-1.691362e-008	0.0314209
-1.688862e-008	0.0251465
-1.686362e-008	0.0167969
-1.683862e-008	0.0233154
-1.681362e-008	0.0190674
-1.678862e-008	0.0112305
-1.676362e-008	0.0105469
-1.673862e-008	0.0211182
-1.671362e-008	0.0335693
-1.668862e-008	0.0321045
-1.666362e-008	0.0229492
-1.663862e-008	0.019165
-1.661362e-008	0.0264893
-1.658862e-008	0.0221924
-1.656362e-008	0.0143799
-1.653862e-008	0.0188965
-1.651362e-008	0.0171143
-1.648862e-008	0.00703126
-1.646362e-008	0.00183106
-1.643862e-008	0.0179932
-1.641362e-008	0.0308106
-1.638862e-008	0.022876
-1.636362e-008	0.0226074
-1.633862e-008	0.0301758
-1.631362e-008	0.0329834
-1.628862e-008	0.0326904
-1.626362e-008	0.0292725
-1.623862e-008	0.0197998
-1.621362e-008	0.020166
-1.618862e-008	0.0378418
-1.616362e-008	0.0383545
-1.613862e-008	0.0250977
-1.611362e-008	0.0278076
-1.608862e-008	0.0232422
-1.606362e-008	0.0127441
-1.603862e-008	0.0201172
-1.601362e-008	0.0213135
-1.598862e-008	0.0213867
-1.596362e-008	0.0266358
-1.593862e-008	0.0258057
-1.591362e-008	0.0269287
-1.588862e-008	0.0167725
-1.586362e-008	0.0150635
-1.583862e-008	0.0234375
-1.581362e-008	0.0197022
-1.578862e-008	0.0280518
-1.576362e-008	0.0296631
-1.573862e-008	0.0243897
-1.571362e-008	0.0251465
-1.568862e-008	0.011377
-1.566362e-008	0.0105713
-1.563862e-008	0.018335
-1.561362e-008	0.0181885
-1.558862e-008	0.025415
-1.556362e-008	0.0304688
-1.553862e-008	0.0325195
-1.551362e-008	0.025415
-1.548862e-008	0.014917
-1.546362e-008	0.0198486
-1.543862e-008	0.018457
-1.541362e-008	0.0148682
-1.538862e-008	0.0243897
-1.536362e-008	0.0225098
-1.533862e-008	0.0237305
-1.531362e-008	0.0320801
-1.528862e-008	0.0114258
-1.526362e-008	-0.000195305
-1.523862e-008	0.0194336
-1.521362e-008	0.0283447
-1.518862e-008	0.0267822
-1.516362e-008	0.0237061
-1.513862e-008	0.0238525
-1.511362e-008	0.0287598
-1.508862e-008	0.023877
-1.506362e-008	0.0158691
-1.503862e-008	0.0224609
-1.501362e-008	0.0334229
-1.498862e-008	0.0228516
-1.496362e-008	0.00515137
-1.493862e-008	0.00820313
-1.491362e-008	0.0269531
-1.488862e-008	0.0322754
-1.486362e-008	0.0198242
-1.483862e-008	0.0162598
-1.481362e-008	0.0154053
-1.478862e-008	0.0218994
-1.476362e-008	0.0343018
-1.473862e-008	0.0324951
-1.471362e-008	0.0311035
-1.468862e-008	0.0228272
-1.466362e-008	0.0168945
-1.463862e-008	0.0296387
-1.461362e-008	0.0322998
-1.458862e-008	0.0285889
-1.456362e-008	0.0290772
-1.453862e-008	0.0327149
-1.451362e-008	0.0364502
-1.448862e-008	0.0227783
-1.446362e-008	0.0146973
-1.443862e-008	0.0263184
-1.441362e-008	0.0340332
-1.438862e-008	0.0352783
-1.436362e-008	0.0242188
-1.433862e-008	0.0168457
-1.431362e-008	0.019751
-1.428862e-008	0.0164795
-1.426362e-008	0.0303955
-1.423862e-008	0.0360596
-1.421362e-008	0.0183106
-1.418862e-008	0.0216065
-1.416362e-008	0.0306641
-1.413862e-008	0.0312744
-1.411362e-008	0.0250244
-1.408862e-008	0.0129883
-1.406362e-008	0.0141846
-1.403862e-008	0.0162842
-1.401362e-008	0.0200684
-1.398862e-008	0.0206787
-1.396362e-008	0.00881348
-1.393862e-008	0.0214844
-1.391362e-008	0.0365479
-1.388862e-008	0.0177979
-1.386362e-008	0.0119141
-1.383862e-008	0.0229736
-1.381362e-008	0.0135498
-1.378862e-008	0.0152832
-1.376362e-008	0.0352539
-1.373862e-008	0.0399902
-1.371362e-008	0.0414551
-1.368862e-008	0.0328125
-1.366362e-008	0.0149902
-1.363862e-008	0.0185303
-1.361362e-008	0.0232666
-1.358862e-008	0.0164551
-1.356362e-008	0.0179688
-1.353862e-008	0.0249756
-1.351362e-008	0.0229736
-1.348862e-008	0.012085
-1.346362e-008	0.00891114
-1.343862e-008	0.0157959
-1.341362e-008	0.0220459
-1.338862e-008	0.0240967
-1.336362e-008	0.0200195
-1.333862e-008	0.0157471
-1.331362e-008	0.0169922
-1.328862e-008	0.0239258
-1.326362e-008	0.0290283
-1.323862e-008	0.0249268
-1.321362e-008	0.0148438
-1.318862e-008	0.0103516
-1.316362e-008	0.0184082
-1.313862e-008	0.0280274
-1.311362e-008	0.0317627
-1.308862e-008	0.0225586
-1.306362e-008	0.0146484
-1.303862e-008	0.0180664
-1.301362e-008	0.0165772
-1.298862e-008	0.0245117
-1.296362e-008	0.0290283
-1.293862e-008	0.0269775
-1.291362e-008	0.0372559
-1.288862e-008	0.0287354
-1.286362e-008	0.0185791
-1.283862e-008	0.0269531
-1.281362e-008	0.0238525
-1.278862e-008	0.0161133
-1.276362e-008	0.0160645
-1.273862e-008	0.0165527
-1.271362e-008	0.0156738
-1.268862e-008	0.0148193
-1.266362e-008	0.0178711
-1.263862e-008	0.0218994
-1.261362e-008	0.0259522
-1.258862e-008	0.0282715
-1.256362e-008	0.0269043
-1.253862e-008	0.0317871
-1.251362e-008	0.0276123
-1.248862e-008	0.0102783
-1.246362e-008	0.0114258
-1.243862e-008	0.0247803
-1.241362e-008	0.0287842
-1.238862e-008	0.019751
-1.236362e-008	0.0102783
-1.233862e-008	0.0170166
-1.231362e-008	0.0301025
-1.228862e-008	0.0368897
-1.226362e-008	0.0340332
-1.223862e-008	0.0301758
-1.221362e-008	0.0246338
-1.218862e-008	0.015625
-1.216362e-008	0.0144287
-1.213862e-008	0.0222412
-1.211362e-008	0.0373047
-1.208862e-008	0.0362305
-1.206362e-008	0.0198486
-1.203862e-008	0.014502
-1.201362e-008	0.0213867
-1.198862e-008	0.0321777
-1.196362e-008	0.0253174
-1.193862e-008	0.0179932
-1.191362e-008	0.0252197
-1.188862e-008	0.0217774
-1.186362e-008	0.0175781
-1.183862e-008	0.0164551
-1.181362e-008	0.0173096
-1.178862e-008	0.0322022
-1.176362e-008	0.034375
-1.173862e-008	0.0259033
-1.171362e-008	0.0310791
-1.168862e-008	0.0185059
-1.166362e-008	0.00778809
-1.163862e-008	0.0299805
-1.161362e-008	0.0306641
-1.158862e-008	0.0172852
-1.156362e-008	0.0277588
-1.153862e-008	0.0370361
-1.151362e-008	0.0273926
-1.148862e-008	0.0154541
-1.146362e-008	0.0315674
-1.143862e-008	0.0406006
-1.141362e-008	0.0222656
-1.138862e-008	0.0193115
-1.136362e-008	0.0134522
-1.133862e-008	0.0128662
-1.131362e-008	0.028418
-1.128862e-008	0.0244141
-1.126362e-008	0.0212402
-1.123862e-008	0.0220703
-1.121362e-008	0.0165527
-1.118862e-008	0.0178711
-1.116362e-008	0.0155274
-1.113862e-008	0.0193848
-1.111362e-008	0.0353027
-1.108862e-008	0.0257324
-1.106362e-008	0.0104981
-1.103862e-008	0.024585
-1.101362e-008	0.0257813
-1.098862e-008	0.0194824
-1.096362e-008	0.0258301
-1.093862e-008	0.0173096
-1.091362e-008	0.0118652
-1.088862e-008	0.0181397
-1.086362e-008	0.00864259
-1.083862e-008	0.00729981
-1.081362e-008	0.0280518
-1.078862e-008	0.0173828
-1.076362e-008	0.00151368
-1.073862e-008	0.0228027
-1.071362e-008	0.0307129
-1.068862e-008	0.0197266
-1.066362e-008	0.01521
-1.063862e-008	0.0168701
-1.061362e-008	0.0145508
-1.058862e-008	0.0195557
-1.056362e-008	0.0282471
-1.053862e-008	0.0148926
-1.051362e-008	0.0142578
-1.048862e-008	0.0165283
-1.046362e-008	0.00935059
-1.043862e-008	0.0152588
-1.041362e-008	0.0135498
-1.038862e-008	0.0196777
-1.036362e-008	0.026416
-1.033862e-008	0.0226563
-1.031362e-008	0.0243164
-1.028862e-008	0.0204834
-1.026362e-008	0.0280518
-1.023862e-008	0.0363037
-1.021362e-008	0.0285156
-1.018862e-008	0.0234375
-1.016362e-008	0.0174316
-1.013862e-008	0.0166504
-1.011362e-008	0.0170166
-1.008862e-008	0.00163575
-1.006362e-008	-0.00200195
-1.003862e-008	0.0206543
-1.001362e-008	0.0373291
-9.98862e-009	0.0378174
-9.96362e-009	0.0382568
-9.93862e-009	0.0344238
-9.91362e-009	0.0237061
-9.88862e-009	0.0197754
-9.86362e-009	0.0196777
-9.83862e-009	0.0192627
-9.81362e-009	0.0218018
-9.78862e-009	0.0165772
-9.76362e-009	0.00898438
-9.73862e-009	0.0233643
-9.71362e-009	0.0323486
-9.68862e-009	0.0118164
-9.66362e-009	0.0112061
-9.63862e-009	0.0323242
-9.61362e-009	0.034082
-9.58862e-009	0.021582
-9.56362e-009	0.015332
-9.53862e-009	0.0244385
-9.51362e-009	0.0249512
-9.48862e-009	0.0156982
-9.46362e-009	0.0200195
-9.43862e-009	0.0219238
-9.41362e-009	0.017749
-9.38862e-009	0.0135742
-9.36362e-009	0.0110107
-9.33862e-009	0.0236572
-9.31362e-009	0.0312988
-9.28862e-009	0.0199951
-9.26362e-009	0.0143799
-9.23862e-009	0.0232422
-9.21362e-009	0.0367432
-9.18862e-009	0.0331543
-9.16362e-009	0.0165039
-9.13862e-009	0.0224121
-9.11362e-009	0.0320313
-9.08862e-009	0.0203125
-9.06362e-009	0.0208984
-9.03862e-009	0.0353516
-9.01362e-009	0.029541
-8.98862e-009	0.0157715
-8.96362e-009	0.0143555
-8.93862e-009	0.0257568
-8.91362e-009	0.040918
-8.88862e-009	0.0304688
-8.86362e-009	0.01521
-8.83862e-009	0.0257813
-8.81362e-009	0.035376
-8.78862e-009	0.033252
-8.76362e-009	0.0233154
-8.73862e-009	0.0190918
-8.71362e-009	0.0208496
-8.68862e-009	0.00778809
-8.66362e-009	0.011499
-8.63862e-009	0.0273926
-8.61362e-009	0.0223633
-8.58862e-009	0.0204102
-8.56362e-009	0.0154785
-8.53862e-009	0.0174316
-8.51362e-009	0.030835
-8.48862e-009	0.0147949
-8.46362e-009	0.00986329
-8.43862e-009	0.0234619
-8.41362e-009	0.0170899
-8.38862e-009	0.0203857
-8.36362e-009	0.0250733
-8.33862e-009	0.0213379
-8.31362e-009	0.0232178
-8.28862e-009	0.017627
-8.26362e-009	0.0177979
-8.23862e-009	0.0227783
-8.21362e-009	0.0250733
-8.18862e-009	0.028125
-8.16362e-009	0.0228027
-8.13862e-009	0.0250488
-8.11362e-009	0.0256104
-8.08862e-009	0.0157227
-8.06362e-009	0.0214356
-8.03862e-009	0.0207031
-8.01362e-009	0.00668946
-7.98862e-009	0.0128418
-7.96362e-009	0.0224365
-7.93862e-009	0.0230225
-7.91362e-009	0.0256104
-7.88862e-009	0.0102051
-7.86362e-009	0.00292969
-7.83862e-009	0.026294
-7.81362e-009	0.029419
-7.78862e-009	0.0175537
-7.76362e-009	0.0184815
-7.73862e-009	0.0219482
-7.71362e-009	0.0201904
-7.68862e-009	0.0137207
-7.66362e-009	0.0217774
-7.63862e-009	0.0223389
-7.61362e-009	0.00686036
-7.58862e-009	0.0141846
-7.56362e-009	0.0233643
-7.53862e-009	0.0247803
-7.51362e-009	0.0332764
-7.48862e-009	0.0304688
-7.46362e-009	0.0261475
-7.43862e-009	0.0284424
-7.41362e-009	0.0237305
-7.38862e-009	0.0204834
-7.36362e-009	0.024292
-7.33862e-009	0.0305176
-7.31362e-009	0.0287842
-7.28862e-009	0.0157959
-7.26362e-009	0.0167969
-7.23862e-009	0.0282959
-7.21362e-009	0.0170654
-7.18862e-009	0.00305177
-7.16362e-009	0.0207764
-7.13862e-009	0.0428711
-7.11362e-009	0.0298584
-7.08862e-009	0.00695802
-7.06362e-009	0.0110107
-7.03862e-009	0.0241455
-7.01362e-009	0.0281983
-6.98862e-009	0.0300537
-6.96362e-009	0.0253906
-6.93862e-009	0.0222412
-6.91362e-009	0.0337647
-6.88862e-009	0.0319824
-6.86362e-009	0.0145996
-6.83862e-009	0.0129639
-6.81362e-009	0.0230957
-6.78862e-009	0.0307617
-6.76362e-009	0.0238037
-6.73862e-009	0.0225098
-6.71362e-009	0.0335938
-6.68862e-009	0.0144531
-6.66362e-009	-0.000439446
-6.63862e-009	0.0191406
-6.61362e-009	0.0283203
-6.58862e-009	0.0223877
-6.56362e-009	0.0173584
-6.53862e-009	0.0240967
-6.51362e-009	0.0310059
-6.48862e-009	0.0114502
-6.46362e-009	0.00151368
-6.43862e-009	0.0227539
-6.41362e-009	0.0341309
-6.38862e-009	0.0253662
-6.36362e-009	0.0163574
-6.33862e-009	0.0227295
-6.31362e-009	0.0360352
-6.28862e-009	0.0266602
-6.26362e-009	0.0165772
-6.23862e-009	0.0141357
-6.21362e-009	0.00292969
-6.18862e-009	0.0197754
-6.16362e-009	0.0337158
-6.13862e-009	0.0153809
-6.11362e-009	0.0213135
-6.08862e-009	0.0349609
-6.06362e-009	0.0293945
-6.03862e-009	0.0287842
-6.01362e-009	0.0274414
-5.98862e-009	0.0205322
-5.96362e-009	0.0264404
-5.93862e-009	0.0331299
-5.91362e-009	0.027002
-5.88862e-009	0.0226318
-5.86362e-009	0.0153076
-5.83862e-009	0.0168457
-5.81362e-009	0.0198731
-5.78862e-009	0.0130127
-5.76362e-009	0.0274658
-5.73862e-009	0.0296387
-5.71362e-009	0.022583
-5.68862e-009	0.0335205
-5.66362e-009	0.024585
-5.63862e-009	0.0223633
-5.61362e-009	0.0290039
-5.58862e-009	0.0122315
-5.56362e-009	0.00231934
-5.53862e-009	0.0240234
-5.51362e-009	0.0470703
-5.48862e-009	0.0308838
-5.46362e-009	0.0188721
-5.43862e-009	0.028418
-5.41362e-009	0.0261475
-5.38862e-009	0.0194824
-5.36362e-009	0.0116943
-5.33862e-009	0.023584
-5.31362e-009	0.0348145
-5.28862e-009	0.0243652
-5.26362e-009	0.0165283
-5.23862e-009	0.0088379
-5.21362e-009	0.0212158
-5.18862e-009	0.0286133
-5.16362e-009	0.015625
-5.13862e-009	0.0224609
-5.11362e-009	0.020459
-5.08862e-009	0.00424805
-5.06362e-009	0.00622559
-5.03862e-009	0.019751
-5.01362e-009	0.0328858
-4.98862e-009	0.0317871
-4.96362e-009	0.0146973
-4.93862e-009	0.0171875
-4.91362e-009	0.0326172
-4.88862e-009	0.022876
-4.86362e-009	0.0211182
-4.83862e-009	0.025
-4.81362e-009	0.0178223
-4.78862e-009	0.0249512
-4.76362e-009	0.0211182
-4.73862e-009	0.0217774
-4.71362e-009	0.0305908
-4.68862e-009	0.0167481
-4.66362e-009	0.0178467
-4.63862e-009	0.0262207
-4.61362e-009	0.0285156
-4.58862e-009	0.0369141
-4.56362e-009	0.0256592
-4.53862e-009	0.0185547
-4.51362e-009	0.0226563
-4.48862e-009	0.0146729
-4.46362e-009	0.0209717
-4.43862e-009	0.0256592
-4.41362e-009	0.0180176
-4.38862e-009	0.0197998
-4.36362e-009	0.0240967
-4.33862e-009	0.0355713
-4.31362e-009	0.0331055
-4.28862e-009	0.0163818
-4.26362e-009	0.0151123
-4.23862e-009	0.0152832
-4.21362e-009	0.019751
-4.18862e-009	0.0229248
-4.16362e-009	0.0192383
-4.13862e-009	0.0292725
-4.11362e-009	0.0305908
-4.08862e-009	0.0174561
-4.06362e-009	0.019043
-4.03862e-009	0.0307617
-4.01362e-009	0.0304443
-3.98862e-009	0.0179199
-3.96362e-009	0.0138916
-3.93862e-009	0.0234619
-3.91362e-009	0.0274658
-3.88862e-009	0.0223877
-3.86362e-009	0.0238281
-3.83862e-009	0.0340332
-3.81362e-009	0.0346924
-3.78862e-009	0.0205322
-3.76362e-009	0.0131836
-3.73862e-009	0.0186035
-3.71362e-009	0.0282471
-3.68862e-009	0.0286865
-3.66362e-009	0.0192627
-3.63862e-009	0.0220703
-3.61362e-009	0.0256348
-3.58862e-009	0.0276123
-3.56362e-009	0.0373047
-3.53862e-009	0.0335938
-3.51362e-009	0.0214111
-3.48862e-009	0.0148682
-3.46362e-009	0.0191406
-3.43862e-009	0.0229004
-3.41362e-009	0.0116699
-3.38862e-009	0.0148193
-3.36362e-009	0.0302734
-3.33862e-009	0.0326172
-3.31362e-009	0.0241699
-3.28862e-009	0.0138672
-3.26362e-009	0.0229736
-3.23862e-009	0.0259277
-3.21362e-009	0.0182617
-3.18862e-009	0.0299316
-3.16362e-009	0.0279785
-3.13862e-009	0.0265137
-3.11362e-009	0.0319336
-3.08862e-009	0.0159424
-3.06362e-009	0.0170166
-3.03862e-009	0.0267578
-3.01362e-009	0.0211914
-2.98862e-009	0.0231445
-2.96362e-009	0.0252441
-2.93862e-009	0.0275879
-2.91362e-009	0.0357178
-2.88862e-009	0.0311768
-2.86362e-009	0.0207031
-2.83862e-009	0.0211914
-2.81362e-009	0.023291
-2.78862e-009	0.00991212
-2.76362e-009	0.00104981
-2.73862e-009	0.0256836
-2.71362e-009	0.0372559
-2.68862e-009	0.0177002
-2.66362e-009	0.0138672
-2.63862e-009	0.0241455
-2.61362e-009	0.0322754
-2.58862e-009	0.0270264
-2.56362e-009	0.0158691
-2.53862e-009	0.0237549
-2.51362e-009	0.0286133
-2.48862e-009	0.0142334
-2.46362e-009	0.00756837
-2.43862e-009	0.0220215
-2.41362e-009	0.0330811
-2.38862e-009	0.0246094
-2.36362e-009	0.0166504
-2.33862e-009	0.0241211
-2.31362e-009	0.0281738
-2.28862e-009	0.018335
-2.26362e-009	0.0195313
-2.23862e-009	0.030542
-2.21362e-009	0.0276611
-2.18862e-009	0.0216797
-2.16362e-009	0.0222168
-2.13862e-009	0.0209229
-2.11362e-009	0.0198731
-2.08862e-009	0.0217529
-2.06362e-009	0.0255127
-2.03862e-009	0.0289307
-2.01362e-009	0.0300293
-1.98862e-009	0.0353272
-1.96362e-009	0.0291748
-1.93862e-009	0.0190186
-1.91362e-009	0.028418
-1.88862e-009	0.0224609
-1.86362e-009	0.0128174
-1.83862e-009	0.0182129
-1.81362e-009	0.0151367
-1.78862e-009	0.0145264
-1.76362e-009	0.0125
-1.73862e-009	0.0257568
-1.71362e-009	0.0385498
-1.68862e-009	0.0192627
-1.66362e-009	0.0175293
-1.63862e-009	0.0203857
-1.61362e-009	0.00603028
-1.58862e-009	0.0184326
-1.56362e-009	0.0292969
-1.53862e-009	0.0157227
-1.51362e-009	0.0291504
-1.48862e-009	0.0397949
-1.46362e-009	0.0185303
-1.43862e-009	0.0169434
-1.41362e-009	0.0170899
-1.38862e-009	0.00927735
-1.36362e-009	0.0119873
-1.33862e-009	0.0174805
-1.31362e-009	0.0342529
-1.28862e-009	0.0367188
-1.26362e-009	0.0244629
-1.23862e-009	0.0261719
-1.21362e-009	0.0277588
-1.18862e-009	0.0264404
-1.16362e-009	0.0248779
-1.13862e-009	0.0284668
-1.11362e-009	0.0392578
-1.08862e-009	0.0228272
-1.06362e-009	0.00422364
-1.03862e-009	0.0250488
-1.01362e-009	0.0424072
-9.886198e-010	0.0349121
-9.636198e-010	0.0166504
-9.386198e-010	0.00607911
-9.136198e-010	0.0147705
-8.886198e-010	0.0224609
-8.636198e-010	0.0116211
-8.386198e-010	-0.0022705
-8.136198e-010	0.0183594
-7.886198e-010	0.031958
-7.636198e-010	0.0167481
-7.386198e-010	0.0311279
-7.136198e-010	0.0377686
-6.886198e-010	0.0158691
-6.636198e-010	0.0143311
-6.386198e-010	0.0197022
-6.136198e-010	0.0204834
-5.886198e-010	0.0191162
-5.636198e-010	0.0110107
-5.386198e-010	0.0197266
-5.136198e-010	0.0397705
-4.886198e-010	0.0406494
-4.636198e-010	0.0313965
-4.386198e-010	0.0277344
-4.136198e-010	0.0186524
-3.886198e-010	0.0081543
-3.636198e-010	0.0201416
-3.386198e-010	0.0406494
-3.136198e-010	0.0377686
-2.886198e-010	0.0192871
-2.636198e-010	0.0193848
-2.386198e-010	0.0319092
-2.136198e-010	0.0227539
-1.886198e-010	0.0125488
-1.636198e-010	0.00695802
-1.386198e-010	-0.000439446
-1.136198e-010	0.00534669
-8.861979e-011	-0.000610344
-6.361979e-011	-0.0115234
-3.861979e-011	-0.00876464
-1.361979e-011	-0.0142578
1.138021e-011	-0.0358887
3.638021e-011	-0.0522217
6.138021e-011	-0.0545654
8.638021e-011	-0.0663086
1.113802e-010	-0.0839844
1.363802e-010	-0.0835449
1.613802e-010	-0.0766113
1.863802e-010	-0.0920166
2.113802e-010	-0.0948242
2.363802e-010	-0.0777344
2.613802e-010	-0.0887695
2.863802e-010	-0.0841309
3.113802e-010	-0.0591797
3.363802e-010	-0.061084
3.613802e-010	-0.070459
3.863802e-010	-0.068457
4.113802e-010	-0.0570557
4.363802e-010	-0.0525879
4.613802e-010	-0.0518555
4.863802e-010	-0.038501
5.113802e-010	-0.0183105
5.363802e-010	-0.0137207
5.613802e-010	-0.013916
5.863802e-010	0.0011963
6.113802e-010	-0.00251464
6.363802e-010	-0.00368652
6.613802e-010	0.00764161
6.863802e-010	-0.000341789
7.113802e-010	0.00996095
7.363802e-010	0.0279053
7.613802e-010	0.0223145
7.863802e-010	0.0148438
8.113802e-010	0.017627
8.363802e-010	0.027124
8.613802e-010	0.0364258
8.863802e-010	0.0414063
9.113802e-010	0.0355957
9.363802e-010	0.0353516
9.613802e-010	0.035791
9.863802e-010	0.026416
1.01138e-009	0.0322998
1.03638e-009	0.0314453
1.06138e-009	0.0268066
1.08638e-009	0.0394287
1.11138e-009	0.0462402
1.13638e-009	0.0480469
1.16138e-009	0.039502
1.18638e-009	0.0318359
1.21138e-009	0.0367188
1.23638e-009	0.0284668
1.26138e-009	0.0244873
1.28638e-009	0.0438233
1.31138e-009	0.0472168
1.33638e-009	0.0248047
1.36138e-009	0.0231201
1.38638e-009	0.0344727
1.41138e-009	0.0320313
1.43638e-009	0.0305908
1.46138e-009	0.030249
1.48638e-009	0.0247559
1.51138e-009	0.013501
1.53638e-009	0.0146484
1.56138e-009	0.026416
1.58638e-009	0.0226563
1.61138e-009	0.0179932
1.63638e-009	0.0116455
1.66138e-009	-0.00141601
1.68638e-009	-0.00324706
1.71138e-009	0.00463868
1.73638e-009	0.0193359
1.76138e-009	0.0299316
1.78638e-009	0.0264649
1.81138e-009	0.0195557
1.83638e-009	0.0184082
1.86138e-009	0.0276856
1.88638e-009	0.0325928
1.91138e-009	0.0209473
1.93638e-009	0.0151367
1.96138e-009	0.0203369
1.98638e-009	0.0232666
2.01138e-009	0.0205811
2.03638e-009	0.00898438
2.06138e-009	0.0134277
2.08638e-009	0.0281983
2.11138e-009	0.0168213
2.13638e-009	0.0185303
2.16138e-009	0.0363525
2.18638e-009	0.0218262
2.21138e-009	0.0108887
2.23638e-009	0.0205566
2.26138e-009	0.0274658
2.28638e-009	0.0430176
2.31138e-009	0.0465332
2.33638e-009	0.0317871
2.36138e-009	0.0280762
2.38638e-009	0.0273926
2.41138e-009	0.0259766
2.43638e-009	0.0186768
2.46138e-009	0.011084
2.48638e-009	0.026001
2.51138e-009	0.0295899
2.53638e-009	0.0158203
2.56138e-009	0.0187012
2.58638e-009	0.0259766
2.61138e-009	0.0261963
2.63638e-009	0.0223633
2.66138e-009	0.0281983
2.68638e-009	0.0363525
2.71138e-009	0.0250488
2.73638e-009	0.0253906
2.76138e-009	0.0331543
2.78638e-009	0.0242432
2.81138e-009	0.0269043
2.83638e-009	0.0351807
2.86138e-009	0.0352295
2.88638e-009	0.0288818
2.91138e-009	0.0104736
2.93638e-009	0.00419923
2.96138e-009	0.00966798
2.98638e-009	0.0141602
3.01138e-009	0.0203613
3.03638e-009	0.0168457
3.06138e-009	0.0259277
3.08638e-009	0.0368408
3.11138e-009	0.0217774
3.13638e-009	0.0150391
3.16138e-009	0.0140869
3.18638e-009	0.00927735
3.21138e-009	0.0200195
3.23638e-009	0.0257324
3.26138e-009	0.0255371
3.28638e-009	0.0354004
3.31138e-009	0.0188477
3.33638e-009	0.00407716
3.36138e-009	0.0265869
3.38638e-009	0.0271973
3.41138e-009	0.0175781
3.43638e-009	0.0218018
3.46138e-009	0.0296143
3.48638e-009	0.0424072
3.51138e-009	0.0286133
3.53638e-009	0.0255859
3.56138e-009	0.0428467
3.58638e-009	0.0256348
3.61138e-009	0.0130615
3.63638e-009	0.0209717
3.66138e-009	0.0156006
3.68638e-009	0.0128662
3.71138e-009	0.0179199
3.73638e-009	0.0159424
3.76138e-009	0.00781251
3.78638e-009	0.00996095
3.81138e-009	0.0189209
3.83638e-009	0.0157471
3.86138e-009	0.0201904
3.88638e-009	0.0230957
3.91138e-009	0.0202149
3.93638e-009	0.0211914
3.96138e-009	0.0008545
3.98638e-009	0.00961915
4.01138e-009	0.0305664
4.03638e-009	0.00627442
4.06138e-009	0.00839845
4.08638e-009	0.0265137
4.11138e-009	0.0184082
4.13638e-009	0.0193115
4.16138e-009	0.026294
4.18638e-009	0.0216065
4.21138e-009	0.0116699
4.23638e-009	0.0186035
4.26138e-009	0.0385254
4.28638e-009	0.0363525
4.31138e-009	0.0158936
4.33638e-009	0.0192627
4.36138e-009	0.0307861
4.38638e-009	0.0159912
4.41138e-009	0.00930177
4.43638e-009	0.0192871
4.46138e-009	0.0306885
4.48638e-009	0.0420166
4.51138e-009	0.0363281
4.53638e-009	0.027832
4.56138e-009	0.026001
4.58638e-009	0.0202881
4.61138e-009	0.0268311
4.63638e-009	0.0349609
4.66138e-009	0.0326172
4.68638e-009	0.0387207
4.71138e-009	0.02771
4.73638e-009	0.00336915
4.76138e-009	0.0143799
4.78638e-009	0.0287842
4.81138e-009	0.0216309
4.83638e-009	0.0158691
4.86138e-009	0.0185791
4.88638e-009	0.0253174
4.91138e-009	0.0175049
4.93638e-009	0.0168457
4.96138e-009	0.0297119
4.98638e-009	0.0202393
5.01138e-009	0.0127686
5.03638e-009	0.0144043
5.06138e-009	0.00791016
5.08638e-009	0.0116943
5.11138e-009	0.00803223
5.13638e-009	0.00488282
5.16138e-009	0.0218506
5.18638e-009	0.0221191
5.21138e-009	0.0210449
5.23638e-009	0.0281738
5.26138e-009	0.0189941
5.28638e-009	0.0178955
5.31138e-009	0.0237061
5.33638e-009	0.0174316
5.36138e-009	0.0113281
5.38638e-009	0.0205078
5.41138e-009	0.0262451
5.43638e-009	0.00961915
5.46138e-009	0.013794
5.48638e-009	0.0303467
5.51138e-009	0.0173584
5.53638e-009	0.0163818
5.56138e-009	0.0296875
5.58638e-009	0.0256836
5.61138e-009	0.0294922
5.63638e-009	0.0391358
5.66138e-009	0.0302979
5.68638e-009	0.0171143
5.71138e-009	0.0142822
5.73638e-009	0.0181152
5.76138e-009	0.0244141
5.78638e-009	0.0267822
5.81138e-009	0.0244385
5.83638e-009	0.02854
5.86138e-009	0.0330078
5.88638e-009	0.0236328
5.91138e-009	0.0179932
5.93638e-009	0.0283691
5.96138e-009	0.0282227
5.98638e-009	0.0201904
6.01138e-009	0.0254395
6.03638e-009	0.0183594
6.06138e-009	0.0107422
6.08638e-009	0.0284424
6.11138e-009	0.0330322
6.13638e-009	0.0289307
6.16138e-009	0.0323242
6.18638e-009	0.0229736
6.21138e-009	0.0209717
6.23638e-009	0.0256592
6.26138e-009	0.0321533
6.28638e-009	0.0427002
6.31138e-009	0.0243164
6.33638e-009	0.00876466
6.36138e-009	0.0162109
6.38638e-009	0.0155029
6.41138e-009	0.0161621
6.43638e-009	0.0162354
6.46138e-009	0.0227539
6.48638e-009	0.0291748
6.51138e-009	0.0142334
6.53638e-009	0.0187256
6.56138e-009	0.03479
6.58638e-009	0.0254883
6.61138e-009	0.0175049
6.63638e-009	0.0168945
6.66138e-009	0.0188965
6.68638e-009	0.0280762
6.71138e-009	0.0164795
6.73638e-009	-0.000122063
6.76138e-009	0.0185547
6.78638e-009	0.0390625
6.81138e-009	0.0314453
6.83638e-009	0.0187988
6.86138e-009	0.0202637
6.88638e-009	0.0244385
6.91138e-009	0.0109619
6.93638e-009	0.00661622
6.96138e-009	0.0265137
6.98638e-009	0.0145752
7.01138e-009	-0.00134277
7.03638e-009	0.0216797
7.06138e-009	0.0148438
7.08638e-009	0.00505372
7.11138e-009	0.0248047
7.13638e-009	0.0264404
7.16138e-009	0.027417
7.18638e-009	0.0266846
7.21138e-009	0.0249024
7.23638e-009	0.0288086
7.26138e-009	0.0300781
7.28638e-009	0.0346436
7.31138e-009	0.0215088
7.33638e-009	0.0184326
7.36138e-009	0.0280029
7.38638e-009	0.0213379
7.41138e-009	0.0210449
7.43638e-009	0.0147949
7.46138e-009	0.0130371
7.48638e-009	0.0198242
7.51138e-009	0.0110352
7.53638e-009	0.0170899
7.56138e-009	0.0253662
7.58638e-009	0.0183106
7.61138e-009	0.0195313
7.63638e-009	0.0157471
7.66138e-009	0.0113037
7.68638e-009	0.0189209
7.71138e-009	0.0211914
7.73638e-009	0.0154785
7.76138e-009	0.0153565
7.78638e-009	0.022583
7.81138e-009	0.0246582
7.83638e-009	0.0217529
7.86138e-009	0.0230957
7.88638e-009	0.0311279
7.91138e-009	0.0261475
7.93638e-009	0.0101807
7.96138e-009	0.0150391
7.98638e-009	0.0227051
8.01138e-009	0.020752
8.03638e-009	0.0239014
8.06138e-009	0.0226563
8.08638e-009	0.0180176
8.11138e-009	0.0180908
8.13638e-009	0.0195068
8.16138e-009	0.0257568
8.18638e-009	0.029541
8.21138e-009	0.0187988
8.23638e-009	0.0200195
8.26138e-009	0.0369629
8.28638e-009	0.0395752
8.31138e-009	0.0214356
8.33638e-009	0.00295411
8.36138e-009	0.0148438
8.38638e-009	0.0288818
8.41138e-009	0.0217529
8.43638e-009	0.0217774
8.46138e-009	0.0255859
8.48638e-009	0.0219482
8.51138e-009	0.016333
8.53638e-009	0.024707
8.56138e-009	0.0343994
8.58638e-009	0.0230713
8.61138e-009	0.0189209
8.63638e-009	0.027124
8.66138e-009	0.0238037
8.68638e-009	0.0132568
8.71138e-009	0.0102539
8.73638e-009	0.0184815
8.76138e-009	0.0227539
8.78638e-009	0.0187988
8.81138e-009	0.017041
8.83638e-009	0.0164551
8.86138e-009	0.0245117
8.88638e-009	0.0316406
8.91138e-009	0.0210693
8.93638e-009	0.0165283
8.96138e-009	0.0209229
8.98638e-009	0.0216309
9.01138e-009	0.027002
9.03638e-009	0.023999
9.06138e-009	0.0198242
9.08638e-009	0.0266113
9.11138e-009	0.0193359
9.13638e-009	0.0116943
9.16138e-009	0.0173584
9.18638e-009	0.0208984
9.21138e-009	0.0233887
9.23638e-009	0.0170654
9.26138e-009	0.0226563
9.28638e-009	0.0398438
9.31138e-009	0.0204102
9.33638e-009	0.00561524
9.36138e-009	0.0224121
9.38638e-009	0.0167236
9.41138e-009	0.0090088
9.43638e-009	0.0183106
9.46138e-009	0.0208252
9.48638e-009	0.0276123
9.51138e-009	0.0193359
9.53638e-009	0.00583497
9.56138e-009	0.021582
9.58638e-009	0.0197266
9.61138e-009	0.00637208
9.63638e-009	0.0209717
9.66138e-009	0.0259033
9.68638e-009	0.0180176
9.71138e-009	0.0160889
9.73638e-009	0.0138184
9.76138e-009	0.0149414
9.78638e-009	0.0122559
9.81138e-009	0.00480958
9.83638e-009	0.00712891
9.86138e-009	0.0209717
9.88638e-009	0.0271484
9.91138e-009	0.0215088
9.93638e-009	0.0217529
9.96138e-009	0.0207764
9.98638e-009	0.0142578
1.001138e-008	0.0187988
1.003638e-008	0.0248779
1.006138e-008	0.0152832
1.008638e-008	0.0135498
1.011138e-008	0.0237793
1.013638e-008	0.0235352
1.016138e-008	0.0223633
1.018638e-008	0.0234619
1.021138e-008	0.028833
1.023638e-008	0.0342774
1.026138e-008	0.0285156
1.028638e-008	0.023877
1.031138e-008	0.0166748
1.033638e-008	0.0164795
1.036138e-008	0.0348145
1.038638e-008	0.036499
1.041138e-008	0.0179688
1.043638e-008	0.016626
1.046138e-008	0.0244873
1.048638e-008	0.0280762
1.051138e-008	0.04021
1.053638e-008	0.0345947
1.056138e-008	0.0178223
1.058638e-008	0.0250244
1.061138e-008	0.0209229
1.063638e-008	0.00495606
1.066138e-008	0.0171143
1.068638e-008	0.0271973
1.071138e-008	0.022876
1.073638e-008	0.0296631
1.076138e-008	0.0291748
1.078638e-008	0.0251953
1.081138e-008	0.0263184
1.083638e-008	0.0102539
1.086138e-008	0.00476075
1.088638e-008	0.017749
1.091138e-008	0.00747071
1.093638e-008	-0.00124511
1.096138e-008	0.0181152
1.098638e-008	0.0284668
1.101138e-008	0.031665
1.103638e-008	0.0321777
1.106138e-008	0.0226563
1.108638e-008	0.0297852
1.111138e-008	0.0276367
1.113638e-008	0.0149658
1.116138e-008	0.0206055
1.118638e-008	0.0203857
1.121138e-008	0.026001
1.123638e-008	0.0302734
1.126138e-008	0.0251221
1.128638e-008	0.0287109
1.131138e-008	0.0148682
1.133638e-008	0.00827637
1.136138e-008	0.0151123
1.138638e-008	0.00563966
1.141138e-008	0.0162109
1.143638e-008	0.030249
1.146138e-008	0.0229492
1.148638e-008	0.0224854
1.151138e-008	0.01875
1.153638e-008	0.0186768
1.156138e-008	0.0260498
1.158638e-008	0.0198486
1.161138e-008	0.0168945
1.163638e-008	0.0177246
1.166138e-008	0.0167481
1.168638e-008	0.0196533
1.171138e-008	0.0140625
1.173638e-008	0.0111328
1.176138e-008	0.0178955
1.178638e-008	0.0149658
1.181138e-008	0.0167481
1.183638e-008	0.0258301
1.186138e-008	0.0128418
1.188638e-008	0.00483399
1.191138e-008	0.018042
1.193638e-008	0.0239014
1.196138e-008	0.0256348
1.198638e-008	0.019458
1.201138e-008	0.00820313
1.203638e-008	0.0105713
1.206138e-008	0.0212647
1.208638e-008	0.0336426
1.211138e-008	0.0317383
1.213638e-008	0.0216309
1.216138e-008	0.02146
1.218638e-008	0.0238525
1.221138e-008	0.0239746
1.223638e-008	0.0144043
1.226138e-008	0.0171875
1.228638e-008	0.0333008
1.231138e-008	0.0198731
1.233638e-008	0.0131348
1.236138e-008	0.0251953
1.238638e-008	0.00996095
1.241138e-008	0.0113525
1.243638e-008	0.0305176
1.246138e-008	0.0195313
1.248638e-008	0.0180176
1.251138e-008	0.025708
1.253638e-008	0.019751
1.256138e-008	0.0238525
1.258638e-008	0.0361328
1.261138e-008	0.0423828
1.263638e-008	0.0303467
1.266138e-008	0.0231445
1.268638e-008	0.0275147
1.271138e-008	0.0195068
1.273638e-008	0.0208496
1.276138e-008	0.0264404
1.278638e-008	0.0321777
1.281138e-008	0.0274902
1.283638e-008	0.00192872
1.286138e-008	0.0102783
1.288638e-008	0.0256836
1.291138e-008	0.016919
1.293638e-008	0.0193115
1.296138e-008	0.0223633
1.298638e-008	0.0175537
1.301138e-008	0.0128174
1.303638e-008	0.0206543
1.306138e-008	0.0264404
1.308638e-008	0.0184326
1.311138e-008	0.0183106
1.313638e-008	0.00974122
1.316138e-008	0.00290528
1.318638e-008	0.0162109
1.321138e-008	0.0264649
1.323638e-008	0.0287598
1.326138e-008	0.0284424
1.328638e-008	0.0283936
1.331138e-008	0.0211426
1.333638e-008	0.0156982
1.336138e-008	0.026001
1.338638e-008	0.0317383
1.341138e-008	0.0309082
1.343638e-008	0.0276611
1.346138e-008	0.0212647
1.348638e-008	0.0206787
1.351138e-008	0.0164551
1.353638e-008	0.016333
1.356138e-008	0.0291504
1.358638e-008	0.0317871
1.361138e-008	0.029541
1.363638e-008	0.0304688
1.366138e-008	0.029126
1.368638e-008	0.0338135
1.371138e-008	0.0317871
1.373638e-008	0.0276367
1.376138e-008	0.030127
1.378638e-008	0.0240234
1.381138e-008	0.0259277
1.383638e-008	0.0312744
1.386138e-008	0.0249756
1.388638e-008	0.0208984
1.391138e-008	0.0142578
1.393638e-008	0.0150635
1.396138e-008	0.0256592
1.398638e-008	0.0239258
1.401138e-008	0.0170899
1.403638e-008	0.0115479
1.406138e-008	0.0144043
1.408638e-008	0.0241211
1.411138e-008	0.0153809
1.413638e-008	0.00739747
1.416138e-008	0.0192383
1.418638e-008	0.0269043
1.421138e-008	0.0275391
1.423638e-008	0.0287109
1.426138e-008	0.0275635
1.428638e-008	0.0236084
1.431138e-008	0.0203857
1.433638e-008	0.0160645
1.436138e-008	0.0112305
1.438638e-008	0.0160645
1.441138e-008	0.0142822
1.443638e-008	0.00930177
1.446138e-008	0.0248047
1.448638e-008	0.0307373
1.451138e-008	0.0221436
1.453638e-008	0.0263428
1.456138e-008	0.0321777
1.458638e-008	0.0343506
1.461138e-008	0.0264893
1.463638e-008	0.00759278
1.466138e-008	0.01875
1.468638e-008	0.0249512
1.471138e-008	-0.0134277
1.473638e-008	-0.00527343
1.476138e-008	0.0299561
1.478638e-008	0.02146
1.481138e-008	0.0291504
1.483638e-008	0.038208
1.486138e-008	0.028125
1.488638e-008	0.0333984
1.491138e-008	0.032544
1.493638e-008	0.023877
1.496138e-008	0.0233887
1.498638e-008	0.0280274
1.501138e-008	0.0278565
1.503638e-008	0.0285156
1.506138e-008	0.0213379
1.508638e-008	0.00417481
1.511138e-008	0.011084
1.513638e-008	0.0210693
1.516138e-008	0.0242188
1.518638e-008	0.030127
1.521138e-008	0.0179199
1.523638e-008	0.0130127
1.526138e-008	0.0294434
1.528638e-008	0.0360596
1.531138e-008	0.0262207
1.533638e-008	0.0179443
1.536138e-008	0.0191162
1.538638e-008	0.0208496
1.541138e-008	0.020874
1.543638e-008	0.0256104
1.546138e-008	0.0271973
1.548638e-008	0.0208984
1.551138e-008	0.0205811
1.553638e-008	0.0256592
1.556138e-008	0.03125
1.558638e-008	0.0310303
1.561138e-008	0.0148682
1.563638e-008	0.00651856
1.566138e-008	0.0230957
1.568638e-008	0.0344971
1.571138e-008	0.0182861
1.573638e-008	0.0101318
1.576138e-008	0.0239014
1.578638e-008	0.0233887
1.581138e-008	0.023999
1.583638e-008	0.0297363
1.586138e-008	0.0247803
1.588638e-008	0.0295166
1.591138e-008	0.0251953
1.593638e-008	0.0185547
1.596138e-008	0.0237549
1.598638e-008	0.0134033
1.601138e-008	0.0118408
1.603638e-008	0.0212647
1.606138e-008	0.02854
1.608638e-008	0.0335205
1.611138e-008	0.0213379
1.613638e-008	0.0208008
1.616138e-008	0.0177246
1.618638e-008	0.00773927
1.621138e-008	0.0210938
1.623638e-008	0.0233154
1.626138e-008	0.0269531
1.628638e-008	0.0317627
1.631138e-008	0.0189941
1.633638e-008	0.0241211
1.636138e-008	0.0293701
1.638638e-008	0.0232422
1.641138e-008	0.0188477
1.643638e-008	0.0131836
1.646138e-008	0.0223389
1.648638e-008	0.0356201
1.651138e-008	0.0283691
1.653638e-008	0.0176758
1.656138e-008	0.01604
1.658638e-008	0.0195068
1.661138e-008	0.0270508
1.663638e-008	0.0209473
1.666138e-008	0.0166992
1.668638e-008	0.0271729
1.671138e-008	0.0255859
1.673638e-008	0.0156738
1.676138e-008	0.0152344
1.678638e-008	0.0258545
1.681138e-008	0.0203125
1.683638e-008	0.0132813
1.686138e-008	0.0319336
1.688638e-008	0.0266113
1.691138e-008	0.0142334
1.693638e-008	0.0241455
1.696138e-008	0.0149658
1.698638e-008	0.0115723
1.701138e-008	0.0279297
1.703638e-008	0.0238525
1.706138e-008	0.0186524
1.708638e-008	0.0315918
1.711138e-008	0.0267822
1.713638e-008	0.0112061
1.716138e-008	0.0195557
1.718638e-008	0.0260254
1.721138e-008	0.0155518
1.723638e-008	0.0151367
1.726138e-008	0.0294922
1.728638e-008	0.0344238
1.731138e-008	0.0200684
1.733638e-008	0.0148438
1.736138e-008	0.0222168
1.738638e-008	0.0221924
1.741138e-008	0.0196045
1.743638e-008	0.0160889
1.746138e-008	0.0183838
1.748638e-008	0.0295654
1.751138e-008	0.029126
1.753638e-008	0.021582
1.756138e-008	0.0215332
1.758638e-008	0.0224121
1.761138e-008	0.021167
1.763638e-008	0.0180908
1.766138e-008	0.0238037
1.768638e-008	0.0291748
1.771138e-008	0.0166992
1.773638e-008	0.0177002
1.776138e-008	0.028125
1.778638e-008	0.0215088
1.781138e-008	0.0240723
1.783638e-008	0.0323731
1.786138e-008	0.0276856
1.788638e-008	0.0227051
1.791138e-008	0.0140381
1.793638e-008	0.00878907
1.796138e-008	0.0192627
1.798638e-008	0.0197022
1.801138e-008	0.0188965
1.803638e-008	0.0269775
1.806138e-008	0.022583
1.808638e-008	0.0254639
1.811138e-008	0.0229248
1.813638e-008	0.0097168
1.816138e-008	0.0159912
1.818638e-008	0.0187744
1.821138e-008	0.0192383
1.823638e-008	0.0225342
1.826138e-008	0.0279785
1.828638e-008	0.0388428
1.831138e-008	0.0248779
1.833638e-008	0.0161865
1.836138e-008	0.0283447
1.838638e-008	0.0236816
1.841138e-008	0.0161865
1.843638e-008	0.0187256
1.846138e-008	0.0270508
1.848638e-008	0.0362061
1.851138e-008	0.0303955
1.853638e-008	0.0177979
1.856138e-008	0.0154053
1.858638e-008	0.0176514
1.861138e-008	0.0125732
1.863638e-008	0.0139404
1.866138e-008	0.0303223
1.868638e-008	0.0272705
1.871138e-008	0.0104492
1.873638e-008	0.0135254
1.876138e-008	0.019165
1.878638e-008	0.0233399
1.881138e-008	0.0154785
1.883638e-008	0.00163575
1.886138e-008	0.0155274
1.888638e-008	0.0148193
1.891138e-008	0.00493165
1.893638e-008	0.0187012
1.896138e-008	0.0267578
1.898638e-008	0.0303467
1.901138e-008	0.0247803
1.903638e-008	0.0129395
1.906138e-008	0.0145996
1.908638e-008	0.0175049
1.911138e-008	0.00949708
1.913638e-008	0.0152588
1.916138e-008	0.0339111
1.918638e-008	0.0265381
1.921138e-008	0.020752
1.923638e-008	0.0216309
1.926138e-008	0.0180176
1.928638e-008	0.032959
1.931138e-008	0.0282471
1.933638e-008	0.0138184
1.936138e-008	0.0271484
1.938638e-008	0.0341553
1.941138e-008	0.0236572
1.943638e-008	0.0161133
1.946138e-008	0.0220703
1.948638e-008	0.0340088
1.951138e-008	0.0369629
1.953638e-008	0.0277832
1.956138e-008	0.01521
1.958638e-008	0.0153565
1.961138e-008	0.0285889
1.963638e-008	0.0324951
1.966138e-008	0.0260254
1.968638e-008	0.028125
1.971138e-008	0.0255859
1.973638e-008	0.0229736
1.976138e-008	0.0349121
1.978638e-008	0.0291504
1.981138e-008	0.0238037
1.983638e-008	0.0360596
1.986138e-008	0.0276367
1.988638e-008	0.0189209
1.991138e-008	0.0202881
1.993638e-008	0.0124756
1.996138e-008	0.0132568
1.998638e-008	0.0164307
2.001138e-008	0.0189209
2.003638e-008	0.0256348
2.006138e-008	0.0239014
2.008638e-008	0.021582
2.011138e-008	0.0167725
2.013638e-008	0.0170899
2.016138e-008	0.0242432
2.018638e-008	0.0183106
2.021138e-008	0.0233399
2.023638e-008	0.0259033
2.026138e-008	0.0155029
2.028638e-008	0.0217041
2.031138e-008	0.0157715
2.033638e-008	0.015918
2.036138e-008	0.0349121
2.038638e-008	0.0259522
2.041138e-008	0.014502
2.043638e-008	0.0229981
2.046138e-008	0.0354492
2.048638e-008	0.0364746
2.051138e-008	0.0162598
2.053638e-008	0.0120606
2.056138e-008	0.0318848
2.058638e-008	0.0349854
2.061138e-008	0.0269043
2.063638e-008	0.0222412
2.066138e-008	0.01875
2.068638e-008	0.0206543
2.071138e-008	0.0177002
2.073638e-008	0.0178223
2.076138e-008	0.0215576
2.078638e-008	0.0199463
2.081138e-008	0.0234131
2.083638e-008	0.0155762
2.086138e-008	0.010376
2.088638e-008	0.0196777
2.091138e-008	0.00871583
2.093638e-008	0.00737305
2.096138e-008	0.0250244
2.098638e-008	0.00969239
2.101138e-008	0.00144044
2.103638e-008	0.0241943
2.106138e-008	0.0264404
2.108638e-008	0.0197022
2.111138e-008	0.0174805
2.113638e-008	0.0153565
2.116138e-008	0.0260254
2.118638e-008	0.0319092
2.121138e-008	0.0233887
2.123638e-008	0.0103272
2.126138e-008	0.0166504
2.128638e-008	0.0415772
2.131138e-008	0.0284912
2.133638e-008	0.00661622
2.136138e-008	0.020044
2.138638e-008	0.0152832
2.141138e-008	0.0149902
2.143638e-008	0.0308106
2.146138e-008	0.0253906
2.148638e-008	0.0333984
2.151138e-008	0.0267578
2.153638e-008	0.0126709
2.156138e-008	0.0353516
2.158638e-008	0.0367432
2.161138e-008	0.0201904
2.163638e-008	0.0239746
2.166138e-008	0.0337891
2.168638e-008	0.0295166
2.171138e-008	0.0170166
2.173638e-008	0.0164307
2.176138e-008	0.014502
2.178638e-008	0.0181885
2.181138e-008	0.0248535
2.183638e-008	0.0131348
2.186138e-008	0.0131836
2.188638e-008	0.0230225
2.191138e-008	0.0171631
2.193638e-008	0.0187012
2.196138e-008	0.0312256
2.198638e-008	0.0324707
2.201138e-008	0.0308594
2.203638e-008	0.0313965
2.206138e-008	0.0298584
2.208638e-008	0.0345215
2.211138e-008	0.0306397
2.213638e-008	0.0172607
2.216138e-008	0.0144287
2.218638e-008	0.0111816
2.221138e-008	0.0121582
2.223638e-008	0.0200195
2.226138e-008	0.0253662
2.228638e-008	0.032959
2.231138e-008	0.0145996
2.233638e-008	0.000927742
2.236138e-008	0.0296143
2.238638e-008	0.0344483
2.241138e-008	0.0177002
2.243638e-008	0.0168457
2.246138e-008	0.0197266
2.248638e-008	0.0261963
2.251138e-008	0.0171387
2.253638e-008	0.0180664
2.256138e-008	0.0374024
2.258638e-008	0.0249024
2.261138e-008	0.0209961
2.263638e-008	0.0344238
2.266138e-008	0.0253662
2.268638e-008	0.0237549
2.271138e-008	0.0283203
2.273638e-008	0.0255371
2.276138e-008	0.0224609
2.278638e-008	0.0157227
2.281138e-008	0.0144287
2.283638e-008	0.0214844
2.286138e-008	0.0340088
2.288638e-008	0.038501
2.291138e-008	0.0256592
2.293638e-008	0.0208252
2.296138e-008	0.0333252
2.298638e-008	0.0352539
2.301138e-008	0.021875
2.303638e-008	0.0178711
2.306138e-008	0.0268066
2.308638e-008	0.0310059
2.311138e-008	0.0229004
2.313638e-008	0.0196533
2.316138e-008	0.0211914
2.318638e-008	0.0129883
2.321138e-008	0.0102051
2.323638e-008	0.0117432
2.326138e-008	0.0172119
2.328638e-008	0.0307861
2.331138e-008	0.0291992
2.333638e-008	0.0240479
2.336138e-008	0.0281494
2.338638e-008	0.0282227
2.341138e-008	0.0201172
2.343638e-008	0.0154541
2.346138e-008	0.0256836
2.348638e-008	0.0212402
2.351138e-008	0.0072754
2.353638e-008	0.0175293
2.356138e-008	0.0315674
2.358638e-008	0.0259033
2.361138e-008	0.0123535
2.363638e-008	0.0217285
2.366138e-008	0.0338135
2.368638e-008	0.0233399
2.371138e-008	0.0231445
2.373638e-008	0.0251953
2.376138e-008	0.019043
2.378638e-008	0.0201172
2.381138e-008	0.0241699
2.383638e-008	0.0378174
2.386138e-008	0.0409668
2.388638e-008	0.0196533
2.391138e-008	0.00898438
2.393638e-008	0.0133789
2.396138e-008	0.0148438
2.398638e-008	0.0192627
2.401138e-008	0.0294922
2.403638e-008	0.0306641
2.406138e-008	0.02771
2.408638e-008	0.0356934
2.411138e-008	0.0363525
2.413638e-008	0.0233887
2.416138e-008	0.0230225
2.418638e-008	0.0316406
2.421138e-008	0.0238525
2.423638e-008	0.00944825
2.426138e-008	0.0134277
2.428638e-008	0.0209717
2.431138e-008	0.0135498
2.433638e-008	0.0148193
2.436138e-008	0.0221436
2.438638e-008	0.0229981
2.441138e-008	0.0363037
2.443638e-008	0.034668
2.446138e-008	0.00834962
2.448638e-008	0.00751954
2.451138e-008	0.0222656
2.453638e-008	0.0181641
2.456138e-008	0.0157959
2.458638e-008	0.026294
2.461138e-008	0.0203125
2.463638e-008	0.010791
2.466138e-008	0.0181397
2.468638e-008	0.0197266
2.471138e-008	0.0227051
2.473638e-008	0.0243164
2.476138e-008	0.0242432
2.478638e-008	0.0297363
2.481138e-008	0.0185303
2.483638e-008	0.0182617
2.486138e-008	0.0300781
2.488638e-008	0.0230469
2.491138e-008	0.0161377
2.493638e-008	0.0188232
2.496138e-008	0.0261719
2.498638e-008	0.0239258
2.501138e-008	0.015918
2.503638e-008	0.0250733
2.506138e-008	0.0300049
2.508638e-008	0.0153809
2.511138e-008	0.00942384
2.513638e-008	0.0183594
2.516138e-008	0.026001
2.518638e-008	0.0300537
2.521138e-008	0.0180908
2.523638e-008	0.00529786
2.526138e-008	0.0146973
2.528638e-008	0.0195801
2.531138e-008	0.0237549
2.533638e-008	0.0296387
2.536138e-008	0.0175293
2.538638e-008	0.0138916
2.541138e-008	0.026416
2.543638e-008	0.0279785
2.546138e-008	0.0250488
2.548638e-008	0.0373291
2.551138e-008	0.0407471
2.553638e-008	0.0274658
2.556138e-008	0.0176025
2.558638e-008	0.0135986
2.561138e-008	0.0256104
2.563638e-008	0.0295166
2.566138e-008	0.0235596
2.568638e-008	0.027417
2.571138e-008	0.0152832
2.573638e-008	0.0128662
2.576138e-008	0.0270752
2.578638e-008	0.0313721
2.581138e-008	0.0302246
2.583638e-008	0.0130371
2.586138e-008	0.0109375
2.588638e-008	0.0319336
2.591138e-008	0.0212158
2.593638e-008	0.00683595
2.596138e-008	0.0263916
2.598638e-008	0.0348389
2.601138e-008	0.025708
2.603638e-008	0.0202637
2.606138e-008	0.0192627
2.608638e-008	0.0248047
2.611138e-008	0.0242188
2.613638e-008	0.0265381
2.616138e-008	0.0289063
2.618638e-008	0.0197754
2.621138e-008	0.0202637
2.623638e-008	0.0221436
2.626138e-008	0.0212402
2.628638e-008	0.0225586
2.631138e-008	0.0156738
2.633638e-008	0.0164063
2.636138e-008	0.0289063
2.638638e-008	0.0328858
2.641138e-008	0.0306152
2.643638e-008	0.0277344
2.646138e-008	0.0266113
2.648638e-008	0.0235107
2.651138e-008	0.0104248
2.653638e-008	0.0130859
2.656138e-008	0.0192383
2.658638e-008	0.0134522
2.661138e-008	0.020874
2.663638e-008	0.0197998
2.666138e-008	0.0187256
2.668638e-008	0.0260742
2.671138e-008	0.0189941
2.673638e-008	0.0176025
2.676138e-008	0.0197998
2.678638e-008	0.015332
2.681138e-008	0.00546876
2.683638e-008	0.00434571
2.686138e-008	0.0226807
2.688638e-008	0.0226807
2.691138e-008	0.0100098
2.693638e-008	0.0227783
2.696138e-008	0.0358399
2.698638e-008	0.0239014
2.701138e-008	0.0144531
2.703638e-008	0.0144775
2.706138e-008	0.0115234
2.708638e-008	0.0169434
2.711138e-008	0.0213135
2.713638e-008	0.0175293
2.716138e-008	0.0205078
2.718638e-008	0.0236328
2.721138e-008	0.023999
2.723638e-008	0.0243164
2.726138e-008	0.0187988
2.728638e-008	0.020459
2.731138e-008	0.0256104
2.733638e-008	0.0194824
2.736138e-008	0.0216553
2.738638e-008	0.0230957
2.741138e-008	0.0057129
2.743638e-008	0.00153809
2.746138e-008	0.0141846
2.748638e-008	0.0120117
2.751138e-008	0.00532227
2.753638e-008	0.0184082
2.756138e-008	0.0345703
2.758638e-008	0.0302979
2.761138e-008	0.0135498
2.763638e-008	0.00656739
2.766138e-008	0.0210205
2.768638e-008	0.0319092
2.771138e-008	0.0152588
2.773638e-008	0.00944825
2.776138e-008	0.0237793
2.778638e-008	0.0179199
2.781138e-008	0.00461427
2.783638e-008	0.00886231
2.786138e-008	0.02229
2.788638e-008	0.0194824
2.791138e-008	0.00854493
2.793638e-008	0.0172363
2.796138e-008	0.0239502
2.798638e-008	0.0242432
2.801138e-008	0.0227783
2.803638e-008	0.017334
2.806138e-008	0.027002
2.808638e-008	0.0264404
2.811138e-008	0.0141357
2.813638e-008	0.0263428
2.816138e-008	0.0318359
2.818638e-008	0.0177979
2.821138e-008	0.0160156
2.823638e-008	0.0214844
2.826138e-008	0.0302979
2.828638e-008	0.0282715
2.831138e-008	0.0121826
2.833638e-008	0.0134033
2.836138e-008	0.013916
2.838638e-008	0.0109131
2.841138e-008	0.0190186
2.843638e-008	0.0183838
2.846138e-008	0.0218018
2.848638e-008	0.0237549
2.851138e-008	0.00656739
2.853638e-008	-0.000317375
2.856138e-008	0.0109131
2.858638e-008	0.0237549
2.861138e-008	0.0270752
2.863638e-008	0.0161865
2.866138e-008	0.0144287
2.868638e-008	0.0280029
2.871138e-008	0.0296387
2.873638e-008	0.0223633
2.876138e-008	0.0266602
2.878638e-008	0.0310547
2.881138e-008	0.01604
2.883638e-008	0.00202637
2.886138e-008	0.014624
2.888638e-008	0.0238525
2.891138e-008	0.0181641
2.893638e-008	0.0234131
2.896138e-008	0.021582
2.898638e-008	0.0118408
2.901138e-008	0.0184082
2.903638e-008	0.0165283
2.906138e-008	0.0153565
2.908638e-008	0.0284424
2.911138e-008	0.0199463
2.913638e-008	0.0117676
2.916138e-008	0.0191162
2.918638e-008	0.0214356
2.921138e-008	0.0274902
2.923638e-008	0.0266602
2.926138e-008	0.0222412
2.928638e-008	0.0194824
2.931138e-008	0.0153565
2.933638e-008	0.0223633
2.936138e-008	0.020752
2.938638e-008	0.0157227
2.941138e-008	0.0183838
2.943638e-008	0.0157959
2.946138e-008	0.0257568
2.948638e-008	0.0327881
2.951138e-008	0.0133057
2.953638e-008	0.00441895
2.956138e-008	0.0234131
2.958638e-008	0.0356445
2.961138e-008	0.026416
2.963638e-008	0.0170899
2.966138e-008	0.0184326
2.968638e-008	0.0274658
2.971138e-008	0.038794
2.973638e-008	0.0380371
2.976138e-008	0.0229981
2.978638e-008	0.0172607
2.981138e-008	0.0252197
2.983638e-008	0.0235596
2.986138e-008	0.0171631
2.988638e-008	0.0161133
2.991138e-008	0.0108643
2.993638e-008	0.018335
2.996138e-008	0.0332031
2.998638e-008	0.0252197
3.001138e-008	0.0231201
3.003638e-008	0.0287598
3.006138e-008	0.0215332
3.008638e-008	0.025415
3.011138e-008	0.0223145
3.013638e-008	0.0185547
3.016138e-008	0.0313233
3.018638e-008	0.0235107
3.021138e-008	0.0218018
3.023638e-008	0.031543
3.026138e-008	0.0244629
3.028638e-008	0.0320557
3.031138e-008	0.0336914
3.033638e-008	0.0212647
3.036138e-008	0.02854
3.038638e-008	0.0275391
3.041138e-008	0.0219482
3.043638e-008	0.0302246
3.046138e-008	0.0262451
3.048638e-008	0.0197998
3.051138e-008	0.0229492
3.053638e-008	0.0197998
3.056138e-008	0.0178467
3.058638e-008	0.0210693
3.061138e-008	0.0228027
3.063638e-008	0.029541
3.066138e-008	0.0346436
3.068638e-008	0.0210693
3.071138e-008	0.00314942
3.073638e-008	0.0126221
3.076138e-008	0.0250244
3.078638e-008	0.0168213
3.081138e-008	0.0199707
3.083638e-008	0.0269775
3.086138e-008	0.022168
3.088638e-008	0.0199219
3.091138e-008	0.0144775
3.093638e-008	0.0104004
3.096138e-008	0.0169434
3.098638e-008	0.0165772
3.101138e-008	0.00747071
3.103638e-008	0.0139893
3.106138e-008	0.028125
3.108638e-008	0.0261475
3.111138e-008	0.020752
3.113638e-008	0.0203369
3.116138e-008	0.0182373
3.118638e-008	0.0196045
3.121138e-008	0.0161865
3.123638e-008	0.00725098
3.126138e-008	0.0188477
3.128638e-008	0.0272949
3.131138e-008	0.0119873
3.133638e-008	0.0151611
3.136138e-008	0.0331543
3.138638e-008	0.0347412
3.141138e-008	0.0217529
3.143638e-008	0.0193115
3.146138e-008	0.0311524
3.148638e-008	0.0249024
3.151138e-008	0.0219727
3.153638e-008	0.0281983
3.156138e-008	0.018042
3.158638e-008	0.00957032
3.161138e-008	-0.000561516
3.163638e-008	0.00156251
3.166138e-008	0.0268066
3.168638e-008	0.0280518
3.171138e-008	0.0114258
3.173638e-008	0.0169434
3.176138e-008	0.0256836
3.178638e-008	0.0197754
3.181138e-008	0.0186279
3.183638e-008	0.0273193
3.186138e-008	0.0313965
3.188638e-008	0.024707
3.191138e-008	0.025293
3.193638e-008	0.0255371
3.196138e-008	0.0152832
3.198638e-008	0.0155518
3.201138e-008	0.0220703
3.203638e-008	0.026709
3.206138e-008	0.0166016
3.208638e-008	0.00737305
3.211138e-008	0.0218506
3.213638e-008	0.0245117
3.216138e-008	0.0223633
3.218638e-008	0.0257324
3.221138e-008	0.0175293
3.223638e-008	0.0194092
3.226138e-008	0.0297852
3.228638e-008	0.0220947
3.231138e-008	0.00722657
3.233638e-008	0.017041
3.236138e-008	0.0330566
3.238638e-008	0.0300537
3.241138e-008	0.0229981
3.243638e-008	0.0175537
3.246138e-008	0.0246338
3.248638e-008	0.0237549
3.251138e-008	0.00522462
3.253638e-008	0.0136231
3.256138e-008	0.023999
3.258638e-008	0.0202881
3.261138e-008	0.023999
3.263638e-008	0.0181397
3.266138e-008	0.0229736
3.268638e-008	0.0321533
3.271138e-008	0.0201416
3.273638e-008	0.015918
3.276138e-008	0.0239014
3.278638e-008	0.0313721
3.281138e-008	0.0290283
3.283638e-008	0.0214111
3.286138e-008	0.0258057
3.288638e-008	0.0236572
3.291138e-008	0.0144287
3.293638e-008	0.0218262
3.296138e-008	0.0357178
3.298638e-008	0.0338623
3.301138e-008	0.0184815
3.303638e-008	0.0165039
3.306138e-008	0.0304199
3.308638e-008	0.0293701
3.311138e-008	0.0147949
3.313638e-008	0.0139893
3.316138e-008	0.0217529
3.318638e-008	0.0179932
3.321138e-008	0.00786134
3.323638e-008	0.0182129
3.326138e-008	0.0334961
3.328638e-008	0.0184082
3.331138e-008	0.0107178
3.333638e-008	0.0211182
3.336138e-008	0.0210449
3.338638e-008	0.0203369
3.341138e-008	0.0156006
3.343638e-008	0.0138428
3.346138e-008	0.0208984
3.348638e-008	0.0299072
3.351138e-008	0.0333252
3.353638e-008	0.0192627
3.356138e-008	0.0150391
3.358638e-008	0.0243164
3.361138e-008	0.0150879
3.363638e-008	0.00585938
3.366138e-008	0.0274902
3.368638e-008	0.034375
3.371138e-008	0.0125
3.373638e-008	0.0158691
3.376138e-008	0.0199463
3.378638e-008	0.0154053
3.381138e-008	0.0247803
3.383638e-008	0.0150147
3.386138e-008	0.0164063
3.388638e-008	0.0389893
3.391138e-008	0.0189453
3.393638e-008	-0.00124511
3.396138e-008	0.0173096
3.398638e-008	0.0211182
3.401138e-008	0.0127686
3.403638e-008	0.014209
3.406138e-008	0.0248779
3.408638e-008	0.0271729
3.411138e-008	0.0144043
3.413638e-008	0.0172607
3.416138e-008	0.0205322
3.418638e-008	0.0212891
3.421138e-008	0.0178467
3.423638e-008	0.00920411
3.426138e-008	0.0321045
3.428638e-008	0.0400147
3.431138e-008	0.0224609
3.433638e-008	0.0144287
3.436138e-008	0.00461427
3.438638e-008	0.0178711
3.441138e-008	0.0287354
3.443638e-008	0.0104492
3.446138e-008	0.00871583
3.448638e-008	0.0206787
3.451138e-008	0.0260498
3.453638e-008	0.023999
3.456138e-008	0.0218018
3.458638e-008	0.0314941
3.461138e-008	0.0317139
3.463638e-008	0.0147949
3.466138e-008	0.0131592
3.468638e-008	0.0192139
3.471138e-008	0.00151368
3.473638e-008	-0.0040039
3.476138e-008	0.0172852
3.478638e-008	0.0232666
3.481138e-008	0.0219971
3.483638e-008	0.0249512
3.486138e-008	0.030542
3.488638e-008	0.0358399
3.491138e-008	0.0260742
3.493638e-008	0.0223877
3.496138e-008	0.0266113
3.498638e-008	0.0248291
3.501138e-008	0.0288086
3.503638e-008	0.0313721
3.506138e-008	0.0302979
3.508638e-008	0.027832
3.511138e-008	0.0159424
3.513638e-008	0.0141846
3.516138e-008	0.0343506
3.518638e-008	0.0373291
3.521138e-008	0.00942384
3.523638e-008	0.00756837
3.526138e-008	0.0335693
3.528638e-008	0.0351318
3.531138e-008	0.0266846
3.533638e-008	0.0177734
3.536138e-008	0.0110596
3.538638e-008	0.0226318
3.541138e-008	0.0140137
3.543638e-008	-0.00058593
3.546138e-008	0.0181152
3.548638e-008	0.0260986
3.551138e-008	0.0152344
3.553638e-008	0.0132813
3.556138e-008	0.0199951
3.558638e-008	0.0322998
3.561138e-008	0.0287354
3.563638e-008	0.0166748
3.566138e-008	0.0252686
3.568638e-008	0.0302734
3.571138e-008	0.0158447
3.573638e-008	0.00683595
3.576138e-008	0.0144043
3.578638e-008	0.0191162
3.581138e-008	0.0131104
3.583638e-008	0.0157471
3.586138e-008	0.027002
3.588638e-008	0.0290039
3.591138e-008	0.0188477
3.593638e-008	0.0186035
3.596138e-008	0.0254639
3.598638e-008	0.0187988
3.601138e-008	0.0165527
3.603638e-008	0.0225098
3.606138e-008	0.0270996
3.608638e-008	0.0219971
3.611138e-008	0.00585938
3.613638e-008	0.0106201
3.616138e-008	0.0225342
3.618638e-008	0.0215576
3.621138e-008	0.029419
3.623638e-008	0.0336914
3.626138e-008	0.0336426
3.628638e-008	0.0352051
3.631138e-008	0.0273926
3.633638e-008	0.0193359
3.636138e-008	0.0153076
3.638638e-008	0.0229248
3.641138e-008	0.024707
3.643638e-008	0.0132568
3.646138e-008	0.0236572
3.648638e-008	0.0295166
3.651138e-008	0.0151856
3.653638e-008	0.0189209
3.656138e-008	0.0237061
3.658638e-008	0.0170166
3.661138e-008	0.0245361
3.663638e-008	0.0219971
3.666138e-008	0.0127197
3.668638e-008	0.0257568
3.671138e-008	0.0258057
3.673638e-008	0.0180176
3.676138e-008	0.026709
3.678638e-008	0.0323731
3.681138e-008	0.0245117
3.683638e-008	0.0145508
3.686138e-008	0.028833
3.688638e-008	0.0317627
3.691138e-008	0.0103027
3.693638e-008	0.0204834
3.696138e-008	0.0376953
3.698638e-008	0.0321533
3.701138e-008	0.0233399
3.703638e-008	0.0192139
3.706138e-008	0.0280518
3.708638e-008	0.0298096
3.711138e-008	0.0148438
3.713638e-008	0.0135986
3.716138e-008	0.0272217
3.718638e-008	0.0321045
3.721138e-008	0.0242432
3.723638e-008	0.0195313
3.726138e-008	0.0234863
3.728638e-008	0.0297852
3.731138e-008	0.0308106
3.733638e-008	0.0197754
3.736138e-008	0.0192383
3.738638e-008	0.0318848
3.741138e-008	0.0282715
3.743638e-008	0.0124024
3.746138e-008	0.0168213
3.748638e-008	0.03125
3.751138e-008	0.0151611
3.753638e-008	0.0132568
3.756138e-008	0.0370117
3.758638e-008	0.0313233
3.761138e-008	0.0299316
3.763638e-008	0.0321777
3.766138e-008	0.0123535
3.768638e-008	0.00817872
3.771138e-008	0.0143555
3.773638e-008	0.0165772
3.776138e-008	0.0200195
3.778638e-008	0.0248047
3.781138e-008	0.0267822
3.783638e-008	0.0217285
3.786138e-008	0.0298096
3.788638e-008	0.0332764
3.791138e-008	0.015332
3.793638e-008	0.0162109
3.796138e-008	0.0309082
3.798638e-008	0.0261475
3.801138e-008	0.0219482
3.803638e-008	0.0397705
3.806138e-008	0.0475586
3.808638e-008	0.0361572
3.811138e-008	0.0270996
3.813638e-008	0.0183838
3.816138e-008	0.0243408
3.818638e-008	0.0301758
3.821138e-008	0.0172852
3.823638e-008	0.00729981
3.826138e-008	0.0107178
3.828638e-008	0.0328613
3.831138e-008	0.0231934
3.833638e-008	-0.00273437
3.836138e-008	0.0186035
3.838638e-008	0.0241455
3.841138e-008	0.00646973
3.843638e-008	0.008667
3.846138e-008	0.0222168
3.848638e-008	0.0340332
3.851138e-008	0.0267822
3.853638e-008	0.0231201
3.856138e-008	0.0273682
3.858638e-008	0.0265625
3.861138e-008	0.0252197
3.863638e-008	0.0167236
3.866138e-008	0.0220459
3.868638e-008	0.0331299
3.871138e-008	0.0195313
3.873638e-008	0.00808106
3.876138e-008	0.0182373
3.878638e-008	0.026709
3.881138e-008	0.023291
3.883638e-008	0.0227783
3.886138e-008	0.0224609
3.888638e-008	0.0161133
3.891138e-008	0.0219971
3.893638e-008	0.0278809
3.896138e-008	0.0212402
3.898638e-008	0.0245606
3.901138e-008	0.0264893
3.903638e-008	0.0174072
3.906138e-008	0.0072754
3.908638e-008	0.0141357
3.911138e-008	0.0396729
3.913638e-008	0.0333252
3.916138e-008	0.0074463
3.918638e-008	0.00908204
3.921138e-008	0.0178955
3.923638e-008	0.0226563
3.926138e-008	0.0337402
3.928638e-008	0.0274658
3.931138e-008	0.0114014
3.933638e-008	0.0263428
3.936138e-008	0.0328613
3.938638e-008	0.0217285
3.941138e-008	0.0283203
3.943638e-008	0.0131348
3.946138e-008	-0.00200195
3.948638e-008	0.0123047
3.951138e-008	0.0121582
3.953638e-008	0.0151611
3.956138e-008	0.0320557
3.958638e-008	0.0330078
3.961138e-008	0.0301758
3.963638e-008	0.0363037
3.966138e-008	0.039502
3.968638e-008	0.0305664
3.971138e-008	0.018042
3.973638e-008	0.0146729
3.976138e-008	0.0186768
3.978638e-008	0.0216065
3.981138e-008	0.0168457
3.983638e-008	0.0146484
3.986138e-008	0.0221924
3.988638e-008	0.0178467
3.991138e-008	0.00412598
3.993638e-008	0.00607911
3.996138e-008	0.0163818
3.998638e-008	0.0187012
4.001138e-008	0.0235107
4.003638e-008	0.0251221
4.006138e-008	0.0146484
4.008638e-008	0.0202881
4.011138e-008	0.0187012
4.013638e-008	0.00839845
4.016138e-008	0.0219238
4.018638e-008	0.0171631
4.021138e-008	0.0195557
4.023638e-008	0.0327637
4.026138e-008	0.0208496
4.028638e-008	0.0302002
4.031138e-008	0.0301514
4.033638e-008	0.0136231
4.036138e-008	0.0253662
4.038638e-008	0.0328369
4.041138e-008	0.0246338
4.043638e-008	0.0165039
4.046138e-008	0.0180664
4.048638e-008	0.0253174
4.051138e-008	0.0294922
4.053638e-008	0.0235107
4.056138e-008	0.0140137
4.058638e-008	0.0237061
4.061138e-008	0.0254883
4.063638e-008	0.0147949
4.066138e-008	0.0238281
4.068638e-008	0.0353027
4.071138e-008	0.0318604
4.073638e-008	0.0260986
4.076138e-008	0.0266113
4.078638e-008	0.0263428
4.081138e-008	0.0208984
4.083638e-008	0.0193359
4.086138e-008	0.0287842
4.088638e-008	0.0319336
4.091138e-008	0.0189209
4.093638e-008	0.0204346
4.096138e-008	0.0313233
4.098638e-008	0.0238525
4.101138e-008	0.0183594
4.103638e-008	0.0216553
4.106138e-008	0.02771
4.108638e-008	0.0283691
4.111138e-008	0.0213867
4.113638e-008	0.0258057
4.116138e-008	0.0162598
4.118638e-008	0.0044922
4.121138e-008	0.0246826
4.123638e-008	0.0332275
4.126138e-008	0.0221191
4.128638e-008	0.020044
4.131138e-008	0.0240479
4.133638e-008	0.0260986
4.136138e-008	0.023584
4.138638e-008	0.0198975
4.141138e-008	0.0165039
4.143638e-008	0.0115234
4.146138e-008	0.0149902
4.148638e-008	0.0232422
4.151138e-008	0.01521
4.153638e-008	0.0183106
4.156138e-008	0.0338623
4.158638e-008	0.0251953
4.161138e-008	0.0237793
4.163638e-008	0.029419
4.166138e-008	0.0266846
4.168638e-008	0.0256104
4.171138e-008	0.00637208
4.173638e-008	0.00385743
4.176138e-008	0.0219482
4.178638e-008	0.0227783
4.181138e-008	0.0233399
4.183638e-008	0.0150635
4.186138e-008	0.0165039
4.188638e-008	0.0317383
4.191138e-008	0.0165283
4.193638e-008	0.00798341
4.196138e-008	0.0169678
4.198638e-008	0.0188477
4.201138e-008	0.0301514
4.203638e-008	0.0341553
4.206138e-008	0.03125
4.208638e-008	0.0332031
4.211138e-008	0.0190186
4.213638e-008	0.0109619
4.216138e-008	0.020459
4.218638e-008	0.0260498
4.221138e-008	0.0257324
4.223638e-008	0.0176758
4.226138e-008	0.0272949
4.228638e-008	0.030542
4.231138e-008	0.000488289
4.233638e-008	0.0072754
4.236138e-008	0.0316406
4.238638e-008	0.0165039
4.241138e-008	0.00253907
4.243638e-008	0.0134522
4.246138e-008	0.0273193
4.248638e-008	0.025
4.251138e-008	0.019458
4.253638e-008	0.0226318
4.256138e-008	0.0172607
4.258638e-008	0.01604
4.261138e-008	0.0320313
4.263638e-008	0.0241211
4.266138e-008	0.0136963
4.268638e-008	0.0237549
4.271138e-008	0.00852052
4.273638e-008	0.0162598
4.276138e-008	0.0389649
4.278638e-008	0.0227295
4.281138e-008	0.0234619
4.283638e-008	0.0255615
4.286138e-008	0.0226318
4.288638e-008	0.0308838
4.291138e-008	0.0173096
4.293638e-008	0.0149414
4.296138e-008	0.0222412
4.298638e-008	0.020459
4.301138e-008	0.0235596
4.303638e-008	0.0181641
4.306138e-008	0.0191895
4.308638e-008	0.0248779
4.311138e-008	0.0181885
4.313638e-008	0.015918
4.316138e-008	0.0208008
4.318638e-008	0.0263672
4.321138e-008	0.0234375
4.323638e-008	0.0230469
4.326138e-008	0.0373779
4.328638e-008	0.032251
4.331138e-008	0.00942384
4.333638e-008	0.013916
4.336138e-008	0.0307373
4.338638e-008	0.0240723
4.341138e-008	0.0228272
4.343638e-008	0.029541
4.346138e-008	0.0165772
4.348638e-008	0.013208
4.351138e-008	0.0220215
4.353638e-008	0.0291748
4.356138e-008	0.0381104
4.358638e-008	0.0260742
4.361138e-008	0.0138184
4.363638e-008	0.022876
4.366138e-008	0.0263672
4.368638e-008	0.030127
4.371138e-008	0.0305664
4.373638e-008	0.0169678
4.376138e-008	0.0173096
4.378638e-008	0.0185303
4.381138e-008	0.0191162
4.383638e-008	0.028125
4.386138e-008	0.013794
4.388638e-008	0.0142578
4.391138e-008	0.0324219
4.393638e-008	0.0164795
4.396138e-008	0.00969239
4.398638e-008	0.0234375
4.401138e-008	0.0138672
4.403638e-008	0.0125244
4.406138e-008	0.0376953
4.408638e-008	0.0307861
4.411138e-008	0.00764161
4.413638e-008	0.0184326
4.416138e-008	0.0245361
4.418638e-008	0.0208496
4.421138e-008	0.0240479
4.423638e-008	0.0213379
4.426138e-008	0.0252197
4.428638e-008	0.0257568
4.431138e-008	0.0144287
4.433638e-008	0.0109619
4.436138e-008	0.0137207
4.438638e-008	0.0242432
4.441138e-008	0.0366455
4.443638e-008	0.0263916
4.446138e-008	0.0232422
4.448638e-008	0.030542
4.451138e-008	0.0141357
4.453638e-008	0.011377
4.456138e-008	0.022583
4.458638e-008	0.027124
4.461138e-008	0.0335205
4.463638e-008	0.023291
4.466138e-008	0.0200684
4.468638e-008	0.0251709
4.471138e-008	0.00722657
4.473638e-008	0.0050293
4.476138e-008	0.0218018
4.478638e-008	0.0187012
4.481138e-008	0.0178467
4.483638e-008	0.0246094
4.486138e-008	0.0253418
4.488638e-008	0.0291748
4.491138e-008	0.0233154
4.493638e-008	0.0165039
4.496138e-008	0.0249024
4.498638e-008	0.0321533
4.501138e-008	0.0246338
4.503638e-008	0.0170899
4.506138e-008	0.0312256
4.508638e-008	0.0420899
4.511138e-008	0.0355957
4.513638e-008	0.0258301
4.516138e-008	0.018335
4.518638e-008	0.0238525
4.521138e-008	0.0240723
4.523638e-008	0.00739747
4.526138e-008	0.0101807
4.528638e-008	0.029126
4.531138e-008	0.0233399
4.533638e-008	0.0171875
4.536138e-008	0.0318604
4.538638e-008	0.0300781
4.541138e-008	0.0174561
4.543638e-008	0.018457
4.546138e-008	0.0192871
4.548638e-008	0.00905762
4.551138e-008	0.00505372
4.553638e-008	0.0153565
4.556138e-008	0.0249024
4.558638e-008	0.0277588
4.561138e-008	0.0273193
4.563638e-008	0.0307617
4.566138e-008	0.0335205
4.568638e-008	0.0282959
4.571138e-008	0.0235596
4.573638e-008	0.0224365
4.576138e-008	0.0218506
4.578638e-008	0.0137695
4.581138e-008	0.00981446
4.583638e-008	0.0144775
4.586138e-008	0.0184815
4.588638e-008	0.0343506
4.591138e-008	0.0325195
4.593638e-008	0.0124756
4.596138e-008	0.0235596
4.598638e-008	0.0328613
4.601138e-008	0.0154785
4.603638e-008	0.00925294
4.606138e-008	0.0246094
4.608638e-008	0.0310791
4.611138e-008	0.00778809
4.613638e-008	-0.00222167
4.616138e-008	0.0198731
4.618638e-008	0.0266113
4.621138e-008	0.0117188
4.623638e-008	0.00966798
4.626138e-008	0.0272949
4.628638e-008	0.0391358
4.631138e-008	0.0328369
4.633638e-008	0.0215576
4.636138e-008	0.0199951
4.638638e-008	0.0220947
4.641138e-008	0.0171875
4.643638e-008	0.0260498
4.646138e-008	0.0411133
4.648638e-008	0.0362061
4.651138e-008	0.026416
4.653638e-008	0.0209717
4.656138e-008	0.0152588
4.658638e-008	0.0185303
4.661138e-008	0.0268799
4.663638e-008	0.0202881
4.666138e-008	0.0126709
4.668638e-008	0.0167725
4.671138e-008	0.0182617
4.673638e-008	0.0197022
4.676138e-008	0.0224854
4.678638e-008	0.0239014
4.681138e-008	0.0187744
4.683638e-008	0.0116943
4.686138e-008	0.0209961
4.688638e-008	0.0249756
4.691138e-008	0.0166748
4.693638e-008	0.0190674
4.696138e-008	0.0202637
4.698638e-008	0.0205078
4.701138e-008	0.018457
4.703638e-008	0.0127197
4.706138e-008	0.0135498
4.708638e-008	0.00966798
4.711138e-008	0.0171143
4.713638e-008	0.0219727
4.716138e-008	0.0152832
4.718638e-008	0.0211426
4.721138e-008	0.0150147
4.723638e-008	0.0134277
4.726138e-008	0.0313233
4.728638e-008	0.0317627
4.731138e-008	0.00795899
4.733638e-008	0.00437012
4.736138e-008	0.0242676
4.738638e-008	0.0226807
4.741138e-008	0.0187744
4.743638e-008	0.00568848
4.746138e-008	0.00285645
4.748638e-008	0.0306152
4.751138e-008	0.0236084
4.753638e-008	0.0193604
4.756138e-008	0.0380127
4.758638e-008	0.0334229
4.761138e-008	0.0283203
4.763638e-008	0.0295166
4.766138e-008	0.0205811
4.768638e-008	0.00964356
4.771138e-008	0.0133301
4.773638e-008	0.023584
4.776138e-008	0.0260986
4.778638e-008	0.0260986
4.781138e-008	0.0261963
4.783638e-008	0.0261963
4.786138e-008	0.0320313
4.788638e-008	0.0278076
4.791138e-008	0.00922852
4.793638e-008	0.012793
4.796138e-008	0.0224609
4.798638e-008	0.0205566
4.801138e-008	0.0228027
4.803638e-008	0.0173096
4.806138e-008	0.0225098
4.808638e-008	0.0312012
4.811138e-008	0.0192871
4.813638e-008	0.0147949
4.816138e-008	0.0181641
4.818638e-008	0.0182861
4.821138e-008	0.0109375
4.823638e-008	0.00590821
4.826138e-008	0.0217529
4.828638e-008	0.0195068
4.831138e-008	0.00507813
4.833638e-008	0.0150635
4.836138e-008	0.0163574
4.838638e-008	0.016919
4.841138e-008	0.0193359
4.843638e-008	0.00869141
4.846138e-008	0.0203857
4.848638e-008	0.0251953
4.851138e-008	0.0127197
4.853638e-008	0.0183106
4.856138e-008	0.0238525
4.858638e-008	0.0234863
4.861138e-008	0.0197754
4.863638e-008	0.0239502
4.866138e-008	0.0335449
4.868638e-008	0.028833
4.871138e-008	0.0263428
4.873638e-008	0.0185303
4.876138e-008	0.00878907
4.878638e-008	0.0143311
4.881138e-008	0.0264404
4.883638e-008	0.0350342
4.886138e-008	0.00986329
4.888638e-008	-0.00588378
4.891138e-008	0.0201904
4.893638e-008	0.0317871
4.896138e-008	0.031958
4.898638e-008	0.0273926
4.901138e-008	0.0312012
4.903638e-008	0.0291504
4.906138e-008	0.00246583
4.908638e-008	0.0221924
4.911138e-008	0.023877
4.913638e-008	-0.0114014
4.916138e-008	0.0165039
4.918638e-008	0.0303467
4.921138e-008	0.0100342
4.923638e-008	0.0167969
4.926138e-008	0.0268066
4.928638e-008	0.0374024
4.931138e-008	0.0324219
4.933638e-008	0.0111328
4.936138e-008	0.0123779
4.938638e-008	0.0284668
4.941138e-008	0.0334961
4.943638e-008	0.029834
4.946138e-008	0.0245117
4.948638e-008	0.0084961
4.951138e-008	0.00563966
4.953638e-008	0.0269775
4.956138e-008	0.0273682
4.958638e-008	0.0150635
4.961138e-008	0.0195557
4.963638e-008	0.0242676
4.966138e-008	0.0302246
4.968638e-008	0.0375977
4.971138e-008	0.032251
4.973638e-008	0.0276611
4.976138e-008	0.0264404
4.978638e-008	0.0245606
4.981138e-008	0.0289063
4.983638e-008	0.0268066
4.986138e-008	0.027417
4.988638e-008	0.0296387
4.991138e-008	0.0120606
4.993638e-008	0.00644532
4.996138e-008	0.0195068
4.998638e-008	0.0216797
5.001138e-008	0.020459
