# LECROYWM813Zi	51496	Waveform
# Segments	1	SegmentSize	4002
# Segment	TrigTime	TimeSinceSegment1
# #1	30-Nov-2018 17:25:05	0                 
# Time	Ampl
-5.002314e-008	0.0238281
-4.999814e-008	0.0164063
-4.997314e-008	0.0187988
-4.994814e-008	0.0242432
-4.992314e-008	0.0168701
-4.989814e-008	0.0195068
-4.987314e-008	0.0264649
-4.984814e-008	0.0307861
-4.982314e-008	0.033374
-4.979814e-008	0.0215088
-4.977314e-008	0.0203613
-4.974814e-008	0.0284424
-4.972314e-008	0.018335
-4.969814e-008	0.0181641
-4.967314e-008	0.0274414
-4.964814e-008	0.0218506
-4.962314e-008	0.0177002
-4.959814e-008	0.0138672
-4.957314e-008	0.010669
-4.954814e-008	0.0154541
-4.952314e-008	0.0175537
-4.949814e-008	0.0257813
-4.947314e-008	0.0263184
-4.944814e-008	0.0112793
-4.942314e-008	0.0213379
-4.939814e-008	0.0382813
-4.937314e-008	0.0285645
-4.934814e-008	0.01875
-4.932314e-008	0.0175049
-4.929814e-008	0.0155029
-4.927314e-008	0.0153076
-4.924814e-008	0.0250244
-4.922314e-008	0.0337158
-4.919814e-008	0.0217041
-4.917314e-008	0.0165527
-4.914814e-008	0.0278565
-4.912314e-008	0.0246582
-4.909814e-008	0.0157715
-4.907314e-008	0.0232422
-4.904814e-008	0.035083
-4.902314e-008	0.0335205
-4.899814e-008	0.0243164
-4.897314e-008	0.0184082
-4.894814e-008	0.0195313
-4.892314e-008	0.0195557
-4.889814e-008	0.0120117
-4.887314e-008	0.0124756
-4.884814e-008	0.0281006
-4.882314e-008	0.0376221
-4.879814e-008	0.0241699
-4.877314e-008	0.017627
-4.874814e-008	0.0245117
-4.872314e-008	0.0150391
-4.869814e-008	0.0100586
-4.867314e-008	0.0178223
-4.864814e-008	0.0269287
-4.862314e-008	0.0190918
-4.859814e-008	-0.0072998
-4.857314e-008	0.0038086
-4.854814e-008	0.0181397
-4.852314e-008	0.0108643
-4.849814e-008	0.0251221
-4.847314e-008	0.0221436
-4.844814e-008	0.0167969
-4.842314e-008	0.0354248
-4.839814e-008	0.0285156
-4.837314e-008	0.0172607
-4.834814e-008	0.0259033
-4.832314e-008	0.0260986
-4.829814e-008	0.0216309
-4.827314e-008	0.0145752
-4.824814e-008	0.0140137
-4.822314e-008	0.0267334
-4.819814e-008	0.0134033
-4.817314e-008	0.00937501
-4.814814e-008	0.0379395
-4.812314e-008	0.0337891
-4.809814e-008	0.0138672
-4.807314e-008	0.0116943
-4.804814e-008	0.0236816
-4.802314e-008	0.0312256
-4.799814e-008	0.0118897
-4.797314e-008	0.0113525
-4.794814e-008	0.0299316
-4.792314e-008	0.0304932
-4.789814e-008	0.0319092
-4.787314e-008	0.0345947
-4.784814e-008	0.0265137
-4.782314e-008	0.0178467
-4.779814e-008	0.0196045
-4.777314e-008	0.0178223
-4.774814e-008	0.0161865
-4.772314e-008	0.0256592
-4.769814e-008	0.0230225
-4.767314e-008	0.0215088
-4.764814e-008	0.0283447
-4.762314e-008	0.030249
-4.759814e-008	0.0244629
-4.757314e-008	0.0141357
-4.754814e-008	0.0200195
-4.752314e-008	0.0200195
-4.749814e-008	0.0132324
-4.747314e-008	0.0205811
-4.744814e-008	0.0284912
-4.742314e-008	0.0372803
-4.739814e-008	0.0272949
-4.737314e-008	0.0141357
-4.734814e-008	0.0251709
-4.732314e-008	0.0251709
-4.729814e-008	0.0164063
-4.727314e-008	0.0161377
-4.724814e-008	0.0193604
-4.722314e-008	0.0257813
-4.719814e-008	0.0202393
-4.717314e-008	0.0153565
-4.714814e-008	0.022168
-4.712314e-008	0.0199463
-4.709814e-008	0.0161133
-4.707314e-008	0.0136719
-4.704814e-008	0.0224365
-4.702314e-008	0.0351318
-4.699814e-008	0.0203125
-4.697314e-008	0.0185791
-4.694814e-008	0.0266846
-4.692314e-008	0.0125732
-4.689814e-008	0.0147461
-4.687314e-008	0.0226563
-4.684814e-008	0.0245361
-4.682314e-008	0.0328369
-4.679814e-008	0.0225342
-4.677314e-008	0.010669
-4.674814e-008	0.0157227
-4.672314e-008	0.017749
-4.669814e-008	0.0244141
-4.667314e-008	0.0263916
-4.664814e-008	0.021582
-4.662314e-008	0.0196289
-4.659814e-008	0.00695802
-4.657314e-008	0.0150147
-4.654814e-008	0.0310059
-4.652314e-008	0.0225586
-4.649814e-008	0.0261963
-4.647314e-008	0.0255615
-4.644814e-008	0.0150879
-4.642314e-008	0.0224854
-4.639814e-008	0.02229
-4.637314e-008	0.0127686
-4.634814e-008	0.0146973
-4.632314e-008	0.0209961
-4.629814e-008	0.0260498
-4.627314e-008	0.0283936
-4.624814e-008	0.0249268
-4.622314e-008	0.0198486
-4.619814e-008	0.00925294
-4.617314e-008	0.00263673
-4.614814e-008	0.0229492
-4.612314e-008	0.0369873
-4.609814e-008	0.0198731
-4.607314e-008	0.0160889
-4.604814e-008	0.0363525
-4.602314e-008	0.0375
-4.599814e-008	0.012915
-4.597314e-008	0.00827637
-4.594814e-008	0.0252686
-4.592314e-008	0.0229492
-4.589814e-008	0.0203125
-4.587314e-008	0.027832
-4.584814e-008	0.02146
-4.582314e-008	0.0193359
-4.579814e-008	0.0230225
-4.577314e-008	0.0205078
-4.574814e-008	0.0182373
-4.572314e-008	0.0177979
-4.569814e-008	0.0140625
-4.567314e-008	0.00715333
-4.564814e-008	0.0184082
-4.562314e-008	0.0273682
-4.559814e-008	0.0165772
-4.557314e-008	0.0203857
-4.554814e-008	0.0292236
-4.552314e-008	0.0250733
-4.549814e-008	0.0154053
-4.547314e-008	0.0148193
-4.544814e-008	0.0266846
-4.542314e-008	0.0249024
-4.539814e-008	0.0188232
-4.537314e-008	0.0200195
-4.534814e-008	0.012207
-4.532314e-008	0.0120606
-4.529814e-008	0.0202393
-4.527314e-008	0.00673829
-4.524814e-008	0.00615235
-4.522314e-008	0.0323486
-4.519814e-008	0.02854
-4.517314e-008	0.0164551
-4.514814e-008	0.0219238
-4.512314e-008	0.0159668
-4.509814e-008	0.00859376
-4.507314e-008	0.00920411
-4.504814e-008	0.0210693
-4.502314e-008	0.0269531
-4.499814e-008	0.0143555
-4.497314e-008	0.0115723
-4.494814e-008	0.0133301
-4.492314e-008	0.0208496
-4.489814e-008	0.0300293
-4.487314e-008	0.0129639
-4.484814e-008	0.00473634
-4.482314e-008	0.0208496
-4.479814e-008	0.023291
-4.477314e-008	0.0200195
-4.474814e-008	0.0278076
-4.472314e-008	0.0329834
-4.469814e-008	0.0292969
-4.467314e-008	0.0208008
-4.464814e-008	0.0173096
-4.462314e-008	0.0181641
-4.459814e-008	0.0169678
-4.457314e-008	0.0184082
-4.454814e-008	0.0221924
-4.452314e-008	0.0192871
-4.449814e-008	0.0115479
-4.447314e-008	0.0185059
-4.444814e-008	0.0341553
-4.442314e-008	0.0308594
-4.439814e-008	0.0152588
-4.437314e-008	0.0188477
-4.434814e-008	0.0331055
-4.432314e-008	0.0263916
-4.429814e-008	0.0175049
-4.427314e-008	0.0179199
-4.424814e-008	0.0153076
-4.422314e-008	0.0169678
-4.419814e-008	0.0169678
-4.417314e-008	0.017334
-4.414814e-008	0.0249512
-4.412314e-008	0.0312988
-4.409814e-008	0.0290772
-4.407314e-008	0.0259033
-4.404814e-008	0.0307861
-4.402314e-008	0.0296875
-4.399814e-008	0.0265381
-4.397314e-008	0.0160156
-4.394814e-008	-0.000976555
-4.392314e-008	0.00681153
-4.389814e-008	0.0191895
-4.387314e-008	0.0181641
-4.384814e-008	0.00925294
-4.382314e-008	0.0112793
-4.379814e-008	0.0354492
-4.377314e-008	0.0340332
-4.374814e-008	0.0217529
-4.372314e-008	0.0302246
-4.369814e-008	0.0229981
-4.367314e-008	0.0144043
-4.364814e-008	0.031665
-4.362314e-008	0.0325195
-4.359814e-008	0.00751954
-4.357314e-008	0.0154053
-4.354814e-008	0.0344483
-4.352314e-008	0.0224365
-4.349814e-008	0.0246582
-4.347314e-008	0.0270752
-4.344814e-008	0.0102051
-4.342314e-008	0.0134522
-4.339814e-008	0.0226318
-4.337314e-008	0.0251709
-4.334814e-008	0.0245117
-4.332314e-008	0.016626
-4.329814e-008	0.019458
-4.327314e-008	0.0264893
-4.324814e-008	0.0277588
-4.322314e-008	0.0296875
-4.319814e-008	0.0205811
-4.317314e-008	0.0084961
-4.314814e-008	0.00729981
-4.312314e-008	0.00314942
-4.309814e-008	0.0116943
-4.307314e-008	0.0285889
-4.304814e-008	0.025415
-4.302314e-008	0.0227539
-4.299814e-008	0.0147705
-4.297314e-008	0.00979005
-4.294814e-008	0.0243408
-4.292314e-008	0.0248047
-4.289814e-008	0.026001
-4.287314e-008	0.0303711
-4.284814e-008	0.0181885
-4.282314e-008	0.0124512
-4.279814e-008	0.0152588
-4.277314e-008	0.0241943
-4.274814e-008	0.0373047
-4.272314e-008	0.0322998
-4.269814e-008	0.0178955
-4.267314e-008	0.0174072
-4.264814e-008	0.0108887
-4.262314e-008	0.00168458
-4.259814e-008	0.0160889
-4.257314e-008	0.0157959
-4.254814e-008	0.00283204
-4.252314e-008	0.0193848
-4.249814e-008	0.0303467
-4.247314e-008	0.0227295
-4.244814e-008	0.0335205
-4.242314e-008	0.0343994
-4.239814e-008	0.0108887
-4.237314e-008	0.0149658
-4.234814e-008	0.0236328
-4.232314e-008	0.0112549
-4.229814e-008	0.0153809
-4.227314e-008	0.0185059
-4.224814e-008	0.0177246
-4.222314e-008	0.0306641
-4.219814e-008	0.0359619
-4.217314e-008	0.0335205
-4.214814e-008	0.0131836
-4.212314e-008	-0.00639648
-4.209814e-008	0.0196533
-4.207314e-008	0.0286133
-4.204814e-008	0.0122559
-4.202314e-008	0.0370361
-4.199814e-008	0.0397461
-4.197314e-008	0.0146484
-4.194814e-008	0.0263916
-4.192314e-008	0.0303223
-4.189814e-008	0.023877
-4.187314e-008	0.0315674
-4.184814e-008	0.0254639
-4.182314e-008	0.0155029
-4.179814e-008	0.0053711
-4.177314e-008	0.00463868
-4.174814e-008	0.025293
-4.172314e-008	0.0225342
-4.169814e-008	0.0167481
-4.167314e-008	0.029126
-4.164814e-008	0.0230225
-4.162314e-008	0.0216797
-4.159814e-008	0.0242432
-4.157314e-008	0.0142822
-4.154814e-008	0.0164063
-4.152314e-008	0.019165
-4.149814e-008	0.0137451
-4.147314e-008	0.0149902
-4.144814e-008	0.0229248
-4.142314e-008	0.023999
-4.139814e-008	0.0159668
-4.137314e-008	0.0174805
-4.134814e-008	0.023999
-4.132314e-008	0.0229492
-4.129814e-008	0.0243897
-4.127314e-008	0.0216797
-4.124814e-008	0.00844727
-4.122314e-008	0.00683595
-4.119814e-008	0.0153565
-4.117314e-008	0.0127686
-4.114814e-008	0.0102051
-4.112314e-008	0.0173584
-4.109814e-008	0.0255615
-4.107314e-008	0.0295166
-4.104814e-008	0.0311524
-4.102314e-008	0.026001
-4.099814e-008	0.0103272
-4.097314e-008	0.0176514
-4.094814e-008	0.0269531
-4.092314e-008	0.00595704
-4.089814e-008	-0.000708
-4.087314e-008	0.0111816
-4.084814e-008	0.0308106
-4.082314e-008	0.0269043
-4.079814e-008	-0.00402831
-4.077314e-008	0.00354005
-4.074814e-008	0.0243652
-4.072314e-008	0.0268799
-4.069814e-008	0.0159424
-4.067314e-008	0.0114746
-4.064814e-008	0.0375244
-4.062314e-008	0.0329346
-4.059814e-008	-0.000341789
-4.057314e-008	0.0119385
-4.054814e-008	0.0344238
-4.052314e-008	0.0170654
-4.049814e-008	0.0167481
-4.047314e-008	0.0360108
-4.044814e-008	0.0227783
-4.042314e-008	0.0158936
-4.039814e-008	0.0237793
-4.037314e-008	0.019043
-4.034814e-008	0.0167969
-4.032314e-008	0.0203125
-4.029814e-008	0.013208
-4.027314e-008	-0.00273437
-4.024814e-008	0.0065918
-4.022314e-008	0.0283936
-4.019814e-008	0.0320557
-4.017314e-008	0.0282227
-4.014814e-008	0.0237061
-4.012314e-008	0.0233154
-4.009814e-008	0.0199951
-4.007314e-008	0.0158203
-4.004814e-008	0.0296143
-4.002314e-008	0.0386475
-3.999814e-008	0.0228272
-3.997314e-008	0.0171631
-3.994814e-008	0.0229004
-3.992314e-008	0.0162598
-3.989814e-008	0.0229736
-3.987314e-008	0.0297363
-3.984814e-008	0.0238037
-3.982314e-008	0.0300293
-3.979814e-008	0.023877
-3.977314e-008	0.0159424
-3.974814e-008	0.0312012
-3.972314e-008	0.0311524
-3.969814e-008	0.0134766
-3.967314e-008	0.0134522
-3.964814e-008	0.0212647
-3.962314e-008	0.0211914
-3.959814e-008	0.0236816
-3.957314e-008	0.021582
-3.954814e-008	0.0219482
-3.952314e-008	0.0282959
-3.949814e-008	0.0260742
-3.947314e-008	0.0250488
-3.944814e-008	0.0299805
-3.942314e-008	0.0385742
-3.939814e-008	0.0303955
-3.937314e-008	0.0181397
-3.934814e-008	0.0211182
-3.932314e-008	0.0134033
-3.929814e-008	0.0277344
-3.927314e-008	0.0426025
-3.924814e-008	0.0176758
-3.922314e-008	0.0119385
-3.919814e-008	0.0162598
-3.917314e-008	0.0158936
-3.914814e-008	0.0265381
-3.912314e-008	0.0278565
-3.909814e-008	0.0305908
-3.907314e-008	0.0204346
-3.904814e-008	0.00754395
-3.902314e-008	0.0285156
-3.899814e-008	0.030542
-3.897314e-008	0.0173096
-3.894814e-008	0.0301025
-3.892314e-008	0.0293701
-3.889814e-008	0.0201416
-3.887314e-008	0.0185059
-3.884814e-008	0.0164795
-3.882314e-008	0.0225586
-3.879814e-008	0.00869141
-3.877314e-008	-0.00344238
-3.874814e-008	0.0183594
-3.872314e-008	0.0292725
-3.869814e-008	0.0245117
-3.867314e-008	0.020166
-3.864814e-008	0.0166504
-3.862314e-008	0.0214356
-3.859814e-008	0.0224121
-3.857314e-008	0.025415
-3.854814e-008	0.0340576
-3.852314e-008	0.0250488
-3.849814e-008	0.0108154
-3.847314e-008	0.0191406
-3.844814e-008	0.0288818
-3.842314e-008	0.019751
-3.839814e-008	0.0156494
-3.837314e-008	0.0217285
-3.834814e-008	0.0246582
-3.832314e-008	0.0236816
-3.829814e-008	0.0215088
-3.827314e-008	0.0258057
-3.824814e-008	0.0274902
-3.822314e-008	0.0211914
-3.819814e-008	0.0261475
-3.817314e-008	0.0341065
-3.814814e-008	0.0244385
-3.812314e-008	0.0159424
-3.809814e-008	0.0164063
-3.807314e-008	0.0150879
-3.804814e-008	0.0243652
-3.802314e-008	0.0253906
-3.799814e-008	0.0157959
-3.797314e-008	0.0289795
-3.794814e-008	0.0362549
-3.792314e-008	0.0243408
-3.789814e-008	0.0145264
-3.787314e-008	0.012915
-3.784814e-008	0.0249024
-3.782314e-008	0.0261231
-3.779814e-008	0.015918
-3.777314e-008	0.0142334
-3.774814e-008	0.0141602
-3.772314e-008	0.0212402
-3.769814e-008	0.0249512
-3.767314e-008	0.0178711
-3.764814e-008	0.0251953
-3.762314e-008	0.028125
-3.759814e-008	0.00959473
-3.757314e-008	0.00288087
-3.754814e-008	0.0154053
-3.752314e-008	0.0285156
-3.749814e-008	0.0193115
-3.747314e-008	0.00495606
-3.744814e-008	0.0234375
-3.742314e-008	0.0323242
-3.739814e-008	0.0178955
-3.737314e-008	0.0222656
-3.734814e-008	0.0255859
-3.732314e-008	0.013501
-3.729814e-008	0.0122559
-3.727314e-008	0.018457
-3.724814e-008	0.0172607
-3.722314e-008	0.020166
-3.719814e-008	0.0241943
-3.717314e-008	0.0223633
-3.714814e-008	0.0230713
-3.712314e-008	0.0195801
-3.709814e-008	0.0205322
-3.707314e-008	0.0242676
-3.704814e-008	0.0224121
-3.702314e-008	0.0228516
-3.699814e-008	0.0155274
-3.697314e-008	0.0199463
-3.694814e-008	0.0311279
-3.692314e-008	0.0197998
-3.689814e-008	0.0155274
-3.687314e-008	0.0184815
-3.684814e-008	0.0188477
-3.682314e-008	0.027832
-3.679814e-008	0.0267334
-3.677314e-008	0.0187744
-3.674814e-008	0.0196045
-3.672314e-008	0.0222656
-3.669814e-008	0.0254639
-3.667314e-008	0.0266113
-3.664814e-008	0.0299072
-3.662314e-008	0.0357178
-3.659814e-008	0.0277344
-3.657314e-008	0.0223389
-3.654814e-008	0.0236816
-3.652314e-008	0.0199463
-3.649814e-008	0.020874
-3.647314e-008	0.0168701
-3.644814e-008	0.0218506
-3.642314e-008	0.0297363
-3.639814e-008	0.0166504
-3.637314e-008	0.0140137
-3.634814e-008	0.0168213
-3.632314e-008	0.0183838
-3.629814e-008	0.0310791
-3.627314e-008	0.0293213
-3.624814e-008	0.025293
-3.622314e-008	0.027002
-3.619814e-008	0.0184082
-3.617314e-008	0.0250733
-3.614814e-008	0.0286865
-3.612314e-008	0.0109375
-3.609814e-008	0.0123291
-3.607314e-008	0.0249024
-3.604814e-008	0.029834
-3.602314e-008	0.0287842
-3.599814e-008	0.0253418
-3.597314e-008	0.027124
-3.594814e-008	0.0182373
-3.592314e-008	0.0139404
-3.589814e-008	0.0252441
-3.587314e-008	0.0267822
-3.584814e-008	0.025415
-3.582314e-008	0.0240479
-3.579814e-008	0.016626
-3.577314e-008	0.01521
-3.574814e-008	0.0230225
-3.572314e-008	0.0220215
-3.569814e-008	0.00463868
-3.567314e-008	0.00646973
-3.564814e-008	0.0234375
-3.562314e-008	0.0199219
-3.559814e-008	0.0167969
-3.557314e-008	0.0230469
-3.554814e-008	0.0252441
-3.552314e-008	0.0280762
-3.549814e-008	0.0329346
-3.547314e-008	0.0306152
-3.544814e-008	0.0183106
-3.542314e-008	0.0136719
-3.539814e-008	0.0194336
-3.537314e-008	0.0290283
-3.534814e-008	0.0234863
-3.532314e-008	0.00590821
-3.529814e-008	0.0120117
-3.527314e-008	0.0185547
-3.524814e-008	0.0241699
-3.522314e-008	0.0329834
-3.519814e-008	0.0181641
-3.517314e-008	0.0175049
-3.514814e-008	0.0247559
-3.512314e-008	0.0176514
-3.509814e-008	0.0255615
-3.507314e-008	0.0260986
-3.504814e-008	0.0165527
-3.502314e-008	0.017627
-3.499814e-008	0.012085
-3.497314e-008	0.0171631
-3.494814e-008	0.0260742
-3.492314e-008	0.0133545
-3.489814e-008	0.0179443
-3.487314e-008	0.0292725
-3.484814e-008	0.0221436
-3.482314e-008	0.0267334
-3.479814e-008	0.0264404
-3.477314e-008	0.0138916
-3.474814e-008	0.020166
-3.472314e-008	0.0298828
-3.469814e-008	0.0167481
-3.467314e-008	0.00881348
-3.464814e-008	0.0216797
-3.462314e-008	0.0201904
-3.459814e-008	0.0154053
-3.457314e-008	0.0257324
-3.454814e-008	0.0256348
-3.452314e-008	0.0111328
-3.449814e-008	0.00437012
-3.447314e-008	0.0194336
-3.444814e-008	0.0344727
-3.442314e-008	0.027002
-3.439814e-008	0.0128662
-3.437314e-008	0.0164795
-3.434814e-008	0.02771
-3.432314e-008	0.0250244
-3.429814e-008	0.0228272
-3.427314e-008	0.0259766
-3.424814e-008	0.025415
-3.422314e-008	0.0264404
-3.419814e-008	0.0244141
-3.417314e-008	0.0217041
-3.414814e-008	0.0204834
-3.412314e-008	0.0199463
-3.409814e-008	0.0283447
-3.407314e-008	0.0282715
-3.404814e-008	0.0276123
-3.402314e-008	0.0379883
-3.399814e-008	0.0227295
-3.397314e-008	0.00878907
-3.394814e-008	0.0170899
-3.392314e-008	0.0119629
-3.389814e-008	0.0171875
-3.387314e-008	0.0253662
-3.384814e-008	0.015918
-3.382314e-008	0.0199463
-3.379814e-008	0.0239014
-3.377314e-008	0.0166504
-3.374814e-008	0.0129639
-3.372314e-008	0.0158447
-3.369814e-008	0.0257813
-3.367314e-008	0.023877
-3.364814e-008	0.0236572
-3.362314e-008	0.0367676
-3.359814e-008	0.0297119
-3.357314e-008	0.0235107
-3.354814e-008	0.0400147
-3.352314e-008	0.0403565
-3.349814e-008	0.0272461
-3.347314e-008	0.0158447
-3.344814e-008	0.0116699
-3.342314e-008	0.029541
-3.339814e-008	0.0291748
-3.337314e-008	0.0153565
-3.334814e-008	0.0208984
-3.332314e-008	0.0165772
-3.329814e-008	0.017627
-3.327314e-008	0.0215332
-3.324814e-008	0.0189453
-3.322314e-008	0.0275879
-3.319814e-008	0.0188477
-3.317314e-008	0.0130127
-3.314814e-008	0.0230713
-3.312314e-008	0.0222168
-3.309814e-008	0.0216553
-3.307314e-008	0.0215332
-3.304814e-008	0.0291992
-3.302314e-008	0.035083
-3.299814e-008	0.0197754
-3.297314e-008	0.010669
-3.294814e-008	0.0090088
-3.292314e-008	0.00541993
-3.289814e-008	0.0116211
-3.287314e-008	0.0177979
-3.284814e-008	0.0212402
-3.282314e-008	0.0231445
-3.279814e-008	0.0224365
-3.277314e-008	0.023999
-3.274814e-008	0.0164795
-3.272314e-008	0.0142334
-3.269814e-008	0.0263916
-3.267314e-008	0.0323486
-3.264814e-008	0.0338379
-3.262314e-008	0.0223633
-3.259814e-008	0.00827637
-3.257314e-008	0.0139649
-3.254814e-008	0.0184326
-3.252314e-008	0.0169434
-3.249814e-008	0.0203613
-3.247314e-008	0.0276123
-3.244814e-008	0.0366455
-3.242314e-008	0.0355713
-3.239814e-008	0.018042
-3.237314e-008	0.00886231
-3.234814e-008	0.0201904
-3.232314e-008	0.0290283
-3.229814e-008	0.0202149
-3.227314e-008	0.00893555
-3.224814e-008	0.0254639
-3.222314e-008	0.0388184
-3.219814e-008	0.0126465
-3.217314e-008	-0.00058593
-3.214814e-008	0.0128174
-3.212314e-008	0.0214111
-3.209814e-008	0.0315186
-3.207314e-008	0.0243164
-3.204814e-008	0.0134766
-3.202314e-008	0.0260254
-3.199814e-008	0.0183106
-3.197314e-008	0.0128418
-3.194814e-008	0.0261963
-3.192314e-008	0.0188721
-3.189814e-008	0.0163574
-3.187314e-008	0.0123047
-3.184814e-008	0.00812989
-3.182314e-008	0.0232666
-3.179814e-008	0.0234863
-3.177314e-008	0.0164795
-3.174814e-008	0.0149414
-3.172314e-008	0.0123779
-3.169814e-008	0.0141357
-3.167314e-008	0.0184815
-3.164814e-008	0.0205322
-3.162314e-008	0.0174316
-3.159814e-008	0.0215576
-3.157314e-008	0.0302734
-3.154814e-008	0.0318115
-3.152314e-008	0.0198486
-3.149814e-008	0.00246583
-3.147314e-008	0.00839845
-3.144814e-008	0.0291504
-3.142314e-008	0.0248535
-3.139814e-008	0.000341804
-3.137314e-008	0.00620118
-3.134814e-008	0.024707
-3.132314e-008	0.0156982
-3.129814e-008	0.0203613
-3.127314e-008	0.0342774
-3.124814e-008	0.0314453
-3.122314e-008	0.0332275
-3.119814e-008	0.0260986
-3.117314e-008	0.018335
-3.114814e-008	0.0229248
-3.112314e-008	0.0178711
-3.109814e-008	0.01875
-3.107314e-008	0.0266358
-3.104814e-008	0.0273438
-3.102314e-008	0.0220215
-3.099814e-008	0.00437012
-3.097314e-008	-0.00358886
-3.094814e-008	0.00954591
-3.092314e-008	0.0227295
-3.089814e-008	0.0252441
-3.087314e-008	0.0223877
-3.084814e-008	0.0266846
-3.082314e-008	0.0271484
-3.079814e-008	0.017041
-3.077314e-008	0.0145996
-3.074814e-008	0.0224854
-3.072314e-008	0.0219238
-3.069814e-008	0.00895997
-3.067314e-008	0.00954591
-3.064814e-008	0.0226318
-3.062314e-008	0.0218506
-3.059814e-008	0.0120606
-3.057314e-008	0.00881348
-3.054814e-008	0.0151611
-3.052314e-008	0.0223389
-3.049814e-008	0.028833
-3.047314e-008	0.0335205
-3.044814e-008	0.0244385
-3.042314e-008	0.0240723
-3.039814e-008	0.0283936
-3.037314e-008	0.0166016
-3.034814e-008	0.0158691
-3.032314e-008	0.0142334
-3.029814e-008	0.0156006
-3.027314e-008	0.0294434
-3.024814e-008	0.0206055
-3.022314e-008	0.014624
-3.019814e-008	0.0205078
-3.017314e-008	0.0175537
-3.014814e-008	0.0129395
-3.012314e-008	0.0221924
-3.009814e-008	0.0417236
-3.007314e-008	0.0287598
-3.004814e-008	0.0183838
-3.002314e-008	0.027002
-2.999814e-008	0.0105957
-2.997314e-008	0.0139404
-2.994814e-008	0.0385498
-2.992314e-008	0.035083
-2.989814e-008	0.016919
-2.987314e-008	0.0167481
-2.984814e-008	0.0325684
-2.982314e-008	0.0263916
-2.979814e-008	0.0100586
-2.977314e-008	0.0171387
-2.974814e-008	0.0217529
-2.972314e-008	0.0151611
-2.969814e-008	0.0247803
-2.967314e-008	0.0293457
-2.964814e-008	0.020459
-2.962314e-008	0.0255615
-2.959814e-008	0.0234619
-2.957314e-008	0.0223389
-2.954814e-008	0.0299561
-2.952314e-008	0.0149414
-2.949814e-008	0.0138428
-2.947314e-008	0.0272949
-2.944814e-008	0.0295654
-2.942314e-008	0.0330566
-2.939814e-008	0.0217529
-2.937314e-008	0.0229981
-2.934814e-008	0.0353272
-2.932314e-008	0.0193848
-2.929814e-008	0.0135254
-2.927314e-008	0.023877
-2.924814e-008	0.0290527
-2.922314e-008	0.0301514
-2.919814e-008	0.0153565
-2.917314e-008	0.00202637
-2.914814e-008	0.0123779
-2.912314e-008	0.0242676
-2.909814e-008	0.0154297
-2.907314e-008	0.0167481
-2.904814e-008	0.0375977
-2.902314e-008	0.030127
-2.899814e-008	0.00390626
-2.897314e-008	0.00439454
-2.894814e-008	0.016919
-2.892314e-008	0.0148438
-2.889814e-008	0.0160156
-2.887314e-008	0.0240234
-2.884814e-008	0.0225342
-2.882314e-008	0.0187988
-2.879814e-008	0.0153809
-2.877314e-008	0.020166
-2.874814e-008	0.0291748
-2.872314e-008	0.0249024
-2.869814e-008	0.0217774
-2.867314e-008	0.0220215
-2.864814e-008	0.0246094
-2.862314e-008	0.0297852
-2.859814e-008	0.0218994
-2.857314e-008	0.0120606
-2.854814e-008	0.0186035
-2.852314e-008	0.0278565
-2.849814e-008	0.0194824
-2.847314e-008	0.0181152
-2.844814e-008	0.0319092
-2.842314e-008	0.024292
-2.839814e-008	0.020044
-2.837314e-008	0.0304932
-2.834814e-008	0.0202393
-2.832314e-008	0.0124268
-2.829814e-008	0.0200684
-2.827314e-008	0.031958
-2.824814e-008	0.042627
-2.822314e-008	0.0319092
-2.819814e-008	0.0167236
-2.817314e-008	0.011084
-2.814814e-008	0.0128174
-2.812314e-008	0.0235107
-2.809814e-008	0.0199951
-2.807314e-008	0.0104248
-2.804814e-008	0.0153565
-2.802314e-008	0.017749
-2.799814e-008	0.0164063
-2.797314e-008	0.0213623
-2.794814e-008	0.020459
-2.792314e-008	0.0189453
-2.789814e-008	0.027124
-2.787314e-008	0.0313721
-2.784814e-008	0.0331543
-2.782314e-008	0.0298828
-2.779814e-008	0.0137451
-2.777314e-008	0.0142578
-2.774814e-008	0.0234619
-2.772314e-008	0.013501
-2.769814e-008	0.0195557
-2.767314e-008	0.0297363
-2.764814e-008	0.0244141
-2.762314e-008	0.0291504
-2.759814e-008	0.0170899
-2.757314e-008	0.0052002
-2.754814e-008	0.0164063
-2.752314e-008	0.0254639
-2.749814e-008	0.0301758
-2.747314e-008	0.0154785
-2.744814e-008	0.0103027
-2.742314e-008	0.0310791
-2.739814e-008	0.0325684
-2.737314e-008	0.0209229
-2.734814e-008	0.0278076
-2.732314e-008	0.0378906
-2.729814e-008	0.0241211
-2.727314e-008	0.0184082
-2.724814e-008	0.0279541
-2.722314e-008	0.0205811
-2.719814e-008	0.0189209
-2.717314e-008	0.0269531
-2.714814e-008	0.0219238
-2.712314e-008	0.0196289
-2.709814e-008	0.0227783
-2.707314e-008	0.0140869
-2.704814e-008	0.0135742
-2.702314e-008	0.0223877
-2.699814e-008	0.0210205
-2.697314e-008	0.0260742
-2.694814e-008	0.0256592
-2.692314e-008	0.0148438
-2.689814e-008	0.0228516
-2.687314e-008	0.0334229
-2.684814e-008	0.0287354
-2.682314e-008	0.0222412
-2.679814e-008	0.0202881
-2.677314e-008	0.0234375
-2.674814e-008	0.0341797
-2.672314e-008	0.0368897
-2.669814e-008	0.0206299
-2.667314e-008	0.00478516
-2.664814e-008	0.0091797
-2.662314e-008	0.0216797
-2.659814e-008	0.0123291
-2.657314e-008	0.00737305
-2.654814e-008	0.0210693
-2.652314e-008	0.0219238
-2.649814e-008	0.0259277
-2.647314e-008	0.0272461
-2.644814e-008	0.0239014
-2.642314e-008	0.0334473
-2.639814e-008	0.0270996
-2.637314e-008	0.0162842
-2.634814e-008	0.020044
-2.632314e-008	0.0261719
-2.629814e-008	0.0240967
-2.627314e-008	0.0107178
-2.624814e-008	0.0210205
-2.622314e-008	0.0393311
-2.619814e-008	0.0207764
-2.617314e-008	0.00788575
-2.614814e-008	0.0166748
-2.612314e-008	0.0159424
-2.609814e-008	0.0201904
-2.607314e-008	0.023999
-2.604814e-008	0.0233154
-2.602314e-008	0.034668
-2.599814e-008	0.0313233
-2.597314e-008	0.0208008
-2.594814e-008	0.0263184
-2.592314e-008	0.0275391
-2.589814e-008	0.022168
-2.587314e-008	0.0183838
-2.584814e-008	0.0157959
-2.582314e-008	0.0115723
-2.579814e-008	0.0151611
-2.577314e-008	0.0250977
-2.574814e-008	0.0227295
-2.572314e-008	0.0197754
-2.569814e-008	0.0248047
-2.567314e-008	0.0327637
-2.564814e-008	0.041626
-2.562314e-008	0.0428223
-2.559814e-008	0.0287598
-2.557314e-008	0.0159668
-2.554814e-008	0.0296875
-2.552314e-008	0.0398926
-2.549814e-008	0.02771
-2.547314e-008	0.0118652
-2.544814e-008	0.00722657
-2.542314e-008	0.018335
-2.539814e-008	0.0107422
-2.537314e-008	0.00957032
-2.534814e-008	0.0313477
-2.532314e-008	0.0268311
-2.529814e-008	0.02771
-2.527314e-008	0.0354981
-2.524814e-008	0.025293
-2.522314e-008	0.0305908
-2.519814e-008	0.0278565
-2.517314e-008	0.0109375
-2.514814e-008	0.0172119
-2.512314e-008	0.0229736
-2.509814e-008	0.0149414
-2.507314e-008	0.0201172
-2.504814e-008	0.025415
-2.502314e-008	0.010376
-2.499814e-008	0.0038086
-2.497314e-008	0.0209961
-2.494814e-008	0.030957
-2.492314e-008	0.0160889
-2.489814e-008	0.00788575
-2.487314e-008	0.0309326
-2.484814e-008	0.0449463
-2.482314e-008	0.0309082
-2.479814e-008	0.0248535
-2.477314e-008	0.0240234
-2.474814e-008	0.0182861
-2.472314e-008	0.0212647
-2.469814e-008	0.0263916
-2.467314e-008	0.0245606
-2.464814e-008	0.0257813
-2.462314e-008	0.0243897
-2.459814e-008	0.00422364
-2.457314e-008	0.00783692
-2.454814e-008	0.029834
-2.452314e-008	0.0188477
-2.449814e-008	0.020752
-2.447314e-008	0.0351074
-2.444814e-008	0.0266602
-2.442314e-008	0.0199707
-2.439814e-008	0.0145752
-2.437314e-008	0.0150635
-2.434814e-008	0.021167
-2.432314e-008	0.0212402
-2.429814e-008	0.025708
-2.427314e-008	0.0311768
-2.424814e-008	0.0253906
-2.422314e-008	0.0138184
-2.419814e-008	0.0117188
-2.417314e-008	0.0163818
-2.414814e-008	0.020874
-2.412314e-008	0.0225342
-2.409814e-008	0.025293
-2.407314e-008	0.028125
-2.404814e-008	0.0187744
-2.402314e-008	0.015332
-2.399814e-008	0.0238525
-2.397314e-008	0.0244629
-2.394814e-008	0.018457
-2.392314e-008	0.0147217
-2.389814e-008	0.0237793
-2.387314e-008	0.0328858
-2.384814e-008	0.020874
-2.382314e-008	0.0149658
-2.379814e-008	0.0217529
-2.377314e-008	0.0224854
-2.374814e-008	0.0314209
-2.372314e-008	0.0240723
-2.369814e-008	0.0104492
-2.367314e-008	0.0294678
-2.364814e-008	0.0294678
-2.362314e-008	0.00822755
-2.359814e-008	0.00456544
-2.357314e-008	0.0144531
-2.354814e-008	0.0270508
-2.352314e-008	0.024707
-2.349814e-008	0.0256836
-2.347314e-008	0.0286133
-2.344814e-008	0.0217529
-2.342314e-008	0.0239502
-2.339814e-008	0.0184815
-2.337314e-008	0.0166992
-2.334814e-008	0.0320801
-2.332314e-008	0.0227783
-2.329814e-008	0.00910645
-2.327314e-008	0.0194336
-2.324814e-008	0.0237549
-2.322314e-008	0.0228027
-2.319814e-008	0.0138184
-2.317314e-008	0.00910645
-2.314814e-008	0.0254639
-2.312314e-008	0.0222656
-2.309814e-008	0.0200928
-2.307314e-008	0.0258545
-2.304814e-008	0.0156982
-2.302314e-008	0.0241211
-2.299814e-008	0.0254395
-2.297314e-008	0.0161621
-2.294814e-008	0.0228516
-2.292314e-008	0.0219971
-2.289814e-008	0.0223633
-2.287314e-008	0.0192139
-2.284814e-008	0.0176025
-2.282314e-008	0.031543
-2.279814e-008	0.0303955
-2.277314e-008	0.0192139
-2.274814e-008	0.0143066
-2.272314e-008	0.0090088
-2.269814e-008	0.00327149
-2.267314e-008	0.00566407
-2.264814e-008	0.0214356
-2.262314e-008	0.0267578
-2.259814e-008	0.0139404
-2.257314e-008	0.0105469
-2.254814e-008	0.0214111
-2.252314e-008	0.0297852
-2.249814e-008	0.0266113
-2.247314e-008	0.0229981
-2.244814e-008	0.0271484
-2.242314e-008	0.023999
-2.239814e-008	0.0172363
-2.237314e-008	0.0218506
-2.234814e-008	0.0269531
-2.232314e-008	0.0243408
-2.229814e-008	0.0185303
-2.227314e-008	0.00927735
-2.224814e-008	0.0100342
-2.222314e-008	0.0185547
-2.219814e-008	0.0135986
-2.217314e-008	0.0135986
-2.214814e-008	0.0201416
-2.212314e-008	0.0174561
-2.209814e-008	0.019751
-2.207314e-008	0.0202149
-2.204814e-008	0.0168945
-2.202314e-008	0.026001
-2.199814e-008	0.0320068
-2.197314e-008	0.0227051
-2.194814e-008	0.0195313
-2.192314e-008	0.023584
-2.189814e-008	0.0254395
-2.187314e-008	0.0234375
-2.184814e-008	0.0196777
-2.182314e-008	0.0322266
-2.179814e-008	0.0359863
-2.177314e-008	0.0218994
-2.174814e-008	0.023169
-2.172314e-008	0.0178711
-2.169814e-008	0.0100342
-2.167314e-008	0.0244141
-2.164814e-008	0.0223877
-2.162314e-008	0.00861817
-2.159814e-008	0.0152832
-2.157314e-008	0.0280029
-2.154814e-008	0.0385742
-2.152314e-008	0.0275635
-2.149814e-008	0.00483399
-2.147314e-008	0.0131104
-2.144814e-008	0.0318848
-2.142314e-008	0.0291748
-2.139814e-008	0.011377
-2.137314e-008	0.00288087
-2.134814e-008	0.0119141
-2.132314e-008	0.0260742
-2.129814e-008	0.0323975
-2.127314e-008	0.0205322
-2.124814e-008	0.0147217
-2.122314e-008	0.0222168
-2.119814e-008	0.0196533
-2.117314e-008	0.016626
-2.114814e-008	0.0221191
-2.112314e-008	0.0259766
-2.109814e-008	0.0229736
-2.107314e-008	0.0243897
-2.104814e-008	0.0317139
-2.102314e-008	0.0323242
-2.099814e-008	0.0282715
-2.097314e-008	0.0246826
-2.094814e-008	0.0211914
-2.092314e-008	0.0128418
-2.089814e-008	0.0157959
-2.087314e-008	0.0264893
-2.084814e-008	0.0256836
-2.082314e-008	0.0296631
-2.079814e-008	0.0229492
-2.077314e-008	0.0182129
-2.074814e-008	0.0334961
-2.072314e-008	0.0264649
-2.069814e-008	0.0154785
-2.067314e-008	0.0167725
-2.064814e-008	0.0175537
-2.062314e-008	0.026294
-2.059814e-008	0.0254639
-2.057314e-008	0.0180908
-2.054814e-008	0.0196045
-2.052314e-008	0.0206543
-2.049814e-008	0.0252686
-2.047314e-008	0.032666
-2.044814e-008	0.0256104
-2.042314e-008	0.0161133
-2.039814e-008	0.0131104
-2.037314e-008	0.0116211
-2.034814e-008	0.0176514
-2.032314e-008	0.0118652
-2.029814e-008	0.00695802
-2.027314e-008	0.0204834
-2.024814e-008	0.0316895
-2.022314e-008	0.0356445
-2.019814e-008	0.0224854
-2.017314e-008	0.0141357
-2.014814e-008	0.0185791
-2.012314e-008	0.0167725
-2.009814e-008	0.0274902
-2.007314e-008	0.0219238
-2.004814e-008	0.00827637
-2.002314e-008	0.0246094
-1.999814e-008	0.0183838
-1.997314e-008	0.0128418
-1.994814e-008	0.0309815
-1.992314e-008	0.0169922
-1.989814e-008	0.0154297
-1.987314e-008	0.0264893
-1.984814e-008	0.0200195
-1.982314e-008	0.0306397
-1.979814e-008	0.0225342
-1.977314e-008	0.0193115
-1.974814e-008	0.0356934
-1.972314e-008	0.023584
-1.969814e-008	0.0235352
-1.967314e-008	0.0264404
-1.964814e-008	0.0199219
-1.962314e-008	0.0164795
-1.959814e-008	0.00288087
-1.957314e-008	0.0143311
-1.954814e-008	0.0216309
-1.952314e-008	0.010083
-1.949814e-008	0.0209961
-1.947314e-008	0.0246338
-1.944814e-008	0.0213867
-1.942314e-008	0.0258057
-1.939814e-008	0.0197998
-1.937314e-008	0.0149658
-1.934814e-008	0.0196533
-1.932314e-008	0.0307617
-1.929814e-008	0.0348633
-1.927314e-008	0.023169
-1.924814e-008	0.0221924
-1.922314e-008	0.0226318
-1.919814e-008	-0.00202636
-1.917314e-008	-0.00637206
-1.914814e-008	0.0160889
-1.912314e-008	0.0147461
-1.909814e-008	0.017041
-1.907314e-008	0.0304443
-1.904814e-008	0.0279541
-1.902314e-008	0.0290039
-1.899814e-008	0.0223877
-1.897314e-008	0.0176025
-1.894814e-008	0.031665
-1.892314e-008	0.0335449
-1.889814e-008	0.0299561
-1.887314e-008	0.0199951
-1.884814e-008	0.000805672
-1.882314e-008	0.00947266
-1.879814e-008	0.026294
-1.877314e-008	0.0261231
-1.874814e-008	0.0235596
-1.872314e-008	0.0177246
-1.869814e-008	0.0182129
-1.867314e-008	0.0193359
-1.864814e-008	0.0239014
-1.862314e-008	0.0404053
-1.859814e-008	0.0241943
-1.857314e-008	0.00366212
-1.854814e-008	0.0227051
-1.852314e-008	0.026294
-1.849814e-008	0.0188965
-1.847314e-008	0.0280518
-1.844814e-008	0.0233154
-1.842314e-008	0.018042
-1.839814e-008	0.0248291
-1.837314e-008	0.024292
-1.834814e-008	0.0223389
-1.832314e-008	0.0218506
-1.829814e-008	0.0193604
-1.827314e-008	0.0164551
-1.824814e-008	0.012207
-1.822314e-008	0.0195801
-1.819814e-008	0.0245361
-1.817314e-008	0.0131104
-1.814814e-008	0.0181152
-1.812314e-008	0.0256104
-1.809814e-008	0.0225342
-1.807314e-008	0.0229492
-1.804814e-008	0.00332032
-1.802314e-008	-0.00363769
-1.799814e-008	0.0170899
-1.797314e-008	0.0247559
-1.794814e-008	0.029419
-1.792314e-008	0.0227051
-1.789814e-008	0.014624
-1.787314e-008	0.0265869
-1.784814e-008	0.0261475
-1.782314e-008	0.0267822
-1.779814e-008	0.0271973
-1.777314e-008	0.0116943
-1.774814e-008	0.01521
-1.772314e-008	0.0170899
-1.769814e-008	0.00654298
-1.767314e-008	0.0163086
-1.764814e-008	0.0206299
-1.762314e-008	0.0131348
-1.759814e-008	0.0197022
-1.757314e-008	0.0241211
-1.754814e-008	0.0192383
-1.752314e-008	0.0150635
-1.749814e-008	0.0155762
-1.747314e-008	0.0258789
-1.744814e-008	0.0349854
-1.742314e-008	0.0273438
-1.739814e-008	0.0130127
-1.737314e-008	0.013208
-1.734814e-008	0.0187744
-1.732314e-008	0.0183106
-1.729814e-008	0.0193359
-1.727314e-008	0.0168213
-1.724814e-008	0.0191162
-1.722314e-008	0.0283447
-1.719814e-008	0.0258057
-1.717314e-008	0.0179688
-1.714814e-008	0.017334
-1.712314e-008	0.023291
-1.709814e-008	0.0172852
-1.707314e-008	0.00651856
-1.704814e-008	0.0192139
-1.702314e-008	0.0263916
-1.699814e-008	0.0183106
-1.697314e-008	0.0207764
-1.694814e-008	0.0243164
-1.692314e-008	0.0166016
-1.689814e-008	0.00852052
-1.687314e-008	0.0151123
-1.684814e-008	0.0235352
-1.682314e-008	0.0259033
-1.679814e-008	0.0245117
-1.677314e-008	0.019458
-1.674814e-008	0.0222412
-1.672314e-008	0.0249268
-1.669814e-008	0.0198486
-1.667314e-008	0.0128418
-1.664814e-008	0.0208496
-1.662314e-008	0.0376465
-1.659814e-008	0.0320068
-1.657314e-008	0.0199951
-1.654814e-008	0.0170654
-1.652314e-008	0.0160156
-1.649814e-008	0.0175781
-1.647314e-008	0.0174316
-1.644814e-008	0.0209473
-1.642314e-008	0.0266358
-1.639814e-008	0.0191406
-1.637314e-008	0.0150147
-1.634814e-008	0.0261231
-1.632314e-008	0.0253174
-1.629814e-008	0.0236328
-1.627314e-008	0.029541
-1.624814e-008	0.027002
-1.622314e-008	0.0234131
-1.619814e-008	0.0140869
-1.617314e-008	0.0125488
-1.614814e-008	0.0227539
-1.612314e-008	0.0231934
-1.609814e-008	0.0151611
-1.607314e-008	0.00922852
-1.604814e-008	0.0217041
-1.602314e-008	0.0371338
-1.599814e-008	0.0369385
-1.597314e-008	0.0295654
-1.594814e-008	0.0174316
-1.592314e-008	0.0104004
-1.589814e-008	0.0199951
-1.587314e-008	0.0246094
-1.584814e-008	0.0119141
-1.582314e-008	0.019751
-1.579814e-008	0.0293945
-1.577314e-008	0.0193604
-1.574814e-008	0.0260254
-1.572314e-008	0.0303223
-1.569814e-008	0.024707
-1.567314e-008	0.0234131
-1.564814e-008	0.0247803
-1.562314e-008	0.0275635
-1.559814e-008	0.0208008
-1.557314e-008	0.0226807
-1.554814e-008	0.0310791
-1.552314e-008	0.0305664
-1.549814e-008	0.0276856
-1.547314e-008	0.0202393
-1.544814e-008	0.0230225
-1.542314e-008	0.0303711
-1.539814e-008	0.0241699
-1.537314e-008	0.0263672
-1.534814e-008	0.0284668
-1.532314e-008	0.0164063
-1.529814e-008	0.0183106
-1.527314e-008	0.0188965
-1.524814e-008	0.0181152
-1.522314e-008	0.0286621
-1.519814e-008	0.0126221
-1.517314e-008	0.0057129
-1.514814e-008	0.025708
-1.512314e-008	0.0271973
-1.509814e-008	0.0304932
-1.507314e-008	0.0320801
-1.504814e-008	0.0191895
-1.502314e-008	0.00952149
-1.499814e-008	0.00168458
-1.497314e-008	0.00864259
-1.494814e-008	0.0141846
-1.492314e-008	0.0100586
-1.489814e-008	0.0240967
-1.487314e-008	0.0266602
-1.484814e-008	0.0211914
-1.482314e-008	0.0303711
-1.479814e-008	0.020752
-1.477314e-008	0.0170899
-1.474814e-008	0.0225342
-1.472314e-008	0.0132568
-1.469814e-008	0.0161377
-1.467314e-008	0.0128174
-1.464814e-008	0.00993653
-1.462314e-008	0.013208
-1.459814e-008	0.00822755
-1.457314e-008	0.0132813
-1.454814e-008	0.0100098
-1.452314e-008	0.0196777
-1.449814e-008	0.0388916
-1.447314e-008	0.0334229
-1.444814e-008	0.0262451
-1.442314e-008	0.0188721
-1.439814e-008	0.0222656
-1.437314e-008	0.0206543
-1.434814e-008	0.00678712
-1.432314e-008	0.0115723
-1.429814e-008	0.014917
-1.427314e-008	0.0195557
-1.424814e-008	0.0298096
-1.422314e-008	0.0256104
-1.419814e-008	0.0169434
-1.417314e-008	0.0192627
-1.414814e-008	0.0261231
-1.412314e-008	0.0224365
-1.409814e-008	0.00939942
-1.407314e-008	0.00524903
-1.404814e-008	0.0246582
-1.402314e-008	0.0260986
-1.399814e-008	0.00493165
-1.397314e-008	0.0159912
-1.394814e-008	0.0331543
-1.392314e-008	0.028418
-1.389814e-008	0.0290283
-1.387314e-008	0.0322266
-1.384814e-008	0.0229004
-1.382314e-008	0.023584
-1.379814e-008	0.0258789
-1.377314e-008	0.0143555
-1.374814e-008	0.0254883
-1.372314e-008	0.0325195
-1.369814e-008	0.0196533
-1.367314e-008	0.0173584
-1.364814e-008	0.0212158
-1.362314e-008	0.0225586
-1.359814e-008	0.00859376
-1.357314e-008	0.0189453
-1.354814e-008	0.0305176
-1.352314e-008	0.00551759
-1.349814e-008	0.0169678
-1.347314e-008	0.029541
-1.344814e-008	0.0146973
-1.342314e-008	0.0186524
-1.339814e-008	0.022876
-1.337314e-008	0.0272217
-1.334814e-008	0.0246094
-1.332314e-008	0.0167725
-1.329814e-008	0.0258057
-1.327314e-008	0.0241943
-1.324814e-008	0.0170166
-1.322314e-008	0.0232666
-1.319814e-008	0.0138184
-1.317314e-008	0.00507813
-1.314814e-008	0.0174316
-1.312314e-008	0.0193115
-1.309814e-008	0.0175049
-1.307314e-008	0.0196289
-1.304814e-008	0.0182129
-1.302314e-008	0.0207275
-1.299814e-008	0.0127686
-1.297314e-008	0.00234376
-1.294814e-008	0.00969239
-1.292314e-008	0.0224121
-1.289814e-008	0.0287354
-1.287314e-008	0.026709
-1.284814e-008	0.0206055
-1.282314e-008	0.0144775
-1.279814e-008	0.0118652
-1.277314e-008	0.0217285
-1.274814e-008	0.028125
-1.272314e-008	0.0150147
-1.269814e-008	0.0101074
-1.267314e-008	0.021875
-1.264814e-008	0.0213135
-1.262314e-008	0.0127441
-1.259814e-008	0.0200195
-1.257314e-008	0.0327881
-1.254814e-008	0.0302734
-1.252314e-008	0.0215332
-1.249814e-008	0.0173828
-1.247314e-008	0.0118164
-1.244814e-008	0.0238525
-1.242314e-008	0.0346191
-1.239814e-008	0.00776368
-1.237314e-008	0.00385743
-1.234814e-008	0.0281983
-1.232314e-008	0.0252686
-1.229814e-008	0.0188965
-1.227314e-008	0.0192139
-1.224814e-008	0.0213135
-1.222314e-008	0.0203857
-1.219814e-008	0.0102783
-1.217314e-008	0.0212402
-1.214814e-008	0.0303711
-1.212314e-008	0.0180664
-1.209814e-008	0.0210693
-1.207314e-008	0.0244873
-1.204814e-008	0.0199951
-1.202314e-008	0.0275635
-1.199814e-008	0.0261231
-1.197314e-008	0.0161377
-1.194814e-008	0.0168213
-1.192314e-008	0.0178955
-1.189814e-008	0.0140137
-1.187314e-008	0.0164307
-1.184814e-008	0.0196533
-1.182314e-008	0.014209
-1.179814e-008	0.0136231
-1.177314e-008	0.0151611
-1.174814e-008	0.0178711
-1.172314e-008	0.0324707
-1.169814e-008	0.0388184
-1.167314e-008	0.0256836
-1.164814e-008	0.0240479
-1.162314e-008	0.0335449
-1.159814e-008	0.0217041
-1.157314e-008	0.0138672
-1.154814e-008	0.0178467
-1.152314e-008	0.0187256
-1.149814e-008	0.0238281
-1.147314e-008	0.00678712
-1.144814e-008	0.0044922
-1.142314e-008	0.0318359
-1.139814e-008	0.0253174
-1.137314e-008	0.0185791
-1.134814e-008	0.0297363
-1.132314e-008	0.0235352
-1.129814e-008	0.0213135
-1.127314e-008	0.0206055
-1.124814e-008	0.0160645
-1.122314e-008	0.0246094
-1.119814e-008	0.023169
-1.117314e-008	0.0187988
-1.114814e-008	0.0285156
-1.112314e-008	0.020752
-1.109814e-008	0.0097168
-1.107314e-008	0.0205322
-1.104814e-008	0.0281738
-1.102314e-008	0.0239502
-1.099814e-008	0.0185303
-1.097314e-008	0.016333
-1.094814e-008	0.0203857
-1.092314e-008	0.0240479
-1.089814e-008	0.0188477
-1.087314e-008	0.0187012
-1.084814e-008	0.0303467
-1.082314e-008	0.0338135
-1.079814e-008	0.0235107
-1.077314e-008	0.0203369
-1.074814e-008	0.0301758
-1.072314e-008	0.0250488
-1.069814e-008	0.0179688
-1.067314e-008	0.0308106
-1.064814e-008	0.0290283
-1.062314e-008	0.0154785
-1.059814e-008	0.0160889
-1.057314e-008	0.0189941
-1.054814e-008	0.0202393
-1.052314e-008	0.0272705
-1.049814e-008	0.0230713
-1.047314e-008	0.00598145
-1.044814e-008	0.0129639
-1.042314e-008	0.0252686
-1.039814e-008	0.0155029
-1.037314e-008	0.0168701
-1.034814e-008	0.0236816
-1.032314e-008	0.0217041
-1.029814e-008	0.0236816
-1.027314e-008	0.0198731
-1.024814e-008	0.0194824
-1.022314e-008	0.0280518
-1.019814e-008	0.0235107
-1.017314e-008	0.0186768
-1.014814e-008	0.0305176
-1.012314e-008	0.0321777
-1.009814e-008	0.0103516
-1.007314e-008	0.00729981
-1.004814e-008	0.027002
-1.002314e-008	0.0221436
-9.998145e-009	0.0112061
-9.973145e-009	0.0179688
-9.948145e-009	0.0225586
-9.923145e-009	0.017749
-9.898145e-009	0.00280762
-9.873145e-009	-2.44066e-005
-9.848145e-009	0.0164795
-9.823145e-009	0.0256592
-9.798145e-009	0.0187012
-9.773145e-009	0.00820313
-9.748145e-009	0.0144775
-9.723145e-009	0.0260986
-9.698145e-009	0.0229248
-9.673145e-009	0.0159424
-9.648145e-009	0.0180908
-9.623145e-009	0.0193115
-9.598145e-009	0.0114258
-9.573145e-009	0.0164795
-9.548145e-009	0.0262451
-9.523145e-009	0.0237061
-9.498145e-009	0.0162109
-9.473145e-009	0.011084
-9.448145e-009	0.0263184
-9.423145e-009	0.0406738
-9.398145e-009	0.0392578
-9.373145e-009	0.0246094
-9.348145e-009	0.00322266
-9.323145e-009	0.0142578
-9.298145e-009	0.0335693
-9.273145e-009	0.031543
-9.248145e-009	0.0278076
-9.223145e-009	0.0287109
-9.198145e-009	0.0235596
-9.173145e-009	0.0117432
-9.148145e-009	0.0159424
-9.123145e-009	0.0209961
-9.098145e-009	0.0160889
-9.073145e-009	0.00544434
-9.048145e-009	0.00510255
-9.023145e-009	0.0334473
-8.998145e-009	0.0348633
-8.973145e-009	0.018335
-8.948145e-009	0.0172852
-8.923145e-009	0.00783692
-8.898145e-009	0.0121582
-8.873145e-009	0.0129883
-8.848145e-009	0.00417481
-8.823145e-009	0.026294
-8.798145e-009	0.0377441
-8.773145e-009	0.0217285
-8.748145e-009	0.0185303
-8.723145e-009	0.0193848
-8.698145e-009	0.0208008
-8.673145e-009	0.0244385
-8.648145e-009	0.02229
-8.623145e-009	0.0298828
-8.598145e-009	0.0254883
-8.573145e-009	0.0103027
-8.548145e-009	0.016919
-8.523145e-009	0.0208008
-8.498145e-009	0.0123291
-8.473145e-009	0.0104736
-8.448145e-009	0.0263672
-8.423145e-009	0.0438721
-8.398145e-009	0.0329834
-8.373145e-009	0.0183594
-8.348145e-009	0.025
-8.323145e-009	0.0289551
-8.298145e-009	0.020166
-8.273145e-009	0.0163086
-8.248145e-009	0.017334
-8.223145e-009	0.0153565
-8.198145e-009	0.0102783
-8.173145e-009	0.0103272
-8.148145e-009	0.0289551
-8.123145e-009	0.0381836
-8.098145e-009	0.0169678
-8.073145e-009	0.00874024
-8.048145e-009	0.0293457
-8.023145e-009	0.0334229
-7.998145e-009	0.0153076
-7.973145e-009	0.0105225
-7.948145e-009	0.0213135
-7.923145e-009	0.0312744
-7.898145e-009	0.0299316
-7.873145e-009	0.0227051
-7.848145e-009	0.024585
-7.823145e-009	0.0260986
-7.798145e-009	0.0224365
-7.773145e-009	0.0260742
-7.748145e-009	0.0240234
-7.723145e-009	0.0144531
-7.698145e-009	0.0197266
-7.673145e-009	0.0240723
-7.648145e-009	0.0177246
-7.623145e-009	0.0137451
-7.598145e-009	0.00893555
-7.573145e-009	0.015332
-7.548145e-009	0.0312988
-7.523145e-009	0.0310059
-7.498145e-009	0.0238037
-7.473145e-009	0.021875
-7.448145e-009	0.0177002
-7.423145e-009	0.0203369
-7.398145e-009	0.0216309
-7.373145e-009	0.0208496
-7.348145e-009	0.0312012
-7.323145e-009	0.0263184
-7.298145e-009	0.0155029
-7.273145e-009	0.0170654
-7.248145e-009	0.019751
-7.223145e-009	0.0273193
-7.198145e-009	0.0231445
-7.173145e-009	0.016919
-7.148145e-009	0.0259766
-7.123145e-009	0.0243408
-7.098145e-009	0.0172363
-7.073145e-009	0.020044
-7.048145e-009	0.0265625
-7.023145e-009	0.0284668
-6.998145e-009	0.0157715
-6.973145e-009	0.0125732
-6.948145e-009	0.0299561
-6.923145e-009	0.0314453
-6.898145e-009	0.0189697
-6.873145e-009	0.0129639
-6.848145e-009	0.0135742
-6.823145e-009	0.02146
-6.798145e-009	0.0242676
-6.773145e-009	0.0226563
-6.748145e-009	0.0296387
-6.723145e-009	0.0297363
-6.698145e-009	0.0168701
-6.673145e-009	0.0221436
-6.648145e-009	0.0380127
-6.623145e-009	0.0301025
-6.598145e-009	0.0156494
-6.573145e-009	0.0176758
-6.548145e-009	0.02771
-6.523145e-009	0.0277588
-6.498145e-009	0.0264649
-6.473145e-009	0.0272949
-6.448145e-009	0.0156494
-6.423145e-009	0.0200928
-6.398145e-009	0.0295654
-6.373145e-009	0.0207031
-6.348145e-009	0.0172852
-6.323145e-009	0.0120117
-6.298145e-009	0.0124756
-6.273145e-009	0.0233154
-6.248145e-009	0.022876
-6.223145e-009	0.0181885
-6.198145e-009	0.0201172
-6.173145e-009	0.0274902
-6.148145e-009	0.0324463
-6.123145e-009	0.029419
-6.098145e-009	0.0228272
-6.073145e-009	0.0229248
-6.048145e-009	0.0273682
-6.023145e-009	0.027124
-5.998145e-009	0.0166504
-5.973145e-009	0.00769044
-5.948145e-009	0.0202881
-5.923145e-009	0.0368897
-5.898145e-009	0.0336182
-5.873145e-009	0.0182129
-5.848145e-009	0.0249024
-5.823145e-009	0.0350098
-5.798145e-009	0.0196533
-5.773145e-009	0.0253906
-5.748145e-009	0.0344971
-5.723145e-009	0.0232666
-5.698145e-009	0.0216065
-5.673145e-009	0.0206055
-5.648145e-009	0.0207275
-5.623145e-009	0.0187988
-5.598145e-009	0.0109863
-5.573145e-009	0.00903321
-5.548145e-009	0.0120361
-5.523145e-009	0.0237305
-5.498145e-009	0.0358643
-5.473145e-009	0.0337891
-5.448145e-009	0.0318848
-5.423145e-009	0.0301758
-5.398145e-009	0.010791
-5.373145e-009	0.0111572
-5.348145e-009	0.0278565
-5.323145e-009	0.0244141
-5.298145e-009	0.0281738
-5.273145e-009	0.029126
-5.248145e-009	0.0189209
-5.223145e-009	0.0212891
-5.198145e-009	0.0238281
-5.173145e-009	0.0249268
-5.148145e-009	0.0238281
-5.123145e-009	0.00874024
-5.098145e-009	0.00646973
-5.073145e-009	0.0250977
-5.048145e-009	0.0206787
-5.023145e-009	0.0161377
-4.998145e-009	0.0350586
-4.973145e-009	0.0330566
-4.948145e-009	0.0210205
-4.923145e-009	0.0223389
-4.898145e-009	0.0296631
-4.873145e-009	0.0249268
-4.848145e-009	0.0133057
-4.823145e-009	0.0270264
-4.798145e-009	0.0356445
-4.773145e-009	0.0240967
-4.748145e-009	0.0215332
-4.723145e-009	0.0203125
-4.698145e-009	0.0219727
-4.673145e-009	0.0294922
-4.648145e-009	0.0324463
-4.623145e-009	0.0318848
-4.598145e-009	0.0181152
-4.573145e-009	0.00625001
-4.548145e-009	0.0153076
-4.523145e-009	0.0187012
-4.498145e-009	0.0149658
-4.473145e-009	0.0200928
-4.448145e-009	0.0286133
-4.423145e-009	0.0328858
-4.398145e-009	0.0301514
-4.373145e-009	0.0256592
-4.348145e-009	0.0213135
-4.323145e-009	0.0223877
-4.298145e-009	0.0300293
-4.273145e-009	0.0382568
-4.248145e-009	0.0333252
-4.223145e-009	0.0228027
-4.198145e-009	0.0267822
-4.173145e-009	0.0209473
-4.148145e-009	0.0124024
-4.123145e-009	0.0205078
-4.098145e-009	0.0237061
-4.073145e-009	0.0216553
-4.048145e-009	0.0215088
-4.023145e-009	0.0182861
-3.998145e-009	0.0125488
-3.973145e-009	0.0153565
-3.948145e-009	0.0174316
-3.923145e-009	0.0229492
-3.898145e-009	0.0381592
-3.873145e-009	0.0221924
-3.848145e-009	0.0116943
-3.823145e-009	0.0323731
-3.798145e-009	0.0202881
-3.773145e-009	0.00998536
-3.748145e-009	0.0275147
-3.723145e-009	0.0226074
-3.698145e-009	0.0215088
-3.673145e-009	0.0299072
-3.648145e-009	0.0221924
-3.623145e-009	0.0208252
-3.598145e-009	0.0194824
-3.573145e-009	0.0158203
-3.548145e-009	0.018042
-3.523145e-009	0.0149902
-3.498145e-009	0.0182373
-3.473145e-009	0.0326172
-3.448145e-009	0.0417236
-3.423145e-009	0.0387451
-3.398145e-009	0.0304688
-3.373145e-009	0.0198242
-3.348145e-009	0.0140381
-3.323145e-009	0.0209229
-3.298145e-009	0.0205566
-3.273145e-009	0.0151856
-3.248145e-009	0.0285156
-3.223145e-009	0.0235107
-3.198145e-009	0.00383302
-3.173145e-009	0.0177002
-3.148145e-009	0.0226074
-3.123145e-009	0.0142822
-3.098145e-009	0.0209229
-3.073145e-009	0.0171875
-3.048145e-009	0.016333
-3.023145e-009	0.0203125
-2.998145e-009	0.0135986
-2.973145e-009	0.00993653
-2.948145e-009	0.0189697
-2.923145e-009	0.0306397
-2.898145e-009	0.0259766
-2.873145e-009	0.0145508
-2.848145e-009	0.0157959
-2.823145e-009	0.0217285
-2.798145e-009	0.0233154
-2.773145e-009	0.0293213
-2.748145e-009	0.0200684
-2.723145e-009	0.000488289
-2.698145e-009	0.00822755
-2.673145e-009	0.0190674
-2.648145e-009	0.0262207
-2.623145e-009	0.0280518
-2.598145e-009	0.0154541
-2.573145e-009	0.0226563
-2.548145e-009	0.0302979
-2.523145e-009	0.0237549
-2.498145e-009	0.0283936
-2.473145e-009	0.0239502
-2.448145e-009	0.0151611
-2.423145e-009	0.0243652
-2.398145e-009	0.0214844
-2.373145e-009	0.0190186
-2.348145e-009	0.0301025
-2.323145e-009	0.0165283
-2.298145e-009	0.00788575
-2.273145e-009	0.0170654
-2.248145e-009	0.0229736
-2.223145e-009	0.0369141
-2.198145e-009	0.0330566
-2.173145e-009	0.0163818
-2.148145e-009	0.01875
-2.123145e-009	0.02771
-2.098145e-009	0.0255859
-2.073145e-009	0.0131348
-2.048145e-009	0.0177002
-2.023145e-009	0.0276611
-1.998145e-009	0.0163574
-1.973145e-009	0.0164551
-1.948145e-009	0.0277588
-1.923145e-009	0.0272949
-1.898145e-009	0.023999
-1.873145e-009	0.0155274
-1.848145e-009	0.0144531
-1.823145e-009	0.0185791
-1.798145e-009	0.0167481
-1.773145e-009	0.0219482
-1.748145e-009	0.0220947
-1.723145e-009	0.0244385
-1.698145e-009	0.030127
-1.673145e-009	0.0186035
-1.648145e-009	0.0201172
-1.623145e-009	0.0288574
-1.598145e-009	0.0158203
-1.573145e-009	0.0138672
-1.548145e-009	0.0223877
-1.523145e-009	0.0252686
-1.498145e-009	0.0265137
-1.473145e-009	0.0170166
-1.448145e-009	0.0373047
-1.423145e-009	0.0546143
-1.398145e-009	0.0217285
-1.373145e-009	0.0183594
-1.348145e-009	0.0246338
-1.323145e-009	0.0142822
-1.298145e-009	0.0307617
-1.273145e-009	0.025415
-1.248145e-009	0.0104004
-1.223145e-009	0.0264649
-1.198145e-009	0.026001
-1.173145e-009	0.0196045
-1.148145e-009	0.0343262
-1.123145e-009	0.0342529
-1.098145e-009	0.0280762
-1.073145e-009	0.0271973
-1.048145e-009	0.0258545
-1.023145e-009	0.0288086
-9.981445e-010	0.000439461
-9.731445e-010	-0.00827636
-9.481445e-010	0.0280029
-9.231445e-010	0.0296387
-8.981445e-010	0.0276123
-8.731445e-010	0.0283936
-8.481445e-010	0.0167236
-8.231445e-010	0.0261475
-7.981445e-010	0.0254883
-7.731445e-010	0.0236572
-7.481445e-010	0.0280274
-7.231445e-010	0.0244385
-6.981445e-010	0.0246582
-6.731445e-010	0.00922852
-6.481445e-010	0.00739747
-6.231445e-010	0.0228027
-5.981445e-010	0.012793
-5.731445e-010	0.0157227
-5.481445e-010	0.0295166
-5.231445e-010	0.0230713
-4.981445e-010	0.0229736
-4.731445e-010	0.0163086
-4.481445e-010	0.0126953
-4.231445e-010	0.0321533
-3.981445e-010	0.0252686
-3.731445e-010	0.0115234
-3.481445e-010	0.0248047
-3.231445e-010	0.0244873
-2.981445e-010	0.0202149
-2.731445e-010	0.0249024
-2.481445e-010	0.0203369
-2.231445e-010	0.0139404
-1.981445e-010	4.88356e-005
-1.731445e-010	0.0019043
-1.481445e-010	0.0193359
-1.231445e-010	0.00324708
-9.814453e-011	-0.0177978
-7.314453e-011	-0.0122559
-4.814453e-011	-0.0041748
-2.314453e-011	-0.0109619
1.855469e-012	-0.0259033
2.685547e-011	-0.0322754
5.185547e-011	-0.0367432
7.685547e-011	-0.042749
1.018555e-010	-0.0523682
1.268555e-010	-0.0557617
1.518555e-010	-0.0500976
1.768555e-010	-0.0606689
2.018555e-010	-0.0644775
2.268555e-010	-0.0606934
2.518555e-010	-0.0800537
2.768555e-010	-0.0915283
3.018555e-010	-0.0804687
3.268555e-010	-0.0764893
3.518555e-010	-0.0718018
3.768555e-010	-0.0621338
4.018555e-010	-0.0758789
4.268555e-010	-0.06521
4.518555e-010	-0.0206787
4.768555e-010	-0.0223389
5.018555e-010	-0.0351562
5.268555e-010	-0.0243652
5.518555e-010	-0.0239014
5.768555e-010	-0.0183105
6.018555e-010	-0.00280761
6.268555e-010	0.0129639
6.518555e-010	0.0114746
6.768555e-010	0.00590821
7.018555e-010	0.0230713
7.268555e-010	0.0255615
7.518555e-010	0.0151123
7.768555e-010	0.0112305
8.018555e-010	0.00769044
8.268555e-010	0.0165039
8.518555e-010	0.0269531
8.768555e-010	0.0321777
9.018555e-010	0.0355225
9.268555e-010	0.0299072
9.518555e-010	0.0260742
9.768555e-010	0.0350342
1.001855e-009	0.0423828
1.026855e-009	0.0317627
1.051855e-009	0.0223389
1.076855e-009	0.0315186
1.101855e-009	0.0315918
1.126855e-009	0.0172852
1.151855e-009	0.02229
1.176855e-009	0.0393555
1.201855e-009	0.0434815
1.226855e-009	0.0355957
1.251855e-009	0.0287354
1.276855e-009	0.0370361
1.301855e-009	0.042334
1.326855e-009	0.0270996
1.351855e-009	0.0203369
1.376855e-009	0.0388428
1.401855e-009	0.0440918
1.426855e-009	0.022583
1.451855e-009	0.0203125
1.476855e-009	0.0319824
1.501855e-009	0.027002
1.526855e-009	0.0355957
1.551855e-009	0.0490967
1.576855e-009	0.0287842
1.601855e-009	0.00998536
1.626855e-009	0.017627
1.651855e-009	0.0213867
1.676855e-009	0.0162842
1.701855e-009	0.0152344
1.726855e-009	0.0148438
1.751855e-009	0.0196045
1.776855e-009	0.0241943
1.801855e-009	0.011377
1.826855e-009	0.0130371
1.851855e-009	0.0295899
1.876855e-009	0.0211914
1.901855e-009	0.0162842
1.926855e-009	0.020459
1.951855e-009	0.0163574
1.976855e-009	0.0187744
2.001855e-009	0.0162109
2.026855e-009	0.0118897
2.051855e-009	0.0155762
2.076855e-009	0.0217774
2.101855e-009	0.0289551
2.126855e-009	0.0215576
2.151855e-009	0.0158936
2.176855e-009	0.0235107
2.201855e-009	0.0187256
2.226855e-009	0.0179688
2.251855e-009	0.0320557
2.276855e-009	0.0339356
2.301855e-009	0.025415
2.326855e-009	0.0193115
2.351855e-009	0.00905762
2.376855e-009	0.00427247
2.401855e-009	0.0212891
2.426855e-009	0.0283447
2.451855e-009	0.0128174
2.476855e-009	0.0138916
2.501855e-009	0.0231201
2.526855e-009	0.0234131
2.551855e-009	0.0251953
2.576855e-009	0.0206787
2.601855e-009	0.0209473
2.626855e-009	0.0256592
2.651855e-009	0.0161377
2.676855e-009	0.012207
2.701855e-009	0.0140381
2.726855e-009	0.0120361
2.751855e-009	0.0175293
2.776855e-009	0.0197998
2.801855e-009	0.0218262
2.826855e-009	0.0257324
2.851855e-009	0.0213867
2.876855e-009	0.0165039
2.901855e-009	0.00695802
2.926855e-009	0.00427247
2.951855e-009	0.0176514
2.976855e-009	0.0277832
3.001855e-009	0.0244141
3.026855e-009	0.0170166
3.051855e-009	0.0145508
3.076855e-009	0.00979005
3.101855e-009	0.0142578
3.126855e-009	0.0254883
3.151855e-009	0.0274414
3.176855e-009	0.0265137
3.201855e-009	0.0157959
3.226855e-009	0.0108154
3.251855e-009	0.029126
3.276855e-009	0.0359619
3.301855e-009	0.0270996
3.326855e-009	0.032544
3.351855e-009	0.0332275
3.376855e-009	0.02771
3.401855e-009	0.0295899
3.426855e-009	0.0226318
3.451855e-009	0.0246826
3.476855e-009	0.0314697
3.501855e-009	0.0329834
3.526855e-009	0.0280762
3.551855e-009	0.0172607
3.576855e-009	0.0301514
3.601855e-009	0.0276856
3.626855e-009	0.0174805
3.651855e-009	0.0252197
3.676855e-009	0.00976563
3.701855e-009	0.013794
3.726855e-009	0.0329346
3.751855e-009	0.0263428
3.776855e-009	0.0267334
3.801855e-009	0.0193848
3.826855e-009	0.00915528
3.851855e-009	0.0212891
3.876855e-009	0.0148193
3.901855e-009	0.00288087
3.926855e-009	0.0157959
3.951855e-009	0.0226563
3.976855e-009	0.0234375
4.001855e-009	0.0183594
4.026855e-009	0.0122559
4.051855e-009	0.0197266
4.076855e-009	0.0135254
4.101855e-009	0.00358887
4.126855e-009	0.0114258
4.151855e-009	0.0231934
4.176855e-009	0.0228272
4.201855e-009	0.00822755
4.226855e-009	0.0108887
4.251855e-009	0.0287109
4.276855e-009	0.0275635
4.301855e-009	0.0192627
4.326855e-009	0.0244385
4.351855e-009	0.0352539
4.376855e-009	0.0382813
4.401855e-009	0.0278076
4.426855e-009	0.025708
4.451855e-009	0.0422363
4.476855e-009	0.0411865
4.501855e-009	0.0265869
4.526855e-009	0.0187988
4.551855e-009	0.0182861
4.576855e-009	0.0388916
4.601855e-009	0.0410889
4.626855e-009	0.0226074
4.651855e-009	0.0297363
4.676855e-009	0.0311524
4.701855e-009	0.0272705
4.726855e-009	0.0283691
4.751855e-009	0.0195313
4.776855e-009	0.0230469
4.801855e-009	0.0143311
4.826855e-009	0.00100098
4.851855e-009	0.0109375
4.876855e-009	0.00839845
4.901855e-009	0.00944825
4.926855e-009	0.0161133
4.951855e-009	0.0114014
4.976855e-009	0.0216309
5.001855e-009	0.0240723
5.026855e-009	0.014917
5.051855e-009	0.0187744
5.076855e-009	0.01875
5.101855e-009	0.0206787
5.126855e-009	0.0292725
5.151855e-009	0.025415
5.176855e-009	0.0175293
5.201855e-009	0.0167481
5.226855e-009	0.0210449
5.251855e-009	0.0304199
5.276855e-009	0.0341065
5.301855e-009	0.0279297
5.326855e-009	0.0222656
5.351855e-009	0.0175781
5.376855e-009	0.0163818
5.401855e-009	0.0180664
5.426855e-009	0.0165039
5.451855e-009	0.0208496
5.476855e-009	0.0235352
5.501855e-009	0.0143799
5.526855e-009	0.0161865
5.551855e-009	0.018042
5.576855e-009	0.00507813
5.601855e-009	0.00505372
5.626855e-009	0.016919
5.651855e-009	0.0308106
5.676855e-009	0.0313477
5.701855e-009	0.0141357
5.726855e-009	0.010791
5.751855e-009	0.0221924
5.776855e-009	0.0285156
5.801855e-009	0.020459
5.826855e-009	0.0302246
5.851855e-009	0.0496582
5.876855e-009	0.0303467
5.901855e-009	0.0221436
5.926855e-009	0.0330811
5.951855e-009	0.0252197
5.976855e-009	0.020874
6.001855e-009	0.0181885
6.026855e-009	0.0219727
6.051855e-009	0.0333984
6.076855e-009	0.0303711
6.101855e-009	0.0300537
6.126855e-009	0.0367432
6.151855e-009	0.0210205
6.176855e-009	0.00427247
6.201855e-009	0.0147461
6.226855e-009	0.0180664
6.251855e-009	0.0123291
6.276855e-009	0.0205078
6.301855e-009	0.0278565
6.326855e-009	0.0186035
6.351855e-009	0.0116943
6.376855e-009	0.0273438
6.401855e-009	0.0174316
6.426855e-009	-0.00126952
6.451855e-009	0.0205811
6.476855e-009	0.0226563
6.501855e-009	0.0126465
6.526855e-009	0.0253906
6.551855e-009	0.0252197
6.576855e-009	0.0159424
6.601855e-009	0.0112305
6.626855e-009	0.014209
6.651855e-009	0.0215576
6.676855e-009	0.0237793
6.701855e-009	0.0241943
6.726855e-009	0.0182373
6.751855e-009	0.0175537
6.776855e-009	0.0246094
6.801855e-009	0.010669
6.826855e-009	0.00490723
6.851855e-009	0.0186279
6.876855e-009	0.0164795
6.901855e-009	0.0263184
6.926855e-009	0.0371338
6.951855e-009	0.0303223
6.976855e-009	0.0336426
7.001855e-009	0.0287598
7.026855e-009	0.0212891
7.051855e-009	0.0187012
7.076855e-009	0.0106201
7.101855e-009	0.0180664
7.126855e-009	0.0224854
7.151855e-009	0.0149414
7.176855e-009	0.0272461
7.201855e-009	0.0332031
7.226855e-009	0.0187256
7.251855e-009	0.0208984
7.276855e-009	0.0261475
7.301855e-009	0.018335
7.326855e-009	0.00847169
7.351855e-009	0.0136231
7.376855e-009	0.0295166
7.401855e-009	0.0126953
7.426855e-009	-0.00217284
7.451855e-009	0.0125488
7.476855e-009	0.0142334
7.501855e-009	0.0183838
7.526855e-009	0.019165
7.551855e-009	0.00783692
7.576855e-009	0.0194824
7.601855e-009	0.0224609
7.626855e-009	0.0156982
7.651855e-009	0.0252686
7.676855e-009	0.0210938
7.701855e-009	0.0193848
7.726855e-009	0.0254395
7.751855e-009	0.0268066
7.776855e-009	0.0306152
7.801855e-009	0.0153809
7.826855e-009	0.00725098
7.851855e-009	0.0136475
7.876855e-009	0.0140869
7.901855e-009	0.0255127
7.926855e-009	0.0292969
7.951855e-009	0.0290039
7.976855e-009	0.0339356
8.001855e-009	0.028833
8.026855e-009	0.0295899
8.051855e-009	0.0329834
8.076855e-009	0.023999
8.101855e-009	0.0199707
8.126855e-009	0.0214111
8.151855e-009	0.0131104
8.176855e-009	0.0121094
8.201855e-009	0.0136963
8.226855e-009	0.0165772
8.251855e-009	0.024707
8.276855e-009	0.0200684
8.301855e-009	0.0188232
8.326855e-009	0.0074463
8.351855e-009	0.00517579
8.376855e-009	0.0337402
8.401855e-009	0.0273193
8.426855e-009	0.0140625
8.451855e-009	0.0242432
8.476855e-009	0.0150147
8.501855e-009	0.0139404
8.526855e-009	0.024585
8.551855e-009	0.0232422
8.576855e-009	0.0275147
8.601855e-009	0.017749
8.626855e-009	0.00334473
8.651855e-009	0.0200195
8.676855e-009	0.0241699
8.701855e-009	0.0122315
8.726855e-009	0.0175049
8.751855e-009	0.0223145
8.776855e-009	0.0233154
8.801855e-009	0.0230225
8.826855e-009	0.0164063
8.851855e-009	0.0117676
8.876855e-009	0.0197754
8.901855e-009	0.0262207
8.926855e-009	0.0185059
8.951855e-009	0.0205078
8.976855e-009	0.0279053
9.001855e-009	0.0225098
9.026855e-009	0.0203857
9.051855e-009	0.0294434
9.076855e-009	0.0364258
9.101855e-009	0.0363037
9.126855e-009	0.0327149
9.151855e-009	0.0268799
9.176855e-009	0.0199707
9.201855e-009	0.0155274
9.226855e-009	0.0281494
9.251855e-009	0.0380859
9.276855e-009	0.0250244
9.301855e-009	0.0249756
9.326855e-009	0.0358887
9.351855e-009	0.0322754
9.376855e-009	0.0190186
9.401855e-009	0.0119141
9.426855e-009	0.0199707
9.451855e-009	0.0206787
9.476855e-009	0.0229981
9.501855e-009	0.0300781
9.526855e-009	0.0133301
9.551855e-009	0.00722657
9.576855e-009	0.0233399
9.601855e-009	0.0209473
9.626855e-009	0.00847169
9.651855e-009	0.0111816
9.676855e-009	0.0130615
9.701855e-009	0.0106445
9.726855e-009	0.0242188
9.751855e-009	0.0312256
9.776855e-009	0.0311279
9.801855e-009	0.0278565
9.826855e-009	0.0130859
9.851855e-009	0.023584
9.876855e-009	0.0285889
9.901855e-009	0.00437012
9.926855e-009	-0.00761718
9.951855e-009	0.00671387
9.976855e-009	0.0282959
1.000186e-008	0.014917
1.002686e-008	0.0161621
1.005186e-008	0.0415527
1.007686e-008	0.0259277
1.010186e-008	0.0244385
1.012686e-008	0.0341309
1.015186e-008	0.0212158
1.017686e-008	0.0212158
1.020186e-008	0.0182617
1.022686e-008	0.0170654
1.025186e-008	0.0185547
1.027686e-008	0.0144287
1.030186e-008	0.0209961
1.032686e-008	0.0221924
1.035186e-008	0.0297119
1.037686e-008	0.0334473
1.040186e-008	0.0126953
1.042686e-008	0.0122559
1.045186e-008	0.0221924
1.047686e-008	0.020459
1.050186e-008	0.0301025
1.052686e-008	0.0293457
1.055186e-008	0.0224121
1.057686e-008	0.0342774
1.060186e-008	0.0328125
1.062686e-008	0.0229248
1.065186e-008	0.0218994
1.067686e-008	0.0145508
1.070186e-008	0.0227295
1.072686e-008	0.0380859
1.075186e-008	0.0335938
1.077686e-008	0.0189453
1.080186e-008	0.00820313
1.082686e-008	0.0202637
1.085186e-008	0.0302002
1.087686e-008	0.0218994
1.090186e-008	0.0214844
1.092686e-008	0.0212647
1.095186e-008	0.0166992
1.097686e-008	0.013208
1.100186e-008	0.016333
1.102686e-008	0.0229736
1.105186e-008	0.0218506
1.107686e-008	0.0235352
1.110186e-008	0.0199707
1.112686e-008	0.0107666
1.115186e-008	0.0197998
1.117686e-008	0.0293945
1.120186e-008	0.0234863
1.122686e-008	0.0195068
1.125186e-008	0.0209961
1.127686e-008	0.029126
1.130186e-008	0.0301025
1.132686e-008	0.0212647
1.135186e-008	0.0296631
1.137686e-008	0.0269043
1.140186e-008	0.0135254
1.142686e-008	0.0207275
1.145186e-008	0.02229
1.147686e-008	0.020752
1.150186e-008	0.0186524
1.152686e-008	0.0131836
1.155186e-008	0.029126
1.157686e-008	0.0357422
1.160186e-008	0.0158936
1.162686e-008	0.0146484
1.165186e-008	0.0165772
1.167686e-008	0.00546876
1.170186e-008	0.0151856
1.172686e-008	0.0196777
1.175186e-008	0.0208984
1.177686e-008	0.0378662
1.180186e-008	0.0292969
1.182686e-008	0.0209473
1.185186e-008	0.0366699
1.187686e-008	0.0368408
1.190186e-008	0.018335
1.192686e-008	0.012793
1.195186e-008	0.0313233
1.197686e-008	0.0343262
1.200186e-008	0.0213135
1.202686e-008	0.0216797
1.205186e-008	0.0175293
1.207686e-008	0.0144043
1.210186e-008	0.0112549
1.212686e-008	0.00830079
1.215186e-008	0.0251221
1.217686e-008	0.0267334
1.220186e-008	0.0110107
1.222686e-008	0.0145996
1.225186e-008	0.0255127
1.227686e-008	0.0256104
1.230186e-008	0.0268799
1.232686e-008	0.0248779
1.235186e-008	0.0183106
1.237686e-008	0.0323975
1.240186e-008	0.0334961
1.242686e-008	0.0185791
1.245186e-008	0.0281738
1.247686e-008	0.0318848
1.250186e-008	0.028833
1.252686e-008	0.0280274
1.255186e-008	0.0231934
1.257686e-008	0.028125
1.260186e-008	0.0264649
1.262686e-008	0.0227295
1.265186e-008	0.0213623
1.267686e-008	0.0226318
1.270186e-008	0.0275391
1.272686e-008	0.0124512
1.275186e-008	0.0175293
1.277686e-008	0.0427002
1.280186e-008	0.0302979
1.282686e-008	0.0154541
1.285186e-008	0.0172852
1.287686e-008	0.0141846
1.290186e-008	0.0196533
1.292686e-008	0.0243408
1.295186e-008	0.0180664
1.297686e-008	0.0159668
1.300186e-008	0.0128906
1.302686e-008	0.0103027
1.305186e-008	0.0241211
1.307686e-008	0.0317139
1.310186e-008	0.0234619
1.312686e-008	0.0172119
1.315186e-008	0.0170899
1.317686e-008	0.0266113
1.320186e-008	0.0162354
1.322686e-008	0.00456544
1.325186e-008	0.0247803
1.327686e-008	0.0248291
1.330186e-008	0.0217529
1.332686e-008	0.034082
1.335186e-008	0.0302246
1.337686e-008	0.0346924
1.340186e-008	0.0341797
1.342686e-008	0.0187988
1.345186e-008	0.0181641
1.347686e-008	0.0240967
1.350186e-008	0.0290039
1.352686e-008	0.0269775
1.355186e-008	0.0243164
1.357686e-008	0.0266358
1.360186e-008	0.0170899
1.362686e-008	0.0131836
1.365186e-008	0.0217041
1.367686e-008	0.0216065
1.370186e-008	0.0208496
1.372686e-008	0.0204834
1.375186e-008	0.0247315
1.377686e-008	0.0326416
1.380186e-008	0.0165039
1.382686e-008	0.0109375
1.385186e-008	0.0241455
1.387686e-008	0.017334
1.390186e-008	0.019165
1.392686e-008	0.025293
1.395186e-008	0.019043
1.397686e-008	0.022168
1.400186e-008	0.0255859
1.402686e-008	0.0212402
1.405186e-008	0.0162109
1.407686e-008	0.0217529
1.410186e-008	0.0209473
1.412686e-008	0.00734864
1.415186e-008	0.0141357
1.417686e-008	0.0246582
1.420186e-008	0.0211426
1.422686e-008	0.0175537
1.425186e-008	0.0174561
1.427686e-008	0.0194092
1.430186e-008	0.0148682
1.432686e-008	0.0125732
1.435186e-008	0.0193115
1.437686e-008	0.0191162
1.440186e-008	0.0132568
1.442686e-008	0.0157227
1.445186e-008	0.0184326
1.447686e-008	0.0206299
1.450186e-008	0.0321045
1.452686e-008	0.0307861
1.455186e-008	0.026294
1.457686e-008	0.0293701
1.460186e-008	0.0153809
1.462686e-008	0.0176025
1.465186e-008	0.0298584
1.467686e-008	0.0208008
1.470186e-008	0.0273193
1.472686e-008	0.029419
1.475186e-008	0.0216309
1.477686e-008	0.0354492
1.480186e-008	0.0325684
1.482686e-008	0.0160645
1.485186e-008	0.013501
1.487686e-008	0.0223877
1.490186e-008	0.0367676
1.492686e-008	0.0193115
1.495186e-008	0.00222169
1.497686e-008	0.0191895
1.500186e-008	0.0168457
1.502686e-008	0.0152588
1.505186e-008	0.0300293
1.507686e-008	0.0278076
1.510186e-008	0.0222656
1.512686e-008	0.0143799
1.515186e-008	0.0186524
1.517686e-008	0.0291992
1.520186e-008	0.0210693
1.522686e-008	0.0238281
1.525186e-008	0.023877
1.527686e-008	0.0174805
1.530186e-008	0.0310547
1.532686e-008	0.026709
1.535186e-008	0.0143311
1.537686e-008	0.0248779
1.540186e-008	0.0232666
1.542686e-008	0.0135498
1.545186e-008	0.0131104
1.547686e-008	0.0146973
1.550186e-008	0.0214356
1.552686e-008	0.0202149
1.555186e-008	0.0176758
1.557686e-008	0.0201172
1.560186e-008	0.0125488
1.562686e-008	0.0118408
1.565186e-008	0.0159424
1.567686e-008	0.00957032
1.570186e-008	0.0127686
1.572686e-008	0.016626
1.575186e-008	0.00461427
1.577686e-008	0.0123535
1.580186e-008	0.0305176
1.582686e-008	0.0311524
1.585186e-008	0.0307373
1.587686e-008	0.0184815
1.590186e-008	0.015918
1.592686e-008	0.0290772
1.595186e-008	0.027417
1.597686e-008	0.0319336
1.600186e-008	0.024585
1.602686e-008	0.0136475
1.605186e-008	0.0310547
1.607686e-008	0.0304932
1.610186e-008	0.0150147
1.612686e-008	0.0299805
1.615186e-008	0.0437256
1.617686e-008	0.0256348
1.620186e-008	0.0174805
1.622686e-008	0.0174561
1.625186e-008	0.00756837
1.627686e-008	0.0129639
1.630186e-008	0.0243164
1.632686e-008	0.0375244
1.635186e-008	0.0414063
1.637686e-008	0.0212158
1.640186e-008	0.00476075
1.642686e-008	0.00854493
1.645186e-008	0.0290039
1.647686e-008	0.0376953
1.650186e-008	0.0209473
1.652686e-008	0.00925294
1.655186e-008	0.0141602
1.657686e-008	0.0192383
1.660186e-008	0.0161377
1.662686e-008	0.0140869
1.665186e-008	0.0166016
1.667686e-008	0.0136475
1.670186e-008	0.0112793
1.672686e-008	0.0216309
1.675186e-008	0.0292969
1.677686e-008	0.024707
1.680186e-008	0.0197754
1.682686e-008	0.0236816
1.685186e-008	0.0291992
1.687686e-008	0.0170899
1.690186e-008	0.0131104
1.692686e-008	0.0256348
1.695186e-008	0.0261475
1.697686e-008	0.0305664
1.700186e-008	0.0262695
1.702686e-008	0.0161133
1.705186e-008	0.0304688
1.707686e-008	0.0284668
1.710186e-008	0.011499
1.712686e-008	0.0129883
1.715186e-008	0.0291992
1.717686e-008	0.0370117
1.720186e-008	0.00297852
1.722686e-008	-0.00686034
1.725186e-008	0.0322998
1.727686e-008	0.0366211
1.730186e-008	0.0305908
1.732686e-008	0.0316406
1.735186e-008	0.0232666
1.737686e-008	0.0281006
1.740186e-008	0.0135986
1.742686e-008	0.00153809
1.745186e-008	0.0150147
1.747686e-008	0.0145752
1.750186e-008	0.022583
1.752686e-008	0.0333008
1.755186e-008	0.0298096
1.757686e-008	0.0355713
1.760186e-008	0.0317139
1.762686e-008	0.0226318
1.765186e-008	0.0241943
1.767686e-008	0.0135742
1.770186e-008	0.00703126
1.772686e-008	0.022583
1.775186e-008	0.0324951
1.777686e-008	0.0249268
1.780186e-008	0.012207
1.782686e-008	0.0121094
1.785186e-008	0.0290283
1.787686e-008	0.0333496
1.790186e-008	0.0189209
1.792686e-008	0.0156494
1.795186e-008	0.0232666
1.797686e-008	0.0128906
1.800186e-008	-0.00493163
1.802686e-008	0.0084961
1.805186e-008	0.0280762
1.807686e-008	0.0241455
1.810186e-008	0.0230713
1.812686e-008	0.0236816
1.815186e-008	0.0251465
1.817686e-008	0.0317139
1.820186e-008	0.0208496
1.822686e-008	0.00314942
1.825186e-008	0.00300294
1.827686e-008	0.0191162
1.830186e-008	0.0260254
1.832686e-008	0.0180176
1.835186e-008	0.0219238
1.837686e-008	0.0245361
1.840186e-008	0.0152588
1.842686e-008	0.023877
1.845186e-008	0.0361816
1.847686e-008	0.0259766
1.850186e-008	0.0157715
1.852686e-008	0.017334
1.855186e-008	0.022583
1.857686e-008	0.0167969
1.860186e-008	0.00297852
1.862686e-008	0.0171631
1.865186e-008	0.0310059
1.867686e-008	0.0190918
1.870186e-008	0.0182861
1.872686e-008	0.0195801
1.875186e-008	0.0173096
1.877686e-008	0.0185791
1.880186e-008	0.00678712
1.882686e-008	0.000708015
1.885186e-008	0.0155518
1.887686e-008	0.0173096
1.890186e-008	0.0110107
1.892686e-008	0.0290772
1.895186e-008	0.0380127
1.897686e-008	0.029834
1.900186e-008	0.0182373
1.902686e-008	0.00930177
1.905186e-008	0.029541
1.907686e-008	0.0281738
1.910186e-008	0.00515137
1.912686e-008	0.0150147
1.915186e-008	0.0229736
1.917686e-008	0.0192871
1.920186e-008	0.0124512
1.922686e-008	0.00930177
1.925186e-008	0.0206299
1.927686e-008	0.0232178
1.930186e-008	0.0271973
1.932686e-008	0.0335693
1.935186e-008	0.0266113
1.937686e-008	0.0299072
1.940186e-008	0.0333496
1.942686e-008	0.0203369
1.945186e-008	0.019165
1.947686e-008	0.0244873
1.950186e-008	0.0166016
1.952686e-008	0.0097168
1.955186e-008	0.0228272
1.957686e-008	0.0340088
1.960186e-008	0.0159912
1.962686e-008	0.0171143
1.965186e-008	0.0352539
1.967686e-008	0.0234131
1.970186e-008	0.0197998
1.972686e-008	0.0281983
1.975186e-008	0.0256592
1.977686e-008	0.0227051
1.980186e-008	0.0168213
1.982686e-008	0.018457
1.985186e-008	0.0252441
1.987686e-008	0.0240967
1.990186e-008	0.0222412
1.992686e-008	0.0138672
1.995186e-008	0.014209
1.997686e-008	0.0239014
2.000186e-008	0.0120117
2.002686e-008	0.0124512
2.005186e-008	0.0239014
2.007686e-008	0.0233399
2.010186e-008	0.0358399
2.012686e-008	0.0317627
2.015186e-008	0.0275391
2.017686e-008	0.0358643
2.020186e-008	0.0179199
2.022686e-008	0.0124512
2.025186e-008	0.00986329
2.027686e-008	0.00405274
2.030186e-008	0.0273193
2.032686e-008	0.0307861
2.035186e-008	0.0242676
2.037686e-008	0.0299561
2.040186e-008	0.0180908
2.042686e-008	0.012915
2.045186e-008	0.0173828
2.047686e-008	0.0260498
2.050186e-008	0.0416504
2.052686e-008	0.0334473
2.055186e-008	0.0233154
2.057686e-008	0.0315674
2.060186e-008	0.0233399
2.062686e-008	0.0124512
2.065186e-008	0.0346191
2.067686e-008	0.0455811
2.070186e-008	0.0236328
2.072686e-008	0.0251709
2.075186e-008	0.0367432
2.077686e-008	0.0255127
2.080186e-008	0.0215576
2.082686e-008	0.0217774
2.085186e-008	0.0172852
2.087686e-008	0.0257813
2.090186e-008	0.0275879
2.092686e-008	0.0224365
2.095186e-008	0.0333496
2.097686e-008	0.0299805
2.100186e-008	0.0196289
2.102686e-008	0.0230225
2.105186e-008	0.0164307
2.107686e-008	0.0174072
2.110186e-008	0.0216309
2.112686e-008	0.0185547
2.115186e-008	0.0303223
2.117686e-008	0.0269287
2.120186e-008	0.00913087
2.122686e-008	0.016919
2.125186e-008	0.0269775
2.127686e-008	0.0230957
2.130186e-008	0.026001
2.132686e-008	0.0187256
2.135186e-008	0.0158447
2.137686e-008	0.034375
2.140186e-008	0.0267578
2.142686e-008	0.0252686
2.145186e-008	0.0369141
2.147686e-008	0.0175293
2.150186e-008	0.0164795
2.152686e-008	0.0228272
2.155186e-008	0.0243164
2.157686e-008	0.0417725
2.160186e-008	0.0272705
2.162686e-008	0.0159424
2.165186e-008	0.0345703
2.167686e-008	0.0298096
2.170186e-008	0.0200928
2.172686e-008	0.0202881
2.175186e-008	0.0210693
2.177686e-008	0.0330078
2.180186e-008	0.0290772
2.182686e-008	0.0165283
2.185186e-008	0.0277344
2.187686e-008	0.0292236
2.190186e-008	0.0165527
2.192686e-008	0.0185547
2.195186e-008	0.0245117
2.197686e-008	0.0294922
2.200186e-008	0.0250244
2.202686e-008	0.0108887
2.205186e-008	0.012207
2.207686e-008	0.0215088
2.210186e-008	0.0220215
2.212686e-008	0.018335
2.215186e-008	0.0234619
2.217686e-008	0.0290283
2.220186e-008	0.0193359
2.222686e-008	0.0157959
2.225186e-008	0.0261231
2.227686e-008	0.02854
2.230186e-008	0.0186035
2.232686e-008	0.0177979
2.235186e-008	0.0323731
2.237686e-008	0.0267822
2.240186e-008	0.00263673
2.242686e-008	0.0105469
2.245186e-008	0.0328613
2.247686e-008	0.0216797
2.250186e-008	0.0139404
2.252686e-008	0.0251953
2.255186e-008	0.0293457
2.257686e-008	0.0375733
2.260186e-008	0.0236084
2.262686e-008	0.00463868
2.265186e-008	0.0184815
2.267686e-008	0.0197754
2.270186e-008	0.0186035
2.272686e-008	0.0238281
2.275186e-008	0.0219238
2.277686e-008	0.0343018
2.280186e-008	0.0321777
2.282686e-008	0.0215088
2.285186e-008	0.0236572
2.287686e-008	0.0172119
2.290186e-008	0.0158936
2.292686e-008	0.0175537
2.295186e-008	0.0139404
2.297686e-008	0.0224365
2.300186e-008	0.0317383
2.302686e-008	0.0337402
2.305186e-008	0.0327637
2.307686e-008	0.0236816
2.310186e-008	0.0229492
2.312686e-008	0.0280029
2.315186e-008	0.0207764
2.317686e-008	0.022876
2.320186e-008	0.0299072
2.322686e-008	0.0206787
2.325186e-008	0.0110352
2.327686e-008	0.00959473
2.330186e-008	0.018042
2.332686e-008	0.0293213
2.335186e-008	0.0320801
2.337686e-008	0.0345703
2.340186e-008	0.030127
2.342686e-008	0.0266846
2.345186e-008	0.0299316
2.347686e-008	0.0189941
2.350186e-008	0.0173584
2.352686e-008	0.0230713
2.355186e-008	0.0157227
2.357686e-008	0.0153076
2.360186e-008	0.0128174
2.362686e-008	0.0173096
2.365186e-008	0.0291016
2.367686e-008	0.0241211
2.370186e-008	0.0205566
2.372686e-008	0.021875
2.375186e-008	0.0292481
2.377686e-008	0.0312012
2.380186e-008	0.0208252
2.382686e-008	0.0248779
2.385186e-008	0.0242188
2.387686e-008	0.0159424
2.390186e-008	0.0159668
2.392686e-008	0.0180176
2.395186e-008	0.0331299
2.397686e-008	0.037085
2.400186e-008	0.0193359
2.402686e-008	0.0111816
2.405186e-008	0.0104492
2.407686e-008	0.0147705
2.410186e-008	0.0237061
2.412686e-008	0.0229492
2.415186e-008	0.0191406
2.417686e-008	0.0144775
2.420186e-008	-0.000927727
2.422686e-008	0.00568848
2.425186e-008	0.0343994
2.427686e-008	0.0264649
2.430186e-008	0.0104492
2.432686e-008	0.0180908
2.435186e-008	0.021875
2.437686e-008	0.0250977
2.440186e-008	0.0184326
2.442686e-008	0.0100342
2.445186e-008	0.0115479
2.447686e-008	0.0148682
2.450186e-008	0.0279785
2.452686e-008	0.025708
2.455186e-008	0.0225342
2.457686e-008	0.0383545
2.460186e-008	0.0283203
2.462686e-008	0.0107422
2.465186e-008	0.0169434
2.467686e-008	0.0221924
2.470186e-008	0.0176758
2.472686e-008	0.0172363
2.475186e-008	0.0226807
2.477686e-008	0.0162598
2.480186e-008	0.00732423
2.482686e-008	0.0129883
2.485186e-008	0.0253174
2.487686e-008	0.0310791
2.490186e-008	0.0200195
2.492686e-008	0.017334
2.495186e-008	0.035376
2.497686e-008	0.0408447
2.500186e-008	0.0242188
2.502686e-008	0.00783692
2.505186e-008	0.00512696
2.507686e-008	0.00976563
2.510186e-008	0.0160645
2.512686e-008	0.0214356
2.515186e-008	0.0296143
2.517686e-008	0.0335205
2.520186e-008	0.0222168
2.522686e-008	0.0231934
2.525186e-008	0.0343262
2.527686e-008	0.0297608
2.530186e-008	0.0210205
2.532686e-008	0.0190918
2.535186e-008	0.031665
2.537686e-008	0.0355469
2.540186e-008	0.0166504
2.542686e-008	0.0158691
2.545186e-008	0.0248779
2.547686e-008	0.0237793
2.550186e-008	0.0299072
2.552686e-008	0.0317871
2.555186e-008	0.0294434
2.557686e-008	0.0266113
2.560186e-008	0.0166016
2.562686e-008	0.0257568
2.565186e-008	0.0429199
2.567686e-008	0.035669
2.570186e-008	0.014917
2.572686e-008	0.00222169
2.575186e-008	0.0138916
2.577686e-008	0.031543
2.580186e-008	0.0286377
2.582686e-008	0.0194336
2.585186e-008	0.0250488
2.587686e-008	0.035376
2.590186e-008	0.0283691
2.592686e-008	0.0289063
2.595186e-008	0.0374268
2.597686e-008	0.0225342
2.600186e-008	0.0199707
2.602686e-008	0.026294
2.605186e-008	0.0182129
2.607686e-008	0.0238281
2.610186e-008	0.0188965
2.612686e-008	0.0110107
2.615186e-008	0.029834
2.617686e-008	0.0268066
2.620186e-008	0.0138672
2.622686e-008	0.0248779
2.625186e-008	0.0303467
2.627686e-008	0.0303467
2.630186e-008	0.0323975
2.632686e-008	0.0261719
2.635186e-008	0.023584
2.637686e-008	0.028833
2.640186e-008	0.0257813
2.642686e-008	0.0263428
2.645186e-008	0.0312256
2.647686e-008	0.020044
2.650186e-008	0.0245606
2.652686e-008	0.0342529
2.655186e-008	0.0179443
2.657686e-008	0.0132324
2.660186e-008	0.0138184
2.662686e-008	0.0179443
2.665186e-008	0.0331055
2.667686e-008	0.0210205
2.670186e-008	0.0161377
2.672686e-008	0.0267822
2.675186e-008	0.0208496
2.677686e-008	0.0297852
2.680186e-008	0.027002
2.682686e-008	0.00932618
2.685186e-008	0.0261963
2.687686e-008	0.0359131
2.690186e-008	0.0227783
2.692686e-008	0.0161133
2.695186e-008	0.018335
2.697686e-008	0.029834
2.700186e-008	0.0261231
2.702686e-008	0.0161621
2.705186e-008	0.0204346
2.707686e-008	0.0184082
2.710186e-008	0.0154541
2.712686e-008	0.010669
2.715186e-008	0.0124268
2.717686e-008	0.02771
2.720186e-008	0.0226563
2.722686e-008	0.0171143
2.725186e-008	0.0277832
2.727686e-008	0.0260254
2.730186e-008	0.015625
2.732686e-008	0.00788575
2.735186e-008	0.0145264
2.737686e-008	0.0273193
2.740186e-008	0.0206055
2.742686e-008	0.0151856
2.745186e-008	0.0216065
2.747686e-008	0.0214356
2.750186e-008	0.0261231
2.752686e-008	0.0308594
2.755186e-008	0.0242432
2.757686e-008	0.0177002
2.760186e-008	0.0103027
2.762686e-008	0.0172363
2.765186e-008	0.0263428
2.767686e-008	0.00979005
2.770186e-008	0.0113037
2.772686e-008	0.0287354
2.775186e-008	0.0247803
2.777686e-008	0.0194824
2.780186e-008	0.013794
2.782686e-008	0.0118897
2.785186e-008	0.0197754
2.787686e-008	0.0180176
2.790186e-008	0.0081543
2.792686e-008	-0.00273437
2.795186e-008	0.00642091
2.797686e-008	0.0331299
2.800186e-008	0.0336914
2.802686e-008	0.0199219
2.805186e-008	0.0229004
2.807686e-008	0.0215576
2.810186e-008	0.0133057
2.812686e-008	0.0210449
2.815186e-008	0.0302246
2.817686e-008	0.0250733
2.820186e-008	0.00812989
2.822686e-008	0.000439461
2.825186e-008	0.0156738
2.827686e-008	0.0210693
2.830186e-008	0.0170654
2.832686e-008	0.026709
2.835186e-008	0.0346924
2.837686e-008	0.0244385
2.840186e-008	0.00329591
2.842686e-008	0.0050293
2.845186e-008	0.0258057
2.847686e-008	0.0306885
2.850186e-008	0.0251709
2.852686e-008	0.0189941
2.855186e-008	0.0156494
2.857686e-008	0.0188965
2.860186e-008	0.0175537
2.862686e-008	0.0152344
2.865186e-008	0.0175537
2.867686e-008	0.0135254
2.870186e-008	0.0140137
2.872686e-008	0.026709
2.875186e-008	0.033667
2.877686e-008	0.0303467
2.880186e-008	0.0214844
2.882686e-008	0.0174072
2.885186e-008	0.0227295
2.887686e-008	0.0208496
2.890186e-008	0.0127197
2.892686e-008	0.0139649
2.895186e-008	0.0251221
2.897686e-008	0.0291504
2.900186e-008	0.0182373
2.902686e-008	0.0174316
2.905186e-008	0.0265381
2.907686e-008	0.0268799
2.910186e-008	0.0315186
2.912686e-008	0.0300049
2.915186e-008	0.0210693
2.917686e-008	0.0224609
2.920186e-008	0.0123291
2.922686e-008	0.00869141
2.925186e-008	0.0262451
2.927686e-008	0.0269043
2.930186e-008	0.013794
2.932686e-008	0.00351563
2.935186e-008	0.0130127
2.937686e-008	0.0265381
2.940186e-008	0.0134033
2.942686e-008	0.0166016
2.945186e-008	0.0310547
2.947686e-008	0.0201172
2.950186e-008	0.0140869
2.952686e-008	0.0181152
2.955186e-008	0.0222412
2.957686e-008	0.0251953
2.960186e-008	0.0130371
2.962686e-008	0.0101318
2.965186e-008	0.0301514
2.967686e-008	0.0295654
2.970186e-008	0.0159424
2.972686e-008	0.0111328
2.975186e-008	-0.00268554
2.977686e-008	0.00825196
2.980186e-008	0.0367676
2.982686e-008	0.0352539
2.985186e-008	0.0166992
2.987686e-008	0.00180665
2.990186e-008	0.0150879
2.992686e-008	0.0322022
2.995186e-008	0.0304688
2.997686e-008	0.0267578
3.000186e-008	0.00776368
3.002686e-008	0.011499
3.005186e-008	0.0312256
3.007686e-008	0.0289795
3.010186e-008	0.0292969
3.012686e-008	0.0158447
3.015186e-008	0.0157227
3.017686e-008	0.0271484
3.020186e-008	0.0130859
3.022686e-008	0.0237061
3.025186e-008	0.0314453
3.027686e-008	0.0188232
3.030186e-008	0.0270264
3.032686e-008	0.0238281
3.035186e-008	0.020044
3.037686e-008	0.0285645
3.040186e-008	0.0133789
3.042686e-008	0.0134033
3.045186e-008	0.0328125
3.047686e-008	0.0246338
3.050186e-008	0.0234131
3.052686e-008	0.0261231
3.055186e-008	0.014209
3.057686e-008	0.0245117
3.060186e-008	0.0273193
3.062686e-008	0.0163086
3.065186e-008	0.0235596
3.067686e-008	0.023877
3.070186e-008	0.0232422
3.072686e-008	0.0238281
3.075186e-008	0.0201416
3.077686e-008	0.0303467
3.080186e-008	0.0209961
3.082686e-008	0.00954591
3.085186e-008	0.021875
3.087686e-008	0.0203369
3.090186e-008	0.0269775
3.092686e-008	0.0365479
3.095186e-008	0.022168
3.097686e-008	0.0160156
3.100186e-008	0.0228027
3.102686e-008	0.0260498
3.105186e-008	0.0276367
3.107686e-008	0.0200928
3.110186e-008	0.00651856
3.112686e-008	0.0188721
3.115186e-008	0.0286377
3.117686e-008	0.0171875
3.120186e-008	0.0104736
3.122686e-008	0.0090088
3.125186e-008	0.0327149
3.127686e-008	0.0364258
3.130186e-008	0.00483399
3.132686e-008	0.00180665
3.135186e-008	0.0119629
3.137686e-008	0.0158691
3.140186e-008	0.00869141
3.142686e-008	0.00456544
3.145186e-008	0.0197998
3.147686e-008	0.0235596
3.150186e-008	0.0275391
3.152686e-008	0.0369385
3.155186e-008	0.0261475
3.157686e-008	0.0161133
3.160186e-008	0.0253174
3.162686e-008	0.0277588
3.165186e-008	0.0172607
3.167686e-008	0.0201416
3.170186e-008	0.023999
3.172686e-008	0.0126465
3.175186e-008	0.014624
3.177686e-008	0.025
3.180186e-008	0.0185547
3.182686e-008	0.0157227
3.185186e-008	0.0272705
3.187686e-008	0.0259522
3.190186e-008	0.0126953
3.192686e-008	0.0210938
3.195186e-008	0.0389404
3.197686e-008	0.0356934
3.200186e-008	0.0164307
3.202686e-008	0.00339356
3.205186e-008	0.011377
3.207686e-008	0.0218018
3.210186e-008	0.0284668
3.212686e-008	0.0339356
3.215186e-008	0.0343994
3.217686e-008	0.0296143
3.220186e-008	0.0190918
3.222686e-008	0.0214844
3.225186e-008	0.0203369
3.227686e-008	0.0169922
3.230186e-008	0.0233399
3.232686e-008	0.0148926
3.235186e-008	0.0199463
3.237686e-008	0.0368164
3.240186e-008	0.0346436
3.242686e-008	0.026416
3.245186e-008	0.0210693
3.247686e-008	0.0198975
3.250186e-008	0.0237305
3.252686e-008	0.0304932
3.255186e-008	0.0265869
3.257686e-008	0.0257813
3.260186e-008	0.0338379
3.262686e-008	0.0258301
3.265186e-008	0.0208008
3.267686e-008	0.0196289
3.270186e-008	0.0110596
3.272686e-008	0.010376
3.275186e-008	0.0119873
3.277686e-008	0.0150391
3.280186e-008	0.0159424
3.282686e-008	0.0184815
3.285186e-008	0.0289307
3.287686e-008	0.0223877
3.290186e-008	0.0157471
3.292686e-008	0.0234863
3.295186e-008	0.0221924
3.297686e-008	0.0261963
3.300186e-008	0.0292969
3.302686e-008	0.0109863
3.305186e-008	0.00454102
3.307686e-008	0.0175537
3.310186e-008	0.011377
3.312686e-008	0.00825196
3.315186e-008	0.0320313
3.317686e-008	0.0290527
3.320186e-008	0.0147949
3.322686e-008	0.0250977
3.325186e-008	0.0246338
3.327686e-008	0.0205322
3.330186e-008	0.0293213
3.332686e-008	0.0299561
3.335186e-008	0.011084
3.337686e-008	0.00256348
3.340186e-008	0.0150147
3.342686e-008	0.0203369
3.345186e-008	0.0274414
3.347686e-008	0.0240967
3.350186e-008	0.00986329
3.352686e-008	0.0198242
3.355186e-008	0.0307129
3.357686e-008	0.0224854
3.360186e-008	0.0126221
3.362686e-008	0.0128906
3.365186e-008	0.0204346
3.367686e-008	0.0274658
3.370186e-008	0.0258789
3.372686e-008	0.0212647
3.375186e-008	0.0268066
3.377686e-008	0.0220947
3.380186e-008	0.0110596
3.382686e-008	0.0165283
3.385186e-008	0.0187744
3.387686e-008	0.0122559
3.390186e-008	0.0164307
3.392686e-008	0.0227783
3.395186e-008	0.0185791
3.397686e-008	0.0220703
3.400186e-008	0.0198486
3.402686e-008	0.0116211
3.405186e-008	0.0307617
3.407686e-008	0.0318115
3.410186e-008	0.00839845
3.412686e-008	0.0135498
3.415186e-008	0.0222656
3.417686e-008	0.0251709
3.420186e-008	0.030542
3.422686e-008	0.0243652
3.425186e-008	0.0243408
3.427686e-008	0.0253906
3.430186e-008	0.0173828
3.432686e-008	0.0165039
3.435186e-008	0.0250244
3.437686e-008	0.0295899
3.440186e-008	0.0141113
3.442686e-008	0.00603028
3.445186e-008	0.0201416
3.447686e-008	0.0234131
3.450186e-008	0.023169
3.452686e-008	0.0232422
3.455186e-008	0.0203125
3.457686e-008	0.0307617
3.460186e-008	0.0219482
3.462686e-008	0.00651856
3.465186e-008	0.0206543
3.467686e-008	0.0209961
3.470186e-008	0.0135986
3.472686e-008	0.0225586
3.475186e-008	0.0296143
3.477686e-008	0.0333252
3.480186e-008	0.0268311
3.482686e-008	0.0199219
3.485186e-008	0.0172852
3.487686e-008	0.0143799
3.490186e-008	0.0249512
3.492686e-008	0.0286377
3.495186e-008	0.0219971
3.497686e-008	0.0220703
3.500186e-008	0.0112305
3.502686e-008	0.00871583
3.505186e-008	0.0241943
3.507686e-008	0.0204834
3.510186e-008	0.0141602
3.512686e-008	0.0244629
3.515186e-008	0.035791
3.517686e-008	0.0363037
3.520186e-008	0.0196289
3.522686e-008	0.0126221
3.525186e-008	0.0196777
3.527686e-008	0.0248779
3.530186e-008	0.0310547
3.532686e-008	0.0276611
3.535186e-008	0.0276611
3.537686e-008	0.0293213
3.540186e-008	0.0173096
3.542686e-008	0.0182373
3.545186e-008	0.0289551
3.547686e-008	0.034375
3.550186e-008	0.0361084
3.552686e-008	0.0269043
3.555186e-008	0.0243897
3.557686e-008	0.0233887
3.560186e-008	0.00935059
3.562686e-008	0.0136231
3.565186e-008	0.0216309
3.567686e-008	0.021167
3.570186e-008	0.0341309
3.572686e-008	0.0312988
3.575186e-008	0.0210693
3.577686e-008	0.0165039
3.580186e-008	0.00356446
3.582686e-008	0.0141113
3.585186e-008	0.0290039
3.587686e-008	0.0212402
3.590186e-008	0.0239014
3.592686e-008	0.031543
3.595186e-008	0.0250977
3.597686e-008	0.0185059
3.600186e-008	0.0121338
3.602686e-008	0.0108643
3.605186e-008	0.020874
3.607686e-008	0.0208984
3.610186e-008	0.0155029
3.612686e-008	0.0126465
3.615186e-008	0.0222168
3.617686e-008	0.0367188
3.620186e-008	0.0215576
3.622686e-008	0.0127197
3.625186e-008	0.0163574
3.627686e-008	0.0105225
3.630186e-008	0.0144287
3.632686e-008	0.0141113
3.635186e-008	0.0164307
3.637686e-008	0.0204834
3.640186e-008	0.0112305
3.642686e-008	0.0151367
3.645186e-008	0.0171143
3.647686e-008	0.00871583
3.650186e-008	0.0207275
3.652686e-008	0.0241455
3.655186e-008	0.0130127
3.657686e-008	0.0199951
3.660186e-008	0.0125732
3.662686e-008	0.00205079
3.665186e-008	0.0211426
3.667686e-008	0.0317139
3.670186e-008	0.024707
3.672686e-008	0.0184815
3.675186e-008	0.0258789
3.677686e-008	0.0320068
3.680186e-008	0.0162842
3.682686e-008	0.012207
3.685186e-008	0.0160645
3.687686e-008	0.00412598
3.690186e-008	0.00563966
3.692686e-008	0.014502
3.695186e-008	0.0172363
3.697686e-008	0.0244629
3.700186e-008	0.0153076
3.702686e-008	0.0105225
3.705186e-008	0.0249024
3.707686e-008	0.0259766
3.710186e-008	0.0252197
3.712686e-008	0.0211426
3.715186e-008	0.0147217
3.717686e-008	0.0265137
3.720186e-008	0.0272949
3.722686e-008	0.0145752
3.725186e-008	0.0161377
3.727686e-008	0.0179443
3.730186e-008	0.0157227
3.732686e-008	0.0255371
3.735186e-008	0.0307617
3.737686e-008	0.0241943
3.740186e-008	0.0135742
3.742686e-008	0.00905762
3.745186e-008	0.0246094
3.747686e-008	0.0275391
3.750186e-008	0.0205322
3.752686e-008	0.0269775
3.755186e-008	0.0230469
3.757686e-008	0.0248047
3.760186e-008	0.0222412
3.762686e-008	0.013794
3.765186e-008	0.0265381
3.767686e-008	0.0193115
3.770186e-008	0.00859376
3.772686e-008	0.0111816
3.775186e-008	0.00925294
3.777686e-008	0.0216065
3.780186e-008	0.0225342
3.782686e-008	0.0210449
3.785186e-008	0.026001
3.787686e-008	0.016919
3.790186e-008	0.0248047
3.792686e-008	0.0305908
3.795186e-008	0.0251221
3.797686e-008	0.0317383
3.800186e-008	0.0283447
3.802686e-008	0.0249512
3.805186e-008	0.0290527
3.807686e-008	0.0192871
3.810186e-008	0.0104981
3.812686e-008	0.0174805
3.815186e-008	0.0252686
3.817686e-008	0.0303467
3.820186e-008	0.0302246
3.822686e-008	0.0172607
3.825186e-008	0.0162842
3.827686e-008	0.0318359
3.830186e-008	0.0291748
3.832686e-008	0.0199463
3.835186e-008	0.0325195
3.837686e-008	0.0350342
3.840186e-008	0.0210205
3.842686e-008	0.0210449
3.845186e-008	0.0272461
3.847686e-008	0.0234619
3.850186e-008	0.00522462
3.852686e-008	0.00749512
3.855186e-008	0.0315674
3.857686e-008	0.0282227
3.860186e-008	0.0183106
3.862686e-008	0.0235107
3.865186e-008	0.0255615
3.867686e-008	0.0231445
3.870186e-008	0.025415
3.872686e-008	0.0275635
3.875186e-008	0.0284668
3.877686e-008	0.0325928
3.880186e-008	0.019043
3.882686e-008	0.0103272
3.885186e-008	0.0170899
3.887686e-008	0.0155518
3.890186e-008	0.0200928
3.892686e-008	0.0185791
3.895186e-008	0.0215332
3.897686e-008	0.0334717
3.900186e-008	0.0236328
3.902686e-008	0.0236572
3.905186e-008	0.0285645
3.907686e-008	0.0238037
3.910186e-008	0.0340088
3.912686e-008	0.0302979
3.915186e-008	0.0215332
3.917686e-008	0.0308594
3.920186e-008	0.0255371
3.922686e-008	0.0186768
3.925186e-008	0.0193115
3.927686e-008	0.00351563
3.930186e-008	0.000781257
3.932686e-008	0.0198242
3.935186e-008	0.024585
3.937686e-008	0.021582
3.940186e-008	0.0203857
3.942686e-008	0.0176514
3.945186e-008	0.0156738
3.947686e-008	0.00993653
3.950186e-008	0.0167725
3.952686e-008	0.0218262
3.955186e-008	0.00876466
3.957686e-008	0.0108154
3.960186e-008	0.0181641
3.962686e-008	0.0206299
3.965186e-008	0.0311524
3.967686e-008	0.0246826
3.970186e-008	0.00793458
3.972686e-008	0.0147705
3.975186e-008	0.0253906
3.977686e-008	0.0202149
3.980186e-008	0.0175537
3.982686e-008	0.0226318
3.985186e-008	0.0312988
3.987686e-008	0.0257568
3.990186e-008	0.00939942
3.992686e-008	0.00893555
3.995186e-008	0.0172119
3.997686e-008	0.0406006
4.000186e-008	0.0526856
4.002686e-008	0.0279297
4.005186e-008	0.0182129
4.007686e-008	0.0225098
4.010186e-008	0.0208008
4.012686e-008	0.023169
4.015186e-008	0.0216797
4.017686e-008	0.0200195
4.020186e-008	0.0157227
4.022686e-008	0.0134277
4.025186e-008	0.0254395
4.027686e-008	0.0297852
4.030186e-008	0.0188232
4.032686e-008	0.0191162
4.035186e-008	0.0277832
4.037686e-008	0.0237305
4.040186e-008	0.0173096
4.042686e-008	0.016333
4.045186e-008	0.0154297
4.047686e-008	0.0202149
4.050186e-008	0.0236328
4.052686e-008	0.0208008
4.055186e-008	0.0281738
4.057686e-008	0.0365479
4.060186e-008	0.0318604
4.062686e-008	0.0316162
4.065186e-008	0.02854
4.067686e-008	0.0187012
4.070186e-008	0.0264649
4.072686e-008	0.0327637
4.075186e-008	0.0258057
4.077686e-008	0.0218994
4.080186e-008	0.0123535
4.082686e-008	0.00910645
4.085186e-008	0.0128174
4.087686e-008	0.00686036
4.090186e-008	0.0169678
4.092686e-008	0.0244629
4.095186e-008	0.0189941
4.097686e-008	0.0359619
4.100186e-008	0.0319092
4.102686e-008	0.0111816
4.105186e-008	0.0255859
4.107686e-008	0.0277344
4.110186e-008	0.0150147
4.112686e-008	0.0207764
4.115186e-008	0.0226807
4.117686e-008	0.0213623
4.120186e-008	0.0136719
4.122686e-008	0.0107666
4.125186e-008	0.0330078
4.127686e-008	0.0370606
4.130186e-008	0.0262207
4.132686e-008	0.0261963
4.135186e-008	0.0244873
4.137686e-008	0.0336914
4.140186e-008	0.0276856
4.142686e-008	0.0108887
4.145186e-008	0.0221924
4.147686e-008	0.0283691
4.150186e-008	0.0217529
4.152686e-008	0.0106934
4.155186e-008	0.0102783
4.157686e-008	0.0261231
4.160186e-008	0.025415
4.162686e-008	0.0239014
4.165186e-008	0.0191895
4.167686e-008	0.0161621
4.170186e-008	0.0327149
4.172686e-008	0.0225342
4.175186e-008	0.0128174
4.177686e-008	0.0306397
4.180186e-008	0.0225586
4.182686e-008	0.0142578
4.185186e-008	0.0318359
4.187686e-008	0.0303223
4.190186e-008	0.0169922
4.192686e-008	0.0171631
4.195186e-008	0.0175049
4.197686e-008	0.0172852
4.200186e-008	0.016626
4.202686e-008	0.00654298
4.205186e-008	0.00295411
4.207686e-008	0.0143799
4.210186e-008	0.0276856
4.212686e-008	0.0303223
4.215186e-008	0.0212891
4.217686e-008	0.0216065
4.220186e-008	0.0167725
4.222686e-008	0.00493165
4.225186e-008	0.0203613
4.227686e-008	0.0273682
4.230186e-008	0.0187744
4.232686e-008	0.0223877
4.235186e-008	0.0305176
4.237686e-008	0.0348145
4.240186e-008	0.0197754
4.242686e-008	0.015332
4.245186e-008	0.0246826
4.247686e-008	0.0225342
4.250186e-008	0.0158691
4.252686e-008	0.00134278
4.255186e-008	0.018335
4.257686e-008	0.0382813
4.260186e-008	0.0158203
4.262686e-008	0.0193604
4.265186e-008	0.0356201
4.267686e-008	0.0239746
4.270186e-008	0.0172852
4.272686e-008	0.02146
4.275186e-008	0.0289551
4.277686e-008	0.0286865
4.280186e-008	0.0234131
4.282686e-008	0.0237305
4.285186e-008	0.0198731
4.287686e-008	0.0195068
4.290186e-008	0.0271729
4.292686e-008	0.0266602
4.295186e-008	0.0223145
4.297686e-008	0.0218994
4.300186e-008	0.00932618
4.302686e-008	0.00908204
4.305186e-008	0.0354736
4.307686e-008	0.0346436
4.310186e-008	0.0178223
4.312686e-008	0.0107178
4.315186e-008	0.00551759
4.317686e-008	0.012793
4.320186e-008	0.00878907
4.322686e-008	0.00881348
4.325186e-008	0.0269531
4.327686e-008	0.0258057
4.330186e-008	0.0189697
4.332686e-008	0.017627
4.335186e-008	0.0279785
4.337686e-008	0.0444824
4.340186e-008	0.0315186
4.342686e-008	0.0180664
4.345186e-008	0.0212402
4.347686e-008	0.019043
4.350186e-008	0.0249512
4.352686e-008	0.0291748
4.355186e-008	0.0194824
4.357686e-008	0.0208008
4.360186e-008	0.0358887
4.362686e-008	0.0384277
4.365186e-008	0.0205322
4.367686e-008	0.00932618
4.370186e-008	0.014209
4.372686e-008	0.0185547
4.375186e-008	0.0247559
4.377686e-008	0.0351807
4.380186e-008	0.0316406
4.382686e-008	0.0241943
4.385186e-008	0.027002
4.387686e-008	0.0196533
4.390186e-008	0.0206299
4.392686e-008	0.0291748
4.395186e-008	0.0213379
4.397686e-008	0.0207031
4.400186e-008	0.013208
4.402686e-008	0.00949708
4.405186e-008	0.0294434
4.407686e-008	0.0300049
4.410186e-008	0.0287842
4.412686e-008	0.0301758
4.415186e-008	0.0166748
4.417686e-008	0.0192627
4.420186e-008	0.0188232
4.422686e-008	0.0168213
4.425186e-008	0.0277588
4.427686e-008	0.0190674
4.430186e-008	0.0176514
4.432686e-008	0.0240723
4.435186e-008	0.0179199
4.437686e-008	0.0230713
4.440186e-008	0.00925294
4.442686e-008	-4.88207e-005
4.445186e-008	0.0220947
4.447686e-008	0.0208984
4.450186e-008	0.0196045
4.452686e-008	0.0261719
4.455186e-008	0.0212158
4.457686e-008	0.0238281
4.460186e-008	0.0202393
4.462686e-008	0.0206543
4.465186e-008	0.0237305
4.467686e-008	0.0195068
4.470186e-008	0.0284424
4.472686e-008	0.0324463
4.475186e-008	0.0341065
4.477686e-008	0.0350586
4.480186e-008	0.0214356
4.482686e-008	0.0228272
4.485186e-008	0.0288574
4.487686e-008	0.018042
4.490186e-008	0.0120117
4.492686e-008	0.0108643
4.495186e-008	0.00993653
4.497686e-008	0.01604
4.500186e-008	0.0184082
4.502686e-008	0.0152344
4.505186e-008	0.0246094
4.507686e-008	0.0312744
4.510186e-008	0.0203857
4.512686e-008	0.0197266
4.515186e-008	0.0281738
4.517686e-008	0.0282471
4.520186e-008	0.0199951
4.522686e-008	0.0104736
4.525186e-008	0.0177734
4.527686e-008	0.0248779
4.530186e-008	0.0174316
4.532686e-008	0.0160156
4.535186e-008	0.0252441
4.537686e-008	0.0289795
4.540186e-008	0.016626
4.542686e-008	0.0198242
4.545186e-008	0.0374756
4.547686e-008	0.0294922
4.550186e-008	0.0252686
4.552686e-008	0.029126
4.555186e-008	0.0165283
4.557686e-008	0.0183838
4.560186e-008	0.0202149
4.562686e-008	0.0091797
4.565186e-008	0.0136231
4.567686e-008	0.0165772
4.570186e-008	0.0241211
4.572686e-008	0.0312012
4.575186e-008	0.0141602
4.577686e-008	0.0188965
4.580186e-008	0.0251953
4.582686e-008	0.0039795
4.585186e-008	0.0161133
4.587686e-008	0.0329834
4.590186e-008	0.0181397
4.592686e-008	0.0143311
4.595186e-008	0.0261475
4.597686e-008	0.0372559
4.600186e-008	0.0227539
4.602686e-008	0.00712891
4.605186e-008	0.0210938
4.607686e-008	0.0200195
4.610186e-008	0.0144531
4.612686e-008	0.019165
4.615186e-008	0.0218018
4.617686e-008	0.0347168
4.620186e-008	0.0369629
4.622686e-008	0.0298096
4.625186e-008	0.0242188
4.627686e-008	0.0205322
4.630186e-008	0.0182617
4.632686e-008	0.0109863
4.635186e-008	0.0220215
4.637686e-008	0.0292236
4.640186e-008	0.020752
4.642686e-008	0.0239746
4.645186e-008	0.0182129
4.647686e-008	0.0167481
4.650186e-008	0.032251
4.652686e-008	0.0306641
4.655186e-008	0.017627
4.657686e-008	0.0154785
4.660186e-008	0.020044
4.662686e-008	0.0130615
4.665186e-008	0.00187989
4.667686e-008	0.0090088
4.670186e-008	0.0215332
4.672686e-008	0.0226074
4.675186e-008	0.0239014
4.677686e-008	0.0289307
4.680186e-008	0.0190674
4.682686e-008	0.0131348
4.685186e-008	0.0280274
4.687686e-008	0.0274414
4.690186e-008	0.0190918
4.692686e-008	0.0216797
4.695186e-008	0.0291992
4.697686e-008	0.0341553
4.700186e-008	0.0172607
4.702686e-008	0.0169678
4.705186e-008	0.0327637
4.707686e-008	0.0260742
4.710186e-008	0.0290772
4.712686e-008	0.0291504
4.715186e-008	0.0225586
4.717686e-008	0.0277588
4.720186e-008	0.0166016
4.722686e-008	0.014209
4.725186e-008	0.027002
4.727686e-008	0.0233399
4.730186e-008	0.0163818
4.732686e-008	0.0152588
4.735186e-008	0.0265869
4.737686e-008	0.024707
4.740186e-008	-0.00693359
4.742686e-008	-0.000195305
4.745186e-008	0.0250488
4.747686e-008	0.0185303
4.750186e-008	0.0229492
4.752686e-008	0.0219727
4.755186e-008	0.0177734
4.757686e-008	0.0324951
4.760186e-008	0.0147217
4.762686e-008	0.00019532
4.765186e-008	0.0275879
4.767686e-008	0.0338135
4.770186e-008	0.0174072
4.772686e-008	0.0168701
4.775186e-008	0.0250244
4.777686e-008	0.0281494
4.780186e-008	0.0232178
4.782686e-008	0.0207031
4.785186e-008	0.0195557
4.787686e-008	0.00764161
4.790186e-008	0.00488282
4.792686e-008	0.0235596
4.795186e-008	0.0335938
4.797686e-008	0.0273193
4.800186e-008	0.0281494
4.802686e-008	0.0305664
4.805186e-008	0.0241455
4.807686e-008	0.0158447
4.810186e-008	0.0116211
4.812686e-008	0.0148926
4.815186e-008	0.0210693
4.817686e-008	0.0229981
4.820186e-008	0.0156494
4.822686e-008	0.0198975
4.825186e-008	0.038208
4.827686e-008	0.0291748
4.830186e-008	0.0150147
4.832686e-008	0.0254639
4.835186e-008	0.0302246
4.837686e-008	0.0163574
4.840186e-008	-0.00195312
4.842686e-008	0.00803223
4.845186e-008	0.0308838
4.847686e-008	0.0298096
4.850186e-008	0.0275391
4.852686e-008	0.0244629
4.855186e-008	0.0237305
4.857686e-008	0.0260986
4.860186e-008	0.0142578
4.862686e-008	0.0275391
4.865186e-008	0.0449951
4.867686e-008	0.0242188
4.870186e-008	0.0187256
4.872686e-008	0.0261719
4.875186e-008	0.0159424
4.877686e-008	0.023999
4.880186e-008	0.0229736
4.882686e-008	0.000512703
4.885186e-008	0.0179199
4.887686e-008	0.0333496
4.890186e-008	0.0177979
4.892686e-008	0.0175049
4.895186e-008	0.0186279
4.897686e-008	0.0160156
4.900186e-008	0.0191406
4.902686e-008	0.0221924
4.905186e-008	0.0268311
4.907686e-008	0.0272217
4.910186e-008	0.0226563
4.912686e-008	0.020752
4.915186e-008	0.0316406
4.917686e-008	0.0298584
4.920186e-008	0.00312501
4.922686e-008	-0.00112304
4.925186e-008	0.0179199
4.927686e-008	0.0272949
4.930186e-008	0.0289063
4.932686e-008	0.0209961
4.935186e-008	0.01521
4.937686e-008	0.0215576
4.940186e-008	0.0193604
4.942686e-008	0.0239258
4.945186e-008	0.0370117
4.947686e-008	0.032544
4.950186e-008	0.0299072
4.952686e-008	0.0247559
4.955186e-008	0.0189697
4.957686e-008	0.0268066
4.960186e-008	0.0177246
4.962686e-008	0.0140869
4.965186e-008	0.0283691
4.967686e-008	0.019165
4.970186e-008	0.00510255
4.972686e-008	0.0186035
4.975186e-008	0.0300049
4.977686e-008	0.0156006
4.980186e-008	0.0146973
4.982686e-008	0.0301025
4.985186e-008	0.0312012
4.987686e-008	0.0264893
4.990186e-008	0.0199707
4.992686e-008	0.0108154
4.995186e-008	0.0136231
4.997686e-008	0.0302979
5.000186e-008	0.0257813
