# LECROYWM813Zi	51496	Waveform
# Segments	1	SegmentSize	4002
# Segment	TrigTime	TimeSinceSegment1
# #1	30-Nov-2018 17:13:52	0                 
# Time	Ampl
-5.002444e-008	0.0130371
-4.999944e-008	0.0125244
-4.997444e-008	0.0263184
-4.994944e-008	0.0246094
-4.992444e-008	0.0227783
-4.989944e-008	0.0332764
-4.987444e-008	0.0236816
-4.984944e-008	0.0184326
-4.982444e-008	0.0270264
-4.979944e-008	0.0264404
-4.977444e-008	0.0299805
-4.974944e-008	0.0280762
-4.972444e-008	0.0192383
-4.969944e-008	0.0275147
-4.967444e-008	0.0285156
-4.964944e-008	0.0206787
-4.962444e-008	0.0194092
-4.959944e-008	0.00756837
-4.957444e-008	0.00617677
-4.954944e-008	0.0215088
-4.952444e-008	0.0268066
-4.949944e-008	0.0237305
-4.947444e-008	0.0228516
-4.944944e-008	0.0246826
-4.942444e-008	0.0205322
-4.939944e-008	0.0151611
-4.937444e-008	0.00996095
-4.934944e-008	0.00771485
-4.932444e-008	0.0231445
-4.929944e-008	0.0371582
-4.927444e-008	0.0337158
-4.924944e-008	0.0280518
-4.922444e-008	0.0234375
-4.919944e-008	0.0177002
-4.917444e-008	0.0217041
-4.914944e-008	0.0205811
-4.912444e-008	0.0104736
-4.909944e-008	0.0174072
-4.907444e-008	0.0219482
-4.904944e-008	0.0190674
-4.902444e-008	0.0172363
-4.899944e-008	0.00981446
-4.897444e-008	0.00766602
-4.894944e-008	0.00507813
-4.892444e-008	0.0195801
-4.889944e-008	0.0270752
-4.887444e-008	0.00683595
-4.884944e-008	0.0148193
-4.882444e-008	0.0201172
-4.879944e-008	0.00673829
-4.877444e-008	0.0184326
-4.874944e-008	0.0296387
-4.872444e-008	0.0241699
-4.869944e-008	0.0226807
-4.867444e-008	0.025708
-4.864944e-008	0.0199707
-4.862444e-008	0.0219238
-4.859944e-008	0.0244385
-4.857444e-008	0.00534669
-4.854944e-008	0.00666505
-4.852444e-008	0.0235107
-4.849944e-008	0.022876
-4.847444e-008	0.0240479
-4.844944e-008	0.0259277
-4.842444e-008	0.0256348
-4.839944e-008	0.0260742
-4.837444e-008	0.0227539
-4.834944e-008	0.0183106
-4.832444e-008	0.0249756
-4.829944e-008	0.0318115
-4.827444e-008	0.00598145
-4.824944e-008	-0.0041748
-4.822444e-008	0.0205566
-4.819944e-008	0.023584
-4.817444e-008	0.0255615
-4.814944e-008	0.0304932
-4.812444e-008	0.0246582
-4.809944e-008	0.0312256
-4.807444e-008	0.0283936
-4.804944e-008	0.0183838
-4.802444e-008	0.0207031
-4.799944e-008	0.0206299
-4.797444e-008	0.0248779
-4.794944e-008	0.0271973
-4.792444e-008	0.02146
-4.789944e-008	0.0252686
-4.787444e-008	0.0162842
-4.784944e-008	0.0104248
-4.782444e-008	0.0384277
-4.779944e-008	0.0429199
-4.777444e-008	0.0223389
-4.774944e-008	0.0205322
-4.772444e-008	0.0195801
-4.769944e-008	0.0218994
-4.767444e-008	0.0340576
-4.764944e-008	0.0333252
-4.762444e-008	0.0165772
-4.759944e-008	0.00698243
-4.757444e-008	0.0212158
-4.754944e-008	0.029541
-4.752444e-008	0.0207275
-4.749944e-008	0.024292
-4.747444e-008	0.0285645
-4.744944e-008	0.0221191
-4.742444e-008	0.0213623
-4.739944e-008	0.0249512
-4.737444e-008	0.0299805
-4.734944e-008	0.0316162
-4.732444e-008	0.0230225
-4.729944e-008	0.0206299
-4.727444e-008	0.020874
-4.724944e-008	0.00578614
-4.722444e-008	0.0101807
-4.719944e-008	0.0244629
-4.717444e-008	0.0162109
-4.714944e-008	0.0220703
-4.712444e-008	0.0311524
-4.709944e-008	0.0261719
-4.707444e-008	0.0188477
-4.704944e-008	0.0134277
-4.702444e-008	0.0188965
-4.699944e-008	0.0146973
-4.697444e-008	0.012793
-4.694944e-008	0.0228027
-4.692444e-008	0.0303467
-4.689944e-008	0.0280274
-4.687444e-008	0.0115479
-4.684944e-008	0.0170654
-4.682444e-008	0.0260986
-4.679944e-008	0.0166504
-4.677444e-008	0.0227295
-4.674944e-008	0.0240479
-4.672444e-008	0.0108643
-4.669944e-008	0.0178955
-4.667444e-008	0.0303955
-4.664944e-008	0.0245606
-4.662444e-008	0.0291992
-4.659944e-008	0.0330322
-4.657444e-008	0.0166992
-4.654944e-008	0.0154297
-4.652444e-008	0.0231934
-4.649944e-008	0.0168945
-4.647444e-008	0.0173828
-4.644944e-008	0.0340088
-4.642444e-008	0.0308838
-4.639944e-008	0.0190918
-4.637444e-008	0.02771
-4.634944e-008	0.0194824
-4.632444e-008	0.01604
-4.629944e-008	0.0332764
-4.627444e-008	0.0224854
-4.624944e-008	0.0130371
-4.622444e-008	0.025415
-4.619944e-008	0.0274902
-4.617444e-008	0.0218018
-4.614944e-008	0.02146
-4.612444e-008	0.0261475
-4.609944e-008	0.0238281
-4.607444e-008	0.0173828
-4.604944e-008	0.0175537
-4.602444e-008	0.0203613
-4.599944e-008	0.0229981
-4.597444e-008	0.0153565
-4.594944e-008	0.00976563
-4.592444e-008	0.020874
-4.589944e-008	0.024707
-4.587444e-008	0.0193604
-4.584944e-008	0.0195801
-4.582444e-008	0.0229981
-4.579944e-008	0.0168213
-4.577444e-008	0.00822755
-4.574944e-008	0.0138916
-4.572444e-008	0.0123779
-4.569944e-008	0.00368653
-4.567444e-008	0.00322266
-4.564944e-008	0.00864259
-4.562444e-008	0.0255371
-4.559944e-008	0.0324951
-4.557444e-008	0.0294678
-4.554944e-008	0.0305664
-4.552444e-008	0.0208984
-4.549944e-008	0.0169434
-4.547444e-008	0.0205322
-4.544944e-008	0.0165283
-4.542444e-008	0.0197022
-4.539944e-008	0.0260254
-4.537444e-008	0.0261719
-4.534944e-008	0.0274658
-4.532444e-008	0.0286377
-4.529944e-008	0.0202637
-4.527444e-008	0.0155274
-4.524944e-008	0.0234131
-4.522444e-008	0.0196045
-4.519944e-008	0.0117676
-4.517444e-008	0.0172363
-4.514944e-008	0.0128906
-4.512444e-008	0.0149414
-4.509944e-008	0.0299561
-4.507444e-008	0.0129883
-4.504944e-008	0.00405274
-4.502444e-008	0.0204346
-4.499944e-008	0.0178711
-4.497444e-008	0.026001
-4.494944e-008	0.0289063
-4.492444e-008	0.0161621
-4.489944e-008	0.0226074
-4.487444e-008	0.0167481
-4.484944e-008	0.0156006
-4.482444e-008	0.0268311
-4.479944e-008	0.0151367
-4.477444e-008	0.0114258
-4.474944e-008	0.015332
-4.472444e-008	0.0071045
-4.469944e-008	0.015625
-4.467444e-008	0.0282715
-4.464944e-008	0.0180908
-4.462444e-008	0.0217529
-4.459944e-008	0.036084
-4.457444e-008	0.0285889
-4.454944e-008	0.0256104
-4.452444e-008	0.0320801
-4.449944e-008	0.0352539
-4.447444e-008	0.0318848
-4.444944e-008	0.0197998
-4.442444e-008	0.0141357
-4.439944e-008	0.0171631
-4.437444e-008	0.0270264
-4.434944e-008	0.0321045
-4.432444e-008	0.0299072
-4.429944e-008	0.0309082
-4.427444e-008	0.0224121
-4.424944e-008	0.0186524
-4.422444e-008	0.0224121
-4.419944e-008	0.0196045
-4.417444e-008	0.0274414
-4.414944e-008	0.0277588
-4.412444e-008	0.0222168
-4.409944e-008	0.0341309
-4.407444e-008	0.0300537
-4.404944e-008	0.0201416
-4.402444e-008	0.0224121
-4.399944e-008	0.0155518
-4.397444e-008	0.0203369
-4.394944e-008	0.028418
-4.392444e-008	0.0257324
-4.389944e-008	0.0235596
-4.387444e-008	0.0101807
-4.384944e-008	0.0138916
-4.382444e-008	0.0302002
-4.379944e-008	0.0194824
-4.377444e-008	0.0147705
-4.374944e-008	0.0250488
-4.372444e-008	0.0218506
-4.369944e-008	0.0237793
-4.367444e-008	0.0303955
-4.364944e-008	0.0243164
-4.362444e-008	0.0244385
-4.359944e-008	0.0208496
-4.357444e-008	0.0172852
-4.354944e-008	0.0258057
-4.352444e-008	0.024707
-4.349944e-008	0.0322022
-4.347444e-008	0.0371582
-4.344944e-008	0.0229248
-4.342444e-008	0.0201172
-4.339944e-008	0.0203613
-4.337444e-008	0.0233643
-4.334944e-008	0.0306397
-4.332444e-008	0.0264649
-4.329944e-008	0.0243164
-4.327444e-008	0.0218994
-4.324944e-008	0.0149902
-4.322444e-008	0.0161377
-4.319944e-008	0.0179688
-4.317444e-008	0.0164795
-4.314944e-008	0.0161377
-4.312444e-008	0.0196289
-4.309944e-008	0.0283691
-4.307444e-008	0.0226318
-4.304944e-008	0.008667
-4.302444e-008	0.0196533
-4.299944e-008	0.023584
-4.297444e-008	0.00737305
-4.294944e-008	0.0163574
-4.292444e-008	0.0352051
-4.289944e-008	0.0310791
-4.287444e-008	0.00424805
-4.284944e-008	-0.00456542
-4.282444e-008	0.0192871
-4.279944e-008	0.0248779
-4.277444e-008	0.0296631
-4.274944e-008	0.0344483
-4.272444e-008	0.019043
-4.269944e-008	0.0205566
-4.267444e-008	0.0270264
-4.264944e-008	0.0256348
-4.262444e-008	0.0195801
-4.259944e-008	0.018042
-4.257444e-008	0.0227783
-4.254944e-008	0.0158691
-4.252444e-008	0.0253174
-4.249944e-008	0.027832
-4.247444e-008	0.00615235
-4.244944e-008	0.0168945
-4.242444e-008	0.031958
-4.239944e-008	0.0188721
-4.237444e-008	0.0149414
-4.234944e-008	0.0250244
-4.232444e-008	0.0349854
-4.229944e-008	0.0312256
-4.227444e-008	0.0216797
-4.224944e-008	0.0269287
-4.222444e-008	0.024707
-4.219944e-008	0.00932618
-4.217444e-008	0.00598145
-4.214944e-008	0.0125244
-4.212444e-008	0.0230469
-4.209944e-008	0.0363281
-4.207444e-008	0.031958
-4.204944e-008	0.0165039
-4.202444e-008	0.0167969
-4.199944e-008	0.0160645
-4.197444e-008	0.0115967
-4.194944e-008	0.0164063
-4.192444e-008	0.0257324
-4.189944e-008	0.0292236
-4.187444e-008	0.0102783
-4.184944e-008	0.0109375
-4.182444e-008	0.0265869
-4.179944e-008	0.0135986
-4.177444e-008	0.0232666
-4.174944e-008	0.0333252
-4.172444e-008	0.0148193
-4.169944e-008	0.0240234
-4.167444e-008	0.0270996
-4.164944e-008	0.0133301
-4.162444e-008	0.0243652
-4.159944e-008	0.0313965
-4.157444e-008	0.0228516
-4.154944e-008	0.0124268
-4.152444e-008	0.0178223
-4.149944e-008	0.0340088
-4.147444e-008	0.0157471
-4.144944e-008	0.00371095
-4.142444e-008	0.0246582
-4.139944e-008	0.0272949
-4.137444e-008	0.0284424
-4.134944e-008	0.0356934
-4.132444e-008	0.0315186
-4.129944e-008	0.0233154
-4.127444e-008	0.0155274
-4.124944e-008	0.0225342
-4.122444e-008	0.0273926
-4.119944e-008	0.0275879
-4.117444e-008	0.0291016
-4.114944e-008	0.0202637
-4.112444e-008	0.0201172
-4.109944e-008	0.0193604
-4.107444e-008	0.0145508
-4.104944e-008	0.0159424
-4.102444e-008	0.0181152
-4.099944e-008	0.0291748
-4.097444e-008	0.0304443
-4.094944e-008	0.0227295
-4.092444e-008	0.0161377
-4.089944e-008	0.00695802
-4.087444e-008	0.011499
-4.084944e-008	0.0148193
-4.082444e-008	0.0117432
-4.079944e-008	0.0182617
-4.077444e-008	0.0144043
-4.074944e-008	0.00791016
-4.072444e-008	0.0218262
-4.069944e-008	0.0241211
-4.067444e-008	0.0188232
-4.064944e-008	0.0268799
-4.062444e-008	0.0209717
-4.059944e-008	0.0187744
-4.057444e-008	0.0244385
-4.054944e-008	0.0261719
-4.052444e-008	0.0313477
-4.049944e-008	0.0136719
-4.047444e-008	0.00480958
-4.044944e-008	0.016919
-4.042444e-008	0.00910645
-4.039944e-008	0.00527345
-4.037444e-008	0.020752
-4.034944e-008	0.0282959
-4.032444e-008	0.0195068
-4.029944e-008	0.0246094
-4.027444e-008	0.0326904
-4.024944e-008	0.0224854
-4.022444e-008	0.0263916
-4.019944e-008	0.0309082
-4.017444e-008	0.0238525
-4.014944e-008	0.0245117
-4.012444e-008	0.0350098
-4.009944e-008	0.0351807
-4.007444e-008	0.0112549
-4.004944e-008	0.022168
-4.002444e-008	0.0432129
-3.999944e-008	0.0148926
-3.997444e-008	0.00886231
-3.994944e-008	0.0265625
-3.992444e-008	0.0279053
-3.989944e-008	0.0291992
-3.987444e-008	0.0196533
-3.984944e-008	0.0168457
-3.982444e-008	0.0262451
-3.979944e-008	0.0212891
-3.977444e-008	0.0134033
-3.974944e-008	0.0103027
-3.972444e-008	0.018042
-3.969944e-008	0.0286377
-3.967444e-008	0.0193115
-3.964944e-008	0.0165772
-3.962444e-008	0.0314453
-3.959944e-008	0.0305176
-3.957444e-008	0.0187744
-3.954944e-008	0.0203613
-3.952444e-008	0.0268066
-3.949944e-008	0.022876
-3.947444e-008	0.016919
-3.944944e-008	0.0199219
-3.942444e-008	0.0236084
-3.939944e-008	0.0258789
-3.937444e-008	0.0313965
-3.934944e-008	0.0252686
-3.932444e-008	0.019751
-3.929944e-008	0.0231934
-3.927444e-008	0.012085
-3.924944e-008	0.013916
-3.922444e-008	0.0249024
-3.919944e-008	0.0175293
-3.917444e-008	0.0166748
-3.914944e-008	0.0125244
-3.912444e-008	0.0201904
-3.909944e-008	0.0434326
-3.907444e-008	0.0322266
-3.904944e-008	0.019751
-3.902444e-008	0.0230469
-3.899944e-008	0.0165527
-3.897444e-008	0.0183838
-3.894944e-008	0.0224854
-3.892444e-008	0.0328613
-3.889944e-008	0.0373291
-3.887444e-008	0.00854493
-3.884944e-008	0.00314942
-3.882444e-008	0.0228027
-3.879944e-008	0.0187012
-3.877444e-008	0.0163818
-3.874944e-008	0.021582
-3.872444e-008	0.0247559
-3.869944e-008	0.0282227
-3.867444e-008	0.0203857
-3.864944e-008	0.0162354
-3.862444e-008	0.0178711
-3.859944e-008	0.0156006
-3.857444e-008	0.0253906
-3.854944e-008	0.0303955
-3.852444e-008	0.0184082
-3.849944e-008	0.0153565
-3.847444e-008	0.0174561
-3.844944e-008	0.0163574
-3.842444e-008	0.0105225
-3.839944e-008	0.00910645
-3.837444e-008	0.0248047
-3.834944e-008	0.0261475
-3.832444e-008	0.0226074
-3.829944e-008	0.0232666
-3.827444e-008	0.00400391
-3.824944e-008	0.0113281
-3.822444e-008	0.0327149
-3.819944e-008	0.0207031
-3.817444e-008	0.0188232
-3.814944e-008	0.0277344
-3.812444e-008	0.0260498
-3.809944e-008	0.0292236
-3.807444e-008	0.0214844
-3.804944e-008	0.0134522
-3.802444e-008	0.0279541
-3.799944e-008	0.0315674
-3.797444e-008	0.0224854
-3.794944e-008	0.0178955
-3.792444e-008	0.0125244
-3.789944e-008	0.0171875
-3.787444e-008	0.0074463
-3.784944e-008	-0.00368652
-3.782444e-008	0.0167236
-3.779944e-008	0.0144043
-3.777444e-008	0.0043213
-3.774944e-008	0.0191406
-3.772444e-008	0.0240723
-3.769944e-008	0.0299805
-3.767444e-008	0.0246094
-3.764944e-008	0.00734864
-3.762444e-008	0.0168213
-3.759944e-008	0.0156494
-3.757444e-008	0.00292969
-3.754944e-008	0.0130615
-3.752444e-008	0.0163574
-3.749944e-008	0.012915
-3.747444e-008	0.0123779
-3.744944e-008	0.0129395
-3.742444e-008	0.0198731
-3.739944e-008	0.0166504
-3.737444e-008	0.0221436
-3.734944e-008	0.0275879
-3.732444e-008	0.0178223
-3.729944e-008	0.0271973
-3.727444e-008	0.0239746
-3.724944e-008	0.00961915
-3.722444e-008	0.0179932
-3.719944e-008	0.0192627
-3.717444e-008	0.0217529
-3.714944e-008	0.0222168
-3.712444e-008	0.0116943
-3.709944e-008	0.019751
-3.707444e-008	0.0262207
-3.704944e-008	0.0198486
-3.702444e-008	0.0163086
-3.699944e-008	0.0129639
-3.697444e-008	0.0111084
-3.694944e-008	0.0200928
-3.692444e-008	0.0383057
-3.689944e-008	0.030127
-3.687444e-008	0.0135498
-3.684944e-008	0.0256836
-3.682444e-008	0.0302246
-3.679944e-008	0.0238281
-3.677444e-008	0.0202637
-3.674944e-008	0.014502
-3.672444e-008	0.0204834
-3.669944e-008	0.0245117
-3.667444e-008	0.0123291
-3.664944e-008	0.0111572
-3.662444e-008	0.0229248
-3.659944e-008	0.0172119
-3.657444e-008	0.0105469
-3.654944e-008	0.017749
-3.652444e-008	0.0259766
-3.649944e-008	0.0300537
-3.647444e-008	0.0202881
-3.644944e-008	0.0188721
-3.642444e-008	0.0248535
-3.639944e-008	0.0188232
-3.637444e-008	0.0177979
-3.634944e-008	0.0178223
-3.632444e-008	0.0246826
-3.629944e-008	0.0267822
-3.627444e-008	0.0129883
-3.624944e-008	0.015625
-3.622444e-008	0.00717774
-3.619944e-008	0.000170906
-3.617444e-008	0.0306641
-3.614944e-008	0.0312744
-3.612444e-008	0.0110596
-3.609944e-008	0.0181152
-3.607444e-008	0.0208008
-3.604944e-008	0.0212891
-3.602444e-008	0.0190674
-3.599944e-008	0.00529786
-3.597444e-008	0.0121582
-3.594944e-008	0.0205078
-3.592444e-008	0.01875
-3.589944e-008	0.0236084
-3.587444e-008	0.0163574
-3.584944e-008	0.0229248
-3.582444e-008	0.030542
-3.579944e-008	0.0172119
-3.577444e-008	0.0265137
-3.574944e-008	0.0234863
-3.572444e-008	0.0129395
-3.569944e-008	0.0246582
-3.567444e-008	0.0187012
-3.564944e-008	0.0157471
-3.562444e-008	0.0163574
-3.559944e-008	0.0071045
-3.557444e-008	0.0137451
-3.554944e-008	0.0220703
-3.552444e-008	0.0321289
-3.549944e-008	0.0366699
-3.547444e-008	0.0170166
-3.544944e-008	0.0189941
-3.542444e-008	0.0327393
-3.539944e-008	0.0167969
-3.537444e-008	0.0140381
-3.534944e-008	0.0193115
-3.532444e-008	0.0174561
-3.529944e-008	0.0281738
-3.527444e-008	0.0229248
-3.524944e-008	0.0108154
-3.522444e-008	0.0142578
-3.519944e-008	0.0247559
-3.517444e-008	0.0338135
-3.514944e-008	0.0275147
-3.512444e-008	0.0292481
-3.509944e-008	0.0384766
-3.507444e-008	0.0196777
-3.504944e-008	0.00583497
-3.502444e-008	0.0158936
-3.499944e-008	0.0199463
-3.497444e-008	0.0251709
-3.494944e-008	0.0257568
-3.492444e-008	0.0158203
-3.489944e-008	0.0148193
-3.487444e-008	0.0196533
-3.484944e-008	0.0315186
-3.482444e-008	0.0319336
-3.479944e-008	0.0166992
-3.477444e-008	0.0223877
-3.474944e-008	0.0291504
-3.472444e-008	0.0230469
-3.469944e-008	0.019165
-3.467444e-008	0.00898438
-3.464944e-008	0.0114502
-3.462444e-008	0.0239746
-3.459944e-008	0.0240234
-3.457444e-008	0.0150147
-3.454944e-008	0.00930177
-3.452444e-008	0.0292725
-3.449944e-008	0.0335205
-3.447444e-008	0.00356446
-3.444944e-008	0.00156251
-3.442444e-008	0.0200684
-3.439944e-008	0.0245606
-3.437444e-008	0.020752
-3.434944e-008	0.0178467
-3.432444e-008	0.0216065
-3.429944e-008	0.0240234
-3.427444e-008	0.0163818
-3.424944e-008	0.0157959
-3.422444e-008	0.0273682
-3.419944e-008	0.0214111
-3.417444e-008	0.0151611
-3.414944e-008	0.0238281
-3.412444e-008	0.0192871
-3.409944e-008	0.01604
-3.407444e-008	0.0195557
-3.404944e-008	0.0216309
-3.402444e-008	0.0231445
-3.399944e-008	0.0182373
-3.397444e-008	0.0245361
-3.394944e-008	0.0255859
-3.392444e-008	0.0203857
-3.389944e-008	0.0282227
-3.387444e-008	0.0176025
-3.384944e-008	0.0172852
-3.382444e-008	0.0345947
-3.379944e-008	0.0253174
-3.377444e-008	0.0210205
-3.374944e-008	0.0151611
-3.372444e-008	0.00964356
-3.369944e-008	0.0346191
-3.367444e-008	0.0341553
-3.364944e-008	0.0150147
-3.362444e-008	0.0233643
-3.359944e-008	0.0267578
-3.357444e-008	0.0253906
-3.354944e-008	0.0320068
-3.352444e-008	0.0244873
-3.349944e-008	0.0216553
-3.347444e-008	0.0225586
-3.344944e-008	0.0153076
-3.342444e-008	0.0208252
-3.339944e-008	0.014502
-3.337444e-008	0.0138672
-3.334944e-008	0.0333252
-3.332444e-008	0.0260498
-3.329944e-008	0.0164307
-3.327444e-008	0.0122315
-3.324944e-008	0.0142822
-3.322444e-008	0.035791
-3.319944e-008	0.0323242
-3.317444e-008	0.0266846
-3.314944e-008	0.0328613
-3.312444e-008	0.0259277
-3.309944e-008	0.0263428
-3.307444e-008	0.0192139
-3.304944e-008	0.0143311
-3.302444e-008	0.0247803
-3.299944e-008	0.0246338
-3.297444e-008	0.0289307
-3.294944e-008	0.028125
-3.292444e-008	0.023877
-3.289944e-008	0.0291504
-3.287444e-008	0.0139649
-3.284944e-008	0.00534669
-3.282444e-008	0.0166016
-3.279944e-008	0.0170166
-3.277444e-008	0.0165772
-3.274944e-008	0.0172607
-3.272444e-008	0.0210938
-3.269944e-008	0.025293
-3.267444e-008	0.0138916
-3.264944e-008	0.0140381
-3.262444e-008	0.0247559
-3.259944e-008	0.0167725
-3.257444e-008	0.0115479
-3.254944e-008	0.0117676
-3.252444e-008	0.0219971
-3.249944e-008	0.0452393
-3.247444e-008	0.0228027
-3.244944e-008	-0.00612792
-3.242444e-008	0.015625
-3.239944e-008	0.0324951
-3.237444e-008	0.0363037
-3.234944e-008	0.0330811
-3.232444e-008	0.0231445
-3.229944e-008	0.0250488
-3.227444e-008	0.0255371
-3.224944e-008	0.0258545
-3.222444e-008	0.0232666
-3.219944e-008	0.0221924
-3.217444e-008	0.0223145
-3.214944e-008	0.0184326
-3.212444e-008	0.0295654
-3.209944e-008	0.0294678
-3.207444e-008	0.020459
-3.204944e-008	0.0234131
-3.202444e-008	0.0158203
-3.199944e-008	0.0204102
-3.197444e-008	0.0365723
-3.194944e-008	0.0288574
-3.192444e-008	0.023877
-3.189944e-008	0.027832
-3.187444e-008	0.0174316
-3.184944e-008	0.0135498
-3.182444e-008	0.0207275
-3.179944e-008	0.023999
-3.177444e-008	0.0296875
-3.174944e-008	0.0286377
-3.172444e-008	0.0177734
-3.169944e-008	0.01521
-3.167444e-008	0.0164063
-3.164944e-008	0.019458
-3.162444e-008	0.0304443
-3.159944e-008	0.0295654
-3.157444e-008	0.0233399
-3.154944e-008	0.0258301
-3.152444e-008	0.027002
-3.149944e-008	0.0274658
-3.147444e-008	0.0177979
-3.144944e-008	0.0151856
-3.142444e-008	0.0224365
-3.139944e-008	0.0160156
-3.137444e-008	0.0235352
-3.134944e-008	0.0224121
-3.132444e-008	0.00781251
-3.129944e-008	0.0232666
-3.127444e-008	0.029834
-3.124944e-008	0.0248779
-3.122444e-008	0.0290772
-3.119944e-008	0.0222168
-3.117444e-008	0.0232178
-3.114944e-008	0.0284668
-3.112444e-008	0.0236816
-3.109944e-008	0.0181641
-3.107444e-008	0.00996095
-3.104944e-008	0.0118164
-3.102444e-008	0.0107422
-3.099944e-008	0.00515137
-3.097444e-008	0.0157471
-3.094944e-008	0.0180664
-3.092444e-008	0.0281983
-3.089944e-008	0.0408203
-3.087444e-008	0.0159912
-3.084944e-008	0.0060547
-3.082444e-008	0.0272949
-3.079944e-008	0.0275391
-3.077444e-008	0.0137451
-3.074944e-008	0.0173584
-3.072444e-008	0.0295166
-3.069944e-008	0.0352783
-3.067444e-008	0.0309326
-3.064944e-008	0.021875
-3.062444e-008	0.0244385
-3.059944e-008	0.024585
-3.057444e-008	0.0168701
-3.054944e-008	0.0168213
-3.052444e-008	0.0196533
-3.049944e-008	0.0216065
-3.047444e-008	0.0183838
-3.044944e-008	0.0158447
-3.042444e-008	0.0202881
-3.039944e-008	0.0275391
-3.037444e-008	0.0279297
-3.034944e-008	0.00773927
-3.032444e-008	-0.00131835
-3.029944e-008	0.0152832
-3.027444e-008	0.0195801
-3.024944e-008	0.0167481
-3.022444e-008	0.0237061
-3.019944e-008	0.0235352
-3.017444e-008	0.0170899
-3.014944e-008	0.0255127
-3.012444e-008	0.0392822
-3.009944e-008	0.0323975
-3.007444e-008	0.0191406
-3.004944e-008	0.0147461
-3.002444e-008	0.015332
-2.999944e-008	0.0148193
-2.997444e-008	0.00827637
-2.994944e-008	0.0122803
-2.992444e-008	0.0262695
-2.989944e-008	0.0330322
-2.987444e-008	0.0217041
-2.984944e-008	0.00852052
-2.982444e-008	0.0165527
-2.979944e-008	0.0205811
-2.977444e-008	0.0177002
-2.974944e-008	0.0188232
-2.972444e-008	0.0241699
-2.969944e-008	0.0307861
-2.967444e-008	0.0147949
-2.964944e-008	0.00585938
-2.962444e-008	0.025
-2.959944e-008	0.0334717
-2.957444e-008	0.0269287
-2.954944e-008	0.0223633
-2.952444e-008	0.0137695
-2.949944e-008	0.0134766
-2.947444e-008	0.0210205
-2.944944e-008	0.0127441
-2.942444e-008	0.00964356
-2.939944e-008	0.00969239
-2.937444e-008	0.0159912
-2.934944e-008	0.0315918
-2.932444e-008	0.022583
-2.929944e-008	0.0176514
-2.927444e-008	0.0115967
-2.924944e-008	0.00568848
-2.922444e-008	0.023169
-2.919944e-008	0.0253662
-2.917444e-008	0.0296387
-2.914944e-008	0.0274902
-2.912444e-008	0.016919
-2.909944e-008	0.035791
-2.907444e-008	0.0356934
-2.904944e-008	0.0182861
-2.902444e-008	0.0171143
-2.899944e-008	0.0191406
-2.897444e-008	0.0210205
-2.894944e-008	0.0184082
-2.892444e-008	0.0221924
-2.889944e-008	0.0166748
-2.887444e-008	0.00390626
-2.884944e-008	0.0158447
-2.882444e-008	0.0130371
-2.879944e-008	0.00637208
-2.877444e-008	0.0294434
-2.874944e-008	0.0357178
-2.872444e-008	0.0312988
-2.869944e-008	0.0317383
-2.867444e-008	0.0256592
-2.864944e-008	0.0216553
-2.862444e-008	0.0170654
-2.859944e-008	0.0211182
-2.857444e-008	0.0239746
-2.854944e-008	0.0118897
-2.852444e-008	0.0110107
-2.849944e-008	0.0166016
-2.847444e-008	0.0134033
-2.844944e-008	0.020459
-2.842444e-008	0.0283691
-2.839944e-008	0.0199463
-2.837444e-008	0.010083
-2.834944e-008	0.0110107
-2.832444e-008	0.0227539
-2.829944e-008	0.0234375
-2.827444e-008	0.0105225
-2.824944e-008	0.012207
-2.822444e-008	0.0259522
-2.819944e-008	0.0292969
-2.817444e-008	0.013916
-2.814944e-008	0.00280762
-2.812444e-008	0.0123535
-2.809944e-008	0.0172363
-2.807444e-008	0.0043213
-2.804944e-008	0.00683595
-2.802444e-008	0.0277344
-2.799944e-008	0.023169
-2.797444e-008	0.0164307
-2.794944e-008	0.0305664
-2.792444e-008	0.0272217
-2.789944e-008	0.0146729
-2.787444e-008	0.0138184
-2.784944e-008	0.0193359
-2.782444e-008	0.0312988
-2.779944e-008	0.0333984
-2.777444e-008	0.0131104
-2.774944e-008	0.00373536
-2.772444e-008	0.0210205
-2.769944e-008	0.0229981
-2.767444e-008	0.011499
-2.764944e-008	0.0185059
-2.762444e-008	0.0270508
-2.759944e-008	0.0248291
-2.757444e-008	0.0172363
-2.754944e-008	0.0109863
-2.752444e-008	0.0229492
-2.749944e-008	0.038794
-2.747444e-008	0.0274658
-2.744944e-008	0.0156738
-2.742444e-008	0.0189453
-2.739944e-008	0.00603028
-2.737444e-008	0.00324708
-2.734944e-008	0.0199463
-2.732444e-008	0.0199463
-2.729944e-008	0.014209
-2.727444e-008	0.00891114
-2.724944e-008	0.0157715
-2.722444e-008	0.0287109
-2.719944e-008	0.00610352
-2.717444e-008	0.00156251
-2.714944e-008	0.0323486
-2.712444e-008	0.0275147
-2.709944e-008	0.0205322
-2.707444e-008	0.0290039
-2.704944e-008	0.019165
-2.702444e-008	0.0206787
-2.699944e-008	0.0220459
-2.697444e-008	0.0189941
-2.694944e-008	0.0343994
-2.692444e-008	0.0342774
-2.689944e-008	0.0253662
-2.687444e-008	0.0284424
-2.684944e-008	0.0230957
-2.682444e-008	0.0166016
-2.679944e-008	0.0215088
-2.677444e-008	0.0190674
-2.674944e-008	0.0135498
-2.672444e-008	0.0259766
-2.669944e-008	0.0245606
-2.667444e-008	0.000878914
-2.664944e-008	0.000903328
-2.662444e-008	0.0170899
-2.659944e-008	0.0205322
-2.657444e-008	0.0189941
-2.654944e-008	0.0175781
-2.652444e-008	0.023999
-2.649944e-008	0.0383789
-2.647444e-008	0.0315674
-2.644944e-008	0.0148926
-2.642444e-008	0.0154053
-2.639944e-008	0.0209229
-2.637444e-008	0.0255371
-2.634944e-008	0.0232666
-2.632444e-008	0.0269775
-2.629944e-008	0.0373535
-2.627444e-008	0.0267822
-2.624944e-008	0.0171387
-2.622444e-008	0.0170166
-2.619944e-008	0.0219727
-2.617444e-008	0.0292481
-2.614944e-008	0.0274658
-2.612444e-008	0.0393555
-2.609944e-008	0.0260742
-2.607444e-008	0.002417
-2.604944e-008	0.0220459
-2.602444e-008	0.016626
-2.599944e-008	0.0118897
-2.597444e-008	0.0352051
-2.594944e-008	0.0236328
-2.592444e-008	0.0141113
-2.589944e-008	0.023169
-2.587444e-008	0.0189453
-2.584944e-008	0.0112549
-2.582444e-008	0.0193115
-2.579944e-008	0.0300293
-2.577444e-008	0.0203613
-2.574944e-008	0.0117432
-2.572444e-008	0.0136963
-2.569944e-008	0.0157227
-2.567444e-008	0.0160889
-2.564944e-008	0.0194336
-2.562444e-008	0.0244873
-2.559944e-008	0.018335
-2.557444e-008	0.0203125
-2.554944e-008	0.0249268
-2.552444e-008	0.0220703
-2.549944e-008	0.0293213
-2.547444e-008	0.0149414
-2.544944e-008	0.00288087
-2.542444e-008	0.0240967
-2.539944e-008	0.0166016
-2.537444e-008	-0.00490722
-2.534944e-008	0.00871583
-2.532444e-008	0.0300049
-2.529944e-008	0.035083
-2.527444e-008	0.0318848
-2.524944e-008	0.0313233
-2.522444e-008	0.0279053
-2.519944e-008	0.0230469
-2.517444e-008	0.0237793
-2.514944e-008	0.0212647
-2.512444e-008	0.0231201
-2.509944e-008	0.0308106
-2.507444e-008	0.0240723
-2.504944e-008	0.0147705
-2.502444e-008	0.0158203
-2.499944e-008	0.0154541
-2.497444e-008	0.0243897
-2.494944e-008	0.0303467
-2.492444e-008	0.0173584
-2.489944e-008	0.0182373
-2.487444e-008	0.0249512
-2.484944e-008	0.0189697
-2.482444e-008	0.0187012
-2.479944e-008	0.0154297
-2.477444e-008	0.00947266
-2.474944e-008	0.0191895
-2.472444e-008	0.033252
-2.469944e-008	0.0280518
-2.467444e-008	0.012085
-2.464944e-008	0.0128174
-2.462444e-008	0.0260498
-2.459944e-008	0.0306397
-2.457444e-008	0.0215332
-2.454944e-008	0.0149658
-2.452444e-008	0.0203369
-2.449944e-008	0.022168
-2.447444e-008	0.0206543
-2.444944e-008	0.0254639
-2.442444e-008	0.027832
-2.439944e-008	0.0219727
-2.437444e-008	0.0198731
-2.434944e-008	0.0286377
-2.432444e-008	0.0367188
-2.429944e-008	0.0336182
-2.427444e-008	0.0207031
-2.424944e-008	0.0162354
-2.422444e-008	0.0212891
-2.419944e-008	0.0184815
-2.417444e-008	0.0167236
-2.414944e-008	0.0128906
-2.412444e-008	0.0124756
-2.409944e-008	0.0266602
-2.407444e-008	0.0213379
-2.404944e-008	0.0100098
-2.402444e-008	0.0131348
-2.399944e-008	0.011084
-2.397444e-008	0.0227539
-2.394944e-008	0.0349365
-2.392444e-008	0.0316895
-2.389944e-008	0.032959
-2.387444e-008	0.023291
-2.384944e-008	0.0156494
-2.382444e-008	0.0253418
-2.379944e-008	0.0352051
-2.377444e-008	0.0349365
-2.374944e-008	0.0185547
-2.372444e-008	0.011377
-2.369944e-008	0.0197754
-2.367444e-008	0.0268555
-2.364944e-008	0.0268799
-2.362444e-008	0.021582
-2.359944e-008	0.0219971
-2.357444e-008	0.00952149
-2.354944e-008	0.00600587
-2.352444e-008	0.0312744
-2.349944e-008	0.0312988
-2.347444e-008	0.0203613
-2.344944e-008	0.024292
-2.342444e-008	0.0145508
-2.339944e-008	0.00893555
-2.337444e-008	0.0212891
-2.334944e-008	0.0286377
-2.332444e-008	0.0250977
-2.329944e-008	0.0138916
-2.327444e-008	0.00769044
-2.324944e-008	0.0171387
-2.322444e-008	0.0173096
-2.319944e-008	0.0125244
-2.317444e-008	0.0175049
-2.314944e-008	0.0135986
-2.312444e-008	0.0255371
-2.309944e-008	0.0293701
-2.307444e-008	-0.00371093
-2.304944e-008	0.00175782
-2.302444e-008	0.0195557
-2.299944e-008	0.00534669
-2.297444e-008	0.0117676
-2.294944e-008	0.0193115
-2.292444e-008	0.014209
-2.289944e-008	0.00952149
-2.287444e-008	0.00246583
-2.284944e-008	0.0186768
-2.282444e-008	0.0293457
-2.279944e-008	0.0189697
-2.277444e-008	0.0241211
-2.274944e-008	0.034082
-2.272444e-008	0.0233154
-2.269944e-008	0.00891114
-2.267444e-008	0.018457
-2.264944e-008	0.0249024
-2.262444e-008	0.00915528
-2.259944e-008	0.00410157
-2.257444e-008	0.0153809
-2.254944e-008	0.0112061
-2.252444e-008	0.0106445
-2.249944e-008	0.0318604
-2.247444e-008	0.0155762
-2.244944e-008	-0.000634758
-2.242444e-008	0.0225098
-2.239944e-008	0.014209
-2.237444e-008	0.00895997
-2.234944e-008	0.0307129
-2.232444e-008	0.0261963
-2.229944e-008	0.0182129
-2.227444e-008	0.0248291
-2.224944e-008	0.0167725
-2.222444e-008	0.00593262
-2.219944e-008	0.017749
-2.217444e-008	0.0222656
-2.214944e-008	0.0101563
-2.212444e-008	0.0234375
-2.209944e-008	0.0455078
-2.207444e-008	0.0234131
-2.204944e-008	0.00166016
-2.202444e-008	0.0172607
-2.199944e-008	0.0187988
-2.197444e-008	0.0232178
-2.194944e-008	0.0333984
-2.192444e-008	0.017627
-2.189944e-008	0.0172363
-2.187444e-008	0.0239014
-2.184944e-008	0.0215088
-2.182444e-008	0.0256104
-2.179944e-008	0.0186524
-2.177444e-008	0.015625
-2.174944e-008	0.0262207
-2.172444e-008	0.0209229
-2.169944e-008	0.0148438
-2.167444e-008	0.022583
-2.164944e-008	0.0210938
-2.162444e-008	0.013208
-2.159944e-008	0.00881348
-2.157444e-008	0.0156738
-2.154944e-008	0.0290527
-2.152444e-008	0.0331543
-2.149944e-008	0.0266358
-2.147444e-008	0.0171631
-2.144944e-008	0.025415
-2.142444e-008	0.0276611
-2.139944e-008	0.0165039
-2.137444e-008	0.021582
-2.134944e-008	0.020752
-2.132444e-008	0.0232178
-2.129944e-008	0.0343506
-2.127444e-008	0.020752
-2.124944e-008	0.00793458
-2.122444e-008	0.0111816
-2.119944e-008	0.0166992
-2.117444e-008	0.0222656
-2.114944e-008	0.015918
-2.112444e-008	0.0183594
-2.109944e-008	0.0255371
-2.107444e-008	0.0174072
-2.104944e-008	0.0259766
-2.102444e-008	0.0311524
-2.099944e-008	0.0245361
-2.097444e-008	0.0316406
-2.094944e-008	0.0276367
-2.092444e-008	0.0294434
-2.089944e-008	0.0324707
-2.087444e-008	0.00666505
-2.084944e-008	0.000122078
-2.082444e-008	0.0194336
-2.079944e-008	0.0273926
-2.077444e-008	0.0237549
-2.074944e-008	0.0170654
-2.072444e-008	0.0242188
-2.069944e-008	0.0254883
-2.067444e-008	0.0125244
-2.064944e-008	0.0300293
-2.062444e-008	0.0397217
-2.059944e-008	0.0126709
-2.057444e-008	0.0113037
-2.054944e-008	0.0305664
-2.052444e-008	0.0335693
-2.049944e-008	0.0210693
-2.047444e-008	0.00729981
-2.044944e-008	0.0172363
-2.042444e-008	0.0243164
-2.039944e-008	0.0119873
-2.037444e-008	0.0217041
-2.034944e-008	0.0373047
-2.032444e-008	0.0323975
-2.029944e-008	0.0246094
-2.027444e-008	0.0161621
-2.024944e-008	0.0209473
-2.022444e-008	0.0283691
-2.019944e-008	0.0199707
-2.017444e-008	0.019458
-2.014944e-008	0.0130859
-2.012444e-008	0.0164307
-2.009944e-008	0.032959
-2.007444e-008	0.00634766
-2.004944e-008	-0.0067871
-2.002444e-008	0.0172119
-1.999944e-008	0.0229736
-1.997444e-008	0.0239014
-1.994944e-008	0.0200928
-1.992444e-008	0.0273682
-1.989944e-008	0.0371094
-1.987444e-008	0.0195068
-1.984944e-008	0.0204102
-1.982444e-008	0.0212891
-1.979944e-008	0.00800782
-1.977444e-008	0.0236328
-1.974944e-008	0.0297852
-1.972444e-008	0.0190918
-1.969944e-008	0.0290039
-1.967444e-008	0.0299072
-1.964944e-008	0.0207031
-1.962444e-008	0.0231445
-1.959944e-008	0.019165
-1.957444e-008	0.01875
-1.954944e-008	0.0182617
-1.952444e-008	0.0175049
-1.949944e-008	0.0351074
-1.947444e-008	0.0281494
-1.944944e-008	0.0103272
-1.942444e-008	0.0168701
-1.939944e-008	0.0134033
-1.937444e-008	0.0178955
-1.934944e-008	0.0261231
-1.932444e-008	0.0167725
-1.929944e-008	0.0221191
-1.927444e-008	0.0233643
-1.924944e-008	0.0326172
-1.922444e-008	0.050415
-1.919944e-008	0.0209473
-1.917444e-008	0.00166016
-1.914944e-008	0.0166992
-1.912444e-008	0.0166748
-1.909944e-008	0.0169678
-1.907444e-008	0.0155518
-1.904944e-008	0.0137695
-1.902444e-008	0.0244629
-1.899944e-008	0.0296875
-1.897444e-008	0.0266602
-1.894944e-008	0.0187744
-1.892444e-008	0.0179688
-1.889944e-008	0.0201416
-1.887444e-008	0.00317384
-1.884944e-008	0.00827637
-1.882444e-008	0.0340088
-1.879944e-008	0.023291
-1.877444e-008	0.0139649
-1.874944e-008	0.0206543
-1.872444e-008	0.0207031
-1.869944e-008	0.0267822
-1.867444e-008	0.0140869
-1.864944e-008	0.00283204
-1.862444e-008	0.0196289
-1.859944e-008	0.0214111
-1.857444e-008	0.0136475
-1.854944e-008	0.0202393
-1.852444e-008	0.0258301
-1.849944e-008	0.0346924
-1.847444e-008	0.0407959
-1.844944e-008	0.026416
-1.842444e-008	0.0163818
-1.839944e-008	0.00944825
-1.837444e-008	0.00734864
-1.834944e-008	0.0257324
-1.832444e-008	0.0262695
-1.829944e-008	0.0160156
-1.827444e-008	0.0135986
-1.824944e-008	0.008667
-1.822444e-008	0.0166016
-1.819944e-008	0.0273193
-1.817444e-008	0.018335
-1.814944e-008	0.00246583
-1.812444e-008	0.0169434
-1.809944e-008	0.0335693
-1.807444e-008	0.0146973
-1.804944e-008	0.012915
-1.802444e-008	0.0253662
-1.799944e-008	0.0183594
-1.797444e-008	0.017334
-1.794944e-008	0.0237549
-1.792444e-008	0.027417
-1.789944e-008	0.0244629
-1.787444e-008	0.0172119
-1.784944e-008	0.0211914
-1.782444e-008	0.0241455
-1.779944e-008	0.0174561
-1.777444e-008	0.0211426
-1.774944e-008	0.0280029
-1.772444e-008	0.0190674
-1.769944e-008	0.0161377
-1.767444e-008	0.0202881
-1.764944e-008	0.0130615
-1.762444e-008	0.0230225
-1.759944e-008	0.0334229
-1.757444e-008	0.0144043
-1.754944e-008	0.013794
-1.752444e-008	0.0245606
-1.749944e-008	0.0185547
-1.747444e-008	0.0215332
-1.744944e-008	0.0189209
-1.742444e-008	0.0181397
-1.739944e-008	0.0303223
-1.737444e-008	0.0134522
-1.734944e-008	0.00593262
-1.732444e-008	0.0310059
-1.729944e-008	0.0313233
-1.727444e-008	0.0249268
-1.724944e-008	0.0242432
-1.722444e-008	0.014917
-1.719944e-008	0.0196777
-1.717444e-008	0.0250733
-1.714944e-008	0.0225098
-1.712444e-008	0.0187988
-1.709944e-008	0.0143066
-1.707444e-008	0.0209717
-1.704944e-008	0.0248779
-1.702444e-008	0.0154297
-1.699944e-008	0.0117676
-1.697444e-008	0.0173096
-1.694944e-008	0.0131836
-1.692444e-008	0.0182129
-1.689944e-008	0.0389893
-1.687444e-008	0.0270508
-1.684944e-008	0.00783692
-1.682444e-008	0.0178711
-1.679944e-008	0.0187988
-1.677444e-008	0.0149414
-1.674944e-008	0.0298828
-1.672444e-008	0.0386475
-1.669944e-008	0.0291504
-1.667444e-008	0.0190674
-1.664944e-008	0.0145752
-1.662444e-008	0.0117432
-1.659944e-008	0.0126953
-1.657444e-008	0.0166504
-1.654944e-008	0.0159424
-1.652444e-008	0.0213379
-1.649944e-008	0.0402344
-1.647444e-008	0.0388916
-1.644944e-008	0.0235352
-1.642444e-008	0.0298828
-1.639944e-008	0.0354004
-1.637444e-008	0.0231445
-1.634944e-008	0.0106201
-1.632444e-008	0.0205566
-1.629944e-008	0.0361328
-1.627444e-008	0.0188965
-1.624944e-008	0.0108643
-1.622444e-008	0.0183594
-1.619944e-008	0.00976563
-1.617444e-008	0.0234131
-1.614944e-008	0.0263672
-1.612444e-008	0.00544434
-1.609944e-008	0.0137695
-1.607444e-008	0.0176025
-1.604944e-008	0.0211914
-1.602444e-008	0.0366943
-1.599944e-008	0.0270996
-1.597444e-008	0.0161133
-1.594944e-008	0.0168457
-1.592444e-008	0.0250244
-1.589944e-008	0.0309082
-1.587444e-008	0.017749
-1.584944e-008	0.0164063
-1.582444e-008	0.0264893
-1.579944e-008	0.0233399
-1.577444e-008	0.0173828
-1.574944e-008	0.0189209
-1.572444e-008	0.0343994
-1.569944e-008	0.0383545
-1.567444e-008	0.0104981
-1.564944e-008	-0.000878899
-1.562444e-008	0.0184815
-1.559944e-008	0.0244385
-1.557444e-008	0.0178711
-1.554944e-008	0.0203369
-1.552444e-008	0.028125
-1.549944e-008	0.0357422
-1.547444e-008	0.0351563
-1.544944e-008	0.0259277
-1.542444e-008	0.0134766
-1.539944e-008	0.00151368
-1.537444e-008	0.0114258
-1.534944e-008	0.0241699
-1.532444e-008	0.0177734
-1.529944e-008	0.0217529
-1.527444e-008	0.0137451
-1.524944e-008	-0.000512688
-1.522444e-008	0.0133789
-1.519944e-008	0.0133789
-1.517444e-008	0.0142578
-1.514944e-008	0.0249512
-1.512444e-008	0.0210938
-1.509944e-008	0.0342774
-1.507444e-008	0.0348877
-1.504944e-008	0.021167
-1.502444e-008	0.0297119
-1.499944e-008	0.0228272
-1.497444e-008	0.0100098
-1.494944e-008	0.0147949
-1.492444e-008	0.028125
-1.489944e-008	0.0346924
-1.487444e-008	0.0167481
-1.484944e-008	0.0142578
-1.482444e-008	0.0246582
-1.479944e-008	0.0164795
-1.477444e-008	0.0214844
-1.474944e-008	0.0298828
-1.472444e-008	0.0170899
-1.469944e-008	0.0133057
-1.467444e-008	0.0280762
-1.464944e-008	0.0291748
-1.462444e-008	0.0173096
-1.459944e-008	0.0155274
-1.457444e-008	0.0236328
-1.454944e-008	0.0345703
-1.452444e-008	0.0294678
-1.449944e-008	0.027832
-1.447444e-008	0.0359619
-1.444944e-008	0.0220703
-1.442444e-008	0.0216309
-1.439944e-008	0.0270996
-1.437444e-008	0.0174072
-1.434944e-008	0.0197022
-1.432444e-008	0.0219238
-1.429944e-008	0.0250488
-1.427444e-008	0.0135742
-1.424944e-008	0.00532227
-1.422444e-008	0.0302979
-1.419944e-008	0.0325684
-1.417444e-008	0.0186279
-1.414944e-008	0.013794
-1.412444e-008	0.0127441
-1.409944e-008	0.0259522
-1.407444e-008	0.026709
-1.404944e-008	0.0172363
-1.402444e-008	0.0194824
-1.399944e-008	0.0240723
-1.397444e-008	0.0305176
-1.394944e-008	0.033667
-1.392444e-008	0.0287354
-1.389944e-008	0.0219971
-1.387444e-008	0.0143555
-1.384944e-008	0.0171143
-1.382444e-008	0.0268555
-1.379944e-008	0.0228272
-1.377444e-008	0.02146
-1.374944e-008	0.0202637
-1.372444e-008	0.0027588
-1.369944e-008	0.00786134
-1.367444e-008	0.0227295
-1.364944e-008	0.0102783
-1.362444e-008	0.0119873
-1.359944e-008	0.0297119
-1.357444e-008	0.0255371
-1.354944e-008	0.0148926
-1.352444e-008	0.0176025
-1.349944e-008	0.0219971
-1.347444e-008	0.0262695
-1.344944e-008	0.0334961
-1.342444e-008	0.0246582
-1.339944e-008	0.0263672
-1.337444e-008	0.0368897
-1.334944e-008	0.00817872
-1.332444e-008	0.00500489
-1.329944e-008	0.0262695
-1.327444e-008	0.00734864
-1.324944e-008	0.00927735
-1.322444e-008	0.0253174
-1.319944e-008	0.0237793
-1.317444e-008	0.0293701
-1.314944e-008	0.0210449
-1.312444e-008	0.0201172
-1.309944e-008	0.0299805
-1.307444e-008	0.0157715
-1.304944e-008	0.0147705
-1.302444e-008	0.0272949
-1.299944e-008	0.0225586
-1.297444e-008	0.0239258
-1.294944e-008	0.0243164
-1.292444e-008	0.0225098
-1.289944e-008	0.0361084
-1.287444e-008	0.0325195
-1.284944e-008	0.0172607
-1.282444e-008	0.0118164
-1.279944e-008	0.011499
-1.277444e-008	0.0260986
-1.274944e-008	0.0284424
-1.272444e-008	0.0008545
-1.269944e-008	-0.00388183
-1.267444e-008	0.0181397
-1.264944e-008	0.0193359
-1.262444e-008	0.0217285
-1.259944e-008	0.024707
-1.257444e-008	0.0103516
-1.254944e-008	0.0202393
-1.252444e-008	0.0299561
-1.249944e-008	0.015625
-1.247444e-008	0.0138916
-1.244944e-008	0.0194336
-1.242444e-008	0.0142334
-1.239944e-008	0.0119629
-1.237444e-008	0.0223389
-1.234944e-008	0.0199707
-1.232444e-008	0.0202149
-1.229944e-008	0.0316406
-1.227444e-008	0.0133545
-1.224944e-008	0.010791
-1.222444e-008	0.031665
-1.219944e-008	0.0230469
-1.217444e-008	0.013501
-1.214944e-008	0.0074463
-1.212444e-008	0.0043213
-1.209944e-008	0.0137451
-1.207444e-008	0.0182129
-1.204944e-008	0.0275635
-1.202444e-008	0.0264404
-1.199944e-008	0.02146
-1.197444e-008	0.0263184
-1.194944e-008	0.015332
-1.192444e-008	0.0195557
-1.189944e-008	0.0305176
-1.187444e-008	0.0210693
-1.184944e-008	0.0246582
-1.182444e-008	0.0161621
-1.179944e-008	0.0098877
-1.177444e-008	0.0357666
-1.174944e-008	0.0257813
-1.172444e-008	0.011792
-1.169944e-008	0.0287354
-1.167444e-008	0.0174316
-1.164944e-008	0.0148682
-1.162444e-008	0.0268066
-1.159944e-008	0.0159424
-1.157444e-008	0.0210205
-1.154944e-008	0.0366943
-1.152444e-008	0.0382568
-1.149944e-008	0.0292969
-1.147444e-008	0.0203613
-1.144944e-008	0.0251709
-1.142444e-008	0.0231934
-1.139944e-008	0.0147705
-1.137444e-008	0.023877
-1.134944e-008	0.0263916
-1.132444e-008	0.0189209
-1.129944e-008	0.0283447
-1.127444e-008	0.0274658
-1.124944e-008	0.0205811
-1.122444e-008	0.0286621
-1.119944e-008	0.0208252
-1.117444e-008	0.0126465
-1.114944e-008	0.0168457
-1.112444e-008	0.0238525
-1.109944e-008	0.0290283
-1.107444e-008	0.0158447
-1.104944e-008	0.0191406
-1.102444e-008	0.0293457
-1.099944e-008	0.0204346
-1.097444e-008	0.0296631
-1.094944e-008	0.0318604
-1.092444e-008	0.0157959
-1.089944e-008	0.0157227
-1.087444e-008	0.0175293
-1.084944e-008	0.0208008
-1.082444e-008	0.0240479
-1.079944e-008	0.0128174
-1.077444e-008	0.0155518
-1.074944e-008	0.0319336
-1.072444e-008	0.0291504
-1.069944e-008	0.0222412
-1.067444e-008	0.0265625
-1.064944e-008	0.0222656
-1.062444e-008	0.014917
-1.059944e-008	0.0203369
-1.057444e-008	0.0257568
-1.054944e-008	0.0302979
-1.052444e-008	0.0299561
-1.049944e-008	0.0138184
-1.047444e-008	0.0144775
-1.044944e-008	0.0256592
-1.042444e-008	0.0175049
-1.039944e-008	0.0188721
-1.037444e-008	0.0287354
-1.034944e-008	0.0209717
-1.032444e-008	0.01521
-1.029944e-008	0.0289795
-1.027444e-008	0.0297608
-1.024944e-008	0.013916
-1.022444e-008	0.0167725
-1.019944e-008	0.0186279
-1.017444e-008	0.0136475
-1.014944e-008	0.0250733
-1.012444e-008	0.0338867
-1.009944e-008	0.0261719
-1.007444e-008	0.0118652
-1.004944e-008	0.00844727
-1.002444e-008	0.0242188
-9.999436e-009	0.0320068
-9.974436e-009	0.0170654
-9.949436e-009	0.00949708
-9.924436e-009	0.0157715
-9.899436e-009	0.0217529
-9.874436e-009	0.0215576
-9.849436e-009	0.0142334
-9.824436e-009	0.0188721
-9.799436e-009	0.0244873
-9.774436e-009	0.0228516
-9.749436e-009	0.0210693
-9.724436e-009	0.0129883
-9.699436e-009	0.0190186
-9.674436e-009	0.0206299
-9.649436e-009	0.0145996
-9.624436e-009	0.024292
-9.599436e-009	0.0167725
-9.574436e-009	0.00922852
-9.549436e-009	0.0191895
-9.524436e-009	0.0223877
-9.499436e-009	0.0231934
-9.474436e-009	0.0232666
-9.449436e-009	0.027124
-9.424436e-009	0.0261475
-9.399436e-009	0.017041
-9.374436e-009	0.0167236
-9.349436e-009	0.0265625
-9.324436e-009	0.0298584
-9.299436e-009	0.0102539
-9.274436e-009	0.0160645
-9.249436e-009	0.0384766
-9.224436e-009	0.0161133
-9.199436e-009	0.0112793
-9.174436e-009	0.0312988
-9.149436e-009	0.0152588
-9.124436e-009	0.00573731
-9.099436e-009	0.0181152
-9.074436e-009	0.0162842
-9.049436e-009	0.0127441
-9.024436e-009	0.0145508
-8.999436e-009	0.0176514
-8.974436e-009	0.0248535
-8.949436e-009	0.0135498
-8.924436e-009	0.00615235
-8.899436e-009	0.0240234
-8.874436e-009	0.0155274
-8.849436e-009	0.00610352
-8.824436e-009	0.0286865
-8.799436e-009	0.0253418
-8.774436e-009	0.0104248
-8.749436e-009	0.0177734
-8.724436e-009	0.0271484
-8.699436e-009	0.0332764
-8.674436e-009	0.0263428
-8.649436e-009	0.0208008
-8.624436e-009	0.0199951
-8.599436e-009	0.0109131
-8.574436e-009	0.0198486
-8.549436e-009	0.0253174
-8.524436e-009	0.01875
-8.499436e-009	0.0299561
-8.474436e-009	0.0317139
-8.449436e-009	0.020044
-8.424436e-009	0.00927735
-8.399436e-009	0.00759278
-8.374436e-009	0.0280518
-8.349436e-009	0.0314209
-8.324436e-009	0.0220215
-8.299436e-009	0.0276123
-8.274436e-009	0.0109619
-8.249436e-009	0.0109375
-8.224436e-009	0.0368408
-8.199436e-009	0.0188232
-8.174436e-009	0.0129639
-8.149436e-009	0.0309326
-8.124436e-009	0.021167
-8.099436e-009	0.0203857
-8.074436e-009	0.026294
-8.049436e-009	0.0283936
-8.024436e-009	0.0301025
-7.999436e-009	0.01521
-7.974436e-009	0.0097168
-7.949436e-009	0.0195801
-7.924436e-009	0.0229004
-7.899436e-009	0.0216309
-7.874436e-009	0.0199463
-7.849436e-009	0.0268066
-7.824436e-009	0.0346924
-7.799436e-009	0.0223145
-7.774436e-009	0.0141846
-7.749436e-009	0.0216309
-7.724436e-009	0.0259522
-7.699436e-009	0.0241211
-7.674436e-009	0.0174561
-7.649436e-009	0.0184815
-7.624436e-009	0.018042
-7.599436e-009	0.0150147
-7.574436e-009	0.0232422
-7.549436e-009	0.0229248
-7.524436e-009	0.0209717
-7.499436e-009	0.0230713
-7.474436e-009	0.0202637
-7.449436e-009	0.0248779
-7.424436e-009	0.0247803
-7.399436e-009	0.0175293
-7.374436e-009	0.0207031
-7.349436e-009	0.0216553
-7.324436e-009	0.0243652
-7.299436e-009	0.034082
-7.274436e-009	0.0203857
-7.249436e-009	0.0058838
-7.224436e-009	0.0145996
-7.199436e-009	0.0206543
-7.174436e-009	0.0289795
-7.149436e-009	0.0341065
-7.124436e-009	0.0306397
-7.099436e-009	0.0283203
-7.074436e-009	0.0187988
-7.049436e-009	0.0168213
-7.024436e-009	0.018042
-6.999436e-009	0.0133545
-6.974436e-009	0.025708
-6.949436e-009	0.0356934
-6.924436e-009	0.0350586
-6.899436e-009	0.0371582
-6.874436e-009	0.0209717
-6.849436e-009	0.0165772
-6.824436e-009	0.0297852
-6.799436e-009	0.0177979
-6.774436e-009	0.0163574
-6.749436e-009	0.0270752
-6.724436e-009	0.019165
-6.699436e-009	0.0201416
-6.674436e-009	0.0256592
-6.649436e-009	0.0152344
-6.624436e-009	0.0129883
-6.599436e-009	0.0262207
-6.574436e-009	0.0246582
-6.549436e-009	0.0199219
-6.524436e-009	0.025415
-6.499436e-009	0.0152588
-6.474436e-009	0.00310059
-6.449436e-009	0.0125488
-6.424436e-009	0.0251221
-6.399436e-009	0.0174805
-6.374436e-009	0.00620118
-6.349436e-009	0.0141113
-6.324436e-009	0.030542
-6.299436e-009	0.0367676
-6.274436e-009	0.0236572
-6.249436e-009	0.0113037
-6.224436e-009	0.0109619
-6.199436e-009	0.0160645
-6.174436e-009	0.0239014
-6.149436e-009	0.0203857
-6.124436e-009	0.0191162
-6.099436e-009	0.0229981
-6.074436e-009	0.0221436
-6.049436e-009	0.0291748
-6.024436e-009	0.0273926
-5.999436e-009	0.0179199
-5.974436e-009	0.0139649
-5.949436e-009	0.0102295
-5.924436e-009	0.0198242
-5.899436e-009	0.0297119
-5.874436e-009	0.0204834
-5.849436e-009	0.0125
-5.824436e-009	0.0134766
-5.799436e-009	0.010791
-5.774436e-009	0.00734864
-5.749436e-009	0.0130127
-5.724436e-009	0.026709
-5.699436e-009	0.027417
-5.674436e-009	0.0157471
-5.649436e-009	0.0190918
-5.624436e-009	0.0216065
-5.599436e-009	0.0145996
-5.574436e-009	0.015332
-5.549436e-009	0.013501
-5.524436e-009	0.0148438
-5.499436e-009	0.0270996
-5.474436e-009	0.0293457
-5.449436e-009	0.0190674
-5.424436e-009	0.0138428
-5.399436e-009	0.0102051
-5.374436e-009	0.0102783
-5.349436e-009	0.0219482
-5.324436e-009	0.0292481
-5.299436e-009	0.0271484
-5.274436e-009	0.0227539
-5.249436e-009	0.0259766
-5.224436e-009	0.0231201
-5.199436e-009	0.0112061
-5.174436e-009	0.0237061
-5.149436e-009	0.0296143
-5.124436e-009	0.0227783
-5.099436e-009	0.035791
-5.074436e-009	0.0304932
-5.049436e-009	0.0190674
-5.024436e-009	0.0272949
-4.999436e-009	0.0210205
-4.974436e-009	0.0178467
-4.949436e-009	0.0190674
-4.924436e-009	0.0130371
-4.899436e-009	0.0268311
-4.874436e-009	0.0317383
-4.849436e-009	0.0219482
-4.824436e-009	0.0187988
-4.799436e-009	0.0152344
-4.774436e-009	0.0256836
-4.749436e-009	0.0217285
-4.724436e-009	0.0117432
-4.699436e-009	0.0337891
-4.674436e-009	0.0325928
-4.649436e-009	0.00981446
-4.624436e-009	0.0186035
-4.599436e-009	0.0326416
-4.574436e-009	0.0237549
-4.549436e-009	0.0192871
-4.524436e-009	0.0313721
-4.499436e-009	0.0289551
-4.474436e-009	0.01521
-4.449436e-009	0.0148438
-4.424436e-009	0.0212647
-4.399436e-009	0.0228516
-4.374436e-009	0.0139404
-4.349436e-009	0.0129395
-4.324436e-009	0.0317383
-4.299436e-009	0.0293701
-4.274436e-009	0.0008545
-4.249436e-009	0.0020752
-4.224436e-009	0.0219482
-4.199436e-009	0.0213623
-4.174436e-009	0.0191895
-4.149436e-009	0.0108887
-4.124436e-009	0.0134766
-4.099436e-009	0.0416992
-4.074436e-009	0.0371094
-4.049436e-009	0.0187744
-4.024436e-009	0.0195313
-3.999436e-009	0.0121582
-3.974436e-009	0.0113037
-3.949436e-009	0.0183106
-3.924436e-009	0.0218506
-3.899436e-009	0.0232422
-3.874436e-009	0.0128662
-3.849436e-009	0.0084961
-3.824436e-009	0.0150635
-3.799436e-009	0.0152832
-3.774436e-009	0.010669
-3.749436e-009	0.0127441
-3.724436e-009	0.0219971
-3.699436e-009	0.0220215
-3.674436e-009	0.0203125
-3.649436e-009	0.0245361
-3.624436e-009	0.0273438
-3.599436e-009	0.0234131
-3.574436e-009	0.0144531
-3.549436e-009	0.0165283
-3.524436e-009	0.0154541
-3.499436e-009	0.0142822
-3.474436e-009	0.020166
-3.449436e-009	0.0165527
-3.424436e-009	0.0182617
-3.399436e-009	0.0169678
-3.374436e-009	0.0120361
-3.349436e-009	0.0181152
-3.324436e-009	0.0265869
-3.299436e-009	0.0303467
-3.274436e-009	0.0236084
-3.249436e-009	0.0199219
-3.224436e-009	0.0186035
-3.199436e-009	0.0247559
-3.174436e-009	0.0296387
-3.149436e-009	0.00954591
-3.124436e-009	0.0065918
-3.099436e-009	0.0250244
-3.074436e-009	0.0301514
-3.049436e-009	0.0324219
-3.024436e-009	0.034375
-2.999436e-009	0.0253418
-2.974436e-009	0.0154297
-2.949436e-009	0.0168213
-2.924436e-009	0.0224121
-2.899436e-009	0.0228272
-2.874436e-009	0.0154297
-2.849436e-009	0.0162109
-2.824436e-009	0.0259277
-2.799436e-009	0.0232422
-2.774436e-009	0.0243652
-2.749436e-009	0.0323975
-2.724436e-009	0.0330078
-2.699436e-009	0.0252686
-2.674436e-009	0.00944825
-2.649436e-009	0.0121826
-2.624436e-009	0.0278565
-2.599436e-009	0.023291
-2.574436e-009	0.0161377
-2.549436e-009	0.0238525
-2.524436e-009	0.0295166
-2.499436e-009	0.0174805
-2.474436e-009	-0.000366203
-2.449436e-009	0.00446778
-2.424436e-009	0.0169922
-2.399436e-009	0.0129395
-2.374436e-009	0.022168
-2.349436e-009	0.0376709
-2.324436e-009	0.0360108
-2.299436e-009	0.0387695
-2.274436e-009	0.0286377
-2.249436e-009	0.0140625
-2.224436e-009	0.0201904
-2.199436e-009	0.0208984
-2.174436e-009	0.0267334
-2.149436e-009	0.0324951
-2.124436e-009	0.0242432
-2.099436e-009	0.0244141
-2.074436e-009	0.0227783
-2.049436e-009	0.0212402
-2.024436e-009	0.0165527
-1.999436e-009	0.00512696
-1.974436e-009	0.0134033
-1.949436e-009	0.0191406
-1.924436e-009	0.0156982
-1.899436e-009	0.0189697
-1.874436e-009	0.0174805
-1.849436e-009	0.0221924
-1.824436e-009	0.021875
-1.799436e-009	0.0126221
-1.774436e-009	0.0234375
-1.749436e-009	0.0295654
-1.724436e-009	0.0279541
-1.699436e-009	0.026709
-1.674436e-009	0.00339356
-1.649436e-009	0.0100098
-1.624436e-009	0.0364014
-1.599436e-009	0.026294
-1.574436e-009	0.0209961
-1.549436e-009	0.0150147
-1.524436e-009	0.0141357
-1.499436e-009	0.034082
-1.474436e-009	0.0263916
-1.449436e-009	0.0187012
-1.424436e-009	0.0273438
-1.399436e-009	0.0222168
-1.374436e-009	0.0164551
-1.349436e-009	0.0229736
-1.324436e-009	0.0364746
-1.299436e-009	0.0346191
-1.274436e-009	0.0171631
-1.249436e-009	0.0126221
-1.224436e-009	0.0162109
-1.199436e-009	0.0158203
-1.174436e-009	0.0221436
-1.149436e-009	0.021582
-1.124436e-009	0.00598145
-1.099436e-009	0.00942384
-1.074436e-009	0.0242676
-1.049436e-009	0.0171631
-1.024436e-009	0.0187012
-9.994358e-010	0.0280274
-9.744358e-010	0.0133301
-9.494358e-010	0.0134766
-9.244358e-010	0.0295899
-8.994358e-010	0.0276856
-8.744358e-010	0.0251465
-8.494358e-010	0.0249756
-8.244358e-010	0.0178711
-7.994358e-010	0.018457
-7.744358e-010	0.0267578
-7.494358e-010	0.0260254
-7.244358e-010	0.0331543
-6.994358e-010	0.0401856
-6.744358e-010	0.0177002
-6.494358e-010	0.00952149
-6.244358e-010	0.0179688
-5.994358e-010	0.0137207
-5.744358e-010	0.0256348
-5.494358e-010	0.0355469
-5.244358e-010	0.0263428
-4.994358e-010	0.0172119
-4.744358e-010	0.0145508
-4.494358e-010	0.029126
-4.244358e-010	0.0354981
-3.994358e-010	0.0279785
-3.744358e-010	0.0247803
-3.494358e-010	0.0081543
-3.244358e-010	-0.0043457
-2.994358e-010	-0.0110596
-2.744358e-010	-0.0292236
-2.494358e-010	-0.0337402
-2.244358e-010	-0.0382324
-1.994358e-010	-0.0681885
-1.744358e-010	-0.0916992
-1.494358e-010	-0.0953369
-1.244358e-010	-0.125757
-9.943576e-011	-0.169946
-7.443576e-011	-0.18147
-4.943576e-011	-0.206885
-2.443576e-011	-0.241577
5.642361e-013	-0.250293
2.556424e-011	-0.290234
5.056424e-011	-0.344482
7.556424e-011	-0.355957
1.005642e-010	-0.369092
1.255642e-010	-0.400928
1.505642e-010	-0.409253
1.755642e-010	-0.419263
2.005642e-010	-0.443823
2.255642e-010	-0.43811
2.505642e-010	-0.433569
2.755642e-010	-0.447119
3.005642e-010	-0.442456
3.255642e-010	-0.432959
3.505642e-010	-0.414404
3.755642e-010	-0.387793
4.005642e-010	-0.374463
4.255642e-010	-0.366333
4.505642e-010	-0.347437
4.755642e-010	-0.314502
5.005642e-010	-0.292749
5.255642e-010	-0.266357
5.505642e-010	-0.23877
5.755642e-010	-0.231787
6.005642e-010	-0.203516
6.255642e-010	-0.186743
6.505642e-010	-0.187329
6.755642e-010	-0.153833
7.005642e-010	-0.130908
7.255642e-010	-0.119727
7.505642e-010	-0.108228
7.755642e-010	-0.115308
8.005642e-010	-0.101562
8.255642e-010	-0.0811279
8.505642e-010	-0.0689453
8.755642e-010	-0.0390625
9.005642e-010	-0.0184326
9.255642e-010	-0.0101807
9.505642e-010	-0.00336913
9.755642e-010	-0.00297851
1.000564e-009	0.00534669
1.025564e-009	0.0131592
1.050564e-009	0.0091797
1.075564e-009	0.0182861
1.100564e-009	0.0375244
1.125564e-009	0.0276123
1.150564e-009	0.0228516
1.175564e-009	0.046167
1.200564e-009	0.0365479
1.225564e-009	0.0214844
1.250564e-009	0.0434082
1.275564e-009	0.055542
1.300564e-009	0.0480469
1.325564e-009	0.0378174
1.350564e-009	0.0331543
1.375564e-009	0.0336426
1.400564e-009	0.0280762
1.425564e-009	0.0348145
1.450564e-009	0.0377441
1.475564e-009	0.0224121
1.500564e-009	0.0303467
1.525564e-009	0.0304443
1.550564e-009	0.00947266
1.575564e-009	0.0115723
1.600564e-009	0.00217286
1.625564e-009	-0.0124512
1.650564e-009	-0.00046386
1.675564e-009	0.0072754
1.700564e-009	0.012085
1.725564e-009	0.0071045
1.750564e-009	-0.00368652
1.775564e-009	0.00202637
1.800564e-009	0.00458985
1.825564e-009	0.0166992
1.850564e-009	0.0220947
1.875564e-009	-0.00336913
1.900564e-009	-0.00944823
1.925564e-009	-0.000244133
1.950564e-009	0.00278321
1.975564e-009	0.0109619
2.000564e-009	0.00644532
2.025564e-009	-0.000366203
2.050564e-009	0.0126465
2.075564e-009	0.02854
2.100564e-009	0.0300537
2.125564e-009	0.019043
2.150564e-009	0.0148682
2.175564e-009	0.01604
2.200564e-009	0.0110107
2.225564e-009	0.0154785
2.250564e-009	0.0200928
2.275564e-009	0.0240234
2.300564e-009	0.0289307
2.325564e-009	0.0210449
2.350564e-009	0.0322266
2.375564e-009	0.0382568
2.400564e-009	0.0196045
2.425564e-009	0.0266846
2.450564e-009	0.0357422
2.475564e-009	0.0293213
2.500564e-009	0.0256104
2.525564e-009	0.0176758
2.550564e-009	0.0186035
2.575564e-009	0.0238281
2.600564e-009	0.0249756
2.625564e-009	0.0258545
2.650564e-009	0.0108399
2.675564e-009	0.0108399
2.700564e-009	0.0386719
2.725564e-009	0.0334229
2.750564e-009	0.0111328
2.775564e-009	0.0170166
2.800564e-009	0.0176758
2.825564e-009	0.0112305
2.850564e-009	0.00493165
2.875564e-009	-0.00949706
2.900564e-009	0.00227052
2.925564e-009	0.0145508
2.950564e-009	0.00568848
2.975564e-009	0.011377
3.000564e-009	0.0101563
3.025564e-009	0.00781251
3.050564e-009	0.0147705
3.075564e-009	0.0161621
3.100564e-009	0.0210449
3.125564e-009	0.0127197
3.150564e-009	0.0177246
3.175564e-009	0.0363037
3.200564e-009	0.0361328
3.225564e-009	0.0384522
3.250564e-009	0.034668
3.275564e-009	0.0275635
3.300564e-009	0.0289063
3.325564e-009	0.0385986
3.350564e-009	0.0470215
3.375564e-009	0.0341797
3.400564e-009	0.0270264
3.425564e-009	0.0274658
3.450564e-009	0.0205566
3.475564e-009	0.0298584
3.500564e-009	0.0421631
3.525564e-009	0.0310059
3.550564e-009	0.0294434
3.575564e-009	0.0327881
3.600564e-009	0.0177734
3.625564e-009	0.0242676
3.650564e-009	0.0286865
3.675564e-009	0.0218018
3.700564e-009	0.0246094
3.725564e-009	0.0011963
3.750564e-009	-0.0102051
3.775564e-009	0.00578614
3.800564e-009	0.0107178
3.825564e-009	0.0169922
3.850564e-009	0.0234619
3.875564e-009	0.0259033
3.900564e-009	0.0173096
3.925564e-009	-0.00620116
3.950564e-009	-0.0176269
3.975564e-009	-0.0103516
4.000564e-009	0.00202637
4.025564e-009	0.00200196
4.050564e-009	-0.00739745
4.075564e-009	-0.000756828
4.100564e-009	0.0148926
4.125564e-009	0.0166504
4.150564e-009	0.0071045
4.175564e-009	0.00541993
4.200564e-009	0.0168701
4.225564e-009	0.0262695
4.250564e-009	0.0247315
4.275564e-009	0.0260498
4.300564e-009	0.0264404
4.325564e-009	0.0137695
4.350564e-009	0.0228272
4.375564e-009	0.0317627
4.400564e-009	0.0151856
4.425564e-009	0.0258057
4.450564e-009	0.0416016
4.475564e-009	0.0426025
4.500564e-009	0.047876
4.525564e-009	0.0374024
4.550564e-009	0.0327393
4.575564e-009	0.0398682
4.600564e-009	0.0321045
4.625564e-009	0.0263428
4.650564e-009	0.0261719
4.675564e-009	0.028833
4.700564e-009	0.0417969
4.725564e-009	0.0304443
4.750564e-009	0.00974122
4.775564e-009	0.0171875
4.800564e-009	0.0209717
4.825564e-009	0.0178711
4.850564e-009	0.0184082
4.875564e-009	0.0243652
4.900564e-009	0.0197266
4.925564e-009	-0.00532226
4.950564e-009	-0.00424804
4.975564e-009	0.00668946
5.000564e-009	4.88356e-005
5.025564e-009	0.00144044
5.050564e-009	0.00612794
5.075564e-009	0.00314942
5.100564e-009	0.00197755
5.125564e-009	0.00600587
5.150564e-009	0.00473634
5.175564e-009	0.0108643
5.200564e-009	0.01875
5.225564e-009	0.00566407
5.250564e-009	0.000708015
5.275564e-009	0.0188721
5.300564e-009	0.0155274
5.325564e-009	-0.0122314
5.350564e-009	0.00117188
5.375564e-009	0.0296875
5.400564e-009	0.0242188
5.425564e-009	0.020044
5.450564e-009	0.0130859
5.475564e-009	0.0147461
5.500564e-009	0.0328613
5.525564e-009	0.0205078
5.550564e-009	0.00932618
5.575564e-009	0.0184082
5.600564e-009	0.0187012
5.625564e-009	0.0237793
5.650564e-009	0.0204102
5.675564e-009	0.0109619
5.700564e-009	0.0177246
5.725564e-009	0.0206055
5.750564e-009	0.0251709
5.775564e-009	0.0287842
5.800564e-009	0.0249756
5.825564e-009	0.0381592
5.850564e-009	0.0395752
5.875564e-009	0.0291504
5.900564e-009	0.0428467
5.925564e-009	0.0355225
5.950564e-009	0.0191895
5.975564e-009	0.0324707
6.000564e-009	0.030957
6.025564e-009	0.0328858
6.050564e-009	0.0338623
6.075564e-009	0.0204346
6.100564e-009	0.0357178
6.125564e-009	0.0252441
6.150564e-009	0.00439454
6.175564e-009	0.0207764
6.200564e-009	0.0216553
6.225564e-009	0.014917
6.250564e-009	0.0121582
6.275564e-009	0.0220703
6.300564e-009	0.0324463
6.325564e-009	0.00930177
6.350564e-009	0.00251466
6.375564e-009	0.00952149
6.400564e-009	0.0102051
6.425564e-009	0.0195313
6.450564e-009	0.0130615
6.475564e-009	0.0143555
6.500564e-009	0.0221436
6.525564e-009	0.0149902
6.550564e-009	0.0215088
6.575564e-009	0.0166992
6.600564e-009	0.00314942
6.625564e-009	0.00556641
6.650564e-009	0.00439454
6.675564e-009	0.0120117
6.700564e-009	0.0214356
6.725564e-009	0.0209717
6.750564e-009	0.0236328
6.775564e-009	0.02229
6.800564e-009	0.0134522
6.825564e-009	0.0076172
6.850564e-009	0.0198975
6.875564e-009	0.035083
6.900564e-009	0.0306397
6.925564e-009	0.0192139
6.950564e-009	0.0199463
6.975564e-009	0.0249512
7.000564e-009	0.0167236
7.025564e-009	0.0122315
7.050564e-009	0.0171631
7.075564e-009	0.0205566
7.100564e-009	0.0236084
7.125564e-009	0.0192139
7.150564e-009	0.0207031
7.175564e-009	0.0286133
7.200564e-009	0.020752
7.225564e-009	0.0202149
7.250564e-009	0.0293945
7.275564e-009	0.0194336
7.300564e-009	0.0153076
7.325564e-009	0.0218994
7.350564e-009	0.0155274
7.375564e-009	0.0164551
7.400564e-009	0.0173096
7.425564e-009	0.00778809
7.450564e-009	0.0146973
7.475564e-009	0.027002
7.500564e-009	0.0195557
7.525564e-009	-0.00151366
7.550564e-009	-0.000341789
7.575564e-009	0.020044
7.600564e-009	0.0156738
7.625564e-009	0.00986329
7.650564e-009	0.0135254
7.675564e-009	0.00559083
7.700564e-009	0.00471192
7.725564e-009	0.0097168
7.750564e-009	0.0209717
7.775564e-009	0.0258789
7.800564e-009	0.0113037
7.825564e-009	0.0122803
7.850564e-009	0.0245361
7.875564e-009	0.0290772
7.900564e-009	0.0278076
7.925564e-009	0.0246582
7.950564e-009	0.0249268
7.975564e-009	0.0222412
8.000564e-009	0.0222656
8.025564e-009	0.0267822
8.050564e-009	0.029419
8.075564e-009	0.033374
8.100564e-009	0.0284668
8.125564e-009	0.0101074
8.150564e-009	0.0219482
8.175564e-009	0.0469971
8.200564e-009	0.0194336
8.225564e-009	0.00793458
8.250564e-009	0.0321289
8.275564e-009	0.0232666
8.300564e-009	0.0176025
8.325564e-009	0.0130859
8.350564e-009	-0.0027832
8.375564e-009	0.00549317
8.400564e-009	0.008667
8.425564e-009	0.00114747
8.450564e-009	0.00578614
8.475564e-009	0.0034668
8.500564e-009	-0.0036621
8.525564e-009	0.00612794
8.550564e-009	0.0158691
8.575564e-009	0.0131836
8.600564e-009	0.013501
8.625564e-009	0.0136963
8.650564e-009	0.0116211
8.675564e-009	0.0186524
8.700564e-009	0.0169434
8.725564e-009	-0.00266113
8.750564e-009	0.00795899
8.775564e-009	0.0333252
8.800564e-009	0.0211914
8.825564e-009	0.0162109
8.850564e-009	0.023291
8.875564e-009	0.0230225
8.900564e-009	0.0237305
8.925564e-009	0.0106934
8.950564e-009	0.0160889
8.975564e-009	0.0173584
9.000564e-009	0.0107666
9.025564e-009	0.0407715
9.050564e-009	0.0356934
9.075564e-009	0.0208008
9.100564e-009	0.0394287
9.125564e-009	0.0272949
9.150564e-009	0.023877
9.175564e-009	0.036084
9.200564e-009	0.0253174
9.225564e-009	0.0241455
9.250564e-009	0.0258057
9.275564e-009	0.0201904
9.300564e-009	0.0243408
9.325564e-009	0.0210693
9.350564e-009	0.0160156
9.375564e-009	0.0324219
9.400564e-009	0.033252
9.425564e-009	0.0152832
9.450564e-009	0.0167481
9.475564e-009	0.0183594
9.500564e-009	0.0132813
9.525564e-009	0.0113525
9.550564e-009	0.00974122
9.575564e-009	0.0166504
9.600564e-009	0.0129395
9.625564e-009	0.00310059
9.650564e-009	0.013501
9.675564e-009	0.017041
9.700564e-009	-0.000756828
9.725564e-009	-0.013208
9.750564e-009	0.000634773
9.775564e-009	0.0154053
9.800564e-009	0.0053711
9.825564e-009	0.00541993
9.850564e-009	0.0135986
9.875564e-009	0.0167969
9.900564e-009	0.0194824
9.925564e-009	-0.000537102
9.950564e-009	-0.0043457
9.975564e-009	0.0202881
1.000056e-008	0.0249024
1.002556e-008	0.0181885
1.005056e-008	0.0169922
1.007556e-008	0.0194824
1.010056e-008	0.0180908
1.012556e-008	0.0165283
1.015056e-008	0.0265137
1.017556e-008	0.032959
1.020056e-008	0.0288574
1.022556e-008	0.0307617
1.025056e-008	0.036792
1.027556e-008	0.0328369
1.030056e-008	0.0304932
1.032556e-008	0.0289063
1.035056e-008	0.0232666
1.037556e-008	0.0281494
1.040056e-008	0.0306152
1.042556e-008	0.027832
1.045056e-008	0.0319336
1.047556e-008	0.0376465
1.050056e-008	0.0400147
1.052556e-008	0.0335693
1.055056e-008	0.0223145
1.057556e-008	0.013501
1.060056e-008	0.0154297
1.062556e-008	0.0277832
1.065056e-008	0.0262451
1.067556e-008	0.0228027
1.070056e-008	0.0307861
1.072556e-008	0.0169678
1.075056e-008	0.00908204
1.077556e-008	0.0270752
1.080056e-008	0.0206299
1.082556e-008	0.016919
1.085056e-008	0.0251221
1.087556e-008	0.0128906
1.090056e-008	0.0144287
1.092556e-008	0.0153076
1.095056e-008	0.00910645
1.097556e-008	0.0161377
1.100056e-008	0.00615235
1.102556e-008	0.00478516
1.105056e-008	0.0210938
1.107556e-008	0.0150879
1.110056e-008	0.00227052
1.112556e-008	-0.00236816
1.115056e-008	0.00517579
1.117556e-008	0.014624
1.120056e-008	0.00581055
1.122556e-008	0.00493165
1.125056e-008	0.00895997
1.127556e-008	0.00515137
1.130056e-008	0.0163086
1.132556e-008	0.0205811
1.135056e-008	0.0165772
1.137556e-008	0.02146
1.140056e-008	0.0036377
1.142556e-008	-0.0100098
1.145056e-008	0.00998536
1.147556e-008	0.00788575
1.150056e-008	-0.000854485
1.152556e-008	0.0143311
1.155056e-008	0.0118652
1.157556e-008	0.0156738
1.160056e-008	0.015918
1.162556e-008	-0.0147217
1.165056e-008	-0.00593261
1.167556e-008	0.0229248
1.170056e-008	0.0269043
1.172556e-008	0.0321045
1.175056e-008	0.0290527
1.177556e-008	0.0208252
1.180056e-008	0.0150879
1.182556e-008	0.00969239
1.185056e-008	0.0189209
1.187556e-008	0.0310059
1.190056e-008	0.0197754
1.192556e-008	0.00175782
1.195056e-008	0.0125977
1.197556e-008	0.023877
1.200056e-008	0.0123047
1.202556e-008	0.0091797
1.205056e-008	0.020874
1.207556e-008	0.0334717
1.210056e-008	0.0286133
1.212556e-008	0.0174805
1.215056e-008	0.0259766
1.217556e-008	0.0265137
1.220056e-008	0.0135986
1.222556e-008	0.0206299
1.225056e-008	0.0311524
1.227556e-008	0.0293945
1.230056e-008	0.0351318
1.232556e-008	0.0344238
1.235056e-008	0.0233154
1.237556e-008	0.0278809
1.240056e-008	0.0358643
1.242556e-008	0.0349121
1.245056e-008	0.0336426
1.247556e-008	0.0341065
1.250056e-008	0.0305664
1.252556e-008	0.0177002
1.255056e-008	0.0174805
1.257556e-008	0.0318115
1.260056e-008	0.035083
1.262556e-008	0.0335449
1.265056e-008	0.0268799
1.267556e-008	0.020752
1.270056e-008	0.0285156
1.272556e-008	0.0290772
1.275056e-008	0.0219238
1.277556e-008	0.0152832
1.280056e-008	0.0160645
1.282556e-008	0.0264649
1.285056e-008	0.0160645
1.287556e-008	0.00480958
1.290056e-008	0.0161133
1.292556e-008	0.0141602
1.295056e-008	0.00651856
1.297556e-008	0.0134766
1.300056e-008	0.0150391
1.302556e-008	0.0135254
1.305056e-008	0.0113281
1.307556e-008	0.0100098
1.310056e-008	0.0199463
1.312556e-008	0.00800782
1.315056e-008	-0.00356445
1.317556e-008	0.0188477
1.320056e-008	0.0198242
1.322556e-008	0.0126465
1.325056e-008	0.0183106
1.327556e-008	0.0125244
1.330056e-008	0.024585
1.332556e-008	0.0371338
1.335056e-008	0.0250244
1.337556e-008	0.0208496
1.340056e-008	0.0264893
1.342556e-008	0.0313233
1.345056e-008	0.0300781
1.347556e-008	0.0235596
1.350056e-008	0.0200684
1.352556e-008	0.0179688
1.355056e-008	0.0275391
1.357556e-008	0.0305664
1.360056e-008	0.01875
1.362556e-008	0.0297852
1.365056e-008	0.0378418
1.367556e-008	0.0324463
1.370056e-008	0.0409424
1.372556e-008	0.0341553
1.375056e-008	0.0236084
1.377556e-008	0.0297608
1.380056e-008	0.0230957
1.382556e-008	0.0174316
1.385056e-008	0.0200684
1.387556e-008	0.0152588
1.390056e-008	0.0182129
1.392556e-008	0.0158447
1.395056e-008	0.012915
1.397556e-008	0.0334717
1.400056e-008	0.037207
1.402556e-008	0.0222412
1.405056e-008	0.0205566
1.407556e-008	0.0263428
1.410056e-008	0.0255127
1.412556e-008	0.00654298
1.415056e-008	0.00163575
1.417556e-008	0.0158691
1.420056e-008	0.0165772
1.422556e-008	0.0182617
1.425056e-008	0.0197022
1.427556e-008	0.016919
1.430056e-008	0.0196045
1.432556e-008	0.0146729
1.435056e-008	0.012085
1.437556e-008	0.0114746
1.440056e-008	0.00388184
1.442556e-008	0.0116455
1.445056e-008	0.0179199
1.447556e-008	0.00927735
1.450056e-008	0.0130127
1.452556e-008	0.0203857
1.455056e-008	0.0209229
1.457556e-008	0.0149414
1.460056e-008	0.00429688
1.462556e-008	0.0102539
1.465056e-008	0.0279297
1.467556e-008	0.0330322
1.470056e-008	0.0179688
1.472556e-008	0.0102539
1.475056e-008	0.0310791
1.477556e-008	0.0425293
1.480056e-008	0.0274658
1.482556e-008	0.0209717
1.485056e-008	0.0256592
1.487556e-008	0.0213379
1.490056e-008	0.0204346
1.492556e-008	0.0267578
1.495056e-008	0.0258301
1.497556e-008	0.0214356
1.500056e-008	0.0180908
1.502556e-008	0.0169434
1.505056e-008	0.0173584
1.507556e-008	0.0175293
1.510056e-008	0.0184815
1.512556e-008	0.016626
1.515056e-008	0.0143066
1.517556e-008	0.0176514
1.520056e-008	0.0253662
1.522556e-008	0.015625
1.525056e-008	-0.00253906
1.527556e-008	0.0103027
1.530056e-008	0.0236084
1.532556e-008	0.00961915
1.535056e-008	0.00649415
1.537556e-008	0.0146729
1.540056e-008	0.0109131
1.542556e-008	0.0128662
1.545056e-008	0.0221191
1.547556e-008	0.0212158
1.550056e-008	0.0194824
1.552556e-008	0.0160156
1.555056e-008	0.0151123
1.557556e-008	0.024292
1.560056e-008	0.0272949
1.562556e-008	0.0179443
1.565056e-008	0.0044922
1.567556e-008	0.0124024
1.570056e-008	0.0298828
1.572556e-008	0.0277588
1.575056e-008	0.022168
1.577556e-008	0.0176758
1.580056e-008	0.0199219
1.582556e-008	0.0248535
1.585056e-008	0.0188232
1.587556e-008	0.0249756
1.590056e-008	0.0330322
1.592556e-008	0.0234619
1.595056e-008	0.0234863
1.597556e-008	0.0224854
1.600056e-008	0.00236817
1.602556e-008	0.0105713
1.605056e-008	0.0307129
1.607556e-008	0.0143311
1.610056e-008	0.0156006
1.612556e-008	0.031958
1.615056e-008	0.0241943
1.617556e-008	0.0310547
1.620056e-008	0.0314941
1.622556e-008	0.0110596
1.625056e-008	0.0139649
1.627556e-008	0.026416
1.630056e-008	0.0277344
1.632556e-008	0.025708
1.635056e-008	0.0202149
1.637556e-008	0.0167481
1.640056e-008	0.0179932
1.642556e-008	0.0113525
1.645056e-008	0.00961915
1.647556e-008	0.0228027
1.650056e-008	0.0211426
1.652556e-008	0.0111572
1.655056e-008	0.0150635
1.657556e-008	0.0224121
1.660056e-008	0.027124
1.662556e-008	0.0203613
1.665056e-008	0.000219734
1.667556e-008	0.00251466
1.670056e-008	0.028418
1.672556e-008	0.0205811
1.675056e-008	-0.000927727
1.677556e-008	0.0147461
1.680056e-008	0.0263184
1.682556e-008	0.0174805
1.685056e-008	0.0172119
1.687556e-008	0.0122803
1.690056e-008	0.0060547
1.692556e-008	0.0189209
1.695056e-008	0.0250977
1.697556e-008	0.0181397
1.700056e-008	0.0224609
1.702556e-008	0.0255371
1.705056e-008	0.0196045
1.707556e-008	0.0199707
1.710056e-008	0.0216065
1.712556e-008	0.00842286
1.715056e-008	0.00703126
1.717556e-008	0.0314209
1.720056e-008	0.0253906
1.722556e-008	0.0131592
1.725056e-008	0.0288086
1.727556e-008	0.0226563
1.730056e-008	0.0161621
1.732556e-008	0.0125488
1.735056e-008	0.00664063
1.737556e-008	0.0230713
1.740056e-008	0.0141357
1.742556e-008	0.00810548
1.745056e-008	0.0259766
1.747556e-008	0.0166992
1.750056e-008	0.0123535
1.752556e-008	0.0164795
1.755056e-008	0.0157715
1.757556e-008	0.0195313
1.760056e-008	0.0190674
1.762556e-008	0.0276611
1.765056e-008	0.0197266
1.767556e-008	0.00961915
1.770056e-008	0.025415
1.772556e-008	0.0165772
1.775056e-008	0.0125732
1.777556e-008	0.0312256
1.780056e-008	0.0197754
1.782556e-008	0.00749512
1.785056e-008	0.00595704
1.787556e-008	0.00610352
1.790056e-008	0.021875
1.792556e-008	0.0202881
1.795056e-008	0.0198975
1.797556e-008	0.0354981
1.800056e-008	0.0276611
1.802556e-008	0.019043
1.805056e-008	0.0198242
1.807556e-008	0.0212891
1.810056e-008	0.0257568
1.812556e-008	0.0148926
1.815056e-008	0.00915528
1.817556e-008	0.0190674
1.820056e-008	0.022583
1.822556e-008	0.0273926
1.825056e-008	0.0256836
1.827556e-008	0.0156494
1.830056e-008	0.0279053
1.832556e-008	0.0322754
1.835056e-008	0.0199463
1.837556e-008	0.038501
1.840056e-008	0.0395996
1.842556e-008	0.0121826
1.845056e-008	0.0190674
1.847556e-008	0.0175781
1.850056e-008	0.00229493
1.852556e-008	0.0158936
1.855056e-008	0.020166
1.857556e-008	0.014209
1.860056e-008	0.0168701
1.862556e-008	0.0226563
1.865056e-008	0.0301514
1.867556e-008	0.0133789
1.870056e-008	0.00834962
1.872556e-008	0.02854
1.875056e-008	0.0182861
1.877556e-008	0.0148682
1.880056e-008	0.0169678
1.882556e-008	0.000634773
1.885056e-008	0.00751954
1.887556e-008	0.0155518
1.890056e-008	0.00827637
1.892556e-008	-0.00854491
1.895056e-008	-0.0105469
1.897556e-008	0.00893555
1.900056e-008	0.0038086
1.902556e-008	0.0076172
1.905056e-008	0.0281494
1.907556e-008	0.02854
1.910056e-008	0.0209473
1.912556e-008	0.0101563
1.915056e-008	0.0203613
1.917556e-008	0.0344727
1.920056e-008	0.014917
1.922556e-008	0.0130615
1.925056e-008	0.0285156
1.927556e-008	0.0231445
1.930056e-008	0.026416
1.932556e-008	0.0244873
1.935056e-008	0.0229736
1.937556e-008	0.0422852
1.940056e-008	0.0334717
1.942556e-008	0.0229736
1.945056e-008	0.0311279
1.947556e-008	0.0286377
1.950056e-008	0.031543
1.952556e-008	0.0256592
1.955056e-008	0.0134277
1.957556e-008	0.018335
1.960056e-008	0.0214356
1.962556e-008	0.017627
1.965056e-008	0.0197022
1.967556e-008	0.0218262
1.970056e-008	0.0208008
1.972556e-008	0.0228272
1.975056e-008	0.0253418
1.977556e-008	0.0281494
1.980056e-008	0.014502
1.982556e-008	0.0034668
1.985056e-008	0.0172119
1.987556e-008	0.017041
1.990056e-008	0.00964356
1.992556e-008	0.000708015
1.995056e-008	-0.00546874
1.997556e-008	0.0137451
2.000056e-008	0.0162109
2.002556e-008	0.00310059
2.005056e-008	0.0098877
2.007556e-008	0.0133057
2.010056e-008	0.00852052
2.012556e-008	0.0104492
2.015056e-008	0.00668946
2.017556e-008	0.00688477
2.020056e-008	0.0182861
2.022556e-008	0.0185059
2.025056e-008	0.0119629
2.027556e-008	0.0161377
2.030056e-008	0.0226074
2.032556e-008	0.00837403
2.035056e-008	0.00319825
2.037556e-008	0.0168457
2.040056e-008	0.0141602
2.042556e-008	0.0262451
2.045056e-008	0.0321289
2.047556e-008	0.0144287
2.050056e-008	0.019458
2.052556e-008	0.0132568
2.055056e-008	0.00476075
2.057556e-008	0.0165283
2.060056e-008	0.0104492
2.062556e-008	0.0134277
2.065056e-008	0.0302734
2.067556e-008	0.026416
2.070056e-008	0.0187988
2.072556e-008	0.0237061
2.075056e-008	0.030542
2.077556e-008	0.0259766
2.080056e-008	0.022168
2.082556e-008	0.0270996
2.085056e-008	0.0222412
2.087556e-008	0.0245361
2.090056e-008	0.0307617
2.092556e-008	0.0156494
2.095056e-008	0.0156982
2.097556e-008	0.0263916
2.100056e-008	0.0106445
2.102556e-008	0.00517579
2.105056e-008	0.0187256
2.107556e-008	0.0121338
2.110056e-008	0.00200196
2.112556e-008	0.010669
2.115056e-008	0.0205078
2.117556e-008	0.0241943
2.120056e-008	0.0263916
2.122556e-008	0.0272461
2.125056e-008	0.0177246
2.127556e-008	0.00549317
2.130056e-008	0.00944825
2.132556e-008	0.00859376
2.135056e-008	0.00895997
2.137556e-008	0.0245361
2.140056e-008	0.0161865
2.142556e-008	0.00595704
2.145056e-008	0.0128906
2.147556e-008	0.0098877
2.150056e-008	0.0176758
2.152556e-008	0.0251221
2.155056e-008	0.0174561
2.157556e-008	0.0172363
2.160056e-008	0.0317871
2.162556e-008	0.0349854
2.165056e-008	0.0109863
2.167556e-008	0.0208008
2.170056e-008	0.0405029
2.172556e-008	0.0161133
2.175056e-008	0.00607911
2.177556e-008	0.0165283
2.180056e-008	0.0202881
2.182556e-008	0.0186035
2.185056e-008	0.0203369
2.187556e-008	0.0317871
2.190056e-008	0.0332275
2.192556e-008	0.0278809
2.195056e-008	0.0207275
2.197556e-008	0.0124024
2.200056e-008	0.0083252
2.202556e-008	0.0106934
2.205056e-008	0.0176025
2.207556e-008	0.018335
2.210056e-008	0.020752
2.212556e-008	0.0176758
2.215056e-008	0.0175537
2.217556e-008	0.0276123
2.220056e-008	0.0174072
2.222556e-008	0.0119629
2.225056e-008	0.0189697
2.227556e-008	0.0162598
2.230056e-008	0.0258545
2.232556e-008	0.0279541
2.235056e-008	0.0136475
2.237556e-008	0.0165283
2.240056e-008	0.0173828
2.242556e-008	0.0109131
2.245056e-008	0.0175537
2.247556e-008	0.0279785
2.250056e-008	0.0260742
2.252556e-008	0.0120117
2.255056e-008	0.0168213
2.257556e-008	0.0266602
2.260056e-008	0.0184326
2.262556e-008	0.0224609
2.265056e-008	0.0249024
2.267556e-008	0.0200928
2.270056e-008	0.023169
2.272556e-008	0.0211914
2.275056e-008	0.0227051
2.277556e-008	0.027002
2.280056e-008	0.0309326
2.282556e-008	0.0298584
2.285056e-008	0.0207275
2.287556e-008	0.0254883
2.290056e-008	0.0250977
2.292556e-008	0.011792
2.295056e-008	0.0194824
2.297556e-008	0.0275879
2.300056e-008	0.0212158
2.302556e-008	0.0249268
2.305056e-008	0.024292
2.307556e-008	0.0212647
2.310056e-008	0.0219238
2.312556e-008	0.00202637
2.315056e-008	0.000366218
2.317556e-008	0.0238037
2.320056e-008	0.0186524
2.322556e-008	0.00297852
2.325056e-008	0.0104004
2.327556e-008	0.0288574
2.330056e-008	0.0231934
2.332556e-008	0.000561531
2.335056e-008	0.00378419
2.337556e-008	0.018042
2.340056e-008	0.0218262
2.342556e-008	0.0133789
2.345056e-008	0.00795899
2.347556e-008	0.0262695
2.350056e-008	0.0235107
2.352556e-008	0.00749512
2.355056e-008	0.0134033
2.357556e-008	0.00903321
2.360056e-008	0.0134277
2.362556e-008	0.0281494
2.365056e-008	0.0244629
2.367556e-008	0.0209961
2.370056e-008	0.0150635
2.372556e-008	0.0107666
2.375056e-008	0.0204346
2.377556e-008	0.0249756
2.380056e-008	0.0228027
2.382556e-008	0.0298584
2.385056e-008	0.0303711
2.387556e-008	0.0258057
2.390056e-008	0.029834
2.392556e-008	0.0195801
2.395056e-008	0.0118164
2.397556e-008	0.0188721
2.400056e-008	0.0183838
2.402556e-008	0.0104248
2.405056e-008	0.00471192
2.407556e-008	0.01875
2.410056e-008	0.030249
2.412556e-008	0.0211182
2.415056e-008	0.0240234
2.417556e-008	0.0330322
2.420056e-008	0.0294678
2.422556e-008	0.0270508
2.425056e-008	0.0237061
2.427556e-008	0.0250244
2.430056e-008	0.0294922
2.432556e-008	0.00644532
2.435056e-008	0.0011963
2.437556e-008	0.0287598
2.440056e-008	0.0337158
2.442556e-008	0.0322754
2.445056e-008	0.0196289
2.447556e-008	0.00764161
2.450056e-008	0.0179443
2.452556e-008	0.0132813
2.455056e-008	0.017627
2.457556e-008	0.0217285
2.460056e-008	0.0132813
2.462556e-008	0.022876
2.465056e-008	0.0170166
2.467556e-008	0.0138672
2.470056e-008	0.029541
2.472556e-008	0.0255615
2.475056e-008	0.0186035
2.477556e-008	0.014917
2.480056e-008	0.0112549
2.482556e-008	0.018042
2.485056e-008	0.0168457
2.487556e-008	0.00891114
2.490056e-008	0.0115234
2.492556e-008	0.0182861
2.495056e-008	0.0205566
2.497556e-008	0.0166016
2.500056e-008	0.0128418
2.502556e-008	0.0174316
2.505056e-008	0.0243164
2.507556e-008	0.0209229
2.510056e-008	0.0181152
2.512556e-008	0.0248047
2.515056e-008	0.0226318
2.517556e-008	0.0259277
2.520056e-008	0.0284668
2.522556e-008	0.0121582
2.525056e-008	0.0214844
2.527556e-008	0.0329346
2.530056e-008	0.0178955
2.532556e-008	0.0176025
2.535056e-008	0.0196533
2.537556e-008	0.0156494
2.540056e-008	0.0179688
2.542556e-008	0.0206543
2.545056e-008	0.0258545
2.547556e-008	0.0319824
2.550056e-008	0.0303467
2.552556e-008	0.0176758
2.555056e-008	0.0176758
2.557556e-008	0.0241455
2.560056e-008	0.0170899
2.562556e-008	0.0236084
2.565056e-008	0.0287598
2.567556e-008	0.0201416
2.570056e-008	0.0253662
2.572556e-008	0.0239258
2.575056e-008	0.0179688
2.577556e-008	0.0233887
2.580056e-008	0.0201416
2.582556e-008	0.013501
2.585056e-008	0.00703126
2.587556e-008	0.0120606
2.590056e-008	0.0312744
2.592556e-008	0.0288574
2.595056e-008	0.0236572
2.597556e-008	0.0288086
2.600056e-008	0.0236816
2.602556e-008	0.0226318
2.605056e-008	0.0175049
2.607556e-008	0.0108887
2.610056e-008	0.012793
2.612556e-008	0.0103272
2.615056e-008	0.0186279
2.617556e-008	0.0209961
2.620056e-008	0.0158203
2.622556e-008	0.0236084
2.625056e-008	0.0170899
2.627556e-008	0.0150635
2.630056e-008	0.0247803
2.632556e-008	0.0229248
2.635056e-008	0.0281983
2.637556e-008	0.0263672
2.640056e-008	0.0160156
2.642556e-008	0.0208496
2.645056e-008	0.0235352
2.647556e-008	0.0211426
2.650056e-008	0.0259522
2.652556e-008	0.0308106
2.655056e-008	0.0217774
2.657556e-008	0.0142822
2.660056e-008	0.0250977
2.662556e-008	0.0247559
2.665056e-008	0.0191406
2.667556e-008	0.0281983
2.670056e-008	0.0239746
2.672556e-008	0.0127197
2.675056e-008	0.0229248
2.677556e-008	0.0339356
2.680056e-008	0.0208008
2.682556e-008	0.0162842
2.685056e-008	0.0269287
2.687556e-008	0.0266602
2.690056e-008	0.0265869
2.692556e-008	0.017749
2.695056e-008	0.0179688
2.697556e-008	0.0263428
2.700056e-008	0.00915528
2.702556e-008	0.0115234
2.705056e-008	0.0249512
2.707556e-008	0.0222168
2.710056e-008	0.0182373
2.712556e-008	0.00319825
2.715056e-008	0.00668946
2.717556e-008	0.0195557
2.720056e-008	0.0146484
2.722556e-008	0.0229248
2.725056e-008	0.0229248
2.727556e-008	0.00756837
2.730056e-008	0.0158447
2.732556e-008	0.0228272
2.735056e-008	0.0171387
2.737556e-008	0.0198731
2.740056e-008	0.0190918
2.742556e-008	0.0171875
2.745056e-008	0.0235596
2.747556e-008	0.0265625
2.750056e-008	0.0135498
2.752556e-008	0.00471192
2.755056e-008	0.0160645
2.757556e-008	0.0210205
2.760056e-008	0.0164307
2.762556e-008	0.00786134
2.765056e-008	0.00468751
2.767556e-008	0.0174316
2.770056e-008	0.0261963
2.772556e-008	0.0233399
2.775056e-008	0.0163574
2.777556e-008	0.0205566
2.780056e-008	0.0242432
2.782556e-008	0.0157959
2.785056e-008	0.0111572
2.787556e-008	0.0081543
2.790056e-008	0.0160645
2.792556e-008	0.0199707
2.795056e-008	0.00964356
2.797556e-008	0.0161377
2.800056e-008	0.0259766
2.802556e-008	0.0201172
2.805056e-008	0.0134522
2.807556e-008	0.0307129
2.810056e-008	0.0410645
2.812556e-008	0.00610352
2.815056e-008	-0.0027832
2.817556e-008	0.0232666
2.820056e-008	0.0189697
2.822556e-008	0.0212891
2.825056e-008	0.0321289
2.827556e-008	0.0150391
2.830056e-008	0.0137207
2.832556e-008	0.0172119
2.835056e-008	0.0106201
2.837556e-008	0.0236328
2.840056e-008	0.0157471
2.842556e-008	0.00339356
2.845056e-008	0.0190186
2.847556e-008	0.0200928
2.850056e-008	0.0171875
2.852556e-008	0.0239502
2.855056e-008	0.0336182
2.857556e-008	0.0373047
2.860056e-008	0.0175293
2.862556e-008	0.0135742
2.865056e-008	0.0261231
2.867556e-008	0.026709
2.870056e-008	0.0333984
2.872556e-008	0.0173096
2.875056e-008	-0.00336913
2.877556e-008	0.0183594
2.880056e-008	0.0240723
2.882556e-008	0.012207
2.885056e-008	0.0175293
2.887556e-008	0.0208496
2.890056e-008	0.0260986
2.892556e-008	0.0247315
2.895056e-008	0.0233887
2.897556e-008	0.0334229
2.900056e-008	0.0316162
2.902556e-008	0.0156494
2.905056e-008	0.00734864
2.907556e-008	0.0214844
2.910056e-008	0.0124024
2.912556e-008	-0.00805663
2.915056e-008	0.0123779
2.917556e-008	0.0203125
2.920056e-008	0.0162842
2.922556e-008	0.0247559
2.925056e-008	0.0122559
2.927556e-008	0.00654298
2.930056e-008	0.019043
2.932556e-008	0.0199951
2.935056e-008	0.020752
2.937556e-008	0.0253174
2.940056e-008	0.0205078
2.942556e-008	0.0171875
2.945056e-008	0.0198975
2.947556e-008	0.0237305
2.950056e-008	0.0207031
2.952556e-008	0.015625
2.955056e-008	0.0260254
2.957556e-008	0.0225342
2.960056e-008	0.0102295
2.962556e-008	0.0211182
2.965056e-008	0.0234131
2.967556e-008	0.0246826
2.970056e-008	0.0348633
2.972556e-008	0.0223389
2.975056e-008	0.0187744
2.977556e-008	0.0358887
2.980056e-008	0.0345703
2.982556e-008	0.029541
2.985056e-008	0.0288574
2.987556e-008	0.0201172
2.990056e-008	0.0191895
2.992556e-008	0.0226807
2.995056e-008	0.0220703
2.997556e-008	0.0209473
3.000056e-008	0.0197022
3.002556e-008	0.0204346
3.005056e-008	0.0234863
3.007556e-008	0.0311768
3.010056e-008	0.0345947
3.012556e-008	0.0191895
3.015056e-008	0.0069336
3.017556e-008	0.025293
3.020056e-008	0.0354981
3.022556e-008	0.0263672
3.025056e-008	0.0266358
3.027556e-008	0.0178467
3.030056e-008	0.015625
3.032556e-008	0.0222656
3.035056e-008	0.0224365
3.037556e-008	0.034668
3.040056e-008	0.030249
3.042556e-008	0.0216309
3.045056e-008	0.0269287
3.047556e-008	0.0260498
3.050056e-008	0.0277832
3.052556e-008	0.0107666
3.055056e-008	0.00703126
3.057556e-008	0.0310791
3.060056e-008	0.0246094
3.062556e-008	0.0190674
3.065056e-008	0.0227051
3.067556e-008	0.0217529
3.070056e-008	0.0375
3.072556e-008	0.0234863
3.075056e-008	0.00366212
3.077556e-008	0.030957
3.080056e-008	0.0346924
3.082556e-008	0.012085
3.085056e-008	0.0155029
3.087556e-008	0.0181641
3.090056e-008	0.0160156
3.092556e-008	0.0112305
3.095056e-008	0.00522462
3.097556e-008	0.0150635
3.100056e-008	0.0148438
3.102556e-008	0.0169434
3.105056e-008	0.024292
3.107556e-008	0.00615235
3.110056e-008	0.00422364
3.112556e-008	0.0233643
3.115056e-008	0.0214844
3.117556e-008	0.00725098
3.120056e-008	0.00297852
3.122556e-008	0.0124512
3.125056e-008	0.0177246
3.127556e-008	0.0136963
3.130056e-008	0.00856934
3.132556e-008	0.00371095
3.135056e-008	0.0083252
3.137556e-008	0.0131836
3.140056e-008	0.0124512
3.142556e-008	0.0161865
3.145056e-008	0.0124024
3.147556e-008	0.0140381
3.150056e-008	0.0240234
3.152556e-008	0.0131104
3.155056e-008	0.00568848
3.157556e-008	0.00891114
3.160056e-008	0.00771485
3.162556e-008	0.014502
3.165056e-008	0.0244385
3.167556e-008	0.0304443
3.170056e-008	0.0231201
3.172556e-008	0.0209229
3.175056e-008	0.0325928
3.177556e-008	0.0271973
3.180056e-008	0.0187012
3.182556e-008	0.0204102
3.185056e-008	0.0279053
3.187556e-008	0.0384033
3.190056e-008	0.0321777
3.192556e-008	0.0124024
3.195056e-008	0.00468751
3.197556e-008	0.0153565
3.200056e-008	0.0246338
3.202556e-008	0.0161621
3.205056e-008	0.00966798
3.207556e-008	0.0239746
3.210056e-008	0.0280518
3.212556e-008	0.0171631
3.215056e-008	0.013501
3.217556e-008	0.00788575
3.220056e-008	0.0112305
3.222556e-008	0.0199951
3.225056e-008	0.0154053
3.227556e-008	0.0174561
3.230056e-008	0.0211182
3.232556e-008	0.0104492
3.235056e-008	0.0101807
3.237556e-008	0.0208496
3.240056e-008	0.0210693
3.242556e-008	0.015332
3.245056e-008	0.0126953
3.247556e-008	0.025293
3.250056e-008	0.0332764
3.252556e-008	0.0169922
3.255056e-008	0.0111084
3.257556e-008	0.0174561
3.260056e-008	0.0217041
3.262556e-008	0.0247559
3.265056e-008	0.0203369
3.267556e-008	0.0211914
3.270056e-008	0.0195313
3.272556e-008	0.0167725
3.275056e-008	0.0295166
3.277556e-008	0.0315186
3.280056e-008	0.0187988
3.282556e-008	0.015918
3.285056e-008	0.0205566
3.287556e-008	0.0264893
3.290056e-008	0.0282471
3.292556e-008	0.0217285
3.295056e-008	0.0218506
3.297556e-008	0.0276856
3.300056e-008	0.0238037
3.302556e-008	0.0178955
3.305056e-008	0.0184082
3.307556e-008	0.0285889
3.310056e-008	0.0390381
3.312556e-008	0.0203369
3.315056e-008	0.00485841
3.317556e-008	0.0266846
3.320056e-008	0.0280518
3.322556e-008	0.0179443
3.325056e-008	0.0277344
3.327556e-008	0.0220947
3.330056e-008	0.0226807
3.332556e-008	0.0221924
3.335056e-008	0.0133545
3.337556e-008	0.0255371
3.340056e-008	0.0208008
3.342556e-008	0.0171387
3.345056e-008	0.027832
3.347556e-008	0.0253662
3.350056e-008	0.0305664
3.352556e-008	0.0250244
3.355056e-008	0.0172119
3.357556e-008	0.0164307
3.360056e-008	0.00573731
3.362556e-008	0.0138184
3.365056e-008	0.0202637
3.367556e-008	0.0187744
3.370056e-008	0.0242432
3.372556e-008	0.023291
3.375056e-008	0.0253418
3.377556e-008	0.0164063
3.380056e-008	0.0135498
3.382556e-008	0.0276856
3.385056e-008	0.0234619
3.387556e-008	0.0246094
3.390056e-008	0.0294434
3.392556e-008	0.0214111
3.395056e-008	0.0219238
3.397556e-008	0.0142334
3.400056e-008	0.0153565
3.402556e-008	0.0369141
3.405056e-008	0.026416
3.407556e-008	0.0130127
3.410056e-008	0.0298828
3.412556e-008	0.0239502
3.415056e-008	0.0121338
3.417556e-008	0.0220703
3.420056e-008	0.0220215
3.422556e-008	0.0259522
3.425056e-008	0.0298096
3.427556e-008	0.0262451
3.430056e-008	0.0283936
3.432556e-008	0.0117432
3.435056e-008	0.0113525
3.437556e-008	0.0327637
3.440056e-008	0.0277344
3.442556e-008	0.0273682
3.445056e-008	0.0292236
3.447556e-008	0.0232666
3.450056e-008	0.0279297
3.452556e-008	0.0206299
3.455056e-008	0.0142334
3.457556e-008	0.0233887
3.460056e-008	0.0299805
3.462556e-008	0.0279541
3.465056e-008	0.0209473
3.467556e-008	0.0211914
3.470056e-008	0.0226563
3.472556e-008	0.0139404
3.475056e-008	0.0102295
3.477556e-008	0.0143066
3.480056e-008	0.0201416
3.482556e-008	0.0326172
3.485056e-008	0.0172852
3.487556e-008	-0.00705566
3.490056e-008	0.0155029
3.492556e-008	0.0318848
3.495056e-008	0.027417
3.497556e-008	0.0312744
3.500056e-008	0.0224121
3.502556e-008	0.0184326
3.505056e-008	0.0274902
3.507556e-008	0.029419
3.510056e-008	0.0230957
3.512556e-008	0.0201416
3.515056e-008	0.022168
3.517556e-008	0.0127686
3.520056e-008	0.0122803
3.522556e-008	0.0267822
3.525056e-008	0.0246582
3.527556e-008	0.016626
3.530056e-008	0.0174561
3.532556e-008	0.0204102
3.535056e-008	0.0266113
3.537556e-008	0.0363525
3.540056e-008	0.0352051
3.542556e-008	0.0252197
3.545056e-008	0.0271484
3.547556e-008	0.0317871
3.550056e-008	0.03396
3.552556e-008	0.0285889
3.555056e-008	0.0172607
3.557556e-008	0.0218994
3.560056e-008	0.0225098
3.562556e-008	0.021875
3.565056e-008	0.0239502
3.567556e-008	0.0195557
3.570056e-008	0.0219727
3.572556e-008	0.0124268
3.575056e-008	0.00937501
3.577556e-008	0.0150391
3.580056e-008	0.0142822
3.582556e-008	0.0235352
3.585056e-008	0.0152832
3.587556e-008	0.01875
3.590056e-008	0.0304199
3.592556e-008	7.45058e-009
3.595056e-008	0.00261231
3.597556e-008	0.0310059
3.600056e-008	0.0198975
3.602556e-008	0.023584
3.605056e-008	0.0320313
3.607556e-008	0.0193115
3.610056e-008	0.0291992
3.612556e-008	0.0337402
3.615056e-008	0.0223877
3.617556e-008	0.0219482
3.620056e-008	0.0167236
3.622556e-008	0.0177246
3.625056e-008	0.0255127
3.627556e-008	0.0289307
3.630056e-008	0.0359863
3.632556e-008	0.030957
3.635056e-008	0.0188965
3.637556e-008	0.0157959
3.640056e-008	0.0154053
3.642556e-008	0.0231201
3.645056e-008	0.0274658
3.647556e-008	0.0245117
3.650056e-008	0.0296387
3.652556e-008	0.0232178
3.655056e-008	0.01604
3.657556e-008	0.0225586
3.660056e-008	0.0253418
3.662556e-008	0.0272461
3.665056e-008	0.0196533
3.667556e-008	0.0128662
3.670056e-008	0.0211914
3.672556e-008	0.0256592
3.675056e-008	0.0193359
3.677556e-008	0.0187744
3.680056e-008	0.0234375
3.682556e-008	0.0177002
3.685056e-008	0.019751
3.687556e-008	0.0220459
3.690056e-008	0.0145752
3.692556e-008	0.0161621
3.695056e-008	0.0206787
3.697556e-008	0.0198975
3.700056e-008	0.0123047
3.702556e-008	0.0210938
3.705056e-008	0.0357422
3.707556e-008	0.0302246
3.710056e-008	0.018457
3.712556e-008	0.00192872
3.715056e-008	0.00373536
3.717556e-008	0.0217529
3.720056e-008	0.0290039
3.722556e-008	0.0249268
3.725056e-008	0.0151367
3.727556e-008	0.0275391
3.730056e-008	0.0380615
3.732556e-008	0.0213379
3.735056e-008	0.015918
3.737556e-008	0.021582
3.740056e-008	0.0215576
3.742556e-008	0.0186768
3.745056e-008	0.0153565
3.747556e-008	0.0234619
3.750056e-008	0.0323731
3.752556e-008	0.0236816
3.755056e-008	0.0197998
3.757556e-008	0.0261231
3.760056e-008	0.0226563
3.762556e-008	0.0257813
3.765056e-008	0.0245361
3.767556e-008	0.0140869
3.770056e-008	0.0280518
3.772556e-008	0.0220703
3.775056e-008	0.00334473
3.777556e-008	0.0230469
3.780056e-008	0.030542
3.782556e-008	0.0243652
3.785056e-008	0.0215332
3.787556e-008	0.0185059
3.790056e-008	0.0270996
3.792556e-008	0.0196777
3.795056e-008	0.0183838
3.797556e-008	0.0287109
3.800056e-008	0.0214111
3.802556e-008	0.0213867
3.805056e-008	0.0199951
3.807556e-008	0.0161865
3.810056e-008	0.0182129
3.812556e-008	0.0102783
3.815056e-008	0.0161133
3.817556e-008	0.0192383
3.820056e-008	0.00329591
3.822556e-008	0.00473634
3.825056e-008	0.0178955
3.827556e-008	0.032544
3.830056e-008	0.0280029
3.832556e-008	0.00859376
3.835056e-008	0.012207
3.837556e-008	0.0113037
3.840056e-008	0.010669
3.842556e-008	0.021167
3.845056e-008	0.0213623
3.847556e-008	0.0274414
3.850056e-008	0.0266358
3.852556e-008	0.0171631
3.855056e-008	0.0208984
3.857556e-008	0.0282715
3.860056e-008	0.0263428
3.862556e-008	0.017627
3.865056e-008	0.0192139
3.867556e-008	0.0259766
3.870056e-008	0.0264893
3.872556e-008	0.0281738
3.875056e-008	0.0290527
3.877556e-008	0.0226563
3.880056e-008	0.0167969
3.882556e-008	0.0201904
3.885056e-008	0.0215576
3.887556e-008	0.0251465
3.890056e-008	0.0296875
3.892556e-008	0.0125977
3.895056e-008	0.00891114
3.897556e-008	0.0273682
3.900056e-008	0.0215332
3.902556e-008	0.0187988
3.905056e-008	0.0240234
3.907556e-008	0.0195068
3.910056e-008	0.0305664
3.912556e-008	0.0229004
3.915056e-008	0.0116455
3.917556e-008	0.023999
3.920056e-008	0.0112061
3.922556e-008	0.0107666
3.925056e-008	0.025293
3.927556e-008	0.0225342
3.930056e-008	0.0251221
3.932556e-008	0.00454102
3.935056e-008	-0.000488274
3.937556e-008	0.018457
3.940056e-008	0.00493165
3.942556e-008	0.011792
3.945056e-008	0.0317627
3.947556e-008	0.0323486
3.950056e-008	0.0268799
3.952556e-008	0.00690919
3.955056e-008	0.00488282
3.957556e-008	0.0189941
3.960056e-008	0.0205078
3.962556e-008	0.0157471
3.965056e-008	0.0183838
3.967556e-008	0.0297363
3.970056e-008	0.0225342
3.972556e-008	0.00568848
3.975056e-008	0.0157715
3.977556e-008	0.0291992
3.980056e-008	0.0211182
3.982556e-008	0.0250733
3.985056e-008	0.0233887
3.987556e-008	0.0125244
3.990056e-008	0.0273438
3.992556e-008	0.0230957
3.995056e-008	0.011377
3.997556e-008	0.0185791
4.000056e-008	0.0205322
4.002556e-008	0.0240967
4.005056e-008	0.0191162
4.007556e-008	0.0206055
4.010056e-008	0.0252686
4.012556e-008	0.0133301
4.015056e-008	0.0209717
4.017556e-008	0.0314941
4.020056e-008	0.0193848
4.022556e-008	0.015332
4.025056e-008	0.0215332
4.027556e-008	0.0258057
4.030056e-008	0.0283936
4.032556e-008	0.0234619
4.035056e-008	0.0212402
4.037556e-008	0.0193359
4.040056e-008	0.00766602
4.042556e-008	0.012915
4.045056e-008	0.0281738
4.047556e-008	0.0242188
4.050056e-008	0.0166504
4.052556e-008	0.0210449
4.055056e-008	0.0279541
4.057556e-008	0.0221191
4.060056e-008	0.0126953
4.062556e-008	0.0150879
4.065056e-008	0.0246094
4.067556e-008	0.0327637
4.070056e-008	0.0270264
4.072556e-008	0.0176025
4.075056e-008	0.0183838
4.077556e-008	0.0181152
4.080056e-008	0.0150879
4.082556e-008	0.012207
4.085056e-008	0.0144287
4.087556e-008	0.0256104
4.090056e-008	0.0301025
4.092556e-008	0.0212647
4.095056e-008	0.0166748
4.097556e-008	0.0252441
4.100056e-008	0.0308106
4.102556e-008	0.0251709
4.105056e-008	0.0133789
4.107556e-008	0.0135986
4.110056e-008	0.0260986
4.112556e-008	0.0185791
4.115056e-008	0.0164551
4.117556e-008	0.0299561
4.120056e-008	0.0154053
4.122556e-008	0.0110352
4.125056e-008	0.0305908
4.127556e-008	0.0372315
4.130056e-008	0.0373047
4.132556e-008	0.0205811
4.135056e-008	0.0179443
4.137556e-008	0.033374
4.140056e-008	0.0238525
4.142556e-008	0.0255127
4.145056e-008	0.0186524
4.147556e-008	-0.000219719
4.150056e-008	0.0179199
4.152556e-008	0.0246338
4.155056e-008	0.0199219
4.157556e-008	0.0247315
4.160056e-008	0.0150391
4.162556e-008	0.0112793
4.165056e-008	0.0102295
4.167556e-008	0.0150879
4.170056e-008	0.0291016
4.172556e-008	0.0203125
4.175056e-008	0.0140381
4.177556e-008	0.0157471
4.180056e-008	0.0123779
4.182556e-008	0.0196533
4.185056e-008	0.0117188
4.187556e-008	0.0158447
4.190056e-008	0.0396484
4.192556e-008	0.0245361
4.195056e-008	0.0155274
4.197556e-008	0.0266846
4.200056e-008	0.0177979
4.202556e-008	0.0167969
4.205056e-008	0.0234619
4.207556e-008	0.0209229
4.210056e-008	0.0248779
4.212556e-008	0.0313965
4.215056e-008	0.0190918
4.217556e-008	0.0132324
4.220056e-008	0.0258545
4.222556e-008	0.0131836
4.225056e-008	-0.00158691
4.227556e-008	0.0193359
4.230056e-008	0.0344238
4.232556e-008	0.019043
4.235056e-008	0.0135498
4.237556e-008	0.0234863
4.240056e-008	0.0186279
4.242556e-008	0.0247559
4.245056e-008	0.0293945
4.247556e-008	0.0149414
4.250056e-008	0.022168
4.252556e-008	0.0307373
4.255056e-008	0.0241943
4.257556e-008	0.0161133
4.260056e-008	0.00979005
4.262556e-008	0.0156738
4.265056e-008	0.0209717
4.267556e-008	0.0258301
4.270056e-008	0.0328369
4.272556e-008	0.0273193
4.275056e-008	0.0216309
4.277556e-008	0.0263184
4.280056e-008	0.0241699
4.282556e-008	0.023291
4.285056e-008	0.0327637
4.287556e-008	0.0252441
4.290056e-008	0.00993653
4.292556e-008	0.0133301
4.295056e-008	0.0247803
4.297556e-008	0.0210693
4.300056e-008	0.0123779
4.302556e-008	0.0160889
4.305056e-008	0.012207
4.307556e-008	0.0231201
4.310056e-008	0.0349854
4.312556e-008	0.00898438
4.315056e-008	0.0124024
4.317556e-008	0.031958
4.320056e-008	0.0230225
4.322556e-008	0.0237793
4.325056e-008	0.0194092
4.327556e-008	0.0161133
4.330056e-008	0.0317383
4.332556e-008	0.0299316
4.335056e-008	0.0211182
4.337556e-008	0.0296875
4.340056e-008	0.0267334
4.342556e-008	0.0112549
4.345056e-008	0.0176514
4.347556e-008	0.0292725
4.350056e-008	0.0239502
4.352556e-008	0.00800782
4.355056e-008	-0.000366203
4.357556e-008	0.00644532
4.360056e-008	0.0134277
4.362556e-008	0.0155029
4.365056e-008	0.00949708
4.367556e-008	0.0203125
4.370056e-008	0.0406983
4.372556e-008	0.0318848
4.375056e-008	0.0278809
4.377556e-008	0.0306641
4.380056e-008	0.0219727
4.382556e-008	0.0213623
4.385056e-008	0.0226074
4.387556e-008	0.0253418
4.390056e-008	0.0237061
4.392556e-008	0.0135254
4.395056e-008	0.0123535
4.397556e-008	0.0121094
4.400056e-008	0.0125244
4.402556e-008	0.0178711
4.405056e-008	0.0112793
4.407556e-008	0.0151611
4.410056e-008	0.0226074
4.412556e-008	0.00859376
4.415056e-008	0.0183106
4.417556e-008	0.0289307
4.420056e-008	0.017041
4.422556e-008	0.0275635
4.425056e-008	0.0241943
4.427556e-008	0.00903321
4.430056e-008	0.0253662
4.432556e-008	0.0295899
4.435056e-008	0.0142578
4.437556e-008	0.0155029
4.440056e-008	0.0223389
4.442556e-008	0.0218506
4.445056e-008	0.0216065
4.447556e-008	0.0268799
4.450056e-008	0.0322266
4.452556e-008	0.0247315
4.455056e-008	0.0165039
4.457556e-008	0.0210693
4.460056e-008	0.0217285
4.462556e-008	0.0239502
4.465056e-008	0.0304932
4.467556e-008	0.0304932
4.470056e-008	0.0344238
4.472556e-008	0.0284912
4.475056e-008	0.018042
4.477556e-008	0.0210205
4.480056e-008	0.0199707
4.482556e-008	0.0261963
4.485056e-008	0.0336426
4.487556e-008	0.0265137
4.490056e-008	0.0181885
4.492556e-008	0.00810548
4.495056e-008	0.0131836
4.497556e-008	0.0277832
4.500056e-008	0.0270264
4.502556e-008	0.0213867
4.505056e-008	0.0264893
4.507556e-008	0.0364258
4.510056e-008	0.0303467
4.512556e-008	0.0208252
4.515056e-008	0.0208008
4.517556e-008	0.0229492
4.520056e-008	0.0271729
4.522556e-008	0.0219727
4.525056e-008	0.0180176
4.527556e-008	0.0287354
4.530056e-008	0.0290283
4.532556e-008	0.0161865
4.535056e-008	0.0158203
4.537556e-008	0.020166
4.540056e-008	0.0273926
4.542556e-008	0.0335205
4.545056e-008	0.0224121
4.547556e-008	0.0279785
4.550056e-008	0.0288818
4.552556e-008	0.00290528
4.555056e-008	0.0124512
4.557556e-008	0.029419
4.560056e-008	0.0185059
4.562556e-008	0.0164795
4.565056e-008	0.00957032
4.567556e-008	0.010376
4.570056e-008	0.0320313
4.572556e-008	0.0278809
4.575056e-008	0.0195068
4.577556e-008	0.0240479
4.580056e-008	0.0164795
4.582556e-008	0.0200195
4.585056e-008	0.0281494
4.587556e-008	0.0256104
4.590056e-008	0.0299805
4.592556e-008	0.0288574
4.595056e-008	0.0206055
4.597556e-008	0.023584
4.600056e-008	0.0317139
4.602556e-008	0.0281738
4.605056e-008	0.0171875
4.607556e-008	0.0187744
4.610056e-008	0.0225098
4.612556e-008	0.0161377
4.615056e-008	0.0196777
4.617556e-008	0.0274902
4.620056e-008	0.0229736
4.622556e-008	0.0166504
4.625056e-008	0.0157471
4.627556e-008	0.0240234
4.630056e-008	0.0318359
4.632556e-008	0.0286377
4.635056e-008	0.0264404
4.637556e-008	0.0226318
4.640056e-008	0.01875
4.642556e-008	0.0232422
4.645056e-008	0.0329834
4.647556e-008	0.0470459
4.650056e-008	0.0343506
4.652556e-008	0.00163575
4.655056e-008	0.00913087
4.657556e-008	0.0304443
4.660056e-008	0.0285156
4.662556e-008	0.0266358
4.665056e-008	0.014502
4.667556e-008	0.0101074
4.670056e-008	0.0230469
4.672556e-008	0.0150635
4.675056e-008	0.0154053
4.677556e-008	0.0246582
4.680056e-008	0.0209229
4.682556e-008	0.0189209
4.685056e-008	0.0133057
4.687556e-008	0.0234375
4.690056e-008	0.0283447
4.692556e-008	0.0189209
4.695056e-008	0.0231934
4.697556e-008	0.0143311
4.700056e-008	0.00861817
4.702556e-008	0.0188965
4.705056e-008	0.0216797
4.707556e-008	0.0202637
4.710056e-008	0.0175293
4.712556e-008	0.0126953
4.715056e-008	0.0135742
4.717556e-008	0.0273438
4.720056e-008	0.025
4.722556e-008	0.0150391
4.725056e-008	0.0185547
4.727556e-008	0.0210693
4.730056e-008	0.0279541
4.732556e-008	0.021582
4.735056e-008	0.0172852
4.737556e-008	0.0246338
4.740056e-008	0.0186768
4.742556e-008	0.0181397
4.745056e-008	0.0112549
4.747556e-008	0.0130371
4.750056e-008	0.0257813
4.752556e-008	0.0124756
4.755056e-008	0.0152588
4.757556e-008	0.0210938
4.760056e-008	0.0178223
4.762556e-008	0.0377441
4.765056e-008	0.0265381
4.767556e-008	0.0120361
4.770056e-008	0.0289551
4.772556e-008	0.0184326
4.775056e-008	0.0147949
4.777556e-008	0.0326172
4.780056e-008	0.0324219
4.782556e-008	0.0293213
4.785056e-008	0.0161865
4.787556e-008	0.000463875
4.790056e-008	0.0164063
4.792556e-008	0.0262207
4.795056e-008	0.0165772
4.797556e-008	0.0288574
4.800056e-008	0.0296631
4.802556e-008	0.00996095
4.805056e-008	0.0118164
4.807556e-008	0.0276367
4.810056e-008	0.0315186
4.812556e-008	0.00927735
4.815056e-008	0.00764161
4.817556e-008	0.0246826
4.820056e-008	0.0131104
4.822556e-008	0.0184815
4.825056e-008	0.0297852
4.827556e-008	0.0276123
4.830056e-008	0.041333
4.832556e-008	0.0333008
4.835056e-008	0.0181641
4.837556e-008	0.0263428
4.840056e-008	0.0240234
4.842556e-008	0.0160156
4.845056e-008	0.0149414
4.847556e-008	0.0213623
4.850056e-008	0.0345947
4.852556e-008	0.0318115
4.855056e-008	0.0200928
4.857556e-008	0.0155518
4.860056e-008	0.0148682
4.862556e-008	0.0248047
4.865056e-008	0.0251709
4.867556e-008	0.0175293
4.870056e-008	0.0326172
4.872556e-008	0.0363281
4.875056e-008	0.0126465
4.877556e-008	0.00302735
4.880056e-008	0.0213135
4.882556e-008	0.038208
4.885056e-008	0.0233887
4.887556e-008	0.0106445
4.890056e-008	0.0162598
4.892556e-008	0.0110107
4.895056e-008	0.0143799
4.897556e-008	0.0226807
4.900056e-008	0.0196289
4.902556e-008	0.0113037
4.905056e-008	-0.00527343
4.907556e-008	0.00764161
4.910056e-008	0.02854
4.912556e-008	0.0153565
4.915056e-008	0.0161133
4.917556e-008	0.0256592
4.920056e-008	0.0188477
4.922556e-008	0.023999
4.925056e-008	0.0241699
4.927556e-008	0.0104981
4.930056e-008	0.0121094
4.932556e-008	0.00922852
4.935056e-008	0.0067627
4.937556e-008	0.0312744
4.940056e-008	0.0303711
4.942556e-008	0.0160645
4.945056e-008	0.0284912
4.947556e-008	0.0192139
4.950056e-008	0.00922852
4.952556e-008	0.0182617
4.955056e-008	0.0179199
4.957556e-008	0.0297852
4.960056e-008	0.0329346
4.962556e-008	0.0177002
4.965056e-008	0.0204102
4.967556e-008	0.0278076
4.970056e-008	0.0242676
4.972556e-008	0.0223389
4.975056e-008	0.0224609
4.977556e-008	0.0122315
4.980056e-008	0.0121582
4.982556e-008	0.027002
4.985056e-008	0.0242676
4.987556e-008	0.0251709
4.990056e-008	0.0275879
4.992556e-008	0.0103027
4.995056e-008	0.00947266
4.997556e-008	0.0149658
5.000056e-008	0.0193359
