LECROYWM813Zi	51496	Waveform
Segments	1	SegmentSize	4002
Segment	TrigTime	TimeSinceSegment1
#1	30-Nov-2018 17:25:04	0                 
Time	Ampl
-5.00106e-008	0.0178711
-4.99856e-008	0.0182617
-4.99606e-008	0.00876466
-4.99356e-008	0.0164063
-4.99106e-008	0.0240479
-4.98856e-008	0.024707
-4.98606e-008	0.0239014
-4.98356e-008	0.0320801
-4.98106e-008	0.0291504
-4.97856e-008	0.0123535
-4.97606e-008	0.0197022
-4.97356e-008	0.0256836
-4.97106e-008	0.0173584
-4.96856e-008	0.0121826
-4.96606e-008	0.0125977
-4.96356e-008	0.023169
-4.96106e-008	0.0158447
-4.95856e-008	-0.000610344
-4.95606e-008	0.00263673
-4.95356e-008	0.0122803
-4.95106e-008	0.0201904
-4.94856e-008	0.0180908
-4.94606e-008	0.0137207
-4.94356e-008	0.00805665
-4.94106e-008	0.00429688
-4.93856e-008	0.0116455
-4.93606e-008	0.00764161
-4.93356e-008	0.0174805
-4.93106e-008	0.038208
-4.92856e-008	0.0293945
-4.92606e-008	0.0227051
-4.92356e-008	0.0256348
-4.92106e-008	0.0213379
-4.91856e-008	0.0161865
-4.91606e-008	0.00954591
-4.91356e-008	0.0111572
-4.91106e-008	0.0208252
-4.90856e-008	0.0206055
-4.90606e-008	0.0174316
-4.90356e-008	0.0225342
-4.90106e-008	0.0245606
-4.89856e-008	0.0253662
-4.89606e-008	0.0186524
-4.89356e-008	0.0076172
-4.89106e-008	0.0151856
-4.88856e-008	0.0196777
-4.88606e-008	0.0163086
-4.88356e-008	0.0220947
-4.88106e-008	0.0278076
-4.87856e-008	0.0300781
-4.87606e-008	0.0171631
-4.87356e-008	0.00976563
-4.87106e-008	0.0300537
-4.86856e-008	0.0279297
-4.86606e-008	0.0116699
-4.86356e-008	0.0170654
-4.86106e-008	0.0126953
-4.85856e-008	0.0193115
-4.85606e-008	0.0348145
-4.85356e-008	0.0332764
-4.85106e-008	0.0377441
-4.84856e-008	0.0141846
-4.84606e-008	0.00180665
-4.84356e-008	0.0290283
-4.84106e-008	0.0215576
-4.83856e-008	0.0176758
-4.83606e-008	0.0221924
-4.83356e-008	0.011499
-4.83106e-008	0.0244629
-4.82856e-008	0.0309326
-4.82606e-008	0.0283936
-4.82356e-008	0.0285889
-4.82106e-008	0.0199951
-4.81856e-008	0.0286377
-4.81606e-008	0.0331543
-4.81356e-008	0.0218994
-4.81106e-008	0.0280029
-4.80856e-008	0.0205811
-4.80606e-008	0.00986329
-4.80356e-008	0.0269531
-4.80106e-008	0.0213623
-4.79856e-008	0.0125977
-4.79606e-008	0.0222412
-4.79356e-008	0.0205811
-4.79106e-008	0.0265869
-4.78856e-008	0.0217041
-4.78606e-008	0.00861817
-4.78356e-008	0.0188477
-4.78106e-008	0.0249756
-4.77856e-008	0.0217041
-4.77606e-008	0.018457
-4.77356e-008	0.0240723
-4.77106e-008	0.0316406
-4.76856e-008	0.0129639
-4.76606e-008	0.00312501
-4.76356e-008	0.0224609
-4.76106e-008	0.0327637
-4.75856e-008	0.0317383
-4.75606e-008	0.0279785
-4.75356e-008	0.0291016
-4.75106e-008	0.032959
-4.74856e-008	0.0211182
-4.74606e-008	0.0149414
-4.74356e-008	0.0166992
-4.74106e-008	0.0171631
-4.73856e-008	0.0254883
-4.73606e-008	0.0230957
-4.73356e-008	0.0235352
-4.73106e-008	0.0288818
-4.72856e-008	0.0181397
-4.72606e-008	0.0156006
-4.72356e-008	0.014502
-4.72106e-008	0.0124268
-4.71856e-008	0.0251953
-4.71606e-008	0.0296631
-4.71356e-008	0.0231934
-4.71106e-008	0.0154297
-4.70856e-008	0.0130859
-4.70606e-008	0.0151123
-4.70356e-008	0.0203125
-4.70106e-008	0.030835
-4.69856e-008	0.016626
-4.69606e-008	0.00507813
-4.69356e-008	0.0346191
-4.69106e-008	0.0400391
-4.68856e-008	0.0108154
-4.68606e-008	0.0126465
-4.68356e-008	0.0242188
-4.68106e-008	0.0202393
-4.67856e-008	0.0229492
-4.67606e-008	0.0227539
-4.67356e-008	0.0275147
-4.67106e-008	0.0307373
-4.66856e-008	0.0162842
-4.66606e-008	0.0166992
-4.66356e-008	0.0263184
-4.66106e-008	0.0270752
-4.65856e-008	0.0230469
-4.65606e-008	0.0193848
-4.65356e-008	0.0290283
-4.65106e-008	0.0301025
-4.64856e-008	0.017334
-4.64606e-008	0.0150391
-4.64356e-008	0.0125488
-4.64106e-008	0.0127197
-4.63856e-008	0.0216797
-4.63606e-008	0.0259766
-4.63356e-008	0.030127
-4.63106e-008	0.0296143
-4.62856e-008	0.0239014
-4.62606e-008	0.020166
-4.62356e-008	0.0204346
-4.62106e-008	0.0237793
-4.61856e-008	0.0171875
-4.61606e-008	0.0172607
-4.61356e-008	0.0310547
-4.61106e-008	0.0288574
-4.60856e-008	0.0164063
-4.60606e-008	0.0177734
-4.60356e-008	0.0220215
-4.60106e-008	0.0209717
-4.59856e-008	0.026294
-4.59606e-008	0.0234131
-4.59356e-008	0.0220215
-4.59106e-008	0.0322998
-4.58856e-008	0.0219482
-4.58606e-008	0.0185791
-4.58356e-008	0.0360352
-4.58106e-008	0.0343994
-4.57856e-008	0.0225586
-4.57606e-008	0.0155762
-4.57356e-008	0.0171631
-4.57106e-008	0.0287842
-4.56856e-008	0.028833
-4.56606e-008	0.0208252
-4.56356e-008	0.0197754
-4.56106e-008	0.0207031
-4.55856e-008	0.0208252
-4.55606e-008	0.0167236
-4.55356e-008	0.0257324
-4.55106e-008	0.0422852
-4.54856e-008	0.0301514
-4.54606e-008	0.0205078
-4.54356e-008	0.026709
-4.54106e-008	0.0166992
-4.53856e-008	0.0218018
-4.53606e-008	0.0301025
-4.53356e-008	0.0113037
-4.53106e-008	0.0186035
-4.52856e-008	0.027124
-4.52606e-008	0.00981446
-4.52356e-008	0.0150147
-4.52106e-008	0.019165
-4.51856e-008	0.0175537
-4.51606e-008	0.0272705
-4.51356e-008	0.0315674
-4.51106e-008	0.0330811
-4.50856e-008	0.0234619
-4.50606e-008	0.0188232
-4.50356e-008	0.0244385
-4.50106e-008	0.0198486
-4.49856e-008	0.00922852
-4.49606e-008	0.000634773
-4.49356e-008	0.0168213
-4.49106e-008	0.0274658
-4.48856e-008	0.011084
-4.48606e-008	0.0164551
-4.48356e-008	0.0241699
-4.48106e-008	0.024292
-4.47856e-008	0.0354492
-4.47606e-008	0.0267334
-4.47356e-008	0.0186768
-4.47106e-008	0.0271973
-4.46856e-008	0.023291
-4.46606e-008	0.0218262
-4.46356e-008	0.0286865
-4.46106e-008	0.0162354
-4.45856e-008	0.00314942
-4.45606e-008	0.0186279
-4.45356e-008	0.0266358
-4.45106e-008	0.0149902
-4.44856e-008	0.0101074
-4.44606e-008	0.00842286
-4.44356e-008	0.0187012
-4.44106e-008	0.0226563
-4.43856e-008	0.0180664
-4.43606e-008	0.0321289
-4.43356e-008	0.019458
-4.43106e-008	0.00651856
-4.42856e-008	0.026709
-4.42606e-008	0.0222412
-4.42356e-008	0.0188965
-4.42106e-008	0.0274414
-4.41856e-008	0.0180664
-4.41606e-008	0.0121338
-4.41356e-008	0.0168701
-4.41106e-008	0.0237061
-4.40856e-008	0.0179443
-4.40606e-008	0.0160156
-4.40356e-008	0.0280029
-4.40106e-008	0.0283447
-4.39856e-008	0.0221924
-4.39606e-008	0.0246094
-4.39356e-008	0.0395996
-4.39106e-008	0.0382813
-4.38856e-008	0.017627
-4.38606e-008	0.0148926
-4.38356e-008	0.0149414
-4.38106e-008	0.0170899
-4.37856e-008	0.0308594
-4.37606e-008	0.0281006
-4.37356e-008	0.0239258
-4.37106e-008	0.0278076
-4.36856e-008	0.0164795
-4.36606e-008	0.0150879
-4.36356e-008	0.0275879
-4.36106e-008	0.0250977
-4.35856e-008	0.0268311
-4.35606e-008	0.0396973
-4.35356e-008	0.0396973
-4.35106e-008	0.0211426
-4.34856e-008	0.00319825
-4.34606e-008	0.0088379
-4.34356e-008	0.0198731
-4.34106e-008	0.0214844
-4.33856e-008	0.0262695
-4.33606e-008	0.0189941
-4.33356e-008	0.0122315
-4.33106e-008	0.027417
-4.32856e-008	0.0236084
-4.32606e-008	0.0103027
-4.32356e-008	0.0239258
-4.32106e-008	0.0284424
-4.31856e-008	0.0247559
-4.31606e-008	0.0317383
-4.31356e-008	0.0251221
-4.31106e-008	0.0201172
-4.30856e-008	0.01521
-4.30606e-008	0.00390626
-4.30356e-008	0.0139893
-4.30106e-008	0.0172363
-4.29856e-008	0.0208496
-4.29606e-008	0.0432129
-4.29356e-008	0.0288574
-4.29106e-008	0.00878907
-4.28856e-008	0.0235352
-4.28606e-008	0.0281983
-4.28356e-008	0.0220459
-4.28106e-008	0.0179443
-4.27856e-008	0.0212891
-4.27606e-008	0.031958
-4.27356e-008	0.0208984
-4.27106e-008	0.0111084
-4.26856e-008	0.0202881
-4.26606e-008	0.0164795
-4.26356e-008	0.0145752
-4.26106e-008	0.0232666
-4.25856e-008	0.0228027
-4.25606e-008	0.0199219
-4.25356e-008	0.020752
-4.25106e-008	0.0340088
-4.24856e-008	0.0387451
-4.24606e-008	0.0207275
-4.24356e-008	0.0253418
-4.24106e-008	0.0247559
-4.23856e-008	-0.00395507
-4.23606e-008	0.00839845
-4.23356e-008	0.0357422
-4.23106e-008	0.0216309
-4.22856e-008	0.00463868
-4.22606e-008	0.0130615
-4.22356e-008	0.0228272
-4.22106e-008	0.0156006
-4.21856e-008	0.0209229
-4.21606e-008	0.030542
-4.21356e-008	0.016626
-4.21106e-008	0.0226318
-4.20856e-008	0.0346436
-4.20606e-008	0.0204834
-4.20356e-008	0.0196777
-4.20106e-008	0.0241211
-4.19856e-008	0.0211426
-4.19606e-008	0.0221924
-4.19356e-008	0.0183594
-4.19106e-008	0.0210205
-4.18856e-008	0.0156738
-4.18606e-008	0.00419923
-4.18356e-008	0.0187012
-4.18106e-008	0.0250733
-4.17856e-008	0.0236572
-4.17606e-008	0.0351563
-4.17356e-008	0.027417
-4.17106e-008	0.00898438
-4.16856e-008	0.00568848
-4.16606e-008	0.0188477
-4.16356e-008	0.0293457
-4.16106e-008	0.0220947
-4.15856e-008	0.0235352
-4.15606e-008	0.0353516
-4.15356e-008	0.0340088
-4.15106e-008	0.0249024
-4.14856e-008	0.0185791
-4.14606e-008	0.0164795
-4.14356e-008	0.0165283
-4.14106e-008	0.0123291
-4.13856e-008	0.0140625
-4.13606e-008	0.0245361
-4.13356e-008	0.0226074
-4.13106e-008	0.0244141
-4.12856e-008	0.0308838
-4.12606e-008	0.0248779
-4.12356e-008	0.0273682
-4.12106e-008	0.019165
-4.11856e-008	0.00729981
-4.11606e-008	0.019043
-4.11356e-008	0.0264893
-4.11106e-008	0.0317139
-4.10856e-008	0.0225342
-4.10606e-008	0.00742188
-4.10356e-008	0.0199219
-4.10106e-008	0.020459
-4.09856e-008	0.0186524
-4.09606e-008	0.0324219
-4.09356e-008	0.0284912
-4.09106e-008	0.0211914
-4.08856e-008	0.0187744
-4.08606e-008	0.0166748
-4.08356e-008	0.0119873
-4.08106e-008	0.00163575
-4.07856e-008	0.00798341
-4.07606e-008	0.0257568
-4.07356e-008	0.0329102
-4.07106e-008	0.0264404
-4.06856e-008	0.0224854
-4.06606e-008	0.0257813
-4.06356e-008	0.0228516
-4.06106e-008	0.0224121
-4.05856e-008	0.0274902
-4.05606e-008	0.0289551
-4.05356e-008	0.026294
-4.05106e-008	0.028418
-4.04856e-008	0.0277832
-4.04606e-008	0.0187744
-4.04356e-008	0.0199463
-4.04106e-008	0.0236328
-4.03856e-008	0.0216797
-4.03606e-008	0.00932618
-4.03356e-008	0.0102295
-4.03106e-008	0.0333984
-4.02856e-008	0.0170166
-4.02606e-008	-0.00212402
-4.02356e-008	0.0196289
-4.02106e-008	0.0321777
-4.01856e-008	0.0290527
-4.01606e-008	0.0250244
-4.01356e-008	0.0286865
-4.01106e-008	0.0189697
-4.00856e-008	-0.00546874
-4.00606e-008	0.00556641
-4.00356e-008	0.0189941
-4.00106e-008	0.0147949
-3.99856e-008	0.030127
-3.99606e-008	0.0251953
-3.99356e-008	0.0129883
-3.99106e-008	0.0287109
-3.98856e-008	0.023584
-3.98606e-008	0.0149658
-3.98356e-008	0.0166992
-3.98106e-008	0.0139893
-3.97856e-008	0.0190186
-3.97606e-008	0.0147217
-3.97356e-008	0.0158447
-3.97106e-008	0.0208008
-3.96856e-008	0.0163818
-3.96606e-008	0.0238525
-3.96356e-008	0.0300537
-3.96106e-008	0.0220459
-3.95856e-008	0.0125244
-3.95606e-008	0.0156494
-3.95356e-008	0.0236816
-3.95106e-008	0.0233643
-3.94856e-008	0.018335
-3.94606e-008	0.0193359
-3.94356e-008	0.0244385
-3.94106e-008	0.0157715
-3.93856e-008	0.0103516
-3.93606e-008	0.0208496
-3.93356e-008	0.0313233
-3.93106e-008	0.0311279
-3.92856e-008	0.0197754
-3.92606e-008	0.0151856
-3.92356e-008	0.0166504
-3.92106e-008	0.0215576
-3.91856e-008	0.0249512
-3.91606e-008	0.0174805
-3.91356e-008	0.0229248
-3.91106e-008	0.0295654
-3.90856e-008	0.023169
-3.90606e-008	0.0230469
-3.90356e-008	0.0221191
-3.90106e-008	0.0244385
-3.89856e-008	0.0288818
-3.89606e-008	0.0222168
-3.89356e-008	0.0209717
-3.89106e-008	0.02229
-3.88856e-008	0.01604
-3.88606e-008	0.0145752
-3.88356e-008	0.0129883
-3.88106e-008	0.0136719
-3.87856e-008	0.0254395
-3.87606e-008	0.0284912
-3.87356e-008	0.025415
-3.87106e-008	0.0318115
-3.86856e-008	0.030835
-3.86606e-008	0.0188721
-3.86356e-008	0.0155762
-3.86106e-008	0.0255615
-3.85856e-008	0.0243408
-3.85606e-008	0.0127197
-3.85356e-008	0.0171143
-3.85106e-008	0.0125
-3.84856e-008	-0.00190429
-3.84606e-008	0.0124268
-3.84356e-008	0.0327881
-3.84106e-008	0.0310059
-3.83856e-008	0.0227539
-3.83606e-008	0.021875
-3.83356e-008	0.0282227
-3.83106e-008	0.0270508
-3.82856e-008	0.00915528
-3.82606e-008	0.00925294
-3.82356e-008	0.027002
-3.82106e-008	0.0203125
-3.81856e-008	0.0161865
-3.81606e-008	0.0197998
-3.81356e-008	0.0104248
-3.81106e-008	0.02146
-3.80856e-008	0.0343506
-3.80606e-008	0.0348633
-3.80356e-008	0.0429199
-3.80106e-008	0.0319092
-3.79856e-008	0.0186524
-3.79606e-008	0.0221436
-3.79356e-008	0.0209961
-3.79106e-008	0.0216065
-3.78856e-008	0.0165039
-3.78606e-008	0.0148682
-3.78356e-008	0.0327881
-3.78106e-008	0.0320313
-3.77856e-008	0.0163818
-3.77606e-008	0.0185791
-3.77356e-008	0.0303711
-3.77106e-008	0.033374
-3.76856e-008	0.0181641
-3.76606e-008	0.0134033
-3.76356e-008	0.0203369
-3.76106e-008	0.0188721
-3.75856e-008	0.0297363
-3.75606e-008	0.0297363
-3.75356e-008	0.0257324
-3.75106e-008	0.0376221
-3.74856e-008	0.0231934
-3.74606e-008	0.0148682
-3.74356e-008	0.0208252
-3.74106e-008	0.00688477
-3.73856e-008	0.00830079
-3.73606e-008	0.0169678
-3.73356e-008	0.0197266
-3.73106e-008	0.0280029
-3.72856e-008	0.019043
-3.72606e-008	0.0140869
-3.72356e-008	0.0199219
-3.72106e-008	0.0100586
-3.71856e-008	0.0166748
-3.71606e-008	0.0295654
-3.71356e-008	0.0302734
-3.71106e-008	0.0352295
-3.70856e-008	0.0164551
-3.70606e-008	0.00505372
-3.70356e-008	0.0162109
-3.70106e-008	0.00876466
-3.69856e-008	0.0103272
-3.69606e-008	0.0213135
-3.69356e-008	0.0257813
-3.69106e-008	0.0317139
-3.68856e-008	0.0145996
-3.68606e-008	-0.00437011
-3.68356e-008	0.0136231
-3.68106e-008	0.0243164
-3.67856e-008	0.0132813
-3.67606e-008	0.0216797
-3.67356e-008	0.0250733
-3.67106e-008	0.0158691
-3.66856e-008	0.0256592
-3.66606e-008	0.0308838
-3.66356e-008	0.0211914
-3.66106e-008	0.0142334
-3.65856e-008	0.0088379
-3.65606e-008	0.0139893
-3.65356e-008	0.0238281
-3.65106e-008	0.0203613
-3.64856e-008	0.016919
-3.64606e-008	0.0167969
-3.64356e-008	0.0238525
-3.64106e-008	0.0361328
-3.63856e-008	0.0265625
-3.63606e-008	0.0189209
-3.63356e-008	0.0312744
-3.63106e-008	0.0299561
-3.62856e-008	0.0160156
-3.62606e-008	0.0168945
-3.62356e-008	0.026416
-3.62106e-008	0.0229736
-3.61856e-008	0.0171387
-3.61606e-008	0.019751
-3.61356e-008	0.0248291
-3.61106e-008	0.0315186
-3.60856e-008	0.0247315
-3.60606e-008	0.01521
-3.60356e-008	0.0171875
-3.60106e-008	0.00922852
-3.59856e-008	0.0121826
-3.59606e-008	0.0245361
-3.59356e-008	0.021167
-3.59106e-008	0.0254883
-3.58856e-008	0.0235352
-3.58606e-008	0.0209229
-3.58356e-008	0.033667
-3.58106e-008	0.0304932
-3.57856e-008	0.0227539
-3.57606e-008	0.01875
-3.57356e-008	0.0148682
-3.57106e-008	0.0173096
-3.56856e-008	0.0175293
-3.56606e-008	0.017749
-3.56356e-008	0.0169434
-3.56106e-008	0.0167969
-3.55856e-008	0.0172363
-3.55606e-008	0.0187744
-3.55356e-008	0.035791
-3.55106e-008	0.043335
-3.54856e-008	0.0151611
-3.54606e-008	0.0034668
-3.54356e-008	0.0259766
-3.54106e-008	0.0232178
-3.53856e-008	0.011084
-3.53606e-008	0.0181641
-3.53356e-008	0.0165039
-3.53106e-008	0.0152344
-3.52856e-008	0.0201172
-3.52606e-008	0.023584
-3.52356e-008	0.0272217
-3.52106e-008	0.023584
-3.51856e-008	0.025415
-3.51606e-008	0.0281006
-3.51356e-008	0.0254883
-3.51106e-008	0.0315186
-3.50856e-008	0.0255859
-3.50606e-008	0.0136719
-3.50356e-008	0.0170166
-3.50106e-008	0.0165527
-3.49856e-008	0.0157471
-3.49606e-008	0.0228272
-3.49356e-008	0.0198731
-3.49106e-008	0.00773927
-3.48856e-008	0.0131348
-3.48606e-008	0.0288574
-3.48356e-008	0.0294678
-3.48106e-008	0.0249756
-3.47856e-008	0.020166
-3.47606e-008	0.015332
-3.47356e-008	0.0166016
-3.47106e-008	0.0254395
-3.46856e-008	0.0297119
-3.46606e-008	0.0233887
-3.46356e-008	0.0257568
-3.46106e-008	0.0171875
-3.45856e-008	0.0113037
-3.45606e-008	0.0269287
-3.45356e-008	0.0244873
-3.45106e-008	0.024585
-3.44856e-008	0.0216553
-3.44606e-008	0.00705567
-3.44356e-008	0.0158691
-3.44106e-008	0.019165
-3.43856e-008	0.0198486
-3.43606e-008	0.0291748
-3.43356e-008	0.0238037
-3.43106e-008	0.017749
-3.42856e-008	0.0185059
-3.42606e-008	0.0191406
-3.42356e-008	0.0172852
-3.42106e-008	0.0210449
-3.41856e-008	0.0278565
-3.41606e-008	0.0187744
-3.41356e-008	0.0195557
-3.41106e-008	0.0296387
-3.40856e-008	0.0158447
-3.40606e-008	0.0193848
-3.40356e-008	0.0301758
-3.40106e-008	0.00600587
-3.39856e-008	0.00153809
-3.39606e-008	0.0176758
-3.39356e-008	0.0250488
-3.39106e-008	0.0309082
-3.38856e-008	0.0208496
-3.38606e-008	0.015625
-3.38356e-008	0.0188721
-3.38106e-008	0.0137207
-3.37856e-008	0.0225342
-3.37606e-008	0.024707
-3.37356e-008	0.0155029
-3.37106e-008	0.0294922
-3.36856e-008	0.0237305
-3.36606e-008	0.00173341
-3.36356e-008	0.0109619
-3.36106e-008	0.0197998
-3.35856e-008	0.0217041
-3.35606e-008	0.0140137
-3.35356e-008	0.0123291
-3.35106e-008	0.0292481
-3.34856e-008	0.0197266
-3.34606e-008	0.0185547
-3.34356e-008	0.0283691
-3.34106e-008	0.017627
-3.33856e-008	0.0189209
-3.33606e-008	0.0148926
-3.33356e-008	0.0123291
-3.33106e-008	0.0350342
-3.32856e-008	0.034082
-3.32606e-008	0.0130371
-3.32356e-008	0.0216309
-3.32106e-008	0.0317871
-3.31856e-008	0.0236084
-3.31606e-008	0.0150635
-3.31356e-008	0.00949708
-3.31106e-008	0.0251953
-3.30856e-008	0.0305176
-3.30606e-008	0.0187256
-3.30356e-008	0.0302734
-3.30106e-008	0.0341065
-3.29856e-008	0.0227295
-3.29606e-008	0.0171631
-3.29356e-008	0.0227051
-3.29106e-008	0.0364258
-3.28856e-008	0.0249024
-3.28606e-008	0.00715333
-3.28356e-008	0.0203613
-3.28106e-008	0.0312744
-3.27856e-008	0.0279297
-3.27606e-008	0.0289307
-3.27356e-008	0.0154297
-3.27106e-008	0.0057129
-3.26856e-008	0.0199219
-3.26606e-008	0.0243897
-3.26356e-008	0.0208008
-3.26106e-008	0.0204102
-3.25856e-008	0.0267334
-3.25606e-008	0.0364258
-3.25356e-008	0.0335693
-3.25106e-008	0.0322266
-3.24856e-008	0.0215332
-3.24606e-008	0.0128418
-3.24356e-008	0.033374
-3.24106e-008	0.0329102
-3.23856e-008	0.0150635
-3.23606e-008	0.0148193
-3.23356e-008	0.0139404
-3.23106e-008	0.0221191
-3.22856e-008	0.0286621
-3.22606e-008	0.0248047
-3.22356e-008	0.0269775
-3.22106e-008	0.0189941
-3.21856e-008	0.0150879
-3.21606e-008	0.0185303
-3.21356e-008	0.0153076
-3.21106e-008	0.0241455
-3.20856e-008	0.026001
-3.20606e-008	0.0265137
-3.20356e-008	0.0388916
-3.20106e-008	0.0243652
-3.19856e-008	0.00817872
-3.19606e-008	0.0156982
-3.19356e-008	0.0246582
-3.19106e-008	0.0277832
-3.18856e-008	0.0205811
-3.18606e-008	0.025415
-3.18356e-008	0.0291016
-3.18106e-008	0.0158936
-3.17856e-008	0.0245361
-3.17606e-008	0.0285645
-3.17356e-008	0.0219971
-3.17106e-008	0.0353027
-3.16856e-008	0.02854
-3.16606e-008	0.0137695
-3.16356e-008	0.024707
-3.16106e-008	0.027002
-3.15856e-008	0.0192871
-3.15606e-008	0.0310791
-3.15356e-008	0.04104
-3.15106e-008	0.0322266
-3.14856e-008	0.0276611
-3.14606e-008	0.0199707
-3.14356e-008	0.022168
-3.14106e-008	0.0378906
-3.13856e-008	0.0254639
-3.13606e-008	0.0152832
-3.13356e-008	0.0204834
-3.13106e-008	0.0220215
-3.12856e-008	0.0229248
-3.12606e-008	0.0153076
-3.12356e-008	0.0216309
-3.12106e-008	0.0291504
-3.11856e-008	0.0205078
-3.11606e-008	0.0181152
-3.11356e-008	0.0205811
-3.11106e-008	0.0220215
-3.10856e-008	0.0175293
-3.10606e-008	0.020044
-3.10356e-008	0.0241211
-3.10106e-008	0.0168457
-3.09856e-008	0.0175293
-3.09606e-008	0.0148682
-3.09356e-008	0.0110352
-3.09106e-008	0.0183838
-3.08856e-008	0.0148438
-3.08606e-008	0.0109131
-3.08356e-008	0.0185791
-3.08106e-008	0.0155518
-3.07856e-008	0.0115723
-3.07606e-008	0.0227783
-3.07356e-008	0.026294
-3.07106e-008	0.0189697
-3.06856e-008	0.0182373
-3.06606e-008	0.0231201
-3.06356e-008	0.023999
-3.06106e-008	0.0202637
-3.05856e-008	0.0181397
-3.05606e-008	0.0131348
-3.05356e-008	0.0186768
-3.05106e-008	0.0292969
-3.04856e-008	0.0214844
-3.04606e-008	0.025293
-3.04356e-008	0.0349121
-3.04106e-008	0.0279785
-3.03856e-008	0.0235107
-3.03606e-008	0.0171875
-3.03356e-008	0.0228516
-3.03106e-008	0.0310059
-3.02856e-008	0.011499
-3.02606e-008	0.00791016
-3.02356e-008	0.0284668
-3.02106e-008	0.0289551
-3.01856e-008	0.0252441
-3.01606e-008	0.0321289
-3.01356e-008	0.0281738
-3.01106e-008	0.0210938
-3.00856e-008	0.0189453
-3.00606e-008	0.0150635
-3.00356e-008	0.0105713
-3.00106e-008	0.0176514
-2.99856e-008	0.0286865
-2.99606e-008	0.0161377
-2.99356e-008	0.0125244
-2.99106e-008	0.0238281
-2.98856e-008	0.0208252
-2.98606e-008	0.0265869
-2.98356e-008	0.0226807
-2.98106e-008	0.0128662
-2.97856e-008	0.0253906
-2.97606e-008	0.025
-2.97356e-008	0.0213379
-2.97106e-008	0.0255371
-2.96856e-008	0.0126465
-2.96606e-008	0.00732423
-2.96356e-008	0.0171143
-2.96106e-008	0.0186279
-2.95856e-008	0.0206543
-2.95606e-008	0.0226807
-2.95356e-008	0.0256836
-2.95106e-008	0.0327881
-2.94856e-008	0.0228516
-2.94606e-008	0.0216065
-2.94356e-008	0.0284912
-2.94106e-008	0.0102539
-2.93856e-008	0.00349122
-2.93606e-008	0.0159668
-2.93356e-008	0.0253662
-2.93106e-008	0.0260498
-2.92856e-008	0.0165039
-2.92606e-008	0.0179199
-2.92356e-008	0.0236328
-2.92106e-008	0.0238525
-2.91856e-008	0.0210449
-2.91606e-008	0.0168945
-2.91356e-008	0.0213135
-2.91106e-008	0.020044
-2.90856e-008	0.0175781
-2.90606e-008	0.0205811
-2.90356e-008	0.0220459
-2.90106e-008	0.0219971
-2.89856e-008	0.00708009
-2.89606e-008	0.00385743
-2.89356e-008	0.0180664
-2.89106e-008	0.018335
-2.88856e-008	0.0238037
-2.88606e-008	0.0278809
-2.88356e-008	0.0174561
-2.88106e-008	0.0219238
-2.87856e-008	0.0260742
-2.87606e-008	0.0172119
-2.87356e-008	0.0293945
-2.87106e-008	0.0369141
-2.86856e-008	0.0142334
-2.86606e-008	0.017334
-2.86356e-008	0.0268555
-2.86106e-008	0.0104981
-2.85856e-008	0.022168
-2.85606e-008	0.0312012
-2.85356e-008	0.0190186
-2.85106e-008	0.0306397
-2.84856e-008	0.0222656
-2.84606e-008	0.00466309
-2.84356e-008	0.0163086
-2.84106e-008	0.0197754
-2.83856e-008	0.0199707
-2.83606e-008	0.0167236
-2.83356e-008	0.0186035
-2.83106e-008	0.0263428
-2.82856e-008	0.0119385
-2.82606e-008	0.023291
-2.82356e-008	0.0351318
-2.82106e-008	0.00874024
-2.81856e-008	0.0167969
-2.81606e-008	0.0277832
-2.81356e-008	0.0117676
-2.81106e-008	0.0197022
-2.80856e-008	0.0175293
-2.80606e-008	0.013916
-2.80356e-008	0.0290527
-2.80106e-008	0.0280518
-2.79856e-008	0.031543
-2.79606e-008	0.0263184
-2.79356e-008	0.0186279
-2.79106e-008	0.0300293
-2.78856e-008	0.0134277
-2.78606e-008	0.00283204
-2.78356e-008	0.020752
-2.78106e-008	0.0223877
-2.77856e-008	0.0207764
-2.77606e-008	0.0237549
-2.77356e-008	0.0219971
-2.77106e-008	0.0229981
-2.76856e-008	0.0223389
-2.76606e-008	0.0166504
-2.76356e-008	0.0158447
-2.76106e-008	0.0183838
-2.75856e-008	0.0176025
-2.75606e-008	0.0177002
-2.75356e-008	0.0175049
-2.75106e-008	0.0223145
-2.74856e-008	0.0244629
-2.74606e-008	0.0124512
-2.74356e-008	0.0178223
-2.74106e-008	0.0325928
-2.73856e-008	0.0175537
-2.73606e-008	0.00175782
-2.73356e-008	0.0147461
-2.73106e-008	0.0281738
-2.72856e-008	0.0215576
-2.72606e-008	0.0184326
-2.72356e-008	0.0238037
-2.72106e-008	0.0172607
-2.71856e-008	0.020874
-2.71606e-008	0.0314209
-2.71356e-008	0.0173096
-2.71106e-008	0.00942384
-2.70856e-008	0.013501
-2.70606e-008	0.0105957
-2.70356e-008	0.0131592
-2.70106e-008	0.0149902
-2.69856e-008	0.0173828
-2.69606e-008	0.0172363
-2.69356e-008	0.0140381
-2.69106e-008	0.0160156
-2.68856e-008	0.0124512
-2.68606e-008	0.0193848
-2.68356e-008	0.0246826
-2.68106e-008	0.0155762
-2.67856e-008	0.00986329
-2.67606e-008	0.00661622
-2.67356e-008	0.0290527
-2.67106e-008	0.0381592
-2.66856e-008	0.0103027
-2.66606e-008	0.0192383
-2.66356e-008	0.0364746
-2.66106e-008	0.0199463
-2.65856e-008	0.0202149
-2.65606e-008	0.0323731
-2.65356e-008	0.0281494
-2.65106e-008	0.0227539
-2.64856e-008	0.0116455
-2.64606e-008	0.011499
-2.64356e-008	0.0314941
-2.64106e-008	0.0232178
-2.63856e-008	0.0135742
-2.63606e-008	0.0265137
-2.63356e-008	0.0214356
-2.63106e-008	0.0240723
-2.62856e-008	0.0338379
-2.62606e-008	0.0218994
-2.62356e-008	0.0186035
-2.62106e-008	0.019165
-2.61856e-008	0.0191162
-2.61606e-008	0.0264404
-2.61356e-008	0.0232178
-2.61106e-008	0.0256592
-2.60856e-008	0.0164307
-2.60606e-008	-0.00146484
-2.60356e-008	0.0174805
-2.60106e-008	0.031543
-2.59856e-008	0.0232178
-2.59606e-008	0.017627
-2.59356e-008	0.0237061
-2.59106e-008	0.0359375
-2.58856e-008	0.0139404
-2.58606e-008	-0.003833
-2.58356e-008	0.0155029
-2.58106e-008	0.0201172
-2.57856e-008	0.0114258
-2.57606e-008	0.0167481
-2.57356e-008	0.0359619
-2.57106e-008	0.0316406
-2.56856e-008	0.00295411
-2.56606e-008	0.010791
-2.56356e-008	0.02854
-2.56106e-008	0.027002
-2.55856e-008	0.0307617
-2.55606e-008	0.0203613
-2.55356e-008	0.0123535
-2.55106e-008	0.0255859
-2.54856e-008	0.0249024
-2.54606e-008	0.0207275
-2.54356e-008	0.0236328
-2.54106e-008	0.0174805
-2.53856e-008	0.0151856
-2.53606e-008	0.0173096
-2.53356e-008	0.0244873
-2.53106e-008	0.0333252
-2.52856e-008	0.0233399
-2.52606e-008	0.0176758
-2.52356e-008	0.0249268
-2.52106e-008	0.0310303
-2.51856e-008	0.0369141
-2.51606e-008	0.0132813
-2.51356e-008	-0.00598144
-2.51106e-008	0.0280274
-2.50856e-008	0.0384033
-2.50606e-008	0.0160156
-2.50356e-008	0.0165039
-2.50106e-008	0.0172852
-2.49856e-008	0.0185547
-2.49606e-008	0.0144043
-2.49356e-008	0.0141113
-2.49106e-008	0.0282715
-2.48856e-008	0.0173096
-2.48606e-008	0.0170166
-2.48356e-008	0.0199463
-2.48106e-008	0.00852052
-2.47856e-008	0.0224365
-2.47606e-008	0.0182617
-2.47356e-008	0.0120361
-2.47106e-008	0.0324951
-2.46856e-008	0.0303955
-2.46606e-008	0.0244629
-2.46356e-008	0.0260254
-2.46106e-008	0.0105713
-2.45856e-008	0.0104492
-2.45606e-008	0.0271484
-2.45356e-008	0.0280762
-2.45106e-008	0.0301025
-2.44856e-008	0.0256592
-2.44606e-008	0.0134277
-2.44356e-008	0.0178467
-2.44106e-008	0.0186035
-2.43856e-008	0.0173096
-2.43606e-008	0.0215332
-2.43356e-008	0.0205566
-2.43106e-008	0.0253662
-2.42856e-008	0.0299072
-2.42606e-008	0.0213623
-2.42356e-008	0.0198731
-2.42106e-008	0.0249024
-2.41856e-008	0.0171631
-2.41606e-008	0.0181885
-2.41356e-008	0.0310303
-2.41106e-008	0.0313477
-2.40856e-008	0.0244141
-2.40606e-008	0.0256104
-2.40356e-008	0.0320313
-2.40106e-008	0.0332764
-2.39856e-008	0.0214111
-2.39606e-008	0.00825196
-2.39356e-008	0.0198975
-2.39106e-008	0.033667
-2.38856e-008	0.0244873
-2.38606e-008	0.0128174
-2.38356e-008	0.0144531
-2.38106e-008	0.0282959
-2.37856e-008	0.0365234
-2.37606e-008	0.0327149
-2.37356e-008	0.0293701
-2.37106e-008	0.0333496
-2.36856e-008	0.0315918
-2.36606e-008	0.019165
-2.36356e-008	0.0217529
-2.36106e-008	0.0302734
-2.35856e-008	0.0250488
-2.35606e-008	0.0196533
-2.35356e-008	0.0240967
-2.35106e-008	0.026294
-2.34856e-008	0.0154297
-2.34606e-008	0.0165283
-2.34356e-008	0.0234375
-2.34106e-008	0.01521
-2.33856e-008	0.0182617
-2.33606e-008	0.0264404
-2.33356e-008	0.0282959
-2.33106e-008	0.0364014
-2.32856e-008	0.0315674
-2.32606e-008	0.0171143
-2.32356e-008	0.0193604
-2.32106e-008	0.0224854
-2.31856e-008	0.0171631
-2.31606e-008	0.0197022
-2.31356e-008	0.0179932
-2.31106e-008	0.013501
-2.30856e-008	0.0197022
-2.30606e-008	0.026416
-2.30356e-008	0.0351563
-2.30106e-008	0.031958
-2.29856e-008	0.0234131
-2.29606e-008	0.0261231
-2.29356e-008	0.0269531
-2.29106e-008	0.0284668
-2.28856e-008	0.00871583
-2.28606e-008	-0.00297851
-2.28356e-008	0.0243164
-2.28106e-008	0.0266113
-2.27856e-008	0.0121826
-2.27606e-008	0.017041
-2.27356e-008	0.0227295
-2.27106e-008	0.0179199
-2.26856e-008	0.00563966
-2.26606e-008	0.00725098
-2.26356e-008	0.0179199
-2.26106e-008	0.0123779
-2.25856e-008	0.00754395
-2.25606e-008	0.0179199
-2.25356e-008	0.0201172
-2.25106e-008	0.0193359
-2.24856e-008	0.021167
-2.24606e-008	0.0124756
-2.24356e-008	0.0156982
-2.24106e-008	0.0223389
-2.23856e-008	0.015332
-2.23606e-008	0.0178711
-2.23356e-008	0.020459
-2.23106e-008	0.014624
-2.22856e-008	0.0159912
-2.22606e-008	0.0163086
-2.22356e-008	0.0199951
-2.22106e-008	0.0306641
-2.21856e-008	0.024585
-2.21606e-008	0.00725098
-2.21356e-008	0.0104248
-2.21106e-008	0.030957
-2.20856e-008	0.0206543
-2.20606e-008	0.00803223
-2.20356e-008	0.028833
-2.20106e-008	0.0193604
-2.19856e-008	0.00683595
-2.19606e-008	0.0244385
-2.19356e-008	0.0307617
-2.19106e-008	0.0336426
-2.18856e-008	0.0281006
-2.18606e-008	0.0189209
-2.18356e-008	0.0172607
-2.18106e-008	0.0168945
-2.17856e-008	0.0206299
-2.17606e-008	0.0106934
-2.17356e-008	0.00458985
-2.17106e-008	0.0160645
-2.16856e-008	0.018335
-2.16606e-008	0.0169678
-2.16356e-008	0.0196777
-2.16106e-008	0.0223633
-2.15856e-008	0.024585
-2.15606e-008	0.020166
-2.15356e-008	0.0213867
-2.15106e-008	0.0286377
-2.14856e-008	0.0243897
-2.14606e-008	0.0179443
-2.14356e-008	0.0156006
-2.14106e-008	0.022583
-2.13856e-008	0.0366699
-2.13606e-008	0.0306641
-2.13356e-008	0.0208252
-2.13106e-008	0.0255859
-2.12856e-008	0.019751
-2.12606e-008	0.0205078
-2.12356e-008	0.0352051
-2.12106e-008	0.0223877
-2.11856e-008	0.00429688
-2.11606e-008	0.0133301
-2.11356e-008	0.0212402
-2.11106e-008	0.0254639
-2.10856e-008	0.0296143
-2.10606e-008	0.0233399
-2.10356e-008	0.0242188
-2.10106e-008	0.0255859
-2.09856e-008	0.017334
-2.09606e-008	0.0201416
-2.09356e-008	0.0278809
-2.09106e-008	0.0240723
-2.08856e-008	0.0119385
-2.08606e-008	0.0115967
-2.08356e-008	0.0219971
-2.08106e-008	0.020044
-2.07856e-008	0.0170654
-2.07606e-008	0.0149902
-2.07356e-008	0.0158447
-2.07106e-008	0.0196777
-2.06856e-008	0.00996095
-2.06606e-008	0.0239258
-2.06356e-008	0.0387207
-2.06106e-008	0.0156494
-2.05856e-008	0.0183106
-2.05606e-008	0.0265869
-2.05356e-008	0.0139404
-2.05106e-008	0.0292481
-2.04856e-008	0.0327881
-2.04606e-008	0.0175049
-2.04356e-008	0.025415
-2.04106e-008	0.0250977
-2.03856e-008	0.0162354
-2.03606e-008	0.0214844
-2.03356e-008	0.0232178
-2.03106e-008	0.0174561
-2.02856e-008	0.0171631
-2.02606e-008	0.0190918
-2.02356e-008	0.0154541
-2.02106e-008	0.0195313
-2.01856e-008	0.0317383
-2.01606e-008	0.0283936
-2.01356e-008	0.0259277
-2.01106e-008	0.0341065
-2.00856e-008	0.0150635
-2.00606e-008	0.00429688
-2.00356e-008	0.0165772
-2.00106e-008	0.000268562
-1.99856e-008	0.0036377
-1.99606e-008	0.026416
-1.99356e-008	0.0191406
-1.99106e-008	0.0181152
-1.98856e-008	0.0170654
-1.98606e-008	0.0153809
-1.98356e-008	0.0254395
-1.98106e-008	0.0227295
-1.97856e-008	0.017041
-1.97606e-008	0.0174072
-1.97356e-008	0.0297363
-1.97106e-008	0.0301514
-1.96856e-008	0.0125488
-1.96606e-008	0.018335
-1.96356e-008	0.0297363
-1.96106e-008	0.0295166
-1.95856e-008	0.010669
-1.95606e-008	-0.000317375
-1.95356e-008	0.0293457
-1.95106e-008	0.0301758
-1.94856e-008	0.00939942
-1.94606e-008	0.0193604
-1.94356e-008	0.0260498
-1.94106e-008	0.0232178
-1.93856e-008	0.0253418
-1.93606e-008	0.0235352
-1.93356e-008	0.0161865
-1.93106e-008	0.0232422
-1.92856e-008	0.027002
-1.92606e-008	0.0148438
-1.92356e-008	0.0229736
-1.92106e-008	0.0306152
-1.91856e-008	0.0209961
-1.91606e-008	0.0196289
-1.91356e-008	0.023169
-1.91106e-008	0.0119141
-1.90856e-008	0.00456544
-1.90606e-008	0.0210205
-1.90356e-008	0.0240479
-1.90106e-008	0.0243408
-1.89856e-008	0.0292725
-1.89606e-008	0.00939942
-1.89356e-008	0.00751954
-1.89106e-008	0.0269287
-1.88856e-008	0.0286133
-1.88606e-008	0.0255615
-1.88356e-008	0.0275879
-1.88106e-008	0.0278809
-1.87856e-008	0.0193359
-1.87606e-008	0.0127197
-1.87356e-008	0.0216553
-1.87106e-008	0.0210938
-1.86856e-008	0.0106934
-1.86606e-008	0.0149902
-1.86356e-008	0.0238037
-1.86106e-008	0.0304199
-1.85856e-008	0.034375
-1.85606e-008	0.0293457
-1.85356e-008	0.019043
-1.85106e-008	0.0157959
-1.84856e-008	0.0194336
-1.84606e-008	0.0140137
-1.84356e-008	0.014502
-1.84106e-008	0.0219971
-1.83856e-008	0.0188721
-1.83606e-008	0.0178711
-1.83356e-008	0.0128906
-1.83106e-008	0.00864259
-1.82856e-008	0.00634766
-1.82606e-008	-0.00385741
-1.82356e-008	0.00830079
-1.82106e-008	0.02771
-1.81856e-008	0.0206299
-1.81606e-008	0.0113281
-1.81356e-008	0.0224121
-1.81106e-008	0.0256348
-1.80856e-008	0.012793
-1.80606e-008	0.0161865
-1.80356e-008	0.016333
-1.80106e-008	0.012915
-1.79856e-008	0.0280274
-1.79606e-008	0.0298828
-1.79356e-008	0.0243652
-1.79106e-008	0.0254639
-1.78856e-008	0.00949708
-1.78606e-008	0.00161134
-1.78356e-008	0.0144531
-1.78106e-008	0.011792
-1.77856e-008	0.0109863
-1.77606e-008	0.0145996
-1.77356e-008	0.014624
-1.77106e-008	0.0365234
-1.76856e-008	0.030835
-1.76606e-008	0.0141602
-1.76356e-008	0.0273926
-1.76106e-008	0.0105225
-1.75856e-008	0.00107423
-1.75606e-008	0.0192627
-1.75356e-008	0.0255615
-1.75106e-008	0.0341797
-1.74856e-008	0.0174316
-1.74606e-008	0.0081543
-1.74356e-008	0.0324463
-1.74106e-008	0.0286377
-1.73856e-008	0.020874
-1.73606e-008	0.0243408
-1.73356e-008	0.0235596
-1.73106e-008	0.0289307
-1.72856e-008	0.0182129
-1.72606e-008	0.0108643
-1.72356e-008	0.0198486
-1.72106e-008	0.0205322
-1.71856e-008	0.0305664
-1.71606e-008	0.0322754
-1.71356e-008	0.0121582
-1.71106e-008	0.016626
-1.70856e-008	0.0272705
-1.70606e-008	0.0185547
-1.70356e-008	0.0247559
-1.70106e-008	0.0308838
-1.69856e-008	0.0174072
-1.69606e-008	0.0131836
-1.69356e-008	0.027832
-1.69106e-008	0.0416016
-1.68856e-008	0.0364502
-1.68606e-008	0.0233887
-1.68356e-008	0.0202393
-1.68106e-008	0.0206787
-1.67856e-008	0.0183106
-1.67606e-008	0.0159424
-1.67356e-008	0.0147461
-1.67106e-008	0.022168
-1.66856e-008	0.0289307
-1.66606e-008	0.0200684
-1.66356e-008	0.0197998
-1.66106e-008	0.0245117
-1.65856e-008	0.0168457
-1.65606e-008	0.0211914
-1.65356e-008	0.0245606
-1.65106e-008	0.0162842
-1.64856e-008	0.0215088
-1.64606e-008	0.0249512
-1.64356e-008	0.0248291
-1.64106e-008	0.0334717
-1.63856e-008	0.0229248
-1.63606e-008	0.00947266
-1.63356e-008	0.0172363
-1.63106e-008	0.0179932
-1.62856e-008	0.0147461
-1.62606e-008	0.021167
-1.62356e-008	0.0260742
-1.62106e-008	0.0226318
-1.61856e-008	0.0251465
-1.61606e-008	0.0298584
-1.61356e-008	0.0177979
-1.61106e-008	0.0219971
-1.60856e-008	0.0332764
-1.60606e-008	0.020459
-1.60356e-008	0.018335
-1.60106e-008	0.0230957
-1.59856e-008	0.0235107
-1.59606e-008	0.0248535
-1.59356e-008	0.0188965
-1.59106e-008	0.0128174
-1.58856e-008	0.0101074
-1.58606e-008	0.0172363
-1.58356e-008	0.0248291
-1.58106e-008	0.0261963
-1.57856e-008	0.0214111
-1.57606e-008	0.0132568
-1.57356e-008	0.028125
-1.57106e-008	0.0406494
-1.56856e-008	0.0271973
-1.56606e-008	0.0237061
-1.56356e-008	0.03396
-1.56106e-008	0.0290527
-1.55856e-008	0.0233643
-1.55606e-008	0.0287842
-1.55356e-008	0.0164307
-1.55106e-008	0.0104004
-1.54856e-008	0.0297852
-1.54606e-008	0.0280518
-1.54356e-008	0.0177979
-1.54106e-008	0.0297119
-1.53856e-008	0.0260254
-1.53606e-008	0.0129395
-1.53356e-008	0.0253906
-1.53106e-008	0.0292481
-1.52856e-008	0.0196533
-1.52606e-008	0.0212158
-1.52356e-008	0.0212158
-1.52106e-008	0.0197022
-1.51856e-008	0.0248779
-1.51606e-008	0.027002
-1.51356e-008	0.0278565
-1.51106e-008	0.0255859
-1.50856e-008	-0.000878899
-1.50606e-008	-0.00239257
-1.50356e-008	0.0388916
-1.50106e-008	0.0386475
-1.49856e-008	0.0240234
-1.49606e-008	0.0342285
-1.49356e-008	0.0197998
-1.49106e-008	0.00456544
-1.48856e-008	0.0161133
-1.48606e-008	0.0259033
-1.48356e-008	0.0288818
-1.48106e-008	0.0319336
-1.47856e-008	0.0252686
-1.47606e-008	0.015332
-1.47356e-008	0.0167969
-1.47106e-008	0.0189941
-1.46856e-008	0.0163818
-1.46606e-008	0.0154541
-1.46356e-008	0.0161133
-1.46106e-008	0.0157227
-1.45856e-008	0.0206299
-1.45606e-008	0.027832
-1.45356e-008	0.0234863
-1.45106e-008	0.0238281
-1.44856e-008	0.0320557
-1.44606e-008	0.0330566
-1.44356e-008	0.0286865
-1.44106e-008	0.0175049
-1.43856e-008	0.0189941
-1.43606e-008	0.0336426
-1.43356e-008	0.0414551
-1.43106e-008	0.0374268
-1.42856e-008	0.00817872
-1.42606e-008	-0.00483398
-1.42356e-008	0.0149658
-1.42106e-008	0.015625
-1.41856e-008	0.011792
-1.41606e-008	0.0138672
-1.41356e-008	0.0103272
-1.41106e-008	0.0175293
-1.40856e-008	0.0177734
-1.40606e-008	0.0120606
-1.40356e-008	0.0183594
-1.40106e-008	0.0243164
-1.39856e-008	0.0217041
-1.39606e-008	0.014917
-1.39356e-008	0.0168701
-1.39106e-008	0.0208984
-1.38856e-008	0.0165772
-1.38606e-008	0.0117188
-1.38356e-008	0.0141846
-1.38106e-008	0.0255615
-1.37856e-008	0.0320801
-1.37606e-008	0.0326172
-1.37356e-008	0.0339356
-1.37106e-008	0.0275879
-1.36856e-008	0.0202393
-1.36606e-008	0.0283936
-1.36356e-008	0.0347656
-1.36106e-008	0.0239258
-1.35856e-008	0.0170654
-1.35606e-008	0.00834962
-1.35356e-008	0.00253907
-1.35106e-008	0.0192383
-1.34856e-008	0.02229
-1.34606e-008	0.0208496
-1.34356e-008	0.0376465
-1.34106e-008	0.0289307
-1.33856e-008	0.0119385
-1.33606e-008	0.017627
-1.33356e-008	0.016919
-1.33106e-008	0.0234131
-1.32856e-008	0.035669
-1.32606e-008	0.0164063
-1.32356e-008	0.00622559
-1.32106e-008	0.0182129
-1.31856e-008	0.0142578
-1.31606e-008	0.0143066
-1.31356e-008	0.0268555
-1.31106e-008	0.0353272
-1.30856e-008	0.0309082
-1.30606e-008	0.0176758
-1.30356e-008	0.0168213
-1.30106e-008	0.0218018
-1.29856e-008	0.0232178
-1.29606e-008	0.020752
-1.29356e-008	0.0121826
-1.29106e-008	0.0106201
-1.28856e-008	0.0187988
-1.28606e-008	0.0186768
-1.28356e-008	0.0112549
-1.28106e-008	0.0191406
-1.27856e-008	0.0318359
-1.27606e-008	0.0290772
-1.27356e-008	0.0285889
-1.27106e-008	0.0293213
-1.26856e-008	0.0150391
-1.26606e-008	0.0195557
-1.26356e-008	0.0356934
-1.26106e-008	0.0195068
-1.25856e-008	0.0197022
-1.25606e-008	0.0344483
-1.25356e-008	0.0187012
-1.25106e-008	0.0156738
-1.24856e-008	0.010791
-1.24606e-008	-0.00161132
-1.24356e-008	0.0182129
-1.24106e-008	0.0277344
-1.23856e-008	0.0186524
-1.23606e-008	0.0147705
-1.23356e-008	0.0134277
-1.23106e-008	0.0157227
-1.22856e-008	0.00874024
-1.22606e-008	0.0123291
-1.22356e-008	0.029419
-1.22106e-008	0.0256836
-1.21856e-008	0.0175049
-1.21606e-008	0.0224121
-1.21356e-008	0.0280029
-1.21106e-008	0.0246582
-1.20856e-008	0.0211182
-1.20606e-008	0.030127
-1.20356e-008	0.0284912
-1.20106e-008	0.0213135
-1.19856e-008	0.0272949
-1.19606e-008	0.0157715
-1.19356e-008	0.0107178
-1.19106e-008	0.0273926
-1.18856e-008	0.0238037
-1.18606e-008	0.019751
-1.18356e-008	0.0162598
-1.18106e-008	0.00644532
-1.17856e-008	0.0218506
-1.17606e-008	0.0418945
-1.17356e-008	0.0423096
-1.17106e-008	0.0242676
-1.16856e-008	0.000219734
-1.16606e-008	-0.00119628
-1.16356e-008	0.0192627
-1.16106e-008	0.0285645
-1.15856e-008	0.0146729
-1.15606e-008	0.00888673
-1.15356e-008	0.0243652
-1.15106e-008	0.027832
-1.14856e-008	0.01604
-1.14606e-008	0.0166504
-1.14356e-008	0.0218018
-1.14106e-008	0.0244385
-1.13856e-008	0.0297608
-1.13606e-008	0.0280274
-1.13356e-008	0.0208496
-1.13106e-008	0.0243408
-1.12856e-008	0.0321777
-1.12606e-008	0.0203857
-1.12356e-008	0.0162842
-1.12106e-008	0.0243897
-1.11856e-008	0.0216065
-1.11606e-008	0.0185547
-1.11356e-008	0.00563966
-1.11106e-008	0.00952149
-1.10856e-008	0.0203857
-1.10606e-008	0.00903321
-1.10356e-008	0.00876466
-1.10106e-008	0.0157715
-1.09856e-008	0.0265137
-1.09606e-008	0.0248291
-1.09356e-008	0.016333
-1.09106e-008	0.0243164
-1.08856e-008	0.0216553
-1.08606e-008	0.025708
-1.08356e-008	0.0313965
-1.08106e-008	0.0235352
-1.07856e-008	0.0220947
-1.07606e-008	0.00996095
-1.07356e-008	0.0113281
-1.07106e-008	0.0328125
-1.06856e-008	0.0265625
-1.06606e-008	0.0163086
-1.06356e-008	0.0180176
-1.06106e-008	0.014624
-1.05856e-008	0.0260498
-1.05606e-008	0.0273926
-1.05356e-008	0.0112061
-1.05106e-008	0.0255859
-1.04856e-008	0.0319092
-1.04606e-008	0.0164307
-1.04356e-008	0.0221436
-1.04106e-008	0.0202393
-1.03856e-008	0.0167969
-1.03606e-008	0.0255859
-1.03356e-008	0.0188965
-1.03106e-008	0.0172363
-1.02856e-008	0.0187744
-1.02606e-008	0.00786134
-1.02356e-008	0.0108154
-1.02106e-008	0.0162109
-1.01856e-008	0.0084961
-1.01606e-008	0.0136719
-1.01356e-008	0.0286865
-1.01106e-008	0.0332031
-1.00856e-008	0.0255371
-1.00606e-008	0.0204834
-1.00356e-008	0.0244385
-1.00106e-008	0.0202149
-9.985603e-009	0.0174316
-9.960603e-009	0.0195801
-9.935603e-009	0.0161865
-9.910603e-009	0.0159424
-9.885603e-009	0.0193848
-9.860603e-009	0.0297363
-9.835603e-009	0.0308594
-9.810603e-009	0.0227295
-9.785603e-009	0.0239746
-9.760603e-009	0.0145508
-9.735603e-009	0.0129639
-9.710603e-009	0.0277588
-9.685603e-009	0.0223633
-9.660603e-009	0.0212158
-9.635603e-009	0.0361328
-9.610603e-009	0.0327149
-9.585603e-009	0.0195313
-9.560603e-009	0.00593262
-9.535603e-009	0.0027588
-9.510603e-009	0.0205811
-9.485603e-009	0.0215332
-9.460603e-009	0.014209
-9.435603e-009	0.0281983
-9.410603e-009	0.0338135
-9.385603e-009	0.0295899
-9.360603e-009	0.0244385
-9.335603e-009	0.0171387
-9.310603e-009	0.02771
-9.285603e-009	0.0251465
-9.260603e-009	0.00993653
-9.235603e-009	0.0273926
-9.210603e-009	0.0311035
-9.185603e-009	0.0153565
-9.160603e-009	0.0227539
-9.135603e-009	0.020166
-9.110603e-009	0.0103272
-9.085603e-009	0.0181641
-9.060603e-009	0.0211914
-9.035603e-009	0.0176758
-9.010603e-009	0.0155029
-8.985603e-009	0.00483399
-8.960603e-009	0.00417481
-8.935603e-009	0.0256104
-8.910603e-009	0.0325195
-8.885603e-009	0.0250244
-8.860603e-009	0.0248291
-8.835603e-009	0.0249268
-8.810603e-009	0.0316406
-8.785603e-009	0.0366699
-8.760603e-009	0.0195801
-8.735603e-009	0.0133057
-8.710603e-009	0.0302734
-8.685603e-009	0.0141602
-8.660603e-009	-0.00119628
-8.635603e-009	0.0252197
-8.610603e-009	0.0264404
-8.585603e-009	0.0144531
-8.560603e-009	0.0205566
-8.535603e-009	0.0217529
-8.510603e-009	0.0188721
-8.485603e-009	0.0167725
-8.460603e-009	0.0260742
-8.435603e-009	0.0300781
-8.410603e-009	0.0220703
-8.385603e-009	0.0190186
-8.360603e-009	0.0187744
-8.335603e-009	0.0284912
-8.310603e-009	0.0363525
-8.285603e-009	0.0348877
-8.260603e-009	0.0355713
-8.235603e-009	0.0287109
-8.210603e-009	0.0163818
-8.185603e-009	0.0145752
-8.160603e-009	0.0205566
-8.135603e-009	0.0212402
-8.110603e-009	0.0168945
-8.085603e-009	0.0150147
-8.060603e-009	0.0148438
-8.035603e-009	0.0166016
-8.010603e-009	0.0205811
-7.985603e-009	0.0117676
-7.960603e-009	0.00410157
-7.935603e-009	0.0232422
-7.910603e-009	0.0354981
-7.885603e-009	0.0285645
-7.860603e-009	0.0290039
-7.835603e-009	0.0291992
-7.810603e-009	0.0196533
-7.785603e-009	0.0138184
-7.760603e-009	0.0158691
-7.735603e-009	0.0178467
-7.710603e-009	0.0218506
-7.685603e-009	0.00881348
-7.660603e-009	-0.00302734
-7.635603e-009	0.0178467
-7.610603e-009	0.0263916
-7.585603e-009	0.0300293
-7.560603e-009	0.0312988
-7.535603e-009	0.0125488
-7.510603e-009	0.0169434
-7.485603e-009	0.0151123
-7.460603e-009	0.0065918
-7.435603e-009	0.0230957
-7.410603e-009	0.0164551
-7.385603e-009	0.0112305
-7.360603e-009	0.0309326
-7.335603e-009	0.0335693
-7.310603e-009	0.035791
-7.285603e-009	0.0369141
-7.260603e-009	0.0169922
-7.235603e-009	0.00908204
-7.210603e-009	0.0202149
-7.185603e-009	0.0238281
-7.160603e-009	0.0179443
-7.135603e-009	0.0156982
-7.110603e-009	0.0169434
-7.085603e-009	0.0174316
-7.060603e-009	0.019458
-7.035603e-009	0.0256836
-7.010603e-009	0.0330322
-6.985603e-009	0.0286865
-6.960603e-009	0.0209473
-6.935603e-009	0.0267822
-6.910603e-009	0.0281983
-6.885603e-009	0.0168701
-6.860603e-009	0.018335
-6.835603e-009	0.0195313
-6.810603e-009	0.00942384
-6.785603e-009	0.0224854
-6.760603e-009	0.0283936
-6.735603e-009	0.0124512
-6.710603e-009	0.0124024
-6.685603e-009	0.0116455
-6.660603e-009	0.0163574
-6.635603e-009	0.0290039
-6.610603e-009	0.0291504
-6.585603e-009	0.0277588
-6.560603e-009	0.0185303
-6.535603e-009	0.0228272
-6.510603e-009	0.0353027
-6.485603e-009	0.0224365
-6.460603e-009	0.0216797
-6.435603e-009	0.0253906
-6.410603e-009	0.0139649
-6.385603e-009	0.0188965
-6.360603e-009	0.0260986
-6.335603e-009	0.0292969
-6.310603e-009	0.0334229
-6.285603e-009	0.02229
-6.260603e-009	0.0172363
-6.235603e-009	0.0256348
-6.210603e-009	0.0240967
-6.185603e-009	0.0201172
-6.160603e-009	0.0209717
-6.135603e-009	0.0243897
-6.110603e-009	0.0273682
-6.085603e-009	0.0189209
-6.060603e-009	0.0150879
-6.035603e-009	0.014502
-6.010603e-009	0.00610352
-5.985603e-009	0.0142822
-5.960603e-009	0.0240967
-5.935603e-009	0.0227783
-5.910603e-009	0.0203369
-5.885603e-009	0.0107666
-5.860603e-009	0.0154053
-5.835603e-009	0.0254395
-5.810603e-009	0.0240723
-5.785603e-009	0.0237061
-5.760603e-009	0.0169922
-5.735603e-009	0.0271484
-5.710603e-009	0.0387207
-5.685603e-009	0.0134522
-5.660603e-009	0.0081543
-5.635603e-009	0.0276856
-5.610603e-009	0.0212891
-5.585603e-009	0.0126465
-5.560603e-009	0.0131348
-5.535603e-009	0.0151856
-5.510603e-009	0.0227295
-5.485603e-009	0.0149658
-5.460603e-009	0.0121826
-5.435603e-009	0.0243652
-5.410603e-009	0.0172363
-5.385603e-009	0.0126465
-5.360603e-009	0.0155029
-5.335603e-009	0.0165772
-5.310603e-009	0.0254395
-5.285603e-009	0.0107422
-5.260603e-009	0.00256348
-5.235603e-009	0.0239014
-5.210603e-009	0.0237549
-5.185603e-009	0.00932618
-5.160603e-009	0.0123779
-5.135603e-009	0.0315186
-5.110603e-009	0.0269043
-5.085603e-009	0.00673829
-5.060603e-009	0.0205811
-5.035603e-009	0.027002
-5.010603e-009	0.013794
-4.985603e-009	0.0144043
-4.960603e-009	0.0166016
-4.935603e-009	0.0247803
-4.910603e-009	0.0310059
-4.885603e-009	0.0209229
-4.860603e-009	0.0149414
-4.835603e-009	0.0187012
-4.810603e-009	0.0299561
-4.785603e-009	0.0406983
-4.760603e-009	0.0264404
-4.735603e-009	0.0128418
-4.710603e-009	0.0275635
-4.685603e-009	0.0292481
-4.660603e-009	0.0201172
-4.635603e-009	0.0234375
-4.610603e-009	0.0172363
-4.585603e-009	0.0132813
-4.560603e-009	0.0178467
-4.535603e-009	0.0202881
-4.510603e-009	0.0271484
-4.485603e-009	0.0249268
-4.460603e-009	0.0175293
-4.435603e-009	0.025708
-4.410603e-009	0.0267334
-4.385603e-009	0.0130615
-4.360603e-009	0.0180664
-4.335603e-009	0.0289063
-4.310603e-009	0.022876
-4.285603e-009	0.0156738
-4.260603e-009	0.0168701
-4.235603e-009	0.0289063
-4.210603e-009	0.0350342
-4.185603e-009	0.0239746
-4.160603e-009	0.0192627
-4.135603e-009	0.0286133
-4.110603e-009	0.0321777
-4.085603e-009	0.0263916
-4.060603e-009	0.0257324
-4.035603e-009	0.0226563
-4.010603e-009	0.0148438
-3.985603e-009	0.015332
-3.960603e-009	0.0189941
-3.935603e-009	0.0280518
-3.910603e-009	0.0367188
-3.885603e-009	0.0262695
-3.860603e-009	0.0199219
-3.835603e-009	0.0305664
-3.810603e-009	0.0306885
-3.785603e-009	0.0180908
-3.760603e-009	0.0105225
-3.735603e-009	0.0213623
-3.710603e-009	0.0290039
-3.685603e-009	0.0164795
-3.660603e-009	0.0179443
-3.635603e-009	0.0219971
-3.610603e-009	0.0181641
-3.585603e-009	0.0304443
-3.560603e-009	0.0299316
-3.535603e-009	0.0234619
-3.510603e-009	0.0313233
-3.485603e-009	0.0220215
-3.460603e-009	0.0182861
-3.435603e-009	0.0354004
-3.410603e-009	0.03479
-3.385603e-009	0.0211182
-3.360603e-009	0.0156006
-3.335603e-009	0.0232178
-3.310603e-009	0.0250977
-3.285603e-009	0.0119873
-3.260603e-009	0.0142334
-3.235603e-009	0.0221924
-3.210603e-009	0.0143555
-3.185603e-009	0.0091797
-3.160603e-009	0.00747071
-3.135603e-009	0.0115479
-3.110603e-009	0.023877
-3.085603e-009	0.0103516
-3.060603e-009	0.000634773
-3.035603e-009	0.0300781
-3.010603e-009	0.0356201
-2.985603e-009	0.0197022
-2.960603e-009	0.019043
-2.935603e-009	0.0199951
-2.910603e-009	0.0308838
-2.885603e-009	0.0291748
-2.860603e-009	0.0139404
-2.835603e-009	0.0118652
-2.810603e-009	0.00488282
-2.785603e-009	0.0162354
-2.760603e-009	0.0401611
-2.735603e-009	0.0227539
-2.710603e-009	0.0122559
-2.685603e-009	0.0265381
-2.660603e-009	0.018042
-2.635603e-009	0.0243897
-2.610603e-009	0.0276856
-2.585603e-009	0.00395509
-2.560603e-009	0.0176025
-2.535603e-009	0.0438721
-2.510603e-009	0.0414063
-2.485603e-009	0.0177734
-2.460603e-009	0.000390632
-2.435603e-009	0.0139404
-2.410603e-009	0.0205566
-2.385603e-009	0.0148926
-2.360603e-009	0.0127686
-2.335603e-009	0.0116943
-2.310603e-009	0.028418
-2.285603e-009	0.0364746
-2.260603e-009	0.0200684
-2.235603e-009	0.0184082
-2.210603e-009	0.0269287
-2.185603e-009	0.0299072
-2.160603e-009	0.0338867
-2.135603e-009	0.0259033
-2.110603e-009	0.0159912
-2.085603e-009	0.00908204
-2.060603e-009	0.00490723
-2.035603e-009	0.0191895
-2.010603e-009	0.0241455
-1.985603e-009	0.0226563
-1.960603e-009	0.0331543
-1.935603e-009	0.0295166
-1.910603e-009	0.0184082
-1.885603e-009	0.0211182
-1.860603e-009	0.0227783
-1.835603e-009	0.0142334
-1.810603e-009	0.0158447
-1.785603e-009	0.0106201
-1.760603e-009	0.00500489
-1.735603e-009	0.0333008
-1.710603e-009	0.0395752
-1.685603e-009	0.0226563
-1.660603e-009	0.0248535
-1.635603e-009	0.0180176
-1.610603e-009	0.0175781
-1.585603e-009	0.0324707
-1.560603e-009	0.0295899
-1.535603e-009	0.0212647
-1.510603e-009	0.0176514
-1.485603e-009	0.0110352
-1.460603e-009	0.0129395
-1.435603e-009	0.0231445
-1.410603e-009	0.0245117
-1.385603e-009	0.0135742
-1.360603e-009	0.0122559
-1.335603e-009	0.0301514
-1.310603e-009	0.0368408
-1.285603e-009	0.02146
-1.260603e-009	0.0119385
-1.235603e-009	0.0219971
-1.210603e-009	0.0293945
-1.185603e-009	0.0272705
-1.160603e-009	0.0231201
-1.135603e-009	0.0193604
-1.110603e-009	0.0279541
-1.085603e-009	0.0238037
-1.060603e-009	0.0203613
-1.035603e-009	0.0329834
-1.010603e-009	0.00874024
-9.856027e-010	-0.00722656
-9.606027e-010	0.0125977
-9.356027e-010	0.00927735
-9.106027e-010	0.00969239
-8.856027e-010	0.0221436
-8.606027e-010	0.0157715
-8.356027e-010	0.0188477
-8.106027e-010	0.0265381
-7.856027e-010	0.0267578
-7.606027e-010	0.0370117
-7.356027e-010	0.0348145
-7.106027e-010	0.030127
-6.856027e-010	0.0330078
-6.606027e-010	0.0210449
-6.356027e-010	0.0264404
-6.106027e-010	0.0327637
-5.856027e-010	0.0134522
-5.606027e-010	0.00478516
-5.356027e-010	0.00561524
-5.106027e-010	0.015918
-4.856027e-010	0.0248779
-4.606027e-010	0.0222412
-4.356027e-010	0.0220947
-4.106027e-010	0.0167236
-3.856027e-010	0.0308106
-3.606027e-010	0.0388672
-3.356027e-010	0.0263428
-3.106027e-010	0.0328369
-2.856027e-010	0.0140137
-2.606027e-010	0.00244141
-2.356027e-010	0.0261719
-2.106027e-010	0.017041
-1.856027e-010	0.00136719
-1.606027e-010	0.00722657
-1.356027e-010	0.0183838
-1.106027e-010	0.013501
-8.560268e-011	-0.00559081
-6.060268e-011	-0.00961913
-3.560268e-011	-0.0140625
-1.060268e-011	-0.0224121
1.439732e-011	-0.0284668
3.939732e-011	-0.0294189
6.439732e-011	-0.0273437
8.939732e-011	-0.0462158
1.143973e-010	-0.0651367
1.393973e-010	-0.0682129
1.643973e-010	-0.073706
1.893973e-010	-0.0820801
2.143973e-010	-0.088916
2.393973e-010	-0.100024
2.643973e-010	-0.108374
2.893973e-010	-0.108105
3.143973e-010	-0.1198
3.393973e-010	-0.124072
3.643973e-010	-0.102441
3.893973e-010	-0.09375
4.143973e-010	-0.0985107
4.393973e-010	-0.0994873
4.643973e-010	-0.0924316
4.893973e-010	-0.0738281
5.143973e-010	-0.0750488
5.393973e-010	-0.0857178
5.643973e-010	-0.0641601
5.893973e-010	-0.0435059
6.143973e-010	-0.0448486
6.393973e-010	-0.0367432
6.643973e-010	-0.0251953
6.893973e-010	-0.0226318
7.143973e-010	-0.0183838
7.393973e-010	0.00881348
7.643973e-010	0.0299316
7.893973e-010	-0.00266113
8.143973e-010	-0.00952148
8.393973e-010	0.0193359
8.643973e-010	0.0131592
8.893973e-010	0.0230469
9.143973e-010	0.0362305
9.393973e-010	0.0167236
9.643973e-010	0.00979005
9.893973e-010	0.019458
1.014397e-009	0.0288818
1.039397e-009	0.0280762
1.064397e-009	0.0331543
1.089397e-009	0.0369873
1.114397e-009	0.0254639
1.139397e-009	0.0346191
1.164397e-009	0.0452393
1.189397e-009	0.0365723
1.214397e-009	0.035083
1.239397e-009	0.0290527
1.264397e-009	0.0233154
1.289397e-009	0.0394287
1.314397e-009	0.0387207
1.339397e-009	0.0156006
1.364397e-009	0.0196289
1.389397e-009	0.0360596
1.414397e-009	0.0362305
1.439397e-009	0.0316406
1.464397e-009	0.0337891
1.489397e-009	0.0396729
1.514397e-009	0.0324219
1.539397e-009	0.0241943
1.564397e-009	0.0302246
1.589397e-009	0.0305908
1.614397e-009	0.0222656
1.639397e-009	0.0207031
1.664397e-009	0.0142578
1.689397e-009	0.00507813
1.714397e-009	0.0123047
1.739397e-009	0.0123291
1.764397e-009	0.0076172
1.789397e-009	0.0213135
1.814397e-009	0.0332764
1.839397e-009	0.0235596
1.864397e-009	0.0133301
1.889397e-009	0.0239502
1.914397e-009	0.0167236
1.939397e-009	-0.00307616
1.964397e-009	0.0060547
1.989397e-009	0.0217285
2.014397e-009	0.0242676
2.039397e-009	0.0153809
2.064397e-009	0.0237549
2.089397e-009	0.0407471
2.114397e-009	0.0263184
2.139397e-009	0.0205811
2.164397e-009	0.0297608
2.189397e-009	0.0261963
2.214397e-009	0.0263672
2.239397e-009	0.0233154
2.264397e-009	0.0245606
2.289397e-009	0.0286865
2.314397e-009	0.0100342
2.339397e-009	0.0117188
2.364397e-009	0.0292236
2.389397e-009	0.0177246
2.414397e-009	0.020752
2.439397e-009	0.0345215
2.464397e-009	0.030542
2.489397e-009	0.0273926
2.514397e-009	0.0258789
2.539397e-009	0.034668
2.564397e-009	0.0318604
2.589397e-009	0.0157471
2.614397e-009	0.0192139
2.639397e-009	0.0194092
2.664397e-009	0.0258789
2.689397e-009	0.0391358
2.714397e-009	0.0217774
2.739397e-009	0.0118897
2.764397e-009	0.0217041
2.789397e-009	0.0217041
2.814397e-009	0.0218262
2.839397e-009	0.0225586
2.864397e-009	0.0256592
2.889397e-009	0.020459
2.914397e-009	0.00747071
2.939397e-009	0.0209473
2.964397e-009	0.0266113
2.989397e-009	0.0121826
3.014397e-009	0.0199463
3.039397e-009	0.0207275
3.064397e-009	0.0139893
3.089397e-009	0.0236572
3.114397e-009	0.0205811
3.139397e-009	0.0147461
3.164397e-009	0.0181641
3.189397e-009	0.0181885
3.214397e-009	0.0192871
3.239397e-009	0.0144775
3.264397e-009	0.0116455
3.289397e-009	0.0174316
3.314397e-009	0.0171143
3.339397e-009	0.0199707
3.364397e-009	0.0237061
3.389397e-009	0.02146
3.414397e-009	0.0289551
3.439397e-009	0.0338135
3.464397e-009	0.0322998
3.489397e-009	0.0297363
3.514397e-009	0.0162598
3.539397e-009	0.0153809
3.564397e-009	0.0218018
3.589397e-009	0.0224854
3.614397e-009	0.0329346
3.639397e-009	0.0333984
3.664397e-009	0.0306885
3.689397e-009	0.0225342
3.714397e-009	0.00295411
3.739397e-009	0.0145996
3.764397e-009	0.0247559
3.789397e-009	0.0141357
3.814397e-009	0.0279053
3.839397e-009	0.0313233
3.864397e-009	0.0151123
3.889397e-009	0.0102539
3.914397e-009	-0.00615234
3.939397e-009	0.00117188
3.964397e-009	0.0245117
3.989397e-009	0.00751954
4.014397e-009	0.00859376
4.039397e-009	0.0196289
4.064397e-009	0.0091797
4.089397e-009	0.0133545
4.114397e-009	0.00869141
4.139397e-009	0.00698243
4.164397e-009	0.0101563
4.189397e-009	-0.00354003
4.214397e-009	0.00629884
4.239397e-009	0.0197022
4.264397e-009	0.0118897
4.289397e-009	0.010791
4.314397e-009	0.0197266
4.339397e-009	0.0299561
4.364397e-009	0.0265625
4.389397e-009	0.0200195
4.414397e-009	0.0158203
4.439397e-009	0.0188232
4.464397e-009	0.0390869
4.489397e-009	0.0283936
4.514397e-009	0.00891114
4.539397e-009	0.0209229
4.564397e-009	0.028418
4.589397e-009	0.0357422
4.614397e-009	0.0390381
4.639397e-009	0.0348633
4.664397e-009	0.0309815
4.689397e-009	0.0248047
4.714397e-009	0.0339111
4.739397e-009	0.0248291
4.764397e-009	0.00556641
4.789397e-009	0.0171143
4.814397e-009	0.0247559
4.839397e-009	0.024292
4.864397e-009	0.0297119
4.889397e-009	0.0209473
4.914397e-009	0.00361329
4.939397e-009	-0.00114745
4.964397e-009	0.00307618
4.989397e-009	0.0142822
5.014397e-009	0.024585
5.039397e-009	0.020044
5.064397e-009	0.0227539
5.089397e-009	0.0207275
5.114397e-009	0.00471192
5.139397e-009	0.00803223
5.164397e-009	0.0155274
5.189397e-009	0.0177246
5.214397e-009	0.0204834
5.239397e-009	0.01521
5.264397e-009	0.0141357
5.289397e-009	0.014917
5.314397e-009	0.0147217
5.339397e-009	0.0210205
5.364397e-009	0.016919
5.389397e-009	0.0112793
5.414397e-009	0.0270996
5.439397e-009	0.023584
5.464397e-009	0.010669
5.489397e-009	0.0326172
5.514397e-009	0.02146
5.539397e-009	-0.00476073
5.564397e-009	0.0211426
5.589397e-009	0.025708
5.614397e-009	0.00949708
5.639397e-009	0.0181641
5.664397e-009	0.0268799
5.689397e-009	0.0330811
5.714397e-009	0.0237061
5.739397e-009	0.0166748
5.764397e-009	0.0269531
5.789397e-009	0.0226074
5.814397e-009	0.0291748
5.839397e-009	0.0331299
5.864397e-009	0.011084
5.889397e-009	0.0160645
5.914397e-009	0.0266113
5.939397e-009	0.0165527
5.964397e-009	0.0217041
5.989397e-009	0.0246094
6.014397e-009	0.0116211
6.039397e-009	0.0167236
6.064397e-009	0.0367432
6.089397e-009	0.0360108
6.114397e-009	0.0225586
6.139397e-009	0.0210693
6.164397e-009	0.0282715
6.189397e-009	0.0326416
6.214397e-009	0.0275391
6.239397e-009	0.0255615
6.264397e-009	0.02771
6.289397e-009	0.0149902
6.314397e-009	0.00114747
6.339397e-009	0.00769044
6.364397e-009	0.0161377
6.389397e-009	0.0170654
6.414397e-009	0.0226807
6.439397e-009	0.0168457
6.464397e-009	0.0108887
6.489397e-009	0.0197266
6.514397e-009	0.0170166
6.539397e-009	0.0171631
6.564397e-009	0.0234619
6.589397e-009	0.0219238
6.614397e-009	0.0323731
6.639397e-009	0.0256104
6.664397e-009	0.0034668
6.689397e-009	0.0100586
6.714397e-009	0.0135498
6.739397e-009	0.0115234
6.764397e-009	0.0209473
6.789397e-009	0.0195313
6.814397e-009	0.0133301
6.839397e-009	0.0112305
6.864397e-009	0.0293213
6.889397e-009	0.0436524
6.914397e-009	0.0223389
6.939397e-009	0.0200928
6.964397e-009	0.0308106
6.989397e-009	0.0184082
7.014397e-009	0.0153809
7.039397e-009	0.0213135
7.064397e-009	0.02771
7.089397e-009	0.0344483
7.114397e-009	0.0232178
7.139397e-009	0.00830079
7.164397e-009	0.0121094
7.189397e-009	0.021875
7.214397e-009	0.0261475
7.239397e-009	0.0278076
7.264397e-009	0.0278565
7.289397e-009	0.022876
7.314397e-009	0.0124756
7.339397e-009	0.0126221
7.364397e-009	0.0181885
7.389397e-009	0.023999
7.414397e-009	0.0308106
7.439397e-009	0.0161377
7.464397e-009	0.00786134
7.489397e-009	0.0229248
7.514397e-009	0.020874
7.539397e-009	0.0125977
7.564397e-009	0.0255859
7.589397e-009	0.0285889
7.614397e-009	0.00966798
7.639397e-009	0.0071045
7.664397e-009	0.0151367
7.689397e-009	0.0128174
7.714397e-009	0.0140381
7.739397e-009	0.0188232
7.764397e-009	0.0198975
7.789397e-009	0.0158447
7.814397e-009	0.0105225
7.839397e-009	0.0126709
7.864397e-009	0.0231934
7.889397e-009	0.0274414
7.914397e-009	0.017627
7.939397e-009	0.0102295
7.964397e-009	0.00378419
7.989397e-009	0.00551759
8.014397e-009	0.0272949
8.039397e-009	0.022583
8.064397e-009	0.00573731
8.089397e-009	0.0201172
8.114397e-009	0.0249756
8.139397e-009	0.0246826
8.164397e-009	0.0286865
8.189397e-009	0.024707
8.214397e-009	0.0303467
8.239397e-009	0.033252
8.264397e-009	0.0378906
8.289397e-009	0.0265381
8.314397e-009	0.00192872
8.339397e-009	0.010669
8.364397e-009	0.0221924
8.389397e-009	0.0218018
8.414397e-009	0.020752
8.439397e-009	0.0168457
8.464397e-009	0.0117676
8.489397e-009	0.00131837
8.514397e-009	-0.00100097
8.539397e-009	0.0022461
8.564397e-009	0.0144531
8.589397e-009	0.0279541
8.614397e-009	0.0205322
8.639397e-009	0.0181152
8.664397e-009	0.0303711
8.689397e-009	0.0254639
8.714397e-009	0.00979005
8.739397e-009	0.0157471
8.764397e-009	0.0168945
8.789397e-009	0.0083252
8.814397e-009	0.0259522
8.839397e-009	0.0324707
8.864397e-009	0.0148926
8.889397e-009	0.0128418
8.914397e-009	0.0133057
8.939397e-009	0.0137207
8.964397e-009	0.023999
8.989397e-009	0.0206055
9.014397e-009	0.0222412
9.039397e-009	0.0348389
9.064397e-009	0.025415
9.089397e-009	0.0173096
9.114397e-009	0.0249268
9.139397e-009	0.0248047
9.164397e-009	0.0248047
9.189397e-009	0.0320557
9.214397e-009	0.0292969
9.239397e-009	0.0195557
9.264397e-009	0.0206055
9.289397e-009	0.0264893
9.314397e-009	0.0229248
9.339397e-009	0.0158691
9.364397e-009	0.0159424
9.389397e-009	0.015625
9.414397e-009	0.0191406
9.439397e-009	0.0280518
9.464397e-009	0.0248291
9.489397e-009	0.0180908
9.514397e-009	0.012793
9.539397e-009	0.00854493
9.564397e-009	0.0168213
9.589397e-009	0.0249268
9.614397e-009	0.0174072
9.639397e-009	0.00842286
9.664397e-009	0.00737305
9.689397e-009	0.0122559
9.714397e-009	0.0277344
9.739397e-009	0.0275635
9.764397e-009	0.0122559
9.789397e-009	0.0122559
9.814397e-009	0.0198486
9.839397e-009	0.0299805
9.864397e-009	0.0266602
9.889397e-009	0.00568848
9.914397e-009	-0.00205077
9.939397e-009	0.0154053
9.964397e-009	0.0288574
9.989397e-009	0.0167969
1.00144e-008	0.0146729
1.00394e-008	0.0264404
1.00644e-008	0.0339111
1.00894e-008	0.0314453
1.01144e-008	0.00617677
1.01394e-008	-0.00185546
1.01644e-008	0.0148926
1.01894e-008	0.0231934
1.02144e-008	0.0290772
1.02394e-008	0.0211426
1.02644e-008	0.0166504
1.02894e-008	0.0329346
1.03144e-008	0.0299072
1.03394e-008	0.0190186
1.03644e-008	0.026416
1.03894e-008	0.0287598
1.04144e-008	0.018042
1.04394e-008	0.0137451
1.04644e-008	0.0290527
1.04894e-008	0.0347656
1.05144e-008	0.0165772
1.05394e-008	0.0154541
1.05644e-008	0.0225098
1.05894e-008	0.0189697
1.06144e-008	0.0287842
1.06394e-008	0.0347412
1.06644e-008	0.0312744
1.06894e-008	0.0216065
1.07144e-008	0.00307618
1.07394e-008	0.0114014
1.07644e-008	0.028833
1.07894e-008	0.0280274
1.08144e-008	0.0169434
1.08394e-008	0.00886231
1.08644e-008	0.020752
1.08894e-008	0.0203613
1.09144e-008	0.00505372
1.09394e-008	0.00302735
1.09644e-008	0.0166504
1.09894e-008	0.0286377
1.10144e-008	0.0137695
1.10394e-008	0.00517579
1.10644e-008	0.0210938
1.10894e-008	0.0334961
1.11144e-008	0.0258789
1.11394e-008	0.0127686
1.11644e-008	0.0203125
1.11894e-008	0.0248291
1.12144e-008	0.0193115
1.12394e-008	0.0158447
1.12644e-008	0.0141357
1.12894e-008	0.0241211
1.13144e-008	0.0312012
1.13394e-008	0.0263428
1.13644e-008	0.0185547
1.13894e-008	0.0198731
1.14144e-008	0.023291
1.14394e-008	0.0176758
1.14644e-008	0.0275391
1.14894e-008	0.0259277
1.15144e-008	-0.00668945
1.15394e-008	-0.00166015
1.15644e-008	0.0327637
1.15894e-008	0.0296387
1.16144e-008	0.013501
1.16394e-008	0.0177246
1.16644e-008	0.023584
1.16894e-008	0.0167725
1.17144e-008	0.00930177
1.17394e-008	0.0146973
1.17644e-008	0.0167725
1.17894e-008	0.0228027
1.18144e-008	0.0353027
1.18394e-008	0.0298096
1.18644e-008	0.0286621
1.18894e-008	0.0210205
1.19144e-008	-0.00607909
1.19394e-008	0.000561531
1.19644e-008	0.0231445
1.19894e-008	0.0238037
1.20144e-008	0.0219482
1.20394e-008	0.0203369
1.20644e-008	0.0228516
1.20894e-008	0.0157959
1.21144e-008	0.00354005
1.21394e-008	0.0164551
1.21644e-008	0.0164551
1.21894e-008	0.0130859
1.22144e-008	0.0282715
1.22394e-008	0.023877
1.22644e-008	0.0309815
1.22894e-008	0.0323486
1.23144e-008	0.00261231
1.23394e-008	0.0186768
1.23644e-008	0.0420166
1.23894e-008	0.0231201
1.24144e-008	0.0304688
1.24394e-008	0.0355225
1.24644e-008	0.0214111
1.24894e-008	0.0351318
1.25144e-008	0.0265625
1.25394e-008	0.0116699
1.25644e-008	0.0231934
1.25894e-008	0.0119385
1.26144e-008	0.0106934
1.26394e-008	0.0305908
1.26644e-008	0.0282227
1.26894e-008	0.0212891
1.27144e-008	0.0234619
1.27394e-008	0.020752
1.27644e-008	0.012085
1.27894e-008	0.0114746
1.28144e-008	0.0238525
1.28394e-008	0.0246094
1.28644e-008	0.0199219
1.28894e-008	0.027124
1.29144e-008	0.0221436
1.29394e-008	0.0204102
1.29644e-008	0.0300781
1.29894e-008	0.0275879
1.30144e-008	0.0234863
1.30394e-008	0.0178223
1.30644e-008	0.0149902
1.30894e-008	0.0183594
1.31144e-008	0.0171631
1.31394e-008	0.0131104
1.31644e-008	0.0188965
1.31894e-008	0.02771
1.32144e-008	0.0110352
1.32394e-008	-0.00593261
1.32644e-008	0.00639649
1.32894e-008	0.0303223
1.33144e-008	0.0218018
1.33394e-008	0.0034668
1.33644e-008	0.0248779
1.33894e-008	0.0295166
1.34144e-008	0.0209473
1.34394e-008	0.0213135
1.34644e-008	0.0140869
1.34894e-008	0.0254883
1.35144e-008	0.0267334
1.35394e-008	0.0228516
1.35644e-008	0.026416
1.35894e-008	0.0112305
1.36144e-008	0.0127197
1.36394e-008	0.0327149
1.36644e-008	0.0288818
1.36894e-008	0.00861817
1.37144e-008	0.00649415
1.37394e-008	0.0224854
1.37644e-008	0.0328125
1.37894e-008	0.0275635
1.38144e-008	0.0217285
1.38394e-008	0.0219971
1.38644e-008	0.0216065
1.38894e-008	0.0237305
1.39144e-008	0.0184815
1.39394e-008	0.0162109
1.39644e-008	0.0175537
1.39894e-008	0.0187012
1.40144e-008	0.0292236
1.40394e-008	0.0178711
1.40644e-008	0.00908204
1.40894e-008	0.0208496
1.41144e-008	0.0108154
1.41394e-008	0.00510255
1.41644e-008	0.0170166
1.41894e-008	0.0196289
1.42144e-008	0.0209717
1.42394e-008	0.0209961
1.42644e-008	0.023877
1.42894e-008	0.0238525
1.43144e-008	0.0044922
1.43394e-008	0.010791
1.43644e-008	0.0315918
1.43894e-008	0.0164551
1.44144e-008	0.0170899
1.44394e-008	0.0308838
1.44644e-008	0.0236084
1.44894e-008	0.0207031
1.45144e-008	0.0110352
1.45394e-008	0.00500489
1.45644e-008	0.017627
1.45894e-008	0.0238281
1.46144e-008	0.017749
1.46394e-008	0.0145996
1.46644e-008	0.023877
1.46894e-008	0.0229492
1.47144e-008	0.00788575
1.47394e-008	0.00476075
1.47644e-008	0.00424805
1.47894e-008	0.00603028
1.48144e-008	0.0219238
1.48394e-008	0.0234863
1.48644e-008	0.0215576
1.48894e-008	0.0285156
1.49144e-008	0.0100342
1.49394e-008	0.00964356
1.49644e-008	0.035083
1.49894e-008	0.0278809
1.50144e-008	0.023169
1.50394e-008	0.0294678
1.50644e-008	0.0273438
1.50894e-008	0.0251953
1.51144e-008	0.00686036
1.51394e-008	0.0115479
1.51644e-008	0.0236572
1.51894e-008	0.00124512
1.52144e-008	0.0139893
1.52394e-008	0.0401123
1.52644e-008	0.0286865
1.52894e-008	0.0242188
1.53144e-008	0.0210205
1.53394e-008	0.0158691
1.53644e-008	0.024585
1.53894e-008	0.0156006
1.54144e-008	0.000659187
1.54394e-008	0.00998536
1.54644e-008	0.01875
1.54894e-008	0.0162842
1.55144e-008	0.0145508
1.55394e-008	0.00729981
1.55644e-008	0.00927735
1.55894e-008	0.0262695
1.56144e-008	0.0224609
1.56394e-008	0.00476075
1.56644e-008	0.00756837
1.56894e-008	0.0179932
1.57144e-008	0.0188477
1.57394e-008	0.0218506
1.57644e-008	0.0248291
1.57894e-008	0.0260742
1.58144e-008	0.0334961
1.58394e-008	0.0285156
1.58644e-008	0.018042
1.58894e-008	0.0192139
1.59144e-008	0.013501
1.59394e-008	0.0100586
1.59644e-008	0.0174316
1.59894e-008	0.0184082
1.60144e-008	0.0162109
1.60394e-008	0.0218262
1.60644e-008	0.0296387
1.60894e-008	0.0227295
1.61144e-008	0.0132324
1.61394e-008	0.0182861
1.61644e-008	0.0227783
1.61894e-008	0.0212158
1.62144e-008	0.0263428
1.62394e-008	0.0350098
1.62644e-008	0.0275391
1.62894e-008	0.0308106
1.63144e-008	0.0442383
1.63394e-008	0.0251709
1.63644e-008	0.0157715
1.63894e-008	0.0229981
1.64144e-008	0.0220947
1.64394e-008	0.0233643
1.64644e-008	0.0121582
1.64894e-008	0.0154053
1.65144e-008	0.0265869
1.65394e-008	0.0154297
1.65644e-008	0.0124756
1.65894e-008	0.0164307
1.66144e-008	0.0189941
1.66394e-008	0.0269531
1.66644e-008	0.0341797
1.66894e-008	0.0263428
1.67144e-008	0.0132813
1.67394e-008	0.0232666
1.67644e-008	0.0281006
1.67894e-008	0.0149902
1.68144e-008	0.00766602
1.68394e-008	0.00756837
1.68644e-008	0.0288086
1.68894e-008	0.0365723
1.69144e-008	-2.44066e-005
1.69394e-008	-0.0020996
1.69644e-008	0.0300781
1.69894e-008	0.026001
1.70144e-008	0.00288087
1.70394e-008	0.000341804
1.70644e-008	0.0264649
1.70894e-008	0.0320557
1.71144e-008	0.0159424
1.71394e-008	0.0206299
1.71644e-008	0.0244873
1.71894e-008	0.0316162
1.72144e-008	0.0304443
1.72394e-008	0.0159668
1.72644e-008	0.0256836
1.72894e-008	0.0260986
1.73144e-008	0.0060547
1.73394e-008	0.00952149
1.73644e-008	0.0226074
1.73894e-008	0.0189453
1.74144e-008	0.0174072
1.74394e-008	0.0165039
1.74644e-008	0.0153809
1.74894e-008	0.0188232
1.75144e-008	0.0167236
1.75394e-008	0.029419
1.75644e-008	0.0287109
1.75894e-008	0.0118408
1.76144e-008	0.0228027
1.76394e-008	0.013501
1.76644e-008	0.00598145
1.76894e-008	0.0335205
1.77144e-008	0.0212402
1.77394e-008	0.00720216
1.77644e-008	0.0252686
1.77894e-008	0.0169434
1.78144e-008	0.0101807
1.78394e-008	0.0188232
1.78644e-008	0.0256104
1.78894e-008	0.0344238
1.79144e-008	0.0206543
1.79394e-008	0.012207
1.79644e-008	0.0233399
1.79894e-008	0.0198975
1.80144e-008	0.016919
1.80394e-008	0.0182617
1.80644e-008	0.0246826
1.80894e-008	0.0317383
1.81144e-008	0.0114746
1.81394e-008	0.002417
1.81644e-008	0.0177979
1.81894e-008	0.0154785
1.82144e-008	0.0146973
1.82394e-008	0.0243164
1.82644e-008	0.0274414
1.82894e-008	0.0255859
1.83144e-008	0.0158203
1.83394e-008	0.0156494
1.83644e-008	0.0234619
1.83894e-008	0.0233154
1.84144e-008	0.0249756
1.84394e-008	0.0189697
1.84644e-008	0.0110107
1.84894e-008	0.0193115
1.85144e-008	0.0218018
1.85394e-008	0.0238037
1.85644e-008	0.0303711
1.85894e-008	0.0157715
1.86144e-008	0.0154541
1.86394e-008	0.0294678
1.86644e-008	0.0271484
1.86894e-008	0.0292725
1.87144e-008	0.0154541
1.87394e-008	0.00227052
1.87644e-008	0.0195313
1.87894e-008	0.0290772
1.88144e-008	0.0249024
1.88394e-008	0.0179443
1.88644e-008	0.0209717
1.88894e-008	0.0230225
1.89144e-008	0.00427247
1.89394e-008	-0.00131835
1.89644e-008	0.0081543
1.89894e-008	0.0109619
1.90144e-008	0.0171631
1.90394e-008	0.0296631
1.90644e-008	0.0289795
1.90894e-008	0.00805665
1.91144e-008	0.00424805
1.91394e-008	0.0224854
1.91644e-008	0.0258789
1.91894e-008	0.0236328
1.92144e-008	0.0244873
1.92394e-008	0.0218506
1.92644e-008	0.0237061
1.92894e-008	0.0179932
1.93144e-008	0.0103272
1.93394e-008	0.0192383
1.93644e-008	0.028833
1.93894e-008	0.0212891
1.94144e-008	0.0109619
1.94394e-008	0.0226318
1.94644e-008	0.0345459
1.94894e-008	0.0258789
1.95144e-008	0.01875
1.95394e-008	0.0166504
1.95644e-008	0.0159424
1.95894e-008	0.0179932
1.96144e-008	0.018042
1.96394e-008	0.0229248
1.96644e-008	0.0313721
1.96894e-008	0.0337158
1.97144e-008	0.0228516
1.97394e-008	0.0169922
1.97644e-008	0.0268799
1.97894e-008	0.0219727
1.98144e-008	0.0138672
1.98394e-008	0.0181152
1.98644e-008	0.0205811
1.98894e-008	0.0188965
1.99144e-008	0.0103272
1.99394e-008	0.0199707
1.99644e-008	0.0279785
1.99894e-008	0.0132813
2.00144e-008	0.0167236
2.00394e-008	0.0205811
2.00644e-008	0.0169678
2.00894e-008	0.0176758
2.01144e-008	0.00861817
2.01394e-008	0.00961915
2.01644e-008	0.0179199
2.01894e-008	0.0189453
2.02144e-008	0.0233643
2.02394e-008	0.0251221
2.02644e-008	0.0195068
2.02894e-008	0.0180176
2.03144e-008	0.0188477
2.03394e-008	0.0211182
2.03644e-008	0.0330566
2.03894e-008	0.0300293
2.04144e-008	0.00598145
2.04394e-008	0.00202637
2.04644e-008	0.0198731
2.04894e-008	0.0334229
2.05144e-008	0.0284912
2.05394e-008	0.0140381
2.05644e-008	0.0181641
2.05894e-008	0.0208252
2.06144e-008	0.0169434
2.06394e-008	0.0255615
2.06644e-008	0.0177002
2.06894e-008	0.00471192
2.07144e-008	0.00927735
2.07394e-008	0.0236572
2.07644e-008	0.0322266
2.07894e-008	0.0164063
2.08144e-008	0.0175537
2.08394e-008	0.0307373
2.08644e-008	0.0198242
2.08894e-008	0.0177246
2.09144e-008	0.0178223
2.09394e-008	0.01604
2.09644e-008	0.0224121
2.09894e-008	0.0213623
2.10144e-008	0.0312988
2.10394e-008	0.0321777
2.10644e-008	0.0090088
2.10894e-008	0.0126221
2.11144e-008	0.0227539
2.11394e-008	0.0195068
2.11644e-008	0.0331055
2.11894e-008	0.0212158
2.12144e-008	0.000439461
2.12394e-008	0.0223633
2.12644e-008	0.0332031
2.12894e-008	0.0344971
2.13144e-008	0.0444092
2.13394e-008	0.0295654
2.13644e-008	0.0234863
2.13894e-008	0.0243652
2.14144e-008	0.000244148
2.14394e-008	-0.00136718
2.14644e-008	0.0240479
2.14894e-008	0.0322998
2.15144e-008	0.0237061
2.15394e-008	0.01604
2.15644e-008	0.0164795
2.15894e-008	0.0182617
2.16144e-008	0.0199951
2.16394e-008	0.0195557
2.16644e-008	0.0169678
2.16894e-008	0.0208496
2.17144e-008	0.0160889
2.17394e-008	0.0168457
2.17644e-008	0.0254639
2.17894e-008	0.0140625
2.18144e-008	0.0206055
2.18394e-008	0.0362061
2.18644e-008	0.027124
2.18894e-008	0.0253906
2.19144e-008	0.0270996
2.19394e-008	0.0287842
2.19644e-008	0.0295654
2.19894e-008	0.0217285
2.20144e-008	0.0218506
2.20394e-008	0.0174561
2.20644e-008	0.0137207
2.20894e-008	0.0213867
2.21144e-008	0.0217285
2.21394e-008	0.0219482
2.21644e-008	0.0236084
2.21894e-008	0.0156006
2.22144e-008	0.0107178
2.22394e-008	0.0123291
2.22644e-008	0.0196533
2.22894e-008	0.0324707
2.23144e-008	0.0277832
2.23394e-008	0.0172363
2.23644e-008	0.0176025
2.23894e-008	0.0159912
2.24144e-008	0.0253662
2.24394e-008	0.0310547
2.24644e-008	0.0189453
2.24894e-008	0.0162598
2.25144e-008	0.0132813
2.25394e-008	0.00974122
2.25644e-008	0.0188232
2.25894e-008	0.0161865
2.26144e-008	0.0098877
2.26394e-008	0.0206055
2.26644e-008	0.0281494
2.26894e-008	0.0280518
2.27144e-008	0.03125
2.27394e-008	0.0271973
2.27644e-008	0.0195801
2.27894e-008	0.0290283
2.28144e-008	0.0395752
2.28394e-008	0.0243408
2.28644e-008	0.0142822
2.28894e-008	0.0256592
2.29144e-008	0.0126953
2.29394e-008	0.00187989
2.29644e-008	0.023877
2.29894e-008	0.0289551
2.30144e-008	0.028833
2.30394e-008	0.0241211
2.30644e-008	0.00905762
2.30894e-008	0.0229492
2.31144e-008	0.0265137
2.31394e-008	0.0187256
2.31644e-008	0.0256836
2.31894e-008	0.0184815
2.32144e-008	0.00751954
2.32394e-008	0.00981446
2.32644e-008	0.0251465
2.32894e-008	0.0310547
2.33144e-008	0.0206543
2.33394e-008	0.0245606
2.33644e-008	0.0362061
2.33894e-008	0.0319336
2.34144e-008	0.0170654
2.34394e-008	0.0180908
2.34644e-008	0.0339356
2.34894e-008	0.0335449
2.35144e-008	0.0234131
2.35394e-008	0.0210205
2.35644e-008	0.0155274
2.35894e-008	0.0172363
2.36144e-008	0.0246826
2.36394e-008	0.0170899
2.36644e-008	0.0193848
2.36894e-008	0.0253662
2.37144e-008	0.00839845
2.37394e-008	0.00195313
2.37644e-008	0.0153076
2.37894e-008	0.023584
2.38144e-008	0.0231445
2.38394e-008	0.0196777
2.38644e-008	0.0256104
2.38894e-008	0.0269531
2.39144e-008	0.0142822
2.39394e-008	0.0206787
2.39644e-008	0.0338379
2.39894e-008	0.0251953
2.40144e-008	0.0171143
2.40394e-008	0.0165772
2.40644e-008	0.020459
2.40894e-008	0.0239258
2.41144e-008	0.0143555
2.41394e-008	0.0124268
2.41644e-008	0.0175781
2.41894e-008	0.0156494
2.42144e-008	0.025708
2.42394e-008	0.029419
2.42644e-008	0.0239258
2.42894e-008	0.0370117
2.43144e-008	0.0303711
2.43394e-008	0.00742188
2.43644e-008	0.01875
2.43894e-008	0.0217285
2.44144e-008	0.00825196
2.44394e-008	0.0263428
2.44644e-008	0.0366455
2.44894e-008	0.0224121
2.45144e-008	0.011377
2.45394e-008	0.0102051
2.45644e-008	0.0279297
2.45894e-008	0.0347656
2.46144e-008	0.0304932
2.46394e-008	0.035376
2.46644e-008	0.0302979
2.46894e-008	0.0298584
2.47144e-008	0.0263184
2.47394e-008	0.0100342
2.47644e-008	0.012207
2.47894e-008	0.0206543
2.48144e-008	0.0195068
2.48394e-008	0.0200195
2.48644e-008	0.0282471
2.48894e-008	0.0325684
2.49144e-008	0.0272217
2.49394e-008	0.0286133
2.49644e-008	0.0263184
2.49894e-008	0.0121582
2.50144e-008	0.0100342
2.50394e-008	0.0201904
2.50644e-008	0.0191162
2.50894e-008	0.0110596
2.51144e-008	0.0144043
2.51394e-008	0.0217774
2.51644e-008	0.0202149
2.51894e-008	0.0115723
2.52144e-008	0.0102539
2.52394e-008	0.0184326
2.52644e-008	0.0237549
2.52894e-008	0.0170654
2.53144e-008	0.0135742
2.53394e-008	0.0287598
2.53644e-008	0.0314941
2.53894e-008	0.0244385
2.54144e-008	0.0333984
2.54394e-008	0.0377441
2.54644e-008	0.0218018
2.54894e-008	0.00625001
2.55144e-008	0.0127686
2.55394e-008	0.0149658
2.55644e-008	0.0128906
2.55894e-008	0.0284668
2.56144e-008	0.0223877
2.56394e-008	0.00478516
2.56644e-008	0.0209717
2.56894e-008	0.0300293
2.57144e-008	0.00593262
2.57394e-008	0.00876466
2.57644e-008	0.0266113
2.57894e-008	0.0104492
2.58144e-008	0.0118408
2.58394e-008	0.0300537
2.58644e-008	0.0275147
2.58894e-008	0.030835
2.59144e-008	0.0179443
2.59394e-008	-0.00478515
2.59644e-008	0.0113037
2.59894e-008	0.026294
2.60144e-008	0.0232422
2.60394e-008	0.0247559
2.60644e-008	0.0156982
2.60894e-008	0.0101318
2.61144e-008	0.0154053
2.61394e-008	0.0203125
2.61644e-008	0.0173584
2.61894e-008	0.00627442
2.62144e-008	0.0203857
2.62394e-008	0.032544
2.62644e-008	0.0268555
2.62894e-008	0.030835
2.63144e-008	0.0202149
2.63394e-008	0.0171387
2.63644e-008	0.0279297
2.63894e-008	0.0169434
2.64144e-008	0.00405274
2.64394e-008	0.00500489
2.64644e-008	0.0158691
2.64894e-008	0.0199951
2.65144e-008	0.0179932
2.65394e-008	0.0245606
2.65644e-008	0.0250244
2.65894e-008	0.0168457
2.66144e-008	0.0132568
2.66394e-008	0.0169922
2.66644e-008	0.0267822
2.66894e-008	0.0304199
2.67144e-008	0.0188965
2.67394e-008	0.0176758
2.67644e-008	0.025708
2.67894e-008	0.0166992
2.68144e-008	0.00830079
2.68394e-008	0.0116943
2.68644e-008	0.0208008
2.68894e-008	0.0247559
2.69144e-008	0.0182373
2.69394e-008	0.020752
2.69644e-008	0.0241211
2.69894e-008	0.0196045
2.70144e-008	0.0190918
2.70394e-008	0.0175537
2.70644e-008	0.023999
2.70894e-008	0.0360108
2.71144e-008	0.020166
2.71394e-008	0.000878914
2.71644e-008	0.0180908
2.71894e-008	0.024292
2.72144e-008	0.00861817
2.72394e-008	0.0159424
2.72644e-008	0.0204834
2.72894e-008	0.0151367
2.73144e-008	0.0200684
2.73394e-008	0.0236572
2.73644e-008	0.0325195
2.73894e-008	0.0296875
2.74144e-008	0.010791
2.74394e-008	0.00961915
2.74644e-008	0.0196533
2.74894e-008	0.0318848
2.75144e-008	0.0306885
2.75394e-008	0.0104736
2.75644e-008	0.0157959
2.75894e-008	0.0269287
2.76144e-008	0.0144531
2.76394e-008	0.0148682
2.76644e-008	0.0261963
2.76894e-008	0.0337647
2.77144e-008	0.0314697
2.77394e-008	0.0222412
2.77644e-008	0.022168
2.77894e-008	0.0223389
2.78144e-008	0.020459
2.78394e-008	0.018042
2.78644e-008	0.0319824
2.78894e-008	0.0347412
2.79144e-008	0.00422364
2.79394e-008	0.0107422
2.79644e-008	0.0293213
2.79894e-008	0.026416
2.80144e-008	0.0276611
2.80394e-008	0.00620118
2.80644e-008	0.00529786
2.80894e-008	0.0268311
2.81144e-008	0.00512696
2.81394e-008	-0.00351562
2.81644e-008	0.0254639
2.81894e-008	0.0308106
2.82144e-008	0.0210449
2.82394e-008	0.0198731
2.82644e-008	0.0173584
2.82894e-008	0.0248047
2.83144e-008	0.0290283
2.83394e-008	0.0158203
2.83644e-008	0.0182861
2.83894e-008	0.0245117
2.84144e-008	0.0170166
2.84394e-008	0.0202637
2.84644e-008	0.0271729
2.84894e-008	0.0312256
2.85144e-008	0.0258545
2.85394e-008	0.0159912
2.85644e-008	0.0280762
2.85894e-008	0.0299561
2.86144e-008	0.0233643
2.86394e-008	0.0334961
2.86644e-008	0.0230469
2.86894e-008	0.00285645
2.87144e-008	-0.00495605
2.87394e-008	0.0022461
2.87644e-008	0.0295166
2.87894e-008	0.0339111
2.88144e-008	0.0174805
2.88394e-008	0.0193848
2.88644e-008	0.0307861
2.88894e-008	0.0353272
2.89144e-008	0.0275879
2.89394e-008	0.0224609
2.89644e-008	0.0245117
2.89894e-008	0.021167
2.90144e-008	0.0249512
2.90394e-008	0.0233399
2.90644e-008	0.0167969
2.90894e-008	0.0327881
2.91144e-008	0.0327393
2.91394e-008	0.0139649
2.91644e-008	0.0194824
2.91894e-008	0.0277344
2.92144e-008	0.0187256
2.92394e-008	0.0114014
2.92644e-008	0.020752
2.92894e-008	0.0215332
2.93144e-008	0.00615235
2.93394e-008	0.00876466
2.93644e-008	0.0172607
2.93894e-008	0.0214111
2.94144e-008	0.0248047
2.94394e-008	0.0185059
2.94644e-008	0.0249024
2.94894e-008	0.0312012
2.95144e-008	0.0188477
2.95394e-008	0.0198486
2.95644e-008	0.023877
2.95894e-008	0.0201904
2.96144e-008	0.0256348
2.96394e-008	0.0253662
2.96644e-008	0.0228027
2.96894e-008	0.012915
2.97144e-008	-0.00102538
2.97394e-008	0.0120606
2.97644e-008	0.0241943
2.97894e-008	0.0231445
2.98144e-008	0.0216065
2.98394e-008	0.0125
2.98644e-008	0.0156982
2.98894e-008	0.0253662
2.99144e-008	0.0204834
2.99394e-008	0.015625
2.99644e-008	0.0212158
2.99894e-008	0.027002
3.00144e-008	0.0235107
3.00394e-008	0.0253418
3.00644e-008	0.0336182
3.00894e-008	0.0253418
3.01144e-008	0.0151123
3.01394e-008	0.0205078
3.01644e-008	0.0214356
3.01894e-008	0.0196045
3.02144e-008	0.0293945
3.02394e-008	0.0291748
3.02644e-008	0.0209961
3.02894e-008	0.0231934
3.03144e-008	0.0135254
3.03394e-008	0.00957032
3.03644e-008	0.0264649
3.03894e-008	0.0253906
3.04144e-008	0.0203613
3.04394e-008	0.0205322
3.04644e-008	0.0124756
3.04894e-008	0.0114746
3.05144e-008	0.0166992
3.05394e-008	0.0254883
3.05644e-008	0.0223633
3.05894e-008	0.0140137
3.06144e-008	0.0200684
3.06394e-008	0.0297852
3.06644e-008	0.0429932
3.06894e-008	0.0322754
3.07144e-008	0.00974122
3.07394e-008	0.0137695
3.07644e-008	0.0244141
3.07894e-008	0.0286377
3.08144e-008	0.0196533
3.08394e-008	0.0204834
3.08644e-008	0.0287842
3.08894e-008	0.0165772
3.09144e-008	0.0205811
3.09394e-008	0.030835
3.09644e-008	0.0176025
3.09894e-008	0.0128174
3.10144e-008	0.0272217
3.10394e-008	0.0373779
3.10644e-008	0.0341553
3.10894e-008	0.0210938
3.11144e-008	0.00925294
3.11394e-008	0.0171143
3.11644e-008	0.0216065
3.11894e-008	0.0103516
3.12144e-008	0.00705567
3.12394e-008	0.00273438
3.12644e-008	0.00766602
3.12894e-008	0.0251221
3.13144e-008	0.0251221
3.13394e-008	0.0178955
3.13644e-008	0.0141357
3.13894e-008	0.0131836
3.14144e-008	0.0235596
3.14394e-008	0.0211182
3.14644e-008	0.0156738
3.14894e-008	0.0356934
3.15144e-008	0.023999
3.15394e-008	0.0043213
3.15644e-008	0.0318604
3.15894e-008	0.0262695
3.16144e-008	0.0105713
3.16394e-008	0.0301025
3.16644e-008	0.0228272
3.16894e-008	0.0071045
3.17144e-008	0.00249024
3.17394e-008	0.0102051
3.17644e-008	0.0287354
3.17894e-008	0.0212647
3.18144e-008	0.0206299
3.18394e-008	0.0304199
3.18644e-008	0.0194824
3.18894e-008	0.0171631
3.19144e-008	0.0195557
3.19394e-008	0.0197266
3.19644e-008	0.0234619
3.19894e-008	0.0179199
3.20144e-008	0.0231201
3.20394e-008	0.0290527
3.20644e-008	0.0251221
3.20894e-008	0.0315918
3.21144e-008	0.0290039
3.21394e-008	0.0246094
3.21644e-008	0.0241211
3.21894e-008	0.0149658
3.22144e-008	0.0219971
3.22394e-008	0.0310059
3.22644e-008	0.0297363
3.22894e-008	0.0321045
3.23144e-008	0.023169
3.23394e-008	0.0129883
3.23644e-008	0.0156494
3.23894e-008	0.0208984
3.24144e-008	0.0218506
3.24394e-008	0.0192871
3.24644e-008	0.0287842
3.24894e-008	0.0360352
3.25144e-008	0.0153809
3.25394e-008	0.00290528
3.25644e-008	0.0186524
3.25894e-008	0.0244629
3.26144e-008	0.0210938
3.26394e-008	0.0226318
3.26644e-008	0.0207275
3.26894e-008	0.0251953
3.27144e-008	0.0218018
3.27394e-008	0.0149658
3.27644e-008	0.0296875
3.27894e-008	0.0311524
3.28144e-008	0.0205811
3.28394e-008	0.0220703
3.28644e-008	0.0220459
3.28894e-008	0.0227295
3.29144e-008	0.0114746
3.29394e-008	0.00341798
3.29644e-008	0.0192139
3.29894e-008	0.0198486
3.30144e-008	0.0199951
3.30394e-008	0.0249512
3.30644e-008	0.0154053
3.30894e-008	0.0324951
3.31144e-008	0.03479
3.31394e-008	0.00925294
3.31644e-008	0.0196533
3.31894e-008	0.018042
3.32144e-008	0.0104736
3.32394e-008	0.0259522
3.32644e-008	0.0191895
3.32894e-008	0.0152344
3.33144e-008	0.019458
3.33394e-008	0.0109375
3.33644e-008	0.0102295
3.33894e-008	0.0242676
3.34144e-008	0.0355469
3.34394e-008	0.0234863
3.34644e-008	0.0230469
3.34894e-008	0.0428711
3.35144e-008	0.0272949
3.35394e-008	0.00769044
3.35644e-008	0.0218262
3.35894e-008	0.0207031
3.36144e-008	0.0110107
3.36394e-008	0.011084
3.36644e-008	0.00251466
3.36894e-008	0.00764161
3.37144e-008	0.0183838
3.37394e-008	0.0223633
3.37644e-008	0.0302734
3.37894e-008	0.0228272
3.38144e-008	0.0172607
3.38394e-008	0.0199463
3.38644e-008	0.0178467
3.38894e-008	0.026416
3.39144e-008	0.0241455
3.39394e-008	0.0170654
3.39644e-008	0.0235596
3.39894e-008	0.019751
3.40144e-008	0.0152344
3.40394e-008	0.0180176
3.40644e-008	0.0307129
3.40894e-008	0.0298584
3.41144e-008	0.00251466
3.41394e-008	0.0144775
3.41644e-008	0.033667
3.41894e-008	0.0151123
3.42144e-008	0.0133301
3.42394e-008	0.0154053
3.42644e-008	0.0107178
3.42894e-008	0.0149902
3.43144e-008	0.0124512
3.43394e-008	0.0183106
3.43644e-008	0.0250733
3.43894e-008	0.0163818
3.44144e-008	0.0174805
3.44394e-008	0.019751
3.44644e-008	0.0216065
3.44894e-008	0.0311768
3.45144e-008	0.01604
3.45394e-008	0.0038086
3.45644e-008	0.0168457
3.45894e-008	0.0230469
3.46144e-008	0.025708
3.46394e-008	0.0174561
3.46644e-008	0.0101807
3.46894e-008	0.019043
3.47144e-008	0.0149414
3.47394e-008	0.00983887
3.47644e-008	0.0217529
3.47894e-008	0.0307129
3.48144e-008	0.0182373
3.48394e-008	0.00703126
3.48644e-008	0.0209473
3.48894e-008	0.0258545
3.49144e-008	0.0219971
3.49394e-008	0.0302002
3.49644e-008	0.0286133
3.49894e-008	0.0217774
3.50144e-008	0.0227783
3.50394e-008	0.0227783
3.50644e-008	0.0238281
3.50894e-008	0.0209229
3.51144e-008	0.00195313
3.51394e-008	-0.00310058
3.51644e-008	0.01604
3.51894e-008	0.0205811
3.52144e-008	0.0180176
3.52394e-008	0.0210938
3.52644e-008	0.017627
3.52894e-008	0.0180176
3.53144e-008	0.0274658
3.53394e-008	0.0269287
3.53644e-008	0.0106445
3.53894e-008	0.00886231
3.54144e-008	0.0186768
3.54394e-008	0.0205078
3.54644e-008	0.0274414
3.54894e-008	0.0333984
3.55144e-008	0.0276367
3.55394e-008	0.0212647
3.55644e-008	0.0208252
3.55894e-008	0.0264893
3.56144e-008	0.0364014
3.56394e-008	0.023169
3.56644e-008	0.00637208
3.56894e-008	0.0274902
3.57144e-008	0.02771
3.57394e-008	0.00871583
3.57644e-008	0.0242432
3.57894e-008	0.0294678
3.58144e-008	0.0208496
3.58394e-008	0.021167
3.58644e-008	0.020166
3.58894e-008	0.0380371
3.59144e-008	0.0333984
3.59394e-008	-0.00202636
3.59644e-008	0.0121338
3.59894e-008	0.031958
3.60144e-008	0.0204346
3.60394e-008	0.0188232
3.60644e-008	0.0203857
3.60894e-008	0.0296631
3.61144e-008	0.021167
3.61394e-008	0.00126954
3.61644e-008	0.0133301
3.61894e-008	0.0251465
3.62144e-008	0.030249
3.62394e-008	0.0314209
3.62644e-008	0.0265137
3.62894e-008	0.0227051
3.63144e-008	0.0166992
3.63394e-008	0.0218994
3.63644e-008	0.0124268
3.63894e-008	0.00817872
3.64144e-008	0.0306885
3.64394e-008	0.0254395
3.64644e-008	0.0237549
3.64894e-008	0.0287598
3.65144e-008	0.00803223
3.65394e-008	0.013916
3.65644e-008	0.0259277
3.65894e-008	0.0209229
3.66144e-008	0.0263916
3.66394e-008	0.0220459
3.66644e-008	0.027832
3.66894e-008	0.037207
3.67144e-008	0.010376
3.67394e-008	0.00690919
3.67644e-008	0.0288818
3.67894e-008	0.0237549
3.68144e-008	0.0160156
3.68394e-008	0.0196045
3.68644e-008	0.033252
3.68894e-008	0.0339844
3.69144e-008	0.0104492
3.69394e-008	0.0143555
3.69644e-008	0.0323242
3.69894e-008	0.021875
3.70144e-008	0.0119141
3.70394e-008	0.0148438
3.70644e-008	0.0186035
3.70894e-008	0.0309815
3.71144e-008	0.0252686
3.71394e-008	0.00393067
3.71644e-008	0.0108154
3.71894e-008	0.0270996
3.72144e-008	0.0321289
3.72394e-008	0.0269287
3.72644e-008	0.0243164
3.72894e-008	0.0242676
3.73144e-008	0.0155029
3.73394e-008	0.0237549
3.73644e-008	0.0273682
3.73894e-008	0.0194092
3.74144e-008	0.0158936
3.74394e-008	0.00949708
3.74644e-008	0.0197998
3.74894e-008	0.0220215
3.75144e-008	0.0142334
3.75394e-008	0.0207275
3.75644e-008	0.0266113
3.75894e-008	0.0270264
3.76144e-008	0.0124512
3.76394e-008	0.00844727
3.76644e-008	0.0239014
3.76894e-008	0.0226074
3.77144e-008	0.00561524
3.77394e-008	-0.00273437
3.77644e-008	0.0152344
3.77894e-008	0.0350098
3.78144e-008	0.0314941
3.78394e-008	0.0222412
3.78644e-008	0.0164063
3.78894e-008	0.0167969
3.79144e-008	0.0301514
3.79394e-008	0.0270996
3.79644e-008	0.0101074
3.79894e-008	0.0216797
3.80144e-008	0.0264404
3.80394e-008	0.0148438
3.80644e-008	0.0226807
3.80894e-008	0.027832
3.81144e-008	0.0228516
3.81394e-008	0.0184815
3.81644e-008	0.0248047
3.81894e-008	0.0292969
3.82144e-008	0.0212647
3.82394e-008	0.0254639
3.82644e-008	0.0249512
3.82894e-008	0.0186279
3.83144e-008	0.0208984
3.83394e-008	0.0239502
3.83644e-008	0.0313233
3.83894e-008	0.0252441
3.84144e-008	0.0185303
3.84394e-008	0.0225098
3.84644e-008	0.0195313
3.84894e-008	0.0248535
3.85144e-008	0.0302734
3.85394e-008	0.0240723
3.85644e-008	0.020459
3.85894e-008	0.020044
3.86144e-008	0.0252441
3.86394e-008	0.0261231
3.86644e-008	0.0248047
3.86894e-008	0.0340576
3.87144e-008	0.0258057
3.87394e-008	0.0166016
3.87644e-008	0.026709
3.87894e-008	0.025293
3.88144e-008	0.0271484
3.88394e-008	0.0326904
3.88644e-008	0.030249
3.88894e-008	0.0247559
3.89144e-008	0.00803223
3.89394e-008	0.0132813
3.89644e-008	0.0288574
3.89894e-008	0.0153565
3.90144e-008	0.00915528
3.90394e-008	0.01604
3.90644e-008	0.0149414
3.90894e-008	0.025293
3.91144e-008	0.0305664
3.91394e-008	0.0162354
3.91644e-008	0.0138916
3.91894e-008	0.0186279
3.92144e-008	0.0237305
3.92394e-008	0.0284668
3.92644e-008	0.0313965
3.92894e-008	0.0341065
3.93144e-008	0.0125732
3.93394e-008	0.010791
3.93644e-008	0.0302979
3.93894e-008	0.0178955
3.94144e-008	0.0212158
3.94394e-008	0.0294678
3.94644e-008	0.0223145
3.94894e-008	0.0323486
3.95144e-008	0.0218506
3.95394e-008	0.00986329
3.95644e-008	0.0292481
3.95894e-008	0.0313233
3.96144e-008	0.016626
3.96394e-008	0.0179932
3.96644e-008	0.0291748
3.96894e-008	0.032544
3.97144e-008	0.0238281
3.97394e-008	0.0195801
3.97644e-008	0.0291504
3.97894e-008	0.0309815
3.98144e-008	0.0127197
3.98394e-008	-0.00131835
3.98644e-008	0.0112305
3.98894e-008	0.0312012
3.99144e-008	0.0222168
3.99394e-008	0.00913087
3.99644e-008	0.0193604
3.99894e-008	0.0199219
4.00144e-008	0.019043
4.00394e-008	0.0257568
4.00644e-008	0.0300537
4.00894e-008	0.0354981
4.01144e-008	0.0158447
4.01394e-008	-7.32347e-005
4.01644e-008	0.0139404
4.01894e-008	0.0216065
4.02144e-008	0.0282471
4.02394e-008	0.0227051
4.02644e-008	0.00476075
4.02894e-008	0.0197754
4.03144e-008	0.0353272
4.03394e-008	0.0247315
4.03644e-008	0.0186768
4.03894e-008	0.0133545
4.04144e-008	0.0174805
4.04394e-008	0.0212891
4.04644e-008	0.0172852
4.04894e-008	0.0270752
4.05144e-008	0.0139404
4.05394e-008	0.00698243
4.05644e-008	0.0235596
4.05894e-008	0.0110107
4.06144e-008	0.0090088
4.06394e-008	0.0197266
4.06644e-008	0.0252197
4.06894e-008	0.0335693
4.07144e-008	0.012915
4.07394e-008	0.00122071
4.07644e-008	0.0246094
4.07894e-008	0.0330811
4.08144e-008	0.0216309
4.08394e-008	0.0144043
4.08644e-008	0.0123047
4.08894e-008	0.0111328
4.09144e-008	0.0188965
4.09394e-008	0.0270264
4.09644e-008	0.0160156
4.09894e-008	0.0134033
4.10144e-008	0.0240967
4.10394e-008	0.0188721
4.10644e-008	0.0256592
4.10894e-008	0.0332031
4.11144e-008	0.0146973
4.11394e-008	0.0194336
4.11644e-008	0.0346924
4.11894e-008	0.0245361
4.12144e-008	0.0233399
4.12394e-008	0.0282959
4.12644e-008	0.0251709
4.12894e-008	0.0257324
4.13144e-008	0.0230225
4.13394e-008	0.0249512
4.13644e-008	0.0162598
4.13894e-008	0.00251466
4.14144e-008	0.0234619
4.14394e-008	0.0244629
4.14644e-008	0.00485841
4.14894e-008	0.0166016
4.15144e-008	0.018042
4.15394e-008	0.0170899
4.15644e-008	0.0312988
4.15894e-008	0.0237305
4.16144e-008	0.0106934
4.16394e-008	0.0163574
4.16644e-008	0.0287109
4.16894e-008	0.0230957
4.17144e-008	0.0110352
4.17394e-008	0.0196533
4.17644e-008	0.0210205
4.17894e-008	0.0125244
4.18144e-008	0.0146484
4.18394e-008	0.0156982
4.18644e-008	0.0256836
4.18894e-008	0.0335938
4.19144e-008	0.0120361
4.19394e-008	-0.00280761
4.19644e-008	0.0109375
4.19894e-008	0.0171387
4.20144e-008	0.0133545
4.20394e-008	0.0173584
4.20644e-008	0.0273682
4.20894e-008	0.0318115
4.21144e-008	0.0118652
4.21394e-008	0.0067627
4.21644e-008	0.0259277
4.21894e-008	0.0134277
4.22144e-008	0.00805665
4.22394e-008	0.0287109
4.22644e-008	0.0279297
4.22894e-008	0.0234375
4.23144e-008	0.0239746
4.23394e-008	0.0161865
4.23644e-008	0.0163086
4.23894e-008	0.0203857
4.24144e-008	0.0156006
4.24394e-008	0.0144531
4.24644e-008	0.0204834
4.24894e-008	0.0290772
4.25144e-008	0.0343994
4.25394e-008	0.0296387
4.25644e-008	0.0241699
4.25894e-008	0.0188721
4.26144e-008	0.0155029
4.26394e-008	0.0206543
4.26644e-008	0.030249
4.26894e-008	0.0309815
4.27144e-008	0.0141846
4.27394e-008	0.00400391
4.27644e-008	0.0104004
4.27894e-008	0.0178467
4.28144e-008	0.019458
4.28394e-008	0.017041
4.28644e-008	0.025
4.28894e-008	0.030249
4.29144e-008	0.019458
4.29394e-008	0.0156982
4.29644e-008	0.0226074
4.29894e-008	0.0280274
4.30144e-008	0.0221436
4.30394e-008	0.0125977
4.30644e-008	0.0167236
4.30894e-008	0.0150391
4.31144e-008	0.00844727
4.31394e-008	0.0187256
4.31644e-008	0.0276123
4.31894e-008	0.0287109
4.32144e-008	0.026001
4.32394e-008	0.0145264
4.32644e-008	0.0155762
4.32894e-008	0.0237305
4.33144e-008	0.0158203
4.33394e-008	0.0195313
4.33644e-008	0.0280762
4.33894e-008	0.0244873
4.34144e-008	0.0344971
4.34394e-008	0.0319336
4.34644e-008	0.0239014
4.34894e-008	0.0305908
4.35144e-008	0.0122803
4.35394e-008	0.00629884
4.35644e-008	0.0303467
4.35894e-008	0.0286377
4.36144e-008	0.0188965
4.36394e-008	0.0300293
4.36644e-008	0.0305176
4.36894e-008	0.0137207
4.37144e-008	0.0112305
4.37394e-008	0.0177246
4.37644e-008	0.0168701
4.37894e-008	0.0130127
4.38144e-008	0.0109375
4.38394e-008	0.0223389
4.38644e-008	0.0346436
4.38894e-008	0.0276856
4.39144e-008	0.0123047
4.39394e-008	0.0119141
4.39644e-008	0.0232178
4.39894e-008	0.0165772
4.40144e-008	0.0129395
4.40394e-008	0.0299561
4.40644e-008	0.0339111
4.40894e-008	0.0248047
4.41144e-008	0.0138916
4.41394e-008	0.0119873
4.41644e-008	0.0220947
4.41894e-008	0.0203613
4.42144e-008	0.0164307
4.42394e-008	0.0209717
4.42644e-008	0.0253418
4.42894e-008	0.0251953
4.43144e-008	0.0184815
4.43394e-008	0.0202149
4.43644e-008	0.0275147
4.43894e-008	0.0250733
4.44144e-008	0.0184815
4.44394e-008	0.0148438
4.44644e-008	0.0221191
4.44894e-008	0.0356445
4.45144e-008	0.0349365
4.45394e-008	0.0263916
4.45644e-008	0.0299805
4.45894e-008	0.0300049
4.46144e-008	0.0151367
4.46394e-008	0.00937501
4.46644e-008	0.0151123
4.46894e-008	0.0203369
4.47144e-008	0.019751
4.47394e-008	0.00856934
4.47644e-008	0.00717774
4.47894e-008	0.0220459
4.48144e-008	0.0257324
4.48394e-008	0.0148682
4.48644e-008	0.0208252
4.48894e-008	0.031665
4.49144e-008	0.00871583
4.49394e-008	0.00217286
4.49644e-008	0.0288086
4.49894e-008	0.025708
4.50144e-008	0.0168945
4.50394e-008	0.025708
4.50644e-008	0.0158203
4.50894e-008	0.00529786
4.51144e-008	0.0174072
4.51394e-008	0.0250733
4.51644e-008	0.0247803
4.51894e-008	0.0327393
4.52144e-008	0.0303711
4.52394e-008	0.0178955
4.52644e-008	0.0225586
4.52894e-008	0.0235596
4.53144e-008	0.00324708
4.53394e-008	0.000903328
4.53644e-008	0.0154297
4.53894e-008	0.0202881
4.54144e-008	0.0296387
4.54394e-008	0.0319092
4.54644e-008	0.0270264
4.54894e-008	0.0260742
4.55144e-008	0.0155762
4.55394e-008	0.0153809
4.55644e-008	0.0203369
4.55894e-008	0.0153809
4.56144e-008	0.015918
4.56394e-008	0.0237549
4.56644e-008	0.0327393
4.56894e-008	0.0267822
4.57144e-008	0.0174316
4.57394e-008	0.0177246
4.57644e-008	0.0161621
4.57894e-008	0.0210205
4.58144e-008	0.0242188
4.58394e-008	0.0205566
4.58644e-008	0.0219238
4.58894e-008	0.0240723
4.59144e-008	0.0164063
4.59394e-008	0.00703126
4.59644e-008	0.0170166
4.59894e-008	0.0293945
4.60144e-008	0.0314209
4.60394e-008	0.0229981
4.60644e-008	0.0103027
4.60894e-008	0.0182861
4.61144e-008	0.0271973
4.61394e-008	0.0248535
4.61644e-008	0.020044
4.61894e-008	0.0191895
4.62144e-008	0.0229248
4.62394e-008	0.0130859
4.62644e-008	0.0223389
4.62894e-008	0.0364746
4.63144e-008	0.0203857
4.63394e-008	0.0226318
4.63644e-008	0.0263184
4.63894e-008	0.014502
4.64144e-008	0.0247315
4.64394e-008	0.0259766
4.64644e-008	0.0160645
4.64894e-008	0.0206787
4.65144e-008	0.0144775
4.65394e-008	0.0180176
4.65644e-008	0.0269043
4.65894e-008	0.0130859
4.66144e-008	0.0210205
4.66394e-008	0.0277588
4.66644e-008	0.0213135
4.66894e-008	0.0235596
4.67144e-008	0.000634773
4.67394e-008	0.00253907
4.67644e-008	0.0306641
4.67894e-008	0.0210449
4.68144e-008	0.0172607
4.68394e-008	0.025415
4.68644e-008	0.0109863
4.68894e-008	0.00549317
4.69144e-008	0.017334
4.69394e-008	0.022168
4.69644e-008	0.0229248
4.69894e-008	0.0212402
4.70144e-008	0.017334
4.70394e-008	0.0170166
4.70644e-008	0.0256104
4.70894e-008	0.0355713
4.71144e-008	0.0238281
4.71394e-008	0.0153565
4.71644e-008	0.0230957
4.71894e-008	0.0224854
4.72144e-008	0.0181885
4.72394e-008	0.020044
4.72644e-008	0.0292236
4.72894e-008	0.0301025
4.73144e-008	0.0247315
4.73394e-008	0.0167481
4.73644e-008	0.00812989
4.73894e-008	0.0247803
4.74144e-008	0.0244141
4.74394e-008	0.00498048
4.74644e-008	0.0224121
4.74894e-008	0.0320313
4.75144e-008	0.0189209
4.75394e-008	0.0151611
4.75644e-008	0.0125244
4.75894e-008	0.0203857
4.76144e-008	0.019165
4.76394e-008	0.00742188
4.76644e-008	0.0171143
4.76894e-008	0.0163818
4.77144e-008	0.00998536
4.77394e-008	0.0185547
4.77644e-008	0.0195801
4.77894e-008	0.0219482
4.78144e-008	0.0200684
4.78394e-008	0.0230713
4.78644e-008	0.0426025
4.78894e-008	0.0385498
4.79144e-008	0.0190674
4.79394e-008	0.0132568
4.79644e-008	0.0156738
4.79894e-008	0.0143066
4.80144e-008	0.0105957
4.80394e-008	0.0181152
4.80644e-008	0.0297119
4.80894e-008	0.0366699
4.81144e-008	0.0275147
4.81394e-008	0.0156738
4.81644e-008	0.018457
4.81894e-008	0.0143799
4.82144e-008	0.0159668
4.82394e-008	0.0180664
4.82644e-008	0.0067627
4.82894e-008	0.00654298
4.83144e-008	0.0134277
4.83394e-008	0.0219971
4.83644e-008	0.0155762
4.83894e-008	-0.00217284
4.84144e-008	0.0140381
4.84394e-008	0.0283691
4.84644e-008	0.0120361
4.84894e-008	0.0163818
4.85144e-008	0.021167
4.85394e-008	0.0138428
4.85644e-008	0.0302002
4.85894e-008	0.023999
4.86144e-008	0.00625001
4.86394e-008	0.0171387
4.86644e-008	0.0150635
4.86894e-008	0.0195068
4.87144e-008	0.0276611
4.87394e-008	0.0162598
4.87644e-008	0.0284424
4.87894e-008	0.0345459
4.88144e-008	0.0185059
4.88394e-008	0.0213623
4.88644e-008	0.0242432
4.88894e-008	0.0215088
4.89144e-008	0.0194336
4.89394e-008	0.0160889
4.89644e-008	0.0218262
4.89894e-008	0.0163574
4.90144e-008	0.0102051
4.90394e-008	0.0186279
4.90644e-008	0.0174316
4.90894e-008	0.0201904
4.91144e-008	0.0322022
4.91394e-008	0.0296875
4.91644e-008	0.0215576
4.91894e-008	0.0224365
4.92144e-008	0.0273926
4.92394e-008	0.0229004
4.92644e-008	0.0194092
4.92894e-008	0.0327149
4.93144e-008	0.0333496
4.93394e-008	0.0219971
4.93644e-008	0.0289551
4.93894e-008	0.0369385
4.94144e-008	0.0284424
4.94394e-008	0.0158447
4.94644e-008	0.0228272
4.94894e-008	0.0285645
4.95144e-008	0.0112305
4.95394e-008	0.0170166
4.95644e-008	0.0293945
4.95894e-008	0.0155518
4.96144e-008	0.0184082
4.96394e-008	0.0290039
4.96644e-008	0.0229736
4.96894e-008	0.018042
4.97144e-008	0.0112549
4.97394e-008	0.0108887
4.97644e-008	0.0206055
4.97894e-008	0.0230225
4.98144e-008	0.026709
4.98394e-008	0.0239258
4.98644e-008	0.0193359
4.98894e-008	0.0326416
4.99144e-008	0.0237061
4.99394e-008	0.002417
4.99644e-008	0.0170166
4.99894e-008	0.0338135
5.00144e-008	0.0202881
