# LECROYWM813Zi	51496	Waveform
# Segments	1	SegmentSize	4002
# Segment	TrigTime	TimeSinceSegment1
# #1	30-Nov-2018 17:24:47	0                 
# Time	Ampl
-5.00085e-008	0.0201416
-4.99835e-008	0.0172363
-4.99585e-008	0.0211182
-4.99335e-008	0.0151123
-4.99085e-008	0.0245606
-4.98835e-008	0.0348877
-4.98585e-008	0.018042
-4.98335e-008	0.0211426
-4.98085e-008	0.0470947
-4.97835e-008	0.0416504
-4.97585e-008	0.0241699
-4.97335e-008	0.0283691
-4.97085e-008	0.0428711
-4.96835e-008	0.0322998
-4.96585e-008	0.0111572
-4.96335e-008	0.023584
-4.96085e-008	0.0267334
-4.95835e-008	0.0168457
-4.95585e-008	0.0216309
-4.95335e-008	0.0192139
-4.95085e-008	0.0263672
-4.94835e-008	0.0309815
-4.94585e-008	0.0177246
-4.94335e-008	0.01521
-4.94085e-008	0.0195801
-4.93835e-008	0.0216309
-4.93585e-008	0.0216553
-4.93335e-008	0.0228516
-4.93085e-008	0.0336426
-4.92835e-008	0.0419678
-4.92585e-008	0.0244873
-4.92335e-008	0.0136475
-4.92085e-008	0.0263184
-4.91835e-008	0.019751
-4.91585e-008	0.0125977
-4.91335e-008	0.0188477
-4.91085e-008	0.0205566
-4.90835e-008	0.0128418
-4.90585e-008	-0.00332031
-4.90335e-008	0.00578614
-4.90085e-008	0.0264893
-4.89835e-008	0.028418
-4.89585e-008	0.02854
-4.89335e-008	0.0313477
-4.89085e-008	0.0324707
-4.88835e-008	0.02854
-4.88585e-008	0.0242432
-4.88335e-008	0.022876
-4.88085e-008	0.0174072
-4.87835e-008	0.0147949
-4.87585e-008	0.0171387
-4.87335e-008	0.0165283
-4.87085e-008	0.0164307
-4.86835e-008	0.0177002
-4.86585e-008	0.0166992
-4.86335e-008	0.0166016
-4.86085e-008	0.0138428
-4.85835e-008	0.0150879
-4.85585e-008	0.0265381
-4.85335e-008	0.0295899
-4.85085e-008	0.0248779
-4.84835e-008	0.0209473
-4.84585e-008	0.00891114
-4.84335e-008	0.00454102
-4.84085e-008	0.0128662
-4.83835e-008	0.0141602
-4.83585e-008	0.0199463
-4.83335e-008	0.0213379
-4.83085e-008	0.015625
-4.82835e-008	0.0293701
-4.82585e-008	0.0246826
-4.82335e-008	0.000903328
-4.82085e-008	0.0135986
-4.81835e-008	0.0276856
-4.81585e-008	0.0143311
-4.81335e-008	0.0145508
-4.81085e-008	0.0289063
-4.80835e-008	0.0284668
-4.80585e-008	0.0168213
-4.80335e-008	0.0229248
-4.80085e-008	0.0314453
-4.79835e-008	0.0191406
-4.79585e-008	0.0210205
-4.79335e-008	0.0189941
-4.79085e-008	0.00393067
-4.78835e-008	0.0144531
-4.78585e-008	0.0226074
-4.78335e-008	0.0243408
-4.78085e-008	0.0267578
-4.77835e-008	0.0178467
-4.77585e-008	0.0168213
-4.77335e-008	0.0216553
-4.77085e-008	0.0287598
-4.76835e-008	0.0261475
-4.76585e-008	0.0121338
-4.76335e-008	0.0192871
-4.76085e-008	0.0252686
-4.75835e-008	0.0173584
-4.75585e-008	0.0223877
-4.75335e-008	0.0193604
-4.75085e-008	0.017334
-4.74835e-008	0.0340088
-4.74585e-008	0.0225342
-4.74335e-008	0.0076172
-4.74085e-008	0.0245606
-4.73835e-008	0.0222412
-4.73585e-008	0.0163574
-4.73335e-008	0.0290772
-4.73085e-008	0.0282959
-4.72835e-008	0.0215088
-4.72585e-008	0.017627
-4.72335e-008	0.0226807
-4.72085e-008	0.0264893
-4.71835e-008	0.0185547
-4.71585e-008	0.0107666
-4.71335e-008	0.00390626
-4.71085e-008	0.0208496
-4.70835e-008	0.0371338
-4.70585e-008	0.0242432
-4.70335e-008	0.0179199
-4.70085e-008	0.0100586
-4.69835e-008	0.00368653
-4.69585e-008	0.0192139
-4.69335e-008	0.032666
-4.69085e-008	0.0364258
-4.68835e-008	0.0342529
-4.68585e-008	0.026294
-4.68335e-008	0.0164795
-4.68085e-008	0.0116455
-4.67835e-008	0.0161377
-4.67585e-008	0.020459
-4.67335e-008	0.0270264
-4.67085e-008	0.0366455
-4.66835e-008	0.0340576
-4.66585e-008	0.017627
-4.66335e-008	0.0125732
-4.66085e-008	0.0265869
-4.65835e-008	0.0231445
-4.65585e-008	0.0104981
-4.65335e-008	0.0149658
-4.65085e-008	0.0206543
-4.64835e-008	0.0236328
-4.64585e-008	0.0101563
-4.64335e-008	0.00317384
-4.64085e-008	0.029541
-4.63835e-008	0.0338135
-4.63585e-008	0.0188477
-4.63335e-008	0.0218994
-4.63085e-008	0.0210938
-4.62835e-008	0.023999
-4.62585e-008	0.033667
-4.62335e-008	0.0250244
-4.62085e-008	0.0178467
-4.61835e-008	0.0216553
-4.61585e-008	0.0238525
-4.61335e-008	0.0261231
-4.61085e-008	0.0311524
-4.60835e-008	0.032251
-4.60585e-008	0.0165283
-4.60335e-008	0.0128418
-4.60085e-008	0.0158203
-4.59835e-008	0.0121094
-4.59585e-008	0.0257568
-4.59335e-008	0.0211182
-4.59085e-008	0.0207275
-4.58835e-008	0.0333496
-4.58585e-008	0.0123779
-4.58335e-008	0.0103027
-4.58085e-008	0.0255859
-4.57835e-008	0.0200928
-4.57585e-008	0.00976563
-4.57335e-008	0.00720216
-4.57085e-008	0.0174805
-4.56835e-008	0.011792
-4.56585e-008	0.00983887
-4.56335e-008	0.0304932
-4.56085e-008	0.0267578
-4.55835e-008	0.0179199
-4.55585e-008	0.0210449
-4.55335e-008	0.0136231
-4.55085e-008	0.0202149
-4.54835e-008	0.0280274
-4.54585e-008	0.0135498
-4.54335e-008	0.0113281
-4.54085e-008	0.0219238
-4.53835e-008	0.0273438
-4.53585e-008	0.0262207
-4.53335e-008	0.019043
-4.53085e-008	0.0172852
-4.52835e-008	0.016919
-4.52585e-008	0.0211914
-4.52335e-008	0.030542
-4.52085e-008	0.0243897
-4.51835e-008	0.0156006
-4.51585e-008	0.0239014
-4.51335e-008	0.0277832
-4.51085e-008	0.0251709
-4.50835e-008	0.0357422
-4.50585e-008	0.0317871
-4.50335e-008	0.014624
-4.50085e-008	0.0161377
-4.49835e-008	0.0178223
-4.49585e-008	0.0158203
-4.49335e-008	0.0178711
-4.49085e-008	0.0170654
-4.48835e-008	0.0167481
-4.48585e-008	0.0165039
-4.48335e-008	0.0225342
-4.48085e-008	0.0289551
-4.47835e-008	0.0210205
-4.47585e-008	0.0195313
-4.47335e-008	0.0224121
-4.47085e-008	0.0235596
-4.46835e-008	0.0399414
-4.46585e-008	0.0338135
-4.46335e-008	0.0116699
-4.46085e-008	0.0147949
-4.45835e-008	0.024292
-4.45585e-008	0.0278809
-4.45335e-008	0.0186524
-4.45085e-008	0.0213623
-4.44835e-008	0.0338867
-4.44585e-008	0.0171631
-4.44335e-008	0.0123779
-4.44085e-008	0.0271484
-4.43835e-008	0.023169
-4.43585e-008	0.020044
-4.43335e-008	0.0226563
-4.43085e-008	0.0196777
-4.42835e-008	0.02771
-4.42585e-008	0.0330566
-4.42335e-008	0.0210449
-4.42085e-008	0.0143311
-4.41835e-008	0.0193359
-4.41585e-008	0.0296387
-4.41335e-008	0.0255859
-4.41085e-008	0.0186524
-4.40835e-008	0.029834
-4.40585e-008	0.0252686
-4.40335e-008	0.0160156
-4.40085e-008	0.0153076
-4.39835e-008	0.0105957
-4.39585e-008	0.0159424
-4.39335e-008	0.0115479
-4.39085e-008	0.00981446
-4.38835e-008	0.0195068
-4.38585e-008	0.0118897
-4.38335e-008	0.0173828
-4.38085e-008	0.0303223
-4.37835e-008	0.02771
-4.37585e-008	0.0315674
-4.37335e-008	0.0309082
-4.37085e-008	0.0272461
-4.36835e-008	0.0214356
-4.36585e-008	0.0115479
-4.36335e-008	0.0160889
-4.36085e-008	0.0134766
-4.35835e-008	0.0113281
-4.35585e-008	0.027124
-4.35335e-008	0.0267334
-4.35085e-008	0.0206299
-4.34835e-008	0.0347656
-4.34585e-008	0.0308838
-4.34335e-008	0.0132324
-4.34085e-008	0.0210205
-4.33835e-008	0.0210449
-4.33585e-008	0.0164551
-4.33335e-008	0.0232422
-4.33085e-008	0.0229248
-4.32835e-008	0.0332764
-4.32585e-008	0.0375244
-4.32335e-008	0.0253662
-4.32085e-008	0.0168213
-4.31835e-008	0.0171143
-4.31585e-008	0.0285889
-4.31335e-008	0.0307129
-4.31085e-008	0.0330566
-4.30835e-008	0.0370361
-4.30585e-008	0.0225586
-4.30335e-008	0.0225098
-4.30085e-008	0.0367188
-4.29835e-008	0.0336914
-4.29585e-008	0.0227051
-4.29335e-008	0.0101318
-4.29085e-008	0.00976563
-4.28835e-008	0.0281738
-4.28585e-008	0.0254639
-4.28335e-008	0.00864259
-4.28085e-008	0.0115479
-4.27835e-008	0.0227539
-4.27585e-008	0.0356445
-4.27335e-008	0.0324951
-4.27085e-008	0.0195313
-4.26835e-008	0.0280029
-4.26585e-008	0.030835
-4.26335e-008	0.0208496
-4.26085e-008	0.0179688
-4.25835e-008	0.0105957
-4.25585e-008	0.015332
-4.25335e-008	0.0277588
-4.25085e-008	0.0194092
-4.24835e-008	0.0177246
-4.24585e-008	0.020874
-4.24335e-008	0.0218994
-4.24085e-008	0.0331055
-4.23835e-008	0.0263428
-4.23585e-008	0.0218994
-4.23335e-008	0.0282471
-4.23085e-008	0.0251709
-4.22835e-008	0.0277832
-4.22585e-008	0.0189697
-4.22335e-008	0.0118897
-4.22085e-008	0.0177246
-4.21835e-008	0.0119141
-4.21585e-008	0.0157959
-4.21335e-008	0.0191406
-4.21085e-008	0.0114502
-4.20835e-008	0.019751
-4.20585e-008	0.0228516
-4.20335e-008	0.0180176
-4.20085e-008	0.0253906
-4.19835e-008	0.0218262
-4.19585e-008	0.00764161
-4.19335e-008	0.0173096
-4.19085e-008	0.0381836
-4.18835e-008	0.0298096
-4.18585e-008	0.0118164
-4.18335e-008	0.0117676
-4.18085e-008	0.0147705
-4.17835e-008	0.0173828
-4.17585e-008	0.0230469
-4.17335e-008	0.0270508
-4.17085e-008	0.0216065
-4.16835e-008	0.0229736
-4.16585e-008	0.0371826
-4.16335e-008	0.0311524
-4.16085e-008	0.0178223
-4.15835e-008	0.0143311
-4.15585e-008	0.0102783
-4.15335e-008	0.0136231
-4.15085e-008	0.0256348
-4.14835e-008	0.0335449
-4.14585e-008	0.0198242
-4.14335e-008	0.00798341
-4.14085e-008	0.0127197
-4.13835e-008	0.0135742
-4.13585e-008	0.0233643
-4.13335e-008	0.0150635
-4.13085e-008	0.00144044
-4.12835e-008	0.0272461
-4.12585e-008	0.0306152
-4.12335e-008	0.0217529
-4.12085e-008	0.0297363
-4.11835e-008	0.0158936
-4.11585e-008	0.00837403
-4.11335e-008	0.00759278
-4.11085e-008	0.00166016
-4.10835e-008	0.0117432
-4.10585e-008	0.0194336
-4.10335e-008	0.0162598
-4.10085e-008	0.0130859
-4.09835e-008	0.0188477
-4.09585e-008	0.025415
-4.09335e-008	0.0181885
-4.09085e-008	0.0178955
-4.08835e-008	0.0239014
-4.08585e-008	0.0229981
-4.08335e-008	0.0295899
-4.08085e-008	0.0241211
-4.07835e-008	0.0100586
-4.07585e-008	0.0195068
-4.07335e-008	0.0251221
-4.07085e-008	0.0220215
-4.06835e-008	0.0236084
-4.06585e-008	0.0205566
-4.06335e-008	0.0250244
-4.06085e-008	0.0289795
-4.05835e-008	0.0225586
-4.05585e-008	0.0265137
-4.05335e-008	0.0293213
-4.05085e-008	0.00966798
-4.04835e-008	0.00986329
-4.04585e-008	0.0300537
-4.04335e-008	0.0215088
-4.04085e-008	0.0148682
-4.03835e-008	0.0197022
-4.03585e-008	0.0159912
-4.03335e-008	0.0173828
-4.03085e-008	0.0185059
-4.02835e-008	0.0260254
-4.02585e-008	0.0279785
-4.02335e-008	0.0160156
-4.02085e-008	0.016626
-4.01835e-008	0.0155274
-4.01585e-008	0.0171875
-4.01335e-008	0.0259766
-4.01085e-008	0.0234619
-4.00835e-008	0.0189941
-4.00585e-008	0.0145752
-4.00335e-008	0.0161133
-4.00085e-008	0.0165527
-3.99835e-008	0.0152344
-3.99585e-008	0.020044
-3.99335e-008	0.0193115
-3.99085e-008	0.0295654
-3.98835e-008	0.0397461
-3.98585e-008	0.0297852
-3.98335e-008	0.0195068
-3.98085e-008	0.00800782
-3.97835e-008	0.00739747
-3.97585e-008	0.0278809
-3.97335e-008	0.0298828
-3.97085e-008	0.0277832
-3.96835e-008	0.0393799
-3.96585e-008	0.0166748
-3.96335e-008	-0.000610344
-3.96085e-008	0.0147461
-3.95835e-008	0.0133789
-3.95585e-008	0.0137695
-3.95335e-008	0.0227051
-3.95085e-008	0.0294434
-3.94835e-008	0.0306885
-3.94585e-008	0.020752
-3.94335e-008	0.0205566
-3.94085e-008	0.0195801
-3.93835e-008	0.0170654
-3.93585e-008	0.0196777
-3.93335e-008	0.0128418
-3.93085e-008	0.0139649
-3.92835e-008	0.0230469
-3.92585e-008	0.0198731
-3.92335e-008	0.0172607
-3.92085e-008	0.0275635
-3.91835e-008	0.0272461
-3.91585e-008	0.0129883
-3.91335e-008	0.0195313
-3.91085e-008	0.0312988
-3.90835e-008	0.0151611
-3.90585e-008	0.0076172
-3.90335e-008	0.0242432
-3.90085e-008	0.0173584
-3.89835e-008	0.00888673
-3.89585e-008	0.0242676
-3.89335e-008	0.0170654
-3.89085e-008	0.0127686
-3.88835e-008	0.0265869
-3.88585e-008	0.0200928
-3.88335e-008	0.0167969
-3.88085e-008	0.0193848
-3.87835e-008	0.0167969
-3.87585e-008	0.0260986
-3.87335e-008	0.0263672
-3.87085e-008	0.0178223
-3.86835e-008	0.0217774
-3.86585e-008	0.0195801
-3.86335e-008	0.0149414
-3.86085e-008	0.0188721
-3.85835e-008	0.0188721
-3.85585e-008	0.0178467
-3.85335e-008	0.0137451
-3.85085e-008	0.0190186
-3.84835e-008	0.0298584
-3.84585e-008	0.023877
-3.84335e-008	0.022168
-3.84085e-008	0.0205322
-3.83835e-008	0.0156006
-3.83585e-008	0.0217774
-3.83335e-008	0.0220703
-3.83085e-008	0.0295654
-3.82835e-008	0.0344727
-3.82585e-008	0.0173828
-3.82335e-008	0.0214844
-3.82085e-008	0.0276856
-3.81835e-008	0.0154785
-3.81585e-008	0.0204102
-3.81335e-008	0.0217774
-3.81085e-008	0.0255615
-3.80835e-008	0.0395508
-3.80585e-008	0.0247315
-3.80335e-008	0.00820313
-3.80085e-008	0.0140381
-3.79835e-008	0.020166
-3.79585e-008	0.0255615
-3.79335e-008	0.0316162
-3.79085e-008	0.0284424
-3.78835e-008	0.0219971
-3.78585e-008	0.0143066
-3.78335e-008	0.00678712
-3.78085e-008	0.0180664
-3.77835e-008	0.0259033
-3.77585e-008	0.02146
-3.77335e-008	0.0192383
-3.77085e-008	0.0117676
-3.76835e-008	0.0189697
-3.76585e-008	0.0215332
-3.76335e-008	0.0133301
-3.76085e-008	0.0251221
-3.75835e-008	0.0310303
-3.75585e-008	0.0356201
-3.75335e-008	0.0385742
-3.75085e-008	0.0124024
-3.74835e-008	-0.00139159
-3.74585e-008	0.0123291
-3.74335e-008	0.0174561
-3.74085e-008	0.0127686
-3.73835e-008	0.00764161
-3.73585e-008	0.0169678
-3.73335e-008	0.0266358
-3.73085e-008	0.0118408
-3.72835e-008	0.0149414
-3.72585e-008	0.0283691
-3.72335e-008	0.0189697
-3.72085e-008	0.0210693
-3.71835e-008	0.0327393
-3.71585e-008	0.0322754
-3.71335e-008	0.0278565
-3.71085e-008	0.0276123
-3.70835e-008	0.0238281
-3.70585e-008	0.0190918
-3.70335e-008	0.0258301
-3.70085e-008	0.0269043
-3.69835e-008	0.024292
-3.69585e-008	0.0262695
-3.69335e-008	0.0197022
-3.69085e-008	0.0230713
-3.68835e-008	0.0372803
-3.68585e-008	0.0241211
-3.68335e-008	0.00864259
-3.68085e-008	0.0233643
-3.67835e-008	0.0288574
-3.67585e-008	0.0203857
-3.67335e-008	0.0205566
-3.67085e-008	0.0273926
-3.66835e-008	0.0358887
-3.66585e-008	0.03125
-3.66335e-008	0.0195801
-3.66085e-008	0.0147217
-3.65835e-008	0.018457
-3.65585e-008	0.0230225
-3.65335e-008	0.0164551
-3.65085e-008	0.0182617
-3.64835e-008	0.0311524
-3.64585e-008	0.0199219
-3.64335e-008	0.00712891
-3.64085e-008	0.0204102
-3.63835e-008	0.0246338
-3.63585e-008	0.0200928
-3.63335e-008	0.0205566
-3.63085e-008	0.0214111
-3.62835e-008	0.0198242
-3.62585e-008	0.00910645
-3.62335e-008	0.0155029
-3.62085e-008	0.024292
-3.61835e-008	0.0169434
-3.61585e-008	0.0269775
-3.61335e-008	0.0204834
-3.61085e-008	0.000708015
-3.60835e-008	0.0151611
-3.60585e-008	0.0174316
-3.60335e-008	0.014624
-3.60085e-008	0.0310059
-3.59835e-008	0.0151367
-3.59585e-008	0.00666505
-3.59335e-008	0.0206055
-3.59085e-008	0.0188232
-3.58835e-008	0.0274658
-3.58585e-008	0.0174561
-3.58335e-008	0.00661622
-3.58085e-008	0.0244629
-3.57835e-008	0.0185303
-3.57585e-008	0.0220703
-3.57335e-008	0.04375
-3.57085e-008	0.0391358
-3.56835e-008	0.025415
-3.56585e-008	0.0199219
-3.56335e-008	0.0157715
-3.56085e-008	0.011377
-3.55835e-008	0.0132324
-3.55585e-008	0.00935059
-3.55335e-008	0.00800782
-3.55085e-008	0.0178711
-3.54835e-008	0.0191895
-3.54585e-008	0.0191895
-3.54335e-008	0.0208252
-3.54085e-008	0.0210938
-3.53835e-008	0.0149902
-3.53585e-008	0.00107423
-3.53335e-008	0.00517579
-3.53085e-008	0.0179199
-3.52835e-008	0.0225586
-3.52585e-008	0.0296875
-3.52335e-008	0.0321533
-3.52085e-008	0.0275635
-3.51835e-008	0.0251465
-3.51585e-008	0.0287598
-3.51335e-008	0.0225342
-3.51085e-008	0.00739747
-3.50835e-008	0.013208
-3.50585e-008	0.0181152
-3.50335e-008	0.0134766
-3.50085e-008	0.01521
-3.49835e-008	0.0113037
-3.49585e-008	0.0209473
-3.49335e-008	0.0282715
-3.49085e-008	0.010376
-3.48835e-008	0.013794
-3.48585e-008	0.0312256
-3.48335e-008	0.0245117
-3.48085e-008	0.0173584
-3.47835e-008	0.0211426
-3.47585e-008	0.0191895
-3.47335e-008	0.0072754
-3.47085e-008	0.00253907
-3.46835e-008	0.01604
-3.46585e-008	0.0200195
-3.46335e-008	0.0172363
-3.46085e-008	0.0177246
-3.45835e-008	0.0127441
-3.45585e-008	0.0178223
-3.45335e-008	0.0195313
-3.45085e-008	0.0147949
-3.44835e-008	0.0109619
-3.44585e-008	0.0145264
-3.44335e-008	0.0302246
-3.44085e-008	0.0230957
-3.43835e-008	0.0190674
-3.43585e-008	0.0318115
-3.43335e-008	0.0199951
-3.43085e-008	0.0117676
-3.42835e-008	0.0256348
-3.42585e-008	0.0275879
-3.42335e-008	0.0196045
-3.42085e-008	0.0219727
-3.41835e-008	0.0225342
-3.41585e-008	0.023584
-3.41335e-008	0.0298828
-3.41085e-008	0.0259277
-3.40835e-008	0.0151367
-3.40585e-008	0.00500489
-3.40335e-008	0.0116943
-3.40085e-008	0.0234131
-3.39835e-008	0.0197754
-3.39585e-008	0.0215576
-3.39335e-008	0.0158203
-3.39085e-008	0.0124756
-3.38835e-008	0.0327881
-3.38585e-008	0.0299561
-3.38335e-008	0.0153809
-3.38085e-008	0.0246582
-3.37835e-008	0.0309326
-3.37585e-008	0.0317627
-3.37335e-008	0.0336426
-3.37085e-008	0.0242432
-3.36835e-008	0.0161865
-3.36585e-008	0.0134033
-3.36335e-008	0.00734864
-3.36085e-008	0.0137451
-3.35835e-008	0.0196777
-3.35585e-008	0.0114014
-3.35335e-008	0.0185547
-3.35085e-008	0.0303223
-3.34835e-008	0.0243164
-3.34585e-008	0.0176758
-3.34335e-008	0.0208496
-3.34085e-008	0.0159668
-3.33835e-008	0.00959473
-3.33585e-008	0.0252197
-3.33335e-008	0.0269531
-3.33085e-008	0.0197022
-3.32835e-008	0.0246826
-3.32585e-008	0.0136231
-3.32335e-008	0.0239258
-3.32085e-008	0.0364502
-3.31835e-008	0.00532227
-3.31585e-008	0.00869141
-3.31335e-008	0.0348633
-3.31085e-008	0.0151367
-3.30835e-008	0.0107422
-3.30585e-008	0.0352539
-3.30335e-008	0.0320313
-3.30085e-008	0.0221436
-3.29835e-008	0.0210938
-3.29585e-008	0.0143066
-3.29335e-008	0.021875
-3.29085e-008	0.0420166
-3.28835e-008	0.0341309
-3.28585e-008	0.0151123
-3.28335e-008	0.0182617
-3.28085e-008	0.01604
-3.27835e-008	0.025
-3.27585e-008	0.040625
-3.27335e-008	0.0231445
-3.27085e-008	0.0207764
-3.26835e-008	0.0277588
-3.26585e-008	0.0223389
-3.26335e-008	0.0352539
-3.26085e-008	0.027417
-3.25835e-008	0.0112061
-3.25585e-008	0.0267578
-3.25335e-008	0.0249756
-3.25085e-008	0.0177979
-3.24835e-008	0.0272217
-3.24585e-008	0.0204102
-3.24335e-008	0.0217774
-3.24085e-008	0.0258057
-3.23835e-008	0.0122315
-3.23585e-008	0.019043
-3.23335e-008	0.0214111
-3.23085e-008	0.00673829
-3.22835e-008	0.014624
-3.22585e-008	0.0184326
-3.22335e-008	0.0122315
-3.22085e-008	0.0218506
-3.21835e-008	0.0290772
-3.21585e-008	0.0258301
-3.21335e-008	0.0152588
-3.21085e-008	0.0103272
-3.20835e-008	0.0243164
-3.20585e-008	0.0290772
-3.20335e-008	0.0217529
-3.20085e-008	0.0222412
-3.19835e-008	0.0217041
-3.19585e-008	0.0203125
-3.19335e-008	0.0230469
-3.19085e-008	0.0277588
-3.18835e-008	0.0242432
-3.18585e-008	0.0135742
-3.18335e-008	0.0216797
-3.18085e-008	0.0286865
-3.17835e-008	0.0209961
-3.17585e-008	0.0282227
-3.17335e-008	0.0286865
-3.17085e-008	0.0260254
-3.16835e-008	0.0400635
-3.16585e-008	0.0351318
-3.16335e-008	0.0238037
-3.16085e-008	0.0213379
-3.15835e-008	0.0209717
-3.15585e-008	0.0293213
-3.15335e-008	0.0273926
-3.15085e-008	0.0238037
-3.14835e-008	0.0226563
-3.14585e-008	0.0151367
-3.14335e-008	0.0157471
-3.14085e-008	0.0164307
-3.13835e-008	0.0195068
-3.13585e-008	0.0217041
-3.13335e-008	0.0197266
-3.13085e-008	0.0314697
-3.12835e-008	0.0284668
-3.12585e-008	0.00751954
-3.12335e-008	0.00898438
-3.12085e-008	0.0171387
-3.11835e-008	0.0157471
-3.11585e-008	0.0242432
-3.11335e-008	0.0320801
-3.11085e-008	0.030542
-3.10835e-008	0.0321289
-3.10585e-008	0.0272461
-3.10335e-008	0.0179199
-3.10085e-008	0.0172607
-3.09835e-008	0.0166992
-3.09585e-008	0.015332
-3.09335e-008	0.0206299
-3.09085e-008	0.0227783
-3.08835e-008	0.0136475
-3.08585e-008	0.015625
-3.08335e-008	0.0254883
-3.08085e-008	0.0238281
-3.07835e-008	0.0226807
-3.07585e-008	0.0190918
-3.07335e-008	0.0228027
-3.07085e-008	0.0301758
-3.06835e-008	0.019458
-3.06585e-008	0.0169678
-3.06335e-008	0.0194092
-3.06085e-008	0.0156738
-3.05835e-008	0.0185791
-3.05585e-008	0.018042
-3.05335e-008	0.0168945
-3.05085e-008	0.0178223
-3.04835e-008	0.0181885
-3.04585e-008	0.0198242
-3.04335e-008	0.0202637
-3.04085e-008	0.0244873
-3.03835e-008	0.0169434
-3.03585e-008	0.00593262
-3.03335e-008	0.0239014
-3.03085e-008	0.0285889
-3.02835e-008	0.0125977
-3.02585e-008	0.0207275
-3.02335e-008	0.019458
-3.02085e-008	0.0134277
-3.01835e-008	0.0254395
-3.01585e-008	0.0211426
-3.01335e-008	0.0149414
-3.01085e-008	0.0211182
-3.00835e-008	0.0306152
-3.00585e-008	0.0354492
-3.00335e-008	0.020459
-3.00085e-008	0.00915528
-2.99835e-008	0.019165
-2.99585e-008	0.0314453
-2.99335e-008	0.0218262
-2.99085e-008	0.0139404
-2.98835e-008	0.0311768
-2.98585e-008	0.0186035
-2.98335e-008	0.00148927
-2.98085e-008	0.0340088
-2.97835e-008	0.037207
-2.97585e-008	0.0105469
-2.97335e-008	0.0156982
-2.97085e-008	0.0224365
-2.96835e-008	0.0236816
-2.96585e-008	0.0266113
-2.96335e-008	0.0239746
-2.96085e-008	0.0182373
-2.95835e-008	0.0127197
-2.95585e-008	0.0244385
-2.95335e-008	0.0344483
-2.95085e-008	0.0287354
-2.94835e-008	0.0185303
-2.94585e-008	0.0103272
-2.94335e-008	0.0238037
-2.94085e-008	0.032959
-2.93835e-008	0.0192871
-2.93585e-008	0.0113281
-2.93335e-008	0.0155274
-2.93085e-008	0.0227051
-2.92835e-008	0.0127686
-2.92585e-008	0.00805665
-2.92335e-008	0.0265137
-2.92085e-008	0.0246338
-2.91835e-008	0.0159668
-2.91585e-008	0.0273193
-2.91335e-008	0.0297608
-2.91085e-008	0.0186279
-2.90835e-008	0.016626
-2.90585e-008	0.0239746
-2.90335e-008	0.0249512
-2.90085e-008	0.023291
-2.89835e-008	0.0170899
-2.89585e-008	0.00683595
-2.89335e-008	0.00944825
-2.89085e-008	0.0181641
-2.88835e-008	0.0234619
-2.88585e-008	0.0187744
-2.88335e-008	0.0173096
-2.88085e-008	0.0317627
-2.87835e-008	0.0282227
-2.87585e-008	0.0203857
-2.87335e-008	0.028125
-2.87085e-008	0.0264404
-2.86835e-008	0.0252686
-2.86585e-008	0.0287598
-2.86335e-008	0.0262451
-2.86085e-008	0.0222656
-2.85835e-008	0.0202881
-2.85585e-008	0.0184815
-2.85335e-008	0.019043
-2.85085e-008	0.0228516
-2.84835e-008	0.01875
-2.84585e-008	0.0141357
-2.84335e-008	0.0151611
-2.84085e-008	0.0204102
-2.83835e-008	0.0243897
-2.83585e-008	0.0182861
-2.83335e-008	0.0242432
-2.83085e-008	0.029126
-2.82835e-008	0.0212891
-2.82585e-008	0.0286133
-2.82335e-008	0.0292725
-2.82085e-008	0.0206299
-2.81835e-008	0.018335
-2.81585e-008	0.0151367
-2.81335e-008	0.023169
-2.81085e-008	0.0282959
-2.80835e-008	0.0257813
-2.80585e-008	0.0239502
-2.80335e-008	0.0147705
-2.80085e-008	0.0223145
-2.79835e-008	0.0361572
-2.79585e-008	0.0216309
-2.79335e-008	0.00549317
-2.79085e-008	0.0173828
-2.78835e-008	0.0286865
-2.78585e-008	0.0190186
-2.78335e-008	0.0158936
-2.78085e-008	0.0171875
-2.77835e-008	0.0197754
-2.77585e-008	0.0261475
-2.77335e-008	0.00847169
-2.77085e-008	0.00620118
-2.76835e-008	0.0282959
-2.76585e-008	0.0200684
-2.76335e-008	0.0134277
-2.76085e-008	0.0236328
-2.75835e-008	0.0253662
-2.75585e-008	0.0286865
-2.75335e-008	0.0260986
-2.75085e-008	0.0186035
-2.74835e-008	0.0165039
-2.74585e-008	0.0151856
-2.74335e-008	0.0202149
-2.74085e-008	0.0227783
-2.73835e-008	0.0201416
-2.73585e-008	0.0285156
-2.73335e-008	0.0314697
-2.73085e-008	0.0239258
-2.72835e-008	0.0161377
-2.72585e-008	0.00585938
-2.72335e-008	0.0116211
-2.72085e-008	0.0233399
-2.71835e-008	0.0216309
-2.71585e-008	0.0223389
-2.71335e-008	0.0261719
-2.71085e-008	0.0246338
-2.70835e-008	0.020044
-2.70585e-008	0.0143066
-2.70335e-008	0.0119629
-2.70085e-008	0.0162842
-2.69835e-008	0.0143311
-2.69585e-008	0.0180664
-2.69335e-008	0.0296875
-2.69085e-008	0.0201416
-2.68835e-008	0.016333
-2.68585e-008	0.0230957
-2.68335e-008	0.0151611
-2.68085e-008	0.0193359
-2.67835e-008	0.0290039
-2.67585e-008	0.0271973
-2.67335e-008	0.0263672
-2.67085e-008	0.0244629
-2.66835e-008	0.0206299
-2.66585e-008	0.018335
-2.66335e-008	0.0261963
-2.66085e-008	0.0195557
-2.65835e-008	0.00427247
-2.65585e-008	0.0191895
-2.65335e-008	0.0144287
-2.65085e-008	0.00620118
-2.64835e-008	0.0272461
-2.64585e-008	0.0171631
-2.64335e-008	0.00480958
-2.64085e-008	0.0139404
-2.63835e-008	0.0180664
-2.63585e-008	0.0242188
-2.63335e-008	0.0212402
-2.63085e-008	0.0193604
-2.62835e-008	0.0206055
-2.62585e-008	0.00859376
-2.62335e-008	0.00878907
-2.62085e-008	0.0151611
-2.61835e-008	0.0149414
-2.61585e-008	0.0304932
-2.61335e-008	0.0341797
-2.61085e-008	0.0179443
-2.60835e-008	0.0163818
-2.60585e-008	0.0260742
-2.60335e-008	0.0348145
-2.60085e-008	0.0282715
-2.59835e-008	0.0161377
-2.59585e-008	0.0158936
-2.59335e-008	0.0194824
-2.59085e-008	0.0243408
-2.58835e-008	0.0197998
-2.58585e-008	0.0117676
-2.58335e-008	0.0194336
-2.58085e-008	0.0316895
-2.57835e-008	0.0316162
-2.57585e-008	0.0229981
-2.57335e-008	0.0169922
-2.57085e-008	0.0235107
-2.56835e-008	0.0302979
-2.56585e-008	0.0199951
-2.56335e-008	0.0149658
-2.56085e-008	0.0171143
-2.55835e-008	0.0156006
-2.55585e-008	0.0175049
-2.55335e-008	0.0170654
-2.55085e-008	0.0245361
-2.54835e-008	0.029419
-2.54585e-008	0.0217774
-2.54335e-008	0.0253174
-2.54085e-008	0.0292481
-2.53835e-008	0.0234863
-2.53585e-008	0.0184815
-2.53335e-008	0.0164795
-2.53085e-008	0.0212158
-2.52835e-008	0.0209961
-2.52585e-008	0.00854493
-2.52335e-008	0.0034668
-2.52085e-008	0.0137695
-2.51835e-008	0.023169
-2.51585e-008	0.0249024
-2.51335e-008	0.0229981
-2.51085e-008	0.0215088
-2.50835e-008	0.0296143
-2.50585e-008	0.0315674
-2.50335e-008	0.022168
-2.50085e-008	0.0253418
-2.49835e-008	0.0287598
-2.49585e-008	0.0216309
-2.49335e-008	0.0168457
-2.49085e-008	0.0231934
-2.48835e-008	0.0288574
-2.48585e-008	0.0178955
-2.48335e-008	0.0139893
-2.48085e-008	0.0200684
-2.47835e-008	0.0238525
-2.47585e-008	0.0317383
-2.47335e-008	0.0287842
-2.47085e-008	0.0258301
-2.46835e-008	0.027124
-2.46585e-008	0.0134766
-2.46335e-008	0.0179199
-2.46085e-008	0.0233887
-2.45835e-008	0.00490723
-2.45585e-008	0.0149902
-2.45335e-008	0.0283447
-2.45085e-008	0.0265625
-2.44835e-008	0.0417481
-2.44585e-008	0.0369629
-2.44335e-008	0.0209717
-2.44085e-008	0.0221924
-2.43835e-008	0.0175781
-2.43585e-008	0.0165772
-2.43335e-008	0.0286377
-2.43085e-008	0.0358887
-2.42835e-008	0.0274658
-2.42585e-008	0.0192383
-2.42335e-008	0.0252686
-2.42085e-008	0.0244141
-2.41835e-008	0.0163818
-2.41585e-008	0.0157471
-2.41335e-008	0.0195801
-2.41085e-008	0.0251953
-2.40835e-008	0.0203369
-2.40585e-008	0.0171875
-2.40335e-008	0.0195068
-2.40085e-008	0.0151611
-2.39835e-008	0.0260254
-2.39585e-008	0.0280518
-2.39335e-008	0.0106445
-2.39085e-008	0.0187744
-2.38835e-008	0.0295654
-2.38585e-008	0.0191895
-2.38335e-008	0.0125
-2.38085e-008	0.0120606
-2.37835e-008	0.013794
-2.37585e-008	0.025293
-2.37335e-008	0.0342285
-2.37085e-008	0.0261475
-2.36835e-008	0.0172363
-2.36585e-008	0.0104981
-2.36335e-008	0.0121338
-2.36085e-008	0.0219971
-2.35835e-008	0.00795899
-2.35585e-008	0.000878914
-2.35335e-008	0.0245361
-2.35085e-008	0.0343506
-2.34835e-008	0.025708
-2.34585e-008	0.0229004
-2.34335e-008	0.0269287
-2.34085e-008	0.0241211
-2.33835e-008	0.0213623
-2.33585e-008	0.0277344
-2.33335e-008	0.0275635
-2.33085e-008	0.0226318
-2.32835e-008	0.0143066
-2.32585e-008	0.00739747
-2.32335e-008	0.0173096
-2.32085e-008	0.0193604
-2.31835e-008	0.0147949
-2.31585e-008	0.0303223
-2.31335e-008	0.0275635
-2.31085e-008	0.0098877
-2.30835e-008	0.0239258
-2.30585e-008	0.0309815
-2.30335e-008	0.020459
-2.30085e-008	0.0215088
-2.29835e-008	0.0250244
-2.29585e-008	0.035083
-2.29335e-008	0.0285645
-2.29085e-008	0.00698243
-2.28835e-008	0.0137695
-2.28585e-008	0.0190186
-2.28335e-008	0.0109619
-2.28085e-008	0.0160645
-2.27835e-008	0.0216309
-2.27585e-008	0.0258301
-2.27335e-008	0.0227051
-2.27085e-008	0.0098877
-2.26835e-008	0.0111816
-2.26585e-008	0.019043
-2.26335e-008	0.0201904
-2.26085e-008	0.0164063
-2.25835e-008	0.0117188
-2.25585e-008	0.0155029
-2.25335e-008	0.0234131
-2.25085e-008	0.0257568
-2.24835e-008	0.0208984
-2.24585e-008	0.0199707
-2.24335e-008	0.0195801
-2.24085e-008	0.00620118
-2.23835e-008	0.00217286
-2.23585e-008	0.0133057
-2.23335e-008	0.0111328
-2.23085e-008	0.00869141
-2.22835e-008	0.0189453
-2.22585e-008	0.0135254
-2.22335e-008	0.016626
-2.22085e-008	0.0329102
-2.21835e-008	0.0233399
-2.21585e-008	0.024707
-2.21335e-008	0.024585
-2.21085e-008	0.0137451
-2.20835e-008	0.032251
-2.20585e-008	0.0249024
-2.20335e-008	0.00607911
-2.20085e-008	0.0202149
-2.19835e-008	0.025708
-2.19585e-008	0.0306885
-2.19335e-008	0.0348633
-2.19085e-008	0.0226807
-2.18835e-008	0.0229981
-2.18585e-008	0.0287598
-2.18335e-008	0.0249756
-2.18085e-008	0.026416
-2.17835e-008	0.0199707
-2.17585e-008	0.0130127
-2.17335e-008	0.0210693
-2.17085e-008	0.0182373
-2.16835e-008	0.0186768
-2.16585e-008	0.0239258
-2.16335e-008	0.0195313
-2.16085e-008	0.026416
-2.15835e-008	0.0271484
-2.15585e-008	0.0136963
-2.15335e-008	0.0114014
-2.15085e-008	0.0214111
-2.14835e-008	0.0213135
-2.14585e-008	0.0122315
-2.14335e-008	0.0150147
-2.14085e-008	0.0180176
-2.13835e-008	0.0219482
-2.13585e-008	0.0188721
-2.13335e-008	0.00712891
-2.13085e-008	0.0197266
-2.12835e-008	0.027002
-2.12585e-008	0.0177979
-2.12335e-008	0.0244385
-2.12085e-008	0.0248291
-2.11835e-008	0.0133301
-2.11585e-008	0.019751
-2.11335e-008	0.0263672
-2.11085e-008	0.0176025
-2.10835e-008	0.0199219
-2.10585e-008	0.0255371
-2.10335e-008	0.0227539
-2.10085e-008	0.0204346
-2.09835e-008	0.0136719
-2.09585e-008	0.0125
-2.09335e-008	0.0181152
-2.09085e-008	0.0146729
-2.08835e-008	0.0118408
-2.08585e-008	0.0219727
-2.08335e-008	0.0257813
-2.08085e-008	0.0252441
-2.07835e-008	0.0342285
-2.07585e-008	0.0304688
-2.07335e-008	0.0205811
-2.07085e-008	0.0257813
-2.06835e-008	0.0323242
-2.06585e-008	0.0255859
-2.06335e-008	0.0126953
-2.06085e-008	0.00615235
-2.05835e-008	0.0083252
-2.05585e-008	0.0195068
-2.05335e-008	0.0237061
-2.05085e-008	0.0251709
-2.04835e-008	0.0340576
-2.04585e-008	0.0221924
-2.04335e-008	0.00610352
-2.04085e-008	0.0159912
-2.03835e-008	0.0246338
-2.03585e-008	0.0190918
-2.03335e-008	0.0175293
-2.03085e-008	0.0192627
-2.02835e-008	0.0129883
-2.02585e-008	0.00922852
-2.02335e-008	0.0194336
-2.02085e-008	0.0219971
-2.01835e-008	0.0157715
-2.01585e-008	0.0230469
-2.01335e-008	0.0263916
-2.01085e-008	0.0142578
-2.00835e-008	0.0116943
-2.00585e-008	0.0243408
-2.00335e-008	0.0260742
-2.00085e-008	0.00932618
-1.99835e-008	0.00578614
-1.99585e-008	0.0239502
-1.99335e-008	0.0233887
-1.99085e-008	0.0129883
-1.98835e-008	0.023291
-1.98585e-008	0.0171143
-1.98335e-008	0.00703126
-1.98085e-008	0.0187256
-1.97835e-008	0.0273926
-1.97585e-008	0.0340088
-1.97335e-008	0.0197754
-1.97085e-008	0.00898438
-1.96835e-008	0.0244385
-1.96585e-008	0.0165527
-1.96335e-008	0.010791
-1.96085e-008	0.0283447
-1.95835e-008	0.0230957
-1.95585e-008	0.00688477
-1.95335e-008	0.0104248
-1.95085e-008	0.0234131
-1.94835e-008	0.028418
-1.94585e-008	0.0179688
-1.94335e-008	0.0200195
-1.94085e-008	0.0302734
-1.93835e-008	0.0186768
-1.93585e-008	0.0239502
-1.93335e-008	0.0324707
-1.93085e-008	0.020459
-1.92835e-008	0.0213135
-1.92585e-008	0.0216309
-1.92335e-008	0.0232666
-1.92085e-008	0.0251709
-1.91835e-008	0.0167969
-1.91585e-008	0.0156982
-1.91335e-008	0.0196533
-1.91085e-008	0.0303223
-1.90835e-008	0.0309082
-1.90585e-008	0.0199219
-1.90335e-008	0.0241699
-1.90085e-008	0.0240234
-1.89835e-008	0.0175781
-1.89585e-008	0.0187988
-1.89335e-008	0.012207
-1.89085e-008	0.0176025
-1.88835e-008	0.0303711
-1.88585e-008	0.0126221
-1.88335e-008	0.00776368
-1.88085e-008	0.0255615
-1.87835e-008	0.0140381
-1.87585e-008	0.00209962
-1.87335e-008	0.012085
-1.87085e-008	0.0224365
-1.86835e-008	0.0265137
-1.86585e-008	0.0110107
-1.86335e-008	0.00690919
-1.86085e-008	0.0248535
-1.85835e-008	0.0129395
-1.85585e-008	0.00097657
-1.85335e-008	0.0140625
-1.85085e-008	0.02229
-1.84835e-008	0.0257568
-1.84585e-008	0.0155762
-1.84335e-008	0.0155274
-1.84085e-008	0.0268311
-1.83835e-008	0.0195313
-1.83585e-008	0.0212647
-1.83335e-008	0.0222168
-1.83085e-008	0.00754395
-1.82835e-008	0.0100586
-1.82585e-008	0.0256348
-1.82335e-008	0.0208984
-1.82085e-008	0.00725098
-1.81835e-008	0.0124756
-1.81585e-008	0.0190674
-1.81335e-008	0.0178467
-1.81085e-008	0.023291
-1.80835e-008	0.033374
-1.80585e-008	0.0258789
-1.80335e-008	0.0162598
-1.80085e-008	0.0251465
-1.79835e-008	0.0142334
-1.79585e-008	0.00688477
-1.79335e-008	0.0226563
-1.79085e-008	0.0265625
-1.78835e-008	0.0311524
-1.78585e-008	0.0255127
-1.78335e-008	0.0177734
-1.78085e-008	0.0220703
-1.77835e-008	0.0117676
-1.77585e-008	0.00317384
-1.77335e-008	0.00695802
-1.77085e-008	0.0201172
-1.76835e-008	0.0235107
-1.76585e-008	0.0104736
-1.76335e-008	0.0186768
-1.76085e-008	0.0312012
-1.75835e-008	0.0226807
-1.75585e-008	0.0144775
-1.75335e-008	0.0194824
-1.75085e-008	0.0315674
-1.74835e-008	0.0339844
-1.74585e-008	0.0219971
-1.74335e-008	0.0199463
-1.74085e-008	0.0305176
-1.73835e-008	0.0290039
-1.73585e-008	0.0255127
-1.73335e-008	0.027124
-1.73085e-008	0.0299316
-1.72835e-008	0.0258057
-1.72585e-008	0.00507813
-1.72335e-008	0.00595704
-1.72085e-008	0.020459
-1.71835e-008	0.0255127
-1.71585e-008	0.0307617
-1.71335e-008	0.0117432
-1.71085e-008	0.00839845
-1.70835e-008	0.0332764
-1.70585e-008	0.0278565
-1.70335e-008	0.017334
-1.70085e-008	0.0177002
-1.69835e-008	0.0178467
-1.69585e-008	0.0255859
-1.69335e-008	0.0286377
-1.69085e-008	0.0320801
-1.68835e-008	0.0253174
-1.68585e-008	0.0127197
-1.68335e-008	0.0235107
-1.68085e-008	0.024292
-1.67835e-008	0.0188232
-1.67585e-008	0.0323975
-1.67335e-008	0.0177002
-1.67085e-008	0.00246583
-1.66835e-008	0.0205566
-1.66585e-008	0.0146484
-1.66335e-008	0.0136963
-1.66085e-008	0.0314941
-1.65835e-008	0.0234375
-1.65585e-008	0.0208984
-1.65335e-008	0.0202637
-1.65085e-008	0.0186768
-1.64835e-008	0.0335693
-1.64585e-008	0.0237549
-1.64335e-008	0.0100098
-1.64085e-008	0.0276367
-1.63835e-008	0.0346436
-1.63585e-008	0.0225098
-1.63335e-008	0.0233643
-1.63085e-008	0.0317871
-1.62835e-008	0.0318848
-1.62585e-008	0.0164795
-1.62335e-008	0.00769044
-1.62085e-008	0.0237793
-1.61835e-008	0.0261719
-1.61585e-008	0.0116455
-1.61335e-008	0.00998536
-1.61085e-008	0.0268066
-1.60835e-008	0.037207
-1.60585e-008	0.0145508
-1.60335e-008	0.00966798
-1.60085e-008	0.0308838
-1.59835e-008	0.0249512
-1.59585e-008	0.0203613
-1.59335e-008	0.0281738
-1.59085e-008	0.0195801
-1.58835e-008	0.0255371
-1.58585e-008	0.0399658
-1.58335e-008	0.0251953
-1.58085e-008	0.0134033
-1.57835e-008	0.0158203
-1.57585e-008	0.0177002
-1.57335e-008	0.0292236
-1.57085e-008	0.0344971
-1.56835e-008	0.0238281
-1.56585e-008	0.0116211
-1.56335e-008	0.00798341
-1.56085e-008	0.0152344
-1.55835e-008	0.0266358
-1.55585e-008	0.0252686
-1.55335e-008	0.0150147
-1.55085e-008	0.0256592
-1.54835e-008	0.0390625
-1.54585e-008	0.0325195
-1.54335e-008	0.0229248
-1.54085e-008	0.0166504
-1.53835e-008	0.0147217
-1.53585e-008	0.0151611
-1.53335e-008	0.0243408
-1.53085e-008	0.0289551
-1.52835e-008	0.0176025
-1.52585e-008	0.0185303
-1.52335e-008	0.0169922
-1.52085e-008	0.0211182
-1.51835e-008	0.0417725
-1.51585e-008	0.0208496
-1.51335e-008	9.76637e-005
-1.51085e-008	0.0251221
-1.50835e-008	0.0284912
-1.50585e-008	0.00891114
-1.50335e-008	0.00480958
-1.50085e-008	0.0177979
-1.49835e-008	0.0330811
-1.49585e-008	0.0199951
-1.49335e-008	0.0104004
-1.49085e-008	0.0236328
-1.48835e-008	0.0158447
-1.48585e-008	0.0102051
-1.48335e-008	0.024707
-1.48085e-008	0.0236816
-1.47835e-008	0.0160889
-1.47585e-008	0.0255127
-1.47335e-008	0.0305664
-1.47085e-008	0.0186768
-1.46835e-008	0.0197754
-1.46585e-008	0.0244385
-1.46335e-008	0.0196045
-1.46085e-008	0.0198486
-1.45835e-008	0.0155029
-1.45585e-008	0.00817872
-1.45335e-008	0.00300294
-1.45085e-008	0.0128418
-1.44835e-008	0.0300293
-1.44585e-008	0.0252686
-1.44335e-008	0.0224854
-1.44085e-008	0.0275635
-1.43835e-008	0.0268066
-1.43585e-008	0.0310791
-1.43335e-008	0.0325928
-1.43085e-008	0.0347656
-1.42835e-008	0.0374512
-1.42585e-008	0.0230957
-1.42335e-008	0.0161377
-1.42085e-008	0.0221191
-1.41835e-008	0.0167236
-1.41585e-008	0.0144043
-1.41335e-008	0.0165039
-1.41085e-008	0.0195313
-1.40835e-008	0.0228027
-1.40585e-008	0.0153076
-1.40335e-008	0.0225342
-1.40085e-008	0.0302734
-1.39835e-008	0.0167236
-1.39585e-008	0.0265137
-1.39335e-008	0.040332
-1.39085e-008	0.0233887
-1.38835e-008	0.0198242
-1.38585e-008	0.0243408
-1.38335e-008	0.00681153
-1.38085e-008	-0.00153808
-1.37835e-008	0.00927735
-1.37585e-008	0.0228027
-1.37335e-008	0.0314697
-1.37085e-008	0.0341309
-1.36835e-008	0.0308838
-1.36585e-008	0.0135742
-1.36335e-008	0.0109619
-1.36085e-008	0.0291016
-1.35835e-008	0.0268555
-1.35585e-008	0.0162598
-1.35335e-008	0.0147705
-1.35085e-008	0.0223633
-1.34835e-008	0.033667
-1.34585e-008	0.0215332
-1.34335e-008	0.0121338
-1.34085e-008	0.0244873
-1.33835e-008	0.0263184
-1.33585e-008	0.0290039
-1.33335e-008	0.038208
-1.33085e-008	0.0292481
-1.32835e-008	0.0158203
-1.32585e-008	0.0162109
-1.32335e-008	0.0235596
-1.32085e-008	0.024707
-1.31835e-008	0.0104736
-1.31585e-008	0.00187989
-1.31335e-008	0.0167725
-1.31085e-008	0.031958
-1.30835e-008	0.030957
-1.30585e-008	0.0216309
-1.30335e-008	0.0166992
-1.30085e-008	0.019458
-1.29835e-008	0.027002
-1.29585e-008	0.0332031
-1.29335e-008	0.024292
-1.29085e-008	0.0226318
-1.28835e-008	0.0282471
-1.28585e-008	0.0161865
-1.28335e-008	0.0205811
-1.28085e-008	0.0296875
-1.27835e-008	0.0193604
-1.27585e-008	0.0243652
-1.27335e-008	0.0275879
-1.27085e-008	0.0202881
-1.26835e-008	0.0253662
-1.26585e-008	0.0206299
-1.26335e-008	0.0181397
-1.26085e-008	0.0353272
-1.25835e-008	0.0327637
-1.25585e-008	0.0171387
-1.25335e-008	0.0118652
-1.25085e-008	0.012793
-1.24835e-008	0.0250488
-1.24585e-008	0.0257568
-1.24335e-008	0.0149902
-1.24085e-008	0.0221191
-1.23835e-008	0.0297363
-1.23585e-008	0.0318115
-1.23335e-008	0.0374024
-1.23085e-008	0.0252197
-1.22835e-008	0.0163818
-1.22585e-008	0.0266113
-1.22335e-008	0.0230713
-1.22085e-008	0.0256592
-1.21835e-008	0.0341553
-1.21585e-008	0.0240967
-1.21335e-008	0.0192871
-1.21085e-008	0.0241943
-1.20835e-008	0.030835
-1.20585e-008	0.025
-1.20335e-008	0.0142578
-1.20085e-008	0.0229981
-1.19835e-008	0.0264649
-1.19585e-008	0.0205322
-1.19335e-008	0.0239502
-1.19085e-008	0.0294434
-1.18835e-008	0.0335205
-1.18585e-008	0.0324219
-1.18335e-008	0.0263428
-1.18085e-008	0.0223145
-1.17835e-008	0.0167725
-1.17585e-008	0.0103516
-1.17335e-008	0.0135986
-1.17085e-008	0.0249024
-1.16835e-008	0.0241699
-1.16585e-008	0.0143311
-1.16335e-008	0.0185547
-1.16085e-008	0.022168
-1.15835e-008	0.0206299
-1.15585e-008	0.0306397
-1.15335e-008	0.0297852
-1.15085e-008	0.0244873
-1.14835e-008	0.0280762
-1.14585e-008	0.0183594
-1.14335e-008	0.012085
-1.14085e-008	0.0140381
-1.13835e-008	0.015332
-1.13585e-008	0.0151367
-1.13335e-008	0.0074463
-1.13085e-008	0.0145264
-1.12835e-008	0.0212402
-1.12585e-008	0.0178223
-1.12335e-008	0.0219482
-1.12085e-008	0.0182129
-1.11835e-008	0.020874
-1.11585e-008	0.0285645
-1.11335e-008	0.0230225
-1.11085e-008	0.0298096
-1.10835e-008	0.0358154
-1.10585e-008	0.0194092
-1.10335e-008	0.0138428
-1.10085e-008	0.0228272
-1.09835e-008	0.0190918
-1.09585e-008	0.0129883
-1.09335e-008	0.011084
-1.09085e-008	0.0141113
-1.08835e-008	0.028418
-1.08585e-008	0.028833
-1.08335e-008	0.0236572
-1.08085e-008	0.0212647
-1.07835e-008	0.0121338
-1.07585e-008	0.0200684
-1.07335e-008	0.0188232
-1.07085e-008	0.0118652
-1.06835e-008	0.0276123
-1.06585e-008	0.0261475
-1.06335e-008	0.0172607
-1.06085e-008	0.0222168
-1.05835e-008	0.0272217
-1.05585e-008	0.0246338
-1.05335e-008	0.0164063
-1.05085e-008	0.0259522
-1.04835e-008	0.0314209
-1.04585e-008	0.00964356
-1.04335e-008	0.00314942
-1.04085e-008	0.0154541
-1.03835e-008	0.0178955
-1.03585e-008	0.024707
-1.03335e-008	0.0241211
-1.03085e-008	0.0158936
-1.02835e-008	0.0195068
-1.02585e-008	0.0110352
-1.02335e-008	0.0124268
-1.02085e-008	0.0292481
-1.01835e-008	0.0286377
-1.01585e-008	0.0249512
-1.01335e-008	0.0186279
-1.01085e-008	0.0167236
-1.00835e-008	0.022876
-1.00585e-008	0.0183594
-1.00335e-008	0.0167481
-1.00085e-008	0.0123291
-9.9835e-009	-0.00241698
-9.9585e-009	0.00532227
-9.9335e-009	0.0164551
-9.9085e-009	0.00839845
-9.8835e-009	0.0203369
-9.8585e-009	0.0292481
-9.8335e-009	0.0144531
-9.8085e-009	0.0171143
-9.7835e-009	0.0260986
-9.7585e-009	0.0276123
-9.7335e-009	0.0275391
-9.7085e-009	0.0192871
-9.6835e-009	0.0120361
-9.6585e-009	0.02229
-9.6335e-009	0.0288818
-9.6085e-009	0.0131104
-9.5835e-009	0.0246338
-9.5585e-009	0.0388428
-9.5335e-009	0.0126953
-9.5085e-009	0.0162109
-9.4835e-009	0.0390625
-9.4585e-009	0.0282959
-9.4335e-009	0.0159668
-9.4085e-009	0.0156006
-9.3835e-009	0.0219727
-9.3585e-009	0.0345215
-9.3335e-009	0.0325195
-9.3085e-009	0.0188721
-9.2835e-009	0.0114746
-9.2585e-009	0.0100098
-9.2335e-009	0.0158691
-9.2085e-009	0.0198242
-9.1835e-009	0.0176514
-9.1585e-009	0.0160889
-9.1335e-009	0.015332
-9.1085e-009	0.0309326
-9.0835e-009	0.0350586
-9.0585e-009	0.0123779
-9.0335e-009	0.0120117
-9.0085e-009	0.0128174
-8.9835e-009	0.00424805
-8.9585e-009	0.0171631
-8.9335e-009	0.0199219
-8.9085e-009	0.019043
-8.8835e-009	0.0291504
-8.8585e-009	0.0233887
-8.8335e-009	0.0190674
-8.8085e-009	0.023999
-8.7835e-009	0.0276123
-8.7585e-009	0.0255371
-8.7335e-009	0.0173096
-8.7085e-009	0.0199951
-8.6835e-009	0.0229736
-8.6585e-009	0.0198242
-8.6335e-009	0.0268555
-8.6085e-009	0.0320313
-8.5835e-009	0.0234863
-8.5585e-009	0.0224609
-8.5335e-009	0.0306885
-8.5085e-009	0.0303955
-8.4835e-009	0.034082
-8.4585e-009	0.030835
-8.4335e-009	0.0187744
-8.4085e-009	0.0203369
-8.3835e-009	0.0181641
-8.3585e-009	0.0143555
-8.3335e-009	0.0148438
-8.3085e-009	0.0249268
-8.2835e-009	0.0418213
-8.2585e-009	0.030957
-8.2335e-009	0.0188965
-8.2085e-009	0.0219238
-8.1835e-009	0.0199951
-8.1585e-009	0.0250244
-8.1335e-009	0.0250488
-8.1085e-009	0.0194336
-8.0835e-009	0.0168457
-8.0585e-009	0.0156738
-8.0335e-009	0.0217774
-8.0085e-009	0.0248291
-7.9835e-009	0.0325928
-7.9585e-009	0.0402344
-7.9335e-009	0.0272461
-7.9085e-009	0.0151856
-7.8835e-009	0.0254395
-7.8585e-009	0.0322754
-7.8335e-009	0.0264893
-7.8085e-009	0.0263428
-7.7835e-009	0.0145508
-7.7585e-009	0.0118652
-7.7335e-009	0.0233887
-7.7085e-009	0.0249268
-7.6835e-009	0.0317627
-7.6585e-009	0.0189209
-7.6335e-009	0.0119385
-7.6085e-009	0.0217041
-7.5835e-009	0.0116211
-7.5585e-009	0.0158691
-7.5335e-009	0.0191406
-7.5085e-009	0.0178955
-7.4835e-009	0.0286621
-7.4585e-009	0.0236572
-7.4335e-009	0.0216309
-7.4085e-009	0.027417
-7.3835e-009	0.0228516
-7.3585e-009	0.0250733
-7.3335e-009	0.0296631
-7.3085e-009	0.0136719
-7.2835e-009	0.0105713
-7.2585e-009	0.030957
-7.2335e-009	0.0255371
-7.2085e-009	0.0143799
-7.1835e-009	0.0214844
-7.1585e-009	0.0210205
-7.1335e-009	0.0231201
-7.1085e-009	0.0343994
-7.0835e-009	0.030835
-7.0585e-009	0.0106445
-7.0335e-009	0.00969239
-7.0085e-009	0.0235107
-6.9835e-009	0.0147461
-6.9585e-009	0.0150879
-6.9335e-009	0.0318359
-6.9085e-009	0.0350586
-6.8835e-009	0.0331543
-6.8585e-009	0.0246826
-6.8335e-009	0.0236328
-6.8085e-009	0.0245117
-6.7835e-009	0.0147949
-6.7585e-009	0.0224365
-6.7335e-009	0.0310303
-6.7085e-009	0.0311768
-6.6835e-009	0.0197998
-6.6585e-009	0.00532227
-6.6335e-009	0.0323486
-6.6085e-009	0.0446045
-6.5835e-009	0.0215088
-6.5585e-009	0.0243164
-6.5335e-009	0.0235352
-6.5085e-009	0.0172119
-6.4835e-009	0.020166
-6.4585e-009	0.0137695
-6.4335e-009	0.0202637
-6.4085e-009	0.023291
-6.3835e-009	0.0156494
-6.3585e-009	0.0219238
-6.3335e-009	0.0229004
-6.3085e-009	0.0176758
-6.2835e-009	0.0180664
-6.2585e-009	0.0159668
-6.2335e-009	0.0162598
-6.2085e-009	0.02854
-6.1835e-009	0.0390381
-6.1585e-009	0.0298096
-6.1335e-009	0.0204834
-6.1085e-009	0.0255615
-6.0835e-009	0.023584
-6.0585e-009	0.0200928
-6.0335e-009	0.0283203
-6.0085e-009	0.024292
-5.9835e-009	0.00529786
-5.9585e-009	0.00979005
-5.9335e-009	0.0344727
-5.9085e-009	0.0313965
-5.8835e-009	0.0202881
-5.8585e-009	0.0241211
-5.8335e-009	0.0171631
-5.8085e-009	0.0196777
-5.7835e-009	0.022876
-5.7585e-009	0.0113281
-5.7335e-009	0.0185303
-5.7085e-009	0.0245117
-5.6835e-009	0.0172119
-5.6585e-009	0.0184815
-5.6335e-009	0.0207275
-5.6085e-009	0.0107666
-5.5835e-009	0.000830086
-5.5585e-009	0.0174072
-5.5335e-009	0.0306397
-5.5085e-009	0.023877
-5.4835e-009	0.0255615
-5.4585e-009	0.0115479
-5.4335e-009	0.000170906
-5.4085e-009	0.0180664
-5.3835e-009	0.0218506
-5.3585e-009	0.0204834
-5.3335e-009	0.0235596
-5.3085e-009	0.0265381
-5.2835e-009	0.0314941
-5.2585e-009	0.00834962
-5.2335e-009	0.0109863
-5.2085e-009	0.0420654
-5.1835e-009	0.0154053
-5.1585e-009	0.0067627
-5.1335e-009	0.0390381
-5.1085e-009	0.025708
-5.0835e-009	0.013916
-5.0585e-009	0.0198486
-5.0335e-009	0.0218018
-5.0085e-009	0.036084
-4.9835e-009	0.0283203
-4.9585e-009	0.0193604
-4.9335e-009	0.0267822
-4.9085e-009	0.016919
-4.8835e-009	0.0187988
-4.8585e-009	0.0263916
-4.8335e-009	0.0173096
-4.8085e-009	0.0194824
-4.7835e-009	0.0195313
-4.7585e-009	0.0155274
-4.7335e-009	0.0221924
-4.7085e-009	0.0198975
-4.6835e-009	0.0172607
-4.6585e-009	0.0144775
-4.6335e-009	0.00979005
-4.6085e-009	0.0210938
-4.5835e-009	0.0220459
-4.5585e-009	0.0163086
-4.5335e-009	0.0227295
-4.5085e-009	0.0240234
-4.4835e-009	0.0237549
-4.4585e-009	0.0143799
-4.4335e-009	0.0100586
-4.4085e-009	0.0222168
-4.3835e-009	0.0227051
-4.3585e-009	0.0258789
-4.3335e-009	0.0303467
-4.3085e-009	0.0226074
-4.2835e-009	0.0194824
-4.2585e-009	0.0164795
-4.2335e-009	0.0102295
-4.2085e-009	0.00947266
-4.1835e-009	0.0205566
-4.1585e-009	0.0287354
-4.1335e-009	0.0158936
-4.1085e-009	0.015625
-4.0835e-009	0.0262451
-4.0585e-009	0.0119385
-4.0335e-009	0.0058838
-4.0085e-009	0.00925294
-3.9835e-009	0.00178223
-3.9585e-009	0.00732423
-3.9335e-009	0.0158203
-3.9085e-009	0.0196045
-3.8835e-009	0.0181641
-3.8585e-009	0.0140869
-3.8335e-009	0.020874
-3.8085e-009	0.0255371
-3.7835e-009	0.0261963
-3.7585e-009	0.0216553
-3.7335e-009	0.0174561
-3.7085e-009	0.0202881
-3.6835e-009	0.0148926
-3.6585e-009	0.0124512
-3.6335e-009	0.0182617
-3.6085e-009	0.0185791
-3.5835e-009	0.0188477
-3.5585e-009	0.0205322
-3.5335e-009	0.0110107
-3.5085e-009	0.00944825
-3.4835e-009	0.0277588
-3.4585e-009	0.0266113
-3.4335e-009	0.0195313
-3.4085e-009	0.037085
-3.3835e-009	0.0352051
-3.3585e-009	0.0144531
-3.3335e-009	0.0125732
-3.3085e-009	0.0138184
-3.2835e-009	0.0146484
-3.2585e-009	0.0187256
-3.2335e-009	0.0163086
-3.2085e-009	0.0143555
-3.1835e-009	0.0221436
-3.1585e-009	0.041626
-3.1335e-009	0.0398438
-3.1085e-009	0.0179932
-3.0835e-009	0.0198975
-3.0585e-009	0.022583
-3.0335e-009	0.0185547
-3.0085e-009	0.0312012
-2.9835e-009	0.0309815
-2.9585e-009	0.0161133
-2.9335e-009	0.0118164
-2.9085e-009	0.0121094
-2.8835e-009	0.0165527
-2.8585e-009	0.0207031
-2.8335e-009	0.0136231
-2.8085e-009	0.0171387
-2.7835e-009	0.0323731
-2.7585e-009	0.0276611
-2.7335e-009	0.0182373
-2.7085e-009	0.02146
-2.6835e-009	0.0117676
-2.6585e-009	-0.00217284
-2.6335e-009	0.0101074
-2.6085e-009	0.0257568
-2.5835e-009	0.0179199
-2.5585e-009	0.00485841
-2.5335e-009	0.00288087
-2.5085e-009	0.0153809
-2.4835e-009	0.0279541
-2.4585e-009	0.0230225
-2.4335e-009	0.0193848
-2.4085e-009	0.0294434
-2.3835e-009	0.0215088
-2.3585e-009	-0.00312499
-2.3335e-009	0.00700684
-2.3085e-009	0.0265869
-2.2835e-009	0.019043
-2.2585e-009	0.0188477
-2.2335e-009	0.0203369
-2.2085e-009	0.0161621
-2.1835e-009	0.0201416
-2.1585e-009	0.0221924
-2.1335e-009	0.0174805
-2.1085e-009	0.00812989
-2.0835e-009	0.0102783
-2.0585e-009	0.0259277
-2.0335e-009	0.0261963
-2.0085e-009	0.00559083
-1.9835e-009	0.00703126
-1.9585e-009	0.0324219
-1.9335e-009	0.0259033
-1.9085e-009	0.0139404
-1.8835e-009	0.0170654
-1.8585e-009	0.00324708
-1.8335e-009	0.0117676
-1.8085e-009	0.0299072
-1.7835e-009	0.0191895
-1.7585e-009	0.0210205
-1.7335e-009	0.029126
-1.7085e-009	0.0238525
-1.6835e-009	0.0238281
-1.6585e-009	0.0228272
-1.6335e-009	0.0193848
-1.6085e-009	0.0240723
-1.5835e-009	0.0320068
-1.5585e-009	0.0331299
-1.5335e-009	0.0241211
-1.5085e-009	0.0167725
-1.4835e-009	0.0169434
-1.4585e-009	0.0153565
-1.4335e-009	0.0194092
-1.4085e-009	0.0241211
-1.3835e-009	0.0166504
-1.3585e-009	0.0193604
-1.3335e-009	0.0260742
-1.3085e-009	0.0139649
-1.2835e-009	0.000610359
-1.2585e-009	-0.00512695
-1.2335e-009	0.00454102
-1.2085e-009	0.0234863
-1.1835e-009	0.0229736
-1.1585e-009	0.020459
-1.1335e-009	0.0251221
-1.1085e-009	0.0281738
-1.0835e-009	0.0279785
-1.0585e-009	0.0195557
-1.0335e-009	0.0238525
-1.0085e-009	0.0260498
-9.835e-010	0.019043
-9.585e-010	0.0220459
-9.335e-010	0.0250977
-9.085e-010	0.0318359
-8.835e-010	0.0237061
-8.585e-010	0.00991212
-8.335e-010	0.0171875
-8.085e-010	0.0173828
-7.835e-010	0.0118408
-7.585e-010	0.0191162
-7.335e-010	0.0300537
-7.085e-010	0.0332764
-6.835e-010	0.0291748
-6.585e-010	0.0182129
-6.335e-010	0.0140381
-6.085e-010	0.0269775
-5.835e-010	0.030957
-5.585e-010	0.0157227
-5.335e-010	0.00708009
-5.085e-010	0.0263428
-4.835e-010	0.0378906
-4.585e-010	0.0140625
-4.335e-010	0.00654298
-4.085e-010	0.024585
-3.835e-010	0.0221436
-3.585e-010	0.0115967
-3.335e-010	0.016919
-3.085e-010	0.0254395
-2.835e-010	0.028418
-2.585e-010	0.0177734
-2.335e-010	0.0120361
-2.085e-010	0.0130859
-1.835e-010	-0.00402831
-1.585e-010	-0.00163573
-1.335e-010	0.0113037
-1.085e-010	-0.00820312
-8.35e-011	-0.0179443
-5.85e-011	-0.0128906
-3.35e-011	-0.0164551
-8.5e-012	-0.0199707
1.65e-011	-0.0425293
4.15e-011	-0.0605957
6.65e-011	-0.0561768
9.15e-011	-0.0740723
1.165e-010	-0.0926025
1.415e-010	-0.0916748
1.665e-010	-0.0913818
1.915e-010	-0.0924805
2.165e-010	-0.104907
2.415e-010	-0.103442
2.665e-010	-0.101489
2.915e-010	-0.119019
3.165e-010	-0.110352
3.415e-010	-0.102686
3.665e-010	-0.102051
3.915e-010	-0.0852051
4.165e-010	-0.0848144
4.415e-010	-0.0777588
4.665e-010	-0.0554443
4.915e-010	-0.0401611
5.165e-010	-0.0292236
5.415e-010	-0.036206
5.665e-010	-0.037207
5.915e-010	-0.0218262
6.165e-010	-0.00832519
6.415e-010	0.00490723
6.665e-010	-0.00717773
6.915e-010	-0.0120361
7.165e-010	0.00483399
7.415e-010	-0.00637206
7.665e-010	-0.00656738
7.915e-010	0.0158447
8.165e-010	0.0214356
8.415e-010	0.0221924
8.665e-010	0.0282227
8.915e-010	0.0250733
9.165e-010	0.0169922
9.415e-010	0.0341309
9.665e-010	0.0447266
9.915e-010	0.0269531
1.0165e-009	0.0228516
1.0415e-009	0.0316162
1.0665e-009	0.0319092
1.0915e-009	0.0263672
1.1165e-009	0.0315674
1.1415e-009	0.03396
1.1665e-009	0.0301025
1.1915e-009	0.0329346
1.2165e-009	0.0205566
1.2415e-009	0.0164551
1.2665e-009	0.0352295
1.2915e-009	0.0433106
1.3165e-009	0.0356445
1.3415e-009	0.02229
1.3665e-009	0.0192139
1.3915e-009	0.0211914
1.4165e-009	0.0213379
1.4415e-009	0.0300049
1.4665e-009	0.0288818
1.4915e-009	0.0243652
1.5165e-009	0.0285156
1.5415e-009	0.0184326
1.5665e-009	0.016919
1.5915e-009	0.0299316
1.6165e-009	0.0222656
1.6415e-009	0.00949708
1.6665e-009	0.0034668
1.6915e-009	0.00561524
1.7165e-009	0.0179199
1.7415e-009	0.0167969
1.7665e-009	0.0125244
1.7915e-009	0.0109131
1.8165e-009	0.00874024
1.8415e-009	0.0195068
1.8665e-009	0.0161377
1.8915e-009	0.0110596
1.9165e-009	0.0256836
1.9415e-009	0.0234131
1.9665e-009	0.0202149
1.9915e-009	0.03125
2.0165e-009	0.0231201
2.0415e-009	0.0125977
2.0665e-009	0.0221191
2.0915e-009	0.0219482
2.1165e-009	0.0148193
2.1415e-009	0.0224854
2.1665e-009	0.02771
2.1915e-009	0.027124
2.2165e-009	0.0267822
2.2415e-009	0.0214111
2.2665e-009	0.0050293
2.2915e-009	0.00544434
2.3165e-009	0.0355469
2.3415e-009	0.0338135
2.3665e-009	0.0145264
2.3915e-009	0.0217285
2.4165e-009	0.0215088
2.4415e-009	0.0235352
2.4665e-009	0.0389649
2.4915e-009	0.0359863
2.5165e-009	0.0211914
2.5415e-009	0.0185303
2.5665e-009	0.0244385
2.5915e-009	0.0304443
2.6165e-009	0.0336914
2.6415e-009	0.0244873
2.6665e-009	0.0128174
2.6915e-009	0.0214111
2.7165e-009	0.0366211
2.7415e-009	0.0286377
2.7665e-009	0.0179199
2.7915e-009	0.0278809
2.8165e-009	0.0276611
2.8415e-009	0.0242676
2.8665e-009	0.0286865
2.8915e-009	0.0178955
2.9165e-009	0.016626
2.9415e-009	0.0192383
2.9665e-009	0.00996095
2.9915e-009	0.00769044
3.0165e-009	0.00634766
3.0415e-009	0.0134277
3.0665e-009	0.0208008
3.0915e-009	0.0216065
3.1165e-009	0.0225098
3.1415e-009	0.015332
3.1665e-009	0.0154541
3.1915e-009	0.0193115
3.2165e-009	0.0175537
3.2415e-009	0.0210205
3.2665e-009	0.0282471
3.2915e-009	0.0371582
3.3165e-009	0.0380127
3.3415e-009	0.0213379
3.3665e-009	0.0165039
3.3915e-009	0.0312012
3.4165e-009	0.0297363
3.4415e-009	0.0197754
3.4665e-009	0.0180664
3.4915e-009	0.0331543
3.5165e-009	0.0452637
3.5415e-009	0.0226807
3.5665e-009	0.0136475
3.5915e-009	0.0203125
3.6165e-009	0.020044
3.6415e-009	0.0350342
3.6665e-009	0.0353027
3.6915e-009	0.0184815
3.7165e-009	0.0185059
3.7415e-009	0.0256104
3.7665e-009	0.0155518
3.7915e-009	0.00495606
3.8165e-009	0.0111572
3.8415e-009	0.0133545
3.8665e-009	0.0126709
3.8915e-009	0.00715333
3.9165e-009	0.0044922
3.9415e-009	0.0170166
3.9665e-009	0.020752
3.9915e-009	0.0177246
4.0165e-009	0.0140381
4.0415e-009	0.00522462
4.0665e-009	0.00197755
4.0915e-009	0.020874
4.1165e-009	0.039917
4.1415e-009	0.0119873
4.1665e-009	-0.00424804
4.1915e-009	0.0227783
4.2165e-009	0.023584
4.2415e-009	0.0172607
4.2665e-009	0.0255859
4.2915e-009	0.0251221
4.3165e-009	0.031958
4.3415e-009	0.0305664
4.3665e-009	0.0171143
4.3915e-009	0.023999
4.4165e-009	0.0247559
4.4415e-009	0.0189209
4.4665e-009	0.0338867
4.4915e-009	0.0310791
4.5165e-009	0.0207031
4.5415e-009	0.0251465
4.5665e-009	0.0282715
4.5915e-009	0.0324463
4.6165e-009	0.0204834
4.6415e-009	0.0191162
4.6665e-009	0.027417
4.6915e-009	0.0258057
4.7165e-009	0.0412598
4.7415e-009	0.0286133
4.7665e-009	0.00532227
4.7915e-009	0.00839845
4.8165e-009	0.00563966
4.8415e-009	0.0105225
4.8665e-009	0.0140137
4.8915e-009	0.0185547
4.9165e-009	0.0260254
4.9415e-009	0.0153809
4.9665e-009	0.014209
4.9915e-009	0.0192139
5.0165e-009	0.0191162
5.0415e-009	0.0236084
5.0665e-009	0.0195557
5.0915e-009	0.0213379
5.1165e-009	0.0270752
5.1415e-009	0.0058838
5.1665e-009	-2.44066e-005
5.1915e-009	0.019043
5.2165e-009	0.0158203
5.2415e-009	0.0169922
5.2665e-009	0.0189941
5.2915e-009	0.00839845
5.3165e-009	0.0135742
5.3415e-009	0.0103027
5.3665e-009	0.0114258
5.3915e-009	0.0304932
5.4165e-009	0.0279297
5.4415e-009	0.0191406
5.4665e-009	0.0198975
5.4915e-009	0.0198486
5.5165e-009	0.014624
5.5415e-009	0.0106201
5.5665e-009	0.0338867
5.5915e-009	0.0438721
5.6165e-009	0.0191406
5.6415e-009	0.0221191
5.6665e-009	0.0296631
5.6915e-009	0.025
5.7165e-009	0.0306152
5.7415e-009	0.0098877
5.7665e-009	0.00778809
5.7915e-009	0.0327881
5.8165e-009	0.0250488
5.8415e-009	0.0198731
5.8665e-009	0.0195801
5.8915e-009	0.0209961
5.9165e-009	0.030249
5.9415e-009	0.0235352
5.9665e-009	0.0261719
5.9915e-009	0.0289063
6.0165e-009	0.0165039
6.0415e-009	0.0158447
6.0665e-009	0.0239502
6.0915e-009	0.0273438
6.1165e-009	0.026294
6.1415e-009	0.0229248
6.1665e-009	0.0156494
6.1915e-009	0.00654298
6.2165e-009	0.00893555
6.2415e-009	0.0255127
6.2665e-009	0.0265381
6.2915e-009	0.016919
6.3165e-009	0.0191895
6.3415e-009	0.0116699
6.3665e-009	0.0101074
6.3915e-009	0.0291504
6.4165e-009	0.0329102
6.4415e-009	0.0114502
6.4665e-009	0.00805665
6.4915e-009	0.0280518
6.5165e-009	0.0194336
6.5415e-009	0.0119141
6.5665e-009	0.0234619
6.5915e-009	0.0202149
6.6165e-009	0.0218506
6.6415e-009	0.0253174
6.6665e-009	0.0227539
6.6915e-009	0.019458
6.7165e-009	0.0161865
6.7415e-009	0.0194092
6.7665e-009	0.0182129
6.7915e-009	0.016333
6.8165e-009	0.02146
6.8415e-009	0.0276123
6.8665e-009	0.0214844
6.8915e-009	0.0126465
6.9165e-009	0.016919
6.9415e-009	0.0168945
6.9665e-009	0.0204102
6.9915e-009	0.0188721
7.0165e-009	0.00507813
7.0415e-009	0.0172607
7.0665e-009	0.0318604
7.0915e-009	0.0207764
7.1165e-009	0.0132813
7.1415e-009	0.02146
7.1665e-009	0.0292481
7.1915e-009	0.0285156
7.2165e-009	0.0294922
7.2415e-009	0.0252686
7.2665e-009	0.0125244
7.2915e-009	0.0115234
7.3165e-009	0.0169678
7.3415e-009	0.0207764
7.3665e-009	0.0276611
7.3915e-009	0.0213135
7.4165e-009	0.011792
7.4415e-009	0.0171875
7.4665e-009	0.0123047
7.4915e-009	0.0109863
7.5165e-009	0.0209961
7.5415e-009	0.0152832
7.5665e-009	0.0126221
7.5915e-009	0.00766602
7.6165e-009	0.00419923
7.6415e-009	0.0220947
7.6665e-009	0.0269531
7.6915e-009	0.0251221
7.7165e-009	0.0237549
7.7415e-009	0.00671387
7.7665e-009	0.0112549
7.7915e-009	0.0308106
7.8165e-009	0.022168
7.8415e-009	0.0178711
7.8665e-009	0.0340576
7.8915e-009	0.0379395
7.9165e-009	0.0384033
7.9415e-009	0.0251465
7.9665e-009	0.00234376
7.9915e-009	0.0151611
8.0165e-009	0.0307373
8.0415e-009	0.0188232
8.0665e-009	0.0110596
8.0915e-009	0.0216065
8.1165e-009	0.0283203
8.1415e-009	0.0258057
8.1665e-009	0.0287842
8.1915e-009	0.0213623
8.2165e-009	0.0103516
8.2415e-009	0.0130371
8.2665e-009	0.0167969
8.2915e-009	0.0185303
8.3165e-009	0.0179932
8.3415e-009	0.0136963
8.3665e-009	0.0125977
8.3915e-009	0.0187256
8.4165e-009	0.0145752
8.4415e-009	0.00842286
8.4665e-009	0.0104004
8.4915e-009	0.00771485
8.5165e-009	0.0206299
8.5415e-009	0.0259766
8.5665e-009	0.0138916
8.5915e-009	0.0226807
8.6165e-009	0.0242676
8.6415e-009	0.0136963
8.6665e-009	0.0144775
8.6915e-009	0.0212158
8.7165e-009	0.0283203
8.7415e-009	0.0258789
8.7665e-009	0.0243652
8.7915e-009	0.0245361
8.8165e-009	0.0171631
8.8415e-009	0.021167
8.8665e-009	0.0281983
8.8915e-009	0.0242188
8.9165e-009	0.0222412
8.9415e-009	0.0111816
8.9665e-009	0.00810548
8.9915e-009	0.0269043
9.0165e-009	0.0221436
9.0415e-009	0.0188965
9.0665e-009	0.0295166
9.0915e-009	0.0175537
9.1165e-009	0.0221191
9.1415e-009	0.0314697
9.1665e-009	0.0199463
9.1915e-009	0.0205078
9.2165e-009	0.0269775
9.2415e-009	0.0271729
9.2665e-009	0.0192627
9.2915e-009	0.0190674
9.3165e-009	0.024707
9.3415e-009	0.0167969
9.3665e-009	0.0164063
9.3915e-009	0.0175049
9.4165e-009	0.0175049
9.4415e-009	0.03125
9.4665e-009	0.0303955
9.4915e-009	0.0168945
9.5165e-009	0.0229492
9.5415e-009	0.0293945
9.5665e-009	0.023169
9.5915e-009	0.0223389
9.6165e-009	0.0190674
9.6415e-009	0.0190186
9.6665e-009	0.0161865
9.6915e-009	0.00712891
9.7165e-009	0.0158691
9.7415e-009	0.0135254
9.7665e-009	0.0104492
9.7915e-009	0.0240967
9.8165e-009	0.0248291
9.8415e-009	0.0245606
9.8665e-009	0.0114258
9.8915e-009	0.000244148
9.9165e-009	0.012793
9.9415e-009	0.019165
9.9665e-009	0.0250733
9.9915e-009	0.0144775
1.00165e-008	0.00600587
1.00415e-008	0.0279785
1.00665e-008	0.0247803
1.00915e-008	0.0112061
1.01165e-008	0.0248779
1.01415e-008	0.038208
1.01665e-008	0.0374024
1.01915e-008	0.0325195
1.02165e-008	0.0321045
1.02415e-008	0.0300781
1.02665e-008	0.0265869
1.02915e-008	0.0242432
1.03165e-008	0.01604
1.03415e-008	0.011084
1.03665e-008	0.020752
1.03915e-008	0.0236572
1.04165e-008	0.0151123
1.04415e-008	0.0229248
1.04665e-008	0.0281494
1.04915e-008	0.0263184
1.05165e-008	0.0296875
1.05415e-008	0.0147461
1.05665e-008	0.0148926
1.05915e-008	0.0304688
1.06165e-008	0.0194092
1.06415e-008	0.014209
1.06665e-008	0.0215576
1.06915e-008	0.0250488
1.07165e-008	0.0250733
1.07415e-008	0.0173096
1.07665e-008	0.0198486
1.07915e-008	0.0232178
1.08165e-008	0.0144287
1.08415e-008	0.0154541
1.08665e-008	0.0182373
1.08915e-008	0.0208008
1.09165e-008	0.0250977
1.09415e-008	0.0123535
1.09665e-008	0.0133545
1.09915e-008	0.027002
1.10165e-008	0.0175293
1.10415e-008	0.00644532
1.10665e-008	0.00295411
1.10915e-008	0.00891114
1.11165e-008	0.0234375
1.11415e-008	0.0252197
1.11665e-008	0.023877
1.11915e-008	0.0231201
1.12165e-008	0.0184815
1.12415e-008	0.0262207
1.12665e-008	0.0300537
1.12915e-008	0.0255859
1.13165e-008	0.035376
1.13415e-008	0.0260498
1.13665e-008	0.0105713
1.13915e-008	0.0213135
1.14165e-008	0.017627
1.14415e-008	0.0197998
1.14665e-008	0.0366943
1.14915e-008	0.0351563
1.15165e-008	0.0351807
1.15415e-008	0.0301514
1.15665e-008	0.0212402
1.15915e-008	0.0250244
1.16165e-008	0.0222168
1.16415e-008	0.0229248
1.16665e-008	0.0261963
1.16915e-008	0.0185303
1.17165e-008	0.0253906
1.17415e-008	0.0334229
1.17665e-008	0.0266113
1.17915e-008	0.0254639
1.18165e-008	0.0249268
1.18415e-008	0.0288574
1.18665e-008	0.0284912
1.18915e-008	0.0155762
1.19165e-008	0.020752
1.19415e-008	0.026709
1.19665e-008	0.0212891
1.19915e-008	0.0155274
1.20165e-008	0.00156251
1.20415e-008	0.00954591
1.20665e-008	0.0261475
1.20915e-008	0.0148438
1.21165e-008	0.0104248
1.21415e-008	0.0233643
1.21665e-008	0.0274658
1.21915e-008	0.0203613
1.22165e-008	0.0173828
1.22415e-008	0.0259033
1.22665e-008	0.0276123
1.22915e-008	0.0219727
1.23165e-008	0.0292725
1.23415e-008	0.0334473
1.23665e-008	0.0255615
1.23915e-008	0.0294678
1.24165e-008	0.03479
1.24415e-008	0.0225586
1.24665e-008	0.00949708
1.24915e-008	0.0217285
1.25165e-008	0.0337647
1.25415e-008	0.0139893
1.25665e-008	0.0144287
1.25915e-008	0.0340332
1.26165e-008	0.0243652
1.26415e-008	0.0119629
1.26665e-008	0.0152832
1.26915e-008	0.028418
1.27165e-008	0.0297119
1.27415e-008	0.0196777
1.27665e-008	0.0291992
1.27915e-008	0.0323975
1.28165e-008	0.0212647
1.28415e-008	0.0249268
1.28665e-008	0.0273438
1.28915e-008	0.0241455
1.29165e-008	0.0267822
1.29415e-008	0.0185791
1.29665e-008	0.0112305
1.29915e-008	0.0195801
1.30165e-008	0.0230469
1.30415e-008	0.0184326
1.30665e-008	0.0133545
1.30915e-008	0.0162842
1.31165e-008	0.0157715
1.31415e-008	0.00593262
1.31665e-008	0.0129883
1.31915e-008	0.0199951
1.32165e-008	0.0171143
1.32415e-008	0.0206543
1.32665e-008	0.018457
1.32915e-008	0.0211914
1.33165e-008	0.0300537
1.33415e-008	0.0194092
1.33665e-008	0.0122559
1.33915e-008	0.0225098
1.34165e-008	0.020459
1.34415e-008	0.0153076
1.34665e-008	0.0215332
1.34915e-008	0.0301514
1.35165e-008	0.0324951
1.35415e-008	0.0251953
1.35665e-008	0.0320068
1.35915e-008	0.0310547
1.36165e-008	0.0175537
1.36415e-008	0.0331787
1.36665e-008	0.0324707
1.36915e-008	0.011377
1.37165e-008	0.0208984
1.37415e-008	0.0373047
1.37665e-008	0.0361572
1.37915e-008	0.0216553
1.38165e-008	0.0200928
1.38415e-008	0.0367432
1.38665e-008	0.0341797
1.38915e-008	0.021582
1.39165e-008	0.0211914
1.39415e-008	0.0170166
1.39665e-008	0.0104492
1.39915e-008	0.0193115
1.40165e-008	0.0249024
1.40415e-008	0.0133789
1.40665e-008	0.00930177
1.40915e-008	0.0140869
1.41165e-008	0.0180908
1.41415e-008	0.0121338
1.41665e-008	0.000781257
1.41915e-008	0.0131836
1.42165e-008	0.0244873
1.42415e-008	0.0260254
1.42665e-008	0.0350586
1.42915e-008	0.0265869
1.43165e-008	0.020874
1.43415e-008	0.0225342
1.43665e-008	0.0150879
1.43915e-008	0.0229736
1.44165e-008	0.0142578
1.44415e-008	-0.00139159
1.44665e-008	0.01604
1.44915e-008	0.0135742
1.45165e-008	0.00534669
1.45415e-008	0.0185791
1.45665e-008	0.0138184
1.45915e-008	0.0163574
1.46165e-008	0.0212402
1.46415e-008	0.00915528
1.46665e-008	0.0156494
1.46915e-008	0.0296875
1.47165e-008	0.030542
1.47415e-008	0.0203369
1.47665e-008	0.0187744
1.47915e-008	0.028418
1.48165e-008	0.0239502
1.48415e-008	0.0255127
1.48665e-008	0.0291748
1.48915e-008	0.0248535
1.49165e-008	0.0274414
1.49415e-008	0.0172119
1.49665e-008	0.0133789
1.49915e-008	0.0232178
1.50165e-008	0.0218506
1.50415e-008	0.0183594
1.50665e-008	0.0166992
1.50915e-008	0.0237793
1.51165e-008	0.0256104
1.51415e-008	0.0208984
1.51665e-008	0.0287598
1.51915e-008	0.0312744
1.52165e-008	0.0284912
1.52415e-008	0.0244385
1.52665e-008	0.0154785
1.52915e-008	0.0198731
1.53165e-008	0.0280762
1.53415e-008	0.0124268
1.53665e-008	0.00600587
1.53915e-008	0.0251709
1.54165e-008	0.0253174
1.54415e-008	0.0206543
1.54665e-008	0.0205078
1.54915e-008	0.0189453
1.55165e-008	0.0266358
1.55415e-008	0.0216797
1.55665e-008	0.0262207
1.55915e-008	0.028418
1.56165e-008	0.010791
1.56415e-008	0.0160645
1.56665e-008	0.0168457
1.56915e-008	0.0105957
1.57165e-008	0.0151611
1.57415e-008	0.00957032
1.57665e-008	0.0160645
1.57915e-008	0.0256836
1.58165e-008	0.020044
1.58415e-008	0.0184815
1.58665e-008	0.0178223
1.58915e-008	0.0250977
1.59165e-008	0.0351318
1.59415e-008	0.0263672
1.59665e-008	0.0179199
1.59915e-008	0.012915
1.60165e-008	0.00959473
1.60415e-008	0.0243164
1.60665e-008	0.026416
1.60915e-008	0.0198242
1.61165e-008	0.0277588
1.61415e-008	0.0176758
1.61665e-008	0.0137207
1.61915e-008	0.0335693
1.62165e-008	0.0320313
1.62415e-008	0.0182373
1.62665e-008	0.0155029
1.62915e-008	0.021167
1.63165e-008	0.0241455
1.63415e-008	0.011084
1.63665e-008	0.00839845
1.63915e-008	0.0246582
1.64165e-008	0.0288086
1.64415e-008	0.0235352
1.64665e-008	0.0225586
1.64915e-008	0.0257324
1.65165e-008	0.02771
1.65415e-008	0.02146
1.65665e-008	0.0237793
1.65915e-008	0.0285156
1.66165e-008	0.0186279
1.66415e-008	0.0172607
1.66665e-008	0.012793
1.66915e-008	-0.00332031
1.67165e-008	0.00339356
1.67415e-008	0.0175293
1.67665e-008	0.021582
1.67915e-008	0.0247803
1.68165e-008	0.0206543
1.68415e-008	0.0181641
1.68665e-008	0.0202881
1.68915e-008	0.0201904
1.69165e-008	0.0198975
1.69415e-008	0.0169922
1.69665e-008	0.0193115
1.69915e-008	0.0233643
1.70165e-008	0.0223145
1.70415e-008	0.0228272
1.70665e-008	0.0235596
1.70915e-008	0.0229981
1.71165e-008	0.0190674
1.71415e-008	0.0210693
1.71665e-008	0.030249
1.71915e-008	0.0298584
1.72165e-008	0.0177979
1.72415e-008	0.00310059
1.72665e-008	0.0027588
1.72915e-008	0.0199463
1.73165e-008	0.0335693
1.73415e-008	0.0254639
1.73665e-008	0.0186524
1.73915e-008	0.0279541
1.74165e-008	0.0174316
1.74415e-008	0.0128418
1.74665e-008	0.0317139
1.74915e-008	0.0329346
1.75165e-008	0.0303223
1.75415e-008	0.0239014
1.75665e-008	0.0158936
1.75915e-008	0.0210693
1.76165e-008	0.0208008
1.76415e-008	0.0283447
1.76665e-008	0.0341065
1.76915e-008	0.0261719
1.77165e-008	0.019043
1.77415e-008	0.0104736
1.77665e-008	0.0129639
1.77915e-008	0.0143066
1.78165e-008	0.0140869
1.78415e-008	0.023169
1.78665e-008	0.0194092
1.78915e-008	0.0154297
1.79165e-008	0.0192383
1.79415e-008	0.0248291
1.79665e-008	0.0247803
1.79915e-008	0.0172607
1.80165e-008	0.022168
1.80415e-008	0.0198486
1.80665e-008	0.0157959
1.80915e-008	0.0352783
1.81165e-008	0.0448486
1.81415e-008	0.0239258
1.81665e-008	0.0110352
1.81915e-008	0.0286621
1.82165e-008	0.0265625
1.82415e-008	0.0169922
1.82665e-008	0.0315918
1.82915e-008	0.0229736
1.83165e-008	0.0146729
1.83415e-008	0.0277832
1.83665e-008	0.0281006
1.83915e-008	0.02146
1.84165e-008	0.0195557
1.84415e-008	0.0299561
1.84665e-008	0.0256348
1.84915e-008	0.00976563
1.85165e-008	0.0243897
1.85415e-008	0.020752
1.85665e-008	0.000878914
1.85915e-008	0.018457
1.86165e-008	0.0250488
1.86415e-008	0.0217529
1.86665e-008	0.0347412
1.86915e-008	0.0275879
1.87165e-008	0.0128174
1.87415e-008	0.00612794
1.87665e-008	0.0107422
1.87915e-008	0.0244141
1.88165e-008	0.0214356
1.88415e-008	0.00976563
1.88665e-008	0.00686036
1.88915e-008	0.0161621
1.89165e-008	0.0185791
1.89415e-008	0.0136231
1.89665e-008	0.0189209
1.89915e-008	0.0181641
1.90165e-008	0.0213623
1.90415e-008	0.0268555
1.90665e-008	0.019043
1.90915e-008	0.0217041
1.91165e-008	0.0255127
1.91415e-008	0.0199951
1.91665e-008	0.0152588
1.91915e-008	0.00310059
1.92165e-008	0.00881348
1.92415e-008	0.0358154
1.92665e-008	0.0371338
1.92915e-008	0.023291
1.93165e-008	0.0223633
1.93415e-008	0.0211914
1.93665e-008	0.0202637
1.93915e-008	0.0307129
1.94165e-008	0.0386475
1.94415e-008	0.028418
1.94665e-008	0.0187256
1.94915e-008	0.0205322
1.95165e-008	0.0241455
1.95415e-008	0.0261475
1.95665e-008	0.0261475
1.95915e-008	0.0255127
1.96165e-008	0.0208252
1.96415e-008	0.0218262
1.96665e-008	0.0280518
1.96915e-008	0.0263428
1.97165e-008	0.0231445
1.97415e-008	0.0185059
1.97665e-008	0.016919
1.97915e-008	0.0220215
1.98165e-008	0.0190918
1.98415e-008	0.0106934
1.98665e-008	0.0184326
1.98915e-008	0.0300049
1.99165e-008	0.0171387
1.99415e-008	0.00749512
1.99665e-008	0.0134522
1.99915e-008	0.00905762
2.00165e-008	0.0105713
2.00415e-008	0.0204834
2.00665e-008	0.0187012
2.00915e-008	0.0181152
2.01165e-008	0.0210449
2.01415e-008	0.0171143
2.01665e-008	0.0111572
2.01915e-008	0.00551759
2.02165e-008	0.00700684
2.02415e-008	0.0156738
2.02665e-008	0.0236328
2.02915e-008	0.035669
2.03165e-008	0.0240234
2.03415e-008	-0.00446777
2.03665e-008	0.0104492
2.03915e-008	0.033374
2.04165e-008	0.0178955
2.04415e-008	0.0138672
2.04665e-008	0.0334961
2.04915e-008	0.0392822
2.05165e-008	0.0309326
2.05415e-008	0.0146973
2.05665e-008	0.0128906
2.05915e-008	0.0337158
2.06165e-008	0.0326172
2.06415e-008	0.0250244
2.06665e-008	0.0242188
2.06915e-008	0.0134277
2.07165e-008	0.0192627
2.07415e-008	0.0223389
2.07665e-008	0.0151123
2.07915e-008	0.0193115
2.08165e-008	0.0249024
2.08415e-008	0.0313233
2.08665e-008	0.0233887
2.08915e-008	0.0261475
2.09165e-008	0.0438965
2.09415e-008	0.023999
2.09665e-008	0.0131592
2.09915e-008	0.0253906
2.10165e-008	0.0128662
2.10415e-008	0.00825196
2.10665e-008	0.0168213
2.10915e-008	0.0249512
2.11165e-008	0.0261475
2.11415e-008	0.00722657
2.11665e-008	0.00498048
2.11915e-008	0.00434571
2.12165e-008	0.00913087
2.12415e-008	0.0430664
2.12665e-008	0.0332031
2.12915e-008	0.0124024
2.13165e-008	0.0250488
2.13415e-008	0.0189697
2.13665e-008	0.0170166
2.13915e-008	0.0209229
2.14165e-008	0.0167725
2.14415e-008	0.0327881
2.14665e-008	0.0407715
2.14915e-008	0.0177979
2.15165e-008	0.00698243
2.15415e-008	0.0186035
2.15665e-008	0.0259033
2.15915e-008	0.0287354
2.16165e-008	0.020166
2.16415e-008	0.0187744
2.16665e-008	0.0320313
2.16915e-008	0.0289795
2.17165e-008	0.022583
2.17415e-008	0.0212158
2.17665e-008	0.0241455
2.17915e-008	0.0208008
2.18165e-008	0.00930177
2.18415e-008	0.0211914
2.18665e-008	0.0308106
2.18915e-008	0.0296631
2.19165e-008	0.0370361
2.19415e-008	0.0268799
2.19665e-008	0.0200195
2.19915e-008	0.0236328
2.20165e-008	0.0159668
2.20415e-008	0.026294
2.20665e-008	0.02771
2.20915e-008	0.00881348
2.21165e-008	0.013794
2.21415e-008	0.0212891
2.21665e-008	0.0242676
2.21915e-008	0.0256104
2.22165e-008	0.0208984
2.22415e-008	0.0216065
2.22665e-008	0.0212402
2.22915e-008	0.0275147
2.23165e-008	0.0233154
2.23415e-008	0.00961915
2.23665e-008	0.0145996
2.23915e-008	0.0212891
2.24165e-008	0.0236328
2.24415e-008	0.019751
2.24665e-008	0.0144043
2.24915e-008	0.0255615
2.25165e-008	0.0311279
2.25415e-008	0.0138184
2.25665e-008	0.010376
2.25915e-008	0.027002
2.26165e-008	0.0212402
2.26415e-008	0.015332
2.26665e-008	0.0239746
2.26915e-008	0.017334
2.27165e-008	0.0175781
2.27415e-008	0.0278565
2.27665e-008	0.0320068
2.27915e-008	0.0293701
2.28165e-008	0.0171875
2.28415e-008	0.0225342
2.28665e-008	0.0307373
2.28915e-008	0.0189209
2.29165e-008	0.0125244
2.29415e-008	0.00871583
2.29665e-008	0.0136963
2.29915e-008	0.024585
2.30165e-008	0.0192871
2.30415e-008	0.0162109
2.30665e-008	0.0217041
2.30915e-008	0.028125
2.31165e-008	0.0232422
2.31415e-008	0.0118652
2.31665e-008	0.0154297
2.31915e-008	0.0112061
2.32165e-008	0.00625001
2.32415e-008	0.0140381
2.32665e-008	0.0135254
2.32915e-008	0.0225098
2.33165e-008	0.0209473
2.33415e-008	0.00283204
2.33665e-008	0.0193604
2.33915e-008	0.0295899
2.34165e-008	0.018457
2.34415e-008	0.0247315
2.34665e-008	0.0181641
2.34915e-008	0.0103027
2.35165e-008	0.0163574
2.35415e-008	0.0138428
2.35665e-008	0.017041
2.35915e-008	0.019165
2.36165e-008	0.0172119
2.36415e-008	0.0231445
2.36665e-008	0.0237549
2.36915e-008	0.0241699
2.37165e-008	0.0259277
2.37415e-008	0.014624
2.37665e-008	0.00793458
2.37915e-008	0.0167481
2.38165e-008	0.0236328
2.38415e-008	0.0247803
2.38665e-008	0.0159912
2.38915e-008	0.0102539
2.39165e-008	0.0213135
2.39415e-008	0.0229736
2.39665e-008	0.0243164
2.39915e-008	0.0382568
2.40165e-008	0.0304932
2.40415e-008	0.0186035
2.40665e-008	0.0340332
2.40915e-008	0.0361084
2.41165e-008	0.0210449
2.41415e-008	0.0208252
2.41665e-008	0.0210449
2.41915e-008	0.022876
2.42165e-008	0.024292
2.42415e-008	0.0157715
2.42665e-008	0.0185791
2.42915e-008	0.0267334
2.43165e-008	0.0236572
2.43415e-008	0.0166016
2.43665e-008	0.0187744
2.43915e-008	0.0236572
2.44165e-008	0.017627
2.44415e-008	0.0155762
2.44665e-008	0.0258057
2.44915e-008	0.0286621
2.45165e-008	0.0182129
2.45415e-008	0.0189697
2.45665e-008	0.0316895
2.45915e-008	0.0317383
2.46165e-008	0.0270752
2.46415e-008	0.0297608
2.46665e-008	0.0282959
2.46915e-008	0.021875
2.47165e-008	0.0132324
2.47415e-008	0.0131104
2.47665e-008	0.0236328
2.47915e-008	0.0182617
2.48165e-008	0.0193359
2.48415e-008	0.0347412
2.48665e-008	0.0286377
2.48915e-008	0.0152832
2.49165e-008	0.00876466
2.49415e-008	0.00764161
2.49665e-008	0.0141113
2.49915e-008	0.0217774
2.50165e-008	0.0218262
2.50415e-008	0.0175781
2.50665e-008	0.0122803
2.50915e-008	7.32496e-005
2.51165e-008	0.00507813
2.51415e-008	0.0203369
2.51665e-008	0.0226074
2.51915e-008	0.0233399
2.52165e-008	0.0266358
2.52415e-008	0.0327881
2.52665e-008	0.0266358
2.52915e-008	0.0202881
2.53165e-008	0.0317871
2.53415e-008	0.0356201
2.53665e-008	0.027832
2.53915e-008	0.01875
2.54165e-008	0.0111572
2.54415e-008	0.00920411
2.54665e-008	0.014624
2.54915e-008	0.0227295
2.55165e-008	0.026416
2.55415e-008	0.0225586
2.55665e-008	0.021167
2.55915e-008	0.0216065
2.56165e-008	0.00935059
2.56415e-008	0.0113037
2.56665e-008	0.0328125
2.56915e-008	0.0361572
2.57165e-008	0.0167236
2.57415e-008	0.00820313
2.57665e-008	0.0245117
2.57915e-008	0.0229492
2.58165e-008	0.012207
2.58415e-008	0.0185791
2.58665e-008	0.013501
2.58915e-008	0.0143799
2.59165e-008	0.0210449
2.59415e-008	0.0174805
2.59665e-008	0.0230225
2.59915e-008	0.0135986
2.60165e-008	0.0027588
2.60415e-008	0.0248291
2.60665e-008	0.0368652
2.60915e-008	0.0216309
2.61165e-008	0.0125732
2.61415e-008	0.0174316
2.61665e-008	0.0202637
2.61915e-008	0.0146729
2.62165e-008	0.0129395
2.62415e-008	0.0234131
2.62665e-008	0.0291504
2.62915e-008	0.0246826
2.63165e-008	0.0205811
2.63415e-008	0.013794
2.63665e-008	0.0153565
2.63915e-008	0.0195557
2.64165e-008	0.0161865
2.64415e-008	0.0295166
2.64665e-008	0.0317383
2.64915e-008	0.0137695
2.65165e-008	0.0174072
2.65415e-008	0.0108643
2.65665e-008	-0.00126952
2.65915e-008	0.0198731
2.66165e-008	0.0314941
2.66415e-008	0.0234375
2.66665e-008	0.0184326
2.66915e-008	0.0213379
2.67165e-008	0.0291992
2.67415e-008	0.0195068
2.67665e-008	0.0174561
2.67915e-008	0.030127
2.68165e-008	0.0211914
2.68415e-008	0.00717774
2.68665e-008	0.00766602
2.68915e-008	0.0196777
2.69165e-008	0.0227051
2.69415e-008	0.0148682
2.69665e-008	0.020752
2.69915e-008	0.0256104
2.70165e-008	0.0133545
2.70415e-008	0.000268562
2.70665e-008	0.00852052
2.70915e-008	0.0237549
2.71165e-008	0.0275879
2.71415e-008	0.0281738
2.71665e-008	0.0206787
2.71915e-008	0.0150879
2.72165e-008	0.0233154
2.72415e-008	0.0300781
2.72665e-008	0.0182129
2.72915e-008	0.0139893
2.73165e-008	0.0237061
2.73415e-008	0.0119629
2.73665e-008	0.0146729
2.73915e-008	0.0278076
2.74165e-008	0.0172852
2.74415e-008	0.0173584
2.74665e-008	0.0209961
2.74915e-008	0.0167236
2.75165e-008	0.0169678
2.75415e-008	0.0292236
2.75665e-008	0.0316406
2.75915e-008	0.00954591
2.76165e-008	0.0137695
2.76415e-008	0.0192139
2.76665e-008	0.00546876
2.76915e-008	0.0210205
2.77165e-008	0.0280762
2.77415e-008	0.0162354
2.77665e-008	0.0201416
2.77915e-008	0.020166
2.78165e-008	0.013501
2.78415e-008	0.0194336
2.78665e-008	0.0283447
2.78915e-008	0.0289063
2.79165e-008	0.0283691
2.79415e-008	0.0150391
2.79665e-008	0.0100098
2.79915e-008	0.0278076
2.80165e-008	0.0220947
2.80415e-008	0.0173828
2.80665e-008	0.0282227
2.80915e-008	0.026001
2.81165e-008	0.027417
2.81415e-008	0.0219971
2.81665e-008	0.0152832
2.81915e-008	0.0177979
2.82165e-008	0.0168945
2.82415e-008	0.0219482
2.82665e-008	0.0159912
2.82915e-008	0.0144043
2.83165e-008	0.0217041
2.83415e-008	0.0072754
2.83665e-008	0.0101563
2.83915e-008	0.0257324
2.84165e-008	0.0231445
2.84415e-008	0.0246826
2.84665e-008	0.0201416
2.84915e-008	0.01521
2.85165e-008	0.0256836
2.85415e-008	0.0284912
2.85665e-008	0.0264893
2.85915e-008	0.0242432
2.86165e-008	0.0167969
2.86415e-008	0.0198731
2.86665e-008	0.0235596
2.86915e-008	0.0207031
2.87165e-008	0.0255615
2.87415e-008	0.0273926
2.87665e-008	0.0209717
2.87915e-008	0.0178955
2.88165e-008	0.0218506
2.88415e-008	0.0157959
2.88665e-008	0.00959473
2.88915e-008	0.0262451
2.89165e-008	0.0238281
2.89415e-008	0.008667
2.89665e-008	0.0161133
2.89915e-008	0.0177979
2.90165e-008	0.0210693
2.90415e-008	0.0258057
2.90665e-008	0.0176025
2.90915e-008	0.025293
2.91165e-008	0.0315918
2.91415e-008	0.012793
2.91665e-008	0.0108643
2.91915e-008	0.0245606
2.92165e-008	0.0156738
2.92415e-008	0.0107422
2.92665e-008	0.0189209
2.92915e-008	0.0178223
2.93165e-008	0.018457
2.93415e-008	0.0162354
2.93665e-008	0.0110107
2.93915e-008	0.0198975
2.94165e-008	0.0299561
2.94415e-008	0.026294
2.94665e-008	0.0183594
2.94915e-008	0.0216797
2.95165e-008	0.0263672
2.95415e-008	0.0130127
2.95665e-008	0.00217286
2.95915e-008	0.00986329
2.96165e-008	0.0177002
2.96415e-008	0.0232178
2.96665e-008	0.0188965
2.96915e-008	0.00856934
2.97165e-008	0.0122559
2.97415e-008	0.0142822
2.97665e-008	0.0210693
2.97915e-008	0.0292236
2.98165e-008	0.0162842
2.98415e-008	0.0126709
2.98665e-008	0.0152588
2.98915e-008	0.0126953
2.99165e-008	0.0231934
2.99415e-008	0.020874
2.99665e-008	0.0127197
2.99915e-008	0.0242432
3.00165e-008	0.0333496
3.00415e-008	0.036792
3.00665e-008	0.0317383
3.00915e-008	0.025415
3.01165e-008	0.0286133
3.01415e-008	0.0196289
3.01665e-008	0.015918
3.01915e-008	0.0237549
3.02165e-008	0.0143555
3.02415e-008	0.00527345
3.02665e-008	0.00974122
3.02915e-008	0.0211426
3.03165e-008	0.0287354
3.03415e-008	0.0167725
3.03665e-008	0.0162598
3.03915e-008	0.032666
3.04165e-008	0.0345215
3.04415e-008	0.0303711
3.04665e-008	0.0216553
3.04915e-008	0.0161865
3.05165e-008	0.0120361
3.05415e-008	-0.000122063
3.05665e-008	0.00715333
3.05915e-008	0.0175537
3.06165e-008	0.0169922
3.06415e-008	0.0199707
3.06665e-008	0.0155518
3.06915e-008	0.0130859
3.07165e-008	0.0195313
3.07415e-008	0.0214111
3.07665e-008	0.0192871
3.07915e-008	0.0213623
3.08165e-008	0.0295654
3.08415e-008	0.0279297
3.08665e-008	0.00612794
3.08915e-008	0.00708009
3.09165e-008	0.0330322
3.09415e-008	0.0206299
3.09665e-008	0.00844727
3.09915e-008	0.0280029
3.10165e-008	0.0248047
3.10415e-008	0.0171387
3.10665e-008	0.0207031
3.10915e-008	0.017749
3.11165e-008	0.0203857
3.11415e-008	0.0216065
3.11665e-008	0.0264404
3.11915e-008	0.0273682
3.12165e-008	0.00451661
3.12415e-008	0.00908204
3.12665e-008	0.0342774
3.12915e-008	0.0254395
3.13165e-008	0.0204834
3.13415e-008	0.0239014
3.13665e-008	0.0186279
3.13915e-008	0.0264404
3.14165e-008	0.0265381
3.14415e-008	0.0217285
3.14665e-008	0.0224609
3.14915e-008	0.0159912
3.15165e-008	0.0220215
3.15415e-008	0.0320068
3.15665e-008	0.0316406
3.15915e-008	0.0240234
3.16165e-008	0.0149658
3.16415e-008	0.0267334
3.16665e-008	0.0278565
3.16915e-008	0.0159424
3.17165e-008	0.0183838
3.17415e-008	0.00922852
3.17665e-008	0.012085
3.17915e-008	0.0202393
3.18165e-008	0.0182861
3.18415e-008	0.0363525
3.18665e-008	0.0283447
3.18915e-008	0.0124024
3.19165e-008	0.0312988
3.19415e-008	0.0314697
3.19665e-008	0.0172119
3.19915e-008	0.0166992
3.20165e-008	0.0205566
3.20415e-008	0.0220703
3.20665e-008	0.0133057
3.20915e-008	0.0134522
3.21165e-008	0.0289063
3.21415e-008	0.0332031
3.21665e-008	0.0286133
3.21915e-008	0.0229492
3.22165e-008	0.0222168
3.22415e-008	0.0338135
3.22665e-008	0.0357178
3.22915e-008	0.0239014
3.23165e-008	0.0116943
3.23415e-008	0.0103272
3.23665e-008	0.022583
3.23915e-008	0.0237061
3.24165e-008	0.0233887
3.24415e-008	0.0260742
3.24665e-008	0.0236084
3.24915e-008	0.0352051
3.25165e-008	0.0312744
3.25415e-008	0.0212158
3.25665e-008	0.035669
3.25915e-008	0.0262207
3.26165e-008	0.0113525
3.26415e-008	0.0230469
3.26665e-008	0.0254883
3.26915e-008	0.028125
3.27165e-008	0.030249
3.27415e-008	0.0168457
3.27665e-008	0.0129395
3.27915e-008	0.015332
3.28165e-008	0.0201172
3.28415e-008	0.027417
3.28665e-008	0.0186768
3.28915e-008	0.0177734
3.29165e-008	0.0272461
3.29415e-008	0.0237549
3.29665e-008	0.0230957
3.29915e-008	0.0121582
3.30165e-008	0.00410157
3.30415e-008	0.0278809
3.30665e-008	0.0361328
3.30915e-008	0.0232666
3.31165e-008	0.0171387
3.31415e-008	0.0172607
3.31665e-008	0.0287842
3.31915e-008	0.0308106
3.32165e-008	0.023169
3.32415e-008	0.0248779
3.32665e-008	0.0178223
3.32915e-008	0.0175049
3.33165e-008	0.0283936
3.33415e-008	0.0218262
3.33665e-008	0.0210938
3.33915e-008	0.0277588
3.34165e-008	0.0260254
3.34415e-008	0.0235352
3.34665e-008	0.0159668
3.34915e-008	0.0224365
3.35165e-008	0.0331299
3.35415e-008	0.0222656
3.35665e-008	0.0178955
3.35915e-008	0.0247559
3.36165e-008	0.026001
3.36415e-008	0.0265137
3.36665e-008	0.0232422
3.36915e-008	0.0207031
3.37165e-008	0.0222656
3.37415e-008	0.0123535
3.37665e-008	0.0119873
3.37915e-008	0.024292
3.38165e-008	0.011792
3.38415e-008	0.00312501
3.38665e-008	0.0172363
3.38915e-008	0.0225098
3.39165e-008	0.0230469
3.39415e-008	0.0265625
3.39665e-008	0.027002
3.39915e-008	0.0243652
3.40165e-008	0.015625
3.40415e-008	0.0121826
3.40665e-008	0.0198731
3.40915e-008	0.0232422
3.41165e-008	0.0252686
3.41415e-008	0.0217774
3.41665e-008	0.020166
3.41915e-008	0.031958
3.42165e-008	0.0262695
3.42415e-008	0.0231201
3.42665e-008	0.0303467
3.42915e-008	0.0219482
3.43165e-008	0.0160645
3.43415e-008	0.013794
3.43665e-008	0.0252441
3.43915e-008	0.0270996
3.44165e-008	0.010376
3.44415e-008	0.0235107
3.44665e-008	0.0225342
3.44915e-008	0.0123779
3.45165e-008	0.0292725
3.45415e-008	0.0196777
3.45665e-008	0.00876466
3.45915e-008	0.0220459
3.46165e-008	0.0274902
3.46415e-008	0.0252441
3.46665e-008	0.0178955
3.46915e-008	0.0206055
3.47165e-008	0.0243408
3.47415e-008	0.0151367
3.47665e-008	0.0180176
3.47915e-008	0.0231445
3.48165e-008	0.0210693
3.48415e-008	0.0217285
3.48665e-008	0.0217774
3.48915e-008	0.0295654
3.49165e-008	0.0306885
3.49415e-008	0.0223877
3.49665e-008	0.023291
3.49915e-008	0.0184326
3.50165e-008	0.0148926
3.50415e-008	0.0184815
3.50665e-008	0.0155029
3.50915e-008	0.0201416
3.51165e-008	0.0280762
3.51415e-008	0.0192139
3.51665e-008	0.0101807
3.51915e-008	0.0161865
3.52165e-008	0.0178711
3.52415e-008	0.0223145
3.52665e-008	0.0369873
3.52915e-008	0.0380371
3.53165e-008	0.0321533
3.53415e-008	0.0248535
3.53665e-008	0.0162109
3.53915e-008	0.0162842
3.54165e-008	0.020044
3.54415e-008	0.0216797
3.54665e-008	0.0209717
3.54915e-008	0.0208496
3.55165e-008	0.0168701
3.55415e-008	0.019165
3.55665e-008	0.029126
3.55915e-008	0.0207275
3.56165e-008	0.0153076
3.56415e-008	0.0227539
3.56665e-008	0.0146729
3.56915e-008	0.0140381
3.57165e-008	0.0236816
3.57415e-008	0.020874
3.57665e-008	0.0254639
3.57915e-008	0.0275147
3.58165e-008	0.0141113
3.58415e-008	0.0115479
3.58665e-008	0.0172852
3.58915e-008	0.0188721
3.59165e-008	0.0190186
3.59415e-008	0.0133789
3.59665e-008	0.00910645
3.59915e-008	0.0153565
3.60165e-008	0.0236328
3.60415e-008	0.0283203
3.60665e-008	0.0244629
3.60915e-008	0.0237305
3.61165e-008	0.0360108
3.61415e-008	0.0359619
3.61665e-008	0.0287598
3.61915e-008	0.0289551
3.62165e-008	0.0190186
3.62415e-008	0.00966798
3.62665e-008	0.0134277
3.62915e-008	0.0247803
3.63165e-008	0.032544
3.63415e-008	0.0157715
3.63665e-008	0.0100586
3.63915e-008	0.0312256
3.64165e-008	0.0279297
3.64415e-008	0.0173096
3.64665e-008	0.0181152
3.64915e-008	0.0178223
3.65165e-008	0.0299805
3.65415e-008	0.0268799
3.65665e-008	0.0143555
3.65915e-008	0.0199707
3.66165e-008	0.0212402
3.66415e-008	0.0244629
3.66665e-008	0.0292481
3.66915e-008	0.0268799
3.67165e-008	0.0235352
3.67415e-008	0.0123535
3.67665e-008	0.0125
3.67915e-008	0.0222656
3.68165e-008	0.0222656
3.68415e-008	0.0218262
3.68665e-008	0.0189453
3.68915e-008	0.0200195
3.69165e-008	0.0210693
3.69415e-008	0.0161621
3.69665e-008	0.0167481
3.69915e-008	0.0126709
3.70165e-008	0.0146484
3.70415e-008	0.0228516
3.70665e-008	0.0212402
3.70915e-008	0.0311524
3.71165e-008	0.0359619
3.71415e-008	0.0182129
3.71665e-008	0.0173828
3.71915e-008	0.0252441
3.72165e-008	0.018457
3.72415e-008	0.0154541
3.72665e-008	0.0152344
3.72915e-008	0.0305664
3.73165e-008	0.0432373
3.73415e-008	0.0165772
3.73665e-008	0.00500489
3.73915e-008	0.0209473
3.74165e-008	0.0248779
3.74415e-008	0.0167481
3.74665e-008	0.00292969
3.74915e-008	0.0154297
3.75165e-008	0.0310303
3.75415e-008	0.0148193
3.75665e-008	0.0140869
3.75915e-008	0.0209961
3.76165e-008	0.0159424
3.76415e-008	0.0201904
3.76665e-008	0.0191162
3.76915e-008	0.019458
3.77165e-008	0.0320557
3.77415e-008	0.0275635
3.77665e-008	0.0136231
3.77915e-008	0.0199219
3.78165e-008	0.0226807
3.78415e-008	0.0122803
3.78665e-008	0.0120361
3.78915e-008	0.0208984
3.79165e-008	0.0279541
3.79415e-008	0.0168701
3.79665e-008	0.00847169
3.79915e-008	0.0171875
3.80165e-008	0.0218262
3.80415e-008	0.0283447
3.80665e-008	0.0229004
3.80915e-008	0.0195313
3.81165e-008	0.0265381
3.81415e-008	0.00976563
3.81665e-008	0.00805665
3.81915e-008	0.0203613
3.82165e-008	0.0129395
3.82415e-008	0.0185547
3.82665e-008	0.0256348
3.82915e-008	0.027124
3.83165e-008	0.0264649
3.83415e-008	0.00898438
3.83665e-008	0.018457
3.83915e-008	0.037915
3.84165e-008	0.0300781
3.84415e-008	0.0175049
3.84665e-008	0.00495606
3.84915e-008	0.0203613
3.85165e-008	0.0335693
3.85415e-008	0.0147461
3.85665e-008	0.016919
3.85915e-008	0.0146729
3.86165e-008	0.00600587
3.86415e-008	0.0293213
3.86665e-008	0.0367188
3.86915e-008	0.0252441
3.87165e-008	0.0308594
3.87415e-008	0.0291992
3.87665e-008	0.0209717
3.87915e-008	0.0242188
3.88165e-008	0.015625
3.88415e-008	0.0071045
3.88665e-008	0.0219727
3.88915e-008	0.0338623
3.89165e-008	0.0265381
3.89415e-008	0.0071045
3.89665e-008	0.0043213
3.89915e-008	0.0250733
3.90165e-008	0.0242676
3.90415e-008	0.0161377
3.90665e-008	0.0234131
3.90915e-008	0.0179199
3.91165e-008	0.0144287
3.91415e-008	0.0228516
3.91665e-008	0.0308594
3.91915e-008	0.0266846
3.92165e-008	0.0156494
3.92415e-008	0.0232666
3.92665e-008	0.0277588
3.92915e-008	0.0327881
3.93165e-008	0.0374024
3.93415e-008	0.0216065
3.93665e-008	0.0193359
3.93915e-008	0.0150391
3.94165e-008	0.00637208
3.94415e-008	0.0246338
3.94665e-008	0.0326172
3.94915e-008	0.0183106
3.95165e-008	0.0180908
3.95415e-008	0.0212647
3.95665e-008	0.0177979
3.95915e-008	0.0266113
3.96165e-008	0.026416
3.96415e-008	0.0216309
3.96665e-008	0.0280518
3.96915e-008	0.0267334
3.97165e-008	0.0236816
3.97415e-008	0.0201416
3.97665e-008	0.0192383
3.97915e-008	0.0176025
3.98165e-008	0.0104736
3.98415e-008	0.0220947
3.98665e-008	0.0286133
3.98915e-008	0.0218506
3.99165e-008	0.0263428
3.99415e-008	0.0167481
3.99665e-008	0.015625
3.99915e-008	0.0339111
4.00165e-008	0.0288818
4.00415e-008	0.0283691
4.00665e-008	0.0288574
4.00915e-008	0.0216553
4.01165e-008	0.0348145
4.01415e-008	0.0299805
4.01665e-008	0.0185791
4.01915e-008	0.0221436
4.02165e-008	0.0111328
4.02415e-008	0.0153565
4.02665e-008	0.0273438
4.02915e-008	0.0206787
4.03165e-008	0.0262451
4.03415e-008	0.0304688
4.03665e-008	0.0301758
4.03915e-008	0.0340088
4.04165e-008	0.0269043
4.04415e-008	0.0282227
4.04665e-008	0.0244629
4.04915e-008	0.0206543
4.05165e-008	0.0279785
4.05415e-008	0.0191162
4.05665e-008	0.0217529
4.05915e-008	0.0254639
4.06165e-008	0.0107422
4.06415e-008	0.0097168
4.06665e-008	0.0202149
4.06915e-008	0.0239014
4.07165e-008	0.0142334
4.07415e-008	0.014502
4.07665e-008	0.0233643
4.07915e-008	0.0229736
4.08165e-008	0.0198731
4.08415e-008	0.0148193
4.08665e-008	0.0240479
4.08915e-008	0.0207764
4.09165e-008	0.00139161
4.09415e-008	0.00825196
4.09665e-008	0.0208252
4.09915e-008	0.0255615
4.10165e-008	0.0226563
4.10415e-008	0.027417
4.10665e-008	0.0292969
4.10915e-008	0.0131348
4.11165e-008	0.0172852
4.11415e-008	0.0138672
4.11665e-008	0.01521
4.11915e-008	0.0354981
4.12165e-008	0.0245361
4.12415e-008	0.0240234
4.12665e-008	0.0269287
4.12915e-008	0.012085
4.13165e-008	0.0167481
4.13415e-008	0.0156006
4.13665e-008	0.0173584
4.13915e-008	0.0327149
4.14165e-008	0.030127
4.14415e-008	0.018457
4.14665e-008	0.015918
4.14915e-008	0.025293
4.15165e-008	0.0273193
4.15415e-008	0.018335
4.15665e-008	0.0175293
4.15915e-008	0.0240967
4.16165e-008	0.0243652
4.16415e-008	0.0152344
4.16665e-008	0.0150879
4.16915e-008	0.0147461
4.17165e-008	0.0135742
4.17415e-008	0.0231445
4.17665e-008	0.0229248
4.17915e-008	0.0253662
4.18165e-008	0.0265381
4.18415e-008	0.0177979
4.18665e-008	0.0193115
4.18915e-008	0.0148682
4.19165e-008	0.0111816
4.19415e-008	0.0180908
4.19665e-008	0.0180908
4.19915e-008	0.0211914
4.20165e-008	0.0236328
4.20415e-008	0.0185059
4.20665e-008	0.0252686
4.20915e-008	0.0260986
4.21165e-008	0.0202637
4.21415e-008	0.0300537
4.21665e-008	0.0241943
4.21915e-008	0.0168457
4.22165e-008	0.0274658
4.22415e-008	0.0260742
4.22665e-008	0.0247559
4.22915e-008	0.0299561
4.23165e-008	0.0344238
4.23415e-008	0.0355469
4.23665e-008	0.0259522
4.23915e-008	0.0171143
4.24165e-008	0.0146973
4.24415e-008	0.0143555
4.24665e-008	0.0184082
4.24915e-008	0.0294434
4.25165e-008	0.0319336
4.25415e-008	0.0241455
4.25665e-008	0.0287109
4.25915e-008	0.0339844
4.26165e-008	0.0249268
4.26415e-008	0.015625
4.26665e-008	0.0142822
4.26915e-008	0.0273682
4.27165e-008	0.03125
4.27415e-008	0.0117188
4.27665e-008	0.00822755
4.27915e-008	0.0199463
4.28165e-008	0.0309082
4.28415e-008	0.0249024
4.28665e-008	0.00627442
4.28915e-008	0.0222412
4.29165e-008	0.0256104
4.29415e-008	0.00646973
4.29665e-008	0.0131348
4.29915e-008	0.0127686
4.30165e-008	0.0181397
4.30415e-008	0.0237305
4.30665e-008	0.0117676
4.30915e-008	0.0246582
4.31165e-008	0.0319824
4.31415e-008	0.0176514
4.31665e-008	0.0205566
4.31915e-008	0.0280029
4.32165e-008	0.0234863
4.32415e-008	0.0217285
4.32665e-008	0.0232422
4.32915e-008	0.0214111
4.33165e-008	0.0215576
4.33415e-008	0.0189941
4.33665e-008	0.0144287
4.33915e-008	0.0156006
4.34165e-008	0.0252197
4.34415e-008	0.027417
4.34665e-008	0.0102783
4.34915e-008	0.00839845
4.35165e-008	0.0222656
4.35415e-008	0.0248779
4.35665e-008	0.0229492
4.35915e-008	0.0118408
4.36165e-008	0.00468751
4.36415e-008	0.0147461
4.36665e-008	0.0199707
4.36915e-008	0.0269043
4.37165e-008	0.0313477
4.37415e-008	0.0199707
4.37665e-008	0.017627
4.37915e-008	0.0169434
4.38165e-008	0.0120117
4.38415e-008	0.0162109
4.38665e-008	0.0216309
4.38915e-008	0.0314453
4.39165e-008	0.0274414
4.39415e-008	0.0172852
4.39665e-008	0.0242188
4.39915e-008	0.023291
4.40165e-008	0.0253418
4.40415e-008	0.029419
4.40665e-008	0.0208008
4.40915e-008	0.0253174
4.41165e-008	0.024585
4.41415e-008	0.0145264
4.41665e-008	0.0239014
4.41915e-008	0.0253174
4.42165e-008	0.0151367
4.42415e-008	0.0233399
4.42665e-008	0.0281494
4.42915e-008	0.0251465
4.43165e-008	0.02771
4.43415e-008	0.0222168
4.43665e-008	0.0238037
4.43915e-008	0.0285645
4.44165e-008	0.0178223
4.44415e-008	0.0224365
4.44665e-008	0.027417
4.44915e-008	0.0187256
4.45165e-008	0.0322998
4.45415e-008	0.0307617
4.45665e-008	0.0141357
4.45915e-008	0.0292969
4.46165e-008	0.0318359
4.46415e-008	0.0155762
4.46665e-008	0.0152344
4.46915e-008	0.0246582
4.47165e-008	0.0246582
4.47415e-008	0.0100098
4.47665e-008	0.0144287
4.47915e-008	0.026416
4.48165e-008	0.0248291
4.48415e-008	0.0315918
4.48665e-008	0.0295166
4.48915e-008	0.0240967
4.49165e-008	0.0279541
4.49415e-008	0.0169678
4.49665e-008	0.0143066
4.49915e-008	0.0258545
4.50165e-008	0.0254883
4.50415e-008	0.0252686
4.50665e-008	0.026416
4.50915e-008	0.025
4.51165e-008	0.0265381
4.51415e-008	0.0224121
4.51665e-008	0.0202393
4.51915e-008	0.0252686
4.52165e-008	0.0222656
4.52415e-008	0.0190918
4.52665e-008	0.0247559
4.52915e-008	0.026709
4.53165e-008	0.0267334
4.53415e-008	0.0193604
4.53665e-008	0.0141846
4.53915e-008	0.0258301
4.54165e-008	0.0183838
4.54415e-008	0.00771485
4.54665e-008	0.0168701
4.54915e-008	0.0218018
4.55165e-008	0.0241699
4.55415e-008	0.0101563
4.55665e-008	0.00751954
4.55915e-008	0.0288086
4.56165e-008	0.0219482
4.56415e-008	0.0165039
4.56665e-008	0.0247559
4.56915e-008	0.0178711
4.57165e-008	0.016626
4.57415e-008	0.0191406
4.57665e-008	0.0204834
4.57915e-008	0.0254639
4.58165e-008	0.0276123
4.58415e-008	0.0331543
4.58665e-008	0.0228272
4.58915e-008	0.00493165
4.59165e-008	0.0183106
4.59415e-008	0.0263672
4.59665e-008	0.0156738
4.59915e-008	0.0240967
4.60165e-008	0.0322754
4.60415e-008	0.0265381
4.60665e-008	0.0264649
4.60915e-008	0.0291016
4.61165e-008	0.023291
4.61415e-008	0.0154053
4.61665e-008	0.0196045
4.61915e-008	0.0254639
4.62165e-008	0.0210693
4.62415e-008	0.0280274
4.62665e-008	0.0299316
4.62915e-008	0.0146729
4.63165e-008	0.0264404
4.63415e-008	0.033252
4.63665e-008	0.0151123
4.63915e-008	0.0218262
4.64165e-008	0.0317383
4.64415e-008	0.0291016
4.64665e-008	0.0268799
4.64915e-008	0.0250733
4.65165e-008	0.0300537
4.65415e-008	0.0227783
4.65665e-008	0.0131592
4.65915e-008	0.0176025
4.66165e-008	0.0155029
4.66415e-008	0.0105957
4.66665e-008	0.0188232
4.66915e-008	0.0277588
4.67165e-008	0.0242432
4.67415e-008	0.0188965
4.67665e-008	0.0165039
4.67915e-008	0.0170166
4.68165e-008	0.0116699
4.68415e-008	0.00952149
4.68665e-008	0.0231934
4.68915e-008	0.0166992
4.69165e-008	0.00812989
4.69415e-008	0.0256592
4.69665e-008	0.0292481
4.69915e-008	0.0158203
4.70165e-008	0.0139404
4.70415e-008	0.0184082
4.70665e-008	0.00922852
4.70915e-008	0.0175781
4.71165e-008	0.0361084
4.71415e-008	0.0212891
4.71665e-008	0.0240967
4.71915e-008	0.0375244
4.72165e-008	0.0227539
4.72415e-008	0.024585
4.72665e-008	0.029126
4.72915e-008	0.0230225
4.73165e-008	0.0310059
4.73415e-008	0.0267334
4.73665e-008	0.0091797
4.73915e-008	0.0178223
4.74165e-008	0.0411621
4.74415e-008	0.0374756
4.74665e-008	0.0168457
4.74915e-008	0.0155029
4.75165e-008	0.0220703
4.75415e-008	0.0076172
4.75665e-008	0.000415047
4.75915e-008	0.014624
4.76165e-008	0.0198731
4.76415e-008	0.0297119
4.76665e-008	0.0296631
4.76915e-008	0.0125244
4.77165e-008	0.0206543
4.77415e-008	0.0176758
4.77665e-008	0.00808106
4.77915e-008	0.0226074
4.78165e-008	0.019458
4.78415e-008	0.0215576
4.78665e-008	0.029419
4.78915e-008	0.014917
4.79165e-008	0.00876466
4.79415e-008	0.010669
4.79665e-008	0.0132324
4.79915e-008	0.0144287
4.80165e-008	0.0198242
4.80415e-008	0.0253174
4.80665e-008	0.017627
4.80915e-008	0.0264893
4.81165e-008	0.0291016
4.81415e-008	0.0153809
4.81665e-008	0.0246338
4.81915e-008	0.0300537
4.82165e-008	0.0248779
4.82415e-008	0.0248291
4.82665e-008	0.0323486
4.82915e-008	0.0476318
4.83165e-008	0.0301514
4.83415e-008	0.0060547
4.83665e-008	0.0200684
4.83915e-008	0.0284668
4.84165e-008	0.0176514
4.84415e-008	0.0109619
4.84665e-008	0.0201416
4.84915e-008	0.0325928
4.85165e-008	0.021582
4.85415e-008	0.0117432
4.85665e-008	0.0158203
4.85915e-008	0.0144531
4.86165e-008	0.0205811
4.86415e-008	0.0330078
4.86665e-008	0.0263916
4.86915e-008	0.0162354
4.87165e-008	0.0152832
4.87415e-008	0.00878907
4.87665e-008	0.00922852
4.87915e-008	0.0146973
4.88165e-008	0.016333
4.88415e-008	0.0191406
4.88665e-008	0.0173096
4.88915e-008	0.0220215
4.89165e-008	0.0252197
4.89415e-008	0.0214844
4.89665e-008	0.0267578
4.89915e-008	0.0247803
4.90165e-008	0.0193848
4.90415e-008	0.0295654
4.90665e-008	0.0366699
4.90915e-008	0.0313721
4.91165e-008	0.0307861
4.91415e-008	0.0278076
4.91665e-008	0.0200195
4.91915e-008	0.0274658
4.92165e-008	0.0294678
4.92415e-008	0.0235107
4.92665e-008	0.0213867
4.92915e-008	0.0152344
4.93165e-008	0.021875
4.93415e-008	0.020459
4.93665e-008	0.0216309
4.93915e-008	0.0383301
4.94165e-008	0.024292
4.94415e-008	0.0245361
4.94665e-008	0.0334229
4.94915e-008	0.0116455
4.95165e-008	0.0132568
4.95415e-008	0.0170654
4.95665e-008	0.0144043
4.95915e-008	0.0236572
4.96165e-008	0.0182373
4.96415e-008	0.014917
4.96665e-008	0.0174561
4.96915e-008	0.0249756
4.97165e-008	0.0308838
4.97415e-008	0.0215576
4.97665e-008	0.0238281
4.97915e-008	0.0288086
4.98165e-008	0.0228272
4.98415e-008	0.0186279
4.98665e-008	0.0169678
4.98915e-008	0.0182129
4.99165e-008	0.00961915
4.99415e-008	0.00595704
4.99665e-008	0.0213867
4.99915e-008	0.0271484
5.00165e-008	0.0299072
