LECROYWM813Zi	51496	Waveform
Segments	1	SegmentSize	4002
Segment	TrigTime	TimeSinceSegment1
#1	30-Nov-2018 17:16:48	0                 
Time	Ampl
-5.00101e-008	0.0267822
-4.99851e-008	0.0181641
-4.99601e-008	0.0197266
-4.99351e-008	0.0290772
-4.99101e-008	0.0243897
-4.98851e-008	0.0128662
-4.98601e-008	0.0199951
-4.98351e-008	0.0283691
-4.98101e-008	0.00344239
-4.97851e-008	-0.00253906
-4.97601e-008	0.0168945
-4.97351e-008	0.0208984
-4.97101e-008	0.0320801
-4.96851e-008	0.0304688
-4.96601e-008	0.0124756
-4.96351e-008	0.0158447
-4.96101e-008	0.019458
-4.95851e-008	0.0219727
-4.95601e-008	0.02229
-4.95351e-008	0.0111328
-4.95101e-008	0.0172607
-4.94851e-008	0.0279053
-4.94601e-008	0.0315186
-4.94351e-008	0.0323731
-4.94101e-008	0.0204102
-4.93851e-008	0.011084
-4.93601e-008	0.0134766
-4.93351e-008	0.0291016
-4.93101e-008	0.0371826
-4.92851e-008	0.0177246
-4.92601e-008	0.0131836
-4.92351e-008	0.0307617
-4.92101e-008	0.019751
-4.91851e-008	0.005542
-4.91601e-008	0.0210938
-4.91351e-008	0.0236084
-4.91101e-008	0.0182617
-4.90851e-008	0.0243897
-4.90601e-008	0.0256348
-4.90351e-008	0.0262207
-4.90101e-008	0.0273682
-4.89851e-008	0.0335449
-4.89601e-008	0.0341309
-4.89351e-008	0.0212158
-4.89101e-008	0.0230225
-4.88851e-008	0.030835
-4.88601e-008	0.0228027
-4.88351e-008	0.0185791
-4.88101e-008	0.0192871
-4.87851e-008	0.020459
-4.87601e-008	0.0295899
-4.87351e-008	0.0280029
-4.87101e-008	0.0269531
-4.86851e-008	0.0337158
-4.86601e-008	0.0238525
-4.86351e-008	0.011377
-4.86101e-008	0.0143311
-4.85851e-008	0.0253174
-4.85601e-008	0.0197022
-4.85351e-008	0.0127441
-4.85101e-008	0.0245117
-4.84851e-008	0.0231445
-4.84601e-008	0.0244141
-4.84351e-008	0.0289063
-4.84101e-008	0.0144287
-4.83851e-008	0.0097168
-4.83601e-008	0.0195557
-4.83351e-008	0.0273926
-4.83101e-008	0.023877
-4.82851e-008	0.0223877
-4.82601e-008	0.033252
-4.82351e-008	0.029834
-4.82101e-008	0.0101563
-4.81851e-008	0.0122559
-4.81601e-008	0.0277344
-4.81351e-008	0.0196045
-4.81101e-008	0.0176758
-4.80851e-008	0.024707
-4.80601e-008	0.0205078
-4.80351e-008	0.0193359
-4.80101e-008	0.0130615
-4.79851e-008	0.0171631
-4.79601e-008	0.0251221
-4.79351e-008	0.0179932
-4.79101e-008	0.0163818
-4.78851e-008	0.0199219
-4.78601e-008	0.0348633
-4.78351e-008	0.0350098
-4.78101e-008	0.0113037
-4.77851e-008	0.0148193
-4.77601e-008	0.0236084
-4.77351e-008	0.0208984
-4.77101e-008	0.0239014
-4.76851e-008	0.0189697
-4.76601e-008	0.0193604
-4.76351e-008	0.0163818
-4.76101e-008	0.0106201
-4.75851e-008	0.0225342
-4.75601e-008	0.0206787
-4.75351e-008	0.0151856
-4.75101e-008	0.0189697
-4.74851e-008	0.0194092
-4.74601e-008	0.0313477
-4.74351e-008	0.031665
-4.74101e-008	0.0206299
-4.73851e-008	0.0241943
-4.73601e-008	0.0269287
-4.73351e-008	0.0275391
-4.73101e-008	0.0239258
-4.72851e-008	0.0160645
-4.72601e-008	0.0246826
-4.72351e-008	0.022583
-4.72101e-008	0.00246583
-4.71851e-008	0.0105713
-4.71601e-008	0.0283203
-4.71351e-008	0.0285645
-4.71101e-008	0.0177246
-4.70851e-008	0.00944825
-4.70601e-008	0.0246582
-4.70351e-008	0.0284912
-4.70101e-008	0.0123535
-4.69851e-008	0.0138672
-4.69601e-008	0.0223877
-4.69351e-008	0.0309082
-4.69101e-008	0.0393555
-4.68851e-008	0.0239014
-4.68601e-008	0.00939942
-4.68351e-008	0.0193359
-4.68101e-008	0.0172607
-4.67851e-008	0.0206787
-4.67601e-008	0.0243164
-4.67351e-008	0.00573731
-4.67101e-008	0.012915
-4.66851e-008	0.0145752
-4.66601e-008	0.00837403
-4.66351e-008	0.0250977
-4.66101e-008	0.0212158
-4.65851e-008	0.0162109
-4.65601e-008	0.0205811
-4.65351e-008	0.0179443
-4.65101e-008	0.0185303
-4.64851e-008	0.0200928
-4.64601e-008	0.0343506
-4.64351e-008	0.0448486
-4.64101e-008	0.0324707
-4.63851e-008	0.0195557
-4.63601e-008	0.0145996
-4.63351e-008	0.0205811
-4.63101e-008	0.0283691
-4.62851e-008	0.00766602
-4.62601e-008	0.00332032
-4.62351e-008	0.0304688
-4.62101e-008	0.020752
-4.61851e-008	0.0106934
-4.61601e-008	0.0203369
-4.61351e-008	0.0214111
-4.61101e-008	0.0353516
-4.60851e-008	0.0368652
-4.60601e-008	0.0310791
-4.60351e-008	0.0295899
-4.60101e-008	0.0173828
-4.59851e-008	0.0136719
-4.59601e-008	0.00375977
-4.59351e-008	0.00429688
-4.59101e-008	0.0291992
-4.58851e-008	0.0255371
-4.58601e-008	0.0178711
-4.58351e-008	0.0355957
-4.58101e-008	0.0301514
-4.57851e-008	0.0200928
-4.57601e-008	0.0270264
-4.57351e-008	0.014624
-4.57101e-008	0.0108399
-4.56851e-008	0.0256592
-4.56601e-008	0.0258301
-4.56351e-008	0.0291016
-4.56101e-008	0.0312012
-4.55851e-008	0.0181152
-4.55601e-008	0.0170166
-4.55351e-008	0.030249
-4.55101e-008	0.0368652
-4.54851e-008	0.0289551
-4.54601e-008	0.0206543
-4.54351e-008	0.0205566
-4.54101e-008	0.0164063
-4.53851e-008	0.0153809
-4.53601e-008	0.0153076
-4.53351e-008	0.0108399
-4.53101e-008	0.0119873
-4.52851e-008	0.00935059
-4.52601e-008	0.0102783
-4.52351e-008	0.0187256
-4.52101e-008	0.025415
-4.51851e-008	0.0251953
-4.51601e-008	0.0147217
-4.51351e-008	0.0157715
-4.51101e-008	0.0239502
-4.50851e-008	0.0271973
-4.50601e-008	0.0264404
-4.50351e-008	0.0176025
-4.50101e-008	0.0186768
-4.49851e-008	0.0255859
-4.49601e-008	0.0308838
-4.49351e-008	0.0352539
-4.49101e-008	0.0243897
-4.48851e-008	0.0134277
-4.48601e-008	0.0225098
-4.48351e-008	0.036377
-4.48101e-008	0.0291016
-4.47851e-008	0.0174561
-4.47601e-008	0.0234863
-4.47351e-008	0.0270996
-4.47101e-008	0.0231445
-4.46851e-008	0.01521
-4.46601e-008	0.00981446
-4.46351e-008	0.0151367
-4.46101e-008	0.0163574
-4.45851e-008	0.0192139
-4.45601e-008	0.0268311
-4.45351e-008	0.027124
-4.45101e-008	0.0271973
-4.44851e-008	0.0247315
-4.44601e-008	0.0216553
-4.44351e-008	0.0224609
-4.44101e-008	0.0223145
-4.43851e-008	0.0218994
-4.43601e-008	0.017627
-4.43351e-008	0.019043
-4.43101e-008	0.0195068
-4.42851e-008	0.0153809
-4.42601e-008	0.0222656
-4.42351e-008	0.0204102
-4.42101e-008	0.0149414
-4.41851e-008	0.0228516
-4.41601e-008	0.0265869
-4.41351e-008	0.0236084
-4.41101e-008	0.0248047
-4.40851e-008	0.027832
-4.40601e-008	0.0266358
-4.40351e-008	0.0276856
-4.40101e-008	0.0222412
-4.39851e-008	0.0105225
-4.39601e-008	0.0179443
-4.39351e-008	0.0280029
-4.39101e-008	0.0199463
-4.38851e-008	0.015625
-4.38601e-008	0.0186279
-4.38351e-008	0.012207
-4.38101e-008	0.0133789
-4.37851e-008	0.0276611
-4.37601e-008	0.0219971
-4.37351e-008	0.00957032
-4.37101e-008	0.022583
-4.36851e-008	0.0334473
-4.36601e-008	0.0329834
-4.36351e-008	0.0305176
-4.36101e-008	0.0131348
-4.35851e-008	0.0186279
-4.35601e-008	0.0324707
-4.35351e-008	0.014502
-4.35101e-008	0.0161621
-4.34851e-008	0.0252686
-4.34601e-008	0.0196045
-4.34351e-008	0.0165772
-4.34101e-008	0.0117432
-4.33851e-008	0.0186279
-4.33601e-008	0.0219971
-4.33351e-008	0.0295899
-4.33101e-008	0.0354248
-4.32851e-008	0.0101074
-4.32601e-008	0.00383302
-4.32351e-008	0.0182617
-4.32101e-008	0.0178467
-4.31851e-008	0.0171631
-4.31601e-008	0.0203613
-4.31351e-008	0.0256104
-4.31101e-008	0.0330811
-4.30851e-008	0.023877
-4.30601e-008	0.00861817
-4.30351e-008	0.0147949
-4.30101e-008	0.0154297
-4.29851e-008	0.0184082
-4.29601e-008	0.0381104
-4.29351e-008	0.0306641
-4.29101e-008	0.0219727
-4.28851e-008	0.0304199
-4.28601e-008	0.0354981
-4.28351e-008	0.0427246
-4.28101e-008	0.023169
-4.27851e-008	0.00839845
-4.27601e-008	0.0243408
-4.27351e-008	0.0223633
-4.27101e-008	0.019165
-4.26851e-008	0.0179443
-4.26601e-008	0.0195313
-4.26351e-008	0.0366699
-4.26101e-008	0.0244873
-4.25851e-008	0.0143555
-4.25601e-008	0.030835
-4.25351e-008	0.0281983
-4.25101e-008	0.0203613
-4.24851e-008	0.0211182
-4.24601e-008	0.0265869
-4.24351e-008	0.0353516
-4.24101e-008	0.0299805
-4.23851e-008	0.0223145
-4.23601e-008	0.0243652
-4.23351e-008	0.0223389
-4.23101e-008	0.0159912
-4.22851e-008	0.0146973
-4.22601e-008	0.0230469
-4.22351e-008	0.0307373
-4.22101e-008	0.0222168
-4.21851e-008	0.0229248
-4.21601e-008	0.0359619
-4.21351e-008	0.0242188
-4.21101e-008	0.0248047
-4.20851e-008	0.0393311
-4.20601e-008	0.0227051
-4.20351e-008	0.0159424
-4.20101e-008	0.0216065
-4.19851e-008	0.0200195
-4.19601e-008	0.0252686
-4.19351e-008	0.0247559
-4.19101e-008	0.0277344
-4.18851e-008	0.0342529
-4.18601e-008	0.0350342
-4.18351e-008	0.0323975
-4.18101e-008	0.0225098
-4.17851e-008	0.025293
-4.17601e-008	0.0280274
-4.17351e-008	0.0143066
-4.17101e-008	0.0193604
-4.16851e-008	0.0352783
-4.16601e-008	0.0290283
-4.16351e-008	0.0127686
-4.16101e-008	0.00566407
-4.15851e-008	0.0177246
-4.15601e-008	0.0283936
-4.15351e-008	0.0188965
-4.15101e-008	0.0231201
-4.14851e-008	0.0283203
-4.14601e-008	0.0149902
-4.14351e-008	0.0241211
-4.14101e-008	0.0326904
-4.13851e-008	0.0180176
-4.13601e-008	0.0185059
-4.13351e-008	0.0235596
-4.13101e-008	0.0200684
-4.12851e-008	0.0209229
-4.12601e-008	0.0227295
-4.12351e-008	0.0232422
-4.12101e-008	0.0125488
-4.11851e-008	0.00559083
-4.11601e-008	0.0177979
-4.11351e-008	0.0203125
-4.11101e-008	0.0103027
-4.10851e-008	0.00991212
-4.10601e-008	0.0197266
-4.10351e-008	0.0322754
-4.10101e-008	0.0323242
-4.09851e-008	0.0207764
-4.09601e-008	0.0244629
-4.09351e-008	0.0260498
-4.09101e-008	0.0148682
-4.08851e-008	0.0276123
-4.08601e-008	0.0380127
-4.08351e-008	0.0302002
-4.08101e-008	0.0309815
-4.07851e-008	0.0225342
-4.07601e-008	0.0202881
-4.07351e-008	0.0328369
-4.07101e-008	0.0240234
-4.06851e-008	0.0134277
-4.06601e-008	0.0238525
-4.06351e-008	0.0278076
-4.06101e-008	0.013794
-4.05851e-008	0.0091797
-4.05601e-008	0.0165283
-4.05351e-008	0.0169678
-4.05101e-008	0.0179443
-4.04851e-008	0.0152832
-4.04601e-008	0.0141602
-4.04351e-008	0.0256592
-4.04101e-008	0.026294
-4.03851e-008	0.0238281
-4.03601e-008	0.0242432
-4.03351e-008	0.0169922
-4.03101e-008	0.0254639
-4.02851e-008	0.0235107
-4.02601e-008	0.00498048
-4.02351e-008	0.0205078
-4.02101e-008	0.0312256
-4.01851e-008	0.0211182
-4.01601e-008	0.0272217
-4.01351e-008	0.0250977
-4.01101e-008	0.0198242
-4.00851e-008	0.0182861
-4.00601e-008	0.018042
-4.00351e-008	0.0378906
-4.00101e-008	0.0360108
-3.99851e-008	0.0227051
-3.99601e-008	0.0351563
-3.99351e-008	0.0294434
-3.99101e-008	0.0221191
-3.98851e-008	0.0292481
-3.98601e-008	0.0175293
-3.98351e-008	0.0126221
-3.98101e-008	0.0182861
-3.97851e-008	0.017749
-3.97601e-008	0.0199219
-3.97351e-008	0.0162354
-3.97101e-008	0.0255615
-3.96851e-008	0.039209
-3.96601e-008	0.0257324
-3.96351e-008	0.019751
-3.96101e-008	0.0193359
-3.95851e-008	0.0124024
-3.95601e-008	0.0176758
-3.95351e-008	0.0186035
-3.95101e-008	0.0154785
-3.94851e-008	0.0160645
-3.94601e-008	0.0241211
-3.94351e-008	0.0306152
-3.94101e-008	0.0235107
-3.93851e-008	0.0223145
-3.93601e-008	0.020166
-3.93351e-008	0.0179199
-3.93101e-008	0.0121094
-3.92851e-008	-0.000708
-3.92601e-008	0.0210693
-3.92351e-008	0.037793
-3.92101e-008	0.0168701
-3.91851e-008	0.0163574
-3.91601e-008	0.0240234
-3.91351e-008	0.0200928
-3.91101e-008	0.0307617
-3.90851e-008	0.0348633
-3.90601e-008	0.0306397
-3.90351e-008	0.0280762
-3.90101e-008	0.0145264
-3.89851e-008	0.018335
-3.89601e-008	0.0275879
-3.89351e-008	0.023999
-3.89101e-008	0.0330811
-3.88851e-008	0.028833
-3.88601e-008	0.0248047
-3.88351e-008	0.0368408
-3.88101e-008	0.0282471
-3.87851e-008	0.0229981
-3.87601e-008	0.0222656
-3.87351e-008	0.0202149
-3.87101e-008	0.0290527
-3.86851e-008	0.0272949
-3.86601e-008	0.028833
-3.86351e-008	0.0219482
-3.86101e-008	0.00922852
-3.85851e-008	0.0166748
-3.85601e-008	0.0195801
-3.85351e-008	0.0281494
-3.85101e-008	0.0309326
-3.84851e-008	0.0183594
-3.84601e-008	0.0252686
-3.84351e-008	0.0275635
-3.84101e-008	0.0178467
-3.83851e-008	0.0250733
-3.83601e-008	0.0290772
-3.83351e-008	0.0209717
-3.83101e-008	0.02146
-3.82851e-008	0.0135498
-3.82601e-008	0.00966798
-3.82351e-008	0.0333252
-3.82101e-008	0.0349609
-3.81851e-008	0.0223145
-3.81601e-008	0.0325684
-3.81351e-008	0.037207
-3.81101e-008	0.0334717
-3.80851e-008	0.027124
-3.80601e-008	0.0300293
-3.80351e-008	0.0444092
-3.80101e-008	0.0297119
-3.79851e-008	0.0157227
-3.79601e-008	0.0242676
-3.79351e-008	0.01875
-3.79101e-008	0.0202637
-3.78851e-008	0.0276367
-3.78601e-008	0.022876
-3.78351e-008	0.0234863
-3.78101e-008	0.0271484
-3.77851e-008	0.027832
-3.77601e-008	0.025293
-3.77351e-008	0.0274414
-3.77101e-008	0.0318604
-3.76851e-008	0.0299561
-3.76601e-008	0.0231201
-3.76351e-008	0.0141357
-3.76101e-008	0.0175049
-3.75851e-008	0.0210449
-3.75601e-008	0.0186524
-3.75351e-008	0.0244873
-3.75101e-008	0.0270996
-3.74851e-008	0.0215088
-3.74601e-008	0.0159912
-3.74351e-008	0.0231934
-3.74101e-008	0.0298096
-3.73851e-008	0.0202881
-3.73601e-008	0.0127441
-3.73351e-008	0.00708009
-3.73101e-008	0.0118652
-3.72851e-008	0.0239746
-3.72601e-008	0.0196533
-3.72351e-008	0.0179688
-3.72101e-008	0.016333
-3.71851e-008	0.00803223
-3.71601e-008	0.0166992
-3.71351e-008	0.0218506
-3.71101e-008	0.0175781
-3.70851e-008	0.0223877
-3.70601e-008	0.0210449
-3.70351e-008	0.0188721
-3.70101e-008	0.0131104
-3.69851e-008	0.00158692
-3.69601e-008	0.0138428
-3.69351e-008	0.0259277
-3.69101e-008	0.0222412
-3.68851e-008	0.023169
-3.68601e-008	0.0276611
-3.68351e-008	0.0290527
-3.68101e-008	0.0186279
-3.67851e-008	0.0227783
-3.67601e-008	0.0310059
-3.67351e-008	0.0180908
-3.67101e-008	0.0239502
-3.66851e-008	0.0180176
-3.66601e-008	0.00986329
-3.66351e-008	0.0333984
-3.66101e-008	0.0161377
-3.65851e-008	0.00319825
-3.65601e-008	0.0286377
-3.65351e-008	0.0255859
-3.65101e-008	0.017749
-3.64851e-008	0.0153076
-3.64601e-008	0.01875
-3.64351e-008	0.0262207
-3.64101e-008	0.013501
-3.63851e-008	0.0135986
-3.63601e-008	0.0216065
-3.63351e-008	0.0240479
-3.63101e-008	0.0349121
-3.62851e-008	0.0261475
-3.62601e-008	0.0153565
-3.62351e-008	0.0269043
-3.62101e-008	0.0152344
-3.61851e-008	-0.00234374
-3.61601e-008	0.0140381
-3.61351e-008	0.0285156
-3.61101e-008	0.0207275
-3.60851e-008	0.0107666
-3.60601e-008	0.0159668
-3.60351e-008	0.0172119
-3.60101e-008	0.0126709
-3.59851e-008	0.0203369
-3.59601e-008	0.0235107
-3.59351e-008	0.0284912
-3.59101e-008	0.0175049
-3.58851e-008	-0.00319823
-3.58601e-008	0.0105225
-3.58351e-008	0.021167
-3.58101e-008	0.0189453
-3.57851e-008	0.0202393
-3.57601e-008	0.024585
-3.57351e-008	0.0358154
-3.57101e-008	0.0211914
-3.56851e-008	0.00351563
-3.56601e-008	0.0127686
-3.56351e-008	0.0139893
-3.56101e-008	0.016626
-3.55851e-008	0.0265625
-3.55601e-008	0.023169
-3.55351e-008	0.0218506
-3.55101e-008	0.0206787
-3.54851e-008	0.017749
-3.54601e-008	0.0236328
-3.54351e-008	0.0237305
-3.54101e-008	0.022168
-3.53851e-008	0.0234863
-3.53601e-008	0.013208
-3.53351e-008	0.0129639
-3.53101e-008	0.0311768
-3.52851e-008	0.0266358
-3.52601e-008	0.0206543
-3.52351e-008	0.029834
-3.52101e-008	0.00976563
-3.51851e-008	0.00925294
-3.51601e-008	0.0249268
-3.51351e-008	0.00227052
-3.51101e-008	0.0165039
-3.50851e-008	0.0417481
-3.50601e-008	0.0271484
-3.50351e-008	0.0321777
-3.50101e-008	0.0230957
-3.49851e-008	0.00581055
-3.49601e-008	0.0182373
-3.49351e-008	0.0114746
-3.49101e-008	0.0150147
-3.48851e-008	0.0296631
-3.48601e-008	0.0199219
-3.48351e-008	0.0288574
-3.48101e-008	0.0328125
-3.47851e-008	0.0196289
-3.47601e-008	0.0313721
-3.47351e-008	0.0368897
-3.47101e-008	0.0149414
-3.46851e-008	0.0106201
-3.46601e-008	0.0303955
-3.46351e-008	0.0259033
-3.46101e-008	0.0125244
-3.45851e-008	0.0243408
-3.45601e-008	0.0311524
-3.45351e-008	0.0239258
-3.45101e-008	0.0219238
-3.44851e-008	0.0176758
-3.44601e-008	0.0164307
-3.44351e-008	0.0336426
-3.44101e-008	0.0359131
-3.43851e-008	0.0144287
-3.43601e-008	0.00493165
-3.43351e-008	0.0128906
-3.43101e-008	0.0229492
-3.42851e-008	0.0191406
-3.42601e-008	0.0188721
-3.42351e-008	0.0306152
-3.42101e-008	0.0288818
-3.41851e-008	0.0241211
-3.41601e-008	0.0281006
-3.41351e-008	0.0251709
-3.41101e-008	0.0154053
-3.40851e-008	0.0150147
-3.40601e-008	0.0286133
-3.40351e-008	0.0343018
-3.40101e-008	0.0212402
-3.39851e-008	0.0105713
-3.39601e-008	0.0176758
-3.39351e-008	0.0314209
-3.39101e-008	0.0229248
-3.38851e-008	0.0119385
-3.38601e-008	0.0320801
-3.38351e-008	0.0398193
-3.38101e-008	0.0240967
-3.37851e-008	0.0202149
-3.37601e-008	0.0216553
-3.37351e-008	0.0121826
-3.37101e-008	0.0111084
-3.36851e-008	0.0326904
-3.36601e-008	0.0387695
-3.36351e-008	0.0293213
-3.36101e-008	0.0250977
-3.35851e-008	0.0177002
-3.35601e-008	0.0125488
-3.35351e-008	0.00690919
-3.35101e-008	0.016919
-3.34851e-008	0.0287109
-3.34601e-008	0.0209961
-3.34351e-008	0.0216065
-3.34101e-008	0.0178955
-3.33851e-008	0.0168213
-3.33601e-008	0.0293213
-3.33351e-008	0.0255615
-3.33101e-008	0.0208496
-3.32851e-008	0.0221436
-3.32601e-008	0.0206055
-3.32351e-008	0.0228272
-3.32101e-008	0.0175293
-3.31851e-008	0.017627
-3.31601e-008	0.0311035
-3.31351e-008	0.0258057
-3.31101e-008	0.0189941
-3.30851e-008	0.0289795
-3.30601e-008	0.0307129
-3.30351e-008	0.0343262
-3.30101e-008	0.0305908
-3.29851e-008	0.016626
-3.29601e-008	0.0259033
-3.29351e-008	0.0340576
-3.29101e-008	0.0265381
-3.28851e-008	0.0169434
-3.28601e-008	0.0171631
-3.28351e-008	0.0259033
-3.28101e-008	0.0144287
-3.27851e-008	0.0172852
-3.27601e-008	0.0311768
-3.27351e-008	0.0117432
-3.27101e-008	0.0152832
-3.26851e-008	0.0353516
-3.26601e-008	0.0191895
-3.26351e-008	0.0135986
-3.26101e-008	0.0263916
-3.25851e-008	0.0164795
-3.25601e-008	0.00778809
-3.25351e-008	0.0210938
-3.25101e-008	0.0277832
-3.24851e-008	0.0216309
-3.24601e-008	0.0251709
-3.24351e-008	0.0325684
-3.24101e-008	0.0284424
-3.23851e-008	0.0237061
-3.23601e-008	0.0196533
-3.23351e-008	0.0154541
-3.23101e-008	0.0160645
-3.22851e-008	0.0152588
-3.22601e-008	0.0250977
-3.22351e-008	0.0307373
-3.22101e-008	0.00891114
-3.21851e-008	0.0108643
-3.21601e-008	0.0353027
-3.21351e-008	0.0205566
-3.21101e-008	0.00466309
-3.20851e-008	0.017041
-3.20601e-008	0.0224121
-3.20351e-008	0.0192871
-3.20101e-008	0.0126709
-3.19851e-008	0.0156494
-3.19601e-008	0.0233154
-3.19351e-008	0.0217774
-3.19101e-008	0.0283447
-3.18851e-008	0.029834
-3.18601e-008	0.0224854
-3.18351e-008	0.0189941
-3.18101e-008	0.0148926
-3.17851e-008	0.0192139
-3.17601e-008	0.023584
-3.17351e-008	0.0187012
-3.17101e-008	0.016626
-3.16851e-008	0.0167725
-3.16601e-008	0.0214844
-3.16351e-008	0.0255615
-3.16101e-008	0.0130371
-3.15851e-008	0.00893555
-3.15601e-008	0.0210938
-3.15351e-008	0.0272705
-3.15101e-008	0.0290772
-3.14851e-008	0.0244385
-3.14601e-008	0.0249024
-3.14351e-008	0.0256836
-3.14101e-008	0.0167236
-3.13851e-008	0.0216065
-3.13601e-008	0.0217041
-3.13351e-008	0.00864259
-3.13101e-008	0.00290528
-3.12851e-008	0.00437012
-3.12601e-008	0.0199463
-3.12351e-008	0.0321289
-3.12101e-008	0.0166992
-3.11851e-008	0.00837403
-3.11601e-008	0.026294
-3.11351e-008	0.0244873
-3.11101e-008	0.0146973
-3.10851e-008	0.030835
-3.10601e-008	0.0378418
-3.10351e-008	0.0320557
-3.10101e-008	0.0285645
-3.09851e-008	0.0218506
-3.09601e-008	0.0162598
-3.09351e-008	0.0117188
-3.09101e-008	0.0184326
-3.08851e-008	0.022583
-3.08601e-008	0.0206055
-3.08351e-008	0.0280762
-3.08101e-008	0.0100342
-3.07851e-008	0.000488289
-3.07601e-008	0.0272217
-3.07351e-008	0.0267334
-3.07101e-008	0.0238037
-3.06851e-008	0.0314209
-3.06601e-008	0.0224365
-3.06351e-008	0.0189209
-3.06101e-008	0.00913087
-3.05851e-008	0.0084961
-3.05601e-008	0.0293701
-3.05351e-008	0.038501
-3.05101e-008	0.0317871
-3.04851e-008	0.0149902
-3.04601e-008	0.0101807
-3.04351e-008	0.0141846
-3.04101e-008	0.0113037
-3.03851e-008	0.0208008
-3.03601e-008	0.0278565
-3.03351e-008	0.021167
-3.03101e-008	0.0256592
-3.02851e-008	0.0265869
-3.02601e-008	0.0139893
-3.02351e-008	0.0157715
-3.02101e-008	0.0203125
-3.01851e-008	0.016626
-3.01601e-008	0.0170166
-3.01351e-008	0.0168945
-3.01101e-008	0.0246338
-3.00851e-008	0.0250733
-3.00601e-008	0.0211914
-3.00351e-008	0.0334229
-3.00101e-008	0.0216309
-2.99851e-008	0.0057129
-2.99601e-008	0.0170166
-2.99351e-008	0.0219971
-2.99101e-008	0.0215576
-2.98851e-008	0.0184082
-2.98601e-008	0.0231445
-2.98351e-008	0.0338135
-2.98101e-008	0.0224365
-2.97851e-008	0.0226074
-2.97601e-008	0.0374512
-2.97351e-008	0.029126
-2.97101e-008	0.0238281
-2.96851e-008	0.0267334
-2.96601e-008	0.0232666
-2.96351e-008	0.032666
-2.96101e-008	0.0313721
-2.95851e-008	0.0154297
-2.95601e-008	0.0151856
-2.95351e-008	0.0119141
-2.95101e-008	0.0133789
-2.94851e-008	0.0229981
-2.94601e-008	0.0172607
-2.94351e-008	0.0178955
-2.94101e-008	0.0262207
-2.93851e-008	0.0262695
-2.93601e-008	0.0236816
-2.93351e-008	0.0262451
-2.93101e-008	0.0276367
-2.92851e-008	0.0200195
-2.92601e-008	0.032544
-2.92351e-008	0.0408936
-2.92101e-008	0.0150635
-2.91851e-008	0.0237793
-2.91601e-008	0.0360596
-2.91351e-008	7.32496e-005
-2.91101e-008	-0.00205077
-2.90851e-008	0.0192627
-2.90601e-008	0.0195068
-2.90351e-008	0.0202393
-2.90101e-008	0.013208
-2.89851e-008	0.0176025
-2.89601e-008	0.0250244
-2.89351e-008	0.0144287
-2.89101e-008	0.0253418
-2.88851e-008	0.0342285
-2.88601e-008	0.0233643
-2.88351e-008	0.0267822
-2.88101e-008	0.0137207
-2.87851e-008	0.00437012
-2.87601e-008	0.0224609
-2.87351e-008	0.0192871
-2.87101e-008	0.0249512
-2.86851e-008	0.0328125
-2.86601e-008	0.023291
-2.86351e-008	0.0279053
-2.86101e-008	0.0235352
-2.85851e-008	0.0281006
-2.85601e-008	0.0308838
-2.85351e-008	0.0175537
-2.85101e-008	0.0318115
-2.84851e-008	0.0337158
-2.84601e-008	0.0239014
-2.84351e-008	0.0279785
-2.84101e-008	0.0142334
-2.83851e-008	0.015625
-2.83601e-008	0.032544
-2.83351e-008	0.0252441
-2.83101e-008	0.0194092
-2.82851e-008	0.0118164
-2.82601e-008	0.0173584
-2.82351e-008	0.0464111
-2.82101e-008	0.0328858
-2.81851e-008	0.0136963
-2.81601e-008	0.0266602
-2.81351e-008	0.0218506
-2.81101e-008	0.0156494
-2.80851e-008	0.0210449
-2.80601e-008	0.0243897
-2.80351e-008	0.0257568
-2.80101e-008	0.0209717
-2.79851e-008	0.0204834
-2.79601e-008	0.0269531
-2.79351e-008	0.0213379
-2.79101e-008	0.00566407
-2.78851e-008	0.0152344
-2.78601e-008	0.0406006
-2.78351e-008	0.037085
-2.78101e-008	0.0184815
-2.77851e-008	0.01521
-2.77601e-008	0.0189697
-2.77351e-008	0.0210449
-2.77101e-008	0.0275147
-2.76851e-008	0.0275391
-2.76601e-008	0.0187988
-2.76351e-008	0.0253906
-2.76101e-008	0.033667
-2.75851e-008	0.027002
-2.75601e-008	0.0223389
-2.75351e-008	0.020752
-2.75101e-008	0.0198486
-2.74851e-008	0.0210693
-2.74601e-008	0.0243408
-2.74351e-008	0.0261475
-2.74101e-008	0.0248047
-2.73851e-008	0.0277344
-2.73601e-008	0.0231445
-2.73351e-008	0.0150147
-2.73101e-008	0.0234619
-2.72851e-008	0.0270996
-2.72601e-008	0.023169
-2.72351e-008	0.0333008
-2.72101e-008	0.0349854
-2.71851e-008	0.0220459
-2.71601e-008	0.0170166
-2.71351e-008	0.0165283
-2.71101e-008	0.0157471
-2.70851e-008	0.014502
-2.70601e-008	0.0223389
-2.70351e-008	0.0371094
-2.70101e-008	0.0252197
-2.69851e-008	0.00700684
-2.69601e-008	0.0245606
-2.69351e-008	0.0439941
-2.69101e-008	0.0348877
-2.68851e-008	0.0210693
-2.68601e-008	0.0234131
-2.68351e-008	0.0311524
-2.68101e-008	0.0150635
-2.67851e-008	0.00153809
-2.67601e-008	0.0174805
-2.67351e-008	0.0212158
-2.67101e-008	0.0224121
-2.66851e-008	0.0304199
-2.66601e-008	0.0224121
-2.66351e-008	0.020044
-2.66101e-008	0.0179199
-2.65851e-008	0.0171143
-2.65601e-008	0.0243408
-2.65351e-008	0.02229
-2.65101e-008	0.0179688
-2.64851e-008	0.0165527
-2.64601e-008	0.021875
-2.64351e-008	0.018335
-2.64101e-008	0.0053711
-2.63851e-008	0.00932618
-2.63601e-008	0.0167481
-2.63351e-008	0.0198486
-2.63101e-008	0.0258057
-2.62851e-008	0.0399658
-2.62601e-008	0.0424316
-2.62351e-008	0.0205322
-2.62101e-008	0.0173096
-2.61851e-008	0.0233643
-2.61601e-008	0.0114746
-2.61351e-008	0.00939942
-2.61101e-008	0.0231201
-2.60851e-008	0.0266358
-2.60601e-008	0.0211426
-2.60351e-008	0.0260498
-2.60101e-008	0.0227539
-2.59851e-008	0.0194824
-2.59601e-008	0.0291748
-2.59351e-008	0.0278565
-2.59101e-008	0.025415
-2.58851e-008	0.0235596
-2.58601e-008	0.0198975
-2.58351e-008	0.0182373
-2.58101e-008	0.0186279
-2.57851e-008	0.0323242
-2.57601e-008	0.0390869
-2.57351e-008	0.0217041
-2.57101e-008	0.00895997
-2.56851e-008	0.0185303
-2.56601e-008	0.0222656
-2.56351e-008	0.0108399
-2.56101e-008	-0.00419921
-2.55851e-008	-0.000976555
-2.55601e-008	0.0287598
-2.55351e-008	0.030542
-2.55101e-008	0.021582
-2.54851e-008	0.0300537
-2.54601e-008	0.019751
-2.54351e-008	0.0160889
-2.54101e-008	0.0211426
-2.53851e-008	0.0187744
-2.53601e-008	0.0210938
-2.53351e-008	0.0253418
-2.53101e-008	0.0280518
-2.52851e-008	0.0188721
-2.52601e-008	0.0227051
-2.52351e-008	0.0323975
-2.52101e-008	0.0186768
-2.51851e-008	0.0144043
-2.51601e-008	0.0209229
-2.51351e-008	0.0253662
-2.51101e-008	0.0241943
-2.50851e-008	0.0174316
-2.50601e-008	0.0236084
-2.50351e-008	0.0123291
-2.50101e-008	-0.00288085
-2.49851e-008	0.0259766
-2.49601e-008	0.0393555
-2.49351e-008	0.0226563
-2.49101e-008	0.0202881
-2.48851e-008	0.014624
-2.48601e-008	0.0105225
-2.48351e-008	0.0153076
-2.48101e-008	0.0171875
-2.47851e-008	0.0224365
-2.47601e-008	0.0264649
-2.47351e-008	0.0216553
-2.47101e-008	0.013501
-2.46851e-008	0.013208
-2.46601e-008	0.0145752
-2.46351e-008	0.0168457
-2.46101e-008	0.0209229
-2.45851e-008	0.0187744
-2.45601e-008	0.0187256
-2.45351e-008	0.0164795
-2.45101e-008	0.00935059
-2.44851e-008	0.00825196
-2.44601e-008	0.020752
-2.44351e-008	0.0303711
-2.44101e-008	0.023584
-2.43851e-008	0.0270264
-2.43601e-008	0.0238281
-2.43351e-008	0.00737305
-2.43101e-008	0.0158936
-2.42851e-008	0.0215088
-2.42601e-008	0.0158936
-2.42351e-008	0.0232178
-2.42101e-008	0.0209717
-2.41851e-008	0.0122559
-2.41601e-008	0.0136963
-2.41351e-008	0.0139649
-2.41101e-008	0.0187988
-2.40851e-008	0.0237793
-2.40601e-008	0.0157227
-2.40351e-008	0.020044
-2.40101e-008	0.0206543
-2.39851e-008	0.00942384
-2.39601e-008	0.0248047
-2.39351e-008	0.0290772
-2.39101e-008	0.0228516
-2.38851e-008	0.0310059
-2.38601e-008	0.0235107
-2.38351e-008	0.0208252
-2.38101e-008	0.0211182
-2.37851e-008	0.0158691
-2.37601e-008	0.0174316
-2.37351e-008	0.0181885
-2.37101e-008	0.0299072
-2.36851e-008	0.034082
-2.36601e-008	0.0232178
-2.36351e-008	0.0222168
-2.36101e-008	0.017041
-2.35851e-008	0.0128906
-2.35601e-008	0.0262451
-2.35351e-008	0.0266358
-2.35101e-008	0.0143555
-2.34851e-008	0.0197754
-2.34601e-008	0.0275391
-2.34351e-008	0.0240479
-2.34101e-008	0.0199219
-2.33851e-008	0.0178711
-2.33601e-008	0.0198731
-2.33351e-008	0.0261963
-2.33101e-008	0.024585
-2.32851e-008	0.0203613
-2.32601e-008	0.0273926
-2.32351e-008	0.0223145
-2.32101e-008	0.00678712
-2.31851e-008	0.00871583
-2.31601e-008	0.0194092
-2.31351e-008	0.0281738
-2.31101e-008	0.0265381
-2.30851e-008	0.0101318
-2.30601e-008	0.00786134
-2.30351e-008	0.0259277
-2.30101e-008	0.0284912
-2.29851e-008	0.0198486
-2.29601e-008	0.0185303
-2.29351e-008	0.0168457
-2.29101e-008	0.0179199
-2.28851e-008	0.0150147
-2.28601e-008	0.0157959
-2.28351e-008	0.0280274
-2.28101e-008	0.0214356
-2.27851e-008	0.0128174
-2.27601e-008	0.0237061
-2.27351e-008	0.0143311
-2.27101e-008	0.00439454
-2.26851e-008	0.0181885
-2.26601e-008	0.0201172
-2.26351e-008	0.0213867
-2.26101e-008	0.0175537
-2.25851e-008	0.00771485
-2.25601e-008	0.0168213
-2.25351e-008	0.0239502
-2.25101e-008	0.0293457
-2.24851e-008	0.0236084
-2.24601e-008	0.014917
-2.24351e-008	0.0243652
-2.24101e-008	0.0170654
-2.23851e-008	0.00642091
-2.23601e-008	0.00861817
-2.23351e-008	0.0145264
-2.23101e-008	0.0231934
-2.22851e-008	0.0197754
-2.22601e-008	0.0257568
-2.22351e-008	0.0320801
-2.22101e-008	0.0191162
-2.21851e-008	0.0174316
-2.21601e-008	0.0195557
-2.21351e-008	0.020044
-2.21101e-008	0.0268311
-2.20851e-008	0.0272217
-2.20601e-008	0.0314941
-2.20351e-008	0.0280762
-2.20101e-008	0.00800782
-2.19851e-008	0.00229493
-2.19601e-008	0.0149902
-2.19351e-008	0.0287354
-2.19101e-008	0.0187988
-2.18851e-008	0.00385743
-2.18601e-008	0.0231201
-2.18351e-008	0.0325195
-2.18101e-008	0.0175537
-2.17851e-008	0.0200195
-2.17601e-008	0.02771
-2.17351e-008	0.0269775
-2.17101e-008	0.0244629
-2.16851e-008	0.0212158
-2.16601e-008	0.0243164
-2.16351e-008	0.0302246
-2.16101e-008	0.026416
-2.15851e-008	0.0236328
-2.15601e-008	0.0275391
-2.15351e-008	0.0182617
-2.15101e-008	0.0119141
-2.14851e-008	0.0284668
-2.14601e-008	0.0370606
-2.14351e-008	0.0282227
-2.14101e-008	0.0236572
-2.13851e-008	0.0197754
-2.13601e-008	0.0148682
-2.13351e-008	0.0183594
-2.13101e-008	0.0153076
-2.12851e-008	0.00559083
-2.12601e-008	0.0137451
-2.12351e-008	0.0256836
-2.12101e-008	0.0131836
-2.11851e-008	0.00139161
-2.11601e-008	0.014209
-2.11351e-008	0.0244629
-2.11101e-008	0.0281738
-2.10851e-008	0.0272217
-2.10601e-008	0.0188721
-2.10351e-008	0.0210693
-2.10101e-008	0.0136963
-2.09851e-008	0.0142334
-2.09601e-008	0.0307373
-2.09351e-008	0.0187988
-2.09101e-008	0.0192871
-2.08851e-008	0.0383545
-2.08601e-008	0.0381348
-2.08351e-008	0.0271484
-2.08101e-008	0.011084
-2.07851e-008	0.0148438
-2.07601e-008	0.0230469
-2.07351e-008	0.0201416
-2.07101e-008	0.0268066
-2.06851e-008	0.0226807
-2.06601e-008	0.0189453
-2.06351e-008	0.0239746
-2.06101e-008	0.0172852
-2.05851e-008	0.0193848
-2.05601e-008	0.0205566
-2.05351e-008	0.0112305
-2.05101e-008	0.0186524
-2.04851e-008	0.0231445
-2.04601e-008	0.0231934
-2.04351e-008	0.0371338
-2.04101e-008	0.0331299
-2.03851e-008	0.0183594
-2.03601e-008	0.0164795
-2.03351e-008	0.01604
-2.03101e-008	0.0234619
-2.02851e-008	0.0275147
-2.02601e-008	0.023877
-2.02351e-008	0.0323731
-2.02101e-008	0.0337647
-2.01851e-008	0.0269775
-2.01601e-008	0.0207031
-2.01351e-008	0.011792
-2.01101e-008	0.0137695
-2.00851e-008	0.0123291
-2.00601e-008	0.0223389
-2.00351e-008	0.0331787
-2.00101e-008	0.00524903
-1.99851e-008	0.00332032
-1.99601e-008	0.0254639
-1.99351e-008	0.0231934
-1.99101e-008	0.0243408
-1.98851e-008	0.0204102
-1.98601e-008	0.0188232
-1.98351e-008	0.0255127
-1.98101e-008	0.0155274
-1.97851e-008	0.0108154
-1.97601e-008	0.0230225
-1.97351e-008	0.0329102
-1.97101e-008	0.0292969
-1.96851e-008	0.0217774
-1.96601e-008	0.0246094
-1.96351e-008	0.0301025
-1.96101e-008	0.0285156
-1.95851e-008	0.027002
-1.95601e-008	0.0259277
-1.95351e-008	0.0235596
-1.95101e-008	0.0286865
-1.94851e-008	0.0281494
-1.94601e-008	0.0253906
-1.94351e-008	0.0235352
-1.94101e-008	0.0081543
-1.93851e-008	0.0109863
-1.93601e-008	0.0233887
-1.93351e-008	0.020874
-1.93101e-008	0.0220459
-1.92851e-008	0.0176758
-1.92601e-008	0.0227051
-1.92351e-008	0.0314697
-1.92101e-008	0.0170166
-1.91851e-008	0.0157227
-1.91601e-008	0.026709
-1.91351e-008	0.0268799
-1.91101e-008	0.0243652
-1.90851e-008	0.0191406
-1.90601e-008	0.0138428
-1.90351e-008	0.00427247
-1.90101e-008	0.00175782
-1.89851e-008	0.0173828
-1.89601e-008	0.0239502
-1.89351e-008	0.0220703
-1.89101e-008	0.0239258
-1.88851e-008	0.0223145
-1.88601e-008	0.026709
-1.88351e-008	0.030957
-1.88101e-008	0.0233887
-1.87851e-008	0.0198486
-1.87601e-008	0.0216065
-1.87351e-008	0.0217529
-1.87101e-008	0.0207275
-1.86851e-008	0.0207764
-1.86601e-008	0.029419
-1.86351e-008	0.0298584
-1.86101e-008	0.0210449
-1.85851e-008	0.0254639
-1.85601e-008	0.0267822
-1.85351e-008	0.0241455
-1.85101e-008	0.0313721
-1.84851e-008	0.0271484
-1.84601e-008	0.0198486
-1.84351e-008	0.0256592
-1.84101e-008	0.0154541
-1.83851e-008	0.00966798
-1.83601e-008	0.0333252
-1.83351e-008	0.0366455
-1.83101e-008	0.0213135
-1.82851e-008	0.0170899
-1.82601e-008	0.0183106
-1.82351e-008	0.0261719
-1.82101e-008	0.0258545
-1.81851e-008	0.0174316
-1.81601e-008	0.0196289
-1.81351e-008	0.0235107
-1.81101e-008	0.011792
-1.80851e-008	0.000805672
-1.80601e-008	0.0145996
-1.80351e-008	0.0244629
-1.80101e-008	0.0163818
-1.79851e-008	0.0192139
-1.79601e-008	0.0286133
-1.79351e-008	0.0256348
-1.79101e-008	0.0146973
-1.78851e-008	0.0154297
-1.78601e-008	0.0311035
-1.78351e-008	0.0312256
-1.78101e-008	0.0165527
-1.77851e-008	0.0179199
-1.77601e-008	0.0215576
-1.77351e-008	0.0212402
-1.77101e-008	0.0245117
-1.76851e-008	0.0145752
-1.76601e-008	0.0155029
-1.76351e-008	0.0307373
-1.76101e-008	0.0324463
-1.75851e-008	0.0313965
-1.75601e-008	0.0237305
-1.75351e-008	0.0261719
-1.75101e-008	0.0317383
-1.74851e-008	0.0134766
-1.74601e-008	0.0172852
-1.74351e-008	0.025415
-1.74101e-008	0.0117676
-1.73851e-008	0.017334
-1.73601e-008	0.0271973
-1.73351e-008	0.0234619
-1.73101e-008	0.0177979
-1.72851e-008	0.0163574
-1.72601e-008	0.0224609
-1.72351e-008	0.0219727
-1.72101e-008	0.0158936
-1.71851e-008	0.0319336
-1.71601e-008	0.0413086
-1.71351e-008	0.0224854
-1.71101e-008	0.0269043
-1.70851e-008	0.0312256
-1.70601e-008	0.0190918
-1.70351e-008	0.0223633
-1.70101e-008	0.0139893
-1.69851e-008	0.0151367
-1.69601e-008	0.0240479
-1.69351e-008	0.0146729
-1.69101e-008	0.0229981
-1.68851e-008	0.0286865
-1.68601e-008	0.0251221
-1.68351e-008	0.0299805
-1.68101e-008	0.0188721
-1.67851e-008	0.0126221
-1.67601e-008	0.0217774
-1.67351e-008	0.0194824
-1.67101e-008	0.0155029
-1.66851e-008	0.0170899
-1.66601e-008	0.020752
-1.66351e-008	0.0234863
-1.66101e-008	0.019043
-1.65851e-008	0.0219238
-1.65601e-008	0.0203369
-1.65351e-008	0.0107178
-1.65101e-008	0.0230469
-1.64851e-008	0.0310547
-1.64601e-008	0.0237549
-1.64351e-008	0.0163818
-1.64101e-008	0.00461427
-1.63851e-008	0.0138672
-1.63601e-008	0.0268799
-1.63351e-008	0.019043
-1.63101e-008	0.0156006
-1.62851e-008	0.0241455
-1.62601e-008	0.0369385
-1.62351e-008	0.0283203
-1.62101e-008	0.0192627
-1.61851e-008	0.0324707
-1.61601e-008	0.0242676
-1.61351e-008	0.0166992
-1.61101e-008	0.0317383
-1.60851e-008	0.0312988
-1.60601e-008	0.0214111
-1.60351e-008	0.0201416
-1.60101e-008	0.0184326
-1.59851e-008	0.0209229
-1.59601e-008	0.0274902
-1.59351e-008	0.0190186
-1.59101e-008	0.0195557
-1.58851e-008	0.032251
-1.58601e-008	0.0282715
-1.58351e-008	0.022168
-1.58101e-008	0.0154297
-1.57851e-008	0.0183838
-1.57601e-008	0.0237549
-1.57351e-008	0.0196045
-1.57101e-008	0.0294678
-1.56851e-008	0.0250244
-1.56601e-008	0.0198486
-1.56351e-008	0.0336914
-1.56101e-008	0.0318604
-1.55851e-008	0.0225586
-1.55601e-008	0.012207
-1.55351e-008	0.0121582
-1.55101e-008	0.0224121
-1.54851e-008	0.0178223
-1.54601e-008	0.0119141
-1.54351e-008	0.01875
-1.54101e-008	0.0235352
-1.53851e-008	0.0182861
-1.53601e-008	0.017334
-1.53351e-008	0.023584
-1.53101e-008	0.0229736
-1.52851e-008	0.0133789
-1.52601e-008	0.0221436
-1.52351e-008	0.0383301
-1.52101e-008	0.0266358
-1.51851e-008	0.0246094
-1.51601e-008	0.0332031
-1.51351e-008	0.0335205
-1.51101e-008	0.0346436
-1.50851e-008	0.0157715
-1.50601e-008	0.00942384
-1.50351e-008	0.0236328
-1.50101e-008	0.0290772
-1.49851e-008	0.036084
-1.49601e-008	0.0230713
-1.49351e-008	-0.000927727
-1.49101e-008	0.00671387
-1.48851e-008	0.0233887
-1.48601e-008	0.0172852
-1.48351e-008	0.0103027
-1.48101e-008	0.0128174
-1.47851e-008	0.0195313
-1.47601e-008	0.0323486
-1.47351e-008	0.0319336
-1.47101e-008	0.0311279
-1.46851e-008	0.0306152
-1.46601e-008	0.0173096
-1.46351e-008	0.0203613
-1.46101e-008	0.0190674
-1.45851e-008	0.0111572
-1.45601e-008	0.0196289
-1.45351e-008	0.020459
-1.45101e-008	0.0268799
-1.44851e-008	0.0338379
-1.44601e-008	0.0265381
-1.44351e-008	0.0320068
-1.44101e-008	0.0238281
-1.43851e-008	0.00437012
-1.43601e-008	0.0165039
-1.43351e-008	0.0295654
-1.43101e-008	0.0224609
-1.42851e-008	0.0125488
-1.42601e-008	0.0157959
-1.42351e-008	0.0339356
-1.42101e-008	0.0394287
-1.41851e-008	0.0291992
-1.41601e-008	0.0211914
-1.41351e-008	0.0226318
-1.41101e-008	0.0256592
-1.40851e-008	0.024292
-1.40601e-008	0.0336182
-1.40351e-008	0.0376709
-1.40101e-008	0.0225586
-1.39851e-008	0.0153809
-1.39601e-008	0.016333
-1.39351e-008	0.0147705
-1.39101e-008	0.0192383
-1.38851e-008	0.02229
-1.38601e-008	0.0203857
-1.38351e-008	0.0212647
-1.38101e-008	0.0192383
-1.37851e-008	0.0172852
-1.37601e-008	0.0210205
-1.37351e-008	0.025415
-1.37101e-008	0.029419
-1.36851e-008	0.0349121
-1.36601e-008	0.0422363
-1.36351e-008	0.0318115
-1.36101e-008	0.0107178
-1.35851e-008	0.012085
-1.35601e-008	0.0176514
-1.35351e-008	0.0150879
-1.35101e-008	0.015332
-1.34851e-008	0.0175293
-1.34601e-008	0.0315186
-1.34351e-008	0.0392822
-1.34101e-008	0.0308106
-1.33851e-008	0.0257324
-1.33601e-008	0.0162598
-1.33351e-008	0.0155518
-1.33101e-008	0.0374024
-1.32851e-008	0.0397461
-1.32601e-008	0.024707
-1.32351e-008	0.0236328
-1.32101e-008	0.0190918
-1.31851e-008	0.0189941
-1.31601e-008	0.0285889
-1.31351e-008	0.0264404
-1.31101e-008	0.0203125
-1.30851e-008	0.0174805
-1.30601e-008	0.0264649
-1.30351e-008	0.0367432
-1.30101e-008	0.0304199
-1.29851e-008	0.0289307
-1.29601e-008	0.0313477
-1.29351e-008	0.0219971
-1.29101e-008	0.0180664
-1.28851e-008	0.0234863
-1.28601e-008	0.0276123
-1.28351e-008	0.0337647
-1.28101e-008	0.0287354
-1.27851e-008	0.0185303
-1.27601e-008	0.0234619
-1.27351e-008	0.0224365
-1.27101e-008	0.0221191
-1.26851e-008	0.0273193
-1.26601e-008	0.0240967
-1.26351e-008	0.025708
-1.26101e-008	0.0208008
-1.25851e-008	0.0104248
-1.25601e-008	0.017041
-1.25351e-008	0.029419
-1.25101e-008	0.0313233
-1.24851e-008	0.0291016
-1.24601e-008	0.036499
-1.24351e-008	0.0301758
-1.24101e-008	0.00527345
-1.23851e-008	0.0168945
-1.23601e-008	0.0430176
-1.23351e-008	0.0291748
-1.23101e-008	0.0208252
-1.22851e-008	0.029541
-1.22601e-008	0.0308838
-1.22351e-008	0.0360352
-1.22101e-008	0.0299561
-1.21851e-008	0.0176025
-1.21601e-008	0.0175049
-1.21351e-008	0.0229004
-1.21101e-008	0.023291
-1.20851e-008	0.0193359
-1.20601e-008	0.021875
-1.20351e-008	0.0145264
-1.20101e-008	0.00158692
-1.19851e-008	0.0115723
-1.19601e-008	0.0223145
-1.19351e-008	0.0172119
-1.19101e-008	0.027002
-1.18851e-008	0.035083
-1.18601e-008	0.0260254
-1.18351e-008	0.0309326
-1.18101e-008	0.0239258
-1.17851e-008	0.0172119
-1.17601e-008	0.0282471
-1.17351e-008	0.0202881
-1.17101e-008	0.0249024
-1.16851e-008	0.037207
-1.16601e-008	0.0310059
-1.16351e-008	0.0233887
-1.16101e-008	0.0128418
-1.15851e-008	0.0189941
-1.15601e-008	0.0273438
-1.15351e-008	0.0203857
-1.15101e-008	0.0261963
-1.14851e-008	0.0309326
-1.14601e-008	0.0337891
-1.14351e-008	0.0321777
-1.14101e-008	0.0106445
-1.13851e-008	0.0125488
-1.13601e-008	0.0233643
-1.13351e-008	0.0151856
-1.13101e-008	0.0242188
-1.12851e-008	0.0219482
-1.12601e-008	0.0178223
-1.12351e-008	0.0473145
-1.12101e-008	0.042334
-1.11851e-008	0.0191895
-1.11601e-008	0.0258789
-1.11351e-008	0.0255859
-1.11101e-008	0.0231445
-1.10851e-008	0.0228027
-1.10601e-008	0.0218506
-1.10351e-008	0.0257324
-1.10101e-008	0.0203369
-1.09851e-008	0.0219238
-1.09601e-008	0.0263428
-1.09351e-008	0.0171875
-1.09101e-008	0.0215332
-1.08851e-008	0.0268066
-1.08601e-008	0.0236084
-1.08351e-008	0.0374512
-1.08101e-008	0.0307129
-1.07851e-008	0.0136475
-1.07601e-008	0.0190918
-1.07351e-008	0.0120361
-1.07101e-008	0.0121338
-1.06851e-008	0.0229736
-1.06601e-008	0.0247803
-1.06351e-008	0.0240723
-1.06101e-008	0.0147949
-1.05851e-008	0.0193848
-1.05601e-008	0.0255127
-1.05351e-008	0.0138916
-1.05101e-008	0.0143311
-1.04851e-008	0.0247315
-1.04601e-008	0.0311524
-1.04351e-008	0.0317871
-1.04101e-008	0.0238525
-1.03851e-008	0.0284912
-1.03601e-008	0.0358399
-1.03351e-008	0.0198975
-1.03101e-008	0.0140381
-1.02851e-008	0.0215088
-1.02601e-008	0.0198975
-1.02351e-008	0.0178223
-1.02101e-008	0.0146729
-1.01851e-008	0.0177002
-1.01601e-008	0.0210938
-1.01351e-008	0.0206787
-1.01101e-008	0.0305908
-1.00851e-008	0.0327393
-1.00601e-008	0.0259033
-1.00351e-008	0.030127
-1.00101e-008	0.0273438
-9.985103e-009	0.0220703
-9.960103e-009	0.0312012
-9.935103e-009	0.024292
-9.910103e-009	0.0158691
-9.885103e-009	0.0296875
-9.860103e-009	0.029419
-9.835103e-009	0.0129395
-9.810103e-009	0.00893555
-9.785103e-009	0.0184082
-9.760103e-009	0.0173828
-9.735103e-009	0.0139893
-9.710103e-009	0.0284424
-9.685103e-009	0.032959
-9.660103e-009	0.0315918
-9.635103e-009	0.0288086
-9.610103e-009	0.00695802
-9.585103e-009	0.00791016
-9.560103e-009	0.02854
-9.535103e-009	0.0220703
-9.510103e-009	0.00998536
-9.485103e-009	0.0139404
-9.460103e-009	0.0290283
-9.435103e-009	0.032544
-9.410103e-009	0.0156738
-9.385103e-009	0.0135742
-9.360103e-009	0.0137207
-9.335103e-009	0.0127686
-9.310103e-009	0.0281494
-9.285103e-009	0.0247559
-9.260103e-009	0.0219727
-9.235103e-009	0.0338867
-9.210103e-009	0.0254639
-9.185103e-009	0.0174316
-9.160103e-009	0.0218018
-9.135103e-009	0.0212891
-9.110103e-009	0.0244873
-9.085103e-009	0.0285645
-9.060103e-009	0.0198242
-9.035103e-009	0.0109131
-9.010103e-009	0.00927735
-8.985103e-009	0.0163086
-8.960103e-009	0.031665
-8.935103e-009	0.031543
-8.910103e-009	0.0228516
-8.885103e-009	0.0188477
-8.860103e-009	0.0145508
-8.835103e-009	0.0103516
-8.810103e-009	-0.00273437
-8.785103e-009	0.00568848
-8.760103e-009	0.032251
-8.735103e-009	0.0339356
-8.710103e-009	0.029419
-8.685103e-009	0.0250733
-8.660103e-009	0.0212647
-8.635103e-009	0.0238281
-8.610103e-009	0.019751
-8.585103e-009	0.0259033
-8.560103e-009	0.0319824
-8.535103e-009	0.0259033
-8.510103e-009	0.0251465
-8.485103e-009	0.0199463
-8.460103e-009	0.0198486
-8.435103e-009	0.0170166
-8.410103e-009	0.00810548
-8.385103e-009	0.0229981
-8.360103e-009	0.024585
-8.335103e-009	0.017041
-8.310103e-009	0.0327637
-8.285103e-009	0.026294
-8.260103e-009	0.0101807
-8.235103e-009	0.0230713
-8.210103e-009	0.0320313
-8.185103e-009	0.029126
-8.160103e-009	0.0313721
-8.135103e-009	0.0283203
-8.110103e-009	0.0243652
-8.085103e-009	0.0176514
-8.060103e-009	0.0170899
-8.035103e-009	0.03479
-8.010103e-009	0.0283203
-7.985103e-009	0.0137207
-7.960103e-009	0.0236328
-7.935103e-009	0.0288818
-7.910103e-009	0.0314209
-7.885103e-009	0.0293213
-7.860103e-009	0.0179443
-7.835103e-009	0.0151123
-7.810103e-009	0.00908204
-7.785103e-009	0.00891114
-7.760103e-009	0.0243652
-7.735103e-009	0.0289551
-7.710103e-009	0.0243652
-7.685103e-009	0.0199463
-7.660103e-009	0.024292
-7.635103e-009	0.02771
-7.610103e-009	0.0151123
-7.585103e-009	0.0163818
-7.560103e-009	0.0231445
-7.535103e-009	0.0202149
-7.510103e-009	0.0193115
-7.485103e-009	0.0164307
-7.460103e-009	0.0178711
-7.435103e-009	0.0185059
-7.410103e-009	0.0144287
-7.385103e-009	0.0142334
-7.360103e-009	0.0165283
-7.335103e-009	0.0144287
-7.310103e-009	0.018042
-7.285103e-009	0.0281738
-7.260103e-009	0.0324463
-7.235103e-009	0.0344727
-7.210103e-009	0.0205811
-7.185103e-009	0.0156494
-7.160103e-009	0.0264404
-7.135103e-009	0.0145996
-7.110103e-009	0.0102051
-7.085103e-009	0.0168457
-7.060103e-009	0.0185059
-7.035103e-009	0.027417
-7.010103e-009	0.026001
-6.985103e-009	0.0173828
-6.960103e-009	0.0240479
-6.935103e-009	0.0310059
-6.910103e-009	0.0206787
-6.885103e-009	0.0141113
-6.860103e-009	0.0240234
-6.835103e-009	0.0351563
-6.810103e-009	0.0291504
-6.785103e-009	0.020459
-6.760103e-009	0.023584
-6.735103e-009	0.011084
-6.710103e-009	0.00490723
-6.685103e-009	0.0133301
-6.660103e-009	0.00937501
-6.635103e-009	0.0252686
-6.610103e-009	0.0372315
-6.585103e-009	0.0228272
-6.560103e-009	0.0224854
-6.535103e-009	0.0212891
-6.510103e-009	0.0154053
-6.485103e-009	0.0219727
-6.460103e-009	0.0313721
-6.435103e-009	0.0311279
-6.410103e-009	0.0127197
-6.385103e-009	0.00673829
-6.360103e-009	0.0249268
-6.335103e-009	0.0272705
-6.310103e-009	0.0155029
-6.285103e-009	0.010669
-6.260103e-009	0.0147217
-6.235103e-009	0.0288818
-6.210103e-009	0.0233887
-6.185103e-009	0.0181885
-6.160103e-009	0.0334717
-6.135103e-009	0.020752
-6.110103e-009	0.0202881
-6.085103e-009	0.0360352
-6.060103e-009	0.0241699
-6.035103e-009	0.031665
-6.010103e-009	0.0349609
-5.985103e-009	0.0229492
-5.960103e-009	0.0315186
-5.935103e-009	0.021167
-5.910103e-009	0.00551759
-5.885103e-009	0.0239014
-5.860103e-009	0.0438721
-5.835103e-009	0.0411865
-5.810103e-009	0.0349854
-5.785103e-009	0.0366699
-5.760103e-009	0.0287598
-5.735103e-009	0.012207
-5.710103e-009	0.00920411
-5.685103e-009	0.0168945
-5.660103e-009	0.0220703
-5.635103e-009	0.0288818
-5.610103e-009	0.0288818
-5.585103e-009	0.0172119
-5.560103e-009	0.0140137
-5.535103e-009	0.018335
-5.510103e-009	0.0206543
-5.485103e-009	0.02146
-5.460103e-009	0.0289307
-5.435103e-009	0.0338379
-5.410103e-009	0.0177002
-5.385103e-009	0.00983887
-5.360103e-009	0.0172852
-5.335103e-009	0.0244141
-5.310103e-009	0.0261231
-5.285103e-009	0.0164307
-5.260103e-009	0.0234619
-5.235103e-009	0.0267334
-5.210103e-009	0.0090088
-5.185103e-009	0.011499
-5.160103e-009	0.018335
-5.135103e-009	0.0214844
-5.110103e-009	0.0213623
-5.085103e-009	0.00737305
-5.060103e-009	0.0212158
-5.035103e-009	0.0384033
-5.010103e-009	0.0145996
-4.985103e-009	0.0102783
-4.960103e-009	0.0308594
-4.935103e-009	0.0288086
-4.910103e-009	0.0289307
-4.885103e-009	0.0309082
-4.860103e-009	0.0245117
-4.835103e-009	0.0259033
-4.810103e-009	0.019458
-4.785103e-009	0.0174805
-4.760103e-009	0.0236328
-4.735103e-009	0.0205078
-4.710103e-009	0.0129883
-4.685103e-009	0.0133789
-4.660103e-009	0.0295654
-4.635103e-009	0.0280029
-4.610103e-009	0.0179199
-4.585103e-009	0.0233399
-4.560103e-009	0.0206055
-4.535103e-009	0.0173828
-4.510103e-009	0.0219238
-4.485103e-009	0.0221924
-4.460103e-009	0.0164063
-4.435103e-009	0.0260498
-4.410103e-009	0.0343018
-4.385103e-009	0.0195557
-4.360103e-009	0.0155274
-4.335103e-009	0.0178467
-4.310103e-009	0.0248047
-4.285103e-009	0.0185791
-4.260103e-009	0.00312501
-4.235103e-009	0.0266602
-4.210103e-009	0.0272949
-4.185103e-009	0.00991212
-4.160103e-009	0.027124
-4.135103e-009	0.0298096
-4.110103e-009	0.0254639
-4.085103e-009	0.0222412
-4.060103e-009	0.0157959
-4.035103e-009	0.0216065
-4.010103e-009	0.0170166
-3.985103e-009	0.0187744
-3.960103e-009	0.0216309
-3.935103e-009	0.0101318
-3.910103e-009	0.0187988
-3.885103e-009	0.0255615
-3.860103e-009	0.0218018
-3.835103e-009	0.0246338
-3.810103e-009	0.0172119
-3.785103e-009	0.0172363
-3.760103e-009	0.0277832
-3.735103e-009	0.0291016
-3.710103e-009	0.0226563
-3.685103e-009	0.0188721
-3.660103e-009	0.0337402
-3.635103e-009	0.0371582
-3.610103e-009	0.0168945
-3.585103e-009	0.0161865
-3.560103e-009	0.0254639
-3.535103e-009	0.026001
-3.510103e-009	0.0234131
-3.485103e-009	0.0160889
-3.460103e-009	0.0223389
-3.435103e-009	0.0290527
-3.410103e-009	0.0189941
-3.385103e-009	0.0169678
-3.360103e-009	0.0168213
-3.335103e-009	0.0155274
-3.310103e-009	0.0227539
-3.285103e-009	0.0154541
-3.260103e-009	0.0131348
-3.235103e-009	0.0275391
-3.210103e-009	0.0201416
-3.185103e-009	0.0115234
-3.160103e-009	0.0186768
-3.135103e-009	0.025293
-3.110103e-009	0.0244385
-3.085103e-009	0.0200684
-3.060103e-009	0.0385498
-3.035103e-009	0.040918
-3.010103e-009	0.012207
-2.985103e-009	0.0097168
-2.960103e-009	0.0209717
-2.935103e-009	0.0185059
-2.910103e-009	0.0131592
-2.885103e-009	0.0145508
-2.860103e-009	0.0192383
-2.835103e-009	0.0294678
-2.810103e-009	0.0315674
-2.785103e-009	0.0120361
-2.760103e-009	0.0124268
-2.735103e-009	0.0249756
-2.710103e-009	0.0190674
-2.685103e-009	0.0172607
-2.660103e-009	0.0212402
-2.635103e-009	0.0250244
-2.610103e-009	0.0258301
-2.585103e-009	0.0196533
-2.560103e-009	0.0202637
-2.535103e-009	0.0305664
-2.510103e-009	0.0293213
-2.485103e-009	0.0179688
-2.460103e-009	0.0240234
-2.435103e-009	0.0246826
-2.410103e-009	0.0155274
-2.385103e-009	0.0217041
-2.360103e-009	0.0183594
-2.335103e-009	0.0213623
-2.310103e-009	0.0311524
-2.285103e-009	0.0143066
-2.260103e-009	0.0134766
-2.235103e-009	0.0241699
-2.210103e-009	0.0155518
-2.185103e-009	0.0197998
-2.160103e-009	0.0217529
-2.135103e-009	0.010791
-2.110103e-009	0.0187744
-2.085103e-009	0.0264893
-2.060103e-009	0.0192871
-2.035103e-009	0.0132813
-2.010103e-009	0.0155518
-1.985103e-009	0.0268799
-1.960103e-009	0.0265625
-1.935103e-009	0.0177734
-1.910103e-009	0.0208252
-1.885103e-009	0.0214844
-1.860103e-009	0.0260254
-1.835103e-009	0.0307373
-1.810103e-009	0.0152588
-1.785103e-009	0.0165039
-1.760103e-009	0.0342774
-1.735103e-009	0.0266113
-1.710103e-009	0.0117432
-1.685103e-009	0.0150635
-1.660103e-009	0.025708
-1.635103e-009	0.0206543
-1.610103e-009	0.0155274
-1.585103e-009	0.0266602
-1.560103e-009	0.023291
-1.535103e-009	0.0197266
-1.510103e-009	0.025708
-1.485103e-009	0.0184326
-1.460103e-009	0.0155029
-1.435103e-009	0.0179199
-1.410103e-009	0.0217285
-1.385103e-009	0.0289307
-1.360103e-009	0.0312744
-1.335103e-009	0.030957
-1.310103e-009	0.0195557
-1.285103e-009	0.0072754
-1.260103e-009	0.0149414
-1.235103e-009	0.0191895
-1.210103e-009	0.0158936
-1.185103e-009	0.0239502
-1.160103e-009	0.0276367
-1.135103e-009	0.0294678
-1.110103e-009	0.0287109
-1.085103e-009	0.0171143
-1.060103e-009	0.0160889
-1.035103e-009	0.0217285
-1.010103e-009	0.0221924
-9.85103e-010	0.0171143
-9.60103e-010	0.0222656
-9.35103e-010	0.030957
-9.10103e-010	0.0148926
-8.85103e-010	0.00844727
-8.60103e-010	0.0257568
-8.35103e-010	0.0337891
-8.10103e-010	0.0217041
-7.85103e-010	0.0111572
-7.60103e-010	0.0192871
-7.35103e-010	0.0190186
-7.10103e-010	0.0193848
-6.85103e-010	0.0251221
-6.60103e-010	0.0216309
-6.35103e-010	0.0260498
-6.10103e-010	0.0146484
-5.85103e-010	0.0084961
-5.60103e-010	0.0239502
-5.35103e-010	0.0179443
-5.10103e-010	0.0237305
-4.85103e-010	0.0291016
-4.60103e-010	0.0115479
-4.35103e-010	0.0173828
-4.10103e-010	0.0151367
-3.85103e-010	-0.00131835
-3.60103e-010	0.00573731
-3.35103e-010	0.00356446
-3.10103e-010	-0.0177002
-2.85103e-010	-0.0288574
-2.60103e-010	-0.0243408
-2.35103e-010	-0.0279785
-2.10103e-010	-0.0570557
-1.85103e-010	-0.0630615
-1.60103e-010	-0.0541748
-1.35103e-010	-0.0926269
-1.10103e-010	-0.129761
-8.510298e-011	-0.153564
-6.010298e-011	-0.184595
-3.510298e-011	-0.200781
-1.010298e-011	-0.234473
1.489702e-011	-0.264819
3.989702e-011	-0.285522
6.489702e-011	-0.327393
8.989702e-011	-0.364111
1.14897e-010	-0.40481
1.39897e-010	-0.441406
1.64897e-010	-0.476245
1.89897e-010	-0.507568
2.14897e-010	-0.510864
2.39897e-010	-0.54021
2.64897e-010	-0.57417
2.89897e-010	-0.56438
3.14897e-010	-0.571924
3.39897e-010	-0.591357
3.64897e-010	-0.57168
3.89897e-010	-0.558643
4.14897e-010	-0.563623
4.39897e-010	-0.54624
4.64897e-010	-0.523462
4.89897e-010	-0.507593
5.14897e-010	-0.483008
5.39897e-010	-0.43584
5.64897e-010	-0.400513
5.89897e-010	-0.371094
6.14897e-010	-0.320142
6.39897e-010	-0.305566
6.64897e-010	-0.277173
6.89897e-010	-0.218506
7.14897e-010	-0.192358
7.39897e-010	-0.142017
7.64897e-010	-0.104834
7.89897e-010	-0.109961
8.14897e-010	-0.0820557
8.39897e-010	-0.0425049
8.64897e-010	-0.0247803
8.89897e-010	-0.0155762
9.14897e-010	-0.00112304
9.39897e-010	0.0166504
9.64897e-010	0.026709
9.89897e-010	0.0262695
1.014897e-009	0.0230225
1.039897e-009	0.0268555
1.064897e-009	0.0339111
1.089897e-009	0.0451416
1.114897e-009	0.0456055
1.139897e-009	0.046167
1.164897e-009	0.06521
1.189897e-009	0.0659912
1.214897e-009	0.0568604
1.239897e-009	0.0573731
1.264897e-009	0.0542969
1.289897e-009	0.0556397
1.314897e-009	0.0572022
1.339897e-009	0.0576416
1.364897e-009	0.0601318
1.389897e-009	0.0588623
1.414897e-009	0.0602539
1.439897e-009	0.0511719
1.464897e-009	0.0342774
1.489897e-009	0.0356934
1.514897e-009	0.0395508
1.539897e-009	0.0381348
1.564897e-009	0.032544
1.589897e-009	0.0166992
1.614897e-009	0.0138672
1.639897e-009	0.0116943
1.664897e-009	0.000219734
1.689897e-009	-0.00642089
1.714897e-009	-0.0164307
1.739897e-009	-0.0178223
1.764897e-009	-0.0165527
1.789897e-009	-0.0206299
1.814897e-009	-0.0125976
1.839897e-009	-0.00642089
1.864897e-009	-0.0168457
1.889897e-009	-0.0138184
1.914897e-009	-0.000512688
1.939897e-009	-0.0159668
1.964897e-009	-0.016748
1.989897e-009	0.0105713
2.014897e-009	0.0065918
2.039897e-009	-0.00615234
2.064897e-009	0.00383302
2.089897e-009	0.00261231
2.114897e-009	-0.0105225
2.139897e-009	0.00800782
2.164897e-009	0.0296875
2.189897e-009	0.0103027
2.214897e-009	0.00273438
2.239897e-009	0.0153565
2.264897e-009	0.011792
2.289897e-009	0.0226074
2.314897e-009	0.0359131
2.339897e-009	0.025708
2.364897e-009	0.0244385
2.389897e-009	0.0197998
2.414897e-009	0.00783692
2.439897e-009	0.0230225
2.464897e-009	0.0350586
2.489897e-009	0.0305908
2.514897e-009	0.0331055
2.539897e-009	0.0342774
2.564897e-009	0.0410156
2.589897e-009	0.0398682
2.614897e-009	0.0252197
2.639897e-009	0.0277588
2.664897e-009	0.0248047
2.689897e-009	0.0186768
2.714897e-009	0.0309815
2.739897e-009	0.0331299
2.764897e-009	0.0265625
2.789897e-009	0.0207275
2.814897e-009	0.0226563
2.839897e-009	0.033252
2.864897e-009	0.0263184
2.889897e-009	0.0202149
2.914897e-009	0.0226074
2.939897e-009	0.0213379
2.964897e-009	0.0258545
2.989897e-009	0.00495606
3.014897e-009	-0.0195801
3.039897e-009	0.00163575
3.064897e-009	0.0185059
3.089897e-009	0.00888673
3.114897e-009	-0.00395507
3.139897e-009	-0.00151366
3.164897e-009	0.0265381
3.189897e-009	0.024292
3.214897e-009	0.00361329
3.239897e-009	0.0167236
3.264897e-009	0.022168
3.289897e-009	0.027002
3.314897e-009	0.0485108
3.339897e-009	0.0427002
3.364897e-009	0.0355713
3.389897e-009	0.0462891
3.414897e-009	0.0360108
3.439897e-009	0.0286377
3.464897e-009	0.0332275
3.489897e-009	0.0311279
3.514897e-009	0.0446289
3.539897e-009	0.0532227
3.564897e-009	0.0426758
3.589897e-009	0.0368652
3.614897e-009	0.0436035
3.639897e-009	0.0458252
3.664897e-009	0.0320313
3.689897e-009	0.0256104
3.714897e-009	0.0186279
3.739897e-009	0.0124268
3.764897e-009	0.0150879
3.789897e-009	0.0125244
3.814897e-009	0.0156494
3.839897e-009	0.0122315
3.864897e-009	0.00393067
3.889897e-009	0.000732429
3.914897e-009	-0.0102539
3.939897e-009	-0.00407714
3.964897e-009	0.0169922
3.989897e-009	0.00937501
4.014897e-009	-0.0124512
4.039897e-009	-0.0168945
4.064897e-009	-0.0101807
4.089897e-009	0.00419923
4.114897e-009	0.0135986
4.139897e-009	0.00329591
4.164897e-009	-0.00161132
4.189897e-009	0.0069336
4.214897e-009	0.0052002
4.239897e-009	0.0141846
4.264897e-009	0.032544
4.289897e-009	0.0238281
4.314897e-009	0.0193115
4.339897e-009	0.0279785
4.364897e-009	0.0251709
4.389897e-009	0.0254883
4.414897e-009	0.0342774
4.439897e-009	0.0427246
4.464897e-009	0.0380615
4.489897e-009	0.032544
4.514897e-009	0.0414795
4.539897e-009	0.0464111
4.564897e-009	0.0488037
4.589897e-009	0.057666
4.614897e-009	0.0599365
4.639897e-009	0.0514649
4.664897e-009	0.0438477
4.689897e-009	0.0396729
4.714897e-009	0.0351074
4.739897e-009	0.0378662
4.764897e-009	0.0536865
4.789897e-009	0.0545899
4.814897e-009	0.0280029
4.839897e-009	0.0200684
4.864897e-009	0.0262207
4.889897e-009	0.0179932
4.914897e-009	0.0143799
4.939897e-009	0.00168458
4.964897e-009	-0.00759277
4.989897e-009	0.0134766
5.014897e-009	0.0195801
5.039897e-009	0.00471192
5.064897e-009	0.00141602
5.089897e-009	-0.0020996
5.114897e-009	-0.0158447
5.139897e-009	-0.0145508
5.164897e-009	0.00339356
5.189897e-009	0.000170906
5.214897e-009	-0.00581054
5.239897e-009	0.0053711
5.264897e-009	0.0027588
5.289897e-009	0.00288087
5.314897e-009	0.00837403
5.339897e-009	0.011084
5.364897e-009	0.0140381
5.389897e-009	-0.0101318
5.414897e-009	-0.0102295
5.439897e-009	0.0166504
5.464897e-009	0.00961915
5.489897e-009	0.0176025
5.514897e-009	0.0335693
5.539897e-009	0.0219727
5.564897e-009	0.0171631
5.589897e-009	0.024585
5.614897e-009	0.0319336
5.639897e-009	0.0200684
5.664897e-009	0.0116699
5.689897e-009	0.0191162
5.714897e-009	0.0160889
5.739897e-009	0.029541
5.764897e-009	0.0384277
5.789897e-009	0.0203857
5.814897e-009	0.0247559
5.839897e-009	0.037915
5.864897e-009	0.036377
5.889897e-009	0.0365479
5.914897e-009	0.0335205
5.939897e-009	0.0352783
5.964897e-009	0.0442383
5.989897e-009	0.0316406
6.014897e-009	0.0222656
6.039897e-009	0.0466065
6.064897e-009	0.049707
6.089897e-009	0.0302979
6.114897e-009	0.0300537
6.139897e-009	0.0345703
6.164897e-009	0.0401367
6.189897e-009	0.0280762
6.214897e-009	0.0163086
6.239897e-009	0.026709
6.264897e-009	0.0197022
6.289897e-009	0.0202637
6.314897e-009	0.0207275
6.339897e-009	0.0111816
6.364897e-009	0.0203125
6.389897e-009	0.0114258
6.414897e-009	0.0127686
6.439897e-009	0.0242188
6.464897e-009	0.00607911
6.489897e-009	0.000244148
6.514897e-009	-0.00607909
6.539897e-009	-0.00961913
6.564897e-009	0.0105713
6.589897e-009	0.0102051
6.614897e-009	0.00153809
6.639897e-009	-0.000439446
6.664897e-009	-0.00810546
6.689897e-009	0.00534669
6.714897e-009	0.0182129
6.739897e-009	0.00534669
6.764897e-009	0.00983887
6.789897e-009	0.0183594
6.814897e-009	0.00529786
6.839897e-009	0.0102783
6.864897e-009	0.0213135
6.889897e-009	0.0120606
6.914897e-009	0.014502
6.939897e-009	0.027832
6.964897e-009	0.0183106
6.989897e-009	0.0133545
7.014897e-009	0.0363281
7.039897e-009	0.0392578
7.064897e-009	0.0262695
7.089897e-009	0.0318359
7.114897e-009	0.0355225
7.139897e-009	0.0345459
7.164897e-009	0.0361328
7.189897e-009	0.033667
7.214897e-009	0.0323242
7.239897e-009	0.0334229
7.264897e-009	0.0299316
7.289897e-009	0.0306885
7.314897e-009	0.0370117
7.339897e-009	0.0359863
7.364897e-009	0.0314209
7.389897e-009	0.00959473
7.414897e-009	-0.00339355
7.439897e-009	0.0218018
7.464897e-009	0.0259522
7.489897e-009	0.0143799
7.514897e-009	0.0209717
7.539897e-009	0.0214844
7.564897e-009	0.0193848
7.589897e-009	0.0113525
7.614897e-009	0.00461427
7.639897e-009	0.0152832
7.664897e-009	0.0195313
7.689897e-009	0.0181152
7.714897e-009	0.0192627
7.739897e-009	0.0185059
7.764897e-009	0.0199219
7.789897e-009	0.0105957
7.814897e-009	0.00791016
7.839897e-009	0.0216797
7.864897e-009	0.0234375
7.889897e-009	0.029541
7.914897e-009	0.0312988
7.939897e-009	0.0220215
7.964897e-009	0.037915
7.989897e-009	0.0463379
8.014897e-009	0.0285645
8.039897e-009	0.0182129
8.064897e-009	0.025
8.089897e-009	0.0383301
8.114897e-009	0.0324463
8.139897e-009	0.0229492
8.164897e-009	0.0307861
8.189897e-009	0.0285645
8.214897e-009	0.025708
8.239897e-009	0.0268799
8.264897e-009	0.0255859
8.289897e-009	0.0369873
8.314897e-009	0.0275635
8.339897e-009	0.0127197
8.364897e-009	0.0172363
8.389897e-009	0.00930177
8.414897e-009	0.0121338
8.439897e-009	0.012207
8.464897e-009	0.00314942
8.489897e-009	0.0158691
8.514897e-009	0.0143799
8.539897e-009	0.00629884
8.564897e-009	-0.000537102
8.589897e-009	-0.00700683
8.614897e-009	0.0152588
8.639897e-009	0.018335
8.664897e-009	0.00324708
8.689897e-009	0.017334
8.714897e-009	0.0257813
8.739897e-009	0.0256104
8.764897e-009	0.0307373
8.789897e-009	0.0127197
8.814897e-009	0.00107423
8.839897e-009	0.0205322
8.864897e-009	0.0273682
8.889897e-009	0.0254883
8.914897e-009	0.0290772
8.939897e-009	0.0256104
8.964897e-009	0.0297119
8.989897e-009	0.0354981
9.014897e-009	0.0331299
9.039897e-009	0.0308594
9.064897e-009	0.0329834
9.089897e-009	0.0362061
9.114897e-009	0.0269775
9.139897e-009	0.0320068
9.164897e-009	0.0562012
9.189897e-009	0.0453613
9.214897e-009	0.0253662
9.239897e-009	0.0351807
9.264897e-009	0.0374268
9.289897e-009	0.0339844
9.314897e-009	0.0368897
9.339897e-009	0.037207
9.364897e-009	0.043457
9.389897e-009	0.0407227
9.414897e-009	0.0260986
9.439897e-009	0.0118897
9.464897e-009	0.0108154
9.489897e-009	0.0305176
9.514897e-009	0.0296875
9.539897e-009	0.00844727
9.564897e-009	0.0124512
9.589897e-009	0.0153565
9.614897e-009	-0.000830071
9.639897e-009	0.00766602
9.664897e-009	0.0209961
9.689897e-009	0.0133057
9.714897e-009	0.0145508
9.739897e-009	0.0060547
9.764897e-009	-0.00410156
9.789897e-009	0.0060547
9.814897e-009	0.00905762
9.839897e-009	0.00927735
9.864897e-009	-0.0027832
9.889897e-009	-0.0127197
9.914897e-009	0.00642091
9.939897e-009	0.0122803
9.964897e-009	0.00427247
9.989897e-009	0.00683595
1.00149e-008	0.0160156
1.00399e-008	0.0250977
1.00649e-008	0.0146729
1.00899e-008	0.00629884
1.01149e-008	0.0135742
1.01399e-008	0.0167725
1.01649e-008	0.038794
1.01899e-008	0.0522217
1.02149e-008	0.0309815
1.02399e-008	0.0293213
1.02649e-008	0.0342774
1.02899e-008	0.0291504
1.03149e-008	0.0386475
1.03399e-008	0.041626
1.03649e-008	0.0333984
1.03899e-008	0.0249756
1.04149e-008	0.0257324
1.04399e-008	0.0375
1.04649e-008	0.039624
1.04899e-008	0.0325684
1.05149e-008	0.0333252
1.05399e-008	0.0489014
1.05649e-008	0.0489258
1.05899e-008	0.0233399
1.06149e-008	0.0159424
1.06399e-008	0.0240967
1.06649e-008	0.0315186
1.06899e-008	0.0314697
1.07149e-008	0.0148193
1.07399e-008	0.0209961
1.07649e-008	0.0333008
1.07899e-008	0.0175781
1.08149e-008	0.0152588
1.08399e-008	0.0187988
1.08649e-008	0.00808106
1.08899e-008	0.000415047
1.09149e-008	-0.00656738
1.09399e-008	-0.000976555
1.09649e-008	0.0183838
1.09899e-008	0.0188232
1.10149e-008	-0.00358886
1.10399e-008	-0.0148682
1.10649e-008	-0.00358886
1.10899e-008	-0.000854485
1.11149e-008	-0.00944823
1.11399e-008	-0.00266113
1.11649e-008	0.00844727
1.11899e-008	0.00847169
1.12149e-008	0.0088379
1.12399e-008	0.014502
1.12649e-008	0.0238281
1.12899e-008	0.0222168
1.13149e-008	0.0101807
1.13399e-008	0.015625
1.13649e-008	0.0196777
1.13899e-008	0.00998536
1.14149e-008	0.0142334
1.14399e-008	0.0181152
1.14649e-008	0.0140137
1.14899e-008	0.015918
1.15149e-008	0.0205566
1.15399e-008	0.0217529
1.15649e-008	0.0170899
1.15899e-008	0.0169434
1.16149e-008	0.0153809
1.16399e-008	0.0132568
1.16649e-008	0.0164795
1.16899e-008	0.0155518
1.17149e-008	0.0192139
1.17399e-008	0.0150147
1.17649e-008	0.00886231
1.17899e-008	0.00910645
1.18149e-008	0.000903328
1.18399e-008	0.0043213
1.18649e-008	0.0083252
1.18899e-008	0.0108643
1.19149e-008	0.0233643
1.19399e-008	0.023584
1.19649e-008	0.0130371
1.19899e-008	0.0128174
1.20149e-008	0.0342285
1.20399e-008	0.029541
1.20649e-008	0.00673829
1.20899e-008	0.0248779
1.21149e-008	0.0290527
1.21399e-008	0.0115479
1.21649e-008	0.0198731
1.21899e-008	0.0225098
1.22149e-008	0.0122803
1.22399e-008	0.0227783
1.22649e-008	0.0388428
1.22899e-008	0.0333008
1.23149e-008	0.0357422
1.23399e-008	0.0446045
1.23649e-008	0.0356201
1.23899e-008	0.0288818
1.24149e-008	0.0316406
1.24399e-008	0.0399902
1.24649e-008	0.0447754
1.24899e-008	0.0420166
1.25149e-008	0.029541
1.25399e-008	0.0261719
1.25649e-008	0.0410645
1.25899e-008	0.0317871
1.26149e-008	0.0314453
1.26399e-008	0.0462891
1.26649e-008	0.0276367
1.26899e-008	0.0224609
1.27149e-008	0.0335693
1.27399e-008	0.0281494
1.27649e-008	0.0224854
1.27899e-008	0.0188477
1.28149e-008	0.0265137
1.28399e-008	0.0339356
1.28649e-008	0.0248291
1.28899e-008	0.0259766
1.29149e-008	0.0306885
1.29399e-008	0.024707
1.29649e-008	0.0223389
1.29899e-008	0.0125
1.30149e-008	0.00510255
1.30399e-008	0.0142578
1.30649e-008	0.0173828
1.30899e-008	0.0128174
1.31149e-008	0.0130127
1.31399e-008	0.0143311
1.31649e-008	0.00698243
1.31899e-008	0.0044922
1.32149e-008	0.0111816
1.32399e-008	0.0124512
1.32649e-008	0.0187988
1.32899e-008	0.0218506
1.33149e-008	0.0136963
1.33399e-008	0.0193604
1.33649e-008	0.0376465
1.33899e-008	0.0417236
1.34149e-008	0.0247803
1.34399e-008	0.0186279
1.34649e-008	0.0312744
1.34899e-008	0.0271729
1.35149e-008	0.0107666
1.35399e-008	0.0129639
1.35649e-008	0.0308106
1.35899e-008	0.0336426
1.36149e-008	0.020752
1.36399e-008	0.0230713
1.36649e-008	0.0352051
1.36899e-008	0.0325928
1.37149e-008	0.0194092
1.37399e-008	0.022876
1.37649e-008	0.0271729
1.37899e-008	0.0161865
1.38149e-008	0.0311768
1.38399e-008	0.0370606
1.38649e-008	0.0136231
1.38899e-008	0.0241699
1.39149e-008	0.0314209
1.39399e-008	0.020044
1.39649e-008	0.0234131
1.39899e-008	0.00661622
1.40149e-008	0.0034668
1.40399e-008	0.0240723
1.40649e-008	0.01604
1.40899e-008	0.0106934
1.41149e-008	0.014624
1.41399e-008	0.0157959
1.41649e-008	0.0220215
1.41899e-008	0.0144531
1.42149e-008	0.00412598
1.42399e-008	0.00551759
1.42649e-008	0.0205566
1.42899e-008	0.029541
1.43149e-008	0.0133301
1.43399e-008	0.00881348
1.43649e-008	0.0131836
1.43899e-008	0.00163575
1.44149e-008	-0.00251464
1.44399e-008	0.00534669
1.44649e-008	0.0143066
1.44899e-008	0.0140869
1.45149e-008	0.00644532
1.45399e-008	0.0135986
1.45649e-008	0.022583
1.45899e-008	0.0223145
1.46149e-008	0.0241455
1.46399e-008	0.0213623
1.46649e-008	0.0183106
1.46899e-008	0.0229004
1.47149e-008	0.02771
1.47399e-008	0.0285156
1.47649e-008	0.0310791
1.47899e-008	0.0294922
1.48149e-008	0.0223633
1.48399e-008	0.0259522
1.48649e-008	0.0233154
1.48899e-008	0.021875
1.49149e-008	0.0357422
1.49399e-008	0.0281738
1.49649e-008	0.0210938
1.49899e-008	0.033252
1.50149e-008	0.0304688
1.50399e-008	0.0237793
1.50649e-008	0.025293
1.50899e-008	0.0314697
1.51149e-008	0.0311035
1.51399e-008	0.0272217
1.51649e-008	0.0377441
1.51899e-008	0.0327637
1.52149e-008	0.0210205
1.52399e-008	0.021875
1.52649e-008	0.0173096
1.52899e-008	0.0270752
1.53149e-008	0.0301758
1.53399e-008	0.0122315
1.53649e-008	0.00969239
1.53899e-008	0.00869141
1.54149e-008	0.0104736
1.54399e-008	0.0246338
1.54649e-008	0.0191895
1.54899e-008	0.00268555
1.55149e-008	0.005542
1.55399e-008	0.0195557
1.55649e-008	0.0197022
1.55899e-008	0.00598145
1.56149e-008	0.00644532
1.56399e-008	0.0143311
1.56649e-008	0.0106445
1.56899e-008	0.0178711
1.57149e-008	0.0239502
1.57399e-008	0.0136963
1.57649e-008	0.0177734
1.57899e-008	0.0260254
1.58149e-008	0.0192627
1.58399e-008	0.0172852
1.58649e-008	0.0237549
1.58899e-008	0.0245117
1.59149e-008	0.0174316
1.59399e-008	0.0202393
1.59649e-008	0.0354492
1.59899e-008	0.0314697
1.60149e-008	0.0211426
1.60399e-008	0.0266846
1.60649e-008	0.0223389
1.60899e-008	0.0258057
1.61149e-008	0.0351318
1.61399e-008	0.026001
1.61649e-008	0.0243164
1.61899e-008	0.0216553
1.62149e-008	0.0220703
1.62399e-008	0.0325684
1.62649e-008	0.0222656
1.62899e-008	0.0220947
1.63149e-008	0.0351318
1.63399e-008	0.0234863
1.63649e-008	0.0217529
1.63899e-008	0.0232422
1.64149e-008	0.0111816
1.64399e-008	0.0181152
1.64649e-008	0.0202881
1.64899e-008	0.0219971
1.65149e-008	0.0216309
1.65399e-008	0.0114746
1.65649e-008	0.0317627
1.65899e-008	0.0384033
1.66149e-008	0.0233643
1.66399e-008	0.0123047
1.66649e-008	0.00122071
1.66899e-008	0.0210938
1.67149e-008	0.0304688
1.67399e-008	0.0250977
1.67649e-008	0.0337891
1.67899e-008	0.0152832
1.68149e-008	0.00651856
1.68399e-008	0.021582
1.68649e-008	0.0143066
1.68899e-008	0.0124756
1.69149e-008	0.0297119
1.69399e-008	0.0378906
1.69649e-008	0.0274658
1.69899e-008	0.0130615
1.70149e-008	0.0105713
1.70399e-008	0.0142578
1.70649e-008	0.025708
1.70899e-008	0.0316895
1.71149e-008	0.0175293
1.71399e-008	0.0132813
1.71649e-008	0.0266602
1.71899e-008	0.0234619
1.72149e-008	0.00976563
1.72399e-008	0.0179932
1.72649e-008	0.0246094
1.72899e-008	0.0224121
1.73149e-008	0.0289307
1.73399e-008	0.0289795
1.73649e-008	0.0225098
1.73899e-008	0.0112305
1.74149e-008	0.0181885
1.74399e-008	0.035669
1.74649e-008	0.0246826
1.74899e-008	0.0154541
1.75149e-008	0.0195068
1.75399e-008	0.0290039
1.75649e-008	0.0320557
1.75899e-008	0.012915
1.76149e-008	0.00952149
1.76399e-008	0.0159668
1.76649e-008	0.0197022
1.76899e-008	0.029419
1.77149e-008	0.0145264
1.77399e-008	0.00766602
1.77649e-008	0.0164551
1.77899e-008	0.00874024
1.78149e-008	0.0175537
1.78399e-008	0.0147949
1.78649e-008	0.00358887
1.78899e-008	0.0229492
1.79149e-008	0.0153809
1.79399e-008	0.00983887
1.79649e-008	0.0282715
1.79899e-008	0.0109619
1.80149e-008	0.00534669
1.80399e-008	0.0213135
1.80649e-008	0.0180176
1.80899e-008	0.0261719
1.81149e-008	0.0306152
1.81399e-008	0.0245606
1.81649e-008	0.0394287
1.81899e-008	0.0379883
1.82149e-008	0.0217529
1.82399e-008	0.0224121
1.82649e-008	0.0163574
1.82899e-008	0.0192139
1.83149e-008	0.0350342
1.83399e-008	0.0340576
1.83649e-008	0.0363281
1.83899e-008	0.0428223
1.84149e-008	0.0331543
1.84399e-008	0.0253662
1.84649e-008	0.0307129
1.84899e-008	0.0195557
1.85149e-008	0.00512696
1.85399e-008	0.0247559
1.85649e-008	0.0340088
1.85899e-008	0.0183838
1.86149e-008	0.0186035
1.86399e-008	0.0289063
1.86649e-008	0.0293457
1.86899e-008	0.0198242
1.87149e-008	0.0120361
1.87399e-008	0.0106201
1.87649e-008	0.0189697
1.87899e-008	0.0180908
1.88149e-008	0.00292969
1.88399e-008	0.00517579
1.88649e-008	0.00998536
1.88899e-008	0.0143066
1.89149e-008	0.0123779
1.89399e-008	-0.00808105
1.89649e-008	0.000341804
1.89899e-008	0.0126221
1.90149e-008	0.000268562
1.90399e-008	-0.00148925
1.90649e-008	-0.00280761
1.90899e-008	0.00681153
1.91149e-008	0.0227783
1.91399e-008	0.0122559
1.91649e-008	0.0065918
1.91899e-008	0.0154785
1.92149e-008	0.0164551
1.92399e-008	0.0169922
1.92649e-008	0.0216309
1.92899e-008	0.0246338
1.93149e-008	0.0239502
1.93399e-008	0.0270752
1.93649e-008	0.0378174
1.93899e-008	0.0396729
1.94149e-008	0.0291992
1.94399e-008	0.025415
1.94649e-008	0.0263428
1.94899e-008	0.0289307
1.95149e-008	0.0308594
1.95399e-008	0.025415
1.95649e-008	0.0294678
1.95899e-008	0.0337647
1.96149e-008	0.0358399
1.96399e-008	0.0386719
1.96649e-008	0.0269043
1.96899e-008	0.0268555
1.97149e-008	0.0203125
1.97399e-008	0.010669
1.97649e-008	0.0255859
1.97899e-008	0.0150635
1.98149e-008	0.00886231
1.98399e-008	0.0231934
1.98649e-008	0.020752
1.98899e-008	0.0240723
1.99149e-008	0.0153565
1.99399e-008	-0.00187988
1.99649e-008	-0.00158691
1.99899e-008	0.00493165
2.00149e-008	0.0186524
2.00399e-008	0.0190186
2.00649e-008	0.00566407
2.00899e-008	0.00795899
2.01149e-008	0.0154541
2.01399e-008	0.017041
2.01649e-008	0.0208252
2.01899e-008	0.019165
2.02149e-008	0.0198486
2.02399e-008	0.0239746
2.02649e-008	0.00932618
2.02899e-008	0.00305177
2.03149e-008	0.015332
2.03399e-008	0.0115967
2.03649e-008	0.00915528
2.03899e-008	0.0189941
2.04149e-008	0.0106445
2.04399e-008	0.00180665
2.04649e-008	0.0141357
2.04899e-008	0.0214844
2.05149e-008	0.0237061
2.05399e-008	0.0257568
2.05649e-008	0.0277832
2.05899e-008	0.0344971
2.06149e-008	0.0230713
2.06399e-008	0.0143799
2.06649e-008	0.0265869
2.06899e-008	0.0312744
2.07149e-008	0.0302979
2.07399e-008	0.0314941
2.07649e-008	0.0343018
2.07899e-008	0.0267334
2.08149e-008	0.0203369
2.08399e-008	0.0350098
2.08649e-008	0.0338379
2.08899e-008	0.0215088
2.09149e-008	0.0305908
2.09399e-008	0.0440674
2.09649e-008	0.0402832
2.09899e-008	0.0144775
2.10149e-008	0.00109864
2.10399e-008	0.0130859
2.10649e-008	0.0133789
2.10899e-008	0.00981446
2.11149e-008	0.0164551
2.11399e-008	0.0197998
2.11649e-008	0.0229492
2.11899e-008	0.0199707
2.12149e-008	0.0109375
2.12399e-008	0.0126465
2.12649e-008	0.0198242
2.12899e-008	0.0139404
2.13149e-008	0.00419923
2.13399e-008	0.00805665
2.13649e-008	0.0116455
2.13899e-008	0.00874024
2.14149e-008	0.00485841
2.14399e-008	0.00754395
2.14649e-008	0.0167725
2.14899e-008	0.0133545
2.15149e-008	0.010791
2.15399e-008	0.0169434
2.15649e-008	0.0168945
2.15899e-008	0.0165527
2.16149e-008	0.0134033
2.16399e-008	0.00954591
2.16649e-008	0.010083
2.16899e-008	0.0193115
2.17149e-008	0.0223389
2.17399e-008	0.0091797
2.17649e-008	0.0262207
2.17899e-008	0.0383545
2.18149e-008	0.0151856
2.18399e-008	0.0201904
2.18649e-008	0.0303223
2.18899e-008	0.028833
2.19149e-008	0.0309815
2.19399e-008	0.0248047
2.19649e-008	0.0328613
2.19899e-008	0.0388428
2.20149e-008	0.023877
2.20399e-008	0.0146729
2.20649e-008	0.0230957
2.20899e-008	0.0285645
2.21149e-008	0.0100342
2.21399e-008	0.0084961
2.21649e-008	0.0213135
2.21899e-008	0.0101318
2.22149e-008	0.0248047
2.22399e-008	0.0415283
2.22649e-008	0.0189453
2.22899e-008	0.0197754
2.23149e-008	0.0199951
2.23399e-008	0.00559083
2.23649e-008	0.0145508
2.23899e-008	0.00986329
2.24149e-008	0.00107423
2.24399e-008	0.0159668
2.24649e-008	0.0256836
2.24899e-008	0.0141113
2.25149e-008	0.0114014
2.25399e-008	0.0223389
2.25649e-008	0.0139649
2.25899e-008	0.0113037
2.26149e-008	0.0124756
2.26399e-008	0.00959473
2.26649e-008	0.0204102
2.26899e-008	0.016919
2.27149e-008	0.0161377
2.27399e-008	0.0258789
2.27649e-008	0.0242676
2.27899e-008	0.0216797
2.28149e-008	0.0198731
2.28399e-008	0.0227051
2.28649e-008	0.0202881
2.28899e-008	0.0201172
2.29149e-008	0.0273193
2.29399e-008	0.0272217
2.29649e-008	0.0319824
2.29899e-008	0.0200928
2.30149e-008	0.00737305
2.30399e-008	0.0251465
2.30649e-008	0.0301514
2.30899e-008	0.0226563
2.31149e-008	0.0186524
2.31399e-008	0.0177002
2.31649e-008	0.0265869
2.31899e-008	0.0257324
2.32149e-008	0.0191162
2.32399e-008	0.0176758
2.32649e-008	0.0168945
2.32899e-008	0.0141846
2.33149e-008	0.0105713
2.33399e-008	0.0226563
2.33649e-008	0.037793
2.33899e-008	0.0318115
2.34149e-008	0.0198486
2.34399e-008	0.0170166
2.34649e-008	0.0174561
2.34899e-008	0.0176514
2.35149e-008	0.0179443
2.35399e-008	0.0197998
2.35649e-008	0.0259766
2.35899e-008	0.026709
2.36149e-008	0.0166504
2.36399e-008	0.0188721
2.36649e-008	0.0282715
2.36899e-008	0.0236328
2.37149e-008	0.0251221
2.37399e-008	0.0260742
2.37649e-008	0.0156738
2.37899e-008	0.0148926
2.38149e-008	0.0206055
2.38399e-008	0.0265137
2.38649e-008	0.0249024
2.38899e-008	0.0210938
2.39149e-008	0.0201172
2.39399e-008	0.012793
2.39649e-008	0.0115723
2.39899e-008	0.0156738
2.40149e-008	0.0244385
2.40399e-008	0.0283936
2.40649e-008	0.0101807
2.40899e-008	0.00322266
2.41149e-008	0.0273926
2.41399e-008	0.0424316
2.41649e-008	0.0254639
2.41899e-008	0.00778809
2.42149e-008	0.00332032
2.42399e-008	0.0108154
2.42649e-008	0.0317627
2.42899e-008	0.0359375
2.43149e-008	0.0292236
2.43399e-008	0.03479
2.43649e-008	0.0331543
2.43899e-008	0.0280518
2.44149e-008	0.0297119
2.44399e-008	0.0187988
2.44649e-008	0.0130859
2.44899e-008	0.0202881
2.45149e-008	0.00871583
2.45399e-008	0.0156494
2.45649e-008	0.0282959
2.45899e-008	0.00429688
2.46149e-008	0.0117676
2.46399e-008	0.0220947
2.46649e-008	0.000830086
2.46899e-008	0.0150635
2.47149e-008	0.0275147
2.47399e-008	0.0166504
2.47649e-008	0.0224609
2.47899e-008	0.0267578
2.48149e-008	0.0197266
2.48399e-008	0.0125732
2.48649e-008	0.0201172
2.48899e-008	0.0337402
2.49149e-008	0.0227539
2.49399e-008	0.0107666
2.49649e-008	0.0163818
2.49899e-008	0.0227051
2.50149e-008	0.0269043
2.50399e-008	0.0214844
2.50649e-008	0.0165039
2.50899e-008	0.0174316
2.51149e-008	0.0124268
2.51399e-008	0.020459
2.51649e-008	0.030835
2.51899e-008	0.0208008
2.52149e-008	0.0123291
2.52399e-008	0.0162598
2.52649e-008	0.021167
2.52899e-008	0.0268799
2.53149e-008	0.0333496
2.53399e-008	0.0251953
2.53649e-008	0.0180176
2.53899e-008	0.0267578
2.54149e-008	0.0304443
2.54399e-008	0.0325195
2.54649e-008	0.0223145
2.54899e-008	0.0111572
2.55149e-008	0.0227051
2.55399e-008	0.0275879
2.55649e-008	0.0307129
2.55899e-008	0.0207275
2.56149e-008	0.00256348
2.56399e-008	0.018457
2.56649e-008	0.027124
2.56899e-008	0.0138672
2.57149e-008	0.0116943
2.57399e-008	0.0241943
2.57649e-008	0.0270996
2.57899e-008	0.0111572
2.58149e-008	0.0170899
2.58399e-008	0.0303467
2.58649e-008	0.0197022
2.58899e-008	0.0133057
2.59149e-008	0.0200195
2.59399e-008	0.0277832
2.59649e-008	0.027124
2.59899e-008	0.00546876
2.60149e-008	-0.00698241
2.60399e-008	0.0163818
2.60649e-008	0.0289307
2.60899e-008	0.0201904
2.61149e-008	0.0156006
2.61399e-008	0.0163574
2.61649e-008	0.0201172
2.61899e-008	0.0106445
2.62149e-008	0.0122315
2.62399e-008	0.0261475
2.62649e-008	0.0201904
2.62899e-008	0.0114502
2.63149e-008	0.00935059
2.63399e-008	0.0153565
2.63649e-008	0.0205566
2.63899e-008	0.024707
2.64149e-008	0.0296387
2.64399e-008	0.0203125
2.64649e-008	0.0140869
2.64899e-008	0.00974122
2.65149e-008	0.0140137
2.65399e-008	0.0332764
2.65649e-008	0.027002
2.65899e-008	0.0199219
2.66149e-008	0.029419
2.66399e-008	0.0158203
2.66649e-008	0.0123535
2.66899e-008	0.0296387
2.67149e-008	0.0241211
2.67399e-008	0.0203125
2.67649e-008	0.024585
2.67899e-008	0.0137207
2.68149e-008	0.0150635
2.68399e-008	0.0252686
2.68649e-008	0.0199219
2.68899e-008	0.0153076
2.69149e-008	0.0203857
2.69399e-008	0.0300293
2.69649e-008	0.034082
2.69899e-008	0.0269531
2.70149e-008	0.0241943
2.70399e-008	0.0231445
2.70649e-008	0.0203857
2.70899e-008	0.0233643
2.71149e-008	0.0222168
2.71399e-008	0.016919
2.71649e-008	0.0150391
2.71899e-008	0.0174072
2.72149e-008	0.0237061
2.72399e-008	0.0213379
2.72649e-008	0.0140381
2.72899e-008	0.0109863
2.73149e-008	0.0124756
2.73399e-008	0.0268555
2.73649e-008	0.0232178
2.73899e-008	0.00366212
2.74149e-008	0.00791016
2.74399e-008	0.0132568
2.74649e-008	0.0175781
2.74899e-008	0.0217529
2.75149e-008	0.016919
2.75399e-008	0.0260742
2.75649e-008	0.0293701
2.75899e-008	0.0268799
2.76149e-008	0.0383057
2.76399e-008	0.0354736
2.76649e-008	0.0249024
2.76899e-008	0.0293213
2.77149e-008	0.0310791
2.77399e-008	0.0300293
2.77649e-008	0.0288086
2.77899e-008	0.011499
2.78149e-008	0.00187989
2.78399e-008	0.0150635
2.78649e-008	0.0324463
2.78899e-008	0.0431152
2.79149e-008	0.0297852
2.79399e-008	0.015332
2.79649e-008	0.0352539
2.79899e-008	0.04729
2.80149e-008	0.0241211
2.80399e-008	0.00910645
2.80649e-008	0.00893555
2.80899e-008	0.0132568
2.81149e-008	0.0253174
2.81399e-008	0.0324463
2.81649e-008	0.0314209
2.81899e-008	0.0177979
2.82149e-008	0.0117188
2.82399e-008	0.0154053
2.82649e-008	0.0141846
2.82899e-008	0.0254883
2.83149e-008	0.0255371
2.83399e-008	0.0194336
2.83649e-008	0.020459
2.83899e-008	0.0112793
2.84149e-008	0.0150879
2.84399e-008	0.0191895
2.84649e-008	0.0177734
2.84899e-008	0.0327637
2.85149e-008	0.041626
2.85399e-008	0.0390869
2.85649e-008	0.0302979
2.85899e-008	0.0105713
2.86149e-008	0.00598145
2.86399e-008	0.019165
2.86649e-008	0.0332275
2.86899e-008	0.0377441
2.87149e-008	0.0233399
2.87399e-008	0.0218018
2.87649e-008	0.0223877
2.87899e-008	0.0116455
2.88149e-008	0.019165
2.88399e-008	0.0175293
2.88649e-008	0.0155274
2.88899e-008	0.0291016
2.89149e-008	0.0313721
2.89399e-008	0.0330078
2.89649e-008	0.0260986
2.89899e-008	0.0122803
2.90149e-008	0.0146973
2.90399e-008	0.013501
2.90649e-008	0.0140625
2.90899e-008	0.0265869
2.91149e-008	0.0155029
2.91399e-008	0.0114014
2.91649e-008	0.0304932
2.91899e-008	0.0171875
2.92149e-008	0.0071045
2.92399e-008	0.0243652
2.92649e-008	0.0220947
2.92899e-008	0.0088379
2.93149e-008	0.00783692
2.93399e-008	0.0183106
2.93649e-008	0.0176758
2.93899e-008	0.00339356
2.94149e-008	0.00783692
2.94399e-008	0.0184815
2.94649e-008	0.023169
2.94899e-008	0.0273926
2.95149e-008	0.0166992
2.95399e-008	0.020044
2.95649e-008	0.0289795
2.95899e-008	0.00830079
2.96149e-008	0.00886231
2.96399e-008	0.0218262
2.96649e-008	0.0154541
2.96899e-008	0.0196777
2.97149e-008	0.0310303
2.97399e-008	0.0453125
2.97649e-008	0.0402832
2.97899e-008	0.0178711
2.98149e-008	0.0198486
2.98399e-008	0.0278809
2.98649e-008	0.0336914
2.98899e-008	0.0417236
2.99149e-008	0.0315674
2.99399e-008	0.0204346
2.99649e-008	0.0296631
2.99899e-008	0.0369385
3.00149e-008	0.0334473
3.00399e-008	0.0367188
3.00649e-008	0.0416016
3.00899e-008	0.0367432
3.01149e-008	0.0343262
3.01399e-008	0.0452881
3.01649e-008	0.0455566
3.01899e-008	0.0266846
3.02149e-008	0.0227051
3.02399e-008	0.0305176
3.02649e-008	0.0271973
3.02899e-008	0.0253662
3.03149e-008	0.0270508
3.03399e-008	0.0250977
3.03649e-008	0.0304688
3.03899e-008	0.0320068
3.04149e-008	0.0241943
3.04399e-008	0.0273438
3.04649e-008	0.0264404
3.04899e-008	0.0180908
3.05149e-008	0.0222168
3.05399e-008	0.0267334
3.05649e-008	0.0223145
3.05899e-008	0.00666505
3.06149e-008	-0.0012207
3.06399e-008	0.0124268
3.06649e-008	0.0203125
3.06899e-008	0.0287109
3.07149e-008	0.0371094
3.07399e-008	0.0198486
3.07649e-008	0.00598145
3.07899e-008	0.0201416
3.08149e-008	0.0274658
3.08399e-008	0.0144531
3.08649e-008	0.0104492
3.08899e-008	0.0154053
3.09149e-008	0.0198975
3.09399e-008	0.0250977
3.09649e-008	0.0213867
3.09899e-008	0.0153809
3.10149e-008	0.00952149
3.10399e-008	0.00688477
3.10649e-008	0.0177734
3.10899e-008	0.0212891
3.11149e-008	0.0135254
3.11399e-008	0.0174072
3.11649e-008	0.0202637
3.11899e-008	0.0186035
3.12149e-008	0.0212158
3.12399e-008	0.00820313
3.12649e-008	0.0072754
3.12899e-008	0.0251221
3.13149e-008	0.0167969
3.13399e-008	0.0154297
3.13649e-008	0.0265381
3.13899e-008	0.0169434
3.14149e-008	0.013501
3.14399e-008	0.0198975
3.14649e-008	0.0280762
3.14899e-008	0.0251221
3.15149e-008	0.00505372
3.15399e-008	0.00515137
3.15649e-008	0.0196533
3.15899e-008	0.0172363
3.16149e-008	0.00729981
3.16399e-008	0.0135254
3.16649e-008	0.0242432
3.16899e-008	0.0261963
3.17149e-008	0.030127
3.17399e-008	0.0311524
3.17649e-008	0.0280518
3.17899e-008	0.0148682
3.18149e-008	0.0102295
3.18399e-008	0.0225098
3.18649e-008	0.0243408
3.18899e-008	0.0336914
3.19149e-008	0.0358154
3.19399e-008	0.023999
3.19649e-008	0.0280029
3.19899e-008	0.0213135
3.20149e-008	0.0110107
3.20399e-008	0.0217774
3.20649e-008	0.0299316
3.20899e-008	0.0328125
3.21149e-008	0.0353027
3.21399e-008	0.0313233
3.21649e-008	0.0335693
3.21899e-008	0.0257813
3.22149e-008	0.0135986
3.22399e-008	0.0208496
3.22649e-008	0.012793
3.22899e-008	0.0132568
3.23149e-008	0.0294434
3.23399e-008	0.0184082
3.23649e-008	0.0098877
3.23899e-008	0.0145996
3.24149e-008	0.0277832
3.24399e-008	0.032251
3.24649e-008	0.0182373
3.24899e-008	0.0238525
3.25149e-008	0.0239746
3.25399e-008	0.0193359
3.25649e-008	0.0290527
3.25899e-008	0.0136231
3.26149e-008	0.0148193
3.26399e-008	0.0377197
3.26649e-008	0.0331787
3.26899e-008	0.0313721
3.27149e-008	0.0204834
3.27399e-008	0.0132324
3.27649e-008	0.0356201
3.27899e-008	0.0304688
3.28149e-008	0.0165772
3.28399e-008	0.0242188
3.28649e-008	0.0250244
3.28899e-008	0.0205811
3.29149e-008	0.023169
3.29399e-008	0.0338135
3.29649e-008	0.0371338
3.29899e-008	0.0293945
3.30149e-008	0.0197998
3.30399e-008	0.0164063
3.30649e-008	0.0237549
3.30899e-008	0.0288818
3.31149e-008	0.0294434
3.31399e-008	0.0346191
3.31649e-008	0.0323486
3.31899e-008	0.0143066
3.32149e-008	0.0169922
3.32399e-008	0.0329346
3.32649e-008	0.0229736
3.32899e-008	0.0176758
3.33149e-008	0.0211426
3.33399e-008	0.0222412
3.33649e-008	0.027832
3.33899e-008	0.0194336
3.34149e-008	0.0134277
3.34399e-008	0.0203125
3.34649e-008	0.0223145
3.34899e-008	0.0186768
3.35149e-008	0.0152832
3.35399e-008	0.0248779
3.35649e-008	0.0299805
3.35899e-008	0.0123779
3.36149e-008	0.0106934
3.36399e-008	0.0228272
3.36649e-008	0.0172363
3.36899e-008	0.0233399
3.37149e-008	0.0313233
3.37399e-008	0.0209961
3.37649e-008	0.0215576
3.37899e-008	0.0204102
3.38149e-008	0.0156982
3.38399e-008	0.02146
3.38649e-008	0.0216553
3.38899e-008	0.0257324
3.39149e-008	0.0287842
3.39399e-008	0.0159424
3.39649e-008	0.011377
3.39899e-008	0.00705567
3.40149e-008	0.00532227
3.40399e-008	0.0255127
3.40649e-008	0.0242188
3.40899e-008	0.0178711
3.41149e-008	0.0243408
3.41399e-008	0.0206055
3.41649e-008	0.0341065
3.41899e-008	0.030835
3.42149e-008	0.0214356
3.42399e-008	0.0335449
3.42649e-008	0.025293
3.42899e-008	0.0299072
3.43149e-008	0.0382568
3.43399e-008	0.0360352
3.43649e-008	0.0389404
3.43899e-008	0.0208984
3.44149e-008	0.0143066
3.44399e-008	0.0163574
3.44649e-008	0.0157715
3.44899e-008	0.0260498
3.45149e-008	0.0175781
3.45399e-008	0.0159424
3.45649e-008	0.0287842
3.45899e-008	0.0219727
3.46149e-008	0.0125732
3.46399e-008	0.0123291
3.46649e-008	0.00793458
3.46899e-008	0.0114746
3.47149e-008	0.0302734
3.47399e-008	0.0356934
3.47649e-008	0.0275635
3.47899e-008	0.020044
3.48149e-008	0.015625
3.48399e-008	0.0182617
3.48649e-008	0.0180176
3.48899e-008	0.0201416
3.49149e-008	0.0252197
3.49399e-008	0.0302002
3.49649e-008	0.0296875
3.49899e-008	0.0145264
3.50149e-008	0.018335
3.50399e-008	0.0296387
3.50649e-008	0.0220703
3.50899e-008	0.0247559
3.51149e-008	0.0243652
3.51399e-008	0.018335
3.51649e-008	0.0229004
3.51899e-008	0.0187012
3.52149e-008	0.0149414
3.52399e-008	0.0203125
3.52649e-008	0.0256348
3.52899e-008	0.0275391
3.53149e-008	0.0249512
3.53399e-008	0.0302979
3.53649e-008	0.0332275
3.53899e-008	0.0199707
3.54149e-008	0.0189453
3.54399e-008	0.0337647
3.54649e-008	0.0352783
3.54899e-008	0.0330322
3.55149e-008	0.038794
3.55399e-008	0.0345947
3.55649e-008	0.0286865
3.55899e-008	0.0287842
3.56149e-008	0.019165
3.56399e-008	0.010791
3.56649e-008	0.0166504
3.56899e-008	0.0257324
3.57149e-008	0.0293457
3.57399e-008	0.0343262
3.57649e-008	0.0337647
3.57899e-008	0.0178467
3.58149e-008	0.0134033
3.58399e-008	0.0111816
3.58649e-008	0.00351563
3.58899e-008	0.0138916
3.59149e-008	0.0175537
3.59399e-008	0.0225098
3.59649e-008	0.0300293
3.59899e-008	0.02146
3.60149e-008	0.0241455
3.60399e-008	0.0201416
3.60649e-008	0.0256592
3.60899e-008	0.0416748
3.61149e-008	0.0172363
3.61399e-008	0.0108643
3.61649e-008	0.0212891
3.61899e-008	0.00788575
3.62149e-008	0.0168945
3.62399e-008	0.0289795
3.62649e-008	0.0252441
3.62899e-008	0.0257324
3.63149e-008	0.0255371
3.63399e-008	0.032544
3.63649e-008	0.030957
3.63899e-008	0.0108643
3.64149e-008	0.0125488
3.64399e-008	0.0253662
3.64649e-008	0.0255127
3.64899e-008	0.0349121
3.65149e-008	0.0246826
3.65399e-008	0.00637208
3.65649e-008	0.0192627
3.65899e-008	0.0246094
3.66149e-008	0.0264404
3.66399e-008	0.0249512
3.66649e-008	0.0171631
3.66899e-008	0.0295166
3.67149e-008	0.0202393
3.67399e-008	0.0135986
3.67649e-008	0.0476807
3.67899e-008	0.0457031
3.68149e-008	0.0161133
3.68399e-008	0.021167
3.68649e-008	0.0309326
3.68899e-008	0.0298828
3.69149e-008	0.0196777
3.69399e-008	0.0118164
3.69649e-008	0.0291992
3.69899e-008	0.0290527
3.70149e-008	0.01875
3.70399e-008	0.0198242
3.70649e-008	0.00891114
3.70899e-008	0.0187744
3.71149e-008	0.0305176
3.71399e-008	0.029541
3.71649e-008	0.03396
3.71899e-008	0.0165527
3.72149e-008	0.0132813
3.72399e-008	0.0211182
3.72649e-008	0.0138916
3.72899e-008	0.0224609
3.73149e-008	0.0309082
3.73399e-008	0.0389893
3.73649e-008	0.0331787
3.73899e-008	0.0119873
3.74149e-008	0.0251953
3.74399e-008	0.0353027
3.74649e-008	0.0214111
3.74899e-008	0.0198975
3.75149e-008	0.0237061
3.75399e-008	0.0245117
3.75649e-008	0.0213379
3.75899e-008	0.0209229
3.76149e-008	0.0256836
3.76399e-008	0.0209961
3.76649e-008	0.0206787
3.76899e-008	0.0261963
3.77149e-008	0.0179688
3.77399e-008	0.0228027
3.77649e-008	0.0273438
3.77899e-008	0.0106445
3.78149e-008	0.017041
3.78399e-008	0.0205811
3.78649e-008	0.0105713
3.78899e-008	0.032544
3.79149e-008	0.0441406
3.79399e-008	0.0266113
3.79649e-008	0.0273926
3.79899e-008	0.0345215
3.80149e-008	0.0228272
3.80399e-008	0.0157715
3.80649e-008	0.0174072
3.80899e-008	0.0148926
3.81149e-008	0.0136963
3.81399e-008	0.0184815
3.81649e-008	0.0304443
3.81899e-008	0.0317139
3.82149e-008	0.0157959
3.82399e-008	0.00979005
3.82649e-008	0.0197022
3.82899e-008	0.0274902
3.83149e-008	0.0239014
3.83399e-008	0.020874
3.83649e-008	0.0253906
3.83899e-008	0.0220947
3.84149e-008	0.0197266
3.84399e-008	0.0319336
3.84649e-008	0.03125
3.84899e-008	0.0165039
3.85149e-008	0.0138428
3.85399e-008	0.0232666
3.85649e-008	0.0360596
3.85899e-008	0.0276611
3.86149e-008	0.011377
3.86399e-008	0.0226074
3.86649e-008	0.0213379
3.86899e-008	0.0137695
3.87149e-008	0.0241943
3.87399e-008	0.013501
3.87649e-008	0.0126465
3.87899e-008	0.033252
3.88149e-008	0.0344727
3.88399e-008	0.0258057
3.88649e-008	0.0170899
3.88899e-008	0.0157959
3.89149e-008	0.0217774
3.89399e-008	0.0218018
3.89649e-008	0.0207031
3.89899e-008	0.0279053
3.90149e-008	0.0331543
3.90399e-008	0.026294
3.90649e-008	0.0250488
3.90899e-008	0.031665
3.91149e-008	0.0276123
3.91399e-008	0.0170166
3.91649e-008	0.0186035
3.91899e-008	0.0196777
3.92149e-008	0.0161377
3.92399e-008	0.0294434
3.92649e-008	0.0271973
3.92899e-008	0.014917
3.93149e-008	0.0215576
3.93399e-008	0.0158936
3.93649e-008	0.0143066
3.93899e-008	0.0136963
3.94149e-008	0.00559083
3.94399e-008	0.0158936
3.94649e-008	0.0168213
3.94899e-008	0.0165039
3.95149e-008	0.0149902
3.95399e-008	0.00551759
3.95649e-008	0.0170654
3.95899e-008	0.0238525
3.96149e-008	0.0323486
3.96399e-008	0.0369629
3.96649e-008	0.00717774
3.96899e-008	0.0025879
3.97149e-008	0.0226318
3.97399e-008	0.0192383
3.97649e-008	0.0245361
3.97899e-008	0.0314453
3.98149e-008	0.0165527
3.98399e-008	0.0151611
3.98649e-008	0.0208252
3.98899e-008	0.018457
3.99149e-008	0.0218018
3.99399e-008	0.0236816
3.99649e-008	0.0237793
3.99899e-008	0.0151123
4.00149e-008	0.00410157
4.00399e-008	0.0135986
4.00649e-008	0.0282715
4.00899e-008	0.0292481
4.01149e-008	0.0195801
4.01399e-008	0.0230957
4.01649e-008	0.0339356
4.01899e-008	0.0255859
4.02149e-008	0.021875
4.02399e-008	0.0275879
4.02649e-008	0.0261963
4.02899e-008	0.0212158
4.03149e-008	0.0195068
4.03399e-008	0.0329834
4.03649e-008	0.0347168
4.03899e-008	0.020752
4.04149e-008	0.0245606
4.04399e-008	0.0264404
4.04649e-008	0.0240479
4.04899e-008	0.0269775
4.05149e-008	0.0215576
4.05399e-008	0.0237305
4.05649e-008	0.0234619
4.05899e-008	0.0150635
4.06149e-008	0.0200928
4.06399e-008	0.0193359
4.06649e-008	0.014209
4.06899e-008	0.0172852
4.07149e-008	0.020166
4.07399e-008	0.0269043
4.07649e-008	0.023999
4.07899e-008	0.018335
4.08149e-008	0.0290772
4.08399e-008	0.0290772
4.08649e-008	0.020752
4.08899e-008	0.0288574
4.09149e-008	0.0291504
4.09399e-008	0.023291
4.09649e-008	0.0282227
4.09899e-008	0.0218018
4.10149e-008	0.00673829
4.10399e-008	0.00251466
4.10649e-008	0.0194824
4.10899e-008	0.0381592
4.11149e-008	0.0296387
4.11399e-008	0.0217285
4.11649e-008	0.0226563
4.11899e-008	0.0164063
4.12149e-008	0.0165283
4.12399e-008	0.0154297
4.12649e-008	0.014624
4.12899e-008	0.0220215
4.13149e-008	0.0150147
4.13399e-008	0.00859376
4.13649e-008	0.0244385
4.13899e-008	0.0350586
4.14149e-008	0.0310791
4.14399e-008	0.0263672
4.14649e-008	0.0292969
4.14899e-008	0.0391846
4.15149e-008	0.0312012
4.15399e-008	0.0201172
4.15649e-008	0.0255371
4.15899e-008	0.0164063
4.16149e-008	0.00893555
4.16399e-008	0.0201416
4.16649e-008	0.0293457
4.16899e-008	0.0282715
4.17149e-008	0.0133545
4.17399e-008	0.0187988
4.17649e-008	0.0271484
4.17899e-008	0.0036377
4.18149e-008	0.0104981
4.18399e-008	0.0301514
4.18649e-008	0.0203369
4.18899e-008	0.0272217
4.19149e-008	0.0359375
4.19399e-008	0.0310791
4.19649e-008	0.0263672
4.19899e-008	0.0134766
4.20149e-008	0.0135254
4.20399e-008	0.0222168
4.20649e-008	0.0178955
4.20899e-008	0.0115723
4.21149e-008	0.0163818
4.21399e-008	0.0318115
4.21649e-008	0.0327637
4.21899e-008	0.00869141
4.22149e-008	0.00219727
4.22399e-008	0.0267822
4.22649e-008	0.0355469
4.22899e-008	0.0321045
4.23149e-008	0.0308594
4.23399e-008	0.0161621
4.23649e-008	0.0137451
4.23899e-008	0.0213135
4.24149e-008	0.0187744
4.24399e-008	0.0204834
4.24649e-008	0.0221436
4.24899e-008	0.0170654
4.25149e-008	0.0151367
4.25399e-008	0.0255371
4.25649e-008	0.0307129
4.25899e-008	0.0188721
4.26149e-008	0.0152832
4.26399e-008	0.0175781
4.26649e-008	0.0148438
4.26899e-008	0.024707
4.27149e-008	0.0344971
4.27399e-008	0.0237061
4.27649e-008	0.0154297
4.27899e-008	0.0220703
4.28149e-008	0.0237793
4.28399e-008	0.0210449
4.28649e-008	0.0260742
4.28899e-008	0.0281494
4.29149e-008	0.0216309
4.29399e-008	0.0176758
4.29649e-008	0.0176514
4.29899e-008	0.0141602
4.30149e-008	0.0162842
4.30399e-008	0.030835
4.30649e-008	0.0300537
4.30899e-008	0.0215576
4.31149e-008	0.0276367
4.31399e-008	0.0144531
4.31649e-008	0.00031739
4.31899e-008	0.00458985
4.32149e-008	0.011084
4.32399e-008	0.0342529
4.32649e-008	0.0282959
4.32899e-008	0.0113525
4.33149e-008	0.0273926
4.33399e-008	0.0240967
4.33649e-008	0.0275635
4.33899e-008	0.0389893
4.34149e-008	0.0263184
4.34399e-008	0.0198486
4.34649e-008	0.0230225
4.34899e-008	0.0338867
4.35149e-008	0.0286133
4.35399e-008	0.0248291
4.35649e-008	0.041919
4.35899e-008	0.0272949
4.36149e-008	0.0138428
4.36399e-008	0.0288086
4.36649e-008	0.0302246
4.36899e-008	0.0288818
4.37149e-008	0.0269531
4.37399e-008	0.0199707
4.37649e-008	0.0244873
4.37899e-008	0.0124268
4.38149e-008	0.00168458
4.38399e-008	0.0230957
4.38649e-008	0.0251221
4.38899e-008	0.0192627
4.39149e-008	0.0244141
4.39399e-008	0.0171387
4.39649e-008	0.0210449
4.39899e-008	0.0161133
4.40149e-008	0.00664063
4.40399e-008	0.0233643
4.40649e-008	0.028833
4.40899e-008	0.0298828
4.41149e-008	0.0273926
4.41399e-008	0.0148438
4.41649e-008	0.0238037
4.41899e-008	0.0251221
4.42149e-008	0.0186768
4.42399e-008	0.023291
4.42649e-008	0.0203125
4.42899e-008	0.0205078
4.43149e-008	0.0192627
4.43399e-008	0.0208496
4.43649e-008	0.0211426
4.43899e-008	0.0090088
4.44149e-008	0.0162598
4.44399e-008	0.022876
4.44649e-008	0.0234863
4.44899e-008	0.0380371
4.45149e-008	0.0271729
4.45399e-008	0.015332
4.45649e-008	0.0236572
4.45899e-008	0.00812989
4.46149e-008	0.0114746
4.46399e-008	0.0352051
4.46649e-008	0.024585
4.46899e-008	0.0187744
4.47149e-008	0.0200928
4.47399e-008	0.0193359
4.47649e-008	0.0260986
4.47899e-008	0.0135254
4.48149e-008	0.0114746
4.48399e-008	0.0155029
4.48649e-008	0.00561524
4.48899e-008	0.0162354
4.49149e-008	0.0229492
4.49399e-008	0.00954591
4.49649e-008	0.00776368
4.49899e-008	0.0199707
4.50149e-008	0.0243408
4.50399e-008	0.017749
4.50649e-008	0.0227051
4.50899e-008	0.0331299
4.51149e-008	0.0212891
4.51399e-008	0.017041
4.51649e-008	0.029126
4.51899e-008	0.00881348
4.52149e-008	0.0126709
4.52399e-008	0.0438233
4.52649e-008	0.0227295
4.52899e-008	0.0121826
4.53149e-008	0.0213135
4.53399e-008	0.0126953
4.53649e-008	0.0245606
4.53899e-008	0.0372315
4.54149e-008	0.0313233
4.54399e-008	0.0244141
4.54649e-008	0.0259766
4.54899e-008	0.0286377
4.55149e-008	0.0184815
4.55399e-008	0.0148193
4.55649e-008	0.0247559
4.55899e-008	0.025
4.56149e-008	0.0136231
4.56399e-008	0.0067627
4.56649e-008	0.0131104
4.56899e-008	0.0212402
4.57149e-008	0.0227539
4.57399e-008	0.0313477
4.57649e-008	0.0319092
4.57899e-008	0.0193604
4.58149e-008	0.0149902
4.58399e-008	0.012207
4.58649e-008	0.0193359
4.58899e-008	0.0251953
4.59149e-008	0.0154053
4.59399e-008	0.0216065
4.59649e-008	0.040332
4.59899e-008	0.0396973
4.60149e-008	0.0205078
4.60399e-008	0.0156982
4.60649e-008	0.015332
4.60899e-008	0.0053711
4.61149e-008	0.0138428
4.61399e-008	0.0234375
4.61649e-008	0.0246582
4.61899e-008	0.0200195
4.62149e-008	0.00957032
4.62399e-008	0.0197022
4.62649e-008	0.0307129
4.62899e-008	0.0263916
4.63149e-008	0.015918
4.63399e-008	0.0084961
4.63649e-008	0.0226074
4.63899e-008	0.0317627
4.64149e-008	0.020166
4.64399e-008	0.0165039
4.64649e-008	0.0240479
4.64899e-008	0.0229004
4.65149e-008	0.0257324
4.65399e-008	0.0343994
4.65649e-008	0.0211914
4.65899e-008	0.0163574
4.66149e-008	0.0205078
4.66399e-008	0.010791
4.66649e-008	0.0155518
4.66899e-008	0.0185303
4.67149e-008	0.0197022
4.67399e-008	0.0267578
4.67649e-008	0.0117188
4.67899e-008	0.00410157
4.68149e-008	0.0199219
4.68399e-008	0.0281006
4.68649e-008	0.0282471
4.68899e-008	0.0319092
4.69149e-008	0.0287354
4.69399e-008	0.0262207
4.69649e-008	0.0257568
4.69899e-008	0.0121094
4.70149e-008	0.0123047
4.70399e-008	0.0216065
4.70649e-008	0.0275635
4.70899e-008	0.0338623
4.71149e-008	0.0198975
4.71399e-008	0.0182129
4.71649e-008	0.0225342
4.71899e-008	0.010376
4.72149e-008	0.0201172
4.72399e-008	0.0293701
4.72649e-008	0.0181885
4.72899e-008	0.0151611
4.73149e-008	0.0202393
4.73399e-008	0.0256348
4.73649e-008	0.0327393
4.73899e-008	0.029126
4.74149e-008	0.0131836
4.74399e-008	0.012207
4.74649e-008	0.0240967
4.74899e-008	0.0312988
4.75149e-008	0.0361816
4.75399e-008	0.0293213
4.75649e-008	0.0207031
4.75899e-008	0.0197266
4.76149e-008	0.0116455
4.76399e-008	0.0111328
4.76649e-008	0.0101318
4.76899e-008	0.00300294
4.77149e-008	0.0176758
4.77399e-008	0.0296143
4.77649e-008	0.0277588
4.77899e-008	0.0215576
4.78149e-008	0.0166748
4.78399e-008	0.023169
4.78649e-008	0.0162842
4.78899e-008	0.0211914
4.79149e-008	0.03479
4.79399e-008	0.0257568
4.79649e-008	0.0296387
4.79899e-008	0.023999
4.80149e-008	0.0182617
4.80399e-008	0.0352051
4.80649e-008	0.023584
4.80899e-008	0.00612794
4.81149e-008	0.0057129
4.81399e-008	0.0137451
4.81649e-008	0.0250488
4.81899e-008	0.0076172
4.82149e-008	0.00651856
4.82399e-008	0.0333984
4.82649e-008	0.020166
4.82899e-008	0.0134033
4.83149e-008	0.0307617
4.83399e-008	0.0228027
4.83649e-008	0.0243164
4.83899e-008	0.0275635
4.84149e-008	0.0195557
4.84399e-008	0.0234375
4.84649e-008	0.0153076
4.84899e-008	0.010083
4.85149e-008	0.0203369
4.85399e-008	0.0263428
4.85649e-008	0.0281494
4.85899e-008	0.0208252
4.86149e-008	0.0206787
4.86399e-008	0.0316895
4.86649e-008	0.0295899
4.86899e-008	0.0225342
4.87149e-008	0.025293
4.87399e-008	0.0273926
4.87649e-008	0.0202149
4.87899e-008	0.00842286
4.88149e-008	0.00478516
4.88399e-008	0.0143066
4.88649e-008	0.0153809
4.88899e-008	0.0114014
4.89149e-008	0.0212891
4.89399e-008	0.0230469
4.89649e-008	0.0242676
4.89899e-008	0.0379639
4.90149e-008	0.035669
4.90399e-008	0.0271729
4.90649e-008	0.0245606
4.90899e-008	0.017749
4.91149e-008	0.0154541
4.91399e-008	0.0150147
4.91649e-008	0.0218994
4.91899e-008	0.0351563
4.92149e-008	0.0279541
4.92399e-008	0.019165
4.92649e-008	0.0266602
4.92899e-008	0.0233154
4.93149e-008	0.0156494
4.93399e-008	0.0232178
4.93649e-008	0.0338135
4.93899e-008	0.039917
4.94149e-008	0.0350586
4.94399e-008	0.02146
4.94649e-008	0.0186035
4.94899e-008	0.024585
4.95149e-008	0.0228516
4.95399e-008	0.0179443
4.95649e-008	0.0152588
4.95899e-008	0.00817872
4.96149e-008	0.0144287
4.96399e-008	0.0247559
4.96649e-008	0.0181885
4.96899e-008	0.0242676
4.97149e-008	0.0227783
4.97399e-008	0.0138916
4.97649e-008	0.0279785
4.97899e-008	0.0216065
4.98149e-008	0.012085
4.98399e-008	0.026294
4.98649e-008	0.0273926
4.98899e-008	0.0247559
4.99149e-008	0.0298828
4.99399e-008	0.0356445
4.99649e-008	0.0376709
4.99899e-008	0.024292
5.00149e-008	0.0139404
