# LECROYWM813Zi	51496	Waveform
# Segments	1	SegmentSize	4002
# Segment	TrigTime	TimeSinceSegment1
# #1	30-Nov-2018 17:07:39	0                 
# Time	Ampl
-5.001713e-008	0.012793
-4.999213e-008	0.0159912
-4.996713e-008	0.0222412
-4.994213e-008	0.0267334
-4.991713e-008	0.0298096
-4.989213e-008	0.0187256
-4.986713e-008	0.0229981
-4.984213e-008	0.0225586
-4.981713e-008	0.00788575
-4.979213e-008	0.0281006
-4.976713e-008	0.0466309
-4.974213e-008	0.0250488
-4.971713e-008	0.0233643
-4.969213e-008	0.0375733
-4.966713e-008	0.0319824
-4.964213e-008	0.0296631
-4.961713e-008	0.0343262
-4.959213e-008	0.0340332
-4.956713e-008	0.024585
-4.954213e-008	0.022168
-4.951713e-008	0.0217529
-4.949213e-008	0.0150635
-4.946713e-008	0.025415
-4.944213e-008	0.029834
-4.941713e-008	0.0308594
-4.939213e-008	0.0399902
-4.936713e-008	0.0280518
-4.934213e-008	0.0258301
-4.931713e-008	0.0364502
-4.929213e-008	0.0313965
-4.926713e-008	0.0239502
-4.924213e-008	0.0150635
-4.921713e-008	0.0237549
-4.919213e-008	0.0297608
-4.916713e-008	0.0121338
-4.914213e-008	0.0182129
-4.911713e-008	0.0238281
-4.909213e-008	0.0172852
-4.906713e-008	0.0182861
-4.904213e-008	0.0182861
-4.901713e-008	0.0341065
-4.899213e-008	0.0285889
-4.896713e-008	0.0117432
-4.894213e-008	0.0246582
-4.891713e-008	0.0227783
-4.889213e-008	0.0184082
-4.886713e-008	0.0268311
-4.884213e-008	0.0253906
-4.881713e-008	0.0285156
-4.879213e-008	0.0285645
-4.876713e-008	0.0222168
-4.874213e-008	0.0228027
-4.871713e-008	0.0175781
-4.869213e-008	0.00993653
-4.866713e-008	0.0185303
-4.864213e-008	0.0250488
-4.861713e-008	0.0237305
-4.859213e-008	0.0375244
-4.856713e-008	0.0358399
-4.854213e-008	0.0193848
-4.851713e-008	0.0196289
-4.849213e-008	0.00559083
-4.846713e-008	0.00383302
-4.844213e-008	0.0274658
-4.841713e-008	0.0236084
-4.839213e-008	0.0147705
-4.836713e-008	0.0201172
-4.834213e-008	0.0234863
-4.831713e-008	0.0275879
-4.829213e-008	0.032959
-4.826713e-008	0.029834
-4.824213e-008	0.0227539
-4.821713e-008	0.0323242
-4.819213e-008	0.0377686
-4.816713e-008	0.030127
-4.814213e-008	0.026709
-4.811713e-008	0.0154541
-4.809213e-008	0.0140381
-4.806713e-008	0.0323242
-4.804213e-008	0.0333008
-4.801713e-008	0.022876
-4.799213e-008	0.02771
-4.796713e-008	0.0314209
-4.794213e-008	0.0268555
-4.791713e-008	0.0291016
-4.789213e-008	0.0313233
-4.786713e-008	0.0291748
-4.784213e-008	0.0246094
-4.781713e-008	0.0194336
-4.779213e-008	0.0263672
-4.776713e-008	0.0254395
-4.774213e-008	0.0196045
-4.771713e-008	0.0335693
-4.769213e-008	0.0320313
-4.766713e-008	0.0146973
-4.764213e-008	0.00556641
-4.761713e-008	0.0186768
-4.759213e-008	0.0420166
-4.756713e-008	0.0230225
-4.754213e-008	0.0145996
-4.751713e-008	0.0290039
-4.749213e-008	0.015332
-4.746713e-008	0.0236572
-4.744213e-008	0.0236328
-4.741713e-008	0.0101563
-4.739213e-008	0.0330322
-4.736713e-008	0.0235107
-4.734213e-008	0.0102051
-4.731713e-008	0.026001
-4.729213e-008	0.0104248
-4.726713e-008	0.00705567
-4.724213e-008	0.0199219
-4.721713e-008	0.0191162
-4.719213e-008	0.0302246
-4.716713e-008	0.0283691
-4.714213e-008	0.0228027
-4.711713e-008	0.0271973
-4.709213e-008	0.025
-4.706713e-008	0.0342285
-4.704213e-008	0.0346924
-4.701713e-008	0.0289551
-4.699213e-008	0.0281494
-4.696713e-008	0.0105713
-4.694213e-008	0.0182129
-4.691713e-008	0.0343262
-4.689213e-008	0.0199951
-4.686713e-008	0.0261963
-4.684213e-008	0.0339111
-4.681713e-008	0.0190674
-4.679213e-008	0.0231934
-4.676713e-008	0.0286377
-4.674213e-008	0.0203125
-4.671713e-008	0.0172119
-4.669213e-008	0.0147705
-4.666713e-008	0.00361329
-4.664213e-008	-0.00253906
-4.661713e-008	0.0199219
-4.659213e-008	0.0439453
-4.656713e-008	0.0371826
-4.654213e-008	0.0253662
-4.651713e-008	0.0259033
-4.649213e-008	0.0251953
-4.646713e-008	0.0183594
-4.644213e-008	0.0125244
-4.641713e-008	0.0187012
-4.639213e-008	0.0247559
-4.636713e-008	0.0178955
-4.634213e-008	0.0279785
-4.631713e-008	0.0352539
-4.629213e-008	0.024707
-4.626713e-008	0.0343262
-4.624213e-008	0.0282715
-4.621713e-008	0.0155762
-4.619213e-008	0.0262207
-4.616713e-008	0.0245606
-4.614213e-008	0.0252686
-4.611713e-008	0.0314209
-4.609213e-008	0.0347412
-4.606713e-008	0.0227783
-4.604213e-008	0.00566407
-4.601713e-008	0.0269775
-4.599213e-008	0.0358887
-4.596713e-008	0.018335
-4.594213e-008	0.0183594
-4.591713e-008	0.0228272
-4.589213e-008	0.0258545
-4.586713e-008	0.0237793
-4.584213e-008	0.0161621
-4.581713e-008	0.0217529
-4.579213e-008	0.0335449
-4.576713e-008	0.0309082
-4.574213e-008	0.0314209
-4.571713e-008	0.0363525
-4.569213e-008	0.0291504
-4.566713e-008	0.0310303
-4.564213e-008	0.0323975
-4.561713e-008	0.0316406
-4.559213e-008	0.0319824
-4.556713e-008	0.0171387
-4.554213e-008	0.0207764
-4.551713e-008	0.0336182
-4.549213e-008	0.0324951
-4.546713e-008	0.0348389
-4.544213e-008	0.0260742
-4.541713e-008	0.0208252
-4.539213e-008	0.0300537
-4.536713e-008	0.021167
-4.534213e-008	0.0140381
-4.531713e-008	0.0283691
-4.529213e-008	0.027002
-4.526713e-008	0.0139893
-4.524213e-008	0.0273193
-4.521713e-008	0.0317871
-4.519213e-008	0.00800782
-4.516713e-008	0.00771485
-4.514213e-008	0.0223633
-4.511713e-008	0.0238281
-4.509213e-008	0.0231445
-4.506713e-008	0.025
-4.504213e-008	0.0269775
-4.501713e-008	0.0229492
-4.499213e-008	0.0175293
-4.496713e-008	0.0163086
-4.494213e-008	0.0211182
-4.491713e-008	0.0227539
-4.489213e-008	0.023169
-4.486713e-008	0.0306152
-4.484213e-008	0.0260986
-4.481713e-008	0.0298584
-4.479213e-008	0.0429932
-4.476713e-008	0.0389649
-4.474213e-008	0.0301514
-4.471713e-008	0.0194824
-4.469213e-008	0.0202393
-4.466713e-008	0.0276367
-4.464213e-008	0.0300781
-4.461713e-008	0.0425049
-4.459213e-008	0.0412109
-4.456713e-008	0.0266846
-4.454213e-008	0.0264649
-4.451713e-008	0.0191406
-4.449213e-008	0.0110596
-4.446713e-008	0.0192383
-4.444213e-008	0.019458
-4.441713e-008	0.0212402
-4.439213e-008	0.0263672
-4.436713e-008	0.0216553
-4.434213e-008	0.0266602
-4.431713e-008	0.0325928
-4.429213e-008	0.0287354
-4.426713e-008	0.0205078
-4.424213e-008	0.0168945
-4.421713e-008	0.0375244
-4.419213e-008	0.0394531
-4.416713e-008	0.0034668
-4.414213e-008	0.00100098
-4.411713e-008	0.023877
-4.409213e-008	0.0301025
-4.406713e-008	0.0301758
-4.404213e-008	0.0177979
-4.401713e-008	0.0182617
-4.399213e-008	0.0346436
-4.396713e-008	0.03125
-4.394213e-008	0.0337402
-4.391713e-008	0.0371338
-4.389213e-008	0.0235596
-4.386713e-008	0.0290283
-4.384213e-008	0.036499
-4.381713e-008	0.0312988
-4.379213e-008	0.0373291
-4.376713e-008	0.0314453
-4.374213e-008	0.0193604
-4.371713e-008	0.0187012
-4.369213e-008	0.0195313
-4.366713e-008	0.0329346
-4.364213e-008	0.0331055
-4.361713e-008	0.013916
-4.359213e-008	0.0189941
-4.356713e-008	0.0296143
-4.354213e-008	0.0264649
-4.351713e-008	0.0262695
-4.349213e-008	0.0174805
-4.346713e-008	0.0178467
-4.344213e-008	0.0311279
-4.341713e-008	0.0252441
-4.339213e-008	0.029126
-4.336713e-008	0.0425781
-4.334213e-008	0.0379395
-4.331713e-008	0.0249756
-4.329213e-008	0.0108399
-4.326713e-008	0.0107178
-4.324213e-008	0.0186768
-4.321713e-008	0.028418
-4.319213e-008	0.0292236
-4.316713e-008	0.0161377
-4.314213e-008	0.0235107
-4.311713e-008	0.0318359
-4.309213e-008	0.030249
-4.306713e-008	0.0356201
-4.304213e-008	0.0260742
-4.301713e-008	0.0288818
-4.299213e-008	0.0420899
-4.296713e-008	0.0249268
-4.294213e-008	0.0214356
-4.291713e-008	0.0313965
-4.289213e-008	0.0241943
-4.286713e-008	0.024292
-4.284213e-008	0.0171631
-4.281713e-008	0.014502
-4.279213e-008	0.0290283
-4.276713e-008	0.0241943
-4.274213e-008	0.0241455
-4.271713e-008	0.0316162
-4.269213e-008	0.0243652
-4.266713e-008	0.0286377
-4.264213e-008	0.0310059
-4.261713e-008	0.0258301
-4.259213e-008	0.0411621
-4.256713e-008	0.0418701
-4.254213e-008	0.0162842
-4.251713e-008	0.0134522
-4.249213e-008	0.0272949
-4.246713e-008	0.0320801
-4.244213e-008	0.0310303
-4.241713e-008	0.0305664
-4.239213e-008	0.0232178
-4.236713e-008	0.000610359
-4.234213e-008	0.00649415
-4.231713e-008	0.0429932
-4.229213e-008	0.0441406
-4.226713e-008	0.028418
-4.224213e-008	0.0365723
-4.221713e-008	0.0366943
-4.219213e-008	0.0246582
-4.216713e-008	0.0210938
-4.214213e-008	0.0171387
-4.211713e-008	0.0192383
-4.209213e-008	0.0276367
-4.206713e-008	0.0251953
-4.204213e-008	0.026294
-4.201713e-008	0.0335693
-4.199213e-008	0.0306152
-4.196713e-008	0.0291748
-4.194213e-008	0.0319336
-4.191713e-008	0.0282227
-4.189213e-008	0.0273682
-4.186713e-008	0.032251
-4.184213e-008	0.0289063
-4.181713e-008	0.0268555
-4.179213e-008	0.0340332
-4.176713e-008	0.0213135
-4.174213e-008	0.011792
-4.171713e-008	0.0238037
-4.169213e-008	0.0204834
-4.166713e-008	0.0243164
-4.164213e-008	0.0289307
-4.161713e-008	0.0205322
-4.159213e-008	0.0324707
-4.156713e-008	0.0355713
-4.154213e-008	0.0277344
-4.151713e-008	0.0240234
-4.149213e-008	0.00908204
-4.146713e-008	0.0128418
-4.144213e-008	0.0359131
-4.141713e-008	0.041626
-4.139213e-008	0.0346191
-4.136713e-008	0.0288574
-4.134213e-008	0.0270508
-4.131713e-008	0.0292969
-4.129213e-008	0.0268555
-4.126713e-008	0.0268799
-4.124213e-008	0.0284424
-4.121713e-008	0.0269287
-4.119213e-008	0.0295654
-4.116713e-008	0.0192139
-4.114213e-008	0.0171143
-4.111713e-008	0.0309082
-4.109213e-008	0.0218018
-4.106713e-008	0.0196045
-4.104213e-008	0.0333008
-4.101713e-008	0.0339356
-4.099213e-008	0.0346924
-4.096713e-008	0.0268311
-4.094213e-008	0.0194092
-4.091713e-008	0.0345215
-4.089213e-008	0.0274414
-4.086713e-008	0.00251466
-4.084213e-008	0.0203857
-4.081713e-008	0.0449707
-4.079213e-008	0.0330811
-4.076713e-008	0.0256348
-4.074213e-008	0.0271973
-4.071713e-008	0.0241455
-4.069213e-008	0.0334717
-4.066713e-008	0.0382568
-4.064213e-008	0.0249512
-4.061713e-008	0.0205078
-4.059213e-008	0.0282959
-4.056713e-008	0.0212402
-4.054213e-008	0.0147461
-4.051713e-008	0.0251465
-4.049213e-008	0.0218994
-4.046713e-008	0.0127441
-4.044213e-008	0.0219971
-4.041713e-008	0.0337891
-4.039213e-008	0.0365723
-4.036713e-008	0.0304199
-4.034213e-008	0.0176514
-4.031713e-008	0.0154541
-4.029213e-008	0.0293213
-4.026713e-008	0.0289307
-4.024213e-008	0.0181885
-4.021713e-008	0.0317627
-4.019213e-008	0.0355713
-4.016713e-008	0.0100586
-4.014213e-008	0.00786134
-4.011713e-008	0.0256348
-4.009213e-008	0.0269531
-4.006713e-008	0.0179932
-4.004213e-008	0.0139404
-4.001713e-008	0.0255615
-3.999213e-008	0.0371094
-3.996713e-008	0.0305176
-3.994213e-008	0.0228027
-3.991713e-008	0.0290039
-3.989213e-008	0.0298828
-3.986713e-008	0.00913087
-3.984213e-008	0.00878907
-3.981713e-008	0.0328613
-3.979213e-008	0.0364746
-3.976713e-008	0.0305908
-3.974213e-008	0.0232178
-3.971713e-008	0.0134033
-3.969213e-008	0.0132568
-3.966713e-008	0.0229248
-3.964213e-008	0.0370606
-3.961713e-008	0.0282959
-3.959213e-008	0.0148682
-3.956713e-008	0.0357178
-3.954213e-008	0.04729
-3.951713e-008	0.0280029
-3.949213e-008	0.0186768
-3.946713e-008	0.0305908
-3.944213e-008	0.0307617
-3.941713e-008	0.0203125
-3.939213e-008	0.0273682
-3.936713e-008	0.018042
-3.934213e-008	0.014624
-3.931713e-008	0.0376953
-3.929213e-008	0.0265381
-3.926713e-008	0.0198975
-3.924213e-008	0.0216553
-3.921713e-008	0.0110352
-3.919213e-008	0.0247559
-3.916713e-008	0.0239014
-3.914213e-008	0.0215332
-3.911713e-008	0.0289551
-3.909213e-008	0.0145996
-3.906713e-008	0.0245361
-3.904213e-008	0.0419922
-3.901713e-008	0.0327637
-3.899213e-008	0.0292481
-3.896713e-008	0.0235352
-3.894213e-008	0.0203613
-3.891713e-008	0.0335205
-3.889213e-008	0.0362793
-3.886713e-008	0.034668
-3.884213e-008	0.0271484
-3.881713e-008	0.0121094
-3.879213e-008	0.0203369
-3.876713e-008	0.0293457
-3.874213e-008	0.0266602
-3.871713e-008	0.0334961
-3.869213e-008	0.0323731
-3.866713e-008	0.0193604
-3.864213e-008	0.0173828
-3.861713e-008	0.0290039
-3.859213e-008	0.0329102
-3.856713e-008	0.0204102
-3.854213e-008	0.0155518
-3.851713e-008	0.0274902
-3.849213e-008	0.0285156
-3.846713e-008	0.0173584
-3.844213e-008	0.0190674
-3.841713e-008	0.0211914
-3.839213e-008	0.0180908
-3.836713e-008	0.0246826
-3.834213e-008	0.0312256
-3.831713e-008	0.0300781
-3.829213e-008	0.0266846
-3.826713e-008	0.0251709
-3.824213e-008	0.0218506
-3.821713e-008	0.0239746
-3.819213e-008	0.0281738
-3.816713e-008	0.0157227
-3.814213e-008	0.0141113
-3.811713e-008	0.0226318
-3.809213e-008	0.0171387
-3.806713e-008	0.0158691
-3.804213e-008	0.0126953
-3.801713e-008	0.0205078
-3.799213e-008	0.0379395
-3.796713e-008	0.029541
-3.794213e-008	0.0243897
-3.791713e-008	0.0237061
-3.789213e-008	0.017334
-3.786713e-008	0.029834
-3.784213e-008	0.0334961
-3.781713e-008	0.0240234
-3.779213e-008	0.0285889
-3.776713e-008	0.0270508
-3.774213e-008	0.0202149
-3.771713e-008	0.0288086
-3.769213e-008	0.025708
-3.766713e-008	0.0160889
-3.764213e-008	0.0223145
-3.761713e-008	0.0323242
-3.759213e-008	0.0444092
-3.756713e-008	0.0307861
-3.754213e-008	0.0126709
-3.751713e-008	0.0248535
-3.749213e-008	0.0231445
-3.746713e-008	0.0160156
-3.744213e-008	0.0173828
-3.741713e-008	0.0130127
-3.739213e-008	0.0187012
-3.736713e-008	0.0229248
-3.734213e-008	0.0182861
-3.731713e-008	0.0202881
-3.729213e-008	0.0212158
-3.726713e-008	0.0237549
-3.724213e-008	0.0395508
-3.721713e-008	0.0369873
-3.719213e-008	0.020166
-3.716713e-008	0.0200684
-3.714213e-008	0.0195557
-3.711713e-008	0.0219238
-3.709213e-008	0.0308594
-3.706713e-008	0.0337647
-3.704213e-008	0.0300537
-3.701713e-008	0.0271729
-3.699213e-008	0.0339844
-3.696713e-008	0.0312012
-3.694213e-008	0.0271973
-3.691713e-008	0.0310547
-3.689213e-008	0.0233399
-3.686713e-008	0.0249024
-3.684213e-008	0.0340088
-3.681713e-008	0.0283447
-3.679213e-008	0.0316162
-3.676713e-008	0.0347412
-3.674213e-008	0.0171143
-3.671713e-008	0.0218262
-3.669213e-008	0.0376221
-3.666713e-008	0.0259766
-3.664213e-008	0.020044
-3.661713e-008	0.0265137
-3.659213e-008	0.0384766
-3.656713e-008	0.0449219
-3.654213e-008	0.029541
-3.651713e-008	0.0252686
-3.649213e-008	0.0290039
-3.646713e-008	0.0270264
-3.644213e-008	0.024707
-3.641713e-008	0.0222412
-3.639213e-008	0.0324219
-3.636713e-008	0.017627
-3.634213e-008	-0.000976555
-3.631713e-008	0.0299072
-3.629213e-008	0.0380859
-3.626713e-008	0.0142334
-3.624213e-008	0.0177002
-3.621713e-008	0.0339111
-3.619213e-008	0.0342041
-3.616713e-008	0.0148438
-3.614213e-008	0.0057129
-3.611713e-008	0.0111084
-3.609213e-008	0.0268311
-3.606713e-008	0.0482666
-3.604213e-008	0.0359375
-3.601713e-008	0.024585
-3.599213e-008	0.0351807
-3.596713e-008	0.0279297
-3.594213e-008	0.0219482
-3.591713e-008	0.018335
-3.589213e-008	0.0118897
-3.586713e-008	0.0167481
-3.584213e-008	0.0165772
-3.581713e-008	0.02229
-3.579213e-008	0.0285156
-3.576713e-008	0.0213135
-3.574213e-008	0.026709
-3.571713e-008	0.0289063
-3.569213e-008	0.0197998
-3.566713e-008	0.0290039
-3.564213e-008	0.0323486
-3.561713e-008	0.0194092
-3.559213e-008	0.0296875
-3.556713e-008	0.0352783
-3.554213e-008	0.0196045
-3.551713e-008	0.0233154
-3.549213e-008	0.023291
-3.546713e-008	0.0203857
-3.544213e-008	0.0269043
-3.541713e-008	0.0198242
-3.539213e-008	0.0264649
-3.536713e-008	0.029541
-3.534213e-008	0.0179199
-3.531713e-008	0.0311524
-3.529213e-008	0.0393555
-3.526713e-008	0.0304443
-3.524213e-008	0.0206299
-3.521713e-008	0.0210205
-3.519213e-008	0.0374024
-3.516713e-008	0.0272217
-3.514213e-008	0.0163086
-3.511713e-008	0.0263428
-3.509213e-008	0.0183106
-3.506713e-008	0.0242188
-3.504213e-008	0.0341309
-3.501713e-008	0.0279053
-3.499213e-008	0.0310547
-3.496713e-008	0.0219727
-3.494213e-008	0.0162354
-3.491713e-008	0.0230957
-3.489213e-008	0.0282715
-3.486713e-008	0.0408936
-3.484213e-008	0.0218994
-3.481713e-008	0.00476075
-3.479213e-008	0.0293213
-3.476713e-008	0.0148193
-3.474213e-008	-0.00288085
-3.471713e-008	0.0254883
-3.469213e-008	0.028418
-3.466713e-008	0.019043
-3.464213e-008	0.0229736
-3.461713e-008	0.0276856
-3.459213e-008	0.0362061
-3.456713e-008	0.0349121
-3.454213e-008	0.0293701
-3.451713e-008	0.0274658
-3.449213e-008	0.0318604
-3.446713e-008	0.0368164
-3.444213e-008	0.0262207
-3.441713e-008	0.0180908
-3.439213e-008	0.0255371
-3.436713e-008	0.0241699
-3.434213e-008	0.0199951
-3.431713e-008	0.0244629
-3.429213e-008	0.0236328
-3.426713e-008	0.0311524
-3.424213e-008	0.0266846
-3.421713e-008	0.0149658
-3.419213e-008	0.0325195
-3.416713e-008	0.0358643
-3.414213e-008	0.0218506
-3.411713e-008	0.0193604
-3.409213e-008	0.0258057
-3.406713e-008	0.0318359
-3.404213e-008	0.0206543
-3.401713e-008	0.0209717
-3.399213e-008	0.0381348
-3.396713e-008	0.0327393
-3.394213e-008	0.0193115
-3.391713e-008	0.0224121
-3.389213e-008	0.0283936
-3.386713e-008	0.0321045
-3.384213e-008	0.0292481
-3.381713e-008	0.0228516
-3.379213e-008	0.0234863
-3.376713e-008	0.0254639
-3.374213e-008	0.0273682
-3.371713e-008	0.0219727
-3.369213e-008	0.0210693
-3.366713e-008	0.0268066
-3.364213e-008	0.0189941
-3.361713e-008	0.0231445
-3.359213e-008	0.0326904
-3.356713e-008	0.0190674
-3.354213e-008	0.0129395
-3.351713e-008	0.0272461
-3.349213e-008	0.0344971
-3.346713e-008	0.0380371
-3.344213e-008	0.041333
-3.341713e-008	0.0310059
-3.339213e-008	0.0265137
-3.336713e-008	0.0244141
-3.334213e-008	0.0193115
-3.331713e-008	0.0223877
-3.329213e-008	0.0258789
-3.326713e-008	0.0354248
-3.324213e-008	0.032666
-3.321713e-008	0.0245606
-3.319213e-008	0.0334229
-3.316713e-008	0.0361328
-3.314213e-008	0.0318604
-3.311713e-008	0.0217285
-3.309213e-008	0.0196777
-3.306713e-008	0.0246582
-3.304213e-008	0.0177979
-3.301713e-008	0.0261963
-3.299213e-008	0.0323486
-3.296713e-008	0.0224609
-3.294213e-008	0.0237305
-3.291713e-008	0.020874
-3.289213e-008	0.0205078
-3.286713e-008	0.0331299
-3.284213e-008	0.0348633
-3.281713e-008	0.0330566
-3.279213e-008	0.0353272
-3.276713e-008	0.0263184
-3.274213e-008	0.0173584
-3.271713e-008	0.0221191
-3.269213e-008	0.027417
-3.266713e-008	0.0303711
-3.264213e-008	0.0373535
-3.261713e-008	0.0392334
-3.259213e-008	0.0303223
-3.256713e-008	0.0248047
-3.254213e-008	0.0259766
-3.251713e-008	0.0238525
-3.249213e-008	0.023291
-3.246713e-008	0.0234619
-3.244213e-008	0.0219482
-3.241713e-008	0.0268555
-3.239213e-008	0.029541
-3.236713e-008	0.0283203
-3.234213e-008	0.033374
-3.231713e-008	0.0355957
-3.229213e-008	0.0308594
-3.226713e-008	0.0251709
-3.224213e-008	0.0186524
-3.221713e-008	0.0224609
-3.219213e-008	0.0263672
-3.216713e-008	0.0120117
-3.214213e-008	0.0137695
-3.211713e-008	0.0300781
-3.209213e-008	0.027417
-3.206713e-008	0.0217774
-3.204213e-008	0.0164307
-3.201713e-008	0.0195557
-3.199213e-008	0.035376
-3.196713e-008	0.0344483
-3.194213e-008	0.027002
-3.191713e-008	0.0253418
-3.189213e-008	0.0185059
-3.186713e-008	0.0212647
-3.184213e-008	0.0381104
-3.181713e-008	0.0386475
-3.179213e-008	0.0251221
-3.176713e-008	0.0192627
-3.174213e-008	0.017334
-3.171713e-008	0.0267578
-3.169213e-008	0.0308594
-3.166713e-008	0.0167236
-3.164213e-008	0.0139893
-3.161713e-008	0.0166016
-3.159213e-008	0.0119141
-3.156713e-008	0.0117188
-3.154213e-008	0.0158203
-3.151713e-008	0.0159424
-3.149213e-008	0.0184082
-3.146713e-008	0.0312988
-3.144213e-008	0.0340088
-3.141713e-008	0.0262207
-3.139213e-008	0.0304932
-3.136713e-008	0.0307861
-3.134213e-008	0.0179443
-3.131713e-008	0.0136963
-3.129213e-008	0.0219238
-3.126713e-008	0.0324951
-3.124213e-008	0.0361816
-3.121713e-008	0.0314697
-3.119213e-008	0.0262451
-3.116713e-008	0.0206787
-3.114213e-008	0.0192627
-3.111713e-008	0.027417
-3.109213e-008	0.035376
-3.106713e-008	0.0354004
-3.104213e-008	0.021582
-3.101713e-008	0.0157715
-3.099213e-008	0.0323242
-3.096713e-008	0.0295654
-3.094213e-008	0.0176514
-3.091713e-008	0.0208252
-3.089213e-008	0.0174072
-3.086713e-008	0.0252197
-3.084213e-008	0.0333984
-3.081713e-008	0.0247559
-3.079213e-008	0.0285645
-3.076713e-008	0.0281983
-3.074213e-008	0.019458
-3.071713e-008	0.0270752
-3.069213e-008	0.0352295
-3.066713e-008	0.0333984
-3.064213e-008	0.0299805
-3.061713e-008	0.0295654
-3.059213e-008	0.0254395
-3.056713e-008	0.017334
-3.054213e-008	0.0249756
-3.051713e-008	0.0340576
-3.049213e-008	0.0318604
-3.046713e-008	0.0374512
-3.044213e-008	0.0324219
-3.041713e-008	0.0216065
-3.039213e-008	0.0283691
-3.036713e-008	0.0257813
-3.034213e-008	0.0199219
-3.031713e-008	0.0280518
-3.029213e-008	0.0286865
-3.026713e-008	0.0239502
-3.024213e-008	0.0274414
-3.021713e-008	0.0264893
-3.019213e-008	0.0230713
-3.016713e-008	0.0242188
-3.014213e-008	0.0246338
-3.011713e-008	0.0324463
-3.009213e-008	0.0259522
-3.006713e-008	0.0155029
-3.004213e-008	0.0253418
-3.001713e-008	0.0207031
-2.999213e-008	0.0203857
-2.996713e-008	0.0343018
-2.994213e-008	0.0281006
-2.991713e-008	0.0161377
-2.989213e-008	0.0175293
-2.986713e-008	0.0223877
-2.984213e-008	0.0205078
-2.981713e-008	0.0207764
-2.979213e-008	0.0213623
-2.976713e-008	0.0227051
-2.974213e-008	0.026709
-2.971713e-008	0.0213867
-2.969213e-008	0.0228516
-2.966713e-008	0.0330811
-2.964213e-008	0.0361572
-2.961713e-008	0.0361816
-2.959213e-008	0.0274414
-2.956713e-008	0.0210693
-2.954213e-008	0.0322022
-2.951713e-008	0.0326904
-2.949213e-008	0.0232422
-2.946713e-008	0.0270996
-2.944213e-008	0.0284912
-2.941713e-008	0.0282959
-2.939213e-008	0.0263428
-2.936713e-008	0.0203857
-2.934213e-008	0.0294922
-2.931713e-008	0.0297119
-2.929213e-008	0.0155518
-2.926713e-008	0.0140381
-2.924213e-008	0.0172119
-2.921713e-008	0.0264649
-2.919213e-008	0.0378174
-2.916713e-008	0.0279297
-2.914213e-008	0.0178467
-2.911713e-008	0.0281494
-2.909213e-008	0.0253418
-2.906713e-008	0.0175781
-2.904213e-008	0.0279297
-2.901713e-008	0.0303711
-2.899213e-008	0.0317139
-2.896713e-008	0.0261475
-2.894213e-008	0.0218506
-2.891713e-008	0.0388428
-2.889213e-008	0.0302734
-2.886713e-008	0.0240967
-2.884213e-008	0.0324463
-2.881713e-008	0.0224121
-2.879213e-008	0.027124
-2.876713e-008	0.0214356
-2.874213e-008	0.0125
-2.871713e-008	0.030127
-2.869213e-008	0.0424072
-2.866713e-008	0.0463135
-2.864213e-008	0.0290527
-2.861713e-008	0.0213379
-2.859213e-008	0.0391602
-2.856713e-008	0.0334717
-2.854213e-008	0.0204102
-2.851713e-008	0.0171387
-2.849213e-008	0.0222412
-2.846713e-008	0.0297608
-2.844213e-008	0.0248291
-2.841713e-008	0.0245117
-2.839213e-008	0.0245606
-2.836713e-008	0.0168945
-2.834213e-008	0.0223877
-2.831713e-008	0.0273438
-2.829213e-008	0.0156006
-2.826713e-008	0.0220947
-2.824213e-008	0.0367432
-2.821713e-008	0.0352051
-2.819213e-008	0.0329102
-2.816713e-008	0.0168945
-2.814213e-008	0.0107422
-2.811713e-008	0.0243408
-2.809213e-008	0.0279297
-2.806713e-008	0.0338867
-2.804213e-008	0.03125
-2.801713e-008	0.0266358
-2.799213e-008	0.0304688
-2.796713e-008	0.0238037
-2.794213e-008	0.0272217
-2.791713e-008	0.0275879
-2.789213e-008	0.0167725
-2.786713e-008	0.0290039
-2.784213e-008	0.0334717
-2.781713e-008	0.0233154
-2.779213e-008	0.0254639
-2.776713e-008	0.0189941
-2.774213e-008	0.0171387
-2.771713e-008	0.0261231
-2.769213e-008	0.029419
-2.766713e-008	0.0288086
-2.764213e-008	0.0168457
-2.761713e-008	0.0139649
-2.759213e-008	0.0169678
-2.756713e-008	0.0155274
-2.754213e-008	0.0280762
-2.751713e-008	0.0252197
-2.749213e-008	0.0141357
-2.746713e-008	0.0244629
-2.744213e-008	0.0199707
-2.741713e-008	0.0158936
-2.739213e-008	0.0360108
-2.736713e-008	0.0352051
-2.734213e-008	0.0197754
-2.731713e-008	0.0158936
-2.729213e-008	0.02146
-2.726713e-008	0.0318115
-2.724213e-008	0.0280518
-2.721713e-008	0.020459
-2.719213e-008	0.0237305
-2.716713e-008	0.0242188
-2.714213e-008	0.0210449
-2.711713e-008	0.0208984
-2.709213e-008	0.020752
-2.706713e-008	0.0229248
-2.704213e-008	0.0261963
-2.701713e-008	0.0257324
-2.699213e-008	0.0292969
-2.696713e-008	0.0260254
-2.694213e-008	0.0205078
-2.691713e-008	0.0243408
-2.689213e-008	0.0312012
-2.686713e-008	0.0427002
-2.684213e-008	0.0383301
-2.681713e-008	0.0310303
-2.679213e-008	0.0349365
-2.676713e-008	0.0291748
-2.674213e-008	0.030542
-2.671713e-008	0.0276367
-2.669213e-008	0.0126465
-2.666713e-008	0.0181397
-2.664213e-008	0.0250977
-2.661713e-008	0.0229004
-2.659213e-008	0.0286377
-2.656713e-008	0.026416
-2.654213e-008	0.0208252
-2.651713e-008	0.0254395
-2.649213e-008	0.0312012
-2.646713e-008	0.0251465
-2.644213e-008	0.00915528
-2.641713e-008	0.0189209
-2.639213e-008	0.0371094
-2.636713e-008	0.0271484
-2.634213e-008	0.0202149
-2.631713e-008	0.0203125
-2.629213e-008	0.0171631
-2.626713e-008	0.0276856
-2.624213e-008	0.0330078
-2.621713e-008	0.0244141
-2.619213e-008	0.0317627
-2.616713e-008	0.0326172
-2.614213e-008	0.013794
-2.611713e-008	0.0131348
-2.609213e-008	0.0167481
-2.606713e-008	0.0206055
-2.604213e-008	0.0286133
-2.601713e-008	0.0220703
-2.599213e-008	0.0188477
-2.596713e-008	0.020459
-2.594213e-008	0.028125
-2.591713e-008	0.0380615
-2.589213e-008	0.032544
-2.586713e-008	0.0293945
-2.584213e-008	0.0257813
-2.581713e-008	0.0259766
-2.579213e-008	0.036084
-2.576713e-008	0.028418
-2.574213e-008	0.0164551
-2.571713e-008	0.0221436
-2.569213e-008	0.0303711
-2.566713e-008	0.0203613
-2.564213e-008	0.00725098
-2.561713e-008	0.0216309
-2.559213e-008	0.0323731
-2.556713e-008	0.0183106
-2.554213e-008	0.0189453
-2.551713e-008	0.0313233
-2.549213e-008	0.0271973
-2.546713e-008	0.0208984
-2.544213e-008	0.0256104
-2.541713e-008	0.0296143
-2.539213e-008	0.0261963
-2.536713e-008	0.0253662
-2.534213e-008	0.0260986
-2.531713e-008	0.0243408
-2.529213e-008	0.0270264
-2.526713e-008	0.0155518
-2.524213e-008	0.00393067
-2.521713e-008	0.0294678
-2.519213e-008	0.0499512
-2.516713e-008	0.0259522
-2.514213e-008	0.00698243
-2.511713e-008	0.0209961
-2.509213e-008	0.0234619
-2.506713e-008	0.0217774
-2.504213e-008	0.033374
-2.501713e-008	0.0291992
-2.499213e-008	0.0266113
-2.496713e-008	0.0315674
-2.494213e-008	0.0256836
-2.491713e-008	0.0163574
-2.489213e-008	0.0155762
-2.486713e-008	0.0281738
-2.484213e-008	0.0363037
-2.481713e-008	0.0280518
-2.479213e-008	0.0156494
-2.476713e-008	0.0185303
-2.474213e-008	0.0233399
-2.471713e-008	0.0193848
-2.469213e-008	0.0297119
-2.466713e-008	0.0294922
-2.464213e-008	0.0136475
-2.461713e-008	0.0223633
-2.459213e-008	0.0324219
-2.456713e-008	0.0245361
-2.454213e-008	0.0265381
-2.451713e-008	0.0303223
-2.449213e-008	0.0334961
-2.446713e-008	0.0387695
-2.444213e-008	0.0122315
-2.441713e-008	0.00244141
-2.439213e-008	0.0291748
-2.436713e-008	0.0205566
-2.434213e-008	0.0159424
-2.431713e-008	0.0284424
-2.429213e-008	0.0201904
-2.426713e-008	0.0335938
-2.424213e-008	0.0492188
-2.421713e-008	0.037085
-2.419213e-008	0.030127
-2.416713e-008	0.0267334
-2.414213e-008	0.0202881
-2.411713e-008	0.0259033
-2.409213e-008	0.0301025
-2.406713e-008	0.0249512
-2.404213e-008	0.0340332
-2.401713e-008	0.0414795
-2.399213e-008	0.0312256
-2.396713e-008	0.0214111
-2.394213e-008	0.018335
-2.391713e-008	0.0302002
-2.389213e-008	0.0337158
-2.386713e-008	0.0189209
-2.384213e-008	0.0201416
-2.381713e-008	0.028418
-2.379213e-008	0.0281738
-2.376713e-008	0.0263672
-2.374213e-008	0.0279541
-2.371713e-008	0.0260498
-2.369213e-008	0.0190674
-2.366713e-008	0.0233399
-2.364213e-008	0.02229
-2.361713e-008	0.0205322
-2.359213e-008	0.0316895
-2.356713e-008	0.0250244
-2.354213e-008	0.0161865
-2.351713e-008	0.0250488
-2.349213e-008	0.019043
-2.346713e-008	0.0123535
-2.344213e-008	0.0281738
-2.341713e-008	0.0299805
-2.339213e-008	0.0196777
-2.336713e-008	0.0169678
-2.334213e-008	0.0172363
-2.331713e-008	0.02854
-2.329213e-008	0.0292481
-2.326713e-008	0.0279785
-2.324213e-008	0.0351563
-2.321713e-008	0.0286377
-2.319213e-008	0.0366699
-2.316713e-008	0.0382324
-2.314213e-008	0.0155762
-2.311713e-008	0.015332
-2.309213e-008	0.0239258
-2.306713e-008	0.0277344
-2.304213e-008	0.0275147
-2.301713e-008	0.0203857
-2.299213e-008	0.0201172
-2.296713e-008	0.0105469
-2.294213e-008	0.00861817
-2.291713e-008	0.0257568
-2.289213e-008	0.0269531
-2.286713e-008	0.028125
-2.284213e-008	0.0320801
-2.281713e-008	0.0283936
-2.279213e-008	0.0346191
-2.276713e-008	0.0344238
-2.274213e-008	0.0264404
-2.271713e-008	0.0238525
-2.269213e-008	0.0250244
-2.266713e-008	0.0357422
-2.264213e-008	0.0406738
-2.261713e-008	0.0301758
-2.259213e-008	0.023169
-2.256713e-008	0.0246338
-2.254213e-008	0.0209473
-2.251713e-008	0.0210449
-2.249213e-008	0.0313233
-2.246713e-008	0.0336914
-2.244213e-008	0.035791
-2.241713e-008	0.0326904
-2.239213e-008	0.023291
-2.236713e-008	0.0249756
-2.234213e-008	0.0218506
-2.231713e-008	0.0259766
-2.229213e-008	0.0299805
-2.226713e-008	0.0125
-2.224213e-008	0.0146973
-2.221713e-008	0.0348145
-2.219213e-008	0.029834
-2.216713e-008	0.0131836
-2.214213e-008	0.02229
-2.211713e-008	0.0364746
-2.209213e-008	0.0320313
-2.206713e-008	0.023584
-2.204213e-008	0.0137451
-2.201713e-008	0.0236572
-2.199213e-008	0.0382324
-2.196713e-008	0.0228272
-2.194213e-008	0.0162109
-2.191713e-008	0.020166
-2.189213e-008	0.0143555
-2.186713e-008	0.0228027
-2.184213e-008	0.0247315
-2.181713e-008	0.0225586
-2.179213e-008	0.0317627
-2.176713e-008	0.0164307
-2.174213e-008	0.0151123
-2.171713e-008	0.0309082
-2.169213e-008	0.0187744
-2.166713e-008	0.0157471
-2.164213e-008	0.013916
-2.161713e-008	0.0159912
-2.159213e-008	0.0295166
-2.156713e-008	0.0159424
-2.154213e-008	0.0174072
-2.151713e-008	0.0325928
-2.149213e-008	0.0263916
-2.146713e-008	0.0308838
-2.144213e-008	0.0306397
-2.141713e-008	0.0189697
-2.139213e-008	0.0234863
-2.136713e-008	0.0269775
-2.134213e-008	0.0249024
-2.131713e-008	0.0217041
-2.129213e-008	0.0172119
-2.126713e-008	0.0268066
-2.124213e-008	0.0359375
-2.121713e-008	0.0322754
-2.119213e-008	0.0268311
-2.116713e-008	0.0184326
-2.114213e-008	0.0198486
-2.111713e-008	0.0301514
-2.109213e-008	0.0275635
-2.106713e-008	0.0259277
-2.104213e-008	0.0293945
-2.101713e-008	0.0337891
-2.099213e-008	0.0345703
-2.096713e-008	0.0127197
-2.094213e-008	0.00690919
-2.091713e-008	0.0196289
-2.089213e-008	0.0172363
-2.086713e-008	0.0346436
-2.084213e-008	0.041919
-2.081713e-008	0.0203125
-2.079213e-008	0.0197266
-2.076713e-008	0.0179443
-2.074213e-008	0.0161621
-2.071713e-008	0.0279541
-2.069213e-008	0.0229492
-2.066713e-008	0.0174805
-2.064213e-008	0.0230469
-2.061713e-008	0.0285889
-2.059213e-008	0.0358399
-2.056713e-008	0.0342041
-2.054213e-008	0.0273438
-2.051713e-008	0.0284668
-2.049213e-008	0.0257813
-2.046713e-008	0.0265381
-2.044213e-008	0.03396
-2.041713e-008	0.0292969
-2.039213e-008	0.0302734
-2.036713e-008	0.0335449
-2.034213e-008	0.0216309
-2.031713e-008	0.00986329
-2.029213e-008	0.0112549
-2.026713e-008	0.0269531
-2.024213e-008	0.0234375
-2.021713e-008	0.0193359
-2.019213e-008	0.0402588
-2.016713e-008	0.0298828
-2.014213e-008	0.0120117
-2.011713e-008	0.0206299
-2.009213e-008	0.0235352
-2.006713e-008	0.0333252
-2.004213e-008	0.033667
-2.001713e-008	0.0178223
-1.999213e-008	0.0320068
-1.996713e-008	0.0378418
-1.994213e-008	0.021582
-1.991713e-008	0.0283936
-1.989213e-008	0.0312988
-1.986713e-008	0.0257324
-1.984213e-008	0.026416
-1.981713e-008	0.0271484
-1.979213e-008	0.0297363
-1.976713e-008	0.023999
-1.974213e-008	0.0234619
-1.971713e-008	0.0226074
-1.969213e-008	0.0162598
-1.966713e-008	0.0231445
-1.964213e-008	0.0296875
-1.961713e-008	0.0297852
-1.959213e-008	0.0262695
-1.956713e-008	0.0255127
-1.954213e-008	0.0230713
-1.951713e-008	0.0180908
-1.949213e-008	0.0287842
-1.946713e-008	0.0289551
-1.944213e-008	0.0179688
-1.941713e-008	0.023169
-1.939213e-008	0.0290527
-1.936713e-008	0.0310059
-1.934213e-008	0.0298584
-1.931713e-008	0.0204346
-1.929213e-008	0.0181152
-1.926713e-008	0.0263672
-1.924213e-008	0.0260742
-1.921713e-008	0.0321533
-1.919213e-008	0.0391113
-1.916713e-008	0.0157471
-1.914213e-008	0.00959473
-1.911713e-008	0.0222168
-1.909213e-008	0.0215332
-1.906713e-008	0.0334961
-1.904213e-008	0.0359619
-1.901713e-008	0.0210205
-1.899213e-008	0.00769044
-1.896713e-008	0.010083
-1.894213e-008	0.0302002
-1.891713e-008	0.0317139
-1.889213e-008	0.0324463
-1.886713e-008	0.0385986
-1.884213e-008	0.0244629
-1.881713e-008	0.0188721
-1.879213e-008	0.0296387
-1.876713e-008	0.0262695
-1.874213e-008	0.014624
-1.871713e-008	0.020044
-1.869213e-008	0.0322266
-1.866713e-008	0.0393799
-1.864213e-008	0.030835
-1.861713e-008	0.0134277
-1.859213e-008	0.0213623
-1.856713e-008	0.0307617
-1.854213e-008	0.0162109
-1.851713e-008	0.00756837
-1.849213e-008	0.0188721
-1.846713e-008	0.0325928
-1.844213e-008	0.0359375
-1.841713e-008	0.0326904
-1.839213e-008	0.0302734
-1.836713e-008	0.026416
-1.834213e-008	0.0204346
-1.831713e-008	0.027002
-1.829213e-008	0.0369385
-1.826713e-008	0.0301514
-1.824213e-008	0.0158203
-1.821713e-008	0.0169678
-1.819213e-008	0.0250733
-1.816713e-008	0.0167725
-1.814213e-008	0.0254639
-1.811713e-008	0.0418213
-1.809213e-008	0.0328613
-1.806713e-008	0.0365967
-1.804213e-008	0.0377441
-1.801713e-008	0.0273682
-1.799213e-008	0.0333252
-1.796713e-008	0.0248291
-1.794213e-008	0.0174561
-1.791713e-008	0.0260742
-1.789213e-008	0.0115967
-1.786713e-008	0.00629884
-1.784213e-008	0.0302734
-1.781713e-008	0.0438965
-1.779213e-008	0.0427734
-1.776713e-008	0.0305664
-1.774213e-008	0.0161621
-1.771713e-008	0.0135254
-1.769213e-008	0.0152588
-1.766713e-008	0.0205322
-1.764213e-008	0.020459
-1.761713e-008	0.0170166
-1.759213e-008	0.0271729
-1.756713e-008	0.0287109
-1.754213e-008	0.0202393
-1.751713e-008	0.0214356
-1.749213e-008	0.0215576
-1.746713e-008	0.0247559
-1.744213e-008	0.0233643
-1.741713e-008	0.0182373
-1.739213e-008	0.0296631
-1.736713e-008	0.0243652
-1.734213e-008	0.0117676
-1.731713e-008	0.0272217
-1.729213e-008	0.033252
-1.726713e-008	0.0295166
-1.724213e-008	0.0313477
-1.721713e-008	0.0258057
-1.719213e-008	0.0286133
-1.716713e-008	0.0200928
-1.714213e-008	0.00578614
-1.711713e-008	0.0177246
-1.709213e-008	0.0222412
-1.706713e-008	0.0224609
-1.704213e-008	0.0239746
-1.701713e-008	0.0216065
-1.699213e-008	0.0352051
-1.696713e-008	0.0323242
-1.694213e-008	0.0214111
-1.691713e-008	0.0308106
-1.689213e-008	0.0272705
-1.686713e-008	0.0184815
-1.684213e-008	0.0283936
-1.681713e-008	0.0295654
-1.679213e-008	0.013916
-1.676713e-008	0.0134033
-1.674213e-008	0.0339111
-1.671713e-008	0.0418213
-1.669213e-008	0.0321289
-1.666713e-008	0.0318359
-1.664213e-008	0.027124
-1.661713e-008	0.0286377
-1.659213e-008	0.0394775
-1.656713e-008	0.0218506
-1.654213e-008	0.0160156
-1.651713e-008	0.0288818
-1.649213e-008	0.0286621
-1.646713e-008	0.0249268
-1.644213e-008	0.0108643
-1.641713e-008	0.00637208
-1.639213e-008	0.0211914
-1.636713e-008	0.0304932
-1.634213e-008	0.0323975
-1.631713e-008	0.0276856
-1.629213e-008	0.0169922
-1.626713e-008	0.0173828
-1.624213e-008	0.0227295
-1.621713e-008	0.0236572
-1.619213e-008	0.0340088
-1.616713e-008	0.0337891
-1.614213e-008	0.0237305
-1.611713e-008	0.0283691
-1.609213e-008	0.0303955
-1.606713e-008	0.0282715
-1.604213e-008	0.0322754
-1.601713e-008	0.0378174
-1.599213e-008	0.0389893
-1.596713e-008	0.0309326
-1.594213e-008	0.0238037
-1.591713e-008	0.0259033
-1.589213e-008	0.027832
-1.586713e-008	0.0310303
-1.584213e-008	0.0330322
-1.581713e-008	0.0303955
-1.579213e-008	0.0393066
-1.576713e-008	0.0380371
-1.574213e-008	0.023291
-1.571713e-008	0.019043
-1.569213e-008	0.0163818
-1.566713e-008	0.0254883
-1.564213e-008	0.0289307
-1.561713e-008	0.0148193
-1.559213e-008	0.0133057
-1.556713e-008	0.0131836
-1.554213e-008	0.0160645
-1.551713e-008	0.0263184
-1.549213e-008	0.0264649
-1.546713e-008	0.0295166
-1.544213e-008	0.0274658
-1.541713e-008	0.0189209
-1.539213e-008	0.0321045
-1.536713e-008	0.034082
-1.534213e-008	0.0221191
-1.531713e-008	0.0370117
-1.529213e-008	0.0369873
-1.526713e-008	0.0186524
-1.524213e-008	0.0144287
-1.521713e-008	0.0173096
-1.519213e-008	0.0311524
-1.516713e-008	0.0243897
-1.514213e-008	0.0225342
-1.511713e-008	0.0413818
-1.509213e-008	0.0268311
-1.506713e-008	0.0274414
-1.504213e-008	0.0393311
-1.501713e-008	0.0305908
-1.499213e-008	0.0378662
-1.496713e-008	0.0320068
-1.494213e-008	0.0232666
-1.491713e-008	0.0234863
-1.489213e-008	0.0240967
-1.486713e-008	0.0385742
-1.484213e-008	0.0211914
-1.481713e-008	0.0112305
-1.479213e-008	0.0301025
-1.476713e-008	0.0216553
-1.474213e-008	0.0269775
-1.471713e-008	0.0348633
-1.469213e-008	0.0248535
-1.466713e-008	0.0310059
-1.464213e-008	0.0274658
-1.461713e-008	0.0146973
-1.459213e-008	0.0168945
-1.456713e-008	0.027002
-1.454213e-008	0.0314209
-1.451713e-008	0.0324219
-1.449213e-008	0.0286621
-1.446713e-008	0.0223389
-1.444213e-008	0.0246582
-1.441713e-008	0.0212647
-1.439213e-008	0.0252197
-1.436713e-008	0.03125
-1.434213e-008	0.0260254
-1.431713e-008	0.0292725
-1.429213e-008	0.0253418
-1.426713e-008	0.0260498
-1.424213e-008	0.0319824
-1.421713e-008	0.0236084
-1.419213e-008	0.0271729
-1.416713e-008	0.0331055
-1.414213e-008	0.0224121
-1.411713e-008	0.0133545
-1.409213e-008	0.0220947
-1.406713e-008	0.0264893
-1.404213e-008	0.0146484
-1.401713e-008	0.0261231
-1.399213e-008	0.0390869
-1.396713e-008	0.0212647
-1.394213e-008	0.0175537
-1.391713e-008	0.022168
-1.389213e-008	0.01875
-1.386713e-008	0.0293457
-1.384213e-008	0.0208252
-1.381713e-008	0.0132813
-1.379213e-008	0.0383301
-1.376713e-008	0.0331055
-1.374213e-008	0.0132568
-1.371713e-008	0.019043
-1.369213e-008	0.0272461
-1.366713e-008	0.0350098
-1.364213e-008	0.0291016
-1.361713e-008	0.0216797
-1.359213e-008	0.0321533
-1.356713e-008	0.0333984
-1.354213e-008	0.0246094
-1.351713e-008	0.0210205
-1.349213e-008	0.0184326
-1.346713e-008	0.0171143
-1.344213e-008	0.0268311
-1.341713e-008	0.0359619
-1.339213e-008	0.0306641
-1.336713e-008	0.0276123
-1.334213e-008	0.0212158
-1.331713e-008	0.00551759
-1.329213e-008	0.0112305
-1.326713e-008	0.026001
-1.324213e-008	0.0207275
-1.321713e-008	0.0254883
-1.319213e-008	0.0406006
-1.316713e-008	0.0326904
-1.314213e-008	0.0243897
-1.311713e-008	0.0265137
-1.309213e-008	0.028418
-1.306713e-008	0.0338623
-1.304213e-008	0.027124
-1.301713e-008	0.026294
-1.299213e-008	0.0318115
-1.296713e-008	0.013501
-1.294213e-008	0.0104736
-1.291713e-008	0.0218018
-1.289213e-008	0.0229981
-1.286713e-008	0.0269043
-1.284213e-008	0.0178223
-1.281713e-008	0.0186035
-1.279213e-008	0.0352295
-1.276713e-008	0.0375977
-1.274213e-008	0.0361328
-1.271713e-008	0.0276367
-1.269213e-008	0.0182129
-1.266713e-008	0.0237061
-1.264213e-008	0.0254639
-1.261713e-008	0.0197266
-1.259213e-008	0.0262695
-1.256713e-008	0.026001
-1.254213e-008	0.0143555
-1.251713e-008	0.0255859
-1.249213e-008	0.0371338
-1.246713e-008	0.0354736
-1.244213e-008	0.0290283
-1.241713e-008	0.0144043
-1.239213e-008	0.0183106
-1.236713e-008	0.0324463
-1.234213e-008	0.0396484
-1.231713e-008	0.0338623
-1.229213e-008	0.0184326
-1.226713e-008	0.0248779
-1.224213e-008	0.0231201
-1.221713e-008	0.0201172
-1.219213e-008	0.0399658
-1.216713e-008	0.0239014
-1.214213e-008	0.0136963
-1.211713e-008	0.0322266
-1.209213e-008	0.0265869
-1.206713e-008	0.0239746
-1.204213e-008	0.0181885
-1.201713e-008	0.0215576
-1.199213e-008	0.0424805
-1.196713e-008	0.0289551
-1.194213e-008	0.0168701
-1.191713e-008	0.0264404
-1.189213e-008	0.0324219
-1.186713e-008	0.0362061
-1.184213e-008	0.027002
-1.181713e-008	0.0213379
-1.179213e-008	0.0316162
-1.176713e-008	0.0290283
-1.174213e-008	0.01521
-1.171713e-008	0.0113281
-1.169213e-008	0.0238037
-1.166713e-008	0.039917
-1.164213e-008	0.0260498
-1.161713e-008	0.0152832
-1.159213e-008	0.0331299
-1.156713e-008	0.0276123
-1.154213e-008	0.0179443
-1.151713e-008	0.0197266
-1.149213e-008	0.012793
-1.146713e-008	0.0169922
-1.144213e-008	0.0218262
-1.141713e-008	0.026709
-1.139213e-008	0.0363281
-1.136713e-008	0.0347168
-1.134213e-008	0.0259766
-1.131713e-008	0.0233399
-1.129213e-008	0.0312012
-1.126713e-008	0.0248047
-1.124213e-008	0.0119385
-1.121713e-008	0.0218994
-1.119213e-008	0.0337402
-1.116713e-008	0.0269287
-1.114213e-008	0.0180908
-1.111713e-008	0.0244873
-1.109213e-008	0.0285645
-1.106713e-008	0.0127441
-1.104213e-008	0.0084961
-1.101713e-008	0.0334717
-1.099213e-008	0.0288574
-1.096713e-008	0.00546876
-1.094213e-008	0.0253174
-1.091713e-008	0.0306152
-1.089213e-008	0.0176758
-1.086713e-008	0.0321045
-1.084213e-008	0.0247315
-1.081713e-008	0.0181885
-1.079213e-008	0.0397949
-1.076713e-008	0.0351074
-1.074213e-008	0.0221191
-1.071713e-008	0.0248779
-1.069213e-008	0.0239502
-1.066713e-008	0.0282471
-1.064213e-008	0.0272705
-1.061713e-008	0.0230469
-1.059213e-008	0.0292236
-1.056713e-008	0.020459
-1.054213e-008	0.0136231
-1.051713e-008	0.0191895
-1.049213e-008	0.0258789
-1.046713e-008	0.0401123
-1.044213e-008	0.0304932
-1.041713e-008	0.0197022
-1.039213e-008	0.0349365
-1.036713e-008	0.029834
-1.034213e-008	0.0153076
-1.031713e-008	0.0143066
-1.029213e-008	0.019165
-1.026713e-008	0.0322754
-1.024213e-008	0.0368897
-1.021713e-008	0.025415
-1.019213e-008	0.0256348
-1.016713e-008	0.0385254
-1.014213e-008	0.0306152
-1.011713e-008	0.0231445
-1.009213e-008	0.0224121
-1.006713e-008	0.0154053
-1.004213e-008	0.0292725
-1.001713e-008	0.0313233
-9.992134e-009	0.021167
-9.967134e-009	0.0196777
-9.942134e-009	0.0138184
-9.917134e-009	0.0244385
-9.892134e-009	0.0256836
-9.867134e-009	0.0177246
-9.842134e-009	0.0229492
-9.817134e-009	0.0202881
-9.792134e-009	0.0177979
-9.767134e-009	0.0178711
-9.742134e-009	0.0202393
-9.717134e-009	0.0291748
-9.692134e-009	0.0367432
-9.667134e-009	0.029419
-9.642134e-009	0.0185547
-9.617134e-009	0.0279541
-9.592134e-009	0.0327393
-9.567134e-009	0.0290283
-9.542134e-009	0.0260986
-9.517134e-009	0.0214111
-9.492134e-009	0.0272461
-9.467134e-009	0.0304688
-9.442134e-009	0.0284668
-9.417134e-009	0.0303467
-9.392134e-009	0.0296143
-9.367134e-009	0.0220459
-9.342134e-009	0.0181641
-9.317134e-009	0.0262207
-9.292134e-009	0.0297119
-9.267134e-009	0.0361084
-9.242134e-009	0.034668
-9.217134e-009	0.0172363
-9.192134e-009	0.0236328
-9.167134e-009	0.0372803
-9.142134e-009	0.0355469
-9.117134e-009	0.0317627
-9.092134e-009	0.0266846
-9.067134e-009	0.0234863
-9.042134e-009	0.0266602
-9.017134e-009	0.03125
-8.992134e-009	0.0221924
-8.967134e-009	0.015918
-8.942134e-009	0.0198486
-8.917134e-009	0.0148193
-8.892134e-009	0.015332
-8.867134e-009	0.0177979
-8.842134e-009	0.010376
-8.817134e-009	0.0188232
-8.792134e-009	0.0289551
-8.767134e-009	0.0134033
-8.742134e-009	0.0185303
-8.717134e-009	0.0355469
-8.692134e-009	0.0271973
-8.667134e-009	0.0292236
-8.642134e-009	0.0258789
-8.617134e-009	0.0233154
-8.592134e-009	0.0372803
-8.567134e-009	0.032959
-8.542134e-009	0.0306152
-8.517134e-009	0.0297852
-8.492134e-009	0.0268799
-8.467134e-009	0.0312988
-8.442134e-009	0.0209229
-8.417134e-009	0.0179199
-8.392134e-009	0.0253662
-8.367134e-009	0.0134277
-8.342134e-009	0.0106934
-8.317134e-009	0.0249024
-8.292134e-009	0.0258789
-8.267134e-009	0.0289307
-8.242134e-009	0.0288574
-8.217134e-009	0.0240723
-8.192134e-009	0.0308594
-8.167134e-009	0.0189453
-8.142134e-009	0.0187988
-8.117134e-009	0.0383789
-8.092134e-009	0.0248535
-8.067134e-009	0.0128418
-8.042134e-009	0.0186524
-8.017134e-009	0.0269775
-7.992134e-009	0.0381592
-7.967134e-009	0.0190674
-7.942134e-009	0.00541993
-7.917134e-009	0.0273193
-7.892134e-009	0.0270508
-7.867134e-009	0.0148438
-7.842134e-009	0.0165039
-7.817134e-009	0.0255859
-7.792134e-009	0.0381836
-7.767134e-009	0.0221924
-7.742134e-009	0.00998536
-7.717134e-009	0.0317383
-7.692134e-009	0.0377441
-7.667134e-009	0.0275147
-7.642134e-009	0.0290039
-7.617134e-009	0.0293213
-7.592134e-009	0.0278565
-7.567134e-009	0.0302734
-7.542134e-009	0.0219727
-7.517134e-009	0.0187012
-7.492134e-009	0.0236816
-7.467134e-009	0.0304443
-7.442134e-009	0.0392578
-7.417134e-009	0.0312256
-7.392134e-009	0.0333008
-7.367134e-009	0.0299805
-7.342134e-009	0.0226563
-7.317134e-009	0.0456787
-7.292134e-009	0.0334473
-7.267134e-009	0.00915528
-7.242134e-009	0.0177734
-7.217134e-009	0.0255615
-7.192134e-009	0.0310059
-7.167134e-009	0.0210205
-7.142134e-009	0.0189453
-7.117134e-009	0.0291992
-7.092134e-009	0.0214844
-7.067134e-009	0.0243897
-7.042134e-009	0.0231934
-7.017134e-009	0.0149902
-6.992134e-009	0.0355225
-6.967134e-009	0.0369873
-6.942134e-009	0.0182373
-6.917134e-009	0.0195801
-6.892134e-009	0.0195068
-6.867134e-009	0.0260498
-6.842134e-009	0.0283936
-6.817134e-009	0.0260742
-6.792134e-009	0.0395996
-6.767134e-009	0.0265869
-6.742134e-009	0.0164063
-6.717134e-009	0.0343018
-6.692134e-009	0.0346924
-6.667134e-009	0.0324219
-6.642134e-009	0.035376
-6.617134e-009	0.0290039
-6.592134e-009	0.023169
-6.567134e-009	0.0240234
-6.542134e-009	0.0262207
-6.517134e-009	0.0230713
-6.492134e-009	0.0223389
-6.467134e-009	0.0272217
-6.442134e-009	0.028833
-6.417134e-009	0.0302002
-6.392134e-009	0.0277344
-6.367134e-009	0.0137451
-6.342134e-009	0.0121338
-6.317134e-009	0.0255371
-6.292134e-009	0.0262695
-6.267134e-009	0.0210449
-6.242134e-009	0.0222168
-6.217134e-009	0.0269775
-6.192134e-009	0.0376953
-6.167134e-009	0.0395752
-6.142134e-009	0.0275635
-6.117134e-009	0.0256836
-6.092134e-009	0.0294922
-6.067134e-009	0.0311524
-6.042134e-009	0.0317383
-6.017134e-009	0.0245117
-5.992134e-009	0.02229
-5.967134e-009	0.0200928
-5.942134e-009	0.0223877
-5.917134e-009	0.0306885
-5.892134e-009	0.0227783
-5.867134e-009	0.0222412
-5.842134e-009	0.0152588
-5.817134e-009	0.0057129
-5.792134e-009	0.0279541
-5.767134e-009	0.0266358
-5.742134e-009	0.0170654
-5.717134e-009	0.0222168
-5.692134e-009	0.0022461
-5.667134e-009	0.00812989
-5.642134e-009	0.0334961
-5.617134e-009	0.0323242
-5.592134e-009	0.0323242
-5.567134e-009	0.0259277
-5.542134e-009	0.0148926
-5.517134e-009	0.0194336
-5.492134e-009	0.0260254
-5.467134e-009	0.0309082
-5.442134e-009	0.0309326
-5.417134e-009	0.025293
-5.392134e-009	0.0249512
-5.367134e-009	0.0238281
-5.342134e-009	0.0182617
-5.317134e-009	0.0194824
-5.292134e-009	0.0210205
-5.267134e-009	0.0219971
-5.242134e-009	0.0299316
-5.217134e-009	0.033252
-5.192134e-009	0.0229248
-5.167134e-009	0.0125488
-5.142134e-009	0.023877
-5.117134e-009	0.029126
-5.092134e-009	0.0235107
-5.067134e-009	0.0354004
-5.042134e-009	0.0248535
-5.017134e-009	0.0134277
-4.992134e-009	0.0342529
-4.967134e-009	0.0328858
-4.942134e-009	0.027124
-4.917134e-009	0.0325195
-4.892134e-009	0.0213379
-4.867134e-009	0.0207031
-4.842134e-009	0.0231445
-4.817134e-009	0.0184815
-4.792134e-009	0.0244629
-4.767134e-009	0.0224609
-4.742134e-009	0.0187988
-4.717134e-009	0.0201904
-4.692134e-009	0.0211426
-4.667134e-009	0.0389649
-4.642134e-009	0.0394287
-4.617134e-009	0.0189209
-4.592134e-009	0.0333496
-4.567134e-009	0.0406494
-4.542134e-009	0.0197022
-4.517134e-009	0.0230713
-4.492134e-009	0.0227783
-4.467134e-009	0.0184326
-4.442134e-009	0.0266113
-4.417134e-009	0.0200684
-4.392134e-009	0.0256836
-4.367134e-009	0.0302246
-4.342134e-009	0.0161865
-4.317134e-009	0.0183594
-4.292134e-009	0.0248291
-4.267134e-009	0.0296387
-4.242134e-009	0.0280029
-4.217134e-009	0.0182617
-4.192134e-009	0.030957
-4.167134e-009	0.0382568
-4.142134e-009	0.0168213
-4.117134e-009	0.0131348
-4.092134e-009	0.0225098
-4.067134e-009	0.0109863
-4.042134e-009	0.012207
-4.017134e-009	0.0320801
-3.992134e-009	0.0240967
-3.967134e-009	0.0154297
-3.942134e-009	0.0362061
-3.917134e-009	0.0328369
-3.892134e-009	0.0139649
-3.867134e-009	0.0272461
-3.842134e-009	0.0328125
-3.817134e-009	0.02854
-3.792134e-009	0.0330811
-3.767134e-009	0.0139893
-3.742134e-009	0.0105469
-3.717134e-009	0.0280518
-3.692134e-009	0.0229736
-3.667134e-009	0.0196045
-3.642134e-009	0.0173096
-3.617134e-009	0.0253662
-3.592134e-009	0.0322022
-3.567134e-009	0.0152832
-3.542134e-009	0.0223389
-3.517134e-009	0.026709
-3.492134e-009	0.00983887
-3.467134e-009	0.0142334
-3.442134e-009	0.0271729
-3.417134e-009	0.0378174
-3.392134e-009	0.0416748
-3.367134e-009	0.0359619
-3.342134e-009	0.0336426
-3.317134e-009	0.0339111
-3.292134e-009	0.0314209
-3.267134e-009	0.0290772
-3.242134e-009	0.0283936
-3.217134e-009	0.0262695
-3.192134e-009	0.0266358
-3.167134e-009	0.0296143
-3.142134e-009	0.0255615
-3.117134e-009	0.0149414
-3.092134e-009	0.0162842
-3.067134e-009	0.0218262
-3.042134e-009	0.0174072
-3.017134e-009	0.0254395
-2.992134e-009	0.0399414
-2.967134e-009	0.0366943
-2.942134e-009	0.0255859
-2.917134e-009	0.0315674
-2.892134e-009	0.0393799
-2.867134e-009	0.0220459
-2.842134e-009	0.0153809
-2.817134e-009	0.032959
-2.792134e-009	0.0308106
-2.767134e-009	0.0137695
-2.742134e-009	0.0248535
-2.717134e-009	0.0331787
-2.692134e-009	0.0182617
-2.667134e-009	0.0264649
-2.642134e-009	0.028833
-2.617134e-009	0.023877
-2.592134e-009	0.0368408
-2.567134e-009	0.0219971
-2.542134e-009	0.00957032
-2.517134e-009	0.0231201
-2.492134e-009	0.0334229
-2.467134e-009	0.0336182
-2.442134e-009	0.0162842
-2.417134e-009	0.0224121
-2.392134e-009	0.041626
-2.367134e-009	0.0271973
-2.342134e-009	0.018042
-2.317134e-009	0.0201172
-2.292134e-009	0.0211914
-2.267134e-009	0.026416
-2.242134e-009	0.0175293
-2.217134e-009	0.0195068
-2.192134e-009	0.0351074
-2.167134e-009	0.0280274
-2.142134e-009	0.0207275
-2.117134e-009	0.0258301
-2.092134e-009	0.0219238
-2.067134e-009	0.0186524
-2.042134e-009	0.0209473
-2.017134e-009	0.023999
-1.992134e-009	0.0285645
-1.967134e-009	0.0249512
-1.942134e-009	0.0265869
-1.917134e-009	0.0319824
-1.892134e-009	0.025293
-1.867134e-009	0.0289063
-1.842134e-009	0.0272461
-1.817134e-009	0.0219482
-1.792134e-009	0.0350342
-1.767134e-009	0.0170166
-1.742134e-009	0.00200196
-1.717134e-009	0.0230225
-1.692134e-009	0.0249756
-1.667134e-009	0.0346436
-1.642134e-009	0.0375733
-1.617134e-009	0.0202881
-1.592134e-009	0.0357666
-1.567134e-009	0.0363281
-1.542134e-009	0.0224854
-1.517134e-009	0.0297363
-1.492134e-009	0.0275879
-1.467134e-009	0.0293457
-1.442134e-009	0.0342041
-1.417134e-009	0.0354492
-1.392134e-009	0.0396973
-1.367134e-009	0.0317383
-1.342134e-009	0.0253174
-1.317134e-009	0.0277344
-1.292134e-009	0.024707
-1.267134e-009	0.0218506
-1.242134e-009	0.0213867
-1.217134e-009	0.0244629
-1.192134e-009	0.0396973
-1.167134e-009	0.0406738
-1.142134e-009	0.0214111
-1.117134e-009	0.0168945
-1.092134e-009	0.0222168
-1.067134e-009	0.0290772
-1.042134e-009	0.0274902
-1.017134e-009	0.0119141
-9.921336e-010	0.0240723
-9.671336e-010	0.0486328
-9.421336e-010	0.0352783
-9.171336e-010	0.0116455
-8.921336e-010	0.012207
-8.671336e-010	0.0183594
-8.421336e-010	0.0162842
-8.171336e-010	0.0192383
-7.921336e-010	0.0246826
-7.671336e-010	0.0263916
-7.421336e-010	0.0306397
-7.171336e-010	0.0336426
-6.921336e-010	0.0286377
-6.671336e-010	0.0182861
-6.421336e-010	0.016919
-6.171336e-010	0.0203857
-5.921336e-010	0.0266602
-5.671336e-010	0.0312256
-5.421336e-010	0.0187012
-5.171336e-010	0.0240967
-4.921336e-010	0.0398682
-4.671336e-010	0.0236572
-4.421336e-010	0.0139649
-4.171336e-010	0.0286377
-3.921336e-010	0.0301758
-3.671336e-010	0.0167236
-3.421336e-010	0.00361329
-3.171336e-010	-0.0057373
-2.921336e-010	-0.00827636
-2.671336e-010	-0.0167236
-2.421336e-010	-0.039331
-2.171336e-010	-0.0675537
-1.921336e-010	-0.0805664
-1.671336e-010	-0.0749023
-1.421336e-010	-0.0966064
-1.171336e-010	-0.147632
-9.213362e-011	-0.173022
-6.713362e-011	-0.174976
-4.213362e-011	-0.199341
-1.713362e-011	-0.234009
7.866379e-012	-0.257568
3.286638e-011	-0.289966
5.786638e-011	-0.312329
8.286638e-011	-0.321924
1.078664e-010	-0.347729
1.328664e-010	-0.378125
1.578664e-010	-0.397363
1.828664e-010	-0.403296
2.078664e-010	-0.421704
2.328664e-010	-0.456079
2.578664e-010	-0.462524
2.828664e-010	-0.451196
3.078664e-010	-0.441333
3.328664e-010	-0.426416
3.578664e-010	-0.421899
3.828664e-010	-0.405615
4.078664e-010	-0.375415
4.328664e-010	-0.372656
4.578664e-010	-0.35647
4.828664e-010	-0.307324
5.078664e-010	-0.285132
5.328664e-010	-0.267236
5.578664e-010	-0.216797
5.828664e-010	-0.185962
6.078664e-010	-0.183716
6.328664e-010	-0.160229
6.578664e-010	-0.121533
6.828664e-010	-0.102759
7.078664e-010	-0.0885986
7.328664e-010	-0.0623535
7.578664e-010	-0.0420166
7.828664e-010	-0.0311768
8.078664e-010	-0.0155762
8.328664e-010	0.0111084
8.578664e-010	0.0230469
8.828664e-010	0.0160156
9.078664e-010	0.0261963
9.328664e-010	0.0344483
9.578664e-010	0.0299316
9.828664e-010	0.0520996
1.007866e-009	0.0719238
1.032866e-009	0.0505371
1.057866e-009	0.034375
1.082866e-009	0.0483887
1.107866e-009	0.0624756
1.132866e-009	0.061084
1.157866e-009	0.0521973
1.182866e-009	0.0616943
1.207866e-009	0.0802246
1.232866e-009	0.0755615
1.257866e-009	0.0638916
1.282866e-009	0.0628662
1.307866e-009	0.0599854
1.332866e-009	0.0539307
1.357866e-009	0.0588379
1.382866e-009	0.0623779
1.407866e-009	0.0581787
1.432866e-009	0.0523438
1.457866e-009	0.0369873
1.482866e-009	0.0263428
1.507866e-009	0.0272949
1.532866e-009	0.0264404
1.557866e-009	0.0245117
1.582866e-009	0.032251
1.607866e-009	0.0322754
1.632866e-009	0.0113525
1.657866e-009	-0.000732414
1.682866e-009	-0.000903313
1.707866e-009	0.00549317
1.732866e-009	0.00234376
1.757866e-009	-0.0165527
1.782866e-009	-0.00258788
1.807866e-009	0.0141846
1.832866e-009	-0.000512688
1.857866e-009	-0.00302734
1.882866e-009	0.00231934
1.907866e-009	0.00444337
1.932866e-009	0.00920411
1.957866e-009	0.00886231
1.982866e-009	0.0076172
2.007866e-009	0.00498048
2.032866e-009	0.00878907
2.057866e-009	0.02229
2.082866e-009	0.0197266
2.107866e-009	0.00878907
2.132866e-009	0.0149658
2.157866e-009	0.023169
2.182866e-009	0.030957
2.207866e-009	0.0345215
2.232866e-009	0.0243652
2.257866e-009	0.0343506
2.282866e-009	0.0450684
2.307866e-009	0.0272217
2.332866e-009	0.0244385
2.357866e-009	0.0321533
2.382866e-009	0.0340332
2.407866e-009	0.0395752
2.432866e-009	0.0274414
2.457866e-009	0.0140137
2.482866e-009	0.0231201
2.507866e-009	0.0280029
2.532866e-009	0.0267578
2.557866e-009	0.0295654
2.582866e-009	0.0286133
2.607866e-009	0.0398193
2.632866e-009	0.0465332
2.657866e-009	0.0335449
2.682866e-009	0.034375
2.707866e-009	0.0289795
2.732866e-009	0.0198731
2.757866e-009	0.0327393
2.782866e-009	0.0357666
2.807866e-009	0.0301025
2.832866e-009	0.0166748
2.857866e-009	0.00825196
2.882866e-009	0.0270508
2.907866e-009	0.0260254
2.932866e-009	0.0172119
2.957866e-009	0.0259522
2.982866e-009	0.0196777
3.007866e-009	0.0210449
3.032866e-009	0.0323731
3.057866e-009	0.0216065
3.082866e-009	0.0100586
3.107866e-009	0.0136475
3.132866e-009	0.0167481
3.157866e-009	0.0166504
3.182866e-009	0.0260742
3.207866e-009	0.0434326
3.232866e-009	0.0410645
3.257866e-009	0.0188477
3.282866e-009	0.0188477
3.307866e-009	0.0333252
3.332866e-009	0.0367676
3.357866e-009	0.0375733
3.382866e-009	0.0344727
3.407866e-009	0.044165
3.432866e-009	0.0518555
3.457866e-009	0.0359375
3.482866e-009	0.0379395
3.507866e-009	0.0430176
3.532866e-009	0.0299072
3.557866e-009	0.0281006
3.582866e-009	0.0302979
3.607866e-009	0.0325195
3.632866e-009	0.0281006
3.657866e-009	0.0146973
3.682866e-009	0.0185059
3.707866e-009	0.0281983
3.732866e-009	0.0275147
3.757866e-009	0.0118408
3.782866e-009	-0.00947265
3.807866e-009	-0.00344238
3.832866e-009	0.00771485
3.857866e-009	0.00771485
3.882866e-009	0.0185791
3.907866e-009	0.0156494
3.932866e-009	-0.000610344
3.957866e-009	-0.00302734
3.982866e-009	0.00612794
4.007866e-009	0.0142334
4.032866e-009	0.00444337
4.057866e-009	0.00227052
4.082866e-009	0.0128174
4.107866e-009	0.00778809
4.132866e-009	0.00996095
4.157866e-009	0.0177002
4.182866e-009	0.0233399
4.207866e-009	0.0334717
4.232866e-009	0.0232666
4.257866e-009	0.00505372
4.282866e-009	0.00493165
4.307866e-009	0.0263672
4.332866e-009	0.0450684
4.357866e-009	0.0386475
4.382866e-009	0.0388428
4.407866e-009	0.0427979
4.432866e-009	0.030957
4.457866e-009	0.0296875
4.482866e-009	0.0392578
4.507866e-009	0.0381104
4.532866e-009	0.0343506
4.557866e-009	0.0429199
4.582866e-009	0.047168
4.607866e-009	0.0393555
4.632866e-009	0.0373291
4.657866e-009	0.0461914
4.682866e-009	0.0511963
4.707866e-009	0.0416992
4.732866e-009	0.0379883
4.757866e-009	0.0368408
4.782866e-009	0.0247315
4.807866e-009	0.0197266
4.832866e-009	0.0199463
4.857866e-009	0.0208496
4.882866e-009	0.0119629
4.907866e-009	-0.00378417
4.932866e-009	0.00922852
4.957866e-009	0.0236328
4.982866e-009	0.00976563
5.007866e-009	0.00688477
5.032866e-009	0.0119873
5.057866e-009	0.00097657
5.082866e-009	-0.00534667
5.107866e-009	0.00197755
5.132866e-009	0.00620118
5.157866e-009	-0.00161132
5.182866e-009	0.00417481
5.207866e-009	0.0164307
5.232866e-009	0.00390626
5.257866e-009	0.00327149
5.282866e-009	0.0118652
5.307866e-009	0.00715333
5.332866e-009	0.0112061
5.357866e-009	0.0126221
5.382866e-009	0.023291
5.407866e-009	0.0306641
5.432866e-009	0.0136231
5.457866e-009	0.0237305
5.482866e-009	0.0267334
5.507866e-009	0.00898438
5.532866e-009	0.0345459
5.557866e-009	0.0510254
5.582866e-009	0.0452393
5.607866e-009	0.0422119
5.632866e-009	0.0122315
5.657866e-009	0.0180908
5.682866e-009	0.0444092
5.707866e-009	0.0297119
5.732866e-009	0.0369873
5.757866e-009	0.0458252
5.782866e-009	0.0338135
5.807866e-009	0.0391113
5.832866e-009	0.0293701
5.857866e-009	0.0148438
5.882866e-009	0.0193848
5.907866e-009	0.0283936
5.932866e-009	0.0416992
5.957866e-009	0.0369141
5.982866e-009	0.021167
6.007866e-009	0.0251709
6.032866e-009	0.0316895
6.057866e-009	0.0282959
6.082866e-009	0.0244385
6.107866e-009	0.0224365
6.132866e-009	0.0248291
6.157866e-009	0.0289795
6.182866e-009	0.0310547
6.207866e-009	0.0233887
6.232866e-009	0.00964356
6.257866e-009	0.0109375
6.282866e-009	0.0126465
6.307866e-009	0.0137207
6.332866e-009	0.0218994
6.357866e-009	0.0140869
6.382866e-009	0.0184815
6.407866e-009	0.0243408
6.432866e-009	0.00681153
6.457866e-009	0.0131836
6.482866e-009	0.0229736
6.507866e-009	0.0151856
6.532866e-009	0.0076172
6.557866e-009	-0.00158691
6.582866e-009	0.0108887
6.607866e-009	0.0189697
6.632866e-009	0.0071045
6.657866e-009	0.0147461
6.682866e-009	0.0156006
6.707866e-009	0.00466309
6.732866e-009	0.00734864
6.757866e-009	0.00935059
6.782866e-009	0.0224609
6.807866e-009	0.0299561
6.832866e-009	0.0115479
6.857866e-009	0.0146484
6.882866e-009	0.0304199
6.907866e-009	0.0267822
6.932866e-009	0.0243652
6.957866e-009	0.019751
6.982866e-009	0.0216065
7.007866e-009	0.0359619
7.032866e-009	0.0326172
7.057866e-009	0.0313721
7.082866e-009	0.0373535
7.107866e-009	0.0311768
7.132866e-009	0.0266602
7.157866e-009	0.0205811
7.182866e-009	0.0239258
7.207866e-009	0.0386719
7.232866e-009	0.0380371
7.257866e-009	0.0283203
7.282866e-009	0.019043
7.307866e-009	0.017334
7.332866e-009	0.0248535
7.357866e-009	0.0225342
7.382866e-009	0.0182861
7.407866e-009	0.0284424
7.432866e-009	0.027002
7.457866e-009	0.00820313
7.482866e-009	0.00720216
7.507866e-009	0.025293
7.532866e-009	0.0297363
7.557866e-009	0.0122559
7.582866e-009	0.00954591
7.607866e-009	0.018457
7.632866e-009	0.0127197
7.657866e-009	0.0174316
7.682866e-009	0.0222656
7.707866e-009	0.0159668
7.732866e-009	0.0173584
7.757866e-009	0.0177246
7.782866e-009	0.0256348
7.807866e-009	0.0335693
7.832866e-009	0.0265137
7.857866e-009	0.0282471
7.882866e-009	0.0323486
7.907866e-009	0.0295899
7.932866e-009	0.0333984
7.957866e-009	0.0353516
7.982866e-009	0.0359375
8.007866e-009	0.0375488
8.032866e-009	0.0411377
8.057866e-009	0.0489258
8.082866e-009	0.0486328
8.107866e-009	0.0430664
8.132866e-009	0.0297363
8.157866e-009	0.0214356
8.182866e-009	0.0317383
8.207866e-009	0.0294678
8.232866e-009	0.0150147
8.257866e-009	0.0118408
8.282866e-009	0.0156738
8.307866e-009	0.0193115
8.332866e-009	0.0200684
8.357866e-009	0.0165527
8.382866e-009	0.0223145
8.407866e-009	0.0291992
8.432866e-009	0.0186279
8.457866e-009	0.0154541
8.482866e-009	0.0156738
8.507866e-009	0.00642091
8.532866e-009	0.0081543
8.557866e-009	0.0137207
8.582866e-009	0.0108399
8.607866e-009	0.00532227
8.632866e-009	0.00332032
8.657866e-009	0.00671387
8.682866e-009	0.020459
8.707866e-009	0.0300781
8.732866e-009	0.0223633
8.757866e-009	0.012207
8.782866e-009	0.00786134
8.807866e-009	0.0162109
8.832866e-009	0.0270996
8.857866e-009	0.0303955
8.882866e-009	0.0291016
8.907866e-009	0.0251709
8.932866e-009	0.0300293
8.957866e-009	0.032251
8.982866e-009	0.0344483
9.007866e-009	0.0414307
9.032866e-009	0.0319336
9.057866e-009	0.0261963
9.082866e-009	0.0325684
9.107866e-009	0.0342041
9.132866e-009	0.0373291
9.157866e-009	0.0259522
9.182866e-009	0.0248535
9.207866e-009	0.0501953
9.232866e-009	0.0417969
9.257866e-009	0.0313477
9.282866e-009	0.0394043
9.307866e-009	0.029834
9.332866e-009	0.0378662
9.357866e-009	0.0360108
9.382866e-009	0.0170654
9.407866e-009	0.0139893
9.432866e-009	0.00300294
9.457866e-009	0.0124268
9.482866e-009	0.0249512
9.507866e-009	0.0142822
9.532866e-009	0.0165283
9.557866e-009	0.0133057
9.582866e-009	0.0117676
9.607866e-009	0.0175049
9.632866e-009	0.00170899
9.657866e-009	-0.00114745
9.682866e-009	0.00969239
9.707866e-009	0.00810548
9.732866e-009	0.0175781
9.757866e-009	0.0247315
9.782866e-009	0.0123535
9.807866e-009	0.00681153
9.832866e-009	0.00812989
9.857866e-009	0.00729981
9.882866e-009	0.0133545
9.907866e-009	0.0183838
9.932866e-009	0.015332
9.957866e-009	0.0112793
9.982866e-009	0.0107422
1.000787e-008	0.0151123
1.003287e-008	0.0173584
1.005787e-008	0.0191162
1.008287e-008	0.020752
1.010787e-008	0.0207275
1.013287e-008	0.0296387
1.015787e-008	0.042041
1.018287e-008	0.0481445
1.020787e-008	0.0369629
1.023287e-008	0.0244873
1.025787e-008	0.0295899
1.028287e-008	0.0300781
1.030787e-008	0.0315674
1.033287e-008	0.0347656
1.035787e-008	0.0342041
1.038287e-008	0.0390137
1.040787e-008	0.0311524
1.043287e-008	0.0207275
1.045787e-008	0.0253418
1.048287e-008	0.0284668
1.050787e-008	0.0243652
1.053287e-008	0.0274658
1.055787e-008	0.0266113
1.058287e-008	0.0126953
1.060787e-008	0.0198975
1.063287e-008	0.0327637
1.065787e-008	0.0254883
1.068287e-008	0.0279053
1.070787e-008	0.0332031
1.073287e-008	0.0216797
1.075787e-008	0.0137207
1.078287e-008	0.0244629
1.080787e-008	0.0283203
1.083287e-008	0.0123291
1.085787e-008	0.0160645
1.088287e-008	0.0280274
1.090787e-008	0.0213867
1.093287e-008	0.020752
1.095787e-008	0.0188477
1.098287e-008	0.0216797
1.100787e-008	0.0315186
1.103287e-008	0.0185547
1.105787e-008	0.00319825
1.108287e-008	0.0072754
1.110787e-008	0.0201904
1.113287e-008	0.0259522
1.115787e-008	0.0188477
1.118287e-008	0.0133301
1.120787e-008	0.0206787
1.123287e-008	0.018457
1.125787e-008	0.00312501
1.128287e-008	0.0140625
1.130787e-008	0.0262695
1.133287e-008	0.0177246
1.135787e-008	0.0186524
1.138287e-008	0.0249756
1.140787e-008	0.0216553
1.143287e-008	0.00300294
1.145787e-008	0.00371095
1.148287e-008	0.0245361
1.150787e-008	0.0206787
1.153287e-008	0.0172363
1.155787e-008	0.0215088
1.158287e-008	0.019165
1.160787e-008	0.0139649
1.163287e-008	-0.000659172
1.165787e-008	0.00187989
1.168287e-008	0.0187744
1.170787e-008	0.0198975
1.173287e-008	0.0196777
1.175787e-008	0.0247559
1.178287e-008	0.0212891
1.180787e-008	0.0154785
1.183287e-008	0.0164795
1.185787e-008	0.0166504
1.188287e-008	0.0135986
1.190787e-008	0.0136963
1.193287e-008	0.0178467
1.195787e-008	0.0196045
1.198287e-008	0.017627
1.200787e-008	0.0223633
1.203287e-008	0.0314453
1.205787e-008	0.0293945
1.208287e-008	0.0198731
1.210787e-008	0.0161621
1.213287e-008	0.0212891
1.215787e-008	0.0291016
1.218287e-008	0.0269287
1.220787e-008	0.0354981
1.223287e-008	0.0470459
1.225787e-008	0.0280029
1.228287e-008	0.0206055
1.230787e-008	0.0269775
1.233287e-008	0.0314941
1.235787e-008	0.0446289
1.238287e-008	0.040332
1.240787e-008	0.0349609
1.243287e-008	0.0330566
1.245787e-008	0.0337158
1.248287e-008	0.0405518
1.250787e-008	0.0313721
1.253287e-008	0.0371338
1.255787e-008	0.0429443
1.258287e-008	0.0279053
1.260787e-008	0.0398926
1.263287e-008	0.0510254
1.265787e-008	0.0344483
1.268287e-008	0.0298828
1.270787e-008	0.0278809
1.273287e-008	0.0227539
1.275787e-008	0.0311524
1.278287e-008	0.0248291
1.280787e-008	0.0180908
1.283287e-008	0.0311279
1.285787e-008	0.022168
1.288287e-008	0.00798341
1.290787e-008	0.0146484
1.293287e-008	0.0112793
1.295787e-008	0.0126221
1.298287e-008	0.0236328
1.300787e-008	0.0144043
1.303287e-008	0.015332
1.305787e-008	0.0243897
1.308287e-008	0.0141602
1.310787e-008	0.0117432
1.313287e-008	0.018042
1.315787e-008	0.0211426
1.318287e-008	0.0210449
1.320787e-008	0.0189697
1.323287e-008	0.00942384
1.325787e-008	0.00114747
1.328287e-008	0.0195068
1.330787e-008	0.0291992
1.333287e-008	0.0172363
1.335787e-008	0.0160645
1.338287e-008	0.0322754
1.340787e-008	0.0446533
1.343287e-008	0.0300293
1.345787e-008	0.0266358
1.348287e-008	0.0343262
1.350787e-008	0.0248535
1.353287e-008	0.0212647
1.355787e-008	0.0222412
1.358287e-008	0.0308106
1.360787e-008	0.0488037
1.363287e-008	0.0609375
1.365787e-008	0.0571289
1.368287e-008	0.0382568
1.370787e-008	0.0310547
1.373287e-008	0.031665
1.375787e-008	0.0251221
1.378287e-008	0.0324707
1.380787e-008	0.0422119
1.383287e-008	0.0211426
1.385787e-008	0.0105713
1.388287e-008	0.0298096
1.390787e-008	0.0334717
1.393287e-008	0.0322998
1.395787e-008	0.0322754
1.398287e-008	0.0225342
1.400787e-008	0.0187256
1.403287e-008	0.0167725
1.405787e-008	0.0150635
1.408287e-008	0.0174805
1.410787e-008	0.0241211
1.413287e-008	0.0233887
1.415787e-008	0.0133545
1.418287e-008	0.0128174
1.420787e-008	0.00644532
1.423287e-008	0.000439461
1.425787e-008	0.0118408
1.428287e-008	0.0155274
1.430787e-008	0.014502
1.433287e-008	0.0088379
1.435787e-008	-0.000634758
1.438287e-008	0.0100098
1.440787e-008	0.0108399
1.443287e-008	0.00170899
1.445787e-008	0.0148682
1.448287e-008	0.0247315
1.450787e-008	0.0285156
1.453287e-008	0.0322754
1.455787e-008	0.0232422
1.458287e-008	0.0295654
1.460787e-008	0.0439941
1.463287e-008	0.0278809
1.465787e-008	0.0225098
1.468287e-008	0.0332031
1.470787e-008	0.0207764
1.473287e-008	0.0236572
1.475787e-008	0.0331787
1.478287e-008	0.0296143
1.480787e-008	0.0386231
1.483287e-008	0.038794
1.485787e-008	0.0306885
1.488287e-008	0.0268066
1.490787e-008	0.0327393
1.493287e-008	0.0484375
1.495787e-008	0.0396484
1.498287e-008	0.0286865
1.500787e-008	0.0428467
1.503287e-008	0.0397949
1.505787e-008	0.025708
1.508287e-008	0.0243652
1.510787e-008	0.0164307
1.513287e-008	0.0205566
1.515787e-008	0.0313965
1.518287e-008	0.0226074
1.520787e-008	0.0212402
1.523287e-008	0.0306397
1.525787e-008	0.0294434
1.528287e-008	0.0251709
1.530787e-008	0.0260254
1.533287e-008	0.0176758
1.535787e-008	0.0146729
1.538287e-008	0.0272705
1.540787e-008	0.0237793
1.543287e-008	0.00947266
1.545787e-008	0.00686036
1.548287e-008	0.0146729
1.550787e-008	0.0187744
1.553287e-008	0.0168457
1.555787e-008	0.0184326
1.558287e-008	0.020874
1.560787e-008	0.0236328
1.563287e-008	0.0210449
1.565787e-008	0.0168213
1.568287e-008	0.0239746
1.570787e-008	0.0359863
1.573287e-008	0.035376
1.575787e-008	0.0235352
1.578287e-008	0.0177002
1.580787e-008	0.0123291
1.583287e-008	0.0101807
1.585787e-008	0.0155029
1.588287e-008	0.0181397
1.590787e-008	0.0310547
1.593287e-008	0.0416504
1.595787e-008	0.0328369
1.598287e-008	0.0342041
1.600787e-008	0.0354736
1.603287e-008	0.0207031
1.605787e-008	0.0227539
1.608287e-008	0.0310059
1.610787e-008	0.023877
1.613287e-008	0.0228516
1.615787e-008	0.0273438
1.618287e-008	0.0251953
1.620787e-008	0.0295654
1.623287e-008	0.0212647
1.625787e-008	0.00222169
1.628287e-008	0.0176025
1.630787e-008	0.0286377
1.633287e-008	0.0305664
1.635787e-008	0.0390137
1.638287e-008	0.0214844
1.640787e-008	0.0277344
1.643287e-008	0.0327393
1.645787e-008	0.0161133
1.648287e-008	0.0312744
1.650787e-008	0.0225098
1.653287e-008	0.00439454
1.655787e-008	0.016626
1.658287e-008	0.0217529
1.660787e-008	0.0154541
1.663287e-008	0.00500489
1.665787e-008	0.0143799
1.668287e-008	0.0283691
1.670787e-008	0.0281006
1.673287e-008	0.025708
1.675787e-008	0.0171143
1.678287e-008	0.0285645
1.680787e-008	0.0309082
1.683287e-008	0.0065918
1.685787e-008	0.0105713
1.688287e-008	0.0176758
1.690787e-008	0.0177002
1.693287e-008	0.0286377
1.695787e-008	0.0237793
1.698287e-008	0.0233154
1.700787e-008	0.0295166
1.703287e-008	0.0234375
1.705787e-008	0.0215576
1.708287e-008	0.0249756
1.710787e-008	0.0303223
1.713287e-008	0.0282227
1.715787e-008	0.0231201
1.718287e-008	0.0310303
1.720787e-008	0.0283691
1.723287e-008	0.0115723
1.725787e-008	0.016626
1.728287e-008	0.0278565
1.730787e-008	0.0175537
1.733287e-008	0.0183594
1.735787e-008	0.0233154
1.738287e-008	0.0177734
1.740787e-008	0.02854
1.743287e-008	0.0325195
1.745787e-008	0.0272217
1.748287e-008	0.0274414
1.750787e-008	0.0255127
1.753287e-008	0.0267578
1.755787e-008	0.0181641
1.758287e-008	0.0170166
1.760787e-008	0.0280274
1.763287e-008	0.0174805
1.765787e-008	0.00837403
1.768287e-008	0.0145752
1.770787e-008	0.0198242
1.773287e-008	0.0268311
1.775787e-008	0.0253418
1.778287e-008	0.017334
1.780787e-008	0.020874
1.783287e-008	0.0206055
1.785787e-008	0.0116699
1.788287e-008	0.0143311
1.790787e-008	0.0295166
1.793287e-008	0.0337402
1.795787e-008	0.0195557
1.798287e-008	0.0234131
1.800787e-008	0.0309326
1.803287e-008	0.016919
1.805787e-008	0.0203125
1.808287e-008	0.0254395
1.810787e-008	0.0161133
1.813287e-008	0.0145508
1.815787e-008	0.0136231
1.818287e-008	0.0337891
1.820787e-008	0.0543945
1.823287e-008	0.034375
1.825787e-008	0.023999
1.828287e-008	0.0352539
1.830787e-008	0.0354248
1.833287e-008	0.028125
1.835787e-008	0.0189941
1.838287e-008	0.0235352
1.840787e-008	0.0338867
1.843287e-008	0.0283203
1.845787e-008	0.0183106
1.848287e-008	0.0173096
1.850787e-008	0.0204102
1.853287e-008	0.0165283
1.855787e-008	0.0154053
1.858287e-008	0.0213867
1.860787e-008	0.0207275
1.863287e-008	0.0168701
1.865787e-008	0.0208984
1.868287e-008	0.0231934
1.870787e-008	0.0187744
1.873287e-008	0.0219971
1.875787e-008	0.012915
1.878287e-008	0.00786134
1.880787e-008	0.0236572
1.883287e-008	0.0134033
1.885787e-008	0.0138672
1.888287e-008	0.0334717
1.890787e-008	0.0136231
1.893287e-008	0.000781257
1.895787e-008	0.0171875
1.898287e-008	0.0204102
1.900787e-008	0.0177246
1.903287e-008	0.0180664
1.905787e-008	0.019165
1.908287e-008	0.0226807
1.910787e-008	0.0218994
1.913287e-008	0.0208984
1.915787e-008	0.0102783
1.918287e-008	0.0110352
1.920787e-008	0.0365723
1.923287e-008	0.0300781
1.925787e-008	0.0191895
1.928287e-008	0.0300293
1.930787e-008	0.0198975
1.933287e-008	0.0230469
1.935787e-008	0.0526123
1.938287e-008	0.0621338
1.940787e-008	0.0437012
1.943287e-008	0.0286377
1.945787e-008	0.0289063
1.948287e-008	0.0296875
1.950787e-008	0.0330566
1.953287e-008	0.0357422
1.955787e-008	0.033374
1.958287e-008	0.0380859
1.960787e-008	0.0431641
1.963287e-008	0.0306397
1.965787e-008	0.0242676
1.968287e-008	0.0373779
1.970787e-008	0.0276367
1.973287e-008	0.0144043
1.975787e-008	0.0261231
1.978287e-008	0.0250488
1.980787e-008	0.0173828
1.983287e-008	0.0165527
1.985787e-008	0.0125488
1.988287e-008	0.0140869
1.990787e-008	0.0168945
1.993287e-008	0.0170654
1.995787e-008	0.0175049
1.998287e-008	0.0171387
2.000787e-008	0.0158203
2.003287e-008	0.0110596
2.005787e-008	0.00551759
2.008287e-008	0.0115723
2.010787e-008	0.0169678
2.013287e-008	0.00639649
2.015787e-008	0.00920411
2.018287e-008	0.0216797
2.020787e-008	0.0206055
2.023287e-008	0.0118164
2.025787e-008	0.00612794
2.028287e-008	0.0197022
2.030787e-008	0.0273438
2.033287e-008	0.0268066
2.035787e-008	0.0311524
2.038287e-008	0.0227051
2.040787e-008	0.0240479
2.043287e-008	0.0288574
2.045787e-008	0.0294434
2.048287e-008	0.0349365
2.050787e-008	0.0235596
2.053287e-008	0.0145508
2.055787e-008	0.0195557
2.058287e-008	0.0235107
2.060787e-008	0.0288818
2.063287e-008	0.0348877
2.065787e-008	0.0371338
2.068287e-008	0.0311035
2.070787e-008	0.0246826
2.073287e-008	0.0289307
2.075787e-008	0.0306641
2.078287e-008	0.0245361
2.080787e-008	0.0276611
2.083287e-008	0.0261963
2.085787e-008	0.0173584
2.088287e-008	0.0220215
2.090787e-008	0.0251709
2.093287e-008	0.0309082
2.095787e-008	0.0331299
2.098287e-008	0.0244141
2.100787e-008	0.0287842
2.103287e-008	0.0226563
2.105787e-008	0.0144531
2.108287e-008	0.0220459
2.110787e-008	0.0200928
2.113287e-008	0.0193604
2.115787e-008	0.0208496
2.118287e-008	0.0224854
2.120787e-008	0.0315186
2.123287e-008	0.0326416
2.125787e-008	0.0202149
2.128287e-008	0.00898438
2.130787e-008	0.0141846
2.133287e-008	0.024292
2.135787e-008	0.0225098
2.138287e-008	0.0252441
2.140787e-008	0.0329102
2.143287e-008	0.0155274
2.145787e-008	0.00690919
2.148287e-008	0.0238037
2.150787e-008	0.0152588
2.153287e-008	0.0163818
2.155787e-008	0.0308838
2.158287e-008	0.0138184
2.160787e-008	0.0127441
2.163287e-008	0.022168
2.165787e-008	0.0116699
2.168287e-008	0.0157227
2.170787e-008	0.0272949
2.173287e-008	0.0243164
2.175787e-008	0.0250244
2.178287e-008	0.0288818
2.180787e-008	0.0223633
2.183287e-008	0.0243652
2.185787e-008	0.0301758
2.188287e-008	0.0257324
2.190787e-008	0.0248047
2.193287e-008	0.0281983
2.195787e-008	0.0333252
2.198287e-008	0.036084
2.200787e-008	0.0322266
2.203287e-008	0.0208252
2.205787e-008	0.0154541
2.208287e-008	0.0290039
2.210787e-008	0.0268555
2.213287e-008	0.0102295
2.215787e-008	0.0114502
2.218287e-008	0.0227783
2.220787e-008	0.0343018
2.223287e-008	0.0270508
2.225787e-008	0.0232422
2.228287e-008	0.0378662
2.230787e-008	0.0229248
2.233287e-008	0.0090088
2.235787e-008	0.018042
2.238287e-008	0.0153565
2.240787e-008	0.0156738
2.243287e-008	0.0167969
2.245787e-008	0.0171143
2.248287e-008	0.0263184
2.250787e-008	0.0247315
2.253287e-008	0.0173584
2.255787e-008	0.0236328
2.258287e-008	0.0372803
2.260787e-008	0.0327637
2.263287e-008	0.0118164
2.265787e-008	0.00996095
2.268287e-008	0.0275635
2.270787e-008	0.0303467
2.273287e-008	0.0239258
2.275787e-008	0.019165
2.278287e-008	0.00578614
2.280787e-008	0.0109375
2.283287e-008	0.0256104
2.285787e-008	0.0234619
2.288287e-008	0.0250977
2.290787e-008	0.0225342
2.293287e-008	0.0262207
2.295787e-008	0.0379883
2.298287e-008	0.033374
2.300787e-008	0.0322998
2.303287e-008	0.020044
2.305787e-008	0.00507813
2.308287e-008	0.0195068
2.310787e-008	0.0202393
2.313287e-008	0.00954591
2.315787e-008	0.0185791
2.318287e-008	0.026001
2.320787e-008	0.0267334
2.323287e-008	0.0254639
2.325787e-008	0.0191895
2.328287e-008	0.0126465
2.330787e-008	0.0150879
2.333287e-008	0.0217285
2.335787e-008	0.0220459
2.338287e-008	0.0294922
2.340787e-008	0.0303955
2.343287e-008	0.0196777
2.345787e-008	0.0250733
2.348287e-008	0.0255371
2.350787e-008	0.0197754
2.353287e-008	0.0225342
2.355787e-008	0.0200684
2.358287e-008	0.0227295
2.360787e-008	0.0306641
2.363287e-008	0.0337402
2.365787e-008	0.0269287
2.368287e-008	0.0197998
2.370787e-008	0.022168
2.373287e-008	0.0172852
2.375787e-008	0.017627
2.378287e-008	0.0256348
2.380787e-008	0.0282471
2.383287e-008	0.0331543
2.385787e-008	0.0265625
2.388287e-008	0.0154297
2.390787e-008	0.0206299
2.393287e-008	0.0233887
2.395787e-008	0.0120361
2.398287e-008	0.016333
2.400787e-008	0.0348633
2.403287e-008	0.0271729
2.405787e-008	0.0218018
2.408287e-008	0.0292481
2.410787e-008	0.0166748
2.413287e-008	0.0229492
2.415787e-008	0.0375244
2.418287e-008	0.0376953
2.420787e-008	0.0460449
2.423287e-008	0.0254883
2.425787e-008	0.00585938
2.428287e-008	0.0189453
2.430787e-008	0.0241211
2.433287e-008	0.0286133
2.435787e-008	0.0238281
2.438287e-008	0.0229492
2.440787e-008	0.0321533
2.443287e-008	0.0274658
2.445787e-008	0.0286865
2.448287e-008	0.0275147
2.450787e-008	0.0267578
2.453287e-008	0.023999
2.455787e-008	0.0191406
2.458287e-008	0.0332764
2.460787e-008	0.0365723
2.463287e-008	0.0265625
2.465787e-008	0.0165283
2.468287e-008	0.0188477
2.470787e-008	0.0327149
2.473287e-008	0.0242432
2.475787e-008	0.0110352
2.478287e-008	0.0136231
2.480787e-008	0.0183106
2.483287e-008	0.0208008
2.485787e-008	0.0267822
2.488287e-008	0.0213379
2.490787e-008	0.00751954
2.493287e-008	0.0232422
2.495787e-008	0.0341309
2.498287e-008	0.00678712
2.500787e-008	-0.00258788
2.503287e-008	0.0190186
2.505787e-008	0.0294434
2.508287e-008	0.0328858
2.510787e-008	0.028833
2.513287e-008	0.0145752
2.515787e-008	0.0217774
2.518287e-008	0.0340576
2.520787e-008	0.0316162
2.523287e-008	0.0300049
2.525787e-008	0.0318604
2.528287e-008	0.0277588
2.530787e-008	0.0209473
2.533287e-008	0.0203369
2.535787e-008	0.014917
2.538287e-008	0.0282959
2.540787e-008	0.0418457
2.543287e-008	0.0191895
2.545787e-008	0.015918
2.548287e-008	0.0299805
2.550787e-008	0.0332764
2.553287e-008	0.0348633
2.555787e-008	0.026001
2.558287e-008	0.0183838
2.560787e-008	0.0215332
2.563287e-008	0.0281983
2.565787e-008	0.0300293
2.568287e-008	0.0327881
2.570787e-008	0.0325928
2.573287e-008	0.020752
2.575787e-008	0.0187256
2.578287e-008	0.0198975
2.580787e-008	0.0224854
2.583287e-008	0.033252
2.585787e-008	0.0270264
2.588287e-008	0.0218018
2.590787e-008	0.0247559
2.593287e-008	0.0135986
2.595787e-008	0.00541993
2.598287e-008	0.010083
2.600787e-008	0.0231201
2.603287e-008	0.0246094
2.605787e-008	0.0145508
2.608287e-008	0.0170899
2.610787e-008	0.0170166
2.613287e-008	0.021875
2.615787e-008	0.0280274
2.618287e-008	0.0107422
2.620787e-008	0.00839845
2.623287e-008	0.0188965
2.625787e-008	0.0132568
2.628287e-008	0.0156738
2.630787e-008	0.0240723
2.633287e-008	0.0228272
2.635787e-008	0.0198242
2.638287e-008	0.0193359
2.640787e-008	0.0188721
2.643287e-008	0.0172607
2.645787e-008	0.0216553
2.648287e-008	0.0231934
2.650787e-008	0.0239746
2.653287e-008	0.0352051
2.655787e-008	0.0310303
2.658287e-008	0.0250733
2.660787e-008	0.0283447
2.663287e-008	0.0180664
2.665787e-008	0.0282715
2.668287e-008	0.0408203
2.670787e-008	0.0225098
2.673287e-008	0.0215576
2.675787e-008	0.0237549
2.678287e-008	0.0143066
2.680787e-008	0.020874
2.683287e-008	0.0176025
2.685787e-008	0.0144531
2.688287e-008	0.024585
2.690787e-008	0.026709
2.693287e-008	0.0315186
2.695787e-008	0.0218018
2.698287e-008	0.0128906
2.700787e-008	0.026294
2.703287e-008	0.0220215
2.705787e-008	0.0194824
2.708287e-008	0.0244385
2.710787e-008	0.0234375
2.713287e-008	0.0240479
2.715787e-008	0.012915
2.718287e-008	0.02146
2.720787e-008	0.0317383
2.723287e-008	0.0203857
2.725787e-008	0.0212891
2.728287e-008	0.0180664
2.730787e-008	0.0182861
2.733287e-008	0.0198242
2.735787e-008	0.0174805
2.738287e-008	0.0361816
2.740787e-008	0.0347412
2.743287e-008	0.00778809
2.745787e-008	0.00402833
2.748287e-008	0.0192383
2.750787e-008	0.0174072
2.753287e-008	0.0143311
2.755787e-008	0.0236328
2.758287e-008	0.0183838
2.760787e-008	0.0207031
2.763287e-008	0.0164551
2.765787e-008	-0.00117187
2.768287e-008	0.0131836
2.770787e-008	0.0277344
2.773287e-008	0.0315918
2.775787e-008	0.0352783
2.778287e-008	0.0271973
2.780787e-008	0.026001
2.783287e-008	0.0254395
2.785787e-008	0.0187744
2.788287e-008	0.0170899
2.790787e-008	0.0196289
2.793287e-008	0.020459
2.795787e-008	0.0198975
2.798287e-008	0.0299561
2.800787e-008	0.030835
2.803287e-008	0.0156738
2.805787e-008	0.0181397
2.808287e-008	0.023169
2.810787e-008	0.0197998
2.813287e-008	0.030127
2.815787e-008	0.029419
2.818287e-008	0.0194336
2.820787e-008	0.0250977
2.823287e-008	0.0232422
2.825787e-008	0.0203369
2.828287e-008	0.0157715
2.830787e-008	0.0044922
2.833287e-008	0.0202149
2.835787e-008	0.0267578
2.838287e-008	0.0192139
2.840787e-008	0.0291504
2.843287e-008	0.0179199
2.845787e-008	0.0131104
2.848287e-008	0.032959
2.850787e-008	0.0329346
2.853287e-008	0.0297852
2.855787e-008	0.0343262
2.858287e-008	0.0344971
2.860787e-008	0.0345703
2.863287e-008	0.0315674
2.865787e-008	0.0257813
2.868287e-008	0.0193115
2.870787e-008	0.0169678
2.873287e-008	0.0264649
2.875787e-008	0.0308106
2.878287e-008	0.0249268
2.880787e-008	0.0248291
2.883287e-008	0.0182129
2.885787e-008	0.0173828
2.888287e-008	0.0318115
2.890787e-008	0.029126
2.893287e-008	0.0187012
2.895787e-008	0.0227295
2.898287e-008	0.0344971
2.900787e-008	0.0306397
2.903287e-008	0.0134277
2.905787e-008	0.0213867
2.908287e-008	0.0256104
2.910787e-008	0.00227052
2.913287e-008	0.00991212
2.915787e-008	0.028833
2.918287e-008	0.0168213
2.920787e-008	0.0186279
2.923287e-008	0.0250488
2.925787e-008	0.0194824
2.928287e-008	0.023584
2.930787e-008	0.01604
2.933287e-008	0.0167481
2.935787e-008	0.031665
2.938287e-008	0.0295654
2.940787e-008	0.0236572
2.943287e-008	0.00825196
2.945787e-008	0.0114502
2.948287e-008	0.0374512
2.950787e-008	0.0304199
2.953287e-008	0.0269287
2.955787e-008	0.0371094
2.958287e-008	0.0290283
2.960787e-008	0.0287109
2.963287e-008	0.0312988
2.965787e-008	0.0326904
2.968287e-008	0.0301514
2.970787e-008	0.0221436
2.973287e-008	0.0345703
2.975787e-008	0.0328858
2.978287e-008	0.0234375
2.980787e-008	0.0376221
2.983287e-008	0.0336426
2.985787e-008	0.0324219
2.988287e-008	0.0428223
2.990787e-008	0.0255615
2.993287e-008	0.0166504
2.995787e-008	0.0366943
2.998287e-008	0.0520264
3.000787e-008	0.0442139
3.003287e-008	0.0340088
3.005787e-008	0.0385254
3.008287e-008	0.0330811
3.010787e-008	0.0250244
3.013287e-008	0.0311035
3.015787e-008	0.0296631
3.018287e-008	0.0327637
3.020787e-008	0.0391113
3.023287e-008	0.0199707
3.025787e-008	0.0156982
3.028287e-008	0.0299072
3.030787e-008	0.0225586
3.033287e-008	0.0138428
3.035787e-008	0.00541993
3.038287e-008	0.0147705
3.040787e-008	0.0409912
3.043287e-008	0.032251
3.045787e-008	0.0165527
3.048287e-008	0.00795899
3.050787e-008	0.00563966
3.053287e-008	0.0210938
3.055787e-008	0.0206055
3.058287e-008	0.0223389
3.060787e-008	0.0275391
3.063287e-008	0.0242432
3.065787e-008	0.0344727
3.068287e-008	0.0281983
3.070787e-008	0.015332
3.073287e-008	0.0172607
3.075787e-008	0.0152344
3.078287e-008	0.0199219
3.080787e-008	0.0236328
3.083287e-008	0.0179199
3.085787e-008	0.011792
3.088287e-008	0.0134522
3.090787e-008	0.0272217
3.093287e-008	0.0260742
3.095787e-008	0.0161865
3.098287e-008	0.0270264
3.100787e-008	0.0257813
3.103287e-008	0.00607911
3.105787e-008	0.0205811
3.108287e-008	0.0402588
3.110787e-008	0.0269775
3.113287e-008	0.0281983
3.115787e-008	0.0354492
3.118287e-008	0.0208984
3.120787e-008	0.0162842
3.123287e-008	0.0212402
3.125787e-008	0.00927735
3.128287e-008	0.00166016
3.130787e-008	0.0228027
3.133287e-008	0.0225098
3.135787e-008	0.0113281
3.138287e-008	0.034668
3.140787e-008	0.0378906
3.143287e-008	0.0288818
3.145787e-008	0.0277832
3.148287e-008	0.0160156
3.150787e-008	0.0195801
3.153287e-008	0.0200195
3.155787e-008	0.0143066
3.158287e-008	0.0155029
3.160787e-008	0.0212647
3.163287e-008	0.0360596
3.165787e-008	0.0245361
3.168287e-008	0.0123291
3.170787e-008	0.0300293
3.173287e-008	0.0290283
3.175787e-008	0.0227295
3.178287e-008	0.0350586
3.180787e-008	0.0365723
3.183287e-008	0.0295899
3.185787e-008	0.0261719
3.188287e-008	0.0330078
3.190787e-008	0.0390625
3.193287e-008	0.0166992
3.195787e-008	0.00129395
3.198287e-008	0.0124512
3.200787e-008	0.0225342
3.203287e-008	0.0271729
3.205787e-008	0.0229981
3.208287e-008	0.026001
3.210787e-008	0.0344971
3.213287e-008	0.0253174
3.215787e-008	0.00893555
3.218287e-008	0.0114746
3.220787e-008	0.0327637
3.223287e-008	0.0288574
3.225787e-008	0.0204834
3.228287e-008	0.0312988
3.230787e-008	0.025708
3.233287e-008	0.0264649
3.235787e-008	0.0303955
3.238287e-008	0.0295654
3.240787e-008	0.0290283
3.243287e-008	0.0060547
3.245787e-008	0.0151856
3.248287e-008	0.0399658
3.250787e-008	0.0228027
3.253287e-008	0.0178955
3.255787e-008	0.0258545
3.258287e-008	0.0270996
3.260787e-008	0.0321289
3.263287e-008	0.0264404
3.265787e-008	0.0254639
3.268287e-008	0.0291748
3.270787e-008	0.0300781
3.273287e-008	0.0293457
3.275787e-008	0.011792
3.278287e-008	0.0131836
3.280787e-008	0.0351563
3.283287e-008	0.0272461
3.285787e-008	0.0204834
3.288287e-008	0.0298828
3.290787e-008	0.0252686
3.293287e-008	0.0274902
3.295787e-008	0.0288574
3.298287e-008	0.0224365
3.300787e-008	0.0325684
3.303287e-008	0.0300293
3.305787e-008	0.0183106
3.308287e-008	0.0231445
3.310787e-008	0.0263184
3.313287e-008	0.0241211
3.315787e-008	0.0154053
3.318287e-008	0.029126
3.320787e-008	0.0452881
3.323287e-008	0.0126953
3.325787e-008	0.0169678
3.328287e-008	0.0498779
3.330787e-008	0.0290039
3.333287e-008	0.0207275
3.335787e-008	0.0271484
3.338287e-008	0.0244141
3.340787e-008	0.0347168
3.343287e-008	0.0226563
3.345787e-008	0.0155274
3.348287e-008	0.0270996
3.350787e-008	0.0275391
3.353287e-008	0.0382813
3.355787e-008	0.0308106
3.358287e-008	0.0189697
3.360787e-008	0.0342774
3.363287e-008	0.023291
3.365787e-008	0.013794
3.368287e-008	0.0227783
3.370787e-008	0.0142334
3.373287e-008	0.0166504
3.375787e-008	0.0222412
3.378287e-008	0.0224854
3.380787e-008	0.0300537
3.383287e-008	0.0314697
3.385787e-008	0.0324219
3.388287e-008	0.0272949
3.390787e-008	0.0233643
3.393287e-008	0.0301758
3.395787e-008	0.0251709
3.398287e-008	0.0268311
3.400787e-008	0.0364258
3.403287e-008	0.0194336
3.405787e-008	0.00947266
3.408287e-008	0.0234131
3.410787e-008	0.0292236
3.413287e-008	0.0304443
3.415787e-008	0.0253662
3.418287e-008	0.0243652
3.420787e-008	0.041919
3.423287e-008	0.0390137
3.425787e-008	0.0233154
3.428287e-008	0.0306397
3.430787e-008	0.0360596
3.433287e-008	0.0281738
3.435787e-008	0.0201416
3.438287e-008	0.0246338
3.440787e-008	0.0344238
3.443287e-008	0.021167
3.445787e-008	0.0132813
3.448287e-008	0.0269775
3.450787e-008	0.0331299
3.453287e-008	0.0321533
3.455787e-008	0.0235352
3.458287e-008	0.0145508
3.460787e-008	0.014502
3.463287e-008	0.0143066
3.465787e-008	0.0178711
3.468287e-008	0.0241943
3.470787e-008	0.030249
3.473287e-008	0.0273438
3.475787e-008	0.0174316
3.478287e-008	0.0252441
3.480787e-008	0.0225098
3.483287e-008	0.00756837
3.485787e-008	0.0212891
3.488287e-008	0.0250244
3.490787e-008	0.0177734
3.493287e-008	0.0237793
3.495787e-008	0.016919
3.498287e-008	0.0213623
3.500787e-008	0.0343262
3.503287e-008	0.0290039
3.505787e-008	0.0214111
3.508287e-008	0.0223389
3.510787e-008	0.0345459
3.513287e-008	0.0304932
3.515787e-008	0.0179199
3.518287e-008	0.0286377
3.520787e-008	0.0315918
3.523287e-008	0.0222168
3.525787e-008	0.0268066
3.528287e-008	0.0347168
3.530787e-008	0.0322998
3.533287e-008	0.022583
3.535787e-008	0.0103272
3.538287e-008	0.0144775
3.540787e-008	0.0350098
3.543287e-008	0.0265625
3.545787e-008	0.00661622
3.548287e-008	0.0203613
3.550787e-008	0.0285645
3.553287e-008	0.0219238
3.555787e-008	0.0231201
3.558287e-008	0.0168213
3.560787e-008	0.020459
3.563287e-008	0.0288818
3.565787e-008	0.0222656
3.568287e-008	0.0241943
3.570787e-008	0.0259522
3.573287e-008	0.0278565
3.575787e-008	0.032959
3.578287e-008	0.0255859
3.580787e-008	0.0272217
3.583287e-008	0.0304443
3.585787e-008	0.0275147
3.588287e-008	0.0320557
3.590787e-008	0.0241211
3.593287e-008	0.0098877
3.595787e-008	0.0129883
3.598287e-008	0.0211426
3.600787e-008	0.0181641
3.603287e-008	0.0141602
3.605787e-008	0.0193604
3.608287e-008	0.0242676
3.610787e-008	0.0255615
3.613287e-008	0.0336182
3.615787e-008	0.041626
3.618287e-008	0.035669
3.620787e-008	0.0331787
3.623287e-008	0.0390381
3.625787e-008	0.0305908
3.628287e-008	0.0193359
3.630787e-008	0.0179688
3.633287e-008	0.0165283
3.635787e-008	0.0261963
3.638287e-008	0.0430664
3.640787e-008	0.0449463
3.643287e-008	0.0337402
3.645787e-008	0.0266602
3.648287e-008	0.0326172
3.650787e-008	0.0285156
3.653287e-008	0.0209717
3.655787e-008	0.027002
3.658287e-008	0.0278076
3.660787e-008	0.0284912
3.663287e-008	0.0157959
3.665787e-008	0.00454102
3.668287e-008	0.0218262
3.670787e-008	0.0264404
3.673287e-008	0.0286865
3.675787e-008	0.0314453
3.678287e-008	0.0225342
3.680787e-008	0.0353272
3.683287e-008	0.0302002
3.685787e-008	0.0233154
3.688287e-008	0.0455322
3.690787e-008	0.0306397
3.693287e-008	0.020752
3.695787e-008	0.0323486
3.698287e-008	0.0253174
3.700787e-008	0.0331299
3.703287e-008	0.0239746
3.705787e-008	0.0121826
3.708287e-008	0.0243652
3.710787e-008	0.0157959
3.713287e-008	0.0202393
3.715787e-008	0.0279053
3.718287e-008	0.0220459
3.720787e-008	0.0344971
3.723287e-008	0.0230957
3.725787e-008	0.0162109
3.728287e-008	0.0383301
3.730787e-008	0.0204346
3.733287e-008	0.0109863
3.735787e-008	0.0435303
3.738287e-008	0.0407471
3.740787e-008	0.0158691
3.743287e-008	0.0144287
3.745787e-008	0.0235107
3.748287e-008	0.0284424
3.750787e-008	0.0239258
3.753287e-008	0.0229492
3.755787e-008	0.0233399
3.758287e-008	0.0257324
3.760787e-008	0.0402344
3.763287e-008	0.0318848
3.765787e-008	0.0164795
3.768287e-008	0.0241699
3.770787e-008	0.0209717
3.773287e-008	0.0215332
3.775787e-008	0.0309815
3.778287e-008	0.025708
3.780787e-008	0.0253662
3.783287e-008	0.0154541
3.785787e-008	0.00104981
3.788287e-008	0.0149414
3.790787e-008	0.031665
3.793287e-008	0.036377
3.795787e-008	0.0264893
3.798287e-008	0.0141113
3.800787e-008	0.0190918
3.803287e-008	0.0230957
3.805787e-008	0.0259033
3.808287e-008	0.023584
3.810787e-008	0.0253418
3.813287e-008	0.0327393
3.815787e-008	0.0180908
3.818287e-008	0.0215576
3.820787e-008	0.0318848
3.823287e-008	0.0162598
3.825787e-008	0.0147705
3.828287e-008	0.0206787
3.830787e-008	0.0245606
3.833287e-008	0.0235107
3.835787e-008	0.0155029
3.838287e-008	0.0244385
3.840787e-008	0.0293945
3.843287e-008	0.0189941
3.845787e-008	0.0164307
3.848287e-008	0.0284424
3.850787e-008	0.0341065
3.853287e-008	0.019165
3.855787e-008	0.0164551
3.858287e-008	0.0293945
3.860787e-008	0.0339111
3.863287e-008	0.0338623
3.865787e-008	0.0293945
3.868287e-008	0.0242432
3.870787e-008	0.020044
3.873287e-008	0.0210693
3.875787e-008	0.0298096
3.878287e-008	0.0344727
3.880787e-008	0.031543
3.883287e-008	0.0194092
3.885787e-008	0.0175781
3.888287e-008	0.0337647
3.890787e-008	0.0378906
3.893287e-008	0.0240479
3.895787e-008	0.0160645
3.898287e-008	0.0258301
3.900787e-008	0.0337891
3.903287e-008	0.0297608
3.905787e-008	0.0274658
3.908287e-008	0.0230713
3.910787e-008	0.0249512
3.913287e-008	0.0375244
3.915787e-008	0.0338379
3.918287e-008	0.0309326
3.920787e-008	0.0296875
3.923287e-008	0.0148682
3.925787e-008	0.0115967
3.928287e-008	0.0136231
3.930787e-008	0.0287354
3.933287e-008	0.0327637
3.935787e-008	0.0121094
3.938287e-008	0.0273438
3.940787e-008	0.032959
3.943287e-008	0.00803223
3.945787e-008	0.0123291
3.948287e-008	0.0150879
3.950787e-008	0.00476075
3.953287e-008	0.0128662
3.955787e-008	0.0235352
3.958287e-008	0.0260986
3.960787e-008	0.0251953
3.963287e-008	0.0192871
3.965787e-008	0.0213135
3.968287e-008	0.0276856
3.970787e-008	0.0276856
3.973287e-008	0.0268311
3.975787e-008	0.0255371
3.978287e-008	0.0262207
3.980787e-008	0.0231445
3.983287e-008	0.0167481
3.985787e-008	0.0195801
3.988287e-008	0.0283936
3.990787e-008	0.0314941
3.993287e-008	0.0294678
3.995787e-008	0.0298828
3.998287e-008	0.0295166
4.000787e-008	0.0301025
4.003287e-008	0.0302979
4.005787e-008	0.0240479
4.008287e-008	0.0228272
4.010787e-008	0.0251709
4.013287e-008	0.0247559
4.015787e-008	0.0202637
4.018287e-008	0.0174805
4.020787e-008	0.0311768
4.023287e-008	0.0354004
4.025787e-008	0.0216553
4.028287e-008	0.0246338
4.030787e-008	0.0246826
4.033287e-008	0.0111084
4.035787e-008	0.0123047
4.038287e-008	0.0242432
4.040787e-008	0.0340088
4.043287e-008	0.026001
4.045787e-008	0.0195068
4.048287e-008	0.027832
4.050787e-008	0.0195068
4.053287e-008	0.0144043
4.055787e-008	0.0179932
4.058287e-008	0.0206543
4.060787e-008	0.0356201
4.063287e-008	0.0321045
4.065787e-008	0.018042
4.068287e-008	0.0214844
4.070787e-008	0.0156982
4.073287e-008	0.0060547
4.075787e-008	0.0147949
4.078287e-008	0.022876
4.080787e-008	0.021167
4.083287e-008	0.0165283
4.085787e-008	0.0170166
4.088287e-008	0.0302002
4.090787e-008	0.036084
4.093287e-008	0.0250733
4.095787e-008	0.0203613
4.098287e-008	0.0293213
4.100787e-008	0.0286621
4.103287e-008	0.0201416
4.105787e-008	0.0246582
4.108287e-008	0.0217774
4.110787e-008	0.0162842
4.113287e-008	0.0293213
4.115787e-008	0.0328369
4.118287e-008	0.0262451
4.120787e-008	0.022583
4.123287e-008	0.0130859
4.125787e-008	0.0172852
4.128287e-008	0.0350098
4.130787e-008	0.0351563
4.133287e-008	0.0268799
4.135787e-008	0.0172119
4.138287e-008	0.0115234
4.140787e-008	0.0270996
4.143287e-008	0.0333252
4.145787e-008	0.0282715
4.148287e-008	0.0339111
4.150787e-008	0.0304932
4.153287e-008	0.0277344
4.155787e-008	0.0303955
4.158287e-008	0.0289551
4.160787e-008	0.033667
4.163287e-008	0.0253662
4.165787e-008	0.0181885
4.168287e-008	0.0292236
4.170787e-008	0.0218262
4.173287e-008	0.0181885
4.175787e-008	0.0343262
4.178287e-008	0.0358399
4.180787e-008	0.026416
4.183287e-008	0.0201904
4.185787e-008	0.0225098
4.188287e-008	0.0219238
4.190787e-008	0.0189941
4.193287e-008	0.0209473
4.195787e-008	0.0189209
4.198287e-008	0.028418
4.200787e-008	0.0276611
4.203287e-008	0.00908204
4.205787e-008	0.01521
4.208287e-008	0.0293945
4.210787e-008	0.0315674
4.213287e-008	0.0319336
4.215787e-008	0.0262451
4.218287e-008	0.0230713
4.220787e-008	0.0293457
4.223287e-008	0.0285645
4.225787e-008	0.0252686
4.228287e-008	0.0297608
4.230787e-008	0.0227783
4.233287e-008	0.0167725
4.235787e-008	0.0233643
4.238287e-008	0.0288086
4.240787e-008	0.0341553
4.243287e-008	0.0248047
4.245787e-008	0.0208984
4.248287e-008	0.0313477
4.250787e-008	0.0250977
4.253287e-008	0.0281006
4.255787e-008	0.0332031
4.258287e-008	0.018457
4.260787e-008	0.020874
4.263287e-008	0.0324219
4.265787e-008	0.0242432
4.268287e-008	0.0138184
4.270787e-008	0.0180664
4.273287e-008	0.025
4.275787e-008	0.0214111
4.278287e-008	0.0193115
4.280787e-008	0.0282715
4.283287e-008	0.0312012
4.285787e-008	0.0259522
4.288287e-008	0.0262695
4.290787e-008	0.0260254
4.293287e-008	0.0242432
4.295787e-008	0.0247315
4.298287e-008	0.0280518
4.300787e-008	0.0338135
4.303287e-008	0.032666
4.305787e-008	0.0236816
4.308287e-008	0.00612794
4.310787e-008	0.00688477
4.313287e-008	0.0359131
4.315787e-008	0.0353516
4.318287e-008	0.0256348
4.320787e-008	0.0407227
4.323287e-008	0.0289551
4.325787e-008	0.0115234
4.328287e-008	0.0249268
4.330787e-008	0.0324707
4.333287e-008	0.0217041
4.335787e-008	0.0125488
4.338287e-008	0.02146
4.340787e-008	0.0341309
4.343287e-008	0.0255615
4.345787e-008	0.0217774
4.348287e-008	0.0311768
4.350787e-008	0.0220703
4.353287e-008	0.0211914
4.355787e-008	0.0320557
4.358287e-008	0.0252197
4.360787e-008	0.0264893
4.363287e-008	0.0244385
4.365787e-008	0.02146
4.368287e-008	0.0355713
4.370787e-008	0.0290527
4.373287e-008	0.0216309
4.375787e-008	0.0253174
4.378287e-008	0.0249268
4.380787e-008	0.0373047
4.383287e-008	0.0397705
4.385787e-008	0.0276611
4.388287e-008	0.0202393
4.390787e-008	0.0147949
4.393287e-008	0.0143555
4.395787e-008	0.0143311
4.398287e-008	0.0211914
4.400787e-008	0.0335205
4.403287e-008	0.030542
4.405787e-008	0.028418
4.408287e-008	0.0281494
4.410787e-008	0.0195557
4.413287e-008	0.0257813
4.415787e-008	0.0359375
4.418287e-008	0.038501
4.420787e-008	0.033252
4.423287e-008	0.018457
4.425787e-008	0.0195557
4.428287e-008	0.0240723
4.430787e-008	0.0266846
4.433287e-008	0.0363037
4.435787e-008	0.0251953
4.438287e-008	0.0202393
4.440787e-008	0.0357178
4.443287e-008	0.0191162
4.445787e-008	0.00227052
4.448287e-008	0.0213867
4.450787e-008	0.0265625
4.453287e-008	0.0283203
4.455787e-008	0.038794
4.458287e-008	0.0368408
4.460787e-008	0.0248291
4.463287e-008	0.0027588
4.465787e-008	0.0121826
4.468287e-008	0.0297363
4.470787e-008	0.0236084
4.473287e-008	0.0269531
4.475787e-008	0.0172363
4.478287e-008	0.019043
4.480787e-008	0.0310303
4.483287e-008	0.0185303
4.485787e-008	0.0257324
4.488287e-008	0.0294922
4.490787e-008	0.0183594
4.493287e-008	0.0256104
4.495787e-008	0.0224365
4.498287e-008	0.0180908
4.500787e-008	0.0292725
4.503287e-008	0.0226074
4.505787e-008	0.0247803
4.508287e-008	0.038501
4.510787e-008	0.0232422
4.513287e-008	0.0251953
4.515787e-008	0.0308106
4.518287e-008	0.0127197
4.520787e-008	0.0251221
4.523287e-008	0.030835
4.525787e-008	0.0267578
4.528287e-008	0.0455811
4.530787e-008	0.0319824
4.533287e-008	0.0140625
4.535787e-008	0.0283936
4.538287e-008	0.0314209
4.540787e-008	0.0249268
4.543287e-008	0.0189453
4.545787e-008	0.0229736
4.548287e-008	0.0378418
4.550787e-008	0.029419
4.553287e-008	0.0213623
4.555787e-008	0.0295166
4.558287e-008	0.0284424
4.560787e-008	0.0301758
4.563287e-008	0.0265137
4.565787e-008	0.0142334
4.568287e-008	0.0189941
4.570787e-008	0.0302979
4.573287e-008	0.0302734
4.575787e-008	0.0212891
4.578287e-008	0.02771
4.580787e-008	0.0297119
4.583287e-008	0.00800782
4.585787e-008	0.0155029
4.588287e-008	0.0257813
4.590787e-008	0.0157959
4.593287e-008	0.0261475
4.595787e-008	0.0271484
4.598287e-008	0.0226074
4.600787e-008	0.031543
4.603287e-008	0.0256592
4.605787e-008	0.0220947
4.608287e-008	0.0265869
4.610787e-008	0.0185059
4.613287e-008	0.0171875
4.615787e-008	0.0210938
4.618287e-008	0.0225098
4.620787e-008	0.0344238
4.623287e-008	0.0284424
4.625787e-008	0.020752
4.628287e-008	0.0325928
4.630787e-008	0.020874
4.633287e-008	0.0123047
4.635787e-008	0.0206543
4.638287e-008	0.0228027
4.640787e-008	0.0333984
4.643287e-008	0.0294678
4.645787e-008	0.0199951
4.648287e-008	0.0126221
4.650787e-008	-0.00844726
4.653287e-008	0.0041504
4.655787e-008	0.024585
4.658287e-008	0.0238037
4.660787e-008	0.0360596
4.663287e-008	0.0292236
4.665787e-008	0.0200195
4.668287e-008	0.0304199
4.670787e-008	0.0256348
4.673287e-008	0.0218506
4.675787e-008	0.0170899
4.678287e-008	0.0199219
4.680787e-008	0.0370361
4.683287e-008	0.0250488
4.685787e-008	0.0128174
4.688287e-008	0.0245361
4.690787e-008	0.0243408
4.693287e-008	0.020166
4.695787e-008	0.0192139
4.698287e-008	0.0200195
4.700787e-008	0.0224854
4.703287e-008	0.0118652
4.705787e-008	0.014502
4.708287e-008	0.0268066
4.710787e-008	0.0293457
4.713287e-008	0.0390137
4.715787e-008	0.0267334
4.718287e-008	0.0122315
4.720787e-008	0.0293457
4.723287e-008	0.0233154
4.725787e-008	0.0130371
4.728287e-008	0.0287354
4.730787e-008	0.0309082
4.733287e-008	0.0315674
4.735787e-008	0.0304443
4.738287e-008	0.0229492
4.740787e-008	0.0293701
4.743287e-008	0.028125
4.745787e-008	0.0249756
4.748287e-008	0.0306152
4.750787e-008	0.0252686
4.753287e-008	0.0179932
4.755787e-008	0.0249512
4.758287e-008	0.0395752
4.760787e-008	0.0384522
4.763287e-008	0.021875
4.765787e-008	0.0125
4.768287e-008	0.0116943
4.770787e-008	0.0209473
4.773287e-008	0.035791
4.775787e-008	0.0290772
4.778287e-008	0.016919
4.780787e-008	0.0273438
4.783287e-008	0.0282715
4.785787e-008	0.020166
4.788287e-008	0.0253174
4.790787e-008	0.0252197
4.793287e-008	0.0268799
4.795787e-008	0.0280518
4.798287e-008	0.0212647
4.800787e-008	0.0203369
4.803287e-008	0.0144775
4.805787e-008	0.0147461
4.808287e-008	0.0181641
4.810787e-008	0.0164795
4.813287e-008	0.0320313
4.815787e-008	0.0376465
4.818287e-008	0.0337647
4.820787e-008	0.0381836
4.823287e-008	0.0244141
4.825787e-008	0.022876
4.828287e-008	0.04021
4.830787e-008	0.033374
4.833287e-008	0.0261231
4.835787e-008	0.0244385
4.838287e-008	0.0207764
4.840787e-008	0.0327149
4.843287e-008	0.0219482
4.845787e-008	0.0127197
4.848287e-008	0.0382324
4.850787e-008	0.0311035
4.853287e-008	0.0147461
4.855787e-008	0.0276611
4.858287e-008	0.0365967
4.860787e-008	0.0398682
4.863287e-008	0.0329102
4.865787e-008	0.0276611
4.868287e-008	0.0332031
4.870787e-008	0.0259522
4.873287e-008	0.0178955
4.875787e-008	0.0251709
4.878287e-008	0.0319824
4.880787e-008	0.0327149
4.883287e-008	0.0311768
4.885787e-008	0.0257324
4.888287e-008	0.0226318
4.890787e-008	0.020044
4.893287e-008	0.0221191
4.895787e-008	0.0296387
4.898287e-008	0.0262207
4.900787e-008	0.0197754
4.903287e-008	0.0140625
4.905787e-008	0.0144531
4.908287e-008	0.0223389
4.910787e-008	0.0178467
4.913287e-008	0.0145752
4.915787e-008	0.0233887
4.918287e-008	0.0311279
4.920787e-008	0.0310059
4.923287e-008	0.0154297
4.925787e-008	0.00444337
4.928287e-008	0.0175781
4.930787e-008	0.0204346
4.933287e-008	0.0173096
4.935787e-008	0.0335693
4.938287e-008	0.0369141
4.940787e-008	0.0339111
4.943287e-008	0.0320313
4.945787e-008	0.0218506
4.948287e-008	0.0233154
4.950787e-008	0.0253906
4.953287e-008	0.0317871
4.955787e-008	0.0322022
4.958287e-008	0.0216309
4.960787e-008	0.0327149
4.963287e-008	0.026001
4.965787e-008	0.00590821
4.968287e-008	0.0131348
4.970787e-008	0.02229
4.973287e-008	0.0323486
4.975787e-008	0.0327393
4.978287e-008	0.0269287
4.980787e-008	0.039209
4.983287e-008	0.0323486
4.985787e-008	0.0132813
4.988287e-008	0.0160889
4.990787e-008	0.0130371
4.993287e-008	0.00766602
4.995787e-008	0.0147461
4.998287e-008	0.0193604
5.000787e-008	0.0270752
