# LECROYWM813Zi	51496	Waveform
# Segments	1	SegmentSize	4002
# Segment	TrigTime	TimeSinceSegment1
# #1	30-Nov-2018 17:18:16	0                 
# Time	Ampl
-5.002246e-008	0.0170899
-4.999746e-008	0.0198242
-4.997246e-008	0.033252
-4.994746e-008	0.0335205
-4.992246e-008	0.0193359
-4.989746e-008	0.0142578
-4.987246e-008	0.026416
-4.984746e-008	0.023584
-4.982246e-008	0.0218018
-4.979746e-008	0.0325928
-4.977246e-008	0.029834
-4.974746e-008	0.0260986
-4.972246e-008	0.0228516
-4.969746e-008	0.0196289
-4.967246e-008	0.0197266
-4.964746e-008	0.0178955
-4.962246e-008	0.030835
-4.959746e-008	0.0416748
-4.957246e-008	0.0322022
-4.954746e-008	0.0258789
-4.952246e-008	0.0227295
-4.949746e-008	0.0139893
-4.947246e-008	0.0158203
-4.944746e-008	0.0327149
-4.942246e-008	0.0389893
-4.939746e-008	0.0221924
-4.937246e-008	0.011499
-4.934746e-008	0.027002
-4.932246e-008	0.0378418
-4.929746e-008	0.0226074
-4.927246e-008	0.0201172
-4.924746e-008	0.0300049
-4.922246e-008	0.0208984
-4.919746e-008	0.0251465
-4.917246e-008	0.0292969
-4.914746e-008	0.0249024
-4.912246e-008	0.0400147
-4.909746e-008	0.0270996
-4.907246e-008	0.00842286
-4.904746e-008	0.0226074
-4.902246e-008	0.0291504
-4.899746e-008	0.03125
-4.897246e-008	0.0218994
-4.894746e-008	0.0174072
-4.892246e-008	0.0449951
-4.889746e-008	0.0419678
-4.887246e-008	0.0172607
-4.884746e-008	0.0267578
-4.882246e-008	0.031665
-4.879746e-008	0.0206299
-4.877246e-008	0.0180176
-4.874746e-008	0.0110352
-4.872246e-008	0.00734864
-4.869746e-008	0.0147705
-4.867246e-008	0.0170899
-4.864746e-008	0.0231201
-4.862246e-008	0.0323731
-4.859746e-008	0.0241211
-4.857246e-008	0.0225586
-4.854746e-008	0.0371094
-4.852246e-008	0.0345215
-4.849746e-008	0.0227051
-4.847246e-008	0.0173828
-4.844746e-008	0.0130371
-4.842246e-008	0.0174072
-4.839746e-008	0.0307617
-4.837246e-008	0.024292
-4.834746e-008	0.0111084
-4.832246e-008	0.034375
-4.829746e-008	0.0388184
-4.827246e-008	0.0150879
-4.824746e-008	0.0276611
-4.822246e-008	0.0306397
-4.819746e-008	0.0204346
-4.817246e-008	0.0267822
-4.814746e-008	0.0238281
-4.812246e-008	0.0335205
-4.809746e-008	0.0388672
-4.807246e-008	0.0293701
-4.804746e-008	0.0281738
-4.802246e-008	0.0170899
-4.799746e-008	0.0116943
-4.797246e-008	0.0153076
-4.794746e-008	0.0260498
-4.792246e-008	0.0339111
-4.789746e-008	0.0175781
-4.787246e-008	0.0211182
-4.784746e-008	0.0332031
-4.782246e-008	0.0303711
-4.779746e-008	0.029541
-4.777246e-008	0.017041
-4.774746e-008	0.0200928
-4.772246e-008	0.0296387
-4.769746e-008	0.0165039
-4.767246e-008	0.0135254
-4.764746e-008	0.0197022
-4.762246e-008	0.0211914
-4.759746e-008	0.0186035
-4.757246e-008	0.0159668
-4.754746e-008	0.0229004
-4.752246e-008	0.0204102
-4.749746e-008	0.00546876
-4.747246e-008	0.0100342
-4.744746e-008	0.0233643
-4.742246e-008	0.0197022
-4.739746e-008	0.0178467
-4.737246e-008	0.0188721
-4.734746e-008	0.0197022
-4.732246e-008	0.028125
-4.729746e-008	0.0244629
-4.727246e-008	0.0234375
-4.724746e-008	0.0363037
-4.722246e-008	0.0312256
-4.719746e-008	0.0205322
-4.717246e-008	0.020874
-4.714746e-008	0.0240479
-4.712246e-008	0.0304932
-4.709746e-008	0.0243164
-4.707246e-008	0.0164551
-4.704746e-008	0.0240234
-4.702246e-008	0.0268799
-4.699746e-008	0.0223633
-4.697246e-008	0.017041
-4.694746e-008	0.02146
-4.692246e-008	0.0316895
-4.689746e-008	0.0301025
-4.687246e-008	0.0259277
-4.684746e-008	0.0251221
-4.682246e-008	0.0214111
-4.679746e-008	0.0201172
-4.677246e-008	0.0256592
-4.674746e-008	0.0245606
-4.672246e-008	0.0147461
-4.669746e-008	0.0109619
-4.667246e-008	0.0212891
-4.664746e-008	0.0321777
-4.662246e-008	0.0318848
-4.659746e-008	0.0322022
-4.657246e-008	0.0227295
-4.654746e-008	0.0204346
-4.652246e-008	0.0358154
-4.649746e-008	0.0294434
-4.647246e-008	0.0280762
-4.644746e-008	0.0354492
-4.642246e-008	0.0273682
-4.639746e-008	0.0358887
-4.637246e-008	0.0351563
-4.634746e-008	0.017041
-4.632246e-008	0.0249268
-4.629746e-008	0.0321289
-4.627246e-008	0.0241943
-4.624746e-008	0.0225342
-4.622246e-008	0.0273438
-4.619746e-008	0.033374
-4.617246e-008	0.0240234
-4.614746e-008	0.0183106
-4.612246e-008	0.0224609
-4.609746e-008	0.0141602
-4.607246e-008	0.0162354
-4.604746e-008	0.021167
-4.602246e-008	0.0250733
-4.599746e-008	0.0367432
-4.597246e-008	0.0275635
-4.594746e-008	0.0224609
-4.592246e-008	0.0355957
-4.589746e-008	0.0290772
-4.587246e-008	0.0135986
-4.584746e-008	0.017041
-4.582246e-008	0.0292725
-4.579746e-008	0.0262207
-4.577246e-008	0.0150391
-4.574746e-008	0.0272461
-4.572246e-008	0.0346191
-4.569746e-008	0.0134522
-4.567246e-008	0.0180664
-4.564746e-008	0.0338135
-4.562246e-008	0.0221191
-4.559746e-008	0.0198486
-4.557246e-008	0.0182129
-4.554746e-008	0.0164795
-4.552246e-008	0.0303467
-4.549746e-008	0.0206787
-4.547246e-008	0.0193848
-4.544746e-008	0.0420899
-4.542246e-008	0.0308594
-4.539746e-008	0.0184815
-4.537246e-008	0.0260986
-4.534746e-008	0.0239746
-4.532246e-008	0.028125
-4.529746e-008	0.0272705
-4.527246e-008	0.0212402
-4.524746e-008	0.028833
-4.522246e-008	0.024292
-4.519746e-008	0.0152344
-4.517246e-008	0.01604
-4.514746e-008	0.0172119
-4.512246e-008	0.0290527
-4.509746e-008	0.0337647
-4.507246e-008	0.0161133
-4.504746e-008	0.0143799
-4.502246e-008	0.0308838
-4.499746e-008	0.0310547
-4.497246e-008	0.018335
-4.494746e-008	0.0105713
-4.492246e-008	0.0203613
-4.489746e-008	0.02854
-4.487246e-008	0.0212402
-4.484746e-008	0.0282959
-4.482246e-008	0.0349121
-4.479746e-008	0.0219727
-4.477246e-008	0.0128662
-4.474746e-008	0.0197754
-4.472246e-008	0.0233154
-4.469746e-008	0.013916
-4.467246e-008	0.0202393
-4.464746e-008	0.0236084
-4.462246e-008	0.0210693
-4.459746e-008	0.0334717
-4.457246e-008	0.0241211
-4.454746e-008	0.0202637
-4.452246e-008	0.0408203
-4.449746e-008	0.0343262
-4.447246e-008	0.0199219
-4.444746e-008	0.0248291
-4.442246e-008	0.0208252
-4.439746e-008	0.0185303
-4.437246e-008	0.0376953
-4.434746e-008	0.0442627
-4.432246e-008	0.0272217
-4.429746e-008	0.0125244
-4.427246e-008	0.0184326
-4.424746e-008	0.0297852
-4.422246e-008	0.0269775
-4.419746e-008	0.028833
-4.417246e-008	0.0216065
-4.414746e-008	0.0179199
-4.412246e-008	0.0393799
-4.409746e-008	0.0295899
-4.407246e-008	0.0174805
-4.404746e-008	0.0295166
-4.402246e-008	0.0145996
-4.399746e-008	0.00158692
-4.397246e-008	0.0135986
-4.394746e-008	0.0333008
-4.392246e-008	0.0330566
-4.389746e-008	0.0103272
-4.387246e-008	0.0147461
-4.384746e-008	0.024292
-4.382246e-008	0.0175293
-4.379746e-008	0.0187744
-4.377246e-008	0.0203613
-4.374746e-008	0.0281494
-4.372246e-008	0.0296387
-4.369746e-008	0.0218018
-4.367246e-008	0.0259033
-4.364746e-008	0.0218994
-4.362246e-008	0.0228516
-4.359746e-008	0.0337158
-4.357246e-008	0.020874
-4.354746e-008	0.0125977
-4.352246e-008	0.0178467
-4.349746e-008	0.0175049
-4.347246e-008	0.0185059
-4.344746e-008	0.0163086
-4.342246e-008	0.0231445
-4.339746e-008	0.0282471
-4.337246e-008	0.0230469
-4.334746e-008	0.0391846
-4.332246e-008	0.0462158
-4.329746e-008	0.0231445
-4.327246e-008	0.0125
-4.324746e-008	0.0163574
-4.322246e-008	0.0154541
-4.319746e-008	0.0152588
-4.317246e-008	0.019458
-4.314746e-008	0.02771
-4.312246e-008	0.0324463
-4.309746e-008	0.0244385
-4.307246e-008	0.017041
-4.304746e-008	0.0207764
-4.302246e-008	0.0234863
-4.299746e-008	0.0185791
-4.297246e-008	0.0146484
-4.294746e-008	0.0194092
-4.292246e-008	0.0287842
-4.289746e-008	0.0256836
-4.287246e-008	0.0258545
-4.284746e-008	0.0383789
-4.282246e-008	0.0275391
-4.279746e-008	0.0131836
-4.277246e-008	0.0177246
-4.274746e-008	0.023584
-4.272246e-008	0.0227539
-4.269746e-008	0.0196289
-4.267246e-008	0.0290283
-4.264746e-008	0.0250244
-4.262246e-008	0.0179199
-4.259746e-008	0.0246826
-4.257246e-008	0.0166016
-4.254746e-008	0.0234375
-4.252246e-008	0.0282227
-4.249746e-008	0.00803223
-4.247246e-008	0.0136963
-4.244746e-008	0.0323731
-4.242246e-008	0.0269531
-4.239746e-008	0.0134766
-4.237246e-008	0.0149902
-4.234746e-008	0.0218018
-4.232246e-008	0.0214111
-4.229746e-008	0.021167
-4.227246e-008	0.027832
-4.224746e-008	0.0310059
-4.222246e-008	0.0267334
-4.219746e-008	0.0311768
-4.217246e-008	0.0257813
-4.214746e-008	0.017334
-4.212246e-008	0.0266358
-4.209746e-008	0.0225098
-4.207246e-008	0.0162109
-4.204746e-008	0.0251953
-4.202246e-008	0.027417
-4.199746e-008	0.0199219
-4.197246e-008	0.0118408
-4.194746e-008	0.0118408
-4.192246e-008	0.0161865
-4.189746e-008	0.0158203
-4.187246e-008	0.0141357
-4.184746e-008	0.0162598
-4.182246e-008	0.0216065
-4.179746e-008	0.0252441
-4.177246e-008	0.0197754
-4.174746e-008	0.0165039
-4.172246e-008	0.0267578
-4.169746e-008	0.023999
-4.167246e-008	0.0151856
-4.164746e-008	0.0182129
-4.162246e-008	0.0133545
-4.159746e-008	0.0170654
-4.157246e-008	0.0248047
-4.154746e-008	0.0244629
-4.152246e-008	0.035083
-4.149746e-008	0.033374
-4.147246e-008	0.0289063
-4.144746e-008	0.0313477
-4.142246e-008	0.0180664
-4.139746e-008	0.0141113
-4.137246e-008	0.0203857
-4.134746e-008	0.0243652
-4.132246e-008	0.0273682
-4.129746e-008	0.0186279
-4.127246e-008	0.0199463
-4.124746e-008	0.0320557
-4.122246e-008	0.026294
-4.119746e-008	0.0168213
-4.117246e-008	0.0162354
-4.114746e-008	0.0192871
-4.112246e-008	0.0261719
-4.109746e-008	0.0232178
-4.107246e-008	0.0188721
-4.104746e-008	0.0235107
-4.102246e-008	0.0164063
-4.099746e-008	0.00424805
-4.097246e-008	0.00561524
-4.094746e-008	0.0147461
-4.092246e-008	0.0261231
-4.089746e-008	0.0318604
-4.087246e-008	0.0224609
-4.084746e-008	0.0171387
-4.082246e-008	0.030957
-4.079746e-008	0.0397949
-4.077246e-008	0.0259033
-4.074746e-008	0.0182373
-4.072246e-008	0.032666
-4.069746e-008	0.0275635
-4.067246e-008	0.0214111
-4.064746e-008	0.0355225
-4.062246e-008	0.0123779
-4.059746e-008	-0.00332031
-4.057246e-008	0.0281494
-4.054746e-008	0.0367676
-4.052246e-008	0.0186279
-4.049746e-008	0.00793458
-4.047246e-008	0.0167725
-4.044746e-008	0.0241943
-4.042246e-008	0.0175293
-4.039746e-008	0.0264893
-4.037246e-008	0.0300781
-4.034746e-008	0.02146
-4.032246e-008	0.0179688
-4.029746e-008	0.00317384
-4.027246e-008	0.000732429
-4.024746e-008	0.016626
-4.022246e-008	0.0193359
-4.019746e-008	0.0162598
-4.017246e-008	0.0252197
-4.014746e-008	0.0338623
-4.012246e-008	0.0269531
-4.009746e-008	0.0213135
-4.007246e-008	0.0222168
-4.004746e-008	0.0205078
-4.002246e-008	0.0220459
-3.999746e-008	0.0264893
-3.997246e-008	0.0261475
-3.994746e-008	0.0215576
-3.992246e-008	0.0242676
-3.989746e-008	0.0225342
-3.987246e-008	0.020166
-3.984746e-008	0.0304688
-3.982246e-008	0.0331055
-3.979746e-008	0.0305176
-3.977246e-008	0.0202881
-3.974746e-008	0.016919
-3.972246e-008	0.0251465
-3.969746e-008	0.0142822
-3.967246e-008	0.00754395
-3.964746e-008	0.0150879
-3.962246e-008	0.0287109
-3.959746e-008	0.0244385
-3.957246e-008	0.00527345
-3.954746e-008	0.0235596
-3.952246e-008	0.0287109
-3.949746e-008	0.0148682
-3.947246e-008	0.025708
-3.944746e-008	0.0153565
-3.942246e-008	0.00937501
-3.939746e-008	0.0318848
-3.937246e-008	0.0307373
-3.934746e-008	0.0201416
-3.932246e-008	0.0296143
-3.929746e-008	0.028418
-3.927246e-008	0.0184815
-3.924746e-008	0.0303223
-3.922246e-008	0.0302246
-3.919746e-008	0.0181152
-3.917246e-008	0.029126
-3.914746e-008	0.0258545
-3.912246e-008	0.0128662
-3.909746e-008	0.0206055
-3.907246e-008	0.0224121
-3.904746e-008	0.0231201
-3.902246e-008	0.0277344
-3.899746e-008	0.025
-3.897246e-008	0.0248291
-3.894746e-008	0.0289063
-3.892246e-008	0.0362305
-3.889746e-008	0.0314453
-3.887246e-008	0.0180908
-3.884746e-008	0.0161621
-3.882246e-008	0.0111816
-3.879746e-008	0.0120606
-3.877246e-008	0.0259033
-3.874746e-008	0.0241943
-3.872246e-008	0.0158936
-3.869746e-008	0.0160645
-3.867246e-008	0.0200684
-3.864746e-008	0.0307129
-3.862246e-008	0.0311524
-3.859746e-008	0.0260498
-3.857246e-008	0.0272705
-3.854746e-008	0.0188232
-3.852246e-008	0.0147461
-3.849746e-008	0.0148926
-3.847246e-008	0.0180176
-3.844746e-008	0.0314941
-3.842246e-008	0.0292725
-3.839746e-008	0.0208008
-3.837246e-008	0.0212891
-3.834746e-008	0.0254395
-3.832246e-008	0.0254883
-3.829746e-008	0.0165527
-3.827246e-008	0.0183838
-3.824746e-008	0.0212647
-3.822246e-008	0.0198486
-3.819746e-008	0.0260742
-3.817246e-008	0.0234375
-3.814746e-008	0.0234375
-3.812246e-008	0.0286133
-3.809746e-008	0.0236328
-3.807246e-008	0.0218506
-3.804746e-008	0.0222656
-3.802246e-008	0.020752
-3.799746e-008	0.0183838
-3.797246e-008	0.0178223
-3.794746e-008	0.0253418
-3.792246e-008	0.0310547
-3.789746e-008	0.0275879
-3.787246e-008	0.0221436
-3.784746e-008	0.0206543
-3.782246e-008	0.0172852
-3.779746e-008	0.0220947
-3.777246e-008	0.0277588
-3.774746e-008	0.0256836
-3.772246e-008	0.031665
-3.769746e-008	0.0133057
-3.767246e-008	0.00373536
-3.764746e-008	0.0276367
-3.762246e-008	0.0204102
-3.759746e-008	0.0200928
-3.757246e-008	0.0309815
-3.754746e-008	0.0241455
-3.752246e-008	0.0282715
-3.749746e-008	0.0157959
-3.747246e-008	0.00991212
-3.744746e-008	0.0225342
-3.742246e-008	0.0199951
-3.739746e-008	0.02771
-3.737246e-008	0.0328613
-3.734746e-008	0.0334473
-3.732246e-008	0.0355469
-3.729746e-008	0.0178223
-3.727246e-008	0.0149902
-3.724746e-008	0.0289795
-3.722246e-008	0.0352783
-3.719746e-008	0.0346436
-3.717246e-008	0.0130127
-3.714746e-008	0.00783692
-3.712246e-008	0.0327637
-3.709746e-008	0.0301758
-3.707246e-008	0.0186279
-3.704746e-008	0.0225342
-3.702246e-008	0.0157471
-3.699746e-008	0.0131104
-3.697246e-008	0.0213135
-3.694746e-008	0.0297852
-3.692246e-008	0.0330811
-3.689746e-008	0.0242432
-3.687246e-008	0.0183106
-3.684746e-008	0.0125732
-3.682246e-008	0.00920411
-3.679746e-008	0.0243652
-3.677246e-008	0.0258789
-3.674746e-008	0.0146729
-3.672246e-008	0.0230469
-3.669746e-008	0.0276856
-3.667246e-008	0.0254639
-3.664746e-008	0.0251953
-3.662246e-008	0.0193115
-3.659746e-008	0.0273682
-3.657246e-008	0.0373779
-3.654746e-008	0.0287354
-3.652246e-008	0.020874
-3.649746e-008	0.0176025
-3.647246e-008	0.0207764
-3.644746e-008	0.0349854
-3.642246e-008	0.0327637
-3.639746e-008	0.0153809
-3.637246e-008	0.0126221
-3.634746e-008	0.0232178
-3.632246e-008	0.0319336
-3.629746e-008	0.0238525
-3.627246e-008	0.0158691
-3.624746e-008	0.024585
-3.622246e-008	0.0260254
-3.619746e-008	0.0217285
-3.617246e-008	0.0290283
-3.614746e-008	0.0312256
-3.612246e-008	0.0256592
-3.609746e-008	0.0288818
-3.607246e-008	0.0229736
-3.604746e-008	0.0192383
-3.602246e-008	0.031958
-3.599746e-008	0.0270264
-3.597246e-008	0.0182129
-3.594746e-008	0.0243164
-3.592246e-008	0.0299805
-3.589746e-008	0.0250977
-3.587246e-008	0.016333
-3.584746e-008	0.020752
-3.582246e-008	0.0182617
-3.579746e-008	0.00991212
-3.577246e-008	0.0190674
-3.574746e-008	0.027832
-3.572246e-008	0.0215576
-3.569746e-008	0.0156006
-3.567246e-008	0.0320313
-3.564746e-008	0.0445801
-3.562246e-008	0.034375
-3.559746e-008	0.0258301
-3.557246e-008	0.0196777
-3.554746e-008	0.0318359
-3.552246e-008	0.0454102
-3.549746e-008	0.0298828
-3.547246e-008	0.0197754
-3.544746e-008	0.0206787
-3.542246e-008	0.0268311
-3.539746e-008	0.0300781
-3.537246e-008	0.0115967
-3.534746e-008	0.00910645
-3.532246e-008	0.0312744
-3.529746e-008	0.0309815
-3.527246e-008	0.0171631
-3.524746e-008	0.0208252
-3.522246e-008	0.0178711
-3.519746e-008	0.0123535
-3.517246e-008	0.0257813
-3.514746e-008	0.0317627
-3.512246e-008	0.0289063
-3.509746e-008	0.0329834
-3.507246e-008	0.0305908
-3.504746e-008	0.0171875
-3.502246e-008	0.0169922
-3.499746e-008	0.0273926
-3.497246e-008	0.0226563
-3.494746e-008	0.015332
-3.492246e-008	0.0164307
-3.489746e-008	0.0177734
-3.487246e-008	0.0098877
-3.484746e-008	0.00683595
-3.482246e-008	0.0280029
-3.479746e-008	0.0388916
-3.477246e-008	0.0265625
-3.474746e-008	0.0295654
-3.472246e-008	0.0409912
-3.469746e-008	0.0263428
-3.467246e-008	0.0186035
-3.464746e-008	0.0277588
-3.462246e-008	0.0229736
-3.459746e-008	0.0299805
-3.457246e-008	0.0320557
-3.454746e-008	0.02854
-3.452246e-008	0.0479004
-3.449746e-008	0.033667
-3.447246e-008	0.017041
-3.444746e-008	0.0311279
-3.442246e-008	0.01875
-3.439746e-008	0.0132324
-3.437246e-008	0.0189453
-3.434746e-008	0.0156738
-3.432246e-008	0.0252686
-3.429746e-008	0.0203613
-3.427246e-008	0.0145264
-3.424746e-008	0.0189941
-3.422246e-008	0.0161133
-3.419746e-008	0.0176025
-3.417246e-008	0.0156494
-3.414746e-008	0.0260986
-3.412246e-008	0.0423584
-3.409746e-008	0.0349121
-3.407246e-008	0.0270264
-3.404746e-008	0.0248779
-3.402246e-008	0.0291504
-3.399746e-008	0.0334229
-3.397246e-008	0.0141357
-3.394746e-008	0.0137695
-3.392246e-008	0.0322022
-3.389746e-008	0.0131104
-3.387246e-008	0.00300294
-3.384746e-008	0.0224854
-3.382246e-008	0.0180664
-3.379746e-008	0.00895997
-3.377246e-008	0.0278565
-3.374746e-008	0.0436524
-3.372246e-008	0.0303223
-3.369746e-008	0.0208008
-3.367246e-008	0.0277832
-3.364746e-008	0.0298828
-3.362246e-008	0.0267578
-3.359746e-008	0.0249756
-3.357246e-008	0.0349609
-3.354746e-008	0.0362061
-3.352246e-008	0.028418
-3.349746e-008	0.0287598
-3.347246e-008	0.0162354
-3.344746e-008	0.0168945
-3.342246e-008	0.0347412
-3.339746e-008	0.0348145
-3.337246e-008	0.028833
-3.334746e-008	0.0275147
-3.332246e-008	0.0326172
-3.329746e-008	0.0285889
-3.327246e-008	0.0179688
-3.324746e-008	0.0261231
-3.322246e-008	0.03479
-3.319746e-008	0.0298828
-3.317246e-008	0.0207275
-3.314746e-008	0.0220459
-3.312246e-008	0.0266113
-3.309746e-008	0.0158691
-3.307246e-008	0.0167725
-3.304746e-008	0.0259766
-3.302246e-008	0.0203369
-3.299746e-008	0.0234619
-3.297246e-008	0.0233887
-3.294746e-008	0.0178223
-3.292246e-008	0.0290283
-3.289746e-008	0.0284424
-3.287246e-008	0.0225342
-3.284746e-008	0.0280029
-3.282246e-008	0.02229
-3.279746e-008	0.0150879
-3.277246e-008	0.019458
-3.274746e-008	0.0260254
-3.272246e-008	0.0239746
-3.269746e-008	0.0159912
-3.267246e-008	0.0145508
-3.264746e-008	0.0233643
-3.262246e-008	0.0293457
-3.259746e-008	0.0193604
-3.257246e-008	0.0172852
-3.254746e-008	0.0314697
-3.252246e-008	0.0303223
-3.249746e-008	0.0116211
-3.247246e-008	0.00773927
-3.244746e-008	0.0234131
-3.242246e-008	0.0317383
-3.239746e-008	0.0287598
-3.237246e-008	0.0237061
-3.234746e-008	0.0200195
-3.232246e-008	0.0177979
-3.229746e-008	0.0181641
-3.227246e-008	0.020752
-3.224746e-008	0.0201904
-3.222246e-008	0.0195313
-3.219746e-008	0.0239258
-3.217246e-008	0.0338623
-3.214746e-008	0.034082
-3.212246e-008	0.0293213
-3.209746e-008	0.0277832
-3.207246e-008	0.0250733
-3.204746e-008	0.0303223
-3.202246e-008	0.0200684
-3.199746e-008	0.0168213
-3.197246e-008	0.0350586
-3.194746e-008	0.0318115
-3.192246e-008	0.0265137
-3.189746e-008	0.0139893
-3.187246e-008	0.00617677
-3.184746e-008	0.0281006
-3.182246e-008	0.0301514
-3.179746e-008	0.0250488
-3.177246e-008	0.0234131
-3.174746e-008	0.0131348
-3.172246e-008	0.02229
-3.169746e-008	0.0297119
-3.167246e-008	0.0250488
-3.164746e-008	0.022168
-3.162246e-008	0.0230957
-3.159746e-008	0.027124
-3.157246e-008	0.019043
-3.154746e-008	0.0181641
-3.152246e-008	0.0229492
-3.149746e-008	0.0231201
-3.147246e-008	0.0337647
-3.144746e-008	0.0303711
-3.142246e-008	0.0166016
-3.139746e-008	0.0148926
-3.137246e-008	0.0173828
-3.134746e-008	0.0286621
-3.132246e-008	0.0402588
-3.129746e-008	0.0316406
-3.127246e-008	0.0252441
-3.124746e-008	0.0305176
-3.122246e-008	0.0227783
-3.119746e-008	0.0263916
-3.117246e-008	0.0284424
-3.114746e-008	0.0201904
-3.112246e-008	0.0380371
-3.109746e-008	0.025
-3.107246e-008	0.00444337
-3.104746e-008	0.0300537
-3.102246e-008	0.0223877
-3.099746e-008	0.00541993
-3.097246e-008	0.0264893
-3.094746e-008	0.0355713
-3.092246e-008	0.0382813
-3.089746e-008	0.0315186
-3.087246e-008	0.0137451
-3.084746e-008	0.0181152
-3.082246e-008	0.0187744
-3.079746e-008	0.0168213
-3.077246e-008	0.027417
-3.074746e-008	0.0307129
-3.072246e-008	0.0192871
-3.069746e-008	0.00634766
-3.067246e-008	0.0237305
-3.064746e-008	0.0320801
-3.062246e-008	0.0189941
-3.059746e-008	0.0301514
-3.057246e-008	0.02854
-3.054746e-008	0.022168
-3.052246e-008	0.0295654
-3.049746e-008	0.0163086
-3.047246e-008	0.0130127
-3.044746e-008	0.025
-3.042246e-008	0.0255859
-3.039746e-008	0.0291748
-3.037246e-008	0.0311279
-3.034746e-008	0.0304688
-3.032246e-008	0.0292236
-3.029746e-008	0.0112549
-3.027246e-008	0.00808106
-3.024746e-008	0.0213623
-3.022246e-008	0.0161621
-3.019746e-008	0.0215332
-3.017246e-008	0.0316406
-3.014746e-008	0.0299561
-3.012246e-008	0.034082
-3.009746e-008	0.0154541
-3.007246e-008	0.00229493
-3.004746e-008	0.0209473
-3.002246e-008	0.0193848
-2.999746e-008	0.0161377
-2.997246e-008	0.030542
-2.994746e-008	0.0359131
-2.992246e-008	0.0298828
-2.989746e-008	0.0167481
-2.987246e-008	0.0211426
-2.984746e-008	0.0334473
-2.982246e-008	0.0257568
-2.979746e-008	0.0137451
-2.977246e-008	0.00539552
-2.974746e-008	0.0115234
-2.972246e-008	0.0235596
-2.969746e-008	0.0180176
-2.967246e-008	0.0178955
-2.964746e-008	0.0306641
-2.962246e-008	0.0305664
-2.959746e-008	0.020459
-2.957246e-008	0.0174072
-2.954746e-008	0.0166748
-2.952246e-008	0.0188232
-2.949746e-008	0.0273193
-2.947246e-008	0.0289795
-2.944746e-008	0.0259522
-2.942246e-008	0.0224365
-2.939746e-008	0.0199463
-2.937246e-008	0.0250733
-2.934746e-008	0.0309326
-2.932246e-008	0.0318359
-2.929746e-008	0.0254639
-2.927246e-008	0.0210205
-2.924746e-008	0.0304688
-2.922246e-008	0.0303711
-2.919746e-008	0.00869141
-2.917246e-008	0.0119385
-2.914746e-008	0.0398193
-2.912246e-008	0.0368164
-2.909746e-008	0.0167481
-2.907246e-008	0.0106201
-2.904746e-008	0.0134766
-2.902246e-008	0.0133789
-2.899746e-008	0.0112305
-2.897246e-008	0.0234619
-2.894746e-008	0.0314209
-2.892246e-008	0.0309815
-2.889746e-008	0.0282471
-2.887246e-008	0.0151856
-2.884746e-008	0.0189941
-2.882246e-008	0.0226318
-2.879746e-008	0.0116455
-2.877246e-008	0.0149414
-2.874746e-008	0.0207031
-2.872246e-008	0.0244385
-2.869746e-008	0.024585
-2.867246e-008	0.0216797
-2.864746e-008	0.0237549
-2.862246e-008	0.018042
-2.859746e-008	0.0193604
-2.857246e-008	0.028125
-2.854746e-008	0.0267578
-2.852246e-008	0.0234619
-2.849746e-008	0.0179932
-2.847246e-008	0.0152344
-2.844746e-008	0.0233643
-2.842246e-008	0.0317383
-2.839746e-008	0.0338135
-2.837246e-008	0.0257568
-2.834746e-008	0.0181152
-2.832246e-008	0.035669
-2.829746e-008	0.0374756
-2.827246e-008	0.0135254
-2.824746e-008	0.0265625
-2.822246e-008	0.0329346
-2.819746e-008	0.00644532
-2.817246e-008	0.00895997
-2.814746e-008	0.0184815
-2.812246e-008	0.0106201
-2.809746e-008	0.0139404
-2.807246e-008	0.0278809
-2.804746e-008	0.0287354
-2.802246e-008	0.0178223
-2.799746e-008	0.0236328
-2.797246e-008	0.0306885
-2.794746e-008	0.0226318
-2.792246e-008	0.0226563
-2.789746e-008	0.0199951
-2.787246e-008	0.0136963
-2.784746e-008	0.0244629
-2.782246e-008	0.0299805
-2.779746e-008	0.0189453
-2.777246e-008	0.014209
-2.774746e-008	0.0224609
-2.772246e-008	0.0251221
-2.769746e-008	0.00827637
-2.767246e-008	0.00393067
-2.764746e-008	0.0233154
-2.762246e-008	0.0303223
-2.759746e-008	0.0278809
-2.757246e-008	0.0170899
-2.754746e-008	0.0166992
-2.752246e-008	0.0334229
-2.749746e-008	0.0198486
-2.747246e-008	0.0168457
-2.744746e-008	0.0287354
-2.742246e-008	0.0267578
-2.739746e-008	0.0384522
-2.737246e-008	0.0205811
-2.734746e-008	0.00524903
-2.732246e-008	0.0225342
-2.729746e-008	0.014502
-2.727246e-008	0.018457
-2.724746e-008	0.0299316
-2.722246e-008	0.023999
-2.719746e-008	0.0268066
-2.717246e-008	0.019751
-2.714746e-008	0.0175293
-2.712246e-008	0.0321533
-2.709746e-008	0.0338623
-2.707246e-008	0.020752
-2.704746e-008	0.013501
-2.702246e-008	0.015332
-2.699746e-008	0.0181397
-2.697246e-008	0.0301514
-2.694746e-008	0.0324219
-2.692246e-008	0.0158203
-2.689746e-008	0.0140625
-2.687246e-008	0.0250488
-2.684746e-008	0.0198731
-2.682246e-008	0.0175537
-2.679746e-008	0.0337158
-2.677246e-008	0.0297119
-2.674746e-008	0.0263428
-2.672246e-008	0.0354492
-2.669746e-008	0.0231445
-2.667246e-008	0.0187256
-2.664746e-008	0.0190186
-2.662246e-008	0.0177002
-2.659746e-008	0.0218994
-2.657246e-008	0.0157471
-2.654746e-008	0.0237793
-2.652246e-008	0.0260742
-2.649746e-008	0.0154785
-2.647246e-008	0.022168
-2.644746e-008	0.0236084
-2.642246e-008	0.0212891
-2.639746e-008	0.0233399
-2.637246e-008	0.0209229
-2.634746e-008	0.020166
-2.632246e-008	0.0255371
-2.629746e-008	0.0324463
-2.627246e-008	0.0190674
-2.624746e-008	0.0108887
-2.622246e-008	0.0295899
-2.619746e-008	0.0306152
-2.617246e-008	0.0197266
-2.614746e-008	0.0208984
-2.612246e-008	0.0271973
-2.609746e-008	0.0330566
-2.607246e-008	0.0248779
-2.604746e-008	0.0211426
-2.602246e-008	0.0241943
-2.599746e-008	0.00869141
-2.597246e-008	0.00383302
-2.594746e-008	0.0210693
-2.592246e-008	0.0212891
-2.589746e-008	0.010083
-2.587246e-008	0.0150391
-2.584746e-008	0.0267334
-2.582246e-008	0.0254639
-2.579746e-008	0.0192627
-2.577246e-008	0.0259522
-2.574746e-008	0.0265625
-2.572246e-008	0.015918
-2.569746e-008	0.0123779
-2.567246e-008	0.0221191
-2.564746e-008	0.0373291
-2.562246e-008	0.0308838
-2.559746e-008	0.0198731
-2.557246e-008	0.0257568
-2.554746e-008	0.0290527
-2.552246e-008	0.0281738
-2.549746e-008	0.0278809
-2.547246e-008	0.0285889
-2.544746e-008	0.0254639
-2.542246e-008	0.0160645
-2.539746e-008	0.0177979
-2.537246e-008	0.0288574
-2.534746e-008	0.0264649
-2.532246e-008	0.0269775
-2.529746e-008	0.033667
-2.527246e-008	0.0261963
-2.524746e-008	0.031543
-2.522246e-008	0.0351318
-2.519746e-008	0.0239746
-2.517246e-008	0.028125
-2.514746e-008	0.0261963
-2.512246e-008	0.0218506
-2.509746e-008	0.0269287
-2.507246e-008	0.0212402
-2.504746e-008	0.0137207
-2.502246e-008	0.0166504
-2.499746e-008	0.0284424
-2.497246e-008	0.0316895
-2.494746e-008	0.0259277
-2.492246e-008	0.0260986
-2.489746e-008	0.0190674
-2.487246e-008	0.0194824
-2.484746e-008	0.0369385
-2.482246e-008	0.0276611
-2.479746e-008	0.0105225
-2.477246e-008	0.0252686
-2.474746e-008	0.0407959
-2.472246e-008	0.03479
-2.469746e-008	0.0168457
-2.467246e-008	0.0131348
-2.464746e-008	0.0278565
-2.462246e-008	0.029419
-2.459746e-008	0.0186768
-2.457246e-008	0.0134277
-2.454746e-008	0.0208252
-2.452246e-008	0.0315674
-2.449746e-008	0.0251953
-2.447246e-008	0.0156494
-2.444746e-008	0.0226318
-2.442246e-008	0.0273193
-2.439746e-008	0.0229004
-2.437246e-008	0.0210205
-2.434746e-008	0.0196289
-2.432246e-008	0.0273193
-2.429746e-008	0.0288086
-2.427246e-008	0.0182861
-2.424746e-008	0.0308106
-2.422246e-008	0.0398682
-2.419746e-008	0.026709
-2.417246e-008	0.0205322
-2.414746e-008	0.0249756
-2.412246e-008	0.025708
-2.409746e-008	0.0107666
-2.407246e-008	0.0170654
-2.404746e-008	0.0337647
-2.402246e-008	0.0212158
-2.399746e-008	0.020044
-2.397246e-008	0.0206299
-2.394746e-008	0.0126465
-2.392246e-008	0.0214356
-2.389746e-008	0.0226074
-2.387246e-008	0.019751
-2.384746e-008	0.0210693
-2.382246e-008	0.0201416
-2.379746e-008	0.0256348
-2.377246e-008	0.0275879
-2.374746e-008	0.0255127
-2.372246e-008	0.0296631
-2.369746e-008	0.0325684
-2.367246e-008	0.0292969
-2.364746e-008	0.0224121
-2.362246e-008	0.0155274
-2.359746e-008	0.0180908
-2.357246e-008	0.0215088
-2.354746e-008	0.0204346
-2.352246e-008	0.0240479
-2.349746e-008	0.0225342
-2.347246e-008	0.0291748
-2.344746e-008	0.0364014
-2.342246e-008	0.0204834
-2.339746e-008	0.0132568
-2.337246e-008	0.0158936
-2.334746e-008	0.0265869
-2.332246e-008	0.0363525
-2.329746e-008	0.0167236
-2.327246e-008	0.0113281
-2.324746e-008	0.0214356
-2.322246e-008	0.0243164
-2.319746e-008	0.0286377
-2.317246e-008	0.022583
-2.314746e-008	0.0279785
-2.312246e-008	0.0266846
-2.309746e-008	0.0131592
-2.307246e-008	0.0249268
-2.304746e-008	0.0240967
-2.302246e-008	0.0180176
-2.299746e-008	0.0276611
-2.297246e-008	0.0177979
-2.294746e-008	0.0164551
-2.292246e-008	0.0313233
-2.289746e-008	0.0258057
-2.287246e-008	0.0241943
-2.284746e-008	0.0356201
-2.282246e-008	0.036499
-2.279746e-008	0.0309326
-2.277246e-008	0.0258545
-2.274746e-008	0.0285645
-2.272246e-008	0.0270996
-2.269746e-008	0.0177734
-2.267246e-008	0.0215332
-2.264746e-008	0.0204346
-2.262246e-008	0.0197998
-2.259746e-008	0.0308594
-2.257246e-008	0.0265137
-2.254746e-008	0.0229492
-2.252246e-008	0.0306152
-2.249746e-008	0.0259033
-2.247246e-008	0.0246338
-2.244746e-008	0.0324951
-2.242246e-008	0.0160156
-2.239746e-008	0.00852052
-2.237246e-008	0.0267578
-2.234746e-008	0.0196777
-2.232246e-008	0.0127441
-2.229746e-008	0.0180664
-2.227246e-008	0.0165527
-2.224746e-008	0.0247803
-2.222246e-008	0.0293457
-2.219746e-008	0.0275635
-2.217246e-008	0.0193604
-2.214746e-008	0.0181641
-2.212246e-008	0.0291504
-2.209746e-008	0.0189697
-2.207246e-008	0.0116455
-2.204746e-008	0.0179688
-2.202246e-008	0.0210693
-2.199746e-008	0.0155518
-2.197246e-008	0.00512696
-2.194746e-008	0.0263428
-2.192246e-008	0.039209
-2.189746e-008	0.0187012
-2.187246e-008	0.0163086
-2.184746e-008	0.0176758
-2.182246e-008	0.018457
-2.179746e-008	0.0280274
-2.177246e-008	0.0274658
-2.174746e-008	0.0302734
-2.172246e-008	0.0292725
-2.169746e-008	0.0161865
-2.167246e-008	0.0180664
-2.164746e-008	0.0292481
-2.162246e-008	0.0310547
-2.159746e-008	0.0340088
-2.157246e-008	0.0324951
-2.154746e-008	0.0247803
-2.152246e-008	0.0254639
-2.149746e-008	0.0165039
-2.147246e-008	0.0123535
-2.144746e-008	0.0300537
-2.142246e-008	0.0289307
-2.139746e-008	0.0148193
-2.137246e-008	0.0215576
-2.134746e-008	0.0354248
-2.132246e-008	0.0306152
-2.129746e-008	0.0162842
-2.127246e-008	0.0118408
-2.124746e-008	0.0176514
-2.122246e-008	0.0302246
-2.119746e-008	0.0233399
-2.117246e-008	0.0116455
-2.114746e-008	0.0272461
-2.112246e-008	0.0333496
-2.109746e-008	0.0254883
-2.107246e-008	0.0268311
-2.104746e-008	0.029541
-2.102246e-008	0.0276367
-2.099746e-008	0.0200195
-2.097246e-008	0.0196045
-2.094746e-008	0.0300537
-2.092246e-008	0.0247315
-2.089746e-008	0.00808106
-2.087246e-008	0.0175537
-2.084746e-008	0.0272949
-2.082246e-008	0.0229248
-2.079746e-008	0.0341065
-2.077246e-008	0.0332275
-2.074746e-008	0.0311035
-2.072246e-008	0.0391113
-2.069746e-008	0.0224365
-2.067246e-008	0.0196777
-2.064746e-008	0.030957
-2.062246e-008	0.021875
-2.059746e-008	0.0218262
-2.057246e-008	0.0182129
-2.054746e-008	0.0164063
-2.052246e-008	0.0273193
-2.049746e-008	0.00910645
-2.047246e-008	0.0141113
-2.044746e-008	0.0397949
-2.042246e-008	0.0273926
-2.039746e-008	0.0289795
-2.037246e-008	0.0268555
-2.034746e-008	0.015332
-2.032246e-008	0.0300049
-2.029746e-008	0.0263916
-2.027246e-008	0.0241455
-2.024746e-008	0.0292969
-2.022246e-008	0.0155762
-2.019746e-008	0.0136475
-2.017246e-008	0.0192383
-2.014746e-008	0.0275879
-2.012246e-008	0.0376953
-2.009746e-008	0.0276367
-2.007246e-008	0.0178223
-2.004746e-008	0.0247559
-2.002246e-008	0.0242188
-1.999746e-008	0.0165283
-1.997246e-008	0.0198731
-1.994746e-008	0.0229248
-1.992246e-008	0.0167236
-1.989746e-008	0.00922852
-1.987246e-008	0.0154541
-1.984746e-008	0.0261231
-1.982246e-008	0.0234375
-1.979746e-008	0.0292725
-1.977246e-008	0.0266358
-1.974746e-008	0.0181152
-1.972246e-008	0.0321045
-1.969746e-008	0.0203125
-1.967246e-008	0.0109131
-1.964746e-008	0.0317139
-1.962246e-008	0.0292725
-1.959746e-008	0.0209473
-1.957246e-008	0.0140869
-1.954746e-008	0.0143311
-1.952246e-008	0.0343506
-1.949746e-008	0.0379639
-1.947246e-008	0.0269531
-1.944746e-008	0.0163086
-1.942246e-008	0.0173828
-1.939746e-008	0.0238525
-1.937246e-008	0.0140869
-1.934746e-008	0.0147705
-1.932246e-008	0.0221191
-1.929746e-008	0.0153076
-1.927246e-008	0.0198242
-1.924746e-008	0.0247559
-1.922246e-008	0.0171143
-1.919746e-008	0.0237305
-1.917246e-008	0.025708
-1.914746e-008	0.0196533
-1.912246e-008	0.0298584
-1.909746e-008	0.0300293
-1.907246e-008	0.0256104
-1.904746e-008	0.0243164
-1.902246e-008	0.0155518
-1.899746e-008	0.0224854
-1.897246e-008	0.0240479
-1.894746e-008	0.0229736
-1.892246e-008	0.0334473
-1.889746e-008	0.0197266
-1.887246e-008	0.00737305
-1.884746e-008	0.012915
-1.882246e-008	0.0155274
-1.879746e-008	0.0185547
-1.877246e-008	0.0175293
-1.874746e-008	0.020874
-1.872246e-008	0.0232666
-1.869746e-008	0.0202149
-1.867246e-008	0.0272461
-1.864746e-008	0.0263916
-1.862246e-008	0.0170166
-1.859746e-008	0.0200195
-1.857246e-008	0.0256104
-1.854746e-008	0.0290283
-1.852246e-008	0.0360108
-1.849746e-008	0.0345459
-1.847246e-008	0.0225586
-1.844746e-008	0.0196533
-1.842246e-008	0.0227783
-1.839746e-008	0.0178467
-1.837246e-008	0.0139649
-1.834746e-008	0.0186279
-1.832246e-008	0.0274414
-1.829746e-008	0.0313477
-1.827246e-008	0.0275879
-1.824746e-008	0.0151856
-1.822246e-008	0.00820313
-1.819746e-008	0.022876
-1.817246e-008	0.0286377
-1.814746e-008	0.0283203
-1.812246e-008	0.037085
-1.809746e-008	0.0240723
-1.807246e-008	0.0215576
-1.804746e-008	0.0383545
-1.802246e-008	0.0307129
-1.799746e-008	0.0196533
-1.797246e-008	0.0155762
-1.794746e-008	0.0206787
-1.792246e-008	0.0311035
-1.789746e-008	0.0200928
-1.787246e-008	0.0235596
-1.784746e-008	0.0334229
-1.782246e-008	0.0171631
-1.779746e-008	0.0216065
-1.777246e-008	0.0260498
-1.774746e-008	0.0167236
-1.772246e-008	0.0287598
-1.769746e-008	0.0294678
-1.767246e-008	0.0251953
-1.764746e-008	0.021167
-1.762246e-008	0.00480958
-1.759746e-008	0.0158203
-1.757246e-008	0.0281494
-1.754746e-008	0.0250733
-1.752246e-008	0.0316895
-1.749746e-008	0.0230713
-1.747246e-008	0.0157471
-1.744746e-008	0.0237793
-1.742246e-008	0.0193848
-1.739746e-008	0.0148682
-1.737246e-008	0.020166
-1.734746e-008	0.0302246
-1.732246e-008	0.027002
-1.729746e-008	0.010376
-1.727246e-008	0.0159424
-1.724746e-008	0.0270996
-1.722246e-008	0.026416
-1.719746e-008	0.0279297
-1.717246e-008	0.0264649
-1.714746e-008	0.0242432
-1.712246e-008	0.0248047
-1.709746e-008	0.0321045
-1.707246e-008	0.0367188
-1.704746e-008	0.0264893
-1.702246e-008	0.0196289
-1.699746e-008	0.0226074
-1.697246e-008	0.0272461
-1.694746e-008	0.0345703
-1.692246e-008	0.0358643
-1.689746e-008	0.0219971
-1.687246e-008	0.0241455
-1.684746e-008	0.040625
-1.682246e-008	0.0330078
-1.679746e-008	0.0276611
-1.677246e-008	0.0261475
-1.674746e-008	0.0193115
-1.672246e-008	0.0323242
-1.669746e-008	0.0310059
-1.667246e-008	0.0119873
-1.664746e-008	0.0188965
-1.662246e-008	0.0352051
-1.659746e-008	0.0255127
-1.657246e-008	0.00991212
-1.654746e-008	0.018335
-1.652246e-008	0.0226807
-1.649746e-008	0.0165527
-1.647246e-008	0.0198731
-1.644746e-008	0.0169922
-1.642246e-008	0.0129883
-1.639746e-008	0.0230469
-1.637246e-008	0.0328858
-1.634746e-008	0.0326172
-1.632246e-008	0.0274658
-1.629746e-008	0.0235352
-1.627246e-008	0.0221924
-1.624746e-008	0.0253418
-1.622246e-008	0.0283691
-1.619746e-008	0.0194336
-1.617246e-008	0.00800782
-1.614746e-008	0.0162842
-1.612246e-008	0.0334961
-1.609746e-008	0.0328369
-1.607246e-008	0.0295654
-1.604746e-008	0.0355225
-1.602246e-008	0.0277344
-1.599746e-008	0.0253174
-1.597246e-008	0.0318604
-1.594746e-008	0.0333496
-1.592246e-008	0.0362305
-1.589746e-008	0.0162598
-1.587246e-008	0.00812989
-1.584746e-008	0.0244873
-1.582246e-008	0.0244873
-1.579746e-008	0.0303223
-1.577246e-008	0.0201172
-1.574746e-008	0.0121582
-1.572246e-008	0.0386475
-1.569746e-008	0.0289307
-1.567246e-008	0.0175537
-1.564746e-008	0.0337402
-1.562246e-008	0.0181885
-1.559746e-008	0.0148438
-1.557246e-008	0.0297852
-1.554746e-008	0.0176514
-1.552246e-008	0.0133545
-1.549746e-008	0.0172119
-1.547246e-008	0.0130615
-1.544746e-008	0.0189941
-1.542246e-008	0.0283447
-1.539746e-008	0.0256836
-1.537246e-008	0.012207
-1.534746e-008	0.0175049
-1.532246e-008	0.0336914
-1.529746e-008	0.0228516
-1.527246e-008	0.0151856
-1.524746e-008	0.0258057
-1.522246e-008	0.0313233
-1.519746e-008	0.0255127
-1.517246e-008	0.012915
-1.514746e-008	0.0185547
-1.512246e-008	0.0249268
-1.509746e-008	0.0106445
-1.507246e-008	0.0124268
-1.504746e-008	0.0209473
-1.502246e-008	0.0205078
-1.499746e-008	0.0311279
-1.497246e-008	0.0234863
-1.494746e-008	0.0132324
-1.492246e-008	0.0312744
-1.489746e-008	0.0228272
-1.487246e-008	0.0069336
-1.484746e-008	0.0132568
-1.482246e-008	0.0136963
-1.479746e-008	0.0259522
-1.477246e-008	0.0243652
-1.474746e-008	0.00595704
-1.472246e-008	0.0186279
-1.469746e-008	0.0255371
-1.467246e-008	0.0173828
-1.464746e-008	0.0276367
-1.462246e-008	0.0284668
-1.459746e-008	0.011499
-1.457246e-008	0.00947266
-1.454746e-008	0.029126
-1.452246e-008	0.04021
-1.449746e-008	0.0250488
-1.447246e-008	0.0177734
-1.444746e-008	0.0263428
-1.442246e-008	0.0272705
-1.439746e-008	0.0193115
-1.437246e-008	0.0154053
-1.434746e-008	0.0287842
-1.432246e-008	0.0257324
-1.429746e-008	0.0120361
-1.427246e-008	0.0286377
-1.424746e-008	0.0299316
-1.422246e-008	0.0169922
-1.419746e-008	0.0330811
-1.417246e-008	0.0402344
-1.414746e-008	0.0226318
-1.412246e-008	0.0146973
-1.409746e-008	0.0221436
-1.407246e-008	0.0248047
-1.404746e-008	0.0175293
-1.402246e-008	0.0112793
-1.399746e-008	0.0155029
-1.397246e-008	0.0288086
-1.394746e-008	0.0399658
-1.392246e-008	0.0257813
-1.389746e-008	-0.000756828
-1.387246e-008	0.00632325
-1.384746e-008	0.0198975
-1.382246e-008	0.0169922
-1.379746e-008	0.023291
-1.377246e-008	0.0226074
-1.374746e-008	0.0196533
-1.372246e-008	0.0235596
-1.369746e-008	0.0211182
-1.367246e-008	0.0291992
-1.364746e-008	0.0272217
-1.362246e-008	0.0115967
-1.359746e-008	0.021875
-1.357246e-008	0.0248291
-1.354746e-008	0.0224121
-1.352246e-008	0.0348145
-1.349746e-008	0.0181397
-1.347246e-008	0.00981446
-1.344746e-008	0.0265137
-1.342246e-008	0.0297852
-1.339746e-008	0.0355469
-1.337246e-008	0.0332275
-1.334746e-008	0.0283936
-1.332246e-008	0.0291748
-1.329746e-008	0.0168701
-1.327246e-008	0.013501
-1.324746e-008	0.0240234
-1.322246e-008	0.0275879
-1.319746e-008	0.0177979
-1.317246e-008	0.0128906
-1.314746e-008	0.0244873
-1.312246e-008	0.0286621
-1.309746e-008	0.0199463
-1.307246e-008	0.0117432
-1.304746e-008	0.00834962
-1.302246e-008	0.0209473
-1.299746e-008	0.038208
-1.297246e-008	0.0301025
-1.294746e-008	0.0238525
-1.292246e-008	0.031665
-1.289746e-008	0.0193604
-1.287246e-008	0.0174805
-1.284746e-008	0.0324219
-1.282246e-008	0.0304443
-1.279746e-008	0.0293457
-1.277246e-008	0.0224365
-1.274746e-008	0.0198731
-1.272246e-008	0.0398682
-1.269746e-008	0.0278076
-1.267246e-008	0.00195313
-1.264746e-008	0.0101074
-1.262246e-008	0.0231201
-1.259746e-008	0.0355225
-1.257246e-008	0.0248535
-1.254746e-008	0.00253907
-1.252246e-008	0.024585
-1.249746e-008	0.0287354
-1.247246e-008	0.0100342
-1.244746e-008	0.0226563
-1.242246e-008	0.0207764
-1.239746e-008	0.0123047
-1.237246e-008	0.0151123
-1.234746e-008	0.0208008
-1.232246e-008	0.0303711
-1.229746e-008	0.00886231
-1.227246e-008	0.00603028
-1.224746e-008	0.033374
-1.222246e-008	0.0256592
-1.219746e-008	0.0229492
-1.217246e-008	0.0301514
-1.214746e-008	0.0285645
-1.212246e-008	0.032544
-1.209746e-008	0.0227783
-1.207246e-008	0.0251709
-1.204746e-008	0.0299561
-1.202246e-008	0.0192871
-1.199746e-008	0.02229
-1.197246e-008	0.0140625
-1.194746e-008	0.0113525
-1.192246e-008	0.0236572
-1.189746e-008	0.0158203
-1.187246e-008	0.0169678
-1.184746e-008	0.0229248
-1.182246e-008	0.0196533
-1.179746e-008	0.0296631
-1.177246e-008	0.0349121
-1.174746e-008	0.0284912
-1.172246e-008	0.0199463
-1.169746e-008	0.0116699
-1.167246e-008	0.014209
-1.164746e-008	0.0161377
-1.162246e-008	0.0192383
-1.159746e-008	0.0313965
-1.157246e-008	0.024585
-1.154746e-008	0.0159424
-1.152246e-008	0.024707
-1.149746e-008	0.0103272
-1.147246e-008	-0.00129394
-1.144746e-008	0.0193115
-1.142246e-008	0.0281983
-1.139746e-008	0.0302002
-1.137246e-008	0.0304443
-1.134746e-008	0.0206299
-1.132246e-008	0.0288086
-1.129746e-008	0.0336426
-1.127246e-008	0.0204102
-1.124746e-008	0.0121826
-1.122246e-008	0.0138184
-1.119746e-008	0.0219238
-1.117246e-008	0.012915
-1.114746e-008	0.000903328
-1.112246e-008	0.0108887
-1.109746e-008	0.0181397
-1.107246e-008	0.0198731
-1.104746e-008	0.0209717
-1.102246e-008	0.0200684
-1.099746e-008	0.019751
-1.097246e-008	0.00668946
-1.094746e-008	0.0103516
-1.092246e-008	0.0292725
-1.089746e-008	0.0167969
-1.087246e-008	0.0175049
-1.084746e-008	0.0256104
-1.082246e-008	0.0110352
-1.079746e-008	0.020166
-1.077246e-008	0.0230713
-1.074746e-008	0.0239014
-1.072246e-008	0.0326172
-1.069746e-008	0.0123047
-1.067246e-008	0.0238525
-1.064746e-008	0.0460938
-1.062246e-008	0.0309326
-1.059746e-008	0.0265625
-1.057246e-008	0.0120361
-1.054746e-008	0.00759278
-1.052246e-008	0.0329346
-1.049746e-008	0.0220459
-1.047246e-008	0.0102295
-1.044746e-008	0.0211426
-1.042246e-008	0.0192871
-1.039746e-008	0.0260254
-1.037246e-008	0.0305664
-1.034746e-008	0.0230469
-1.032246e-008	0.0217285
-1.029746e-008	0.0154297
-1.027246e-008	0.0160645
-1.024746e-008	0.0304199
-1.022246e-008	0.0290039
-1.019746e-008	0.025
-1.017246e-008	0.0307373
-1.014746e-008	0.0246582
-1.012246e-008	0.0203857
-1.009746e-008	0.00949708
-1.007246e-008	0.00673829
-1.004746e-008	0.0296875
-1.002246e-008	0.0250733
-9.997461e-009	0.0252441
-9.972461e-009	0.0364502
-9.947461e-009	0.0201416
-9.922461e-009	0.0246094
-9.897461e-009	0.0279053
-9.872461e-009	0.0154541
-9.847461e-009	0.0238037
-9.822461e-009	0.0234131
-9.797461e-009	0.0182861
-9.772461e-009	0.0260742
-9.747461e-009	0.0224609
-9.722461e-009	0.0189453
-9.697461e-009	0.0279053
-9.672461e-009	0.0286621
-9.647461e-009	0.0281983
-9.622461e-009	0.0358643
-9.597461e-009	0.0327149
-9.572461e-009	0.0245606
-9.547461e-009	0.0257324
-9.522461e-009	0.0228272
-9.497461e-009	0.015332
-9.472461e-009	0.014209
-9.447461e-009	0.0136963
-9.422461e-009	0.0201416
-9.397461e-009	0.033374
-9.372461e-009	0.0372315
-9.347461e-009	0.0327393
-9.322461e-009	0.0232666
-9.297461e-009	0.0213135
-9.272461e-009	0.0253174
-9.247461e-009	0.0210449
-9.222461e-009	0.0195313
-9.197461e-009	0.0228027
-9.172461e-009	0.0274658
-9.147461e-009	0.0330566
-9.122461e-009	0.0249512
-9.097461e-009	0.00795899
-9.072461e-009	0.012085
-9.047461e-009	0.0239014
-9.022461e-009	0.0168213
-8.997461e-009	0.0183106
-8.972461e-009	0.0297608
-8.947461e-009	0.0302002
-8.922461e-009	0.0316162
-8.897461e-009	0.0291748
-8.872461e-009	0.0215332
-8.847461e-009	0.0196045
-8.822461e-009	0.0204102
-8.797461e-009	0.0280762
-8.772461e-009	0.0269775
-8.747461e-009	0.0224609
-8.722461e-009	0.0345215
-8.697461e-009	0.0232666
-8.672461e-009	0.012207
-8.647461e-009	0.0270996
-8.622461e-009	0.0214356
-8.597461e-009	0.0249024
-8.572461e-009	0.0356934
-8.547461e-009	0.0214356
-8.522461e-009	0.015332
-8.497461e-009	0.0166748
-8.472461e-009	0.0209229
-8.447461e-009	0.0243408
-8.422461e-009	0.0141357
-8.397461e-009	0.00952149
-8.372461e-009	0.0143311
-8.347461e-009	0.024292
-8.322461e-009	0.0332031
-8.297461e-009	0.0277588
-8.272461e-009	0.0284668
-8.247461e-009	0.0393311
-8.222461e-009	0.023877
-8.197461e-009	0.00539552
-8.172461e-009	0.0178711
-8.147461e-009	0.0235352
-8.122461e-009	0.0155518
-8.097461e-009	0.0153809
-8.072461e-009	0.0191162
-8.047461e-009	0.0225098
-8.022461e-009	0.0116211
-7.997461e-009	0.0097168
-7.972461e-009	0.0258057
-7.947461e-009	0.0237793
-7.922461e-009	0.0292725
-7.897461e-009	0.0289551
-7.872461e-009	0.00932618
-7.847461e-009	0.0180908
-7.822461e-009	0.0224854
-7.797461e-009	0.0211182
-7.772461e-009	0.0296387
-7.747461e-009	0.0295166
-7.722461e-009	0.0327881
-7.697461e-009	0.020044
-7.672461e-009	0.0162598
-7.647461e-009	0.0250244
-7.622461e-009	0.0150147
-7.597461e-009	0.0248047
-7.572461e-009	0.0259766
-7.547461e-009	0.0084961
-7.522461e-009	0.0218994
-7.497461e-009	0.0283447
-7.472461e-009	0.0226807
-7.447461e-009	0.0359863
-7.422461e-009	0.0325928
-7.397461e-009	0.0192627
-7.372461e-009	0.0204102
-7.347461e-009	0.0239746
-7.322461e-009	0.0340088
-7.297461e-009	0.0295899
-7.272461e-009	0.0177246
-7.247461e-009	0.0200928
-7.222461e-009	0.019165
-7.197461e-009	0.0236328
-7.172461e-009	0.0272705
-7.147461e-009	0.02854
-7.122461e-009	0.032251
-7.097461e-009	0.0202149
-7.072461e-009	0.0212647
-7.047461e-009	0.0325195
-7.022461e-009	0.0226807
-6.997461e-009	0.02146
-6.972461e-009	0.0272949
-6.947461e-009	0.0241943
-6.922461e-009	0.0251953
-6.897461e-009	0.0217285
-6.872461e-009	0.0220459
-6.847461e-009	0.0226563
-6.822461e-009	0.0191162
-6.797461e-009	0.0264649
-6.772461e-009	0.0187256
-6.747461e-009	0.0162598
-6.722461e-009	0.0323242
-6.697461e-009	0.0223389
-6.672461e-009	0.01521
-6.647461e-009	0.0264404
-6.622461e-009	0.0275879
-6.597461e-009	0.0230469
-6.572461e-009	0.013208
-6.547461e-009	0.0163818
-6.522461e-009	0.0316406
-6.497461e-009	0.0250733
-6.472461e-009	0.0147949
-6.447461e-009	0.0198975
-6.422461e-009	0.0254395
-6.397461e-009	0.0234375
-6.372461e-009	0.0213379
-6.347461e-009	0.0267822
-6.322461e-009	0.0227295
-6.297461e-009	0.0168457
-6.272461e-009	0.029834
-6.247461e-009	0.0314209
-6.222461e-009	0.0125
-6.197461e-009	0.0126221
-6.172461e-009	0.0271484
-6.147461e-009	0.0200928
-6.122461e-009	0.0109131
-6.097461e-009	0.0157227
-6.072461e-009	0.0178467
-6.047461e-009	0.0282471
-6.022461e-009	0.0368408
-5.997461e-009	0.0246338
-5.972461e-009	0.0180908
-5.947461e-009	0.0286377
-5.922461e-009	0.0375488
-5.897461e-009	0.0315186
-5.872461e-009	0.0177246
-5.847461e-009	0.0168945
-5.822461e-009	0.0249024
-5.797461e-009	0.0215332
-5.772461e-009	0.0187256
-5.747461e-009	0.0321289
-5.722461e-009	0.0371826
-5.697461e-009	0.0286377
-5.672461e-009	0.0234619
-5.647461e-009	0.0141113
-5.622461e-009	0.0224121
-5.597461e-009	0.0449707
-5.572461e-009	0.0347168
-5.547461e-009	0.0277344
-5.522461e-009	0.029126
-5.497461e-009	0.0057129
-5.472461e-009	0.0152832
-5.447461e-009	0.029541
-5.422461e-009	0.00273438
-5.397461e-009	0.00808106
-5.372461e-009	0.0189209
-5.347461e-009	0.0168213
-5.322461e-009	0.0387451
-5.297461e-009	0.0180908
-5.272461e-009	-0.00310058
-5.247461e-009	0.0218994
-5.222461e-009	0.0234863
-5.197461e-009	0.0288574
-5.172461e-009	0.0368897
-5.147461e-009	0.0243652
-5.122461e-009	0.0256836
-5.097461e-009	0.0233643
-5.072461e-009	0.0192627
-5.047461e-009	0.0254639
-5.022461e-009	0.0299805
-4.997461e-009	0.0268066
-4.972461e-009	0.0194824
-4.947461e-009	0.0280762
-4.922461e-009	0.0295654
-4.897461e-009	0.0186035
-4.872461e-009	0.0237061
-4.847461e-009	0.0266602
-4.822461e-009	0.0246338
-4.797461e-009	0.023169
-4.772461e-009	0.0175049
-4.747461e-009	0.0278809
-4.722461e-009	0.0385498
-4.697461e-009	0.0166748
-4.672461e-009	0.00534669
-4.647461e-009	0.023999
-4.622461e-009	0.0232666
-4.597461e-009	0.0207031
-4.572461e-009	0.0355469
-4.547461e-009	0.0388428
-4.522461e-009	0.0361084
-4.497461e-009	0.0291992
-4.472461e-009	0.024585
-4.447461e-009	0.0315918
-4.422461e-009	0.0345215
-4.397461e-009	0.0334717
-4.372461e-009	0.0301514
-4.347461e-009	0.021875
-4.322461e-009	0.0201172
-4.297461e-009	0.0343262
-4.272461e-009	0.0408447
-4.247461e-009	0.0263184
-4.222461e-009	0.0214111
-4.197461e-009	0.0211182
-4.172461e-009	0.0163818
-4.147461e-009	0.0237549
-4.122461e-009	0.0293213
-4.097461e-009	0.0272705
-4.072461e-009	0.0276123
-4.047461e-009	0.0296631
-4.022461e-009	0.0279541
-3.997461e-009	0.0212647
-3.972461e-009	0.0151367
-3.947461e-009	0.0171875
-3.922461e-009	0.0296387
-3.897461e-009	0.0263916
-3.872461e-009	0.0106934
-3.847461e-009	0.0207031
-3.822461e-009	0.0297363
-3.797461e-009	0.0177246
-3.772461e-009	0.0166748
-3.747461e-009	0.0176025
-3.722461e-009	0.0144775
-3.697461e-009	0.0234863
-3.672461e-009	0.0277832
-3.647461e-009	0.0307129
-3.622461e-009	0.0258789
-3.597461e-009	0.0110596
-3.572461e-009	0.0250733
-3.547461e-009	0.0321777
-3.522461e-009	0.0227295
-3.497461e-009	0.0261231
-3.472461e-009	0.0227051
-3.447461e-009	0.0320313
-3.422461e-009	0.0337402
-3.397461e-009	0.0144775
-3.372461e-009	0.0184815
-3.347461e-009	0.0293945
-3.322461e-009	0.0281738
-3.297461e-009	0.0197266
-3.272461e-009	0.0150879
-3.247461e-009	0.0191895
-3.222461e-009	0.0220215
-3.197461e-009	0.0191895
-3.172461e-009	0.011084
-3.147461e-009	0.0228516
-3.122461e-009	0.0312988
-3.097461e-009	0.0102295
-3.072461e-009	0.0164307
-3.047461e-009	0.0318115
-3.022461e-009	0.0183838
-2.997461e-009	0.0164795
-2.972461e-009	0.019043
-2.947461e-009	0.0222168
-2.922461e-009	0.0303711
-2.897461e-009	0.0221924
-2.872461e-009	0.0131592
-2.847461e-009	0.00998536
-2.822461e-009	0.0176514
-2.797461e-009	0.0285156
-2.772461e-009	0.0277832
-2.747461e-009	0.0292969
-2.722461e-009	0.0168213
-2.697461e-009	0.00483399
-2.672461e-009	0.0164795
-2.647461e-009	0.0271729
-2.622461e-009	0.0286377
-2.597461e-009	0.0234863
-2.572461e-009	0.0202637
-2.547461e-009	0.0211182
-2.522461e-009	0.0220703
-2.497461e-009	0.0264893
-2.472461e-009	0.0203125
-2.447461e-009	0.026001
-2.422461e-009	0.0414551
-2.397461e-009	0.0150391
-2.372461e-009	-0.000756828
-2.347461e-009	0.026001
-2.322461e-009	0.0248291
-2.297461e-009	0.0120606
-2.272461e-009	0.0218994
-2.247461e-009	0.0184815
-2.222461e-009	0.0211426
-2.197461e-009	0.0317383
-2.172461e-009	0.0156982
-2.147461e-009	0.020459
-2.122461e-009	0.0335938
-2.097461e-009	0.0128174
-2.072461e-009	0.00859376
-2.047461e-009	0.018042
-2.022461e-009	0.0167236
-1.997461e-009	0.0173828
-1.972461e-009	0.0165772
-1.947461e-009	0.0262695
-1.922461e-009	0.0324463
-1.897461e-009	0.00578614
-1.872461e-009	-0.00234374
-1.847461e-009	0.0253418
-1.822461e-009	0.0264649
-1.797461e-009	0.0229004
-1.772461e-009	0.0347656
-1.747461e-009	0.0311035
-1.722461e-009	0.0264649
-1.697461e-009	0.0239014
-1.672461e-009	0.0287598
-1.647461e-009	0.0374024
-1.622461e-009	0.0320557
-1.597461e-009	0.0228027
-1.572461e-009	0.0136231
-1.547461e-009	0.0206299
-1.522461e-009	0.0320068
-1.497461e-009	0.0210205
-1.472461e-009	0.0194336
-1.447461e-009	0.0335693
-1.422461e-009	0.0328613
-1.397461e-009	0.0255615
-1.372461e-009	0.0224365
-1.347461e-009	0.0228027
-1.322461e-009	0.0257324
-1.297461e-009	0.0234863
-1.272461e-009	0.0229736
-1.247461e-009	0.0214844
-1.222461e-009	0.0140381
-1.197461e-009	0.0187988
-1.172461e-009	0.0293457
-1.147461e-009	0.0272461
-1.122461e-009	0.0272949
-1.097461e-009	0.030542
-1.072461e-009	0.0280762
-1.047461e-009	0.0270508
-1.022461e-009	0.0237549
-9.974609e-010	0.0194092
-9.724609e-010	0.0120361
-9.474609e-010	0.0206543
-9.224609e-010	0.0311768
-8.974609e-010	0.00803223
-8.724609e-010	0.0130859
-8.474609e-010	0.027417
-8.224609e-010	0.012793
-7.974609e-010	0.0274658
-7.724609e-010	0.0369385
-7.474609e-010	0.0261475
-7.224609e-010	0.0205566
-6.974609e-010	0.0097168
-6.724609e-010	0.0169678
-6.474609e-010	0.025293
-6.224609e-010	0.014624
-5.974609e-010	0.0104492
-5.724609e-010	0.0150391
-5.474609e-010	0.0207764
-5.224609e-010	0.0237305
-4.974609e-010	0.0244629
-4.724609e-010	0.0242188
-4.474609e-010	0.0188232
-4.224609e-010	0.0170654
-3.974609e-010	0.0193115
-3.724609e-010	0.0175537
-3.474609e-010	0.0172363
-3.224609e-010	0.0193604
-2.974609e-010	0.0179688
-2.724609e-010	0.00510255
-2.474609e-010	-0.000439446
-2.224609e-010	0.00329591
-1.974609e-010	-0.0160644
-1.724609e-010	-0.0402832
-1.474609e-010	-0.0571045
-1.224609e-010	-0.0825439
-9.746094e-011	-0.113232
-7.246094e-011	-0.149561
-4.746094e-011	-0.188184
-2.246094e-011	-0.219385
2.539063e-012	-0.254175
2.753906e-011	-0.299243
5.253906e-011	-0.343701
7.753906e-011	-0.405151
1.025391e-010	-0.46604
1.275391e-010	-0.504785
1.525391e-010	-0.555811
1.775391e-010	-0.603687
2.025391e-010	-0.644775
2.275391e-010	-0.697827
2.525391e-010	-0.730737
2.775391e-010	-0.747974
3.025391e-010	-0.768164
3.275391e-010	-0.788354
3.525391e-010	-0.826929
3.775391e-010	-0.853784
4.025391e-010	-0.835449
4.275391e-010	-0.829248
4.525391e-010	-0.832153
4.775391e-010	-0.827808
5.025391e-010	-0.839087
5.275391e-010	-0.810303
5.525391e-010	-0.768799
5.775391e-010	-0.756714
6.025391e-010	-0.724072
6.275391e-010	-0.682739
6.525391e-010	-0.64563
6.775391e-010	-0.606567
7.025391e-010	-0.575171
7.275391e-010	-0.546167
7.525391e-010	-0.511792
7.775391e-010	-0.461084
8.025391e-010	-0.401245
8.275391e-010	-0.362988
8.525391e-010	-0.335962
8.775391e-010	-0.291211
9.025391e-010	-0.263159
9.275391e-010	-0.242627
9.525391e-010	-0.196973
9.775391e-010	-0.161743
1.002539e-009	-0.13501
1.027539e-009	-0.115698
1.052539e-009	-0.0935303
1.077539e-009	-0.0540527
1.102539e-009	-0.0396973
1.127539e-009	-0.0278076
1.152539e-009	-0.00671386
1.177539e-009	0.00114747
1.202539e-009	0.0168213
1.227539e-009	0.0173584
1.252539e-009	0.0218262
1.277539e-009	0.0438721
1.302539e-009	0.0363037
1.327539e-009	0.039502
1.352539e-009	0.0515381
1.377539e-009	0.0499268
1.402539e-009	0.0633057
1.427539e-009	0.055249
1.452539e-009	0.047168
1.477539e-009	0.0556641
1.502539e-009	0.0336426
1.527539e-009	0.0288574
1.552539e-009	0.0503662
1.577539e-009	0.0454102
1.602539e-009	0.0421875
1.627539e-009	0.0477295
1.652539e-009	0.0359375
1.677539e-009	0.0249512
1.702539e-009	0.0134522
1.727539e-009	-0.00126952
1.752539e-009	-0.00605468
1.777539e-009	-0.00996093
1.802539e-009	-0.00888671
1.827539e-009	-0.0109131
1.852539e-009	-0.0214844
1.877539e-009	-0.0148926
1.902539e-009	-0.00615234
1.927539e-009	-0.0057373
1.952539e-009	-0.00805663
1.977539e-009	-0.0245605
2.002539e-009	-0.0269775
2.027539e-009	-0.0155518
2.052539e-009	-0.0169678
2.077539e-009	-0.0131836
2.102539e-009	-0.0074707
2.127539e-009	-0.00900878
2.152539e-009	-0.00842284
2.177539e-009	-0.00341796
2.202539e-009	-0.000732414
2.227539e-009	-0.00927734
2.252539e-009	-0.00964355
2.277539e-009	0.00812989
2.302539e-009	0.0214356
2.327539e-009	0.0220947
2.352539e-009	0.0209717
2.377539e-009	0.0242188
2.402539e-009	0.0151123
2.427539e-009	0.00725098
2.452539e-009	0.0309815
2.477539e-009	0.039624
2.502539e-009	0.0144531
2.527539e-009	0.0172852
2.552539e-009	0.0434326
2.577539e-009	0.0435547
2.602539e-009	0.0292725
2.627539e-009	0.034375
2.652539e-009	0.043457
2.677539e-009	0.0428955
2.702539e-009	0.0515625
2.727539e-009	0.0468506
2.752539e-009	0.0296143
2.777539e-009	0.0325195
2.802539e-009	0.03125
2.827539e-009	0.0144287
2.852539e-009	0.0107422
2.877539e-009	0.0195557
2.902539e-009	0.0171143
2.927539e-009	0.01875
2.952539e-009	0.0189941
2.977539e-009	0.0069336
3.002539e-009	0.0200195
3.027539e-009	0.0224121
3.052539e-009	0.0118897
3.077539e-009	0.02229
3.102539e-009	0.0084961
3.127539e-009	-0.00161132
3.152539e-009	0.0098877
3.177539e-009	0.0112305
3.202539e-009	0.0242188
3.227539e-009	0.0349854
3.252539e-009	0.033374
3.277539e-009	0.0296143
3.302539e-009	0.0183594
3.327539e-009	0.0193115
3.352539e-009	0.0228027
3.377539e-009	0.0226318
3.402539e-009	0.0319336
3.427539e-009	0.0272461
3.452539e-009	0.0371582
3.477539e-009	0.0674561
3.502539e-009	0.0558594
3.527539e-009	0.0332031
3.552539e-009	0.0321777
3.577539e-009	0.0286377
3.602539e-009	0.0292236
3.627539e-009	0.0297608
3.652539e-009	0.027002
3.677539e-009	0.0354248
3.702539e-009	0.03396
3.727539e-009	0.0225098
3.752539e-009	0.0298096
3.777539e-009	0.0273438
3.802539e-009	0.0184082
3.827539e-009	0.0245361
3.852539e-009	0.018042
3.877539e-009	0.0197022
3.902539e-009	0.0272705
3.927539e-009	0.0127197
3.952539e-009	0.00507813
3.977539e-009	-0.00563964
4.002539e-009	-0.0281738
4.027539e-009	-0.0182617
4.052539e-009	-0.0050537
4.077539e-009	-0.0253906
4.102539e-009	-0.0328857
4.127539e-009	-0.0246582
4.152539e-009	-0.0115723
4.177539e-009	7.45058e-009
4.202539e-009	-0.00690917
4.227539e-009	0.000781257
4.252539e-009	0.00769044
4.277539e-009	0.00527345
4.302539e-009	0.0154297
4.327539e-009	0.0199463
4.352539e-009	0.0144531
4.377539e-009	0.0008545
4.402539e-009	0.0148926
4.427539e-009	0.0368408
4.452539e-009	0.0271729
4.477539e-009	0.028833
4.502539e-009	0.0305176
4.527539e-009	0.0325928
4.552539e-009	0.0417725
4.577539e-009	0.0367432
4.602539e-009	0.0426025
4.627539e-009	0.0439941
4.652539e-009	0.0445557
4.677539e-009	0.0643311
4.702539e-009	0.0723633
4.727539e-009	0.0607422
4.752539e-009	0.0445313
4.777539e-009	0.0411133
4.802539e-009	0.0433594
4.827539e-009	0.0373779
4.852539e-009	0.0333984
4.877539e-009	0.0309082
4.902539e-009	0.0249512
4.927539e-009	0.024292
4.952539e-009	0.0246338
4.977539e-009	0.0192871
5.002539e-009	0.00944825
5.027539e-009	-0.00979003
5.052539e-009	-0.022168
5.077539e-009	-0.0113037
5.102539e-009	0.0140381
5.127539e-009	0.0169434
5.152539e-009	-0.00593261
5.177539e-009	-0.00827636
5.202539e-009	-0.0111328
5.227539e-009	-0.016626
5.252539e-009	-0.00512695
5.277539e-009	-0.00681152
5.302539e-009	-0.00629882
5.327539e-009	-4.88207e-005
5.352539e-009	-0.000488274
5.377539e-009	-0.00563964
5.402539e-009	-0.0169922
5.427539e-009	-0.0115723
5.452539e-009	0.00151368
5.477539e-009	-0.00656738
5.502539e-009	-0.0144775
5.527539e-009	0.00270997
5.552539e-009	0.0118164
5.577539e-009	0.00610352
5.602539e-009	0.0166016
5.627539e-009	0.0267334
5.652539e-009	0.026294
5.677539e-009	0.0204102
5.702539e-009	0.0194336
5.727539e-009	0.0343506
5.752539e-009	0.0346924
5.777539e-009	0.0245117
5.802539e-009	0.0321045
5.827539e-009	0.0291748
5.852539e-009	0.0261719
5.877539e-009	0.0457031
5.902539e-009	0.0401367
5.927539e-009	0.0264649
5.952539e-009	0.0359375
5.977539e-009	0.0279053
6.002539e-009	0.0199219
6.027539e-009	0.0344483
6.052539e-009	0.0459473
6.077539e-009	0.0502197
6.102539e-009	0.0432373
6.127539e-009	0.0393066
6.152539e-009	0.0354248
6.177539e-009	0.0214844
6.202539e-009	0.0318359
6.227539e-009	0.0362305
6.252539e-009	0.0259277
6.277539e-009	0.036377
6.302539e-009	0.0304688
6.327539e-009	0.0185791
6.352539e-009	0.0242676
6.377539e-009	0.0262451
6.402539e-009	0.0154053
6.427539e-009	-0.00498046
6.452539e-009	0.0050293
6.477539e-009	0.0240967
6.502539e-009	0.00773927
6.527539e-009	0.00314942
6.552539e-009	0.011792
6.577539e-009	0.00175782
6.602539e-009	0.00126954
6.627539e-009	0.00253907
6.652539e-009	-0.00683593
6.677539e-009	-0.00332031
6.702539e-009	-0.00646972
6.727539e-009	-0.00305175
6.752539e-009	0.0124024
6.777539e-009	-0.000317375
6.802539e-009	-0.000952141
6.827539e-009	0.0119141
6.852539e-009	0.00285645
6.877539e-009	-0.00563964
6.902539e-009	-0.00856933
6.927539e-009	0.00107423
6.952539e-009	0.0183594
6.977539e-009	0.0252441
7.002539e-009	0.02146
7.027539e-009	0.0189941
7.052539e-009	0.0315918
7.077539e-009	0.0351563
7.102539e-009	0.0223633
7.127539e-009	0.0206543
7.152539e-009	0.0339356
7.177539e-009	0.0443604
7.202539e-009	0.0368408
7.227539e-009	0.01875
7.252539e-009	0.0165772
7.277539e-009	0.0295654
7.302539e-009	0.0298828
7.327539e-009	0.0224365
7.352539e-009	0.0211182
7.377539e-009	0.0195313
7.402539e-009	0.0169434
7.427539e-009	0.0202637
7.452539e-009	0.028125
7.477539e-009	0.0243652
7.502539e-009	0.015625
7.527539e-009	0.0161377
7.552539e-009	0.0151367
7.577539e-009	0.0106201
7.602539e-009	0.00522462
7.627539e-009	0.00383302
7.652539e-009	0.0155518
7.677539e-009	0.00852052
7.702539e-009	-0.0153809
7.727539e-009	-0.00234374
7.752539e-009	0.0137207
7.777539e-009	0.0149414
7.802539e-009	0.0250488
7.827539e-009	0.0109131
7.852539e-009	0.0126709
7.877539e-009	0.0347168
7.902539e-009	0.0223145
7.927539e-009	0.0200684
7.952539e-009	0.0228272
7.977539e-009	0.0175781
8.002539e-009	0.0314209
8.027539e-009	0.0354736
8.052539e-009	0.030957
8.077539e-009	0.0275391
8.102539e-009	0.028418
8.127539e-009	0.0389404
8.152539e-009	0.0380127
8.177539e-009	0.0281738
8.202539e-009	0.0192871
8.227539e-009	0.0192383
8.252539e-009	0.0326416
8.277539e-009	0.0411621
8.302539e-009	0.0272217
8.327539e-009	0.0144287
8.352539e-009	0.0239502
8.377539e-009	0.0193848
8.402539e-009	0.0125488
8.427539e-009	0.0246826
8.452539e-009	0.0254395
8.477539e-009	0.0271729
8.502539e-009	0.0286377
8.527539e-009	0.0210693
8.552539e-009	0.0105225
8.577539e-009	0.000683601
8.602539e-009	0.0145508
8.627539e-009	0.0168213
8.652539e-009	-0.00141601
8.677539e-009	-0.00478515
8.702539e-009	0.000415047
8.727539e-009	0.0121338
8.752539e-009	0.012085
8.777539e-009	0.0112793
8.802539e-009	0.00773927
8.827539e-009	-0.00686034
8.852539e-009	0.0177246
8.877539e-009	0.0309815
8.902539e-009	0.00732423
8.927539e-009	0.0141113
8.952539e-009	0.0262207
8.977539e-009	0.0242432
9.002539e-009	0.0289551
9.027539e-009	0.0325195
9.052539e-009	0.0404541
9.077539e-009	0.0440186
9.102539e-009	0.0263916
9.127539e-009	0.0265137
9.152539e-009	0.041333
9.177539e-009	0.0317139
9.202539e-009	0.0297119
9.227539e-009	0.0351563
9.252539e-009	0.0335938
9.277539e-009	0.0384277
9.302539e-009	0.0365234
9.327539e-009	0.0343994
9.352539e-009	0.0326416
9.377539e-009	0.0304199
9.402539e-009	0.0323486
9.427539e-009	0.0308594
9.452539e-009	0.0360596
9.477539e-009	0.0352051
9.502539e-009	0.0231934
9.527539e-009	0.0225586
9.552539e-009	0.0250244
9.577539e-009	0.0167725
9.602539e-009	0.00795899
9.627539e-009	0.0127686
9.652539e-009	0.0260254
9.677539e-009	0.0171387
9.702539e-009	-0.00144042
9.727539e-009	0.0101563
9.752539e-009	0.0140869
9.777539e-009	9.76637e-005
9.802539e-009	0.00410157
9.827539e-009	-0.00439452
9.852539e-009	-0.0161865
9.877539e-009	-0.00368652
9.902539e-009	0.00256348
9.927539e-009	0.00544434
9.952539e-009	0.00656739
9.977539e-009	-0.000903313
1.000254e-008	0.0101074
1.002754e-008	0.0181641
1.005254e-008	0.0128662
1.007754e-008	0.0227295
1.010254e-008	0.0208252
1.012754e-008	0.0136719
1.015254e-008	0.0219727
1.017754e-008	0.0212158
1.020254e-008	0.0256104
1.022754e-008	0.0338135
1.025254e-008	0.0372803
1.027754e-008	0.0411621
1.030254e-008	0.0210449
1.032754e-008	0.010083
1.035254e-008	0.0285156
1.037754e-008	0.0321777
1.040254e-008	0.0370606
1.042754e-008	0.039209
1.045254e-008	0.0230957
1.047754e-008	0.0286377
1.050254e-008	0.0356201
1.052754e-008	0.0344238
1.055254e-008	0.0403565
1.057754e-008	0.0372559
1.060254e-008	0.0363037
1.062754e-008	0.0328613
1.065254e-008	0.034375
1.067754e-008	0.0413574
1.070254e-008	0.0220947
1.072754e-008	0.013501
1.075254e-008	0.036792
1.077754e-008	0.0454346
1.080254e-008	0.0333984
1.082754e-008	0.0263672
1.085254e-008	0.0311279
1.087754e-008	0.0332031
1.090254e-008	0.0170899
1.092754e-008	0.0182617
1.095254e-008	0.0317383
1.097754e-008	0.014502
1.100254e-008	0.0145508
1.102754e-008	0.0297119
1.105254e-008	0.0136475
1.107754e-008	0.00273438
1.110254e-008	0.00561524
1.112754e-008	0.0008545
1.115254e-008	-0.00327148
1.117754e-008	-4.88207e-005
1.120254e-008	0.00874024
1.122754e-008	0.0105713
1.125254e-008	0.00192872
1.127754e-008	-0.00983886
1.130254e-008	-0.0118652
1.132754e-008	0.00639649
1.135254e-008	0.0084961
1.137754e-008	0.00898438
1.140254e-008	0.0290283
1.142754e-008	-0.0012207
1.145254e-008	-0.0213379
1.147754e-008	0.0220215
1.150254e-008	0.0239258
1.152754e-008	0.00390626
1.155254e-008	0.0139404
1.157754e-008	0.0143066
1.160254e-008	0.00812989
1.162754e-008	0.00595704
1.165254e-008	0.00429688
1.167754e-008	0.0105225
1.170254e-008	0.0138184
1.172754e-008	0.00969239
1.175254e-008	0.00131837
1.177754e-008	-0.00322265
1.180254e-008	0.00568848
1.182754e-008	0.0113037
1.185254e-008	0.0174072
1.187754e-008	0.0191162
1.190254e-008	0.00874024
1.192754e-008	0.00864259
1.195254e-008	0.00527345
1.197754e-008	0.0135986
1.200254e-008	0.0237305
1.202754e-008	0.0039795
1.205254e-008	0.00859376
1.207754e-008	0.0223877
1.210254e-008	0.00356446
1.212754e-008	-0.00219726
1.215254e-008	0.0145996
1.217754e-008	0.0233643
1.220254e-008	0.0215332
1.222754e-008	0.0167236
1.225254e-008	0.026416
1.227754e-008	0.0416016
1.230254e-008	0.0235352
1.232754e-008	0.015625
1.235254e-008	0.0378662
1.237754e-008	0.0347168
1.240254e-008	0.0286865
1.242754e-008	0.0353516
1.245254e-008	0.0402344
1.247754e-008	0.0483154
1.250254e-008	0.0412842
1.252754e-008	0.0347656
1.255254e-008	0.0418701
1.257754e-008	0.0408691
1.260254e-008	0.0360352
1.262754e-008	0.0428467
1.265254e-008	0.0473145
1.267754e-008	0.0317871
1.270254e-008	0.024707
1.272754e-008	0.0368408
1.275254e-008	0.0356934
1.277754e-008	0.0331543
1.280254e-008	0.0403076
1.282754e-008	0.033374
1.285254e-008	0.0280518
1.287754e-008	0.029541
1.290254e-008	0.0232422
1.292754e-008	0.0234131
1.295254e-008	0.0191162
1.297754e-008	0.0109619
1.300254e-008	0.0220215
1.302754e-008	0.0232178
1.305254e-008	0.00766602
1.307754e-008	0.00930177
1.310254e-008	0.00842286
1.312754e-008	0.0027588
1.315254e-008	0.00581055
1.317754e-008	9.76637e-005
1.320254e-008	0.00869141
1.322754e-008	0.0152832
1.325254e-008	0.00876466
1.327754e-008	0.0172607
1.330254e-008	0.0118408
1.332754e-008	0.0139404
1.335254e-008	0.0287354
1.337754e-008	0.0209717
1.340254e-008	0.0208008
1.342754e-008	0.0283936
1.345254e-008	0.0307861
1.347754e-008	0.0336914
1.350254e-008	0.036499
1.352754e-008	0.033667
1.355254e-008	0.0242676
1.357754e-008	0.0277588
1.360254e-008	0.0339111
1.362754e-008	0.0352051
1.365254e-008	0.0445557
1.367754e-008	0.0415772
1.370254e-008	0.0203125
1.372754e-008	0.0205078
1.375254e-008	0.0446777
1.377754e-008	0.0547363
1.380254e-008	0.0448975
1.382754e-008	0.027832
1.385254e-008	0.0300537
1.387754e-008	0.0388916
1.390254e-008	0.0269287
1.392754e-008	0.0281494
1.395254e-008	0.0328369
1.397754e-008	0.0238525
1.400254e-008	0.0260498
1.402754e-008	0.0278809
1.405254e-008	0.0273682
1.407754e-008	0.0288086
1.410254e-008	0.0182373
1.412754e-008	0.0133301
1.415254e-008	0.0191162
1.417754e-008	0.0171631
1.420254e-008	0.0170899
1.422754e-008	0.00649415
1.425254e-008	-0.0024414
1.427754e-008	0.0164551
1.430254e-008	0.0122803
1.432754e-008	-0.00195312
1.435254e-008	0.00590821
1.437754e-008	0.00510255
1.440254e-008	0.00656739
1.442754e-008	0.00681153
1.445254e-008	-0.00141601
1.447754e-008	-0.00156249
1.450254e-008	-0.00371093
1.452754e-008	-0.00112304
1.455254e-008	0.0124512
1.457754e-008	0.0163574
1.460254e-008	0.00861817
1.462754e-008	0.00983887
1.465254e-008	0.0267822
1.467754e-008	0.0326416
1.470254e-008	0.00920411
1.472754e-008	0.00231934
1.475254e-008	0.022583
1.477754e-008	0.0252441
1.480254e-008	0.029834
1.482754e-008	0.0409424
1.485254e-008	0.0363037
1.487754e-008	0.0321289
1.490254e-008	0.0311524
1.492754e-008	0.0304443
1.495254e-008	0.0205566
1.497754e-008	0.0214844
1.500254e-008	0.0501709
1.502754e-008	0.0480469
1.505254e-008	0.0309082
1.507754e-008	0.043335
1.510254e-008	0.0292969
1.512754e-008	0.0071045
1.515254e-008	0.021582
1.517754e-008	0.0292725
1.520254e-008	0.0298828
1.522754e-008	0.0271729
1.525254e-008	0.02229
1.527754e-008	0.0267578
1.530254e-008	0.0119629
1.532754e-008	0.00891114
1.535254e-008	0.0237305
1.537754e-008	0.0170654
1.540254e-008	0.0145996
1.542754e-008	0.0186768
1.545254e-008	0.0181885
1.547754e-008	0.0123535
1.550254e-008	0.00158692
1.552754e-008	0.00908204
1.555254e-008	0.0178955
1.557754e-008	0.0084961
1.560254e-008	-0.00222167
1.562754e-008	-0.00146484
1.565254e-008	0.00480958
1.567754e-008	0.0114746
1.570254e-008	0.0212158
1.572754e-008	0.0148193
1.575254e-008	0.00869141
1.577754e-008	0.01521
1.580254e-008	0.00476075
1.582754e-008	0.00646973
1.585254e-008	0.0234863
1.587754e-008	0.0217041
1.590254e-008	0.0131836
1.592754e-008	0.0197022
1.595254e-008	0.0399902
1.597754e-008	0.0285645
1.600254e-008	0.00966798
1.602754e-008	0.0289551
1.605254e-008	0.039209
1.607754e-008	0.0334961
1.610254e-008	0.0197022
1.612754e-008	0.0113525
1.615254e-008	0.0283203
1.617754e-008	0.030542
1.620254e-008	0.0224365
1.622754e-008	0.0220703
1.625254e-008	0.0212158
1.627754e-008	0.0293945
1.630254e-008	0.0369385
1.632754e-008	0.0295899
1.635254e-008	0.0161621
1.637754e-008	0.0146484
1.640254e-008	0.0170166
1.642754e-008	0.0153076
1.645254e-008	0.0248779
1.647754e-008	0.0281983
1.650254e-008	0.0194336
1.652754e-008	0.0224854
1.655254e-008	0.0253174
1.657754e-008	0.0226318
1.660254e-008	0.0164307
1.662754e-008	0.0105957
1.665254e-008	0.0198975
1.667754e-008	0.0209473
1.670254e-008	0.018335
1.672754e-008	0.0200684
1.675254e-008	0.00810548
1.677754e-008	0.00695802
1.680254e-008	0.0141357
1.682754e-008	0.0148193
1.685254e-008	0.0166016
1.687754e-008	0.0109131
1.690254e-008	0.00722657
1.692754e-008	0.0163818
1.695254e-008	0.0222168
1.697754e-008	0.0208008
1.700254e-008	0.0198486
1.702754e-008	0.0184326
1.705254e-008	0.0271729
1.707754e-008	0.0292969
1.710254e-008	0.0131592
1.712754e-008	0.0136231
1.715254e-008	0.0198242
1.717754e-008	0.0169678
1.720254e-008	0.0186035
1.722754e-008	0.0214844
1.725254e-008	0.0261231
1.727754e-008	0.0287598
1.730254e-008	0.0265869
1.732754e-008	0.0167725
1.735254e-008	0.00871583
1.737754e-008	0.0225098
1.740254e-008	0.0387695
1.742754e-008	0.0299561
1.745254e-008	0.0152344
1.747754e-008	0.0270752
1.750254e-008	0.0335205
1.752754e-008	0.0130127
1.755254e-008	0.00737305
1.757754e-008	0.00793458
1.760254e-008	0.0069336
1.762754e-008	0.0227295
1.765254e-008	0.0227295
1.767754e-008	0.0115723
1.770254e-008	0.0184082
1.772754e-008	0.0242432
1.775254e-008	0.0180664
1.777754e-008	0.00742188
1.780254e-008	0.00666505
1.782754e-008	0.0141846
1.785254e-008	0.0150391
1.787754e-008	0.0152588
1.790254e-008	0.0154053
1.792754e-008	0.0128174
1.795254e-008	0.0121094
1.797754e-008	0.014917
1.800254e-008	0.0135986
1.802754e-008	0.0130127
1.805254e-008	0.0203125
1.807754e-008	0.0172363
1.810254e-008	0.0174561
1.812754e-008	0.0226318
1.815254e-008	0.0187744
1.817754e-008	0.0256592
1.820254e-008	0.0189453
1.822754e-008	0.00532227
1.825254e-008	0.0254395
1.827754e-008	0.0322022
1.830254e-008	0.0164795
1.832754e-008	0.0334473
1.835254e-008	0.0469727
1.837754e-008	0.0278565
1.840254e-008	0.0289551
1.842754e-008	0.0336182
1.845254e-008	0.0210693
1.847754e-008	0.0343262
1.850254e-008	0.0450684
1.852754e-008	0.0308594
1.855254e-008	0.0313233
1.857754e-008	0.0284912
1.860254e-008	0.0161377
1.862754e-008	0.0251465
1.865254e-008	0.0348633
1.867754e-008	0.034668
1.870254e-008	0.025
1.872754e-008	0.00969239
1.875254e-008	0.0153565
1.877754e-008	0.0229004
1.880254e-008	0.0206787
1.882754e-008	0.017627
1.885254e-008	0.0172607
1.887754e-008	0.0290772
1.890254e-008	0.0276611
1.892754e-008	0.018457
1.895254e-008	0.0168213
1.897754e-008	0.00485841
1.900254e-008	-0.00310058
1.902754e-008	0.00378419
1.905254e-008	0.0153565
1.907754e-008	0.00751954
1.910254e-008	-0.0113525
1.912754e-008	-0.003833
1.915254e-008	0.0111084
1.917754e-008	0.013501
1.920254e-008	0.0154053
1.922754e-008	0.0176514
1.925254e-008	0.0100342
1.927754e-008	0.00493165
1.930254e-008	0.0125244
1.932754e-008	0.0153809
1.935254e-008	0.0226563
1.937754e-008	0.0315674
1.940254e-008	0.0296631
1.942754e-008	0.0297363
1.945254e-008	0.025293
1.947754e-008	0.0216797
1.950254e-008	0.0273682
1.952754e-008	0.0328125
1.955254e-008	0.035791
1.957754e-008	0.0313721
1.960254e-008	0.0320068
1.962754e-008	0.0367188
1.965254e-008	0.0266602
1.967754e-008	0.0233154
1.970254e-008	0.0280029
1.972754e-008	0.0193115
1.975254e-008	0.0241943
1.977754e-008	0.04104
1.980254e-008	0.0294678
1.982754e-008	0.0160156
1.985254e-008	0.0297852
1.987754e-008	0.0305908
1.990254e-008	0.0105713
1.992754e-008	0.00695802
1.995254e-008	0.0148926
1.997754e-008	0.015918
2.000254e-008	0.0172119
2.002754e-008	0.0149902
2.005254e-008	0.0127686
2.007754e-008	0.0150147
2.010254e-008	0.00383302
2.012754e-008	0.00498048
2.015254e-008	0.0209229
2.017754e-008	0.0180908
2.020254e-008	0.0101074
2.022754e-008	0.00278321
2.025254e-008	0.016333
2.027754e-008	0.0216797
2.030254e-008	-0.0105957
2.032754e-008	-0.000341789
2.035254e-008	0.0210449
2.037754e-008	0.00563966
2.040254e-008	0.0108887
2.042754e-008	0.0182129
2.045254e-008	0.0144043
2.047754e-008	0.0232422
2.050254e-008	0.0154785
2.052754e-008	-0.0034912
2.055254e-008	0.00534669
2.057754e-008	0.0178467
2.060254e-008	0.0186524
2.062754e-008	0.0249756
2.065254e-008	0.0299316
2.067754e-008	0.0306397
2.070254e-008	0.0192871
2.072754e-008	0.0104736
2.075254e-008	0.0220947
2.077754e-008	0.0319092
2.080254e-008	0.0293213
2.082754e-008	0.0259277
2.085254e-008	0.0331299
2.087754e-008	0.0341797
2.090254e-008	0.0293945
2.092754e-008	0.027002
2.095254e-008	0.0222412
2.097754e-008	0.0329102
2.100254e-008	0.0341065
2.102754e-008	0.019458
2.105254e-008	0.0234619
2.107754e-008	0.0260986
2.110254e-008	0.0201904
2.112754e-008	0.0203369
2.115254e-008	0.0213379
2.117754e-008	0.0250733
2.120254e-008	0.0201904
2.122754e-008	0.0101807
2.125254e-008	0.019751
2.127754e-008	0.0246338
2.130254e-008	0.0146484
2.132754e-008	0.0203125
2.135254e-008	0.02229
2.137754e-008	0.00480958
2.140254e-008	0.00534669
2.142754e-008	0.0167481
2.145254e-008	0.00725098
2.147754e-008	0.00253907
2.150254e-008	0.00922852
2.152754e-008	0.0116699
2.155254e-008	0.0153076
2.157754e-008	0.0172363
2.160254e-008	0.0212647
2.162754e-008	0.0137695
2.165254e-008	0.00634766
2.167754e-008	0.0277344
2.170254e-008	0.0295166
2.172754e-008	0.0161621
2.175254e-008	0.031543
2.177754e-008	0.0331055
2.180254e-008	0.0198975
2.182754e-008	0.0266358
2.185254e-008	0.0333496
2.187754e-008	0.02854
2.190254e-008	0.0192139
2.192754e-008	0.0138428
2.195254e-008	0.0220947
2.197754e-008	0.0352783
2.200254e-008	0.0310791
2.202754e-008	0.0204834
2.205254e-008	0.0253906
2.207754e-008	0.020874
2.210254e-008	0.0118164
2.212754e-008	0.0129883
2.215254e-008	0.0134766
2.217754e-008	0.0269287
2.220254e-008	0.0306641
2.222754e-008	0.0249756
2.225254e-008	0.0293213
2.227754e-008	0.019458
2.230254e-008	0.0167481
2.232754e-008	0.0232422
2.235254e-008	0.0158691
2.237754e-008	0.0155518
2.240254e-008	0.0261963
2.242754e-008	0.0179443
2.245254e-008	0.00166016
2.247754e-008	0.0154297
2.250254e-008	0.0166504
2.252754e-008	-0.0036621
2.255254e-008	0.00263673
2.257754e-008	0.0149414
2.260254e-008	0.0165527
2.262754e-008	0.00546876
2.265254e-008	0.00227052
2.267754e-008	0.0190918
2.270254e-008	0.0213379
2.272754e-008	0.0251953
2.275254e-008	0.0296143
2.277754e-008	0.019458
2.280254e-008	0.0213867
2.282754e-008	0.0212647
2.285254e-008	0.0249024
2.287754e-008	0.0362061
2.290254e-008	0.0219971
2.292754e-008	0.00993653
2.295254e-008	0.0128174
2.297754e-008	0.0136963
2.300254e-008	0.0246338
2.302754e-008	0.0359131
2.305254e-008	0.0381104
2.307754e-008	0.0332275
2.310254e-008	0.0213379
2.312754e-008	0.0197266
2.315254e-008	0.0232178
2.317754e-008	0.0170654
2.320254e-008	0.0224609
2.322754e-008	0.0276611
2.325254e-008	0.0186279
2.327754e-008	0.0279297
2.330254e-008	0.0318115
2.332754e-008	0.0168457
2.335254e-008	0.0163818
2.337754e-008	0.0182617
2.340254e-008	0.0170166
2.342754e-008	0.0140869
2.345254e-008	0.0112793
2.347754e-008	0.0175049
2.350254e-008	0.0133545
2.352754e-008	0.00891114
2.355254e-008	0.0189209
2.357754e-008	0.0223877
2.360254e-008	0.0123047
2.362754e-008	0.00334473
2.365254e-008	0.0172363
2.367754e-008	0.0267822
2.370254e-008	-0.00332031
2.372754e-008	-0.0121826
2.375254e-008	0.0165772
2.377754e-008	0.022168
2.380254e-008	0.0236084
2.382754e-008	0.029419
2.385254e-008	0.0187744
2.387754e-008	0.0206055
2.390254e-008	0.0279053
2.392754e-008	0.030249
2.395254e-008	0.0306641
2.397754e-008	0.0188477
2.400254e-008	0.018457
2.402754e-008	0.0238037
2.405254e-008	0.0217041
2.407754e-008	0.0234863
2.410254e-008	0.0179443
2.412754e-008	0.0183106
2.415254e-008	0.0230957
2.417754e-008	0.021582
2.420254e-008	0.0269287
2.422754e-008	0.0206299
2.425254e-008	0.0178467
2.427754e-008	0.0280762
2.430254e-008	0.0251953
2.432754e-008	0.023584
2.435254e-008	0.0186768
2.437754e-008	0.0165772
2.440254e-008	0.0291992
2.442754e-008	0.0321777
2.445254e-008	0.0365723
2.447754e-008	0.0293945
2.450254e-008	0.00561524
2.452754e-008	0.00683595
2.455254e-008	0.0210693
2.457754e-008	0.0232178
2.460254e-008	0.0189453
2.462754e-008	0.0181397
2.465254e-008	0.0220947
2.467754e-008	0.0276611
2.470254e-008	0.0184082
2.472754e-008	-0.000341789
2.475254e-008	0.00798341
2.477754e-008	0.0204834
2.480254e-008	0.0197998
2.482754e-008	0.0134766
2.485254e-008	0.0019043
2.487754e-008	0.0142578
2.490254e-008	0.023169
2.492754e-008	0.0138672
2.495254e-008	0.020459
2.497754e-008	0.0222656
2.500254e-008	0.0106201
2.502754e-008	0.00961915
2.505254e-008	0.0161133
2.507754e-008	0.0121582
2.510254e-008	0.00749512
2.512754e-008	0.0140381
2.515254e-008	0.014624
2.517754e-008	0.0159424
2.520254e-008	0.0292969
2.522754e-008	0.0334229
2.525254e-008	0.0180908
2.527754e-008	0.00747071
2.530254e-008	0.0162354
2.532754e-008	0.0291748
2.535254e-008	0.034082
2.537754e-008	0.0262451
2.540254e-008	0.0226318
2.542754e-008	0.0269287
2.545254e-008	0.0265137
2.547754e-008	0.0323242
2.550254e-008	0.0276856
2.552754e-008	0.0142822
2.555254e-008	0.0170654
2.557754e-008	0.0273193
2.560254e-008	0.039917
2.562754e-008	0.0344238
2.565254e-008	0.0229004
2.567754e-008	0.0334961
2.570254e-008	0.0292481
2.572754e-008	0.0192383
2.575254e-008	0.0272461
2.577754e-008	0.0182129
2.580254e-008	0.0108643
2.582754e-008	0.0213623
2.585254e-008	0.018457
2.587754e-008	0.0148926
2.590254e-008	0.0185791
2.592754e-008	0.0176758
2.595254e-008	0.0136719
2.597754e-008	0.0131836
2.600254e-008	0.0199219
2.602754e-008	0.00834962
2.605254e-008	0.000244148
2.607754e-008	0.0182373
2.610254e-008	0.01521
2.612754e-008	0.0126953
2.615254e-008	0.0252197
2.617754e-008	0.023584
2.620254e-008	0.0325195
2.622754e-008	0.0239014
2.625254e-008	4.88356e-005
2.627754e-008	0.0183594
2.630254e-008	0.0322266
2.632754e-008	0.0152832
2.635254e-008	0.00778809
2.637754e-008	0.0125
2.640254e-008	0.0152588
2.642754e-008	0.0069336
2.645254e-008	0.00439454
2.647754e-008	0.0179443
2.650254e-008	0.0167969
2.652754e-008	0.00776368
2.655254e-008	0.0152832
2.657754e-008	0.0200195
2.660254e-008	0.0191162
2.662754e-008	0.0255615
2.665254e-008	0.0267822
2.667754e-008	0.0200684
2.670254e-008	0.0188965
2.672754e-008	0.0196289
2.675254e-008	0.0240234
2.677754e-008	0.0371338
2.680254e-008	0.0356445
2.682754e-008	0.0223389
2.685254e-008	0.0214844
2.687754e-008	0.0225342
2.690254e-008	0.0178223
2.692754e-008	0.0155274
2.695254e-008	0.0177002
2.697754e-008	0.0312012
2.700254e-008	0.0418701
2.702754e-008	0.0294678
2.705254e-008	0.0281006
2.707754e-008	0.03479
2.710254e-008	0.0163818
2.712754e-008	0.0145508
2.715254e-008	0.0314697
2.717754e-008	0.0265625
2.720254e-008	0.0187988
2.722754e-008	0.0232422
2.725254e-008	0.0306885
2.727754e-008	0.0292725
2.730254e-008	0.0121826
2.732754e-008	0.00864259
2.735254e-008	0.0241943
2.737754e-008	0.023877
2.740254e-008	0.0191162
2.742754e-008	0.0250488
2.745254e-008	0.0336426
2.747754e-008	0.0351074
2.750254e-008	0.01875
2.752754e-008	0.0159912
2.755254e-008	0.0230713
2.757754e-008	0.0165772
2.760254e-008	0.01604
2.762754e-008	0.0156982
2.765254e-008	0.0269043
2.767754e-008	0.0335938
2.770254e-008	0.00651856
2.772754e-008	0.00407716
2.775254e-008	0.0261963
2.777754e-008	0.0313721
2.780254e-008	0.0300781
2.782754e-008	0.0275147
2.785254e-008	0.025415
2.787754e-008	0.0188721
2.790254e-008	0.0178467
2.792754e-008	0.02146
2.795254e-008	0.0181641
2.797754e-008	0.0244873
2.800254e-008	0.0268799
2.802754e-008	0.0240234
2.805254e-008	0.031543
2.807754e-008	0.0294678
2.810254e-008	0.0183838
2.812754e-008	0.01604
2.815254e-008	0.0168457
2.817754e-008	0.0157471
2.820254e-008	0.0196777
2.822754e-008	0.022168
2.825254e-008	0.0242676
2.827754e-008	0.0279785
2.830254e-008	0.0237793
2.832754e-008	0.0216553
2.835254e-008	0.0230469
2.837754e-008	0.0221436
2.840254e-008	0.0193115
2.842754e-008	0.0143311
2.845254e-008	0.0195068
2.847754e-008	0.0312256
2.850254e-008	0.0233154
2.852754e-008	0.0114502
2.855254e-008	0.0239502
2.857754e-008	0.0301025
2.860254e-008	0.0224121
2.862754e-008	0.0189209
2.865254e-008	0.0148193
2.867754e-008	0.0226563
2.870254e-008	0.0284668
2.872754e-008	0.0261231
2.875254e-008	0.0343994
2.877754e-008	0.0332275
2.880254e-008	0.0290772
2.882754e-008	0.0281494
2.885254e-008	0.0199707
2.887754e-008	0.0266113
2.890254e-008	0.0292481
2.892754e-008	0.0199707
2.895254e-008	0.0237305
2.897754e-008	0.0218018
2.900254e-008	0.0219238
2.902754e-008	0.0239258
2.905254e-008	0.0199707
2.907754e-008	0.0268799
2.910254e-008	0.0150879
2.912754e-008	0.00385743
2.915254e-008	0.0213623
2.917754e-008	0.0256348
2.920254e-008	0.0115479
2.922754e-008	0.00341798
2.925254e-008	0.0115723
2.927754e-008	0.013208
2.930254e-008	0.00603028
2.932754e-008	0.00751954
2.935254e-008	0.00341798
2.937754e-008	0.0105225
2.940254e-008	0.0224121
2.942754e-008	0.0164795
2.945254e-008	0.0244385
2.947754e-008	0.0273193
2.950254e-008	0.00285645
2.952754e-008	-0.00378417
2.955254e-008	0.00246583
2.957754e-008	0.00285645
2.960254e-008	0.0147949
2.962754e-008	0.0179688
2.965254e-008	0.0145996
2.967754e-008	0.0216309
2.970254e-008	0.0122803
2.972754e-008	0.00871583
2.975254e-008	0.0256592
2.977754e-008	0.0266846
2.980254e-008	0.0255371
2.982754e-008	0.0350342
2.985254e-008	0.0354248
2.987754e-008	0.0179199
2.990254e-008	0.00812989
2.992754e-008	0.0282227
2.995254e-008	0.0353027
2.997754e-008	0.0248291
3.000254e-008	0.028418
3.002754e-008	0.0352783
3.005254e-008	0.0469727
3.007754e-008	0.0498779
3.010254e-008	0.0314941
3.012754e-008	0.0237305
3.015254e-008	0.0301025
3.017754e-008	0.034668
3.020254e-008	0.044043
3.022754e-008	0.0518311
3.025254e-008	0.0423828
3.027754e-008	0.03125
3.030254e-008	0.0293213
3.032754e-008	0.0250488
3.035254e-008	0.0255127
3.037754e-008	0.0235107
3.040254e-008	0.0169922
3.042754e-008	0.0336914
3.045254e-008	0.0496826
3.047754e-008	0.0408203
3.050254e-008	0.0248291
3.052754e-008	0.018335
3.055254e-008	0.0297363
3.057754e-008	0.0320068
3.060254e-008	0.0262695
3.062754e-008	0.0274902
3.065254e-008	0.0246094
3.067754e-008	0.03125
3.070254e-008	0.0297608
3.072754e-008	0.0186035
3.075254e-008	0.0231201
3.077754e-008	0.0213379
3.080254e-008	0.0182373
3.082754e-008	0.0183106
3.085254e-008	0.0110596
3.087754e-008	0.0100342
3.090254e-008	0.0105225
3.092754e-008	0.0186279
3.095254e-008	0.0303711
3.097754e-008	0.0178467
3.100254e-008	0.00549317
3.102754e-008	0.0145996
3.105254e-008	0.027417
3.107754e-008	0.0312988
3.110254e-008	0.0166992
3.112754e-008	0.00847169
3.115254e-008	0.0177002
3.117754e-008	0.0122315
3.120254e-008	0.00734864
3.122754e-008	0.0129639
3.125254e-008	0.0191162
3.127754e-008	0.0321777
3.130254e-008	0.0288818
3.132754e-008	0.017627
3.135254e-008	0.0186768
3.137754e-008	0.01875
3.140254e-008	0.0193848
3.142754e-008	0.0140869
3.145254e-008	0.0179443
3.147754e-008	0.0333252
3.150254e-008	0.0212647
3.152754e-008	0.00898438
3.155254e-008	0.0181397
3.157754e-008	0.0197754
3.160254e-008	0.013794
3.162754e-008	0.0120361
3.165254e-008	0.0283936
3.167754e-008	0.0376953
3.170254e-008	0.0160645
3.172754e-008	0.00981446
3.175254e-008	0.0218018
3.177754e-008	0.0218506
3.180254e-008	0.0261719
3.182754e-008	0.0323975
3.185254e-008	0.0293945
3.187754e-008	0.0319336
3.190254e-008	0.0379395
3.192754e-008	0.0383545
3.195254e-008	0.0335693
3.197754e-008	0.0229736
3.200254e-008	0.0138916
3.202754e-008	0.0128174
3.205254e-008	0.0260742
3.207754e-008	0.0332275
3.210254e-008	0.019165
3.212754e-008	0.0191895
3.215254e-008	0.0277344
3.217754e-008	0.0230225
3.220254e-008	0.0153076
3.222754e-008	0.00878907
3.225254e-008	0.0199951
3.227754e-008	0.0397705
3.230254e-008	0.0361328
3.232754e-008	0.0242676
3.235254e-008	0.0205322
3.237754e-008	0.0123291
3.240254e-008	0.020044
3.242754e-008	0.0310791
3.245254e-008	0.0206055
3.247754e-008	0.0225586
3.250254e-008	0.0239014
3.252754e-008	0.0193115
3.255254e-008	0.0205811
3.257754e-008	0.0114258
3.260254e-008	0.0182129
3.262754e-008	0.0276123
3.265254e-008	0.021875
3.267754e-008	0.0258057
3.270254e-008	0.0216797
3.272754e-008	0.0166992
3.275254e-008	0.0232666
3.277754e-008	0.0185547
3.280254e-008	0.0216309
3.282754e-008	0.0324219
3.285254e-008	0.0314697
3.287754e-008	0.0276611
3.290254e-008	0.0188965
3.292754e-008	0.0234863
3.295254e-008	0.0336426
3.297754e-008	0.0267822
3.300254e-008	0.0249512
3.302754e-008	0.0241943
3.305254e-008	0.02854
3.307754e-008	0.031543
3.310254e-008	0.00598145
3.312754e-008	-9.76488e-005
3.315254e-008	0.0197266
3.317754e-008	0.0180908
3.320254e-008	0.02146
3.322754e-008	0.0324463
3.325254e-008	0.0352539
3.327754e-008	0.0366699
3.330254e-008	0.0115234
3.332754e-008	0.00122071
3.335254e-008	0.026001
3.337754e-008	0.0257568
3.340254e-008	0.0149902
3.342754e-008	0.0191162
3.345254e-008	0.0333252
3.347754e-008	0.0324219
3.350254e-008	0.00957032
3.352754e-008	0.0217285
3.355254e-008	0.0354492
3.357754e-008	0.0198242
3.360254e-008	0.0277588
3.362754e-008	0.0337647
3.365254e-008	0.0270996
3.367754e-008	0.02771
3.370254e-008	0.020874
3.372754e-008	0.0273438
3.375254e-008	0.0330811
3.377754e-008	0.0179932
3.380254e-008	0.0183594
3.382754e-008	0.0174072
3.385254e-008	0.011792
3.387754e-008	0.0289307
3.390254e-008	0.0265137
3.392754e-008	0.0109619
3.395254e-008	0.0159912
3.397754e-008	0.019751
3.400254e-008	0.0264649
3.402754e-008	0.0292236
3.405254e-008	0.0212647
3.407754e-008	0.0252197
3.410254e-008	0.0237549
3.412754e-008	0.016333
3.415254e-008	0.0278809
3.417754e-008	0.0306641
3.420254e-008	0.0224609
3.422754e-008	0.0260742
3.425254e-008	0.0268066
3.427754e-008	0.025708
3.430254e-008	0.018457
3.432754e-008	0.0151856
3.435254e-008	0.0287354
3.437754e-008	0.0307129
3.440254e-008	0.0338379
3.442754e-008	0.0337158
3.445254e-008	0.0202881
3.447754e-008	0.0231934
3.450254e-008	0.0206299
3.452754e-008	0.0190918
3.455254e-008	0.0317871
3.457754e-008	0.0221924
3.460254e-008	0.018335
3.462754e-008	0.0346436
3.465254e-008	0.0372315
3.467754e-008	0.0288574
3.470254e-008	0.0164063
3.472754e-008	0.0165772
3.475254e-008	0.0269531
3.477754e-008	0.015332
3.480254e-008	0.00827637
3.482754e-008	0.0197998
3.485254e-008	0.0188965
3.487754e-008	0.0130371
3.490254e-008	0.00739747
3.492754e-008	0.00905762
3.495254e-008	0.0251465
3.497754e-008	0.0310791
3.500254e-008	0.028418
3.502754e-008	0.0208252
3.505254e-008	0.0188965
3.507754e-008	0.0253174
3.510254e-008	0.0189941
3.512754e-008	0.0205322
3.515254e-008	0.0245361
3.517754e-008	0.0154053
3.520254e-008	0.0162842
3.522754e-008	0.0242676
3.525254e-008	0.0279053
3.527754e-008	0.0272705
3.530254e-008	0.0211426
3.532754e-008	0.016333
3.535254e-008	0.0231934
3.537754e-008	0.0322998
3.540254e-008	0.0324219
3.542754e-008	0.026001
3.545254e-008	0.0275391
3.547754e-008	0.0366455
3.550254e-008	0.0222656
3.552754e-008	0.0137207
3.555254e-008	0.0255127
3.557754e-008	0.0198731
3.560254e-008	0.0245361
3.562754e-008	0.033374
3.565254e-008	0.0270996
3.567754e-008	0.0344727
3.570254e-008	0.032251
3.572754e-008	0.0171631
3.575254e-008	0.0227051
3.577754e-008	0.0279785
3.580254e-008	0.0178955
3.582754e-008	0.0132813
3.585254e-008	0.0141846
3.587754e-008	0.0248047
3.590254e-008	0.0351074
3.592754e-008	0.025708
3.595254e-008	0.0227783
3.597754e-008	0.0271484
3.600254e-008	0.0281006
3.602754e-008	0.025708
3.605254e-008	0.0218994
3.607754e-008	0.0182617
3.610254e-008	0.00214844
3.612754e-008	0.0140625
3.615254e-008	0.0322266
3.617754e-008	0.0166748
3.620254e-008	0.0236328
3.622754e-008	0.0219482
3.625254e-008	0.0106445
3.627754e-008	0.0352539
3.630254e-008	0.0328369
3.632754e-008	0.0172119
3.635254e-008	0.0248047
3.637754e-008	0.0244385
3.640254e-008	0.0355713
3.642754e-008	0.0397949
3.645254e-008	0.0288818
3.647754e-008	0.0374024
3.650254e-008	0.025
3.652754e-008	0.019165
3.655254e-008	0.0354004
3.657754e-008	0.0128174
3.660254e-008	0.0101074
3.662754e-008	0.0324463
3.665254e-008	0.0248779
3.667754e-008	0.0207031
3.670254e-008	0.0228027
3.672754e-008	0.0200928
3.675254e-008	0.0244141
3.677754e-008	0.02854
3.680254e-008	0.0199463
3.682754e-008	0.0162109
3.685254e-008	0.0269531
3.687754e-008	0.024707
3.690254e-008	0.0113281
3.692754e-008	0.00666505
3.695254e-008	0.0142578
3.697754e-008	0.0241699
3.700254e-008	0.01604
3.702754e-008	0.0065918
3.705254e-008	0.0231201
3.707754e-008	0.0292481
3.710254e-008	0.015625
3.712754e-008	0.0150879
3.715254e-008	0.0169922
3.717754e-008	0.0209473
3.720254e-008	0.0214844
3.722754e-008	0.0177002
3.725254e-008	0.0339844
3.727754e-008	0.0442871
3.730254e-008	0.0254395
3.732754e-008	0.0121338
3.735254e-008	0.0266602
3.737754e-008	0.0334961
3.740254e-008	0.0289307
3.742754e-008	0.031543
3.745254e-008	0.0277832
3.747754e-008	0.0308106
3.750254e-008	0.0344483
3.752754e-008	0.0279053
3.755254e-008	0.020752
3.757754e-008	0.0167969
3.760254e-008	0.0271973
3.762754e-008	0.0245361
3.765254e-008	0.0168701
3.767754e-008	0.0251709
3.770254e-008	0.021167
3.772754e-008	0.017749
3.775254e-008	0.0179443
3.777754e-008	0.021582
3.780254e-008	0.0323486
3.782754e-008	0.0233154
3.785254e-008	0.0235596
3.787754e-008	0.0298584
3.790254e-008	0.0120606
3.792754e-008	0.0173584
3.795254e-008	0.0341797
3.797754e-008	0.0221436
3.800254e-008	0.0214111
3.802754e-008	0.0329102
3.805254e-008	0.024292
3.807754e-008	0.012207
3.810254e-008	0.00927735
3.812754e-008	0.0149414
3.815254e-008	0.0253662
3.817754e-008	0.0286865
3.820254e-008	0.0236816
3.822754e-008	0.0162354
3.825254e-008	0.020166
3.827754e-008	0.0253906
3.830254e-008	0.017041
3.832754e-008	0.0196777
3.835254e-008	0.0236816
3.837754e-008	0.0115479
3.840254e-008	0.0205566
3.842754e-008	0.0339111
3.845254e-008	0.0269043
3.847754e-008	0.0304199
3.850254e-008	0.022876
3.852754e-008	0.0157471
3.855254e-008	0.0314453
3.857754e-008	0.0285156
3.860254e-008	0.028125
3.862754e-008	0.0290772
3.865254e-008	0.0176758
3.867754e-008	0.0248535
3.870254e-008	0.0237549
3.872754e-008	0.0129639
3.875254e-008	0.0154297
3.877754e-008	0.0189209
3.880254e-008	0.0202881
3.882754e-008	0.0281494
3.885254e-008	0.0373047
3.887754e-008	0.0291992
3.890254e-008	0.023584
3.892754e-008	0.027002
3.895254e-008	0.0281006
3.897754e-008	0.0359131
3.900254e-008	0.0302002
3.902754e-008	0.0176025
3.905254e-008	0.0188965
3.907754e-008	0.0217529
3.910254e-008	0.0250488
3.912754e-008	0.0354736
3.915254e-008	0.0381348
3.917754e-008	0.0232178
3.920254e-008	0.0168213
3.922754e-008	0.0171143
3.925254e-008	0.0224609
3.927754e-008	0.0291504
3.930254e-008	0.012793
3.932754e-008	0.0199463
3.935254e-008	0.0313721
3.937754e-008	0.0108154
3.940254e-008	0.0205078
3.942754e-008	0.0310547
3.945254e-008	0.0233643
3.947754e-008	0.0300293
3.950254e-008	0.017627
3.952754e-008	0.00273438
3.955254e-008	0.0141357
3.957754e-008	0.0236084
3.960254e-008	0.016626
3.962754e-008	0.0101807
3.965254e-008	0.0151856
3.967754e-008	0.0250244
3.970254e-008	0.0327149
3.972754e-008	0.0260498
3.975254e-008	0.0192871
3.977754e-008	0.0226074
3.980254e-008	0.0258057
3.982754e-008	0.0243408
3.985254e-008	0.0162842
3.987754e-008	0.0260254
3.990254e-008	0.0309326
3.992754e-008	0.0200928
3.995254e-008	0.0304443
3.997754e-008	0.0264893
4.000254e-008	0.0164795
4.002754e-008	0.0262695
4.005254e-008	0.0272705
4.007754e-008	0.0257324
4.010254e-008	0.0149414
4.012754e-008	0.0155274
4.015254e-008	0.0330322
4.017754e-008	0.0243164
4.020254e-008	0.0199463
4.022754e-008	0.0228516
4.025254e-008	0.0166016
4.027754e-008	0.0315674
4.030254e-008	0.0408691
4.032754e-008	0.0282471
4.035254e-008	0.0206543
4.037754e-008	0.0198731
4.040254e-008	0.0196289
4.042754e-008	0.019458
4.045254e-008	0.0308838
4.047754e-008	0.041626
4.050254e-008	0.0335205
4.052754e-008	0.0224121
4.055254e-008	0.0215332
4.057754e-008	0.0321777
4.060254e-008	0.0365723
4.062754e-008	0.0297119
4.065254e-008	0.0290283
4.067754e-008	0.024707
4.070254e-008	0.018457
4.072754e-008	0.0186768
4.075254e-008	0.0179199
4.077754e-008	0.0296387
4.080254e-008	0.0372803
4.082754e-008	0.025293
4.085254e-008	0.0283203
4.087754e-008	0.0295166
4.090254e-008	0.0131348
4.092754e-008	0.0173096
4.095254e-008	0.0234131
4.097754e-008	0.0104981
4.100254e-008	0.0156006
4.102754e-008	0.027124
4.105254e-008	0.021167
4.107754e-008	0.0245606
4.110254e-008	0.0241455
4.112754e-008	0.0170899
4.115254e-008	0.0297608
4.117754e-008	0.0300293
4.120254e-008	0.0238281
4.122754e-008	0.0302734
4.125254e-008	0.025708
4.127754e-008	0.0276611
4.130254e-008	0.029541
4.132754e-008	0.0156006
4.135254e-008	0.0135254
4.137754e-008	0.0197754
4.140254e-008	0.0206055
4.142754e-008	0.0191406
4.145254e-008	0.0269287
4.147754e-008	0.0414795
4.150254e-008	0.0304199
4.152754e-008	0.0145508
4.155254e-008	0.020752
4.157754e-008	0.0181641
4.160254e-008	0.0177979
4.162754e-008	0.0243408
4.165254e-008	0.0154785
4.167754e-008	0.0177246
4.170254e-008	0.0237061
4.172754e-008	0.0212647
4.175254e-008	0.0350098
4.177754e-008	0.0331787
4.180254e-008	0.0148438
4.182754e-008	0.0237061
4.185254e-008	0.0389893
4.187754e-008	0.0479004
4.190254e-008	0.0415772
4.192754e-008	0.0186524
4.195254e-008	0.0200928
4.197754e-008	0.0264404
4.200254e-008	0.0189453
4.202754e-008	0.0236572
4.205254e-008	0.0295899
4.207754e-008	0.02229
4.210254e-008	0.0109619
4.212754e-008	0.00927735
4.215254e-008	0.0180664
4.217754e-008	0.0273193
4.220254e-008	0.0253174
4.222754e-008	0.0118164
4.225254e-008	0.0173096
4.227754e-008	0.0326904
4.230254e-008	0.0190918
4.232754e-008	0.0152832
4.235254e-008	0.0284912
4.237754e-008	0.0178711
4.240254e-008	0.0219482
4.242754e-008	0.0280762
4.245254e-008	0.0138672
4.247754e-008	0.023584
4.250254e-008	0.0271729
4.252754e-008	0.0167725
4.255254e-008	0.0187744
4.257754e-008	0.0143799
4.260254e-008	0.00722657
4.262754e-008	0.00847169
4.265254e-008	0.0287598
4.267754e-008	0.0429688
4.270254e-008	0.0152588
4.272754e-008	0.00319825
4.275254e-008	0.0268066
4.277754e-008	0.023999
4.280254e-008	0.0119629
4.282754e-008	0.0171387
4.285254e-008	0.0241455
4.287754e-008	0.0330078
4.290254e-008	0.0184326
4.292754e-008	0.00820313
4.295254e-008	0.0224609
4.297754e-008	0.0122315
4.300254e-008	0.0138428
4.302754e-008	0.0192871
4.305254e-008	0.00332032
4.307754e-008	0.0250244
4.310254e-008	0.0351563
4.312754e-008	0.0196045
4.315254e-008	0.0240723
4.317754e-008	0.0224365
4.320254e-008	0.0299072
4.322754e-008	0.0290039
4.325254e-008	0.015625
4.327754e-008	0.0213867
4.330254e-008	0.0132813
4.332754e-008	0.0156006
4.335254e-008	0.0289551
4.337754e-008	0.02771
4.340254e-008	0.0393311
4.342754e-008	0.0365479
4.345254e-008	0.0249024
4.347754e-008	0.0231445
4.350254e-008	0.0170654
4.352754e-008	0.0269775
4.355254e-008	0.0252197
4.357754e-008	0.0116211
4.360254e-008	0.0256836
4.362754e-008	0.0311768
4.365254e-008	0.0286621
4.367754e-008	0.0382813
4.370254e-008	0.0237305
4.372754e-008	0.00859376
4.375254e-008	0.0231445
4.377754e-008	0.0293457
4.380254e-008	0.0209961
4.382754e-008	0.0150391
4.385254e-008	0.0213135
4.387754e-008	0.0348877
4.390254e-008	0.029834
4.392754e-008	0.0216309
4.395254e-008	0.0147461
4.397754e-008	0.00720216
4.400254e-008	0.0180908
4.402754e-008	0.0229492
4.405254e-008	0.0268555
4.407754e-008	0.0378906
4.410254e-008	0.0296387
4.412754e-008	0.0239258
4.415254e-008	0.0239502
4.417754e-008	0.013208
4.420254e-008	0.0174805
4.422754e-008	0.0242432
4.425254e-008	0.0110596
4.427754e-008	0.0153809
4.430254e-008	0.0306152
4.432754e-008	0.0243164
4.435254e-008	0.0250733
4.437754e-008	0.0334473
4.440254e-008	0.0234863
4.442754e-008	0.0231201
4.445254e-008	0.0337158
4.447754e-008	0.0202637
4.450254e-008	0.0141357
4.452754e-008	0.0204346
4.455254e-008	0.0105225
4.457754e-008	0.0158936
4.460254e-008	0.0276856
4.462754e-008	0.0291504
4.465254e-008	0.0335205
4.467754e-008	0.0248535
4.470254e-008	0.0165527
4.472754e-008	0.0177979
4.475254e-008	0.0123779
4.477754e-008	0.0146484
4.480254e-008	0.0260254
4.482754e-008	0.019751
4.485254e-008	0.0136963
4.487754e-008	0.0272461
4.490254e-008	0.0227295
4.492754e-008	0.0113525
4.495254e-008	0.0214111
4.497754e-008	0.0232666
4.500254e-008	0.0230713
4.502754e-008	0.0326904
4.505254e-008	0.0276856
4.507754e-008	0.0235352
4.510254e-008	0.0365479
4.512754e-008	0.0314453
4.515254e-008	0.0186768
4.517754e-008	0.0293701
4.520254e-008	0.025415
4.522754e-008	0.011499
4.525254e-008	0.0234619
4.527754e-008	0.0310059
4.530254e-008	0.024292
4.532754e-008	0.0241943
4.535254e-008	0.0229004
4.537754e-008	0.0200684
4.540254e-008	0.0212158
4.542754e-008	0.0183838
4.545254e-008	0.0202637
4.547754e-008	0.0198486
4.550254e-008	0.00949708
4.552754e-008	0.0177002
4.555254e-008	0.0289795
4.557754e-008	0.0188477
4.560254e-008	0.0198975
4.562754e-008	0.0279785
4.565254e-008	0.0191895
4.567754e-008	0.0209961
4.570254e-008	0.0178223
4.572754e-008	0.00292969
4.575254e-008	0.0219727
4.577754e-008	0.0303955
4.580254e-008	0.0114014
4.582754e-008	0.0156738
4.585254e-008	0.0278076
4.587754e-008	0.0260986
4.590254e-008	0.0119873
4.592754e-008	0.00878907
4.595254e-008	0.0212647
4.597754e-008	0.0242432
4.600254e-008	0.0211426
4.602754e-008	0.0103516
4.605254e-008	0.0122315
4.607754e-008	0.0286865
4.610254e-008	0.0228027
4.612754e-008	0.0164795
4.615254e-008	0.0215088
4.617754e-008	0.0249756
4.620254e-008	0.0329102
4.622754e-008	0.0262695
4.625254e-008	0.0190186
4.627754e-008	0.0304199
4.630254e-008	0.0256836
4.632754e-008	0.01604
4.635254e-008	0.0221924
4.637754e-008	0.0178467
4.640254e-008	0.012915
4.642754e-008	0.0240723
4.645254e-008	0.0360352
4.647754e-008	0.0341065
4.650254e-008	0.0228516
4.652754e-008	0.0199951
4.655254e-008	0.0206543
4.657754e-008	0.0236816
4.660254e-008	0.0322998
4.662754e-008	0.0270264
4.665254e-008	0.022583
4.667754e-008	0.0304932
4.670254e-008	0.0227783
4.672754e-008	0.0130615
4.675254e-008	0.0166504
4.677754e-008	0.0158447
4.680254e-008	0.0188477
4.682754e-008	0.0229248
4.685254e-008	0.0216309
4.687754e-008	0.0224854
4.690254e-008	0.0152832
4.692754e-008	0.0153565
4.695254e-008	0.0281006
4.697754e-008	0.0296143
4.700254e-008	0.0208252
4.702754e-008	0.0119385
4.705254e-008	0.0142578
4.707754e-008	0.0222412
4.710254e-008	0.0220459
4.712754e-008	0.0224365
4.715254e-008	0.0223145
4.717754e-008	0.016626
4.720254e-008	0.0226074
4.722754e-008	0.0326172
4.725254e-008	0.0325928
4.727754e-008	0.0330566
4.730254e-008	0.0188232
4.732754e-008	0.00947266
4.735254e-008	0.0224854
4.737754e-008	0.0170166
4.740254e-008	0.0102783
4.742754e-008	0.0083252
4.745254e-008	0.0106445
4.747754e-008	0.0355713
4.750254e-008	0.0292725
4.752754e-008	0.0125244
4.755254e-008	0.0217285
4.757754e-008	0.0223877
4.760254e-008	0.0309082
4.762754e-008	0.0251953
4.765254e-008	0.0126709
4.767754e-008	0.0272217
4.770254e-008	0.0130127
4.772754e-008	0.00273438
4.775254e-008	0.0355225
4.777754e-008	0.0473389
4.780254e-008	0.0159424
4.782754e-008	-0.00236816
4.785254e-008	0.0240479
4.787754e-008	0.0244873
4.790254e-008	0.00512696
4.792754e-008	0.0267578
4.795254e-008	0.0385986
4.797754e-008	0.0231201
4.800254e-008	0.0184326
4.802754e-008	0.0248291
4.805254e-008	0.0155762
4.807754e-008	0.000952156
4.810254e-008	0.0169922
4.812754e-008	0.0285889
4.815254e-008	0.0204834
4.817754e-008	0.0193604
4.820254e-008	0.0178467
4.822754e-008	0.0199463
4.825254e-008	0.024707
4.827754e-008	0.0265137
4.830254e-008	0.0262207
4.832754e-008	0.0270508
4.835254e-008	0.0330322
4.837754e-008	0.0256836
4.840254e-008	0.0161377
4.842754e-008	0.0166992
4.845254e-008	0.0186279
4.847754e-008	0.0267822
4.850254e-008	0.0246826
4.852754e-008	0.0142578
4.855254e-008	0.0182373
4.857754e-008	0.0272949
4.860254e-008	0.0248779
4.862754e-008	0.0177246
4.865254e-008	0.0220215
4.867754e-008	0.0202637
4.870254e-008	0.010376
4.872754e-008	0.0140381
4.875254e-008	0.0135254
4.877754e-008	0.0178467
4.880254e-008	0.0296631
4.882754e-008	0.0192871
4.885254e-008	0.0213623
4.887754e-008	0.038501
4.890254e-008	0.0340332
4.892754e-008	0.0285889
4.895254e-008	0.0283691
4.897754e-008	0.0222412
4.900254e-008	0.0164307
4.902754e-008	0.0158447
4.905254e-008	0.0185303
4.907754e-008	0.0130615
4.910254e-008	0.00319825
4.912754e-008	0.00969239
4.915254e-008	0.0186524
4.917754e-008	0.0172852
4.920254e-008	0.0262207
4.922754e-008	0.0271484
4.925254e-008	0.0217285
4.927754e-008	0.0260498
4.930254e-008	0.0130127
4.932754e-008	0.0142578
4.935254e-008	0.0309082
4.937754e-008	0.0200928
4.940254e-008	0.0139649
4.942754e-008	0.0223389
4.945254e-008	0.0261475
4.947754e-008	0.0251709
4.950254e-008	0.020752
4.952754e-008	0.0197754
4.955254e-008	0.0200684
4.957754e-008	0.0213379
4.960254e-008	0.0269775
4.962754e-008	0.0281494
4.965254e-008	0.0193115
4.967754e-008	0.01521
4.970254e-008	0.015625
4.972754e-008	0.0210693
4.975254e-008	0.0370117
4.977754e-008	0.0321045
4.980254e-008	0.01875
4.982754e-008	0.0254395
4.985254e-008	0.0271729
4.987754e-008	0.0222656
4.990254e-008	0.0237793
4.992754e-008	0.0231934
4.995254e-008	0.0195068
4.997754e-008	0.0202637
5.000254e-008	0.0229248
